6_Funeral_Funeral_6_177
3446
553 213 29 61 0.99228925 
784 155 33 43 0.98411244 
901 190 26 35 0.9831503 
879 155 23 35 0.97473335 
632 185 27 40 0.9648968 
265 179 19 45 0.9539541 
688 172 23 36 0.94537026 
924 152 26 36 0.9453302 
416 179 14 25 0.9171822 
451 257 22 39 0.91592246 
972 161 21 27 0.8766287 
536 189 16 29 0.8614826 
224 231 26 39 0.8401617 
450 183 8 17 0.79343736 
514 185 12 22 0.73887974 
522 190 13 23 0.64920485 
492 260 22 33 0.5946036 
410 201 13 29 0.53948885 
836 187 20 31 0.48898295 
839 238 19 30 0.42511308 
130 1 14 25 0.38720042 
548 172 12 18 0.3660738 
361 158 9 15 0.36427876 
499 181 14 21 0.35532027 
436 168 9 17 0.3410738 
382 185 11 20 0.3376108 
1004 191 24 35 0.31311706 
592 181 10 17 0.30030477 
438 230 15 25 0.2972446 
502 172 12 15 0.29463518 
412 256 27 41 0.293998 
242 203 16 25 0.2918561 
509 170 11 17 0.2913513 
439 164 8 13 0.2852494 
504 161 9 14 0.2838057 
361 189 7 13 0.2817055 
6 269 20 27 0.27988783 
375 159 8 15 0.27407032 
360 194 10 17 0.2720421 
741 158 11 17 0.26914394 
316 192 16 29 0.26892656 
163 194 18 20 0.26858243 
393 203 15 29 0.2629602 
483 202 16 26 0.2266294 
546 182 14 23 0.22220661 
471 174 12 16 0.2189926 
487 399 13 25 0.2145843 
10 227 16 32 0.21306457 
706 177 22 34 0.20843853 
509 161 10 16 0.2031199 
13 199 9 19 0.20174302 
937 159 23 32 0.19730821 
213 319 15 25 0.19408454 
505 151 7 11 0.18609546 
541 173 10 17 0.1854098 
372 194 10 17 0.18391618 
830 141 15 25 0.17849167 
376 188 8 16 0.1781565 
1008 160 16 21 0.17800629 
102 143 12 21 0.17651013 
536 260 21 31 0.17640403 
442 217 15 29 0.17542216 
277 192 18 42 0.17515185 
858 183 11 18 0.17315364 
78 344 7 10 0.16959845 
332 194 10 19 0.16949597 
363 174 7 11 0.16576515 
265 174 74 77 0.16566312 
333 186 9 16 0.16423914 
600 182 11 19 0.1627458 
331 206 11 23 0.1619185 
350 197 8 15 0.16094282 
867 316 12 33 0.15996397 
580 176 7 12 0.15792292 
149 0 16 32 0.15783179 
305 222 38 71 0.15746525 
752 218 16 25 0.15678282 
448 192 10 18 0.15641423 
497 334 15 23 0.15411934 
450 178 7 12 0.15387282 
352 188 7 12 0.15375292 
448 80 8 15 0.15157759 
778 540 13 23 0.150475 
616 173 11 18 0.14663267 
375 173 7 12 0.14655998 
305 53 12 19 0.14374694 
240 246 19 35 0.14350533 
525 293 15 23 0.14300475 
240 217 19 35 0.14185642 
489 183 13 18 0.14178708 
180 1 13 32 0.14165902 
374 151 8 15 0.14052746 
350 150 8 13 0.13970953 
827 266 17 29 0.13946112 
603 175 10 16 0.13668755 
744 154 8 11 0.13664737 
740 170 11 22 0.13654105 
306 303 47 56 0.13558872 
440 131 8 16 0.13369468 
477 199 11 17 0.1335436 
174 195 14 18 0.13350323 
103 185 10 21 0.13233928 
735 152 8 10 0.1321156 
317 214 16 29 0.13087352 
168 330 14 27 0.13005543 
334 107 9 15 0.1297011 
133 357 6 8 0.12897946 
139 269 14 30 0.12853858 
735 158 10 16 0.12748216 
251 99 18 34 0.12722565 
791 240 17 26 0.12650783 
89 144 13 20 0.12606493 
6 200 8 16 0.12395489 
466 175 11 16 0.12366221 
288 546 6 9 0.123194546 
568 134 8 18 0.12256134 
450 76 6 11 0.12223533 
283 77 10 24 0.12178641 
300 55 9 14 0.12152015 
527 217 13 21 0.120591246 
445 207 12 23 0.12022242 
219 174 63 90 0.120058596 
260 43 8 17 0.11877308 
854 193 14 22 0.118475705 
352 158 7 12 0.11758883 
307 200 19 28 0.11749406 
321 185 12 20 0.1169644 
565 174 9 15 0.11683844 
337 148 8 13 0.11629769 
107 108 9 16 0.11570355 
258 202 12 26 0.115259185 
880 238 17 35 0.11513433 
229 415 13 23 0.114011146 
425 164 8 12 0.11395062 
1005 90 17 28 0.11323338 
106 422 5 8 0.11302489 
941 144 19 25 0.11271283 
711 256 15 31 0.112616725 
322 146 10 16 0.11253779 
335 172 9 16 0.11236232 
784 133 12 17 0.111496426 
869 180 12 20 0.111333266 
208 184 7 15 0.1112719 
320 159 11 18 0.11065952 
71 342 7 12 0.11021085 
566 144 8 16 0.1101319 
279 309 15 23 0.10981806 
93 354 7 9 0.10946662 
239 99 20 31 0.10937826 
511 149 8 15 0.109156445 
348 208 10 19 0.109048545 
338 431 6 10 0.10884309 
758 183 13 21 0.10883576 
523 201 16 28 0.10800442 
599 194 13 22 0.10767498 
359 204 11 21 0.10725489 
772 377 9 15 0.1065057 
763 189 17 26 0.10613687 
577 183 10 16 0.10602471 
840 171 14 23 0.10486216 
323 544 6 10 0.10458315 
270 41 8 17 0.10415322 
471 265 20 32 0.103841946 
146 406 6 8 0.10345563 
128 117 9 20 0.10334228 
308 49 8 12 0.1027855 
351 177 6 10 0.102495365 
763 513 15 25 0.10201781 
336 137 9 14 0.101868674 
96 420 5 8 0.101757295 
927 104 22 27 0.1016247 
438 183 9 17 0.10132441 
336 160 8 13 0.10119103 
322 171 11 18 0.10070563 
437 206 12 25 0.10062445 
347 136 10 15 0.10057818 
241 184 14 20 0.10023134 
132 366 7 9 0.1000511 
137 4 17 33 0.099251404 
261 32 7 16 0.09919582 
157 407 6 9 0.09911446 
109 356 6 8 0.09909963 
6 102 18 32 0.09891413 
381 158 10 18 0.09870069 
489 173 10 13 0.09859835 
491 149 8 11 0.09840887 
999 92 13 24 0.098277226 
147 160 69 99 0.097913004 
489 163 8 12 0.09786167 
552 162 8 13 0.0977911 
272 33 7 15 0.09764635 
857 44 10 20 0.0976203 
19 268 19 28 0.097609214 
115 110 9 14 0.09700319 
348 429 7 10 0.096797146 
105 136 10 16 0.09679125 
683 162 10 16 0.09517097 
490 137 7 11 0.095030315 
506 337 14 20 0.09455075 
244 153 61 83 0.094488345 
308 158 12 21 0.094297305 
135 407 4 7 0.09429718 
249 266 16 27 0.094257 
129 177 10 25 0.09421684 
314 546 5 9 0.094059534 
416 161 6 11 0.09385096 
325 430 6 10 0.093533695 
207 174 7 14 0.093482085 
588 194 14 22 0.093384095 
999 160 13 18 0.09257548 
309 148 12 17 0.092497475 
372 206 10 20 0.09247163 
230 334 12 23 0.0921952 
616 96 9 14 0.091531694 
347 108 9 15 0.09149241 
494 230 15 25 0.091433346 
575 134 8 19 0.0910541 
401 96 6 13 0.09102795 
1001 246 13 24 0.09096593 
417 202 14 29 0.0909268 
564 184 10 16 0.090921976 
446 131 10 18 0.09090965 
314 432 5 9 0.09072892 
578 110 9 15 0.09057381 
0 316 76 104 0.09051099 
82 421 5 8 0.09010869 
80 351 7 11 0.089989305 
274 548 6 9 0.08989824 
106 428 6 10 0.08987199 
464 183 9 14 0.0895954 
120 357 5 8 0.089565866 
215 332 14 24 0.08951122 
388 97 7 14 0.08942214 
439 107 8 16 0.08929983 
27 199 9 19 0.08928306 
298 264 82 81 0.08919688 
117 121 8 16 0.08840824 
254 218 14 29 0.08839723 
138 -2 14 18 0.08831695 
942 132 19 22 0.08829192 
525 122 8 15 0.08812933 
12 194 87 92 0.08780189 
194 218 72 91 0.086691946 
406 228 15 26 0.086473465 
117 131 9 19 0.08632602 
234 186 11 14 0.08614432 
80 84 7 17 0.08613798 
639 68 14 19 0.085925706 
146 398 5 7 0.085742205 
299 545 5 9 0.085480504 
128 191 12 27 0.08505922 
676 203 17 29 0.08378999 
731 139 9 10 0.08356787 
258 53 11 21 0.083564416 
380 381 17 29 0.08355462 
290 540 5 8 0.08342502 
440 125 7 13 0.08301166 
298 540 5 8 0.08296546 
777 376 12 21 0.08233361 
495 203 15 27 0.082198314 
266 240 16 29 0.08192688 
755 159 11 15 0.08188055 
448 162 7 13 0.08187793 
349 221 10 19 0.081868395 
56 498 6 8 0.081726536 
684 170 13 23 0.0816879 
122 409 4 6 0.08160713 
650 108 16 19 0.08146676 
839 141 15 26 0.08106399 
363 98 6 13 0.0810347 
121 654 5 7 0.080812246 
81 145 12 18 0.07991107 
359 136 12 17 0.07974641 
198 521 5 9 0.07974432 
571 85 5 10 0.0797201 
681 151 8 10 0.0795784 
448 95 8 17 0.07950833 
80 430 6 10 0.07950379 
547 295 13 20 0.07927037 
83 222 23 48 0.07925217 
869 238 18 34 0.079252 
139 258 12 22 0.07917833 
480 136 6 12 0.07878003 
8 126 18 32 0.07852524 
336 101 7 13 0.07832264 
925 37 9 27 0.0781867 
16 69 7 19 0.07812194 
135 59 79 117 0.07806293 
618 163 9 12 0.07797957 
970 102 16 22 0.077907644 
1011 440 15 25 0.07780604 
120 366 6 9 0.07780531 
95 411 5 7 0.07768005 
605 163 8 11 0.077673115 
606 97 8 12 0.07752596 
620 87 7 10 0.07752246 
588 108 10 17 0.07749795 
579 86 6 9 0.07742009 
871 44 9 18 0.0773987 
433 249 26 47 0.07736935 
599 205 14 27 0.07724585 
730 181 13 21 0.07701396 
402 86 5 14 0.07692839 
471 407 15 31 0.07686546 
465 197 8 15 0.07675703 
383 285 13 24 0.07672045 
157 394 6 10 0.07651237 
136 400 5 6 0.07650169 
170 533 6 9 0.07640354 
243 17 8 21 0.076301046 
821 53 11 22 0.07628747 
286 610 6 10 0.076215126 
449 123 7 14 0.07621378 
205 197 9 16 0.07614462 
158 416 6 10 0.07611769 
44 152 20 34 0.0757132 
739 194 13 21 0.07569911 
441 97 8 15 0.075291395 
95 429 7 10 0.07527162 
626 161 11 15 0.07504789 
604 89 7 9 0.07503765 
542 163 8 12 0.074839436 
186 522 5 8 0.07474482 
248 44 8 15 0.074606284 
174 342 14 29 0.07455882 
534 295 14 21 0.074553244 
916 175 19 29 0.07446213 
142 356 6 9 0.07441955 
438 195 9 17 0.07414119 
376 97 7 14 0.07405167 
872 134 13 19 0.07391795 
986 95 14 21 0.07385361 
630 72 11 15 0.07384161 
909 143 14 23 0.07362905 
270 309 15 22 0.073512435 
656 149 9 10 0.073463656 
445 82 5 13 0.07337692 
639 108 16 21 0.07326746 
504 265 19 30 0.07300602 
359 109 9 15 0.07300101 
125 127 12 28 0.072950706 
693 318 10 23 0.07268655 
152 176 38 48 0.072622806 
613 408 11 22 0.072401576 
871 163 18 29 0.072310016 
664 180 15 25 0.07224355 
762 219 22 27 0.07208265 
300 433 5 9 0.07194835 
385 174 8 14 0.07187954 
531 416 8 15 0.07163178 
324 424 6 8 0.071387395 
566 162 7 12 0.07134999 
821 134 14 17 0.07113981 
670 150 8 10 0.07109304 
527 173 10 15 0.07105312 
17 56 6 19 0.07097864 
441 150 6 12 0.07097016 
93 347 6 7 0.07092902 
79 94 9 18 0.070923336 
172 524 5 7 0.07082579 
596 88 6 9 0.07080931 
852 238 17 30 0.0707896 
363 87 6 13 0.070745565 
449 108 7 16 0.07066658 
121 420 5 8 0.07064592 
363 454 9 14 0.07055885 
146 418 6 9 0.07043065 
781 535 9 12 0.07041956 
267 55 10 20 0.07033344 
666 160 12 16 0.07022381 
376 87 5 13 0.07019198 
270 254 13 22 0.07016329 
12 94 11 25 0.07007778 
289 431 5 10 0.0700669 
890 240 15 32 0.070025094 
35 133 92 110 0.06992143 
349 57 7 16 0.069765754 
247 31 7 17 0.06954421 
733 170 10 21 0.06938344 
17 315 10 16 0.06927431 
719 149 10 13 0.069179244 
666 171 13 20 0.06906558 
362 58 6 13 0.06904311 
445 247 16 27 0.06901758 
163 7 14 31 0.068812035 
542 84 6 11 0.068783626 
274 611 6 10 0.06868893 
266 298 14 21 0.068681315 
315 540 5 8 0.06867235 
155 380 8 12 0.068660066 
109 410 5 6 0.06865574 
109 366 5 9 0.068584785 
817 190 17 31 0.06855083 
347 124 9 15 0.06851776 
263 545 5 10 0.06836345 
356 218 11 22 0.068287805 
384 107 8 16 0.06825958 
531 83 5 11 0.06822312 
96 483 6 8 0.06799253 
830 52 14 25 0.06791022 
324 138 8 13 0.067888886 
274 417 6 10 0.06767977 
913 285 8 15 0.06759966 
667 109 11 13 0.06742537 
960 164 19 26 0.06737272 
600 219 13 27 0.06735378 
576 119 9 17 0.067338526 
612 249 12 25 0.0672582 
71 432 6 8 0.06723103 
390 86 6 14 0.067216404 
727 192 14 25 0.06717134 
908 52 11 24 0.067068286 
654 161 12 14 0.067003295 
628 84 9 13 0.06698746 
562 487 13 27 0.06698735 
364 461 18 29 0.066948354 
822 45 9 14 0.06687133 
286 47 7 13 0.066681154 
486 215 16 26 0.0665395 
184 533 5 9 0.06646976 
943 119 17 22 0.06645171 
471 295 16 26 0.066418916 
229 346 14 25 0.06629007 
57 506 6 9 0.06627456 
134 420 5 8 0.06626803 
24 217 14 34 0.066199094 
170 469 6 11 0.06611867 
879 133 16 21 0.06606831 
265 115 12 24 0.06594988 
323 539 6 9 0.0657826 
756 169 13 22 0.06574712 
789 133 16 19 0.06563691 
139 247 11 21 0.06545365 
335 121 9 15 0.065442845 
223 237 85 102 0.06542655 
482 278 19 27 0.06539545 
253 282 15 24 0.06527716 
773 531 9 14 0.06515972 
776 231 23 27 0.0651066 
281 256 12 22 0.06507885 
149 270 12 26 0.06506136 
832 170 15 22 0.06504923 
935 39 8 25 0.06493246 
128 49 12 32 0.064918086 
706 149 11 13 0.06489642 
265 285 15 22 0.06486458 
957 189 15 29 0.06485731 
415 155 6 10 0.06473007 
69 84 7 16 0.06468513 
122 399 4 7 0.06463702 
477 165 9 12 0.06457804 
161 534 5 8 0.06456165 
41 82 7 17 0.064473696 
71 485 5 7 0.064449556 
942 106 16 22 0.06440277 
564 474 12 26 0.064327635 
227 267 19 29 0.064246945 
233 17 9 20 0.06422464 
215 300 15 24 0.06419984 
108 548 5 8 0.06398545 
911 41 8 23 0.06393954 
175 204 14 21 0.06382842 
349 99 7 14 0.06378701 
251 543 6 14 0.06377638 
16 82 7 21 0.06366082 
228 383 16 27 0.06360491 
28 81 8 18 0.06331469 
936 273 10 18 0.06326284 
234 195 13 19 0.063245095 
108 121 9 16 0.0632416 
120 432 5 8 0.063217305 
29 69 8 19 0.06315743 
289 202 18 31 0.06306813 
539 440 7 17 0.06299456 
364 430 7 11 0.06280568 
114 144 10 19 0.0627659 
958 66 13 22 0.062754415 
349 423 6 9 0.06265633 
16 189 8 14 0.062581606 
1011 116 14 25 0.06254673 
366 451 13 22 0.06253959 
121 661 6 9 0.06239782 
79 153 12 21 0.062358707 
691 150 11 13 0.062261347 
844 -4 12 11 0.06225585 
161 525 4 7 0.062141955 
110 655 5 7 0.06209765 
279 167 14 33 0.062073696 
630 95 9 13 0.06186436 
596 165 6 10 0.06174295 
378 57 5 14 0.061690867 
37 205 14 31 0.06169077 
956 144 15 23 0.061674032 
699 628 335 268 0.061630975 
40 69 8 19 0.061531987 
1014 388 9 22 0.061521456 
463 222 9 19 0.061387323 
337 440 6 11 0.06135449 
360 123 10 17 0.061281856 
175 325 12 23 0.061260026 
2 96 9 23 0.061090197 
196 196 8 16 0.061068177 
328 109 7 13 0.06098355 
274 538 5 9 0.06097162 
198 533 5 9 0.060906768 
613 105 11 17 0.06073911 
122 483 5 9 0.060605045 
528 111 6 12 0.060538396 
272 68 11 23 0.0605276 
121 348 5 7 0.06049545 
173 514 4 6 0.060227558 
721 139 8 10 0.060202934 
906 62 14 30 0.06006228 
804 247 11 20 0.06005743 
822 263 13 20 0.060005724 
631 153 7 9 0.059768904 
556 85 6 10 0.059748467 
322 226 85 89 0.059713118 
219 47 8 15 0.05963892 
334 16 7 15 0.059380304 
523 355 14 29 0.05918086 
872 62 9 27 0.059172932 
345 231 13 24 0.059040453 
390 71 5 14 0.058926523 
529 100 6 12 0.05880415 
644 149 9 11 0.05879997 
234 -5 8 13 0.05875983 
287 421 6 9 0.058735892 
29 57 8 18 0.05864456 
144 368 7 9 0.058635216 
512 199 15 28 0.05862565 
321 58 9 16 0.058534518 
90 170 9 17 0.058524027 
480 148 7 12 0.058512267 
217 54 10 17 0.05849929 
464 133 9 17 0.058474712 
364 421 7 11 0.058451407 
307 183 16 24 0.058330763 
350 48 6 12 0.058312263 
1013 131 12 20 0.058290944 
541 455 8 17 0.0582187 
203 207 13 21 0.05812908 
2 55 7 21 0.05809954 
675 251 21 41 0.05803236 
233 92 13 26 0.05802003 
117 181 11 24 0.057996817 
758 397 11 23 0.057967305 
261 20 6 14 0.05794885 
328 228 18 33 0.057931907 
420 248 17 26 0.05792152 
82 495 6 9 0.057896744 
742 209 14 22 0.0578933 
537 430 8 15 0.057878684 
55 97 7 14 0.057806995 
70 349 8 13 0.05780265 
769 147 13 18 0.057770155 
734 402 7 14 0.057758205 
771 55 9 21 0.057755172 
95 106 10 20 0.05774796 
375 109 8 15 0.057681534 
273 410 6 8 0.057620395 
198 513 5 8 0.05761992 
104 15 10 21 0.057600293 
230 78 14 29 0.05753329 
55 84 7 16 0.057500996 
511 347 13 20 0.05746742 
396 229 16 26 0.057407476 
132 654 6 7 0.057379976 
620 75 7 11 0.05736684 
30 186 8 15 0.05736494 
221 188 8 12 0.05733751 
80 70 7 18 0.057320017 
68 97 7 15 0.057235096 
338 58 7 14 0.057202715 
95 613 4 7 0.057142567 
194 292 92 104 0.057106618 
241 386 12 20 0.057076406 
680 107 9 13 0.05704157 
641 96 11 14 0.057037633 
833 44 13 18 0.057013392 
189 61 15 36 0.056985356 
371 418 8 14 0.056884527 
56 435 5 8 0.056742474 
218 346 12 20 0.056724478 
94 365 6 10 0.056652974 
490 128 6 10 0.05661657 
36 159 18 31 0.05656891 
1004 389 7 19 0.05651352 
133 348 6 8 0.0565062 
640 82 11 15 0.05650206 
41 58 8 18 0.05649128 
273 555 6 12 0.056463674 
593 99 7 11 0.056321543 
519 111 6 12 0.05630795 
109 348 5 7 0.05629643 
692 330 10 27 0.05626301 
283 34 7 13 0.05625041 
27 288 92 111 0.05622472 
210 311 13 20 0.056214053 
284 298 101 103 0.056171957 
40 198 10 20 0.056085974 
757 151 10 13 0.05606806 
526 133 7 14 0.0560423 
570 77 5 12 0.055999517 
847 43 15 21 0.055914268 
315 424 5 8 0.05586397 
186 513 4 8 0.055831548 
982 418 4 12 0.0557678 
857 142 15 25 0.05575515 
555 151 8 13 0.055530038 
370 135 10 18 0.055523816 
554 98 6 12 0.055517837 
961 56 11 21 0.05546371 
196 483 5 11 0.055425595 
82 486 5 7 0.05541015 
69 497 6 8 0.055367533 
70 475 5 7 0.055362877 
406 207 70 91 0.055311467 
579 100 7 11 0.055295035 
79 169 10 18 0.055260494 
570 124 7 13 0.05520951 
400 109 7 14 0.055147532 
336 46 7 13 0.055125624 
5 207 10 20 0.055104848 
391 252 77 84 0.054907676 
257 297 14 20 0.054847296 
270 272 11 18 0.05482315 
976 323 7 21 0.05476284 
370 443 9 16 0.054745678 
363 47 5 12 0.05473597 
203 129 12 27 0.054704074 
890 172 29 39 0.05463136 
260 417 7 11 0.05462774 
532 428 8 16 0.05459513 
772 384 11 20 0.054558113 
257 444 8 12 0.05453737 
652 58 11 17 0.05453108 
121 610 5 8 0.054476094 
22 312 12 20 0.05446011 
334 33 7 14 0.054425642 
893 145 16 23 0.054398417 
288 76 16 26 0.05439007 
485 331 21 29 0.054379907 
446 76 4 11 0.05437342 
532 77 4 12 0.05429612 
649 67 12 19 0.05424228 
924 14 9 25 0.054233976 
285 555 6 11 0.054204836 
108 662 5 9 0.054190516 
15 41 7 20 0.054013114 
819 62 13 28 0.053951506 
603 251 14 30 0.05391296 
871 143 16 24 0.05389011 
374 285 12 23 0.053848967 
153 183 20 24 0.053827655 
377 45 6 14 0.05382721 
519 76 5 13 0.05381391 
503 141 6 10 0.05372796 
519 83 6 12 0.053690456 
148 473 5 8 0.05366384 
247 416 8 15 0.05363389 
541 98 7 12 0.053608947 
980 149 17 21 0.053595506 
923 311 8 20 0.053580377 
182 24 10 25 0.05356516 
381 270 14 24 0.05353099 
630 313 7 18 0.053457763 
280 270 13 23 0.053457398 
388 213 14 26 0.053432237 
4 598 5 10 0.05342262 
519 123 7 13 0.053395003 
45 442 6 10 0.05338381 
72 423 5 7 0.053329356 
787 128 8 13 0.053269345 
433 362 13 21 0.05326612 
300 423 5 8 0.053219564 
383 150 9 17 0.053207748 
259 309 12 19 0.05320652 
106 482 6 8 0.05313503 
324 47 6 12 0.05312934 
228 310 12 23 0.05309941 
47 230 18 40 0.05307772 
41 96 8 15 0.053026553 
312 140 8 11 0.052949514 
707 356 11 28 0.05293819 
620 155 6 8 0.052919988 
505 83 6 13 0.05289995 
230 28 9 18 0.052869163 
108 241 16 29 0.052850164 
263 539 5 9 0.052847594 
267 130 11 23 0.052808143 
606 154 6 9 0.052801117 
256 123 14 32 0.05274571 
83 547 6 7 0.05270137 
230 67 12 23 0.052686118 
432 292 18 30 0.052664068 
172 460 5 8 0.052588083 
-4 490 209 238 0.052520156 
842 221 16 30 0.05251716 
478 84 6 12 0.05251114 
0 238 83 109 0.05238209 
370 427 10 17 0.05238152 
912 26 8 25 0.05233101 
362 165 82 96 0.052296612 
654 330 9 29 0.05229312 
95 654 4 8 0.05221469 
80 333 7 10 0.052205645 
304 62 15 23 0.05218985 
494 408 14 25 0.052151967 
378 71 5 13 0.052040238 
708 140 8 10 0.052016553 
322 66 10 19 0.051975783 
147 383 6 9 0.051943053 
373 297 14 24 0.051914304 
579 166 7 10 0.051856413 
12 209 30 60 0.051817283 
506 74 5 14 0.05176925 
507 320 15 24 0.05175509 
1013 293 12 31 0.051662657 
146 345 6 10 0.051615957 
781 55 10 21 0.051577732 
578 551 9 27 0.051551733 
168 373 10 17 0.051476672 
94 98 8 14 0.051465373 
258 506 7 12 0.051458277 
923 94 14 22 0.051445298 
326 17 6 14 0.05143284 
414 98 6 11 0.051429212 
304 201 32 51 0.051422447 
403 160 7 14 0.05140148 
421 360 17 24 0.05133857 
209 535 5 9 0.051327977 
176 88 15 30 0.051310625 
642 60 11 16 0.051207777 
285 20 6 13 0.05118623 
1 111 15 29 0.051111035 
782 65 10 24 0.051104575 
950 68 11 19 0.05099431 
542 466 6 14 0.050934065 
169 416 6 12 0.05090426 
96 546 6 8 0.05086756 
717 159 13 19 0.050863437 
365 447 6 11 0.050799962 
553 109 7 12 0.05079191 
396 243 16 27 0.050788146 
605 105 9 18 0.05076259 
136 55 17 44 0.05075947 
76 89 81 107 0.0507448 
52 213 33 67 0.05071177 
206 162 7 16 0.05058816 
529 163 8 13 0.050547022 
373 19 8 12 0.050377466 
492 84 5 12 0.050365742 
148 480 6 10 0.050360292 
97 281 17 31 0.0503566 
46 434 5 9 0.050352674 
176 359 13 25 0.050336182 
245 -7 9 15 0.050325423 
-33 592 275 301 0.05027276 
684 360 6 23 0.050265525 
547 305 14 23 0.050263237 
130 160 10 21 0.050227147 
282 157 11 23 0.050225623 
122 169 8 19 0.050144125 
340 424 5 8 0.05010811 
351 444 5 9 0.050045174 
423 217 12 25 0.050040632 
422 231 14 22 0.04997882 
326 557 6 10 0.049911253 
294 69 12 18 0.049900733 
58 488 5 7 0.049898762 
363 69 6 15 0.04985547 
707 60 6 15 0.049826767 
375 270 11 21 0.04981038 
519 100 6 13 0.04980503 
478 75 5 11 0.049787063 
680 191 15 26 0.04978423 
110 536 5 8 0.049672585 
235 5 8 17 0.04964317 
228 397 13 22 0.049600575 
363 19 7 11 0.049579393 
955 131 18 24 0.04955034 
497 308 14 25 0.049545765 
463 109 8 14 0.0494933 
580 581 6 21 0.049446948 
1016 401 7 19 0.04944396 
460 232 13 23 0.049419064 
209 522 4 10 0.04935332 
692 108 10 13 0.04934981 
258 -5 8 13 0.049307294 
950 41 8 22 0.04928973 
44 561 5 8 0.049266823 
159 472 5 8 0.04922911 
701 318 10 27 0.049226668 
476 99 8 13 0.04921069 
69 70 6 18 0.049190827 
350 86 7 13 0.049178094 
732 68 7 18 0.049172573 
921 115 17 24 0.04914788 
296 148 11 15 0.04913763 
288 56 7 13 0.04913568 
106 102 7 13 0.049040046 
389 59 5 14 0.049030066 
246 56 10 18 0.048997227 
923 50 9 25 0.048954375 
99 601 4 7 0.048804697 
465 163 9 14 0.048787937 
41 40 9 22 0.048758164 
205 119 11 22 0.048734426 
866 215 18 30 0.04863739 
153 -3 11 18 0.048540052 
871 528 10 18 0.04853199 
85 412 4 7 0.04851175 
197 498 5 9 0.048418477 
96 641 4 8 0.048380483 
866 192 14 23 0.048380096 
250 538 6 11 0.048368905 
720 68 7 18 0.048345506 
187 253 18 33 0.048341867 
629 403 9 18 0.04831353 
1000 87 11 15 0.04830444 
492 73 5 14 0.048197184 
190 26 10 24 0.04819573 
122 473 5 8 0.04819173 
15 323 12 22 0.048177876 
541 110 7 12 0.04817235 
51 147 13 18 0.048143808 
103 174 8 15 0.048142012 
1013 150 12 16 0.048099622 
536 415 9 18 0.048075173 
652 83 10 15 0.048042923 
239 78 18 34 0.04803629 
109 558 6 9 0.048007973 
311 558 6 10 0.04799515 
972 67 12 21 0.0479893 
494 387 16 28 0.047929004 
1015 375 8 20 0.047923453 
203 219 16 26 0.04788562 
313 19 6 13 0.04784643 
695 141 7 10 0.047843672 
99 252 16 28 0.047759276 
703 331 10 26 0.047745667 
122 601 5 7 0.04768959 
182 -4 10 17 0.04766004 
457 359 17 25 0.047643986 
499 523 8 12 0.04762434 
216 357 15 25 0.047597528 
449 148 7 12 0.047583163 
187 7 13 32 0.047582556 
931 130 19 23 0.047565036 
569 98 7 12 0.04755635 
239 277 17 28 0.04750805 
56 442 6 9 0.047478594 
810 56 9 19 0.047447506 
495 291 16 29 0.047447078 
517 138 5 11 0.04744557 
192 218 13 25 0.04740686 
730 412 8 23 0.047374994 
210 573 5 9 0.04736373 
210 548 4 10 0.047354724 
957 119 16 21 0.04730602 
723 414 6 18 0.047266588 
119 160 8 16 0.047231752 
221 197 9 15 0.04722327 
22 324 15 25 0.04722188 
762 396 16 30 0.04720124 
260 171 12 24 0.04719758 
287 622 6 10 0.047185764 
109 399 4 7 0.047117192 
911 155 17 25 0.04709548 
569 566 7 20 0.0470738 
334 68 8 17 0.047070038 
979 171 21 29 0.04701834 
473 218 13 23 0.047001477 
67 158 11 19 0.04695027 
152 22 14 28 0.046938162 
232 57 9 16 0.04688832 
407 248 18 27 0.046826076 
233 45 8 16 0.046804946 
376 384 11 20 0.046798375 
731 127 8 10 0.04679399 
970 131 16 23 0.04674272 
1009 254 12 24 0.046708692 
479 127 6 10 0.046681117 
567 551 9 26 0.046680186 
94 493 6 10 0.04667908 
962 106 13 18 0.046666015 
808 65 11 24 0.046665628 
204 65 11 25 0.046651438 
945 95 13 19 0.046597224 
464 209 9 17 0.046563193 
135 546 5 8 0.046534345 
91 84 7 17 0.046515066 
861 173 11 18 0.04648199 
210 560 5 10 0.046422027 
477 58 6 14 0.046420794 
121 3 10 18 0.04641901 
37 219 17 41 0.046402495 
426 154 6 10 0.046401296 
857 201 15 27 0.04628067 
157 369 7 12 0.0462772 
-2 368 38 84 0.046228785 
698 62 5 14 0.04622692 
134 383 6 8 0.046221282 
420 393 18 37 0.04621815 
22 300 13 18 0.046206914 
14 299 11 17 0.04615681 
276 601 5 9 0.046150837 
223 28 8 18 0.046147775 
84 612 4 7 0.046103183 
795 67 9 21 0.046047833 
327 34 6 12 0.04602686 
427 108 9 15 0.046026472 
93 184 10 20 0.045986455 
122 54 7 20 0.04593618 
901 56 8 18 0.045911107 
340 484 4 11 0.04588462 
181 41 10 20 0.04583267 
78 105 10 22 0.045813136 
274 624 6 9 0.04579238 
731 80 8 20 0.04575747 
640 311 9 20 0.04572676 
210 335 11 18 0.045710094 
924 300 8 16 0.045706138 
206 584 7 12 0.045611884 
719 109 8 12 0.04560822 
571 112 6 11 0.045557696 
721 427 8 28 0.045468353 
339 520 7 16 0.045446627 
991 324 6 19 0.045399383 
268 153 12 30 0.045388374 
168 406 6 12 0.04538825 
644 140 7 9 0.045387875 
184 472 5 10 0.045367993 
398 183 11 20 0.04534958 
983 133 14 20 0.0453365 
66 104 10 21 0.045303036 
840 268 14 26 0.04524961 
141 181 12 21 0.04522263 
530 406 8 14 0.045213286 
969 147 20 27 0.045183383 
96 665 5 9 0.045165285 
911 351 7 16 0.045115586 
358 287 95 90 0.04510242 
244 6 8 16 0.045097444 
67 333 8 10 0.045096837 
992 339 6 19 0.04508967 
173 449 5 8 0.045055583 
240 333 12 24 0.045042593 
961 40 10 23 0.04502799 
280 347 19 26 0.045022372 
195 187 7 15 0.044971563 
10 384 16 30 0.044921495 
525 231 15 24 0.044909008 
302 557 5 10 0.044885904 
949 55 10 20 0.044884972 
756 79 9 23 0.04488316 
285 602 6 9 0.044872157 
632 109 10 16 0.04485397 
99 230 16 33 0.04485348 
512 295 14 23 0.04480067 
167 316 10 17 0.044794455 
705 66 7 20 0.044784874 
835 -5 12 12 0.044781767 
872 516 12 17 0.04478044 
262 600 5 8 0.04470805 
596 153 6 9 0.044671934 
218 66 11 23 0.044608712 
371 121 10 18 0.044605967 
135 537 5 7 0.04460534 
670 142 7 9 0.044594977 
242 373 12 21 0.04455913 
94 539 5 7 0.044529807 
122 494 5 9 0.044516537 
234 177 10 14 0.044508062 
935 83 10 18 0.044491455 
810 94 10 20 0.044445504 
746 79 8 21 0.044424165 
427 99 7 11 0.044403825 
883 76 11 29 0.04438103 
693 83 8 16 0.04436914 
59 422 5 8 0.044332255 
58 550 6 7 0.044325747 
158 338 8 17 0.04431842 
366 341 16 33 0.044310503 
326 122 8 14 0.04428999 
625 172 14 19 0.044256277 
21 497 5 9 0.04421439 
300 155 84 86 0.044212185 
465 73 5 12 0.04419682 
482 304 18 31 0.04415872 
463 125 8 13 0.04414902 
70 550 5 7 0.044124115 
27 43 9 19 0.044069182 
151 258 11 23 0.044057876 
140 169 12 23 0.04404103 
106 600 6 7 0.044038866 
0 364 170 248 0.04403382 
992 4 22 22 0.044028662 
147 656 5 6 0.044017464 
857 216 15 28 0.043993294 
643 47 7 11 0.04398774 
106 475 6 7 0.043937255 
414 88 5 11 0.043932844 
913 323 8 20 0.043929886 
259 452 7 13 0.04392164 
209 55 9 16 0.04389216 
106 6 9 16 0.043890152 
326 440 6 11 0.043886628 
274 22 6 12 0.043868326 
543 77 5 11 0.04384895 
999 150 11 14 0.04381398 
489 99 7 12 0.04379628 
337 547 6 12 0.043777775 
975 57 10 18 0.043757852 
3 83 7 20 0.04374644 
2 67 7 22 0.043718692 
301 440 5 11 0.043661248 
375 262 10 18 0.043645978 
434 373 13 23 0.043541007 
19 589 4 8 0.04353979 
147 450 4 7 0.043532725 
154 294 11 22 0.04353065 
763 207 18 23 0.043528028 
720 59 7 15 0.043523684 
936 52 9 22 0.043484982 
44 497 6 8 0.043479983 
465 99 7 13 0.04347697 
643 330 8 30 0.043469872 
193 131 12 27 0.043443017 
121 526 4 7 0.043428157 
909 363 9 20 0.04342439 
407 270 21 35 0.043415457 
757 66 9 23 0.04341391 
454 64 5 9 0.043407243 
294 157 14 22 0.04340203 
192 118 12 22 0.043368172 
682 102 6 10 0.043367542 
533 280 19 27 0.043352865 
960 80 11 19 0.043344658 
131 662 6 9 0.043343164 
161 450 4 7 0.043322943 
982 409 4 11 0.043302875 
29 507 7 9 0.043296855 
990 348 7 20 0.043262016 
681 58 7 15 0.043261737 
255 495 9 15 0.043256298 
905 117 17 26 0.04323888 
56 561 5 8 0.043222893 
183 458 5 11 0.043160837 
538 120 9 16 0.043154303 
656 141 8 9 0.04314268 
745 68 8 20 0.04313469 
665 175 75 81 0.043128967 
626 240 15 30 0.043120112 
509 244 15 25 0.043099247 
135 462 5 6 0.04309921 
284 148 9 17 0.04307324 
219 79 11 24 0.043053087 
311 36 6 10 0.043033488 
923 288 8 14 0.043027844 
349 405 8 14 0.0430117 
45 488 4 7 0.042979132 
644 357 8 27 0.042968277 
744 141 9 9 0.042919416 
403 173 8 14 0.042911448 
30 497 6 9 0.042893946 
743 400 9 16 0.04288555 
118 102 7 13 0.0428592 
894 117 16 27 0.042856764 
697 68 7 18 0.042802125 
140 105 11 21 0.042800367 
542 152 7 12 0.0427759 
987 417 5 13 0.042741645 
67 183 83 108 0.042728342 
27 95 9 19 0.04269572 
475 390 12 18 0.042652622 
888 153 71 75 0.042611077 
178 50 15 33 0.042603105 
842 3 16 18 0.042599257 
433 397 14 30 0.042579133 
384 360 12 23 0.042570997 
606 171 69 78 0.042567253 
55 68 7 20 0.042530406 
218 95 71 102 0.04252963 
191 43 10 18 0.042523786 
1 295 10 18 0.042491812 
925 276 9 16 0.042425193 
249 495 8 13 0.042407352 
1003 364 7 18 0.042386524 
937 284 8 16 0.042362094 
221 177 7 12 0.042319894 
275 656 5 6 0.042317223 
228 292 14 25 0.042310752 
428 134 8 14 0.04229821 
349 68 8 16 0.042290743 
950 348 8 20 0.042273983 
82 365 7 11 0.042256568 
361 32 7 13 0.042233568 
378 32 6 12 0.04222936 
286 408 6 9 0.04222189 
135 433 5 8 0.042205106 
121 -3 8 11 0.042184032 
12 27 10 21 0.042175874 
45 569 5 9 0.042166177 
311 440 6 11 0.04214534 
314 9 5 12 0.04212394 
70 444 5 9 0.04212096 
177 115 15 26 0.042113785 
139 115 13 24 0.042044677 
633 120 10 15 0.04203323 
138 286 15 30 0.042024538 
976 310 6 19 0.041977268 
207 108 9 18 0.04197559 
157 481 6 10 0.041961316 
833 125 9 13 0.041931365 
921 80 13 23 0.041900467 
162 514 4 7 0.041831657 
654 359 8 25 0.041822482 
390 382 17 28 0.04180294 
607 78 5 8 0.041802604 
196 472 5 12 0.041797947 
121 382 5 8 0.041792195 
393 292 15 28 0.041663025 
523 336 12 20 0.041644182 
158 351 8 14 0.04163076 
3 495 6 11 0.041628417 
588 118 10 18 0.041559674 
440 453 9 19 0.04153852 
337 530 7 16 0.041472662 
719 99 7 14 0.041465767 
981 366 4 15 0.04140737 
881 119 13 21 0.041396998 
261 409 6 9 0.041389428 
132 483 6 8 0.041388463 
107 591 5 6 0.041385643 
747 393 6 13 0.041353647 
139 210 11 20 0.041324284 
464 146 8 14 0.041242678 
446 373 14 23 0.041237984 
349 -3 6 9 0.041197676 
895 74 15 30 0.04117918 
148 526 4 6 0.041138094 
927 506 17 16 0.041134965 
60 250 17 33 0.041067533 
970 116 15 22 0.04102489 
361 404 8 14 0.041022394 
87 12 15 29 0.04100717 
280 283 13 21 0.040985193 
472 232 15 24 0.040949635 
313 -3 5 9 0.040927168 
534 355 12 29 0.0408879 
200 173 6 14 0.040857665 
385 246 13 23 0.04083172 
147 662 5 8 0.04076977 
644 374 8 21 0.040759318 
165 40 13 21 0.04075195 
311 573 6 11 0.040741716 
70 559 6 8 0.04072189 
466 61 6 11 0.040687174 
146 535 5 8 0.04067427 
194 206 11 21 0.040667403 
209 347 11 18 0.04066618 
947 81 11 18 0.040654775 
812 45 8 15 0.04065052 
465 402 11 19 0.04061527 
705 291 10 25 0.040592045 
540 492 7 13 0.04056356 
136 450 4 7 0.04053598 
925 350 7 18 0.040529612 
541 481 6 12 0.040499475 
713 218 14 22 0.04049884 
130 213 12 27 0.040444475 
591 136 7 13 0.040439382 
758 91 9 22 0.040425323 
108 611 5 7 0.04041286 
142 230 11 24 0.04040186 
744 125 9 11 0.040383987 
187 483 5 10 0.04037559 
709 48 6 10 0.040372748 
184 547 5 9 0.040363986 
715 359 10 27 0.040300198 
746 94 7 18 0.040288217 
591 548 9 30 0.04026608 
999 -3 11 12 0.04025214 
821 -6 11 13 0.04024612 
165 27 12 24 0.040192015 
133 259 10 19 0.040180802 
246 404 8 14 0.040169165 
22 105 14 24 0.040168688 
352 33 7 12 0.040167473 
721 81 7 18 0.040158797 
139 23 13 26 0.04012015 
241 358 15 26 0.040097285 
796 57 8 18 0.04007521 
632 46 7 11 0.040071536 
146 433 5 9 0.040041216 
33 280 14 23 0.040030334 
601 332 13 36 0.040028915 
158 586 6 7 0.04001146 
694 100 7 12 0.040009577 
24 240 13 29 0.039972458 
141 90 12 26 0.03993527 
207 299 13 20 0.039917227 
20 509 5 9 0.03989078 
371 10 8 11 0.039803535 
191 86 12 27 0.03978516 
852 517 9 14 0.039780565 
980 378 5 15 0.039757363 
160 433 5 9 0.03974348 
933 4 12 19 0.039735004 
219 116 12 25 0.03972706 
230 111 16 28 0.039724678 
269 86 13 27 0.03971583 
12 167 11 21 0.039708164 
336 82 7 17 0.039705057 
255 62 13 26 0.039687335 
131 23 11 23 0.039673425 
758 55 9 20 0.039660353 
370 215 12 25 0.039617747 
682 143 7 8 0.03960304 
114 7 80 103 0.039587617 
898 28 8 21 0.039573964 
33 489 5 7 0.03957281 
466 84 6 12 0.03951637 
417 347 20 27 0.039486576 
70 149 8 12 0.039477445 
933 13 10 24 0.039473638 
975 300 7 19 0.039437182 
965 349 6 19 0.03941331 
653 97 11 14 0.03937239 
630 389 8 17 0.03935058 
537 402 9 19 0.03932289 
94 332 6 10 0.039292037 
640 161 13 15 0.03924929 
134 472 5 8 0.039242785 
868 569 17 24 0.039182205 
925 5 9 17 0.03917699 
949 335 7 21 0.039140742 
629 335 9 27 0.03913312 
1000 347 8 21 0.03912688 
986 429 7 16 0.03911887 
286 10 6 12 0.039063968 
147 461 5 7 0.039061055 
657 48 7 11 0.039053034 
936 349 8 19 0.038972612 
224 20 6 16 0.03897025 
632 63 8 11 0.038951162 
44 507 6 9 0.038925253 
45 202 17 35 0.038902313 
1003 375 7 18 0.038901858 
709 101 6 12 0.038896456 
475 109 8 13 0.03887851 
181 257 13 24 0.038859602 
413 110 7 12 0.03882413 
187 499 4 8 0.038737945 
447 454 9 19 0.03873607 
911 335 8 18 0.0387297 
258 430 7 12 0.03871195 
270 142 10 26 0.038709633 
83 603 4 6 0.038682193 
67 508 6 9 0.038668294 
132 270 13 25 0.03863463 
964 301 7 16 0.038614556 
123 463 5 7 0.038569313 
972 82 12 19 0.038501192 
263 589 4 8 0.038456567 
53 105 10 20 0.038438547 
698 48 5 10 0.038421154 
98 475 5 7 0.038369633 
209 511 5 10 0.038351737 
759 394 7 13 0.038338073 
875 122 9 16 0.038316227 
860 63 9 24 0.038303666 
258 6 8 16 0.038291022 
630 301 8 14 0.038239025 
965 366 5 15 0.038207773 
771 44 8 18 0.03813393 
720 126 9 12 0.038130015 
205 91 10 22 0.038114097 
171 547 5 8 0.038086362 
912 389 7 17 0.038073458 
161 547 5 8 0.038067684 
983 116 13 22 0.03806169 
881 221 14 25 0.038055323 
510 217 15 25 0.03804293 
301 21 5 12 0.03804247 
522 315 14 28 0.038013343 
92 190 14 30 0.037999187 
283 137 9 14 0.037998505 
292 168 13 26 0.0379677 
325 -3 6 10 0.037964143 
980 393 5 14 0.037958853 
859 323 14 35 0.037956294 
20 601 4 8 0.037949402 
945 189 16 30 0.037908874 
250 507 6 12 0.03789825 
935 265 10 17 0.037883442 
486 246 17 27 0.037882205 
1001 134 10 17 0.03784979 
701 160 15 24 0.037840325 
671 363 6 21 0.03770931 
20 574 4 9 0.03764815 
702 304 11 27 0.03764562 
192 348 11 21 0.037623696 
153 226 11 26 0.037619434 
528 150 7 14 0.037599143 
107 494 6 8 0.03759321 
243 325 10 20 0.037559427 
172 483 6 9 0.037548658 
1002 323 8 23 0.03754683 
183 447 5 10 0.037545916 
544 610 4 14 0.037530307 
536 230 33 56 0.03752875 
671 57 7 15 0.037528485 
943 270 14 24 0.03750366 
445 396 13 25 0.037486754 
401 558 7 13 0.037476055 
192 106 11 20 0.037432835 
715 345 10 26 0.03742107 
443 410 14 29 0.037419748 
843 121 12 17 0.037380934 
80 52 7 24 0.037359286 
85 539 5 7 0.037358154 
400 532 7 16 0.037351597 
936 68 10 20 0.037328895 
56 570 5 9 0.03732137 
109 381 5 9 0.037301235 
338 -3 6 10 0.03726369 
243 -20 11 18 0.03726291 
2 388 11 24 0.03724878 
200 585 6 10 0.037231978 
387 231 13 23 0.037224934 
805 307 11 19 0.037209917 
733 59 7 15 0.03717433 
220 93 10 21 0.037150633 
287 483 5 10 0.03711712 
756 140 10 11 0.037101563 
693 298 10 21 0.0370998 
567 466 9 19 0.03708629 
171 433 5 10 0.037085034 
400 544 7 14 0.03702721 
939 332 9 23 0.037014954 
285 664 6 7 0.036986392 
386 45 6 15 0.036970876 
323 107 160 180 0.036967434 
745 56 8 18 0.03695803 
131 97 8 18 0.036952518 
676 231 18 30 0.036916237 
398 255 18 30 0.036912538 
544 596 4 14 0.03690012 
543 584 4 13 0.036873434 
219 106 11 21 0.036847755 
206 359 15 24 0.036814727 
769 78 9 24 0.036741678 
95 623 4 8 0.036734827 
180 219 12 22 0.03672113 
715 246 12 24 0.036712527 
273 -5 8 13 0.036693696 
218 209 13 21 0.0366848 
3 115 32 64 0.03662413 
495 354 18 27 0.036620684 
1002 294 11 28 0.03661286 
963 -3 7 11 0.036602534 
147 597 6 8 0.036596958 
980 431 5 14 0.03656791 
5 587 5 10 0.036561698 
167 391 8 14 0.036544815 
121 536 5 7 0.03654158 
4 535 5 11 0.036535002 
807 256 11 21 0.036495626 
769 91 10 23 0.03649357 
665 204 14 27 0.03645433 
555 582 6 19 0.036442798 
290 445 134 233 0.036429904 
82 444 5 9 0.03642595 
275 432 5 10 0.03642562 
342 255 15 29 0.03641407 
251 521 6 10 0.036412135 
379 301 18 33 0.036410797 
259 521 6 10 0.036408335 
297 140 8 11 0.036342647 
279 233 14 24 0.036330752 
352 19 6 11 0.03632672 
883 382 11 28 0.03631823 
338 407 7 12 0.03631689 
914 313 8 17 0.036313344 
300 407 5 10 0.0363103 
242 65 13 23 0.036305502 
65 257 87 119 0.03629984 
20 615 3 7 0.036273547 
613 261 13 28 0.036257867 
682 345 8 24 0.036256347 
173 641 5 7 0.036251996 
683 50 6 9 0.036239862 
72 613 4 6 0.036212783 
707 109 8 11 0.03620742 
60 476 4 6 0.036205392 
89 86 127 195 0.036205042 
141 194 13 20 0.036191724 
31 168 10 19 0.036164723 
503 126 6 11 0.036155455 
784 44 8 17 0.036142286 
138 37 15 29 0.036126327 
823 37 7 12 0.036120664 
629 266 12 25 0.03610309 
160 461 5 7 0.036091324 
629 375 9 20 0.036072887 
685 231 19 28 0.036036123 
357 230 11 24 0.03602405 
210 47 7 14 0.036014583 
772 137 11 15 0.035968624 
510 356 16 27 0.03594341 
288 443 5 10 0.03593654 
190 -8 11 20 0.035929687 
54 56 8 22 0.03592429 
1013 75 10 14 0.035912044 
682 373 7 22 0.035863563 
671 102 8 11 0.03584683 
914 299 8 16 0.03582518 
895 384 12 26 0.03581816 
884 55 8 20 0.035806112 
478 49 5 12 0.03576351 
81 559 6 9 0.035756394 
731 95 7 17 0.035742175 
72 -5 17 16 0.0357136 
138 126 15 30 0.035694357 
511 279 15 24 0.035686303 
533 439 8 17 0.035656374 
483 417 15 28 0.035609014 
616 121 9 15 0.03560239 
951 31 8 20 0.035543762 
713 276 13 29 0.03554247 
166 298 10 19 0.035487812 
153 246 11 23 0.03548486 
900 363 9 19 0.03547096 
111 527 4 7 0.035469983 
966 188 20 31 0.035445776 
1014 270 11 22 0.035444688 
127 141 11 23 0.03544027 
559 296 15 23 0.035416387 
350 482 8 15 0.035414264 
91 49 9 27 0.035370752 
169 -16 8 14 0.03536714 
563 307 12 23 0.035356726 
745 111 7 13 0.0353464 
782 78 10 23 0.03533356 
758 108 8 16 0.03532514 
856 518 10 16 0.035297837 
564 537 10 29 0.0352811 
816 568 15 30 0.035276607 
283 394 8 12 0.03527147 
232 204 17 26 0.035250127 
554 123 8 15 0.035212405 
693 360 8 21 0.035195492 
251 441 7 14 0.03515289 
91 67 8 21 0.03508861 
164 101 17 26 0.035086796 
37 338 13 23 0.035072334 
984 192 18 29 0.035066895 
963 97 12 17 0.035060305 
974 43 10 20 0.035035137 
858 254 13 26 0.03503487 
122 447 5 8 0.03496259 
326 408 6 10 0.034953587 
130 71 12 31 0.0349457 
97 195 17 37 0.034930967 
997 181 17 23 0.034885608 
298 613 5 10 0.034841675 
73 604 4 6 0.034837 
914 401 6 16 0.034827303 
109 641 4 7 0.03482489 
259 336 11 21 0.034823723 
534 317 14 26 0.034814693 
78 180 12 23 0.034796063 
898 374 11 21 0.03477487 
613 231 12 26 0.034752805 
665 121 11 13 0.03474902 
980 349 6 19 0.03474378 
720 46 7 12 0.034740925 
45 603 5 6 0.034692876 
199 547 6 10 0.03469192 
132 247 11 19 0.034669656 
409 360 19 25 0.034668673 
174 654 5 6 0.034653682 
147 588 5 7 0.034598466 
339 492 6 13 0.034585267 
39 180 11 21 0.03458236 
922 66 11 25 0.034555595 
45 613 4 7 0.034544095 
1016 364 8 19 0.03453926 
724 406 6 13 0.034514897 
978 335 6 22 0.03450641 
85 652 4 8 0.034500446 
794 555 10 24 0.03447807 
233 -19 9 16 0.03447134 
88 281 17 30 0.034439642 
460 389 12 18 0.034416243 
248 428 7 13 0.034410782 
735 394 7 14 0.034375526 
17 341 24 40 0.034359474 
265 614 4 8 0.03435799 
360 489 12 20 0.034354433 
1006 401 5 15 0.034347948 
683 335 8 21 0.034341905 
617 194 13 22 0.03433727 
261 183 13 29 0.034330733 
964 335 6 19 0.03429908 
199 575 5 8 0.03426955 
965 378 5 16 0.034258578 
616 207 13 23 0.034243952 
49 180 12 24 0.034243155 
1011 235 13 22 0.034236666 
878 428 6 20 0.03423022 
1000 -15 8 14 0.03422401 
328 483 4 10 0.03422335 
580 77 5 11 0.034219794 
770 370 8 12 0.03420666 
539 135 8 15 0.034191635 
121 548 5 8 0.03416148 
496 421 14 26 0.034143925 
603 552 8 22 0.034142092 
832 216 15 28 0.034125935 
185 577 5 6 0.034124862 
684 198 20 30 0.034085754 
860 -1 8 8 0.03408138 
187 642 4 7 0.034075696 
292 90 12 22 0.034057543 
264 558 5 10 0.03404004 
935 313 8 17 0.033950165 
616 391 8 14 0.033941388 
843 17 14 17 0.033938877 
334 9 8 14 0.033923853 
726 430 11 35 0.0339133 
1015 658 8 18 0.033869427 
134 642 5 7 0.0338669 
910 375 7 18 0.033862237 
744 335 9 18 0.03381329 
272 393 8 13 0.03380779 
421 289 18 31 0.033802543 
326 9 6 14 0.033779293 
312 -15 6 12 0.033722073 
464 456 9 15 0.033701777 
159 578 5 6 0.033699688 
133 599 5 7 0.033689708 
830 73 13 32 0.03367744 
977 -18 7 15 0.03365749 
672 49 5 10 0.033646636 
816 275 17 30 0.03364553 
847 34 10 13 0.03362209 
557 78 4 11 0.03361693 
448 473 10 29 0.033605732 
594 78 6 9 0.03357288 
20 561 4 9 0.03355774 
632 251 20 36 0.033543184 
301 572 6 11 0.03353292 
374 397 11 20 0.03352094 
257 375 9 16 0.033500765 
881 319 11 28 0.033498593 
222 -7 8 15 0.033496525 
97 398 5 7 0.033452384 
633 139 7 10 0.033450183 
990 311 6 20 0.03344613 
432 315 18 30 0.033446044 
339 457 6 11 0.033444103 
758 43 9 17 0.033425167 
490 111 6 11 0.03342477 
282 107 9 17 0.033423167 
715 200 16 25 0.03341616 
70 412 5 7 0.03341026 
964 312 6 15 0.03340548 
990 88 9 13 0.03337941 
449 361 15 22 0.03335447 
875 398 7 23 0.033344373 
594 36 6 12 0.033289045 
85 642 3 7 0.03328621 
402 152 7 14 0.03326891 
152 37 14 26 0.033262547 
908 89 14 25 0.03323042 
440 284 79 79 0.03322583 
783 91 10 23 0.03320044 
526 242 17 26 0.033191323 
215 371 17 26 0.033183593 
702 232 14 23 0.033180855 
44 552 5 7 0.03317232 
68 571 6 9 0.03314297 
95 445 6 10 0.033136718 
107 -2 8 11 0.03312522 
148 514 4 7 0.033120375 
899 43 8 19 0.033037588 
172 629 5 7 0.03303133 
314 471 5 10 0.032999974 
618 45 7 12 0.03299931 
988 408 5 12 0.032989256 
38 106 11 19 0.03298047 
82 475 5 7 0.03295999 
884 43 9 19 0.032919623 
337 390 7 12 0.032911 
103 671 9 16 0.032906763 
270 -18 9 14 0.03288517 
883 309 10 22 0.032877523 
365 11 6 11 0.032877095 
259 391 7 13 0.03285731 
192 360 14 24 0.032840956 
271 339 9 16 0.032835938 
988 -16 7 14 0.032832164 
401 123 7 14 0.032825787 
503 97 7 14 0.032823812 
744 322 9 21 0.0327774 
145 547 5 8 0.032759868 
806 124 11 17 0.03273993 
873 37 6 11 0.032705583 
355 320 167 184 0.032701887 
182 231 12 25 0.032693204 
999 116 12 22 0.03268296 
835 35 9 12 0.032677643 
896 18 9 18 0.03267514 
136 526 5 7 0.032655794 
70 461 5 7 0.032650407 
922 334 9 20 0.032629248 
157 312 8 16 0.032622017 
763 380 6 11 0.03261984 
374 -2 8 10 0.032615088 
205 2 9 23 0.03255834 
339 600 4 8 0.032548893 
617 139 7 10 0.03254884 
946 283 11 20 0.0325466 
93 119 10 18 0.03253713 
639 154 68 72 0.032500416 
109 445 5 9 0.032492753 
537 502 10 20 0.03248036 
492 58 5 14 0.032475937 
488 220 30 49 0.032458887 
989 363 7 19 0.032458622 
312 409 6 9 0.032455985 
55 392 7 12 0.032445148 
1015 646 7 15 0.03244136 
151 86 17 30 0.03242567 
338 556 6 12 0.03242216 
583 35 5 13 0.03238592 
210 481 5 14 0.032374956 
254 75 15 34 0.032332428 
809 80 10 22 0.03229899 
704 248 13 23 0.03229096 
634 191 79 99 0.032253575 
2 44 7 20 0.03225158 
4 485 5 10 0.032237533 
950 -6 8 13 0.032231905 
857 399 11 26 0.032227956 
757 125 8 11 0.032208666 
835 -15 8 11 0.032198124 
873 540 9 17 0.03218446 
162 49 18 32 0.03218134 
975 6 13 16 0.032173086 
163 115 18 27 0.032168277 
419 66 168 214 0.032162964 
217 141 12 25 0.032153893 
2 378 10 19 0.032125354 
220 573 5 10 0.03211556 
989 298 8 22 0.03209809 
770 550 10 21 0.03209111 
68 364 8 13 0.032073125 
732 112 7 12 0.03207256 
886 32 8 16 0.032048434 
174 586 5 7 0.03203841 
311 125 8 12 0.03202078 
20 523 5 9 0.031990215 
327 472 4 10 0.031976085 
268 362 13 20 0.03197444 
157 204 13 20 0.031971384 
161 663 5 7 0.031965584 
570 579 7 22 0.03195717 
257 -20 10 17 0.031951547 
921 131 17 23 0.0319371 
706 82 7 17 0.031925797 
627 356 11 28 0.031922244 
22 120 14 22 0.031891067 
57 603 4 7 0.03184047 
57 613 4 7 0.03183777 
288 472 5 10 0.031802576 
56 335 91 116 0.03179923 
158 596 6 9 0.031777345 
273 571 6 12 0.03173308 
81 380 6 10 0.03172678 
847 -13 8 10 0.031725287 
977 -2 8 10 0.03171678 
122 512 4 8 0.031695843 
69 378 7 12 0.031686738 
537 334 12 21 0.031683832 
282 337 14 20 0.031664696 
124 590 4 6 0.031656913 
844 64 12 26 0.031656154 
257 365 10 18 0.031639274 
323 79 10 20 0.03159839 
1017 432 8 17 0.03158864 
36 253 15 28 0.031581033 
130 231 12 25 0.031569675 
123 625 4 8 0.031555913 
656 374 7 22 0.031547416 
988 -2 11 11 0.0315369 
22 131 36 64 0.031534437 
134 589 5 7 0.03151966 
937 300 7 14 0.03150533 
714 235 14 21 0.031492528 
348 392 8 14 0.031478062 
312 457 5 11 0.031470142 
485 376 13 21 0.03145344 
244 295 13 21 0.03144582 
984 232 14 25 0.031443387 
219 160 9 18 0.031436324 
339 471 5 11 0.031432882 
771 107 8 17 0.031420138 
987 244 13 25 0.03141229 
275 525 5 9 0.031401653 
429 88 5 10 0.031389337 
199 160 7 18 0.03129257 
556 570 6 17 0.03126951 
235 173 32 51 0.031251144 
440 305 18 30 0.031246455 
286 -5 7 13 0.031242728 
556 594 5 17 0.031241024 
532 493 7 13 0.031225441 
328 573 5 11 0.031223625 
385 120 9 18 0.031212015 
68 392 7 11 0.03120608 
512 400 11 20 0.031205025 
761 548 6 12 0.031190317 
173 500 5 8 0.031147473 
195 442 7 17 0.031136105 
247 311 11 18 0.031127218 
299 485 5 9 0.031101704 
346 513 13 28 0.031075938 
471 375 14 20 0.03106429 
202 265 17 31 0.03103699 
359 299 12 20 0.031005831 
185 653 5 6 0.031004686 
926 361 8 19 0.03099591 
85 623 4 8 0.030982072 
291 311 14 22 0.03097081 
810 -6 8 13 0.030970734 
104 205 83 114 0.030965906 
429 125 6 12 0.030962586 
37 144 18 27 0.030958673 
584 236 15 32 0.03094656 
346 378 8 14 0.030946452 
218 329 95 115 0.030940577 
614 335 10 29 0.030913923 
574 306 15 27 0.030887855 
473 343 44 62 0.030879436 
313 585 5 12 0.030867424 
998 690 12 35 0.030856367 
77 312 9 15 0.030855292 
796 44 8 16 0.030852944 
438 469 11 34 0.030852377 
181 314 10 17 0.030837882 
167 -5 11 17 0.030817052 
297 394 9 12 0.030797802 
368 500 16 28 0.030787244 
295 301 12 20 0.030675411 
120 62 9 25 0.030670755 
160 655 5 7 0.030662183 
702 217 15 23 0.030655058 
162 70 20 37 0.030626107 
257 -35 12 19 0.03061948 
989 375 7 19 0.030615008 
551 344 12 28 0.030614328 
818 141 17 23 0.030611752 
869 294 12 25 0.030611556 
196 642 6 7 0.030597564 
106 331 7 10 0.030586343 
103 34 11 28 0.03056656 
105 86 7 15 0.03056262 
38 328 11 18 0.030561164 
730 217 14 24 0.03054605 
314 483 5 9 0.0305146 
11 14 13 23 0.030497916 
95 381 5 9 0.030486971 
257 148 14 32 0.0304795 
881 262 14 31 0.030479167 
823 372 8 27 0.030457666 
550 322 12 21 0.030432163 
466 488 7 20 0.030429896 
1016 351 8 20 0.030426564 
275 7 7 14 0.03040128 
119 15 9 18 0.03039174 
1 281 15 23 0.030363213 
961 5 11 16 0.030351706 
39 24 12 28 0.03033348 
822 248 12 19 0.030331464 
357 244 11 22 0.03032124 
697 38 6 10 0.03031511 
327 101 6 12 0.030311842 
86 266 17 29 0.030304143 
619 63 6 11 0.030302659 
652 309 10 22 0.03027649 
603 565 7 24 0.03027306 
835 581 9 18 0.03026946 
644 37 7 11 0.030267406 
368 486 15 25 0.030264214 
5 547 5 11 0.030235404 
37 299 11 18 0.030204026 
57 522 6 8 0.03019311 
496 524 6 11 0.030189155 
643 387 7 20 0.030127058 
147 641 5 7 0.03011444 
184 433 5 12 0.030064115 
1001 281 10 26 0.030031834 
1014 318 12 31 0.030025229 
360 356 13 23 0.030014701 
123 643 4 6 0.029993596 
73 248 18 34 0.029969057 
970 216 19 31 0.02994937 
817 213 14 27 0.029943135 
82 509 6 9 0.029937636 
183 585 6 8 0.029914856 
195 311 10 16 0.029903876 
127 293 13 27 0.029893193 
196 338 9 17 0.029881857 
39 387 10 17 0.029878916 
5 612 5 10 0.029865842 
110 267 15 29 0.029822212 
67 312 9 15 0.02982151 
885 18 9 16 0.029808253 
657 37 7 11 0.029783478 
511 385 13 25 0.029776601 
899 351 10 20 0.029774884 
954 365 5 17 0.029770277 
382 461 12 24 0.0297518 
30 459 5 9 0.029710656 
21 488 4 8 0.029701328 
275 663 5 6 0.029694894 
537 386 10 24 0.029685173 
848 369 10 25 0.029674027 
606 138 7 11 0.02967358 
12 335 16 27 0.02965937 
382 488 12 23 0.029654508 
878 437 6 25 0.029653018 
396 360 16 24 0.02965251 
555 209 65 91 0.029638292 
358 502 16 28 0.029634524 
748 311 8 18 0.029622389 
117 201 13 30 0.029614305 
12 666 17 35 0.029610727 
170 664 6 7 0.029609555 
458 294 18 30 0.029592674 
465 50 6 12 0.029585987 
99 591 4 7 0.02958513 
258 323 11 20 0.029570505 
89 31 12 32 0.029553823 
132 612 6 7 0.02954766 
21 2 17 18 0.02953739 
209 496 5 12 0.029474143 
281 121 10 17 0.029446606 
823 128 9 12 0.02943904 
179 386 11 20 0.029426519 
667 334 8 23 0.029423459 
909 260 10 19 0.029385367 
955 212 19 33 0.029379627 
119 25 9 21 0.029319221 
396 279 16 28 0.029296309 
628 413 9 17 0.029257279 
937 322 8 21 0.029246373 
239 122 17 34 0.029242324 
335 665 7 9 0.029236756 
272 696 7 16 0.029222531 
735 530 6 15 0.029213501 
860 79 9 25 0.029186914 
360 288 10 19 0.02918602 
809 361 9 24 0.029170783 
210 467 6 17 0.02916108 
872 -1 8 8 0.029156357 
120 82 8 19 0.029126523 
324 -15 6 13 0.029105017 
391 306 40 62 0.029101145 
59 460 4 8 0.029039415 
137 268 134 201 0.029035522 
645 439 9 15 0.029027566 
275 103 91 99 0.029023882 
105 52 9 25 0.02901519 
494 447 20 37 0.028995201 
744 225 17 31 0.028980266 
743 411 9 21 0.028923534 
363 392 7 14 0.02890949 
50 279 13 25 0.028876435 
401 73 6 14 0.028847981 
72 1 19 22 0.028827356 
272 351 9 16 0.028824648 
477 490 7 16 0.02879452 
32 552 5 7 0.028759312 
39 314 10 16 0.028735494 
862 36 7 12 0.028641935 
180 249 34 65 0.028636178 
276 483 6 10 0.028630847 
302 35 6 11 0.028624892 
225 601 4 8 0.028606337 
859 267 13 28 0.028589383 
326 456 6 12 0.02857319 
882 294 10 24 0.02857317 
526 385 11 23 0.028572297 
781 397 12 24 0.028549312 
555 135 9 16 0.02848551 
147 497 4 9 0.028485168 
274 587 6 10 0.028472785 
562 320 14 25 0.028437639 
275 445 4 9 0.028411329 
147 610 6 9 0.028409952 
818 319 11 25 0.028398471 
618 37 7 11 0.028397406 
96 558 5 9 0.02839409 
274 495 6 11 0.028384672 
349 9 7 12 0.02838457 
161 628 5 7 0.02837672 
21 363 20 36 0.028363746 
294 231 14 25 0.028351657 
146 330 7 12 0.028336914 
20 472 4 9 0.02832065 
731 365 8 19 0.028298413 
70 523 6 8 0.02828207 
159 329 8 14 0.028266845 
299 492 6 12 0.028263597 
45 459 4 8 0.028252913 
629 211 15 26 0.028244168 
811 34 7 14 0.028235212 
511 415 12 18 0.028226975 
4 191 8 13 0.028175632 
115 217 12 26 0.028117726 
221 559 5 11 0.028109597 
466 517 7 17 0.028108913 
357 537 17 32 0.02809813 
552 466 7 15 0.02808164 
948 4 11 18 0.028073527 
238 484 5 11 0.028067231 
71 625 4 7 0.028049903 
693 124 9 13 0.0280394 
349 491 8 16 0.02803143 
793 373 11 23 0.028023647 
360 260 10 19 0.028000524 
614 352 12 31 0.027961502 
732 375 8 18 0.02795432 
216 246 21 29 0.027930168 
226 612 4 9 0.027927512 
708 38 7 10 0.027918043 
299 621 5 10 0.027914548 
280 328 47 55 0.027912943 
161 640 5 7 0.027909705 
337 654 5 7 0.027906874 
242 -35 14 21 0.027884323 
264 212 17 32 0.027849523 
436 419 12 27 0.027807055 
758 553 9 23 0.027766382 
200 562 5 9 0.027747305 
195 452 7 16 0.027743984 
464 31 6 14 0.02774279 
45 589 4 7 0.027737837 
845 105 11 21 0.02773078 
798 33 7 15 0.02772227 
525 269 18 26 0.027721642 
33 572 4 8 0.027701996 
357 333 15 29 0.027701482 
9 299 39 60 0.02768364 
749 545 5 15 0.027677812 
727 258 11 23 0.027674075 
221 546 5 12 0.027648775 
220 -20 10 17 0.02761764 
309 392 9 12 0.02761588 
384 411 11 19 0.027573558 
879 278 14 29 0.02755372 
95 509 6 9 0.027549747 
753 306 11 24 0.027545607 
591 578 7 26 0.0275256 
746 45 8 15 0.027502008 
35 368 15 27 0.027501678 
360 272 10 20 0.027492005 
96 460 6 8 0.02748077 
1017 416 7 16 0.027471751 
924 -4 9 11 0.027456107 
233 435 9 19 0.02744186 
834 5 13 16 0.027410198 
807 270 14 25 0.027404848 
196 664 7 7 0.027400466 
219 382 16 26 0.027381537 
208 31 8 17 0.027378881 
151 115 15 26 0.027372867 
415 561 5 10 0.027358288 
672 377 6 20 0.02733021 
109 462 5 7 0.027304705 
33 561 5 8 0.027297044 
182 -17 9 16 0.027251223 
287 493 6 12 0.027250808 
267 374 12 19 0.027249588 
966 326 6 17 0.027226605 
550 456 8 16 0.027217539 
873 559 9 17 0.027203074 
109 575 5 8 0.027189933 
275 457 4 10 0.027184878 
205 231 21 31 0.027183628 
250 556 6 12 0.027180698 
821 360 8 25 0.027169976 
104 311 10 16 0.027166136 
707 126 8 12 0.027155215 
358 309 14 22 0.027151015 
797 534 7 10 0.027141303 
300 457 5 12 0.027133888 
556 557 7 18 0.027132984 
868 278 14 30 0.027125193 
680 124 9 12 0.027080214 
679 384 8 23 0.027059043 
19 625 4 8 0.02705698 
221 586 5 10 0.02705224 
20 459 4 10 0.027040165 
368 318 16 31 0.027037097 
415 137 6 11 0.02700652 
909 104 16 27 0.02700367 
52 122 9 17 0.026993895 
447 438 11 20 0.026979728 
53 375 9 16 0.026958952 
343 300 16 23 0.026933298 
67 54 8 24 0.026929006 
578 523 10 28 0.026918612 
264 625 5 8 0.02690387 
681 138 69 74 0.026888266 
733 45 7 14 0.026873901 
116 308 11 19 0.026868926 
132 183 35 60 0.02684443 
764 253 16 29 0.026839249 
897 269 10 22 0.02683717 
679 298 12 23 0.026810711 
937 361 7 18 0.026794039 
929 200 18 31 0.026770804 
138 230 85 116 0.026767343 
471 312 20 34 0.026743853 
608 401 10 20 0.026721392 
880 515 11 16 0.026719028 
186 563 4 8 0.026692484 
83 461 5 7 0.026687382 
40 135 11 18 0.026683388 
203 370 16 25 0.026677111 
309 95 9 16 0.026672006 
148 578 5 7 0.026669547 
131 331 7 11 0.026655586 
82 132 32 49 0.02665004 
11 2 18 20 0.02663974 
719 371 8 20 0.026626272 
638 283 12 20 0.026609667 
324 392 8 11 0.026603295 
113 293 15 28 0.026579583 
795 92 10 22 0.026558788 
183 416 6 13 0.026553836 
858 6 12 14 0.026527429 
19 653 5 9 0.026521184 
284 -19 10 15 0.026481986 
631 37 7 11 0.026448652 
193 399 11 23 0.02641637 
321 248 35 60 0.02641346 
871 8 9 12 0.02641171 
790 397 14 27 0.026396383 
133 496 5 9 0.026382055 
310 112 7 12 0.026374988 
160 563 5 8 0.026355227 
208 595 6 11 0.026347497 
161 174 21 28 0.026320003 
121 46 7 17 0.026317008 
668 346 7 24 0.026298381 
197 325 9 16 0.026289297 
926 265 8 14 0.026288174 
285 571 7 12 0.02628709 
1004 432 5 12 0.026284406 
577 413 11 24 0.026260976 
300 9 5 12 0.026249744 
58 409 5 9 0.026244184 
53 140 9 14 0.026243834 
77 299 11 19 0.02624021 
588 308 12 25 0.026233122 
586 172 142 231 0.026231369 
230 -36 12 19 0.026198827 
136 512 4 8 0.0261973 
640 298 9 17 0.02619112 
274 639 6 9 0.026182039 
25 228 35 62 0.02618086 
987 72 9 15 0.02617078 
604 121 8 16 0.026150146 
0 100 86 98 0.02611508 
757 297 9 17 0.026112458 
358 323 13 23 0.02610674 
96 527 4 7 0.026103672 
816 104 12 19 0.026103625 
173 563 5 7 0.026102873 
721 37 7 11 0.026064415 
190 294 13 24 0.026058894 
631 284 9 18 0.026044605 
221 464 7 20 0.02603441 
844 280 11 24 0.026011718 
962 285 8 19 0.026011411 
1004 674 6 16 0.026000408 
297 110 8 13 0.025998486 
206 345 39 54 0.02599539 
784 108 9 17 0.025989277 
653 286 11 19 0.025976406 
313 296 24 35 0.025971007 
767 242 17 25 0.025963 
1014 635 8 17 0.025950732 
45 475 5 7 0.025946204 
236 602 4 8 0.025940798 
651 432 9 15 0.025923518 
384 426 11 19 0.02590087 
263 572 5 11 0.025899816 
2 218 13 27 0.025892334 
271 320 13 21 0.025873229 
654 297 9 19 0.02586155 
464 507 7 17 0.025860505 
53 352 10 16 0.02585888 
167 284 11 21 0.025855957 
30 522 6 9 0.025830539 
71 538 4 7 0.025818221 
754 240 15 27 0.025789797 
607 44 7 13 0.025767036 
590 323 10 24 0.025751237 
856 338 13 31 0.025748804 
385 441 9 18 0.025748553 
351 517 36 74 0.025731362 
233 665 8 7 0.025728242 
746 352 7 16 0.025701769 
818 -210 218 186 0.02567859 
859 123 11 15 0.02567103 
53 359 11 21 0.025667923 
962 17 10 19 0.025666615 
65 182 12 22 0.025660709 
56 342 8 13 0.02562267 
733 349 9 19 0.025604632 
820 4 12 17 0.025591064 
832 17 14 17 0.025567947 
315 599 5 12 0.025552638 
161 498 4 8 0.025536085 
614 421 10 20 0.02551028 
285 655 5 7 0.025500698 
143 53 34 62 0.025497776 
83 394 5 9 0.025478583 
793 271 12 23 0.02547664 
197 653 6 7 0.025472378 
122 577 4 8 0.025462806 
773 126 8 12 0.025423817 
431 174 75 95 0.025408976 
759 354 9 15 0.025398588 
31 443 6 10 0.025396714 
142 -15 9 12 0.025379917 
259 348 9 18 0.025379283 
541 559 6 13 0.025327738 
339 612 4 9 0.025313035 
134 627 5 7 0.025290458 
684 321 9 20 0.025288923 
52 298 11 17 0.025286239 
17 664 8 17 0.02527201 
219 280 15 25 0.02526925 
133 150 34 61 0.02525874 
58 587 4 8 0.025258107 
989 389 6 17 0.02524827 
570 36 5 12 0.025246697 
70 142 6 11 0.025243288 
223 420 12 23 0.025242038 
181 402 8 17 0.025237622 
300 470 4 10 0.025231587 
664 230 16 29 0.025218982 
21 551 4 8 0.02520929 
550 397 12 25 0.025203144 
192 -19 9 17 0.025201956 
65 299 10 17 0.025176775 
602 279 12 26 0.025170702 
735 336 8 19 0.025157247 
761 526 9 17 0.02510079 
142 310 10 19 0.025068289 
188 275 17 33 0.025063641 
874 383 9 24 0.025063518 
372 247 12 21 0.025049103 
398 517 10 20 0.025048306 
276 473 4 10 0.025032619 
199 595 7 10 0.025022473 
20 538 5 8 0.025008047 
39 403 9 13 0.025004404 
83 572 5 9 0.024998523 
857 104 11 22 0.02496934 
353 457 6 10 0.024963444 
875 411 7 22 0.024945868 
804 280 15 26 0.02493066 
708 434 9 28 0.024915619 
363 375 9 17 0.024899678 
952 312 7 16 0.024880996 
338 625 5 10 0.024875443 
298 -4 7 11 0.024872687 
514 187 64 86 0.024851408 
42 419 7 10 0.024847208 
806 135 15 19 0.024831252 
936 -5 9 12 0.024824962 
947 214 15 30 0.024807526 
159 611 5 9 0.024762766 
840 397 17 36 0.02473917 
336 378 9 14 0.024727514 
235 451 6 17 0.024709884 
157 -16 8 13 0.024701837 
194 429 9 17 0.024677942 
951 299 8 15 0.02467647 
771 567 7 20 0.02467022 
28 -188 193 146 0.024665521 
899 396 9 23 0.024627797 
831 293 13 26 0.024622075 
3 27 8 21 0.024607945 
207 -7 9 18 0.024581317 
695 -5 7 11 0.024579834 
297 -17 9 14 0.024579147 
3 244 32 45 0.024574641 
794 363 11 22 0.024566837 
669 297 11 21 0.024533875 
31 472 6 9 0.024517253 
173 577 5 6 0.024516124 
5 470 5 12 0.024505278 
761 510 8 12 0.024436308 
136 578 4 7 0.02442231 
504 111 7 12 0.024418898 
406 343 20 29 0.024411233 
475 478 8 18 0.024407508 
167 204 34 63 0.024403654 
573 486 11 26 0.024379283 
236 613 4 8 0.024360029 
251 452 6 14 0.024359439 
147 628 5 7 0.02435435 
242 155 14 27 0.024327712 
668 322 8 21 0.024314022 
683 37 7 11 0.024303129 
823 238 11 18 0.024293097 
415 548 5 11 0.024291322 
25 143 13 21 0.02428726 
834 107 10 18 0.024284119 
973 13 15 22 0.024275014 
7 -180 64 107 0.024267655 
337 -15 7 13 0.024263443 
641 400 9 20 0.02426143 
135 560 5 9 0.024249673 
385 135 9 17 0.024233723 
475 376 34 51 0.024221392 
20 639 4 8 0.024187703 
795 109 10 19 0.024175435 
567 455 8 16 0.024167972 
5 457 6 12 0.024121795 
105 284 83 116 0.02412019 
670 37 7 11 0.02411723 
550 367 13 29 0.024114845 
205 253 15 26 0.024107061 
838 592 8 20 0.024095252 
425 449 12 25 0.024082886 
669 397 9 25 0.024065865 
26 27 11 22 0.024063999 
871 18 10 14 0.024036584 
857 89 11 26 0.024003914 
382 343 15 30 0.02399297 
822 533 8 12 0.023986394 
327 586 4 10 0.023976479 
273 510 6 10 0.02396024 
997 264 13 28 0.023951916 
222 522 5 11 0.02393776 
91 312 9 15 0.023922093 
463 441 10 17 0.023907928 
166 228 13 26 0.023907775 
476 458 9 14 0.02389012 
607 37 6 12 0.023878586 
677 399 10 23 0.023876125 
206 449 9 21 0.023862815 
1005 418 5 12 0.02386135 
885 9 8 11 0.023852576 
402 361 38 63 0.023850901 
543 -4 6 10 0.023849139 
78 183 34 71 0.023847003 
341 587 5 8 0.023829097 
547 200 19 36 0.023821296 
782 269 13 25 0.023818247 
797 -6 7 13 0.023750635 
84 524 6 9 0.023748921 
818 293 13 24 0.023748565 
982 3 45 74 0.023718737 
170 272 10 19 0.023712128 
241 265 31 48 0.023709767 
911 6 9 16 0.023691986 
435 439 11 22 0.023684984 
401 134 7 15 0.023659516 
780 367 10 17 0.023652686 
615 281 11 21 0.02365153 
94 171 28 54 0.023633504 
998 211 17 30 0.023626756 
850 531 7 12 0.0236209 
301 583 6 12 0.023619168 
260 468 7 13 0.023614869 
820 332 10 25 0.023599017 
555 -4 7 10 0.0235977 
873 107 10 22 0.023597263 
616 374 9 19 0.023549166 
613 218 12 24 0.023543417 
119 331 7 10 0.023536533 
38 122 12 17 0.023523226 
216 222 20 32 0.023522034 
58 538 5 7 0.023519602 
571 595 5 16 0.023515671 
248 485 7 11 0.023501186 
173 613 4 8 0.023491574 
693 373 9 23 0.023472622 
398 501 10 24 0.023469526 
753 319 12 26 0.023457272 
340 509 6 12 0.02345713 
206 424 12 23 0.023451647 
900 675 7 14 0.023435839 
785 33 7 16 0.023412548 
975 283 9 22 0.02339676 
807 18 10 17 0.023382787 
832 385 13 33 0.023357125 
477 438 10 19 0.02333066 
221 534 5 12 0.023326341 
314 608 5 12 0.023323208 
164 212 15 29 0.023320952 
306 79 12 21 0.023308022 
1007 6 16 18 0.023305185 
634 229 19 34 0.023283893 
576 194 13 21 0.023263184 
388 -2 7 8 0.023245044 
858 19 11 15 0.023233797 
62 278 14 26 0.023233192 
388 569 7 11 0.023226129 
567 -5 7 12 0.023213452 
962 149 77 91 0.02320236 
150 151 18 32 0.02318831 
550 429 10 17 0.023187008 
960 269 11 23 0.023157833 
288 458 5 11 0.023143394 
298 124 7 13 0.023109987 
558 609 5 15 0.023109805 
306 279 16 30 0.023103628 
510 426 14 21 0.023102453 
728 244 11 22 0.023101041 
60 659 344 312 0.023091208 
809 4 9 18 0.023044478 
239 496 5 10 0.023036305 
181 277 14 29 0.023022765 
57 330 7 13 0.022989022 
694 4 9 19 0.022974748 
118 178 29 56 0.02296777 
465 419 11 24 0.022945771 
468 359 18 24 0.0229419 
985 265 13 28 0.022934075 
251 589 4 9 0.022924542 
221 481 6 14 0.022906827 
108 625 5 7 0.02289855 
173 597 5 8 0.022897445 
292 254 15 28 0.022869216 
353 611 5 9 0.022849584 
250 229 29 47 0.022831928 
95 671 7 13 0.022822512 
946 245 12 22 0.022785855 
222 6 8 15 0.022775931 
530 -4 6 11 0.022768809 
786 221 18 22 0.022736447 
556 491 8 18 0.022707622 
194 411 10 20 0.022707358 
477 521 6 12 0.022706855 
191 384 14 25 0.022704797 
120 559 5 9 0.022694256 
225 106 34 61 0.022682123 
971 26 14 22 0.022680897 
272 676 6 9 0.022677457 
618 325 8 20 0.022644259 
132 -13 8 11 0.022637079 
576 448 10 22 0.02262369 
988 188 33 53 0.022614263 
344 281 14 26 0.022612523 
289 336 21 26 0.022600194 
8 402 18 35 0.022589622 
586 279 15 30 0.02256817 
709 -6 7 11 0.02256422 
269 -35 12 18 0.022548314 
911 -5 9 12 0.022546845 
822 -15 7 11 0.022531874 
279 375 13 19 0.02251712 
52 39 9 27 0.022499772 
299 600 5 10 0.022497822 
348 -14 7 11 0.022493312 
339 317 23 30 0.022491477 
310 156 28 46 0.022490203 
900 336 9 20 0.022463745 
495 236 33 55 0.02245315 
206 436 10 22 0.022413006 
400 -3 7 8 0.022409024 
582 20 6 14 0.022400994 
458 318 16 28 0.022388773 
607 62 6 11 0.022388622 
554 481 7 14 0.022373958 
396 485 12 27 0.02234864 
766 351 15 21 0.022340404 
33 590 4 7 0.022328988 
414 125 5 11 0.022317454 
677 275 15 29 0.022315916 
628 461 13 31 0.022306878 
345 199 30 51 0.02230423 
871 87 11 27 0.022279443 
897 8 8 14 0.022278903 
552 441 8 16 0.022257874 
170 55 129 188 0.022253158 
250 655 5 5 0.022243109 
236 655 5 6 0.022238243 
169 260 10 19 0.022223242 
592 -6 8 13 0.022211082 
294 268 14 26 0.022199126 
487 438 13 23 0.022190575 
574 462 11 24 0.02217939 
579 -5 8 12 0.022157228 
549 413 11 21 0.022154106 
669 87 8 12 0.022126565 
419 316 21 35 0.02212611 
467 462 8 17 0.02212378 
110 510 4 9 0.022096101 
395 412 14 22 0.022086445 
230 137 15 31 0.022058325 
185 216 32 56 0.022050148 
795 545 8 13 0.022032892 
759 32 8 17 0.022025567 
679 412 10 22 0.022017183 
54 314 9 14 0.021987058 
291 240 34 62 0.021977348 
67 119 9 18 0.021976717 
219 448 9 24 0.021974597 
682 -5 8 11 0.021955166 
474 245 13 24 0.021941643 
847 330 13 32 0.021935089 
33 603 4 6 0.02193219 
741 423 10 23 0.021931607 
183 294 11 22 0.021916546 
236 468 6 15 0.021905651 
849 606 8 18 0.021905247 
694 280 10 22 0.021884572 
396 450 12 26 0.021883605 
385 33 7 12 0.021880994 
292 375 14 19 0.02187539 
844 86 13 29 0.021852408 
472 329 21 34 0.021843998 
5 508 5 12 0.021836195 
936 245 10 19 0.021828018 
232 157 12 22 0.021821162 
684 87 7 12 0.021819092 
104 65 8 21 0.02180279 
758 256 12 24 0.021800194 
503 509 8 12 0.02179542 
884 190 13 24 0.021794213 
530 503 9 17 0.021786503 
986 -34 8 20 0.021776 
494 530 7 12 0.021767957 
667 410 10 22 0.021765081 
362 -2 8 9 0.02174764 
729 233 13 22 0.021745224 
728 269 11 23 0.021729922 
230 138 33 63 0.021689031 
327 298 22 30 0.021686783 
593 19 7 14 0.021679925 
843 293 12 26 0.021676457 
505 56 6 16 0.021670897 
817 307 13 23 0.021662991 
647 433 8 13 0.021652266 
574 330 13 31 0.021650217 
238 509 5 11 0.021643214 
933 231 13 26 0.021642383 
395 316 18 36 0.021623824 
695 383 10 25 0.02161474 
251 572 4 11 0.021605527 
886 -2 8 9 0.021597555 
349 541 9 20 0.021566248 
768 167 14 24 0.021563621 
950 326 7 18 0.021556174 
217 369 33 53 0.021536026 
746 382 7 14 0.021530995 
439 534 6 11 0.021510398 
777 210 17 22 0.021505557 
413 534 6 14 0.021503 
424 437 12 23 0.021501211 
328 493 5 11 0.021479575 
984 56 10 18 0.021478374 
560 339 16 35 0.021438302 
130 672 8 13 0.021430844 
874 187 77 99 0.021424152 
397 343 17 28 0.021407511 
602 312 10 22 0.021404665 
222 510 6 11 0.021399383 
763 367 7 13 0.021399332 
570 22 5 13 0.021367064 
1 135 13 28 0.021328086 
949 15 9 20 0.02130028 
715 320 10 23 0.02129697 
766 280 13 26 0.02129397 
403 569 7 12 0.021276196 
42 624 6 8 0.021273656 
541 573 5 14 0.021256482 
454 505 7 19 0.021251954 
150 48 17 33 0.021250783 
560 283 14 21 0.021229872 
78 120 10 17 0.021225724 
686 261 17 35 0.021223571 
796 5 8 19 0.02121241 
251 601 5 8 0.021202043 
296 284 12 21 0.02119508 
605 -5 7 12 0.021177705 
733 521 7 13 0.021160733 
67 39 8 26 0.021159125 
406 320 17 31 0.021154448 
179 175 13 20 0.021153284 
478 507 6 15 0.021122009 
562 383 13 29 0.021116106 
336 673 7 11 0.021081502 
271 236 30 51 0.021058114 
147 562 4 8 0.02105499 
619 313 8 19 0.02105212 
291 323 16 21 0.021030841 
238 523 5 10 0.020951318 
327 600 4 9 0.020948017 
977 441 6 13 0.020941569 
61 216 16 37 0.020935042 
33 616 4 6 0.02091002 
285 584 7 12 0.020903613 
719 -6 8 12 0.020902926 
476 32 7 13 0.020886196 
747 32 8 16 0.020877598 
48 17 11 22 0.020872522 
771 32 8 17 0.020869274 
867 341 14 29 0.020853909 
261 665 6 6 0.02084577 
771 578 8 28 0.020803366 
756 338 10 19 0.020801619 
333 302 41 62 0.020793414 
75 215 19 44 0.0207881 
750 300 7 14 0.020782799 
386 582 7 12 0.020775571 
361 698 8 15 0.020729253 
806 201 17 30 0.02071915 
772 -5 7 11 0.020710511 
985 11 21 22 0.020703219 
518 -5 6 13 0.020670211 
733 35 7 13 0.020668864 
652 172 15 22 0.020662947 
1003 647 5 12 0.02066186 
339 574 5 10 0.020546252 
32 538 5 7 0.020538261 
751 222 31 53 0.02051381 
961 244 13 24 0.020477679 
716 305 9 24 0.02047681 
882 207 14 24 0.020467894 
640 236 37 61 0.020466592 
900 284 9 19 0.020465061 
286 527 6 9 0.020453207 
415 572 7 11 0.020449935 
305 375 14 20 0.020442026 
480 252 73 82 0.020438433 
701 200 18 26 0.020405952 
785 -5 7 11 0.020386295 
85 591 4 7 0.020385778 
590 334 12 29 0.020377362 
149 124 39 67 0.0203657 
925 149 74 77 0.020363186 
746 509 7 9 0.020359335 
286 698 6 13 0.020355094 
395 424 13 22 0.020353602 
28 178 32 61 0.020342404 
23 382 16 28 0.020339724 
554 499 8 17 0.020307392 
531 -15 5 12 0.020305263 
235 625 5 8 0.020300478 
974 242 13 28 0.0202987 
161 136 17 32 0.020248549 
797 18 8 17 0.020246072 
901 328 7 16 0.020224676 
583 219 17 32 0.020224126 
58 624 5 8 0.02020679 
423 420 14 28 0.020202102 
352 469 7 12 0.02018499 
168 245 12 23 0.020175023 
491 49 5 12 0.020171663 
746 257 10 21 0.0201704 
848 593 9 18 0.020167273 
491 324 35 49 0.020107768 
1 405 12 30 0.020105135 
155 460 195 223 0.020101814 
848 544 8 16 0.02010028 
270 684 10 14 0.020091837 
78 35 11 29 0.020084873 
63 193 13 23 0.020067517 
684 70 6 16 0.020065833 
859 422 10 24 0.020064717 
667 284 12 22 0.020053195 
648 228 18 32 0.020027183 
531 57 5 15 0.020026563 
1014 -4 10 13 0.020023094 
821 18 12 17 0.019993177 
708 5 8 17 0.01999317 
603 541 8 20 0.019991662 
759 -4 7 11 0.019947365 
1 336 12 22 0.01994275 
269 299 34 50 0.019935124 
924 497 14 12 0.019922823 
989 441 8 13 0.019916596 
5 522 5 11 0.019891521 
794 281 13 25 0.019887442 
339 638 5 10 0.019885372 
185 664 6 7 0.01988314 
862 529 8 13 0.019880366 
320 376 12 18 0.019845247 
2 362 12 21 0.019827984 
360 300 36 61 0.019823696 
250 664 5 6 0.019813815 
696 399 9 21 0.019808823 
883 571 11 16 0.019773714 
207 -21 10 18 0.019770054 
852 510 8 14 0.019745931 
784 564 9 25 0.019744901 
261 656 5 6 0.01973803 
864 578 23 33 0.019720403 
915 415 6 13 0.019717008 
360 562 12 21 0.019705048 
856 358 11 26 0.019697083 
197 627 6 8 0.01966453 
349 551 10 21 0.01965742 
730 283 10 20 0.019649997 
886 545 7 14 0.019632736 
211 195 36 52 0.019626688 
1004 75 8 13 0.019622205 
93 213 33 59 0.019609863 
184 47 75 108 0.019539889 
760 289 7 15 0.019534318 
213 295 28 50 0.019518312 
191 192 33 50 0.01950617 
729 167 27 44 0.01948689 
808 386 9 24 0.0194779 
70 588 5 8 0.019472063 
538 163 66 86 0.019441713 
45 522 5 9 0.019409431 
695 417 7 17 0.019368416 
260 336 42 57 0.01935712 
835 344 9 24 0.019338356 
238 535 4 11 0.019329803 
530 32 5 13 0.019320244 
299 701 6 12 0.01930476 
207 121 34 64 0.019303406 
476 534 7 13 0.019262746 
518 56 6 17 0.01924971 
846 307 11 24 0.019244097 
885 409 8 22 0.019240692 
121 672 8 13 0.019225078 
570 58 5 16 0.019218799 
313 274 22 38 0.019215995 
83 665 4 9 0.019214472 
735 322 8 19 0.019209718 
518 -16 6 13 0.019202571 
822 593 8 19 0.019186562 
835 360 9 24 0.019182514 
619 299 9 17 0.01916458 
555 542 9 20 0.019117586 
162 154 17 29 0.01911462 
216 692 14 22 0.019109664 
708 416 6 17 0.019091273 
35 6 13 15 0.019090628 
908 247 10 20 0.019088121 
283 144 36 55 0.019085716 
235 588 5 9 0.01908377 
555 20 6 15 0.019062158 
516 683 8 20 0.019059964 
832 320 10 26 0.019056516 
232 317 34 57 0.019043678 
249 470 5 12 0.019042108 
695 427 7 17 0.019016355 
534 481 6 13 0.018996516 
504 -2 5 10 0.018980803 
576 397 12 27 0.018976001 
618 -5 7 12 0.018957123 
76 278 15 27 0.018952549 
926 189 92 106 0.018931203 
899 -3 8 10 0.01891408 
985 41 12 19 0.018901197 
257 484 8 13 0.018889004 
31 426 7 15 0.018865932 
717 151 75 70 0.018865732 
90 -3 11 12 0.018859485 
669 -5 7 12 0.018849824 
218 -35 12 19 0.018846726 
579 58 6 17 0.01883165 
572 609 5 15 0.018814735 
654 417 9 16 0.018798828 
187 630 5 6 0.018792927 
669 70 8 14 0.018762857 
445 330 16 27 0.018749317 
223 624 6 10 0.018725952 
289 352 21 29 0.018717483 
463 149 82 97 0.01870401 
595 43 6 15 0.018698072 
770 498 6 12 0.018690132 
161 317 28 48 0.018673101 
353 624 4 9 0.018641226 
6 557 5 13 0.018627863 
457 387 33 55 0.018609125 
799 302 10 17 0.018605204 
1004 442 8 16 0.01859545 
862 295 10 23 0.018582186 
45 538 5 7 0.018577501 
222 655 6 7 0.018542659 
552 527 9 22 0.018422075 
750 291 6 13 0.018421456 
198 613 6 8 0.018417696 
854 370 11 25 0.018387841 
509 451 13 26 0.018366957 
349 124 31 50 0.018357536 
999 158 31 42 0.018355481 
387 385 42 61 0.018350137 
708 451 7 19 0.018337715 
1004 660 6 14 0.018322181 
264 641 4 7 0.018316736 
746 533 6 12 0.018289557 
33 625 5 7 0.018286556 
903 663 4 10 0.018277168 
847 584 10 17 0.018253049 
858 387 10 23 0.018251684 
4 152 168 211 0.018235236 
289 285 36 56 0.018215898 
601 295 12 23 0.018209236 
555 8 6 15 0.018203447 
639 461 11 27 0.018202672 
193 -199 225 144 0.01816015 
820 173 70 86 0.018148234 
915 207 22 33 0.018143158 
207 675 11 12 0.01812362 
566 315 37 77 0.018117262 
3 314 9 16 0.018113934 
747 520 7 13 0.018102119 
490 0 7 10 0.018083327 
719 443 10 27 0.018082077 
761 498 7 10 0.018049369 
724 392 5 14 0.018042166 
1015 671 7 20 0.018041888 
62 398 101 113 0.01803686 
733 312 9 17 0.018030431 
206 410 13 25 0.018018467 
206 692 12 24 0.018006548 
886 443 5 15 0.017995635 
250 284 32 45 0.01799134 
321 171 29 49 0.017954914 
410 483 11 29 0.017949661 
222 496 5 12 0.017940879 
387 280 32 56 0.01792406 
379 256 29 49 0.017915541 
633 572 5 12 0.017913107 
327 611 5 10 0.01790941 
195 114 29 58 0.017906675 
300 137 34 45 0.017880447 
429 534 6 13 0.017867666 
97 576 4 8 0.017845493 
327 508 5 12 0.017844459 
591 313 32 77 0.017833935 
203 311 166 247 0.017790953 
924 248 9 17 0.01778752 
183 597 6 8 0.01777845 
14 25 150 204 0.017738461 
397 438 11 20 0.017715238 
633 430 6 12 0.01768163 
406 303 19 32 0.017676733 
543 -14 6 11 0.017631931 
730 496 11 11 0.017629137 
454 50 4 11 0.017618926 
538 543 8 17 0.017598346 
956 376 4 16 0.017550658 
168 671 9 12 0.01754637 
780 249 17 29 0.017538514 
441 550 5 8 0.017530618 
353 653 5 7 0.017527828 
450 315 36 54 0.017512051 
589 384 11 26 0.017511984 
429 551 5 8 0.017496724 
587 408 14 30 0.017489996 
486 293 30 50 0.017488176 
873 624 6 14 0.017470587 
904 651 4 11 0.017463647 
19 262 35 54 0.017429935 
428 252 165 181 0.017377196 
650 253 16 29 0.017355729 
299 635 5 11 0.01733906 
965 212 36 60 0.01729413 
455 519 6 14 0.017257467 
427 561 5 8 0.017256068 
117 114 29 54 0.017242987 
63 -4 17 14 0.017233634 
204 396 14 27 0.017227788 
702 385 10 22 0.01721226 
207 680 13 19 0.01720972 
18 440 7 16 0.017204165 
170 352 34 57 0.017183432 
545 250 42 65 0.017168235 
975 265 11 27 0.017167768 
652 271 12 22 0.017154375 
390 556 8 15 0.017147591 
1 3 13 21 0.017120467 
217 90 30 54 0.01710865 
536 290 32 48 0.017088514 
268 269 33 50 0.017080065 
681 5 8 20 0.01706735 
47 252 37 65 0.017062893 
779 143 16 25 0.017059704 
346 362 11 17 0.017040493 
785 579 8 23 0.017035414 
411 501 9 23 0.017013038 
467 219 29 47 0.016998405 
24 14 13 22 0.01698075 
210 663 6 7 0.016947135 
263 675 372 288 0.01693886 
425 502 9 23 0.016931819 
408 379 18 33 0.016930955 
516 521 6 12 0.016928509 
1014 57 11 17 0.01690257 
868 360 13 26 0.016893342 
811 594 7 19 0.016872266 
43 333 43 66 0.016864732 
175 55 26 56 0.016859718 
966 392 5 15 0.016852243 
924 374 8 19 0.016847495 
6 574 4 11 0.016845742 
350 700 7 13 0.01684136 
819 57 29 64 0.0168324 
229 671 16 14 0.016813308 
998 -136 13 45 0.0168043 
535 524 12 25 0.016803158 
222 663 8 8 0.016795833 
235 640 5 8 0.016767463 
565 415 10 19 0.01671986 
837 605 8 24 0.016697172 
251 642 4 6 0.016695745 
285 637 7 11 0.01667062 
76 10 17 29 0.016668666 
603 238 27 55 0.016663212 
312 623 5 10 0.016658617 
795 571 11 27 0.016646523 
282 -35 14 19 0.016583052 
528 512 11 21 0.016558658 
901 412 7 18 0.016556436 
999 -35 9 24 0.016545944 
748 -5 6 11 0.016544491 
4 169 9 19 0.016537769 
255 186 142 153 0.016522862 
428 519 7 18 0.01650216 
634 454 7 18 0.016491586 
704 401 9 19 0.016482461 
603 422 12 24 0.0164722 
463 166 31 42 0.016468003 
449 354 37 48 0.016467974 
211 251 31 50 0.0164648 
771 5 8 21 0.016463147 
634 443 7 14 0.016414952 
565 442 9 17 0.016407881 
293 -34 12 19 0.016399587 
657 -5 7 12 0.016398339 
492 491 7 15 0.016384771 
160 249 34 62 0.01637586 
505 48 5 13 0.016374147 
581 43 6 17 0.016355142 
160 87 31 53 0.016354643 
102 444 111 118 0.016350525 
631 -5 7 13 0.016323933 
780 291 14 28 0.01632378 
860 -12 8 8 0.016316691 
606 18 8 14 0.016312048 
822 523 7 10 0.016299656 
608 389 7 16 0.016296454 
642 452 9 20 0.016292693 
260 695 8 20 0.016245957 
682 17 8 17 0.016245797 
900 314 7 15 0.016232077 
619 19 7 14 0.016229976 
534 212 16 31 0.016216142 
389 543 9 16 0.016212832 
532 453 7 16 0.016204644 
809 -15 7 11 0.0162031 
207 319 29 46 0.016198425 
579 609 6 17 0.016191132 
329 624 4 9 0.016187314 
3 326 10 19 0.016108451 
590 526 9 24 0.016107263 
243 118 28 60 0.01610029 
676 220 35 54 0.016075844 
509 338 31 57 0.016055206 
418 637 14 12 0.015989652 
69 146 32 52 0.015987566 
177 138 16 30 0.015973192 
644 417 8 15 0.015971573 
746 364 7 15 0.015957257 
340 223 33 58 0.015951365 
311 492 6 12 0.01594986 
823 148 25 39 0.015940016 
463 25 6 10 0.0159209 
656 19 8 15 0.015920326 
196 279 32 52 0.015908748 
6 624 5 10 0.01588394 
740 435 12 27 0.01586738 
37 0 11 9 0.015862353 
654 400 9 22 0.015853856 
733 -5 7 10 0.015848588 
536 230 16 31 0.015837608 
822 180 25 46 0.015813181 
5 650 5 12 0.015790295 
899 298 8 17 0.0157859 
387 529 10 19 0.015751747 
945 137 29 41 0.015741926 
5 640 5 9 0.015737103 
575 280 15 26 0.01572904 
991 215 33 56 0.015708765 
350 567 8 17 0.015702957 
185 613 6 9 0.015684484 
184 359 40 61 0.015670445 
416 643 20 16 0.015664237 
829 563 13 28 0.01565801 
812 573 10 23 0.015632646 
847 553 9 18 0.015614948 
128 19 31 57 0.015601739 
669 18 9 16 0.015589258 
286 675 6 8 0.015587809 
507 293 29 49 0.01558462 
606 370 9 22 0.015576882 
549 339 36 75 0.015572021 
299 505 6 13 0.015570683 
760 271 10 20 0.015534422 
138 97 36 57 0.015526417 
630 511 8 11 0.015512289 
203 387 36 65 0.0154829845 
550 513 9 19 0.015480934 
366 547 16 28 0.015471753 
467 531 9 16 0.015466792 
220 433 10 23 0.015462879 
374 320 32 57 0.015458051 
744 498 8 9 0.015444871 
352 597 5 10 0.015439513 
208 625 8 10 0.015423025 
882 345 14 28 0.015408195 
847 569 9 17 0.015391407 
358 205 33 57 0.015390799 
370 139 27 49 0.015384117 
568 7 6 15 0.01537878 
423 481 12 30 0.015358051 
889 623 6 13 0.015349983 
630 18 8 14 0.015334395 
566 428 9 18 0.015295585 
888 675 6 13 0.015273257 
758 5 8 20 0.0152559625 
817 156 17 28 0.015226741 
373 688 8 14 0.01521775 
567 638 6 11 0.015200923 
219 674 15 13 0.015190919 
1000 56 11 18 0.015178055 
644 20 8 13 0.015175503 
874 450 7 25 0.015164517 
217 682 16 18 0.015161242 
417 583 5 10 0.015160003 
784 173 17 26 0.015141973 
476 23 7 11 0.015138604 
518 47 5 14 0.01512246 
593 61 6 14 0.015111171 
195 671 10 12 0.015087373 
55 131 35 53 0.015063931 
193 57 26 58 0.015043506 
885 362 10 20 0.015025627 
63 239 34 60 0.01499507 
235 571 6 12 0.014949051 
655 386 8 23 0.0149277765 
998 -112 11 51 0.014903551 
531 47 5 15 0.014899978 
299 526 6 10 0.014892052 
170 -165 34 18 0.014877795 
1013 -142 12 33 0.014876034 
574 352 15 32 0.014868379 
505 -17 6 13 0.0148652755 
434 369 35 54 0.014853662 
564 288 33 57 0.014835015 
875 635 6 15 0.014832284 
833 317 32 71 0.014822797 
28 411 11 19 0.014813384 
22 92 34 57 0.014804898 
605 580 6 23 0.014802311 
820 220 33 52 0.014797951 
225 53 29 51 0.014790805 
570 47 5 16 0.014785367 
534 70 169 179 0.014780283 
844 206 29 51 0.014779707 
784 5 8 20 0.0147563405 
644 -5 7 12 0.014744206 
378 182 26 41 0.014740223 
2 -3 10 13 0.01473568 
889 638 4 11 0.014709776 
353 199 144 158 0.014708215 
888 559 7 16 0.014698834 
210 612 6 9 0.014690908 
635 175 20 27 0.01468841 
327 525 5 12 0.014683965 
211 168 33 52 0.014679206 
747 273 8 17 0.0146669485 
499 491 11 19 0.014660741 
883 530 8 14 0.014637427 
713 157 150 171 0.014637195 
749 173 27 42 0.014619806 
797 -15 7 11 0.014619119 
363 -163 32 16 0.014614489 
847 622 7 20 0.014604824 
87 250 33 56 0.014597346 
370 696 13 18 0.014592683 
533 468 6 14 0.014549718 
580 7 7 15 0.014529386 
446 207 27 47 0.014526745 
924 392 6 16 0.014518732 
566 512 10 23 0.014514967 
24 -18 14 14 0.014483652 
402 -100 913 650 0.014483543 
72 637 4 9 0.014457239 
731 509 10 11 0.014455024 
284 688 8 12 0.014448511 
591 352 13 32 0.014442206 
329 664 5 9 0.014436917 
382 513 14 24 0.014423714 
411 515 8 20 0.0144232875 
438 522 6 15 0.014416966 
159 671 8 12 0.014410259 
1016 -15 8 14 0.0144075705 
890 664 4 10 0.014405586 
772 123 61 72 0.0143994745 
593 7 7 16 0.014397641 
286 507 7 12 0.014365879 
403 584 5 9 0.014361188 
26 663 9 14 0.014344837 
848 65 152 153 0.014334106 
408 129 81 100 0.014324085 
589 207 25 49 0.0143217845 
410 421 13 27 0.014318492 
923 404 6 17 0.014297194 
345 555 39 68 0.014292039 
425 312 38 57 0.01428337 
867 623 5 14 0.01428141 
817 353 29 72 0.0142787 
352 641 4 8 0.014277404 
350 678 6 8 0.014268354 
1012 39 13 21 0.014258498 
634 583 4 14 0.014254605 
328 654 5 8 0.014244057 
388 -164 34 17 0.014243392 
1009 25 16 24 0.014210352 
577 346 38 82 0.014198766 
311 700 6 12 0.014163629 
419 219 27 43 0.014161777 
587 434 13 27 0.01415648 
804 316 14 28 0.01415113 
388 9 7 11 0.0141412215 
310 -30 8 15 0.014137047 
114 282 34 61 0.014108088 
613 108 98 88 0.014094742 
521 298 32 54 0.014089258 
694 18 9 16 0.014083451 
904 138 29 46 0.014074158 
251 614 4 8 0.014052261 
178 155 14 26 0.014051519 
819 126 30 42 0.014049657 
558 35 4 14 0.014031616 
620 508 8 12 0.014010402 
365 522 19 34 0.013995978 
333 100 93 98 0.013995886 
312 524 6 11 0.01398573 
80 21 27 68 0.01395354 
715 158 27 47 0.013944849 
211 64 28 54 0.013941138 
142 221 30 61 0.013937344 
514 506 8 13 0.013904942 
531 24 5 12 0.013899954 
862 611 7 12 0.0138590075 
989 -166 24 24 0.013855906 
757 421 10 23 0.01383675 
147 672 6 11 0.013833718 
288 365 45 63 0.013823939 
262 684 9 14 0.013820332 
108 152 29 54 0.013819623 
823 397 13 29 0.013812347 
836 534 6 11 0.0137868235 
63 272 37 61 0.013726929 
483 173 30 38 0.01372376 
998 72 36 50 0.013700504 
807 398 11 27 0.013636708 
337 -163 33 16 0.013618594 
732 297 8 18 0.013601643 
385 23 7 11 0.013599506 
207 -35 11 18 0.013575028 
14 -15 12 13 0.013574365 
592 184 25 41 0.013547384 
502 694 11 19 0.013543369 
491 32 6 12 0.0135411285 
886 429 6 17 0.01352609 
493 511 6 11 0.013523342 
963 20 34 60 0.013521924 
312 506 6 14 0.013513835 
238 545 5 12 0.013513536 
195 240 32 51 0.01349735 
413 -2 7 7 0.0134764 
544 9 6 13 0.013461004 
690 199 34 50 0.013438077 
969 123 32 44 0.013419654 
543 59 5 14 0.013417445 
736 197 30 42 0.013411802 
300 652 5 9 0.013410641 
124 262 31 53 0.013408193 
570 625 5 12 0.013405646 
483 404 35 57 0.013392414 
616 438 8 19 0.013379895 
362 610 6 10 0.013361897 
719 5 8 17 0.013345977 
272 542 285 202 0.013337912 
936 241 35 58 0.013325662 
784 17 8 18 0.013302211 
361 577 10 19 0.0132968025 
210 654 6 7 0.013282997 
50 171 41 68 0.013243095 
995 708 17 45 0.013236542 
412 -163 37 16 0.013229219 
813 535 5 9 0.013225723 
779 424 12 25 0.013219984 
630 517 8 11 0.013169657 
586 268 36 66 0.013161529 
220 638 8 10 0.013154402 
326 700 6 12 0.013130871 
362 -16 8 12 0.013127942 
786 -14 5 11 0.013126606 
998 37 14 22 0.013121858 
761 -13 5 9 0.0131125245 
911 675 7 14 0.013104291 
430 75 5 10 0.013087749 
914 651 4 10 0.01307482 
338 700 6 13 0.013062958 
374 -15 7 11 0.013060296 
773 -14 6 10 0.013060234 
195 -164 35 17 0.0130471 
1003 115 34 53 0.013021329 
245 675 10 9 0.013020374 
30 653 6 9 0.012999366 
864 559 7 14 0.012990804 
514 162 28 44 0.012986415 
495 200 29 47 0.012983739 
66 27 10 24 0.012973378 
517 675 6 12 0.012972511 
827 39 29 48 0.012951001 
372 677 7 10 0.012925143 
810 559 7 16 0.0129078785 
489 452 13 24 0.01290534 
901 622 7 14 0.012902515 
8 -171 23 36 0.012900263 
441 562 5 7 0.012893883 
544 22 5 13 0.012885194 
896 -45 186 192 0.012876675 
700 265 30 67 0.012872736 
488 697 11 15 0.0128696775 
986 -47 9 22 0.012865782 
1011 -96 11 43 0.012840555 
311 -163 34 16 0.012836498 
181 122 30 59 0.012830078 
463 0 7 8 0.012822736 
414 150 28 46 0.012819875 
669 6 8 18 0.012796397 
320 -198 247 141 0.012773407 
351 688 7 12 0.012762877 
809 166 30 47 0.012761544 
887 497 9 12 0.012752679 
517 653 5 9 0.012746863 
999 -53 10 31 0.012728052 
453 532 8 14 0.012720438 
556 -13 5 10 0.012711967 
679 141 34 44 0.012707935 
111 55 31 64 0.012703414 
638 103 32 39 0.012685891 
954 682 48 111 0.012685042 
562 194 15 24 0.012665732 
251 628 4 7 0.012649319 
402 60 5 14 0.0126225 
779 451 12 28 0.012609481 
377 -166 29 14 0.012606038 
351 -166 29 14 0.012587622 
350 582 8 14 0.012573034 
898 559 8 15 0.012539382 
647 652 6 8 0.012529997 
992 96 29 50 0.012515858 
208 639 9 10 0.0125151845 
601 434 12 23 0.01251237 
400 -11 7 9 0.012497473 
862 543 6 13 0.012477209 
410 395 33 61 0.01247587 
284 708 9 21 0.012472339 
746 148 29 41 0.012454081 
351 666 5 6 0.012441913 
409 459 13 28 0.012436874 
505 32 5 12 0.012431651 
571 253 35 68 0.012427046 
899 683 9 19 0.012425524 
1003 300 25 67 0.012423269 
280 65 30 48 0.012413573 
681 428 8 17 0.01240697 
981 232 31 57 0.012397532 
144 -165 34 18 0.012397434 
814 271 33 59 0.012386014 
874 107 34 49 0.012348261 
544 625 4 12 0.012317837 
605 7 8 16 0.012300096 
426 -1 7 7 0.012293843 
605 492 9 15 0.012276541 
622 569 4 16 0.012275745 
708 18 8 15 0.012273847 
362 688 7 12 0.012268277 
439 503 7 21 0.012250401 
370 106 33 60 0.012234163 
478 0 6 9 0.012223587 
362 593 8 13 0.012218637 
373 578 9 16 0.012218523 
492 -16 6 12 0.012200637 
491 365 35 59 0.012189701 
819 415 46 78 0.012176845 
285 -163 35 16 0.012158499 
363 639 5 8 0.012147475 
648 210 18 32 0.012135315 
31 637 5 8 0.012109305 
590 512 10 23 0.012101378 
655 651 7 10 0.012068746 
607 504 9 16 0.012066456 
707 139 34 43 0.012062328 
888 606 10 18 0.012058545 
617 151 33 39 0.012049174 
346 95 31 50 0.01204707 
924 513 16 19 0.012045106 
41 91 31 54 0.012044561 
747 -13 6 9 0.012027721 
527 682 10 21 0.012027098 
760 242 35 63 0.01202218 
540 311 33 62 0.012013009 
389 -12 7 9 0.012010616 
889 481 8 15 0.012006231 
325 -166 30 14 0.011980104 
476 697 11 15 0.01197814 
531 542 8 16 0.011976432 
62 2 18 19 0.011971461 
13 12 31 60 0.0119642215 
490 23 7 11 0.011950385 
322 -31 9 15 0.011949844 
424 574 6 10 0.011944553 
693 247 28 51 0.01191837 
856 143 29 46 0.011893754 
371 566 10 16 0.011885832 
801 392 38 68 0.011880233 
411 436 12 23 0.011879102 
605 528 8 20 0.011874582 
75 92 29 53 0.011870665 
1011 -124 12 47 0.0118703805 
709 -13 6 9 0.011869927 
932 88 32 43 0.011859892 
940 200 31 54 0.01185403 
236 558 5 12 0.011839975 
887 92 30 50 0.011836115 
619 8 7 15 0.01182529 
5 662 6 15 0.011811646 
945 106 32 40 0.011801704 
345 346 16 22 0.011755708 
437 -164 39 17 0.011742233 
667 261 18 33 0.011736629 
964 92 31 40 0.011729943 
457 228 66 79 0.011720528 
784 115 31 45 0.011713002 
262 676 7 9 0.011694662 
559 625 4 12 0.011679484 
441 614 4 9 0.011665704 
123 72 31 62 0.011665017 
639 148 34 40 0.011632473 
627 256 34 59 0.011626735 
114 210 29 57 0.011619005 
251 51 28 51 0.01160779 
914 662 5 10 0.011604591 
328 638 5 9 0.011590919 
639 285 33 64 0.011589571 
803 455 16 34 0.011578046 
888 454 6 17 0.011577233 
646 174 28 47 0.011576141 
95 26 27 65 0.01156193 
899 572 8 14 0.011556712 
310 338 46 73 0.011546431 
606 650 6 9 0.011543477 
567 663 7 11 0.011536542 
659 217 33 60 0.011527867 
748 6 7 17 0.011522076 
621 559 4 13 0.011510504 
923 206 33 63 0.011474102 
874 649 6 15 0.011459228 
619 530 7 14 0.011449568 
777 193 15 25 0.011426153 
871 209 30 47 0.011425581 
326 674 6 11 0.011417306 
556 463 29 63 0.011416569 
646 637 6 9 0.011409252 
903 639 5 11 0.01138706 
619 515 9 14 0.011386212 
32 308 42 65 0.011381366 
51 8 11 14 0.011378728 
224 397 29 50 0.011375879 
194 696 11 21 0.011372556 
4 276 32 49 0.0113700675 
157 -165 65 51 0.01134593 
520 32 4 12 0.0113232145 
846 67 31 63 0.011322111 
633 654 5 6 0.011313167 
149 388 37 64 0.011277988 
966 -175 45 57 0.011276829 
525 360 33 67 0.011268527 
3 259 16 24 0.0112646185 
498 133 30 48 0.011258874 
721 -13 6 9 0.011240761 
592 593 6 20 0.011240681 
767 303 13 26 0.011232872 
543 33 5 14 0.01121765 
180 331 34 56 0.011201752 
452 0 7 8 0.011189785 
894 214 17 28 0.011180192 
220 -164 37 17 0.011174236 
764 369 33 53 0.011171604 
846 636 7 16 0.01116561 
240 341 37 57 0.011126405 
-66 353 635 679 0.011119606 
515 495 7 15 0.011113411 
897 609 10 17 0.011090618 
833 211 75 109 0.011090414 
65 -15 12 12 0.011088671 
837 522 6 9 0.011080028 
844 123 31 42 0.011073957 
375 214 30 48 0.011072181 
1007 -165 17 22 0.011071434 
531 612 4 12 0.011068245 
459 68 32 52 0.011054006 
4 239 14 25 0.01105064 
801 256 31 52 0.011044262 
259 -163 36 16 0.011037509 
800 83 36 55 0.011011821 
867 247 28 54 0.011011488 
57 634 5 9 0.01099603 
887 683 9 19 0.0109895645 
995 22 19 25 0.010976192 
344 266 33 54 0.010958083 
617 311 28 76 0.010953149 
643 320 24 66 0.010951775 
570 225 21 39 0.010926639 
444 64 4 10 0.010926423 
982 140 34 46 0.010920962 
581 623 5 13 0.0109171 
504 673 7 13 0.010904081 
592 499 10 21 0.010895239 
42 635 6 9 0.010879208 
620 546 5 12 0.010876417 
890 651 4 10 0.010865404 
149 7 29 51 0.0108651575 
526 105 31 54 0.010862883 
399 9 8 10 0.01085569 
867 636 5 14 0.010835833 
54 -1 10 9 0.01083477 
97 275 33 56 0.010813739 
286 345 97 136 0.010808513 
362 397 34 54 0.010801214 
759 16 8 19 0.0107927965 
879 579 14 24 0.010789706 
768 180 75 84 0.010782543 
986 25 15 21 0.010772893 
769 420 12 27 0.010761231 
777 261 35 59 0.010749208 
643 513 8 9 0.010748848 
507 103 103 109 0.010737867 
796 365 31 68 0.010726304 
349 334 31 57 0.010712631 
921 228 14 27 0.010690049 
726 214 30 51 0.010643288 
804 113 34 48 0.010642054 
801 53 27 51 0.010634354 
400 46 6 14 0.010612973 
646 665 6 8 0.010595078 
142 346 36 55 0.010594849 
759 69 29 59 0.010574804 
735 -13 5 9 0.01055255 
988 459 8 11 0.010550993 
467 413 35 58 0.010531332 
173 25 31 55 0.010521781 
797 452 10 27 0.01051402 
38 -15 12 12 0.010505744 
461 -163 41 16 0.0105023915 
838 619 8 21 0.010501288 
909 231 13 27 0.010492418 
1010 700 13 38 0.010490383 
771 51 28 54 0.010486051 
737 542 5 19 0.010475347 
440 625 6 9 0.010466448 
633 560 5 12 0.010449948 
490 9 7 10 0.010440829 
337 687 7 12 0.010439116 
731 486 10 11 0.010438145 
463 10 7 9 0.010437124 
678 216 85 101 0.010423757 
984 467 13 16 0.01039828 
696 -12 6 9 0.010387289 
1015 623 8 19 0.010384276 
900 510 8 10 0.010370965 
864 570 10 17 0.01036979 
978 458 5 11 0.010369096 
576 206 13 29 0.010365417 
802 185 21 32 0.010353997 
264 102 34 53 0.010348757 
758 485 9 13 0.010347764 
777 349 12 22 0.010345837 
846 417 13 26 0.010331516 
132 -11 661 771 0.0103152925 
767 340 14 21 0.010307269 
434 399 32 57 0.010267046 
852 318 35 66 0.010259869 
261 554 35 60 0.010259674 
348 368 32 57 0.010257632 
913 509 11 10 0.01023926 
781 469 12 31 0.01021711 
194 151 30 57 0.0101953605 
241 692 16 24 0.010192551 
-26 -88 157 228 0.010192117 
375 594 8 13 0.010192113 
630 59 187 154 0.010188798 
543 245 74 123 0.010178109 
512 474 10 21 0.010167498 
300 351 24 29 0.010159698 
568 -13 6 10 0.010153308 
241 683 15 16 0.010153217 
312 637 5 10 0.010143396 
3 151 11 26 0.010134415 
452 560 7 8 0.010129871 
824 514 6 9 0.010129833 
533 167 27 42 0.01012782 
477 10 7 10 0.010104236 
895 207 32 57 0.010094261 
151 396 88 139 0.010091792 
4 166 32 57 0.010086201 
3 198 26 54 0.010080775 
993 258 28 59 0.010074743 
217 418 30 67 0.010073268 
567 402 35 64 0.01006794 
547 667 330 296 0.010061411 
206 41 31 50 0.0100582065 
634 -187 286 121 0.010030413 
295 438 35 68 0.010001034 
