6_Funeral_Funeral_6_759
2323
196 0 25 38 0.99963737 
454 2 22 33 0.999605 
388 16 21 35 0.9993073 
605 79 24 38 0.99893564 
328 91 25 38 0.99876523 
339 179 26 39 0.99871683 
365 53 24 40 0.9985537 
268 159 33 50 0.9985393 
694 47 25 43 0.99769294 
568 10 24 36 0.9976706 
900 282 34 53 0.9976465 
317 -2 23 31 0.99714404 
852 272 23 40 0.9966252 
798 98 26 36 0.9963349 
802 26 25 40 0.9951865 
954 144 26 44 0.9951219 
115 267 33 56 0.99503773 
98 74 25 38 0.9947607 
965 96 20 39 0.994493 
19 89 26 43 0.99400276 
444 157 31 50 0.9934447 
654 185 30 45 0.99196976 
129 92 27 40 0.99195427 
956 61 20 35 0.9909871 
878 93 22 36 0.9902334 
253 81 24 34 0.990042 
464 90 25 41 0.98934084 
747 346 25 47 0.9891221 
433 70 22 40 0.9884205 
552 178 27 35 0.98816305 
657 132 27 44 0.98806816 
685 8 28 41 0.9856749 
322 273 32 52 0.9823929 
382 115 31 41 0.98189145 
496 29 29 40 0.98150545 
265 113 26 39 0.9806286 
174 65 27 45 0.97767764 
196 154 28 42 0.976149 
730 62 31 42 0.9739571 
719 138 25 37 0.9694467 
75 168 29 45 0.9684211 
502 258 29 46 0.96754295 
58 310 21 35 0.9661841 
778 9 25 42 0.96023333 
362 8 22 36 0.958259 
959 214 26 44 0.95752126 
781 213 27 41 0.95674545 
128 8 25 46 0.95001763 
636 19 26 44 0.9454645 
230 9 18 34 0.9395843 
868 123 25 38 0.9362454 
47 143 25 43 0.93261886 
912 41 27 43 0.90258706 
276 45 21 26 0.89397794 
893 0 19 24 0.87876785 
236 54 23 31 0.8707633 
277 65 20 29 0.84977305 
546 31 17 31 0.7991032 
545 50 23 37 0.7861386 
960 284 19 36 0.77831185 
983 314 20 33 0.76644635 
534 4 14 29 0.72153646 
981 332 23 37 0.720351 
995 108 18 37 0.71135616 
1006 17 20 41 0.7023405 
819 7 15 28 0.6754141 
330 56 20 33 0.61546636 
927 4 21 35 0.60113394 
493 138 20 36 0.6000138 
668 94 24 35 0.57564336 
993 215 21 35 0.5724448 
287 78 20 34 0.552932 
638 105 17 31 0.504932 
646 4 23 31 0.5048146 
205 96 20 31 0.48819607 
315 54 20 34 0.47957987 
750 30 17 32 0.46089146 
286 59 18 29 0.43691444 
278 288 22 35 0.401752 
878 75 21 32 0.38443127 
431 136 20 33 0.38232455 
31 303 11 24 0.35638908 
405 399 18 37 0.3499393 
574 63 21 35 0.3439876 
286 36 18 26 0.33396327 
72 298 17 30 0.32985267 
24 166 21 39 0.31334606 
269 54 20 29 0.31286392 
180 155 26 36 0.31027922 
99 4 16 34 0.29784143 
164 -4 19 27 0.2947875 
495 0 16 23 0.29430133 
991 197 18 34 0.29136693 
467 70 20 33 0.28102228 
241 75 25 35 0.2734 
11 447 9 22 0.26213983 
446 42 19 31 0.2574899 
266 70 21 27 0.25371996 
920 -2 17 21 0.24749558 
854 57 15 30 0.24698508 
525 5 15 27 0.23813409 
423 148 19 31 0.2355891 
448 419 14 25 0.22590478 
870 27 15 34 0.22350332 
744 184 17 33 0.20795572 
84 130 20 36 0.20530993 
504 224 20 32 0.20128213 
418 31 15 30 0.18917349 
3 5 12 32 0.18400005 
684 102 20 37 0.18384951 
658 -2 18 23 0.18270513 
199 112 24 36 0.17805983 
26 327 13 30 0.17466065 
741 20 17 29 0.17338423 
968 -3 20 30 0.16584826 
85 111 20 29 0.15776798 
88 4 16 33 0.15377481 
307 55 17 31 0.15171513 
8 29 15 31 0.1515685 
882 26 17 37 0.15152942 
816 278 14 29 0.14937215 
699 385 19 41 0.1484509 
224 143 20 34 0.14421998 
856 -1 14 23 0.14043848 
609 325 15 35 0.13835059 
812 160 17 33 0.13062485 
352 228 21 41 0.12948216 
557 210 21 29 0.12928465 
1009 -2 15 25 0.12753767 
883 3 18 30 0.12433449 
1013 489 12 28 0.12154672 
616 387 13 34 0.118022256 
22 387 13 41 0.11766136 
512 6 16 25 0.116610184 
844 -1 13 22 0.111108094 
960 5 18 32 0.1110537 
996 -101 16 34 0.10827304 
602 195 15 31 0.10775829 
12 398 12 37 0.10676004 
983 106 16 31 0.10478855 
830 0 14 20 0.10416241 
712 323 15 37 0.103977 
230 401 17 35 0.10338897 
945 286 19 34 0.10323881 
1001 431 12 18 0.10257937 
49 124 21 31 0.1021435 
869 6 17 31 0.10195783 
399 323 16 33 0.101471975 
957 26 19 33 0.10067756 
1003 114 19 36 0.09694549 
201 333 18 25 0.09198942 
1001 -3 14 24 0.090105616 
650 105 19 34 0.08980544 
871 0 12 19 0.08941852 
56 134 21 32 0.088278875 
287 4 19 30 0.08801402 
941 5 17 31 0.087504506 
438 334 14 27 0.087121814 
390 166 22 36 0.08710566 
979 1 17 34 0.08569521 
229 64 23 34 0.08508245 
25 471 11 23 0.08468331 
776 347 16 38 0.08467751 
751 324 19 35 0.08461741 
500 76 18 37 0.08339057 
1014 470 12 23 0.0831085 
458 54 19 33 0.082740635 
478 182 21 36 0.082718864 
405 18 14 30 0.08149991 
-1 248 12 34 0.08121184 
482 232 21 35 0.080949284 
999 441 15 27 0.07992254 
737 524 21 28 0.079749 
732 23 15 25 0.07655404 
561 29 17 26 0.07545179 
35 336 13 28 0.07514037 
783 485 11 23 0.07446975 
63 143 26 44 0.07380693 
471 192 20 34 0.073142506 
757 12 14 25 0.072931394 
423 419 12 21 0.072896 
1008 432 13 22 0.07286164 
894 585 12 28 0.07280388 
8 69 19 32 0.07234724 
118 460 6 19 0.07233806 
220 457 11 27 0.07173411 
5 402 10 29 0.071546756 
1 69 15 32 0.07042147 
112 142 17 36 0.07037223 
891 39 19 35 0.06961453 
857 81 14 30 0.068928294 
635 417 16 33 0.06887923 
302 79 17 30 0.06784744 
339 61 20 35 0.06735936 
826 69 16 34 0.06734504 
685 260 17 33 0.06720631 
1 299 10 27 0.066929415 
858 45 14 30 0.06683742 
834 323 12 26 0.0666182 
890 13 20 35 0.06660597 
225 166 20 34 0.06602089 
623 374 14 31 0.06587509 
6 453 10 23 0.065432295 
80 6 13 29 0.064999804 
177 134 19 32 0.064886644 
64 6 13 27 0.06458899 
213 183 21 33 0.064513594 
930 273 18 33 0.064473934 
831 30 14 31 0.06410979 
562 247 17 37 0.06394662 
26 5 13 28 0.06355186 
62 295 20 28 0.063459486 
1010 422 12 19 0.063267194 
970 476 14 38 0.06321485 
181 342 13 27 0.063205786 
839 29 15 34 0.06284423 
801 7 21 31 0.062372256 
1008 -97 14 31 0.06217519 
270 40 18 22 0.062081352 
624 141 20 37 0.06175939 
339 29 20 32 0.061725095 
166 402 10 30 0.06172406 
832 461 8 19 0.06170675 
536 40 22 33 0.06165382 
35 6 12 26 0.061460946 
929 187 18 31 0.060740683 
273 469 9 24 0.060659703 
112 610 7 20 0.060606793 
790 22 23 36 0.060501687 
68 315 21 37 0.059867464 
826 15 17 33 0.059859753 
158 416 9 21 0.059780806 
14 1 10 18 0.05883487 
608 187 15 28 0.058769368 
61 16 14 31 0.058718413 
815 134 20 32 0.057736766 
556 59 22 37 0.057529982 
282 24 15 22 0.05739165 
393 67 16 31 0.057371207 
34 312 13 27 0.057249 
970 277 69 102 0.057064638 
14 464 13 27 0.056996774 
860 -7 10 15 0.0567773 
156 380 12 28 0.056333516 
638 372 14 33 0.05620989 
87 289 15 27 0.055607397 
28 0 9 18 0.055521637 
723 481 7 22 0.055449203 
626 418 16 33 0.05525327 
11 433 10 23 0.055023562 
858 15 14 31 0.054506976 
11 141 19 37 0.05437579 
251 7 19 31 0.054215707 
1007 261 17 34 0.053969257 
704 569 8 25 0.053954102 
234 304 10 22 0.053472407 
416 404 17 29 0.053225152 
514 467 7 29 0.05321397 
651 375 11 30 0.05290964 
1013 460 11 20 0.05284967 
993 307 17 31 0.0528349 
397 0 13 19 0.052711133 
17 338 10 25 0.052485026 
585 104 16 41 0.052420612 
164 380 11 32 0.052365262 
846 486 9 18 0.05176124 
133 457 6 19 0.05175745 
715 377 16 33 0.051730454 
216 70 18 28 0.051167887 
976 209 26 43 0.051107276 
987 -100 16 33 0.051006902 
550 0 13 19 0.050986324 
641 357 12 27 0.05082202 
943 -101 19 31 0.050766774 
480 209 19 32 0.050757527 
252 50 17 23 0.050739616 
21 456 14 30 0.050527036 
515 485 7 23 0.050514396 
996 264 20 40 0.050244596 
286 301 23 40 0.050054953 
401 494 7 19 0.049838167 
956 -101 17 32 0.049783193 
190 121 21 34 0.049620163 
931 -101 19 32 0.049554706 
212 86 19 30 0.049456574 
204 53 18 32 0.049395934 
279 92 16 28 0.049387228 
370 417 14 29 0.049312707 
180 143 69 61 0.04909222 
131 417 8 23 0.0490359 
325 472 22 26 0.04895405 
764 326 15 32 0.048928004 
567 216 21 34 0.04890295 
153 -2 16 23 0.048583437 
522 30 16 28 0.048510414 
610 290 14 32 0.048508525 
288 278 18 31 0.048348885 
969 45 15 29 0.04828556 
829 463 6 15 0.048193578 
888 574 7 20 0.047886405 
130 445 8 22 0.047833595 
700 368 16 30 0.047759116 
212 131 23 34 0.0477069 
569 237 21 35 0.047607217 
279 467 12 29 0.047328632 
918 -102 19 32 0.04697916 
3 40 12 26 0.046845548 
881 402 14 39 0.046670094 
480 81 17 33 0.046639916 
174 19 17 31 0.04662282 
192 337 18 27 0.04649315 
210 339 18 28 0.04632841 
735 50 22 32 0.04632386 
868 -102 17 23 0.046269044 
447 456 13 28 0.046117567 
235 132 19 33 0.046092276 
402 299 19 35 0.04607959 
354 140 19 34 0.046053737 
298 420 8 25 0.045726687 
97 130 18 36 0.045424063 
855 -102 17 23 0.045252126 
906 -101 18 32 0.045249227 
38 0 10 18 0.045209765 
875 743 5 15 0.04520433 
270 497 9 21 0.04518901 
362 222 20 34 0.045101505 
976 325 19 29 0.045065638 
894 -102 17 23 0.04505388 
881 -102 17 23 0.045044117 
402 118 21 33 0.04493152 
897 576 8 20 0.044863276 
713 105 22 34 0.04481532 
829 -102 17 23 0.044621583 
119 470 6 20 0.044542026 
842 -102 17 23 0.04451735 
842 153 17 36 0.044478305 
345 7 15 25 0.043976 
916 95 18 33 0.043595064 
510 171 17 35 0.04351863 
309 382 10 28 0.04339872 
750 160 15 31 0.043299627 
53 20 11 26 0.04328281 
861 31 13 29 0.04324698 
22 43 15 29 0.043242484 
456 424 14 27 0.04321833 
300 134 18 33 0.043084595 
274 458 8 23 0.043019984 
12 -98 14 30 0.043006018 
404 56 18 32 0.042693358 
12 363 11 34 0.04268693 
112 82 28 41 0.042683613 
152 444 13 32 0.04264573 
118 361 10 29 0.042637967 
168 444 9 23 0.04253507 
38 18 12 25 0.042483073 
417 119 17 34 0.042401813 
560 78 21 34 0.042300455 
1013 54 14 33 0.042218126 
994 84 16 33 0.04213514 
505 132 18 36 0.042090084 
628 439 12 27 0.042016055 
875 732 5 15 0.04186494 
155 433 8 20 0.04177541 
142 414 10 26 0.0417486 
536 59 21 37 0.041649934 
984 130 16 30 0.041625313 
908 -8 13 16 0.04162362 
890 73 17 30 0.041621562 
1013 -10 11 20 0.04153717 
639 0 19 20 0.04122059 
27 347 12 27 0.041126028 
836 485 8 17 0.040907804 
497 214 18 33 0.040886454 
616 366 14 34 0.040830746 
583 210 18 30 0.04069931 
330 459 14 18 0.040665433 
621 395 18 36 0.04023523 
597 7 16 29 0.040201996 
790 403 20 36 0.040183276 
397 346 14 36 0.040158935 
220 448 9 20 0.040099587 
695 377 14 29 0.04002002 
75 372 12 35 0.039875414 
395 -9 13 17 0.03983902 
817 -102 17 23 0.039709732 
270 481 9 20 0.039668728 
819 79 16 29 0.039553635 
239 312 13 26 0.039456643 
791 482 10 25 0.03925492 
532 115 21 40 0.039213482 
729 484 7 18 0.039192807 
893 409 14 39 0.039090693 
867 56 15 29 0.039065983 
959 -10 15 21 0.0390134 
929 -11 16 22 0.038973313 
970 -101 17 33 0.03881614 
1004 573 23 26 0.03881227 
755 484 9 22 0.038790938 
517 446 6 23 0.03867502 
855 322 16 31 0.038655058 
76 120 20 30 0.03862299 
484 156 16 34 0.03859572 
8 191 15 41 0.03844618 
766 8 17 32 0.038413383 
122 436 6 19 0.03835937 
404 156 20 31 0.03833044 
820 414 10 25 0.038300205 
120 420 6 21 0.03828642 
613 352 13 29 0.03826815 
623 323 14 33 0.03824497 
736 144 17 31 0.03800114 
325 563 6 16 0.037928086 
918 343 16 38 0.03785432 
53 405 10 25 0.037662294 
346 378 12 35 0.03750218 
186 348 18 30 0.03740858 
1009 96 15 33 0.03738613 
941 261 18 32 0.037378058 
24 442 11 26 0.03737244 
730 327 14 27 0.03731472 
54 704 7 18 0.03728163 
524 360 12 37 0.037247147 
439 421 13 19 0.03723792 
776 327 15 31 0.037162267 
652 356 10 25 0.037087165 
827 157 17 34 0.03693408 
228 340 14 26 0.03687054 
626 356 14 30 0.036684137 
777 67 19 37 0.0366647 
12 -72 12 33 0.03662042 
944 411 13 36 0.03660668 
597 217 18 36 0.03660594 
563 270 13 33 0.036590792 
12 168 17 36 0.036419746 
67 378 10 30 0.036396094 
899 612 7 17 0.036366332 
15 302 9 24 0.036365908 
471 221 20 33 0.03622572 
1011 352 13 25 0.03619305 
786 473 9 19 0.036171947 
0 330 10 22 0.03616384 
227 120 19 31 0.036151074 
408 468 9 30 0.036025293 
405 -1 14 21 0.03598954 
19 318 9 22 0.035901025 
814 177 19 37 0.035873916 
512 375 11 35 0.035869397 
708 447 7 21 0.03577312 
240 190 21 40 0.03574137 
236 -2 16 25 0.035659987 
847 -7 10 15 0.035567258 
884 58 17 29 0.035550036 
795 470 9 21 0.03551418 
630 454 9 22 0.035470422 
890 596 9 24 0.035433058 
903 630 6 13 0.035409294 
804 411 15 31 0.0353634 
413 33 11 23 0.035362747 
947 374 14 38 0.035180192 
875 552 7 17 0.035151638 
56 296 13 21 0.035135176 
165 200 16 32 0.03498008 
180 257 14 33 0.03491779 
268 361 12 36 0.03490791 
623 122 18 30 0.03488646 
893 -88 17 36 0.03486648 
865 643 4 16 0.034865256 
14 350 10 28 0.03483558 
410 453 9 27 0.034823578 
281 276 80 99 0.034615204 
871 -8 10 15 0.034553226 
34 155 19 32 0.034480575 
744 207 16 30 0.034399867 
652 417 10 25 0.03436456 
880 -88 17 36 0.034247722 
309 430 8 25 0.03420317 
949 46 14 27 0.03415435 
170 434 8 19 0.03412063 
949 189 65 82 0.034097265 
221 481 10 25 0.034096498 
867 -88 17 36 0.03408607 
708 459 6 20 0.03407683 
144 434 9 22 0.03406443 
146 96 19 30 0.034062225 
264 6 19 29 0.033987347 
515 418 9 31 0.03395973 
23 498 11 23 0.033930957 
815 221 15 34 0.033915803 
422 164 18 33 0.03386008 
584 245 18 36 0.033699688 
436 346 15 31 0.033693288 
855 -88 16 36 0.033600684 
832 406 11 26 0.03355253 
169 318 10 19 0.033507533 
588 332 17 41 0.033468105 
381 415 12 26 0.033339974 
341 244 20 38 0.033325642 
175 43 19 33 0.033314344 
9 258 12 32 0.033288565 
330 447 12 21 0.033278566 
842 -87 16 35 0.033184327 
241 326 13 27 0.033181835 
421 231 15 38 0.032990072 
52 10 11 21 0.032980364 
913 630 6 14 0.03290827 
926 561 7 19 0.032886937 
406 244 15 39 0.032863233 
324 444 10 21 0.032641653 
611 246 17 35 0.03263348 
214 45 21 32 0.032601546 
876 630 5 13 0.032594938 
272 389 10 29 0.032527886 
842 323 15 30 0.032514606 
524 414 12 38 0.032450903 
179 472 9 21 0.032392588 
121 408 6 21 0.032375015 
166 455 10 25 0.03233992 
829 -87 16 35 0.03227534 
1008 229 17 33 0.03225844 
1 316 9 23 0.032206085 
186 245 16 35 0.032203864 
501 377 10 33 0.032194514 
55 418 9 21 0.03214213 
284 404 9 27 0.03211732 
729 315 63 81 0.032094907 
404 476 6 18 0.032061175 
431 315 20 34 0.03202234 
257 498 9 21 0.032013454 
846 389 12 30 0.031991523 
764 31 13 28 0.031927463 
89 374 11 32 0.031906586 
318 175 18 29 0.031906098 
874 695 5 13 0.031866964 
877 721 4 11 0.03182814 
653 -8 15 16 0.031739566 
181 441 10 26 0.03173768 
990 423 9 19 0.03156348 
903 157 18 33 0.031530976 
766 126 19 38 0.03150446 
869 459 9 21 0.03146934 
126 -99 17 28 0.031388305 
636 401 16 31 0.031381413 
908 397 12 40 0.03132121 
519 580 5 11 0.031302344 
859 469 8 18 0.03127176 
904 218 15 38 0.031265378 
987 442 14 28 0.031230137 
589 -2 13 20 0.031177774 
408 45 16 27 0.031145487 
862 463 7 16 0.031131718 
430 230 16 40 0.031125894 
887 -8 11 15 0.031117382 
74 351 14 36 0.0310795 
133 472 6 16 0.030972622 
113 -99 17 29 0.030934485 
532 93 21 38 0.030932434 
918 368 15 44 0.030913243 
260 303 12 27 0.030873477 
724 384 17 36 0.030816061 
984 -77 14 38 0.030804316 
277 232 17 36 0.030716565 
190 -97 16 26 0.030707218 
636 311 15 35 0.030697953 
913 552 7 15 0.030664984 
829 58 15 28 0.030635525 
24 360 13 34 0.030621601 
421 440 13 27 0.030596277 
854 388 13 32 0.03058193 
804 -102 18 23 0.030575711 
36 471 12 23 0.030545693 
921 398 12 37 0.030482015 
534 143 76 81 0.030465608 
514 362 11 30 0.030462455 
580 589 7 16 0.030416181 
269 297 18 33 0.030402752 
886 561 8 19 0.030339984 
76 282 15 26 0.03030173 
58 210 19 37 0.030210579 
342 139 21 34 0.030194404 
142 443 12 30 0.030185344 
601 315 16 36 0.03014765 
138 -98 17 27 0.030134449 
176 389 12 31 0.030111043 
279 376 10 30 0.030080603 
291 232 19 37 0.030076792 
985 550 17 24 0.030051861 
669 508 7 17 0.030044321 
192 430 12 30 0.030015245 
203 -97 16 26 0.030005043 
267 23 15 23 0.029935172 
877 668 5 14 0.029923273 
1010 564 16 19 0.029879065 
177 -98 17 26 0.029849946 
959 306 16 34 0.029838812 
936 401 11 35 0.029823853 
199 346 19 30 0.029815279 
5 379 8 27 0.029806396 
846 65 16 32 0.029666893 
1009 406 14 21 0.029637935 
562 350 12 35 0.02961164 
919 268 18 27 0.029601604 
707 724 8 23 0.029594975 
671 114 22 37 0.02958956 
165 -98 16 26 0.029547768 
1013 81 14 32 0.029546276 
640 702 12 25 0.029510781 
151 -98 17 26 0.029424395 
41 484 10 21 0.029368535 
527 443 8 29 0.029252796 
924 552 7 16 0.02921062 
520 224 17 33 0.029192004 
65 421 9 24 0.029089265 
454 32 17 27 0.02906702 
231 328 13 24 0.029014599 
325 554 5 12 0.029008944 
14 220 14 33 0.029001852 
911 639 7 15 0.028952643 
112 182 17 36 0.028896745 
177 231 18 39 0.028878113 
904 639 6 16 0.028875254 
748 462 7 15 0.028859116 
931 -78 17 39 0.028852979 
816 -88 17 36 0.028848207 
489 51 150 171 0.028793832 
181 458 8 21 0.028753744 
2 -94 10 26 0.028737195 
38 167 77 76 0.028732857 
944 -78 16 40 0.028709784 
998 -77 12 37 0.028680582 
594 49 71 73 0.028673833 
875 705 5 12 0.028647002 
216 -96 16 25 0.028645119 
931 358 15 39 0.028623441 
186 218 19 39 0.028607756 
80 475 6 15 0.028514443 
957 -78 16 41 0.028489714 
64 400 10 28 0.028486956 
324 602 9 19 0.028483583 
100 -99 17 30 0.028444447 
651 84 16 28 0.028422974 
9 856 19 47 0.0284146 
74 134 19 33 0.028373761 
757 719 7 13 0.028356913 
236 158 19 35 0.028322496 
219 314 13 26 0.028280707 
149 16 17 32 0.02827925 
227 48 87 71 0.028266106 
230 257 13 39 0.028216803 
356 348 12 34 0.0282151 
29 -6 8 13 0.028210018 
871 387 12 35 0.028194087 
640 83 15 33 0.028193494 
887 732 6 14 0.02819098 
386 538 5 16 0.028179562 
1 96 15 28 0.028171584 
888 743 6 15 0.028164968 
524 127 18 36 0.02813002 
984 -11 12 19 0.028068297 
87 -98 18 29 0.028009389 
396 246 14 36 0.027988419 
370 298 16 32 0.027985323 
380 539 5 15 0.02793918 
569 267 17 37 0.027891448 
23 -98 16 28 0.027839763 
1009 318 13 25 0.027796293 
228 427 12 24 0.027769756 
996 248 17 32 0.027745117 
56 510 7 18 0.027723938 
380 527 4 16 0.027703004 
971 -65 14 41 0.02769592 
911 360 13 33 0.027671164 
685 278 17 39 0.027646303 
509 191 17 36 0.02760018 
494 181 18 36 0.027580384 
877 168 18 34 0.027575755 
373 408 12 22 0.027528219 
851 475 6 13 0.027506867 
228 444 11 24 0.027490126 
206 416 13 28 0.027446192 
291 106 16 31 0.027414758 
258 352 11 28 0.027364697 
983 29 16 31 0.02733584 
207 554 8 15 0.027324807 
544 102 22 40 0.027321026 
834 432 8 23 0.027317727 
708 336 12 33 0.027317328 
729 508 13 24 0.027287295 
919 -78 16 40 0.027284132 
834 446 8 22 0.027275518 
1 181 13 36 0.027250808 
269 276 17 32 0.0272224 
995 550 13 19 0.02717955 
755 473 8 19 0.027175196 
46 274 73 75 0.027149087 
573 86 20 42 0.027132718 
524 385 12 38 0.027053282 
341 481 15 25 0.027030418 
78 486 7 17 0.027017575 
473 352 11 28 0.027006445 
521 320 15 38 0.026975244 
827 179 17 36 0.026964588 
121 447 5 19 0.026942203 
984 192 18 28 0.02687235 
152 314 14 25 0.02686665 
224 96 19 30 0.026799124 
280 491 12 30 0.026771542 
960 445 11 26 0.026763406 
554 358 13 39 0.026759429 
510 322 15 36 0.026712377 
995 562 18 21 0.026708532 
932 147 18 33 0.026661275 
304 247 19 35 0.026632952 
505 446 6 20 0.026632613 
229 -96 16 25 0.026614854 
354 298 16 30 0.02660032 
458 219 19 36 0.026587667 
790 -101 19 31 0.026517695 
755 306 14 27 0.026502449 
655 9 63 83 0.026502019 
65 361 12 30 0.02646655 
169 341 13 28 0.02642901 
13 727 12 31 0.026427193 
504 433 7 21 0.026413452 
584 157 17 32 0.026377743 
461 455 11 28 0.02622784 
68 473 8 17 0.026221462 
17 -6 7 13 0.026190424 
331 345 12 38 0.026162634 
281 391 9 28 0.026155928 
677 250 18 31 0.026137054 
216 12 18 30 0.026136983 
17 481 9 22 0.026100097 
929 26 20 33 0.026099382 
284 525 9 22 0.026086058 
321 459 12 18 0.026045067 
598 245 18 35 0.025992591 
119 376 8 26 0.025913047 
106 446 7 22 0.025889087 
714 18 15 28 0.025830336 
626 166 19 37 0.025819408 
884 423 13 27 0.025797876 
109 203 19 39 0.025773175 
210 446 9 21 0.025769722 
930 336 15 35 0.025699852 
525 102 18 38 0.025695024 
55 712 9 26 0.025651025 
877 681 4 12 0.02562976 
140 -28 13 24 0.025627067 
248 498 10 21 0.025556201 
1013 -74 12 34 0.025543943 
401 511 6 19 0.025543237 
112 603 5 15 0.025531814 
763 303 16 26 0.025520949 
611 173 16 32 0.025508726 
318 381 10 28 0.025505424 
158 371 8 19 0.025486853 
906 -77 16 38 0.025437219 
226 357 16 39 0.02541518 
124 349 12 32 0.025381738 
27 429 10 25 0.025371393 
791 348 14 38 0.025345044 
13 -44 11 30 0.025338164 
347 347 12 36 0.025307389 
218 690 9 23 0.025301918 
121 394 6 22 0.025272422 
242 -95 15 24 0.025218539 
178 70 88 73 0.025217753 
242 349 12 29 0.025202572 
985 83 14 30 0.025194997 
632 81 69 77 0.025177311 
900 18 62 82 0.025161231 
928 614 7 14 0.025122536 
482 307 18 39 0.025104266 
786 459 8 20 0.025103102 
1006 486 7 18 0.025083078 
913 562 7 16 0.025074858 
37 442 13 24 0.025069399 
317 79 19 32 0.025055753 
876 643 4 13 0.025037076 
367 256 17 37 0.025004458 
164 141 19 35 0.024971768 
1003 467 10 22 0.024971599 
335 363 10 30 0.02496517 
629 472 8 19 0.024924882 
279 351 13 31 0.024901928 
155 535 9 21 0.024879344 
253 100 23 37 0.02487028 
854 155 16 36 0.024845563 
785 505 10 23 0.024830095 
527 -9 10 16 0.024820555 
888 721 5 12 0.024779828 
69 549 8 20 0.02474947 
895 -28 15 24 0.024742872 
803 -87 17 35 0.02470156 
442 413 8 15 0.024683187 
797 459 9 23 0.024671849 
865 321 16 34 0.024670469 
519 591 5 11 0.02464301 
890 131 19 33 0.024630817 
866 630 4 15 0.024625752 
877 616 5 16 0.024601964 
750 235 17 31 0.02459849 
223 306 10 20 0.024558632 
226 466 11 26 0.024555594 
255 -95 15 24 0.024527583 
992 169 19 34 0.024515416 
56 695 5 15 0.024511537 
292 263 16 30 0.024422688 
446 258 15 42 0.024372373 
277 262 18 36 0.024352001 
813 197 17 34 0.024342375 
34 45 15 26 0.024327956 
777 -100 19 30 0.024315923 
876 656 4 13 0.024286175 
399 291 15 30 0.024278471 
887 756 6 15 0.024273636 
341 165 20 31 0.024248334 
635 439 13 29 0.02424545 
330 248 20 34 0.024241515 
66 536 8 18 0.024237726 
867 731 4 16 0.024213007 
108 455 7 21 0.024123441 
746 429 8 23 0.024121618 
230 380 12 30 0.024108307 
630 512 7 16 0.024050735 
102 330 14 34 0.024039946 
381 247 16 35 0.024037294 
203 -27 14 24 0.023985561 
878 560 6 18 0.023979194 
484 335 14 31 0.023974072 
165 364 10 26 0.023968775 
76 -98 16 29 0.023921074 
699 258 17 34 0.023898562 
449 588 11 19 0.023848059 
765 -100 18 30 0.023846203 
214 -85 17 29 0.023838896 
75 398 12 35 0.02383582 
164 113 21 38 0.023785466 
536 359 14 39 0.023761988 
578 -9 13 17 0.023751698 
172 470 7 21 0.023751402 
13 275 11 28 0.023749484 
351 680 5 12 0.023742422 
0 158 14 35 0.02371641 
977 460 9 20 0.023700718 
409 98 16 28 0.02369657 
185 77 28 46 0.023669384 
267 -94 16 23 0.02362138 
272 522 9 23 0.023609582 
756 427 9 26 0.023589812 
974 417 12 30 0.023581062 
176 -86 16 32 0.023558795 
462 350 13 31 0.023533188 
717 446 8 21 0.023523161 
909 59 19 35 0.023465445 
775 487 9 19 0.023448586 
1002 402 11 22 0.023437286 
889 611 7 18 0.023398241 
933 203 20 42 0.02339483 
221 535 8 17 0.023363918 
578 334 14 42 0.023344032 
233 -8 11 15 0.023325218 
552 337 13 35 0.023324583 
752 -100 19 30 0.023312831 
623 300 14 31 0.02323623 
180 483 11 26 0.023229508 
383 301 14 29 0.023214305 
936 562 7 18 0.023195518 
81 729 9 17 0.023172034 
407 273 15 35 0.02315435 
785 522 9 22 0.023119345 
739 -99 19 28 0.02305689 
756 461 7 18 0.023041688 
782 425 13 30 0.02302379 
108 472 6 19 0.023023112 
294 145 17 29 0.023018109 
150 -86 17 32 0.023007406 
308 191 74 79 0.023001587 
163 -86 16 32 0.022999384 
926 573 8 18 0.022979597 
92 742 7 13 0.022966877 
137 -86 17 33 0.022906898 
771 558 9 25 0.022900818 
107 738 8 16 0.022896208 
790 1 18 25 0.022895806 
114 -62 13 38 0.022876367 
410 495 8 21 0.02285182 
894 -62 15 38 0.022847656 
996 67 14 32 0.022835948 
586 -98 17 26 0.022829352 
180 320 10 19 0.022799255 
714 -99 18 28 0.022775976 
727 -99 18 29 0.022755783 
486 235 63 73 0.022742888 
788 266 18 39 0.022735877 
708 470 7 22 0.022727882 
574 -97 17 25 0.022677014 
729 496 9 23 0.022675322 
893 171 17 32 0.022667738 
259 374 10 30 0.022653772 
650 300 13 30 0.022644801 
674 70 16 32 0.022618635 
905 20 18 27 0.022607306 
73 230 18 40 0.022602143 
4 467 10 24 0.022588022 
687 336 70 97 0.02258162 
137 0 17 30 0.02257344 
964 551 7 17 0.022568787 
639 290 12 26 0.022567557 
109 251 21 33 0.022565631 
843 181 15 35 0.022531182 
351 670 5 11 0.022527972 
473 242 19 38 0.022518236 
956 375 13 36 0.022515435 
715 124 19 33 0.022491561 
1007 378 16 33 0.022484533 
98 207 18 38 0.022447875 
881 331 17 38 0.022445291 
998 377 16 36 0.022433233 
281 -94 14 23 0.022433033 
670 476 5 15 0.022414792 
913 666 6 14 0.022390343 
473 299 16 34 0.022379253 
881 373 14 34 0.02236882 
599 -98 17 26 0.022356153 
995 145 16 30 0.022336543 
882 -62 14 38 0.022329299 
823 324 14 33 0.022329079 
866 656 4 15 0.02231566 
321 365 10 29 0.022267627 
37 35 12 22 0.022249974 
701 -99 19 28 0.022249278 
866 668 4 14 0.022244953 
550 217 20 34 0.022225713 
333 430 11 24 0.022174662 
804 458 10 23 0.022171821 
1007 596 18 21 0.022154443 
906 106 18 33 0.022150874 
583 78 20 33 0.022128813 
534 -85 16 29 0.022116672 
321 344 12 36 0.022074593 
79 560 8 20 0.022063607 
834 -8 10 15 0.022040732 
910 745 9 14 0.022030946 
818 296 14 30 0.022026498 
609 270 17 32 0.022017008 
927 603 7 15 0.022016717 
791 422 16 34 0.022007871 
985 466 12 26 0.02200648 
561 -97 17 25 0.021982223 
463 553 6 13 0.021957632 
1011 142 16 33 0.021955432 
312 446 8 20 0.021953398 
65 280 14 23 0.021937883 
973 -27 12 22 0.021936025 
318 247 20 33 0.02193403 
130 396 8 23 0.021887211 
594 461 6 17 0.021882962 
438 454 12 28 0.021874525 
88 348 13 33 0.021872276 
223 188 20 39 0.02186722 
50 -98 16 27 0.021848984 
35 386 15 39 0.021841224 
711 392 17 41 0.021837499 
899 562 7 17 0.021833474 
803 358 15 37 0.021828858 
17 716 8 19 0.021824758 
925 681 6 12 0.02182439 
450 232 14 34 0.021781417 
166 49 17 27 0.021775382 
442 314 16 32 0.021771928 
784 442 10 26 0.021765262 
707 580 7 29 0.02174824 
597 473 5 17 0.021730969 
548 -96 17 25 0.021729324 
220 412 14 29 0.021719387 
843 -62 14 38 0.021699479 
388 -133 287 150 0.021668049 
856 -62 14 38 0.021667175 
676 -98 18 27 0.021653177 
405 459 6 20 0.021645738 
216 356 15 36 0.021635592 
610 63 17 30 0.021634055 
547 -85 16 29 0.02159997 
750 119 20 34 0.021592168 
220 396 11 23 0.021585 
558 99 23 43 0.021581033 
521 -84 17 28 0.021578526 
173 205 18 37 0.021562504 
625 95 14 27 0.021560026 
604 463 7 17 0.021557095 
950 79 13 29 0.021555448 
688 -98 19 27 0.021548899 
650 -99 18 28 0.021530114 
663 -98 18 27 0.021507634 
387 527 5 16 0.021506138 
445 481 13 28 0.021502785 
614 408 14 34 0.021501804 
750 473 7 17 0.021483894 
23 205 17 41 0.02142651 
222 432 9 20 0.021424487 
825 483 9 18 0.021416198 
121 155 17 36 0.02139217 
110 619 8 28 0.02138844 
111 591 5 12 0.021386456 
606 562 7 16 0.02137921 
869 -62 14 38 0.021372786 
208 407 10 20 0.021352125 
602 179 14 27 0.021336962 
889 630 5 12 0.021333387 
294 481 10 23 0.021332214 
468 14 16 28 0.021331366 
637 -99 18 27 0.021264847 
715 342 16 36 0.02126105 
302 160 19 31 0.021259546 
600 342 15 38 0.021242334 
771 551 8 17 0.021160716 
1012 513 13 28 0.02115895 
845 349 12 28 0.021146521 
78 741 9 14 0.021140907 
103 -62 12 39 0.021126224 
530 17 21 39 0.021120954 
612 -98 17 26 0.021093052 
67 706 6 13 0.02107912 
439 57 68 91 0.021068398 
911 653 6 15 0.021036204 
134 485 6 17 0.021035973 
843 413 13 28 0.02103065 
830 -63 15 39 0.021009421 
37 362 13 31 0.020975571 
713 38 65 82 0.020972472 
894 373 14 35 0.020962663 
287 416 10 29 0.020944284 
630 502 6 15 0.020942662 
625 -99 18 27 0.020933306 
139 221 15 33 0.020927478 
747 449 7 18 0.020917043 
475 444 10 22 0.02090425 
486 363 12 31 0.020891694 
623 258 16 33 0.02087282 
41 495 9 21 0.02087057 
672 449 5 16 0.020857012 
387 326 14 30 0.020830015 
243 377 11 29 0.020812068 
419 311 16 32 0.020807568 
372 459 9 18 0.02079287 
422 468 10 26 0.020782333 
294 -93 14 22 0.020772235 
119 590 5 13 0.020724317 
338 381 9 28 0.020699203 
52 362 13 29 0.02068235 
959 400 13 36 0.020656442 
419 54 17 31 0.020644456 
749 600 6 21 0.020632219 
670 490 5 11 0.020632053 
124 701 22 27 0.020631324 
317 143 19 36 0.020630972 
780 402 16 35 0.020623175 
300 380 9 26 0.02061848 
1000 -26 11 22 0.020613855 
97 171 19 34 0.020598007 
561 427 11 33 0.020583754 
506 458 6 22 0.02056849 
559 -85 17 30 0.020563863 
536 -95 16 24 0.020555852 
206 687 11 26 0.020539595 
361 407 9 21 0.020539433 
697 573 8 22 0.020539373 
581 602 8 15 0.020523552 
208 513 6 15 0.020516641 
403 359 16 35 0.02050822 
435 269 16 45 0.020505283 
585 -86 17 32 0.020503864 
806 470 9 21 0.020470906 
572 -86 17 31 0.020470632 
103 350 12 29 0.020469172 
981 44 15 31 0.020468459 
233 703 7 21 0.020467356 
660 248 19 34 0.020465046 
555 429 10 31 0.020459455 
421 256 15 42 0.020443276 
78 73 13 25 0.020442802 
749 484 8 20 0.020435957 
931 277 136 243 0.020435764 
126 -76 14 38 0.020368261 
49 243 16 37 0.020361286 
382 392 12 31 0.020356549 
650 572 12 21 0.020333646 
496 320 16 37 0.020322422 
262 484 9 19 0.020320322 
943 305 19 36 0.020319046 
10 97 78 69 0.020306563 
450 579 8 13 0.020288508 
0 -128 255 153 0.020280438 
55 427 11 26 0.020279426 
864 720 4 13 0.02026536 
689 145 15 28 0.020240521 
791 507 10 22 0.020215487 
712 103 76 98 0.020201212 
907 195 17 36 0.020196304 
1008 199 15 29 0.02018935 
292 281 37 55 0.020184334 
790 369 18 38 0.020162242 
15 -27 9 23 0.020149233 
757 445 8 22 0.020118998 
907 38 20 30 0.020098105 
631 488 6 14 0.020096127 
196 420 9 22 0.02009547 
307 351 11 28 0.020090947 
356 493 10 27 0.020070301 
884 443 11 25 0.020059286 
1005 496 8 18 0.020014638 
627 -2 17 23 0.020003581 
857 -29 14 24 0.020001438 
920 -28 15 25 0.019983836 
421 350 15 28 0.019973136 
509 -84 16 27 0.019949688 
423 537 9 15 0.019949002 
37 -97 16 25 0.019944405 
680 -10 13 18 0.019940382 
899 238 67 74 0.019920673 
598 -86 17 32 0.019917946 
116 603 6 17 0.019903261 
223 512 7 14 0.01989915 
746 318 14 28 0.019885447 
231 536 8 16 0.019842144 
37 456 13 25 0.019835668 
311 409 8 22 0.01982735 
601 426 13 34 0.019817747 
903 133 17 32 0.019804815 
256 325 14 30 0.01980296 
304 34 17 29 0.019789025 
678 296 13 37 0.019765962 
552 381 12 42 0.019749006 
140 -12 13 19 0.019729067 
22 -60 15 37 0.01970986 
133 72 72 69 0.019700896 
308 367 9 26 0.019670093 
914 617 6 13 0.019667488 
584 565 6 16 0.019667199 
358 484 9 20 0.019665586 
979 443 10 24 0.019663692 
572 298 16 33 0.019656666 
537 -8 12 18 0.019654993 
87 310 15 31 0.019652048 
748 57 20 35 0.01963705 
373 349 12 32 0.01962576 
2 484 8 22 0.019606248 
237 164 76 75 0.019593382 
345 490 14 28 0.019576764 
742 516 11 18 0.019570868 
607 207 17 31 0.019567158 
77 549 9 20 0.019552594 
129 -28 12 23 0.01954272 
363 420 12 24 0.019526439 
366 437 14 30 0.019521685 
116 338 12 30 0.019500805 
385 346 14 36 0.019500617 
227 481 11 25 0.019495193 
751 719 5 13 0.019487018 
123 222 17 33 0.019462094 
768 412 12 33 0.019426797 
973 214 72 101 0.019423254 
240 394 12 30 0.019405171 
357 393 10 25 0.019395988 
420 98 13 29 0.019395238 
560 366 13 41 0.019386044 
824 428 8 23 0.019382635 
602 471 8 22 0.019352423 
900 552 8 15 0.019338809 
298 366 9 24 0.01933256 
23 257 17 38 0.019325022 
523 -94 16 23 0.019318093 
81 716 10 19 0.019313537 
322 159 64 71 0.01928663 
850 463 7 16 0.01927739 
70 485 7 17 0.019268796 
614 -3 15 24 0.019259183 
736 734 6 12 0.01925495 
686 234 19 35 0.019246677 
430 153 22 38 0.019244317 
765 171 16 33 0.019235738 
152 -29 13 24 0.019221256 
165 231 17 37 0.019209255 
560 290 17 39 0.01916684 
40 -7 8 13 0.01916514 
69 462 7 17 0.019152064 
917 202 19 39 0.01914751 
869 160 17 33 0.019137641 
643 345 9 21 0.019127391 
79 -10 10 17 0.01912256 
63 -98 16 28 0.019120917 
845 82 16 32 0.019111903 
462 442 11 25 0.019096604 
610 222 17 32 0.019089777 
37 245 16 36 0.01908901 
307 -93 14 22 0.019086452 
804 179 19 34 0.019086247 
239 109 18 32 0.019076357 
740 270 15 36 0.019046709 
678 400 13 31 0.019030744 
777 -125 242 177 0.019024266 
333 287 69 96 0.019019896 
913 576 6 15 0.019017493 
772 459 8 20 0.019015616 
165 -62 14 38 0.018990329 
108 485 6 18 0.018989595 
537 333 13 38 0.018983236 
21 147 19 33 0.018980078 
539 429 11 32 0.018979898 
330 160 19 28 0.018978823 
323 233 66 85 0.01894712 
379 514 5 18 0.018939486 
808 298 14 29 0.018924614 
423 528 8 16 0.018904673 
931 -28 14 25 0.01887539 
240 245 14 38 0.018873332 
142 392 14 33 0.018871276 
820 -8 10 15 0.018869916 
52 46 12 25 0.018866412 
485 17 17 28 0.018858753 
218 380 10 25 0.018842204 
37 76 14 23 0.01881203 
91 497 8 18 0.01881178 
583 577 5 15 0.018805105 
828 538 15 20 0.018786332 
520 179 18 36 0.018777963 
613 130 21 35 0.018776355 
123 195 16 34 0.01877628 
0 109 13 27 0.018766396 
535 -60 15 35 0.018758617 
854 87 60 76 0.018753184 
872 449 8 18 0.018752998 
188 32 17 29 0.018752044 
145 487 7 18 0.018751336 
777 141 17 35 0.018750913 
716 429 10 28 0.018738423 
500 350 11 30 0.018725794 
139 -62 14 37 0.018712314 
965 324 72 123 0.018691469 
106 -3 74 66 0.018687813 
452 553 7 11 0.01867893 
809 483 8 20 0.018667638 
93 487 6 14 0.01863907 
528 567 6 11 0.018627841 
12 836 12 46 0.018624494 
421 481 11 27 0.018606909 
817 -63 15 39 0.01860638 
744 302 14 30 0.018605804 
646 122 62 72 0.018583724 
951 51 76 106 0.018581621 
33 191 17 38 0.01857324 
905 -28 16 24 0.018556854 
856 349 14 29 0.018554319 
308 21 13 22 0.018546907 
180 418 9 21 0.018535178 
323 542 5 12 0.018529182 
692 -10 14 18 0.01852512 
608 574 6 16 0.018514927 
252 183 18 33 0.01851056 
706 431 9 28 0.018506512 
394 101 17 29 0.018504268 
436 45 17 27 0.018490097 
387 -10 11 16 0.018489178 
740 247 17 33 0.01848754 
91 -11 10 18 0.018464392 
681 433 7 21 0.01843911 
400 374 14 32 0.018438397 
346 399 11 29 0.018436732 
54 278 12 23 0.018431855 
4 705 8 17 0.018419808 
177 -62 14 37 0.01841599 
856 484 9 19 0.018412046 
528 471 6 21 0.018391041 
93 50 13 23 0.018382369 
854 194 15 35 0.018364575 
152 -62 14 38 0.018316586 
475 339 12 25 0.018307386 
933 252 16 28 0.01830574 
565 -122 214 204 0.018288607 
398 271 13 34 0.018282525 
1 278 10 25 0.018282164 
232 550 8 16 0.018279726 
912 734 6 11 0.018276364 
465 541 5 12 0.01826536 
554 718 8 11 0.01826369 
622 458 7 17 0.018239578 
388 550 6 15 0.01821181 
610 -86 18 32 0.018196601 
190 -73 14 34 0.018192125 
729 411 13 33 0.018190393 
521 79 20 38 0.018173402 
615 156 17 31 0.018148225 
119 484 7 21 0.018135017 
59 654 5 15 0.018133547 
490 -9 11 16 0.018131536 
369 -82 14 24 0.018126857 
940 550 6 17 0.018126044 
381 -82 15 24 0.0181245 
3 340 9 24 0.018112024 
652 705 10 21 0.018093912 
698 105 20 34 0.018083408 
544 -8 82 69 0.018080749 
872 363 12 29 0.018077133 
356 -82 15 24 0.018052945 
457 257 15 39 0.018046385 
420 377 14 30 0.018032782 
985 292 14 26 0.018030597 
56 3 8 14 0.01802909 
134 780 6 21 0.018021153 
657 447 8 20 0.018012853 
985 482 10 24 0.018009892 
394 196 15 31 0.01800832 
187 269 16 37 0.018000692 
690 309 14 37 0.017998785 
254 -61 15 36 0.01799787 
167 549 8 18 0.017990787 
593 431 9 25 0.017985553 
269 341 11 27 0.017983347 
511 -94 15 23 0.017968642 
15 704 10 19 0.017959531 
53 379 11 28 0.017950997 
94 537 8 20 0.017949138 
405 80 18 32 0.01793374 
372 291 72 95 0.01792634 
983 -50 14 35 0.017892264 
921 254 14 26 0.017867474 
546 73 21 38 0.017865237 
203 100 79 73 0.017864395 
151 73 19 29 0.017863207 
790 326 14 33 0.017846575 
394 -82 15 24 0.017840851 
167 29 18 31 0.017838325 
730 193 19 33 0.017812755 
591 537 7 18 0.017806975 
496 -83 16 26 0.017803973 
520 568 5 10 0.017782712 
863 450 7 17 0.01776806 
958 -50 15 35 0.017766165 
506 486 7 22 0.01776148 
910 588 8 19 0.017737454 
921 172 17 33 0.017722357 
778 186 18 29 0.017712424 
151 235 15 33 0.017694304 
617 427 15 33 0.017692614 
211 397 8 18 0.0176893 
996 583 22 22 0.017686417 
12 83 19 33 0.017675774 
960 -27 12 23 0.01766984 
241 -10 12 17 0.017659754 
548 -61 15 36 0.017657908 
660 490 5 11 0.017649656 
949 -10 12 18 0.017642835 
78 535 10 22 0.017636051 
897 209 14 34 0.017634993 
240 292 12 28 0.017631602 
331 -82 14 24 0.017614726 
754 285 17 34 0.017607985 
700 235 17 33 0.017606212 
907 81 16 32 0.017600538 
600 -9 12 18 0.01758349 
81 498 7 17 0.01757484 
418 284 19 38 0.017561343 
406 206 16 34 0.017556293 
597 486 5 16 0.017550727 
584 266 19 37 0.017544191 
182 4 169 134 0.017543567 
80 462 7 15 0.017541396 
636 -86 18 32 0.017534774 
296 410 8 23 0.01752813 
318 -83 14 25 0.01752355 
672 460 6 16 0.017520849 
810 497 8 18 0.017513264 
674 -86 18 32 0.017511265 
704 145 20 30 0.017489348 
209 524 7 15 0.017488062 
343 -82 15 24 0.017479856 
623 -86 18 32 0.017476924 
770 443 8 24 0.017453864 
994 354 18 41 0.01745056 
118 566 6 15 0.01744657 
403 447 8 22 0.017434398 
267 -61 14 36 0.017431833 
19 506 10 21 0.017428199 
319 -93 15 22 0.01742036 
75 229 80 93 0.017418196 
549 308 15 38 0.017398741 
846 512 8 18 0.017396372 
100 236 18 33 0.017395932 
649 -86 17 32 0.017393485 
687 -86 18 32 0.017391002 
799 220 20 31 0.01739065 
968 471 9 22 0.017381055 
268 244 16 37 0.017378505 
876 603 6 17 0.017372327 
596 553 5 14 0.017349727 
478 750 6 8 0.017325941 
695 582 8 25 0.01731518 
662 -86 17 32 0.01730012 
884 -28 13 23 0.017288871 
442 279 18 46 0.01728654 
780 305 11 23 0.017279759 
259 525 8 18 0.0172691 
127 273 74 74 0.017203601 
1000 37 15 31 0.01718887 
87 232 19 37 0.017187702 
467 -1 17 24 0.017158575 
407 -82 15 25 0.01715195 
794 440 11 28 0.017150905 
758 0 13 21 0.017145302 
491 736 8 10 0.017140867 
474 755 10 13 0.017109316 
949 438 11 36 0.01710587 
241 -72 15 32 0.017094186 
582 540 6 16 0.017075734 
641 455 9 21 0.01707303 
127 379 8 23 0.017058954 
203 -73 14 33 0.017049506 
228 -73 15 33 0.017023 
597 128 16 37 0.017015655 
505 467 8 27 0.017006947 
945 346 15 35 0.017004635 
502 741 11 13 0.01699086 
87 22 70 76 0.01699011 
519 603 6 13 0.01697641 
1 -56 9 30 0.016952451 
43 703 8 19 0.016948756 
759 559 9 24 0.016941465 
695 714 10 26 0.016899742 
498 -8 12 17 0.01688848 
397 221 14 33 0.016884847 
381 373 15 35 0.016884556 
296 352 10 26 0.016875075 
972 500 11 28 0.016863339 
729 344 18 39 0.016846541 
127 -48 13 33 0.016828336 
936 425 11 32 0.016811509 
590 562 7 18 0.016809069 
866 706 4 13 0.016797336 
867 695 4 13 0.016795157 
1010 286 13 27 0.016774885 
262 705 7 18 0.016765088 
307 182 17 31 0.01675344 
339 404 10 27 0.01673862 
323 407 9 24 0.016725495 
355 276 16 31 0.0167237 
161 -9 80 66 0.016721535 
458 -28 15 25 0.016712822 
166 -28 13 22 0.016712585 
747 20 65 76 0.016698776 
598 158 16 32 0.016676422 
887 553 6 15 0.016666243 
53 486 8 18 0.016660525 
758 707 6 12 0.016640076 
95 475 5 15 0.016637566 
580 550 6 16 0.016632197 
8 889 21 40 0.016628837 
999 -48 11 32 0.016622528 
917 117 19 33 0.016617564 
283 449 8 23 0.016595995 
600 44 15 30 0.016588306 
623 233 16 34 0.016581455 
916 679 5 13 0.016579052 
571 589 5 14 0.016568057 
14 120 16 30 0.01656501 
725 628 4 18 0.016556544 
64 715 8 18 0.016554363 
37 131 18 33 0.016553061 
195 486 9 19 0.01655247 
105 393 7 22 0.016506968 
498 -93 15 21 0.016501613 
484 -83 15 26 0.01648955 
985 -28 12 24 0.016487997 
88 728 9 19 0.01647954 
196 408 8 19 0.016456988 
393 500 5 14 0.016449347 
843 467 249 319 0.016443023 
550 268 18 38 0.016435375 
590 314 15 34 0.016430428 
221 550 8 15 0.016426383 
438 269 70 90 0.0164244 
778 370 15 37 0.016402418 
698 449 6 19 0.016399909 
249 203 21 38 0.016393112 
577 396 10 34 0.016389607 
758 730 7 12 0.016384033 
733 430 8 23 0.01637649 
904 723 4 10 0.016369931 
475 322 14 31 0.0163694 
103 377 8 26 0.01636633 
332 -93 14 22 0.016365042 
653 290 12 27 0.016363692 
843 138 15 28 0.016346514 
663 377 12 27 0.016335813 
4 -9 6 15 0.016332129 
420 -83 14 26 0.016323933 
59 537 6 16 0.016323153 
523 -60 15 35 0.016305225 
659 478 6 14 0.0162992 
407 379 15 30 0.016268956 
1016 -44 9 29 0.016252741 
521 158 18 35 0.016229915 
62 44 14 29 0.016219627 
860 432 9 20 0.01620376 
558 87 94 87 0.016202401 
60 263 16 31 0.016200729 
600 369 16 42 0.016183177 
561 -61 14 36 0.016175842 
528 579 5 11 0.016170911 
312 541 6 14 0.016170152 
834 493 10 19 0.016164942 
55 472 8 19 0.016159352 
414 566 6 11 0.016146485 
829 451 6 15 0.016141707 
23 190 1519 1060 0.016126938 
875 432 8 18 0.016126325 
490 747 8 10 0.016099542 
777 -9 69 75 0.016092181 
55 502 7 15 0.01608378 
427 102 66 73 0.016071236 
937 615 8 15 0.016056562 
876 412 11 30 0.016033247 
964 426 9 26 0.016001554 
833 343 13 34 0.015999932 
4 552 7 13 0.015991481 
857 495 10 18 0.015990192 
666 403 12 29 0.015989942 
617 -11 12 18 0.0159806 
587 -28 13 24 0.015980171 
439 553 7 13 0.015974399 
423 69 16 33 0.015968971 
896 348 14 30 0.015962949 
1015 551 11 16 0.01593605 
805 148 19 35 0.015923912 
735 448 6 18 0.015921857 
350 691 7 13 0.01591647 
960 338 16 30 0.015913058 
512 740 11 15 0.015910259 
447 -93 15 21 0.015901629 
997 597 18 19 0.01590075 
67 -10 9 16 0.015891023 
166 602 8 18 0.015890233 
912 601 6 16 0.015881913 
586 351 18 53 0.015875846 
621 -1 70 74 0.015870648 
792 156 18 35 0.015868839 
106 549 8 18 0.015868504 
486 -93 14 21 0.015865155 
57 678 6 19 0.015862696 
870 180 15 32 0.015794905 
948 -28 12 24 0.015789192 
474 432 10 20 0.015787167 
1016 -24 9 20 0.015784148 
555 711 6 9 0.015776874 
992 823 19 41 0.015770849 
686 168 19 38 0.015760934 
20 592 5 13 0.015757576 
81 704 8 16 0.01575216 
446 -82 14 24 0.01572704 
748 732 5 12 0.015717514 
741 0 14 22 0.015715316 
391 513 5 18 0.01570819 
599 -61 15 37 0.015693171 
434 -94 15 22 0.015687045 
420 207 16 36 0.01567268 
421 -94 15 22 0.015670033 
718 460 7 20 0.015637923 
926 667 6 12 0.015635736 
628 108 18 29 0.015622486 
460 -93 15 21 0.015614305 
362 510 7 25 0.015599302 
858 44 71 83 0.015583142 
858 414 12 28 0.0155821685 
472 -82 14 24 0.015581006 
914 722 5 10 0.01557659 
408 -94 15 22 0.015574907 
433 -83 14 26 0.015569661 
845 -27 13 21 0.01556133 
259 275 13 30 0.015558247 
728 365 16 31 0.015554167 
259 408 10 24 0.015541568 
119 537 7 19 0.015539197 
190 209 159 175 0.015535187 
212 455 9 21 0.015518249 
380 271 16 34 0.015511676 
583 477 4 12 0.0155094145 
324 531 5 14 0.015508067 
642 -10 14 16 0.0154959215 
381 226 14 26 0.015489949 
382 -70 14 28 0.01548723 
46 111 71 66 0.0154782105 
816 344 15 38 0.015472666 
593 446 7 19 0.015467758 
192 453 10 25 0.015467118 
462 413 9 17 0.015456883 
473 -93 14 21 0.015456709 
550 212 67 92 0.015441912 
804 390 15 30 0.015438534 
520 201 68 77 0.0154249435 
319 -27 14 24 0.015405215 
158 464 9 25 0.01539862 
869 -28 13 23 0.015396198 
437 566 7 12 0.015393437 
731 247 14 31 0.015388011 
459 -82 14 24 0.015381525 
345 -93 14 21 0.015375064 
433 371 14 34 0.015372486 
668 312 11 29 0.015363322 
462 327 12 27 0.0153611135 
360 -9 12 17 0.015350242 
654 257 17 33 0.015346222 
49 112 16 26 0.015344124 
527 603 6 14 0.015336469 
587 -61 15 36 0.015291068 
562 394 12 41 0.01527026 
396 -93 15 21 0.0152676515 
313 459 9 19 0.015267134 
730 222 16 31 0.015266576 
372 374 14 32 0.015261028 
758 70 69 79 0.015251272 
445 436 16 30 0.01524487 
515 -9 10 15 0.015232541 
714 -62 16 39 0.015232383 
498 106 16 32 0.015227887 
844 445 10 24 0.01522737 
937 602 7 15 0.015226612 
791 71 17 32 0.015213805 
320 421 11 24 0.0152097475 
704 302 12 30 0.015200167 
192 -28 14 25 0.015198496 
164 166 91 80 0.015189505 
57 664 6 19 0.015167296 
385 -26 12 21 0.015166997 
395 -70 14 29 0.0151549205 
137 74 17 29 0.015150601 
67 447 9 19 0.015147266 
260 392 9 24 0.015146619 
446 -59 15 33 0.01510341 
695 431 8 25 0.0150867775 
439 579 8 12 0.015072699 
202 260 14 34 0.015042275 
574 -61 15 36 0.015041936 
1011 477 25 57 0.015031894 
821 393 12 25 0.0150146065 
727 -62 15 39 0.014995641 
105 539 7 18 0.014981555 
372 472 9 19 0.014970581 
353 253 19 40 0.014933899 
246 526 8 17 0.014932405 
927 721 5 10 0.014924482 
760 357 19 34 0.014918539 
358 -93 14 21 0.014915042 
517 618 5 11 0.014912191 
804 202 16 28 0.014907444 
679 509 9 21 0.014906652 
892 -89 185 246 0.014906519 
312 552 6 14 0.014902724 
756 513 10 18 0.014898635 
666 355 9 23 0.014898264 
119 743 8 13 0.014896146 
904 733 5 11 0.014894996 
66 72 13 27 0.014891792 
929 63 18 35 0.014882828 
1015 534 10 20 0.014872917 
79 48 12 26 0.014865773 
77 429 10 26 0.014865654 
724 615 5 19 0.014841483 
416 537 7 15 0.014837552 
575 352 15 47 0.014828689 
366 155 18 32 0.014826029 
491 719 7 12 0.014821523 
874 753 6 19 0.014818187 
194 496 8 20 0.014809974 
502 404 8 28 0.014807373 
58 640 6 17 0.014805008 
410 423 13 26 0.014785978 
592 512 7 18 0.014782949 
459 298 15 34 0.014773534 
23 228 17 38 0.014741893 
0 -83 10 29 0.014725438 
119 579 5 13 0.014723349 
722 494 8 22 0.014719945 
713 259 15 32 0.014719123 
581 490 5 13 0.014718529 
383 -93 15 21 0.014712016 
855 364 14 30 0.014711229 
18 603 6 14 0.014701762 
723 733 5 13 0.014688064 
526 -26 11 21 0.014645182 
278 312 21 39 0.014644031 
473 370 11 36 0.014641542 
700 159 18 31 0.01463938 
58 242 17 38 0.014628655 
2 356 9 25 0.014622072 
748 521 17 27 0.014617078 
528 556 6 12 0.0146061685 
216 -61 14 35 0.014599884 
369 -60 15 34 0.014596277 
543 125 21 40 0.01457803 
671 435 6 18 0.014575071 
537 399 13 39 0.014561101 
946 -50 14 36 0.014553952 
604 554 6 14 0.014549219 
966 562 6 16 0.014546936 
660 513 7 14 0.014545869 
106 526 7 18 0.014537602 
367 82 64 74 0.014536645 
65 52 75 76 0.014524458 
733 13 11 21 0.014523209 
208 501 6 13 0.014517764 
108 407 6 22 0.014510262 
370 -93 15 21 0.014504044 
927 589 8 18 0.014494069 
102 -30 12 25 0.014491447 
434 -59 14 33 0.014490487 
629 703 10 20 0.014489575 
240 272 12 33 0.014488472 
780 560 10 24 0.0144860465 
962 613 8 16 0.014457009 
510 -60 15 35 0.014450624 
497 -59 15 34 0.014450189 
197 510 8 17 0.014447189 
391 241 73 102 0.0144318165 
102 -11 11 18 0.014413937 
740 402 13 30 0.014410922 
520 555 5 11 0.014400632 
471 480 15 30 0.014394352 
701 282 14 35 0.014394231 
805 -63 15 39 0.014386891 
139 168 16 34 0.014384519 
307 -29 14 26 0.014380924 
223 296 8 19 0.014378362 
865 618 4 16 0.01437433 
52 443 10 22 0.0143699385 
434 437 16 29 0.014363538 
443 357 14 37 0.014360432 
822 512 9 18 0.014351822 
485 -59 14 34 0.01435077 
207 380 11 23 0.014347047 
987 495 8 24 0.0143067865 
25 -28 11 24 0.014304144 
41 418 10 21 0.014303137 
570 578 5 13 0.014295849 
158 486 7 18 0.014293416 
218 -10 11 17 0.01428756 
830 246 75 80 0.014285755 
256 0 13 21 0.0142851025 
621 472 7 18 0.014284788 
976 377 13 31 0.014257151 
34 275 16 30 0.014255924 
843 431 11 26 0.014234137 
195 521 10 19 0.014224973 
938 758 8 10 0.014222954 
669 328 8 22 0.014217032 
195 475 8 18 0.014188724 
119 496 7 20 0.014181151 
833 -27 11 21 0.014178855 
178 -13 14 20 0.014135506 
346 504 11 30 0.01412315 
242 444 11 21 0.01411932 
602 483 8 22 0.01409677 
528 614 6 14 0.014092239 
241 428 12 24 0.014091383 
395 -27 12 22 0.014075825 
34 216 18 41 0.01407458 
562 323 13 35 0.014070598 
833 302 14 29 0.014059515 
280 -60 13 35 0.014033068 
805 334 16 38 0.01402502 
393 490 6 14 0.014009737 
878 576 6 17 0.014002073 
732 -12 12 17 0.013994879 
695 412 11 30 0.0139855845 
1 -28 8 23 0.0139804175 
714 235 16 33 0.013970863 
694 562 9 18 0.013967158 
449 -29 14 26 0.013953559 
709 600 6 22 0.01394814 
468 48 17 28 0.013938215 
167 258 16 34 0.013923712 
388 564 7 14 0.013918737 
757 549 10 20 0.013906793 
472 -59 14 33 0.013904426 
211 537 7 15 0.013890408 
701 -29 14 25 0.013884108 
93 525 7 19 0.013876236 
100 51 16 25 0.013866732 
367 96 18 33 0.013864633 
474 455 11 27 0.0138620855 
115 -30 12 24 0.013861889 
612 -61 15 37 0.013851241 
414 513 6 15 0.013846463 
653 345 8 19 0.013807774 
383 -2 15 22 0.013801919 
262 477 8 16 0.013792784 
475 408 9 20 0.013792329 
653 273 14 29 0.013787388 
640 264 136 186 0.013786117 
580 619 7 11 0.013783239 
509 105 17 37 0.013777186 
889 693 5 12 0.013776499 
688 208 16 32 0.013772276 
652 328 10 25 0.013768908 
913 752 9 15 0.013766252 
959 828 58 89 0.013760907 
773 474 8 17 0.0137560675 
246 486 10 20 0.013710315 
905 651 5 16 0.013693438 
387 197 13 28 0.013687264 
408 -70 14 29 0.013677475 
740 -62 15 39 0.01366862 
461 479 13 27 0.013663209 
447 20 70 81 0.013644765 
747 746 6 12 0.01364384 
453 543 6 11 0.013642307 
926 692 6 13 0.013641377 
422 497 10 20 0.013640031 
534 307 16 40 0.013638517 
642 540 8 15 0.013628653 
386 460 8 20 0.013628321 
306 -59 13 33 0.013627006 
751 255 18 39 0.013604996 
824 498 7 16 0.013604413 
293 -59 13 34 0.013603792 
962 604 9 17 0.013600645 
27 550 10 17 0.013597304 
357 -70 14 28 0.0135831265 
92 264 14 26 0.013575488 
432 294 20 37 0.013561472 
613 19 14 26 0.013559469 
459 -59 14 33 0.013552916 
421 -60 14 34 0.013541344 
935 122 16 28 0.013534528 
54 -10 9 15 0.013532899 
54 461 9 19 0.013530723 
440 544 6 11 0.013521943 
66 512 7 16 0.013506394 
713 -28 93 91 0.0134998895 
909 251 15 27 0.013496003 
427 553 7 14 0.013492886 
532 137 22 42 0.013492862 
404 565 5 11 0.013490876 
441 76 26 48 0.013489326 
241 36 14 23 0.013474955 
771 181 59 77 0.013471609 
628 193 16 34 0.013456452 
730 476 7 17 0.013444791 
805 443 10 24 0.013427202 
486 385 12 36 0.013423184 
769 215 77 88 0.013421181 
919 -48 15 34 0.013416397 
41 713 10 24 0.013409797 
172 484 7 18 0.013408245 
662 16 16 28 0.013404637 
438 395 10 22 0.01339842 
766 -63 15 40 0.013376981 
325 587 7 16 0.013365004 
146 788 7 23 0.01335729 
734 460 7 16 0.013356104 
868 254 14 26 0.013337945 
144 469 8 20 0.013328798 
56 627 6 21 0.013315284 
778 0 19 28 0.013314582 
374 395 12 24 0.01330296 
318 193 21 32 0.013299081 
134 153 156 171 0.0132919615 
834 510 10 19 0.013286548 
537 -28 12 23 0.0132816965 
587 188 14 26 0.013271059 
577 -27 13 23 0.013267068 
808 -9 11 17 0.013260441 
990 410 9 20 0.013254965 
302 222 18 33 0.01325232 
271 234 82 89 0.013248143 
142 353 9 23 0.013240212 
517 630 5 12 0.013234649 
463 563 7 13 0.013230751 
87 715 11 21 0.013215938 
252 232 17 37 0.01320374 
5 716 6 18 0.013195773 
474 421 9 19 0.013192867 
331 -26 12 21 0.0131898 
718 307 10 25 0.013173412 
146 370 7 18 0.013167458 
833 379 12 31 0.01316667 
621 499 6 16 0.013164657 
846 364 12 30 0.0131614795 
619 705 8 15 0.013149234 
73 333 16 35 0.013137576 
56 614 6 20 0.013131909 
792 188 16 26 0.013130116 
467 0 77 65 0.013121265 
268 318 16 35 0.01311495 
753 -62 15 39 0.013102675 
146 383 9 20 0.013101194 
251 706 5 17 0.013099063 
366 539 6 18 0.013092424 
6 566 6 14 0.013084627 
441 493 11 25 0.0130787715 
681 448 6 18 0.013077726 
798 71 78 80 0.013073774 
576 191 81 89 0.013065348 
730 -28 13 22 0.013064587 
158 41 76 69 0.013052474 
491 709 6 9 0.013040617 
880 313 15 32 0.013032519 
764 272 16 36 0.013031899 
683 713 9 26 0.013029342 
420 -4 15 24 0.013029097 
932 -48 14 34 0.013020172 
849 613 6 19 0.013011266 
858 107 16 30 0.013008914 
635 157 18 33 0.012992179 
403 552 6 14 0.012985027 
702 -62 15 38 0.01298386 
313 474 10 17 0.012981447 
778 -63 16 40 0.012979369 
344 -69 14 27 0.012973586 
976 550 8 19 0.012972902 
130 -13 12 19 0.012956365 
890 643 5 12 0.012954317 
202 193 22 33 0.012943543 
110 579 5 13 0.012922651 
528 592 6 11 0.012907489 
48 331 15 34 0.012904441 
372 483 9 19 0.012886159 
584 47 19 32 0.012878312 
153 527 9 20 0.012851553 
218 259 13 35 0.0128457155 
937 590 7 18 0.012832723 
1010 609 14 19 0.012827166 
927 707 5 12 0.012811369 
449 510 9 19 0.012809439 
938 748 8 10 0.012784397 
925 628 7 14 0.012774001 
95 444 9 24 0.0127725545 
193 320 14 23 0.012771585 
215 -27 13 23 0.01273214 
301 106 17 32 0.012730089 
707 80 143 176 0.012726039 
569 105 29 65 0.012700781 
270 -10 10 16 0.012678642 
50 74 13 24 0.0126612 
779 283 14 30 0.01265937 
428 565 8 12 0.012646485 
114 5 18 32 0.012615174 
0 203 14 36 0.012598954 
259 448 9 20 0.012595334 
938 574 7 18 0.012591374 
889 707 4 12 0.012582069 
605 416 12 28 0.012582034 
935 311 14 30 0.012579131 
405 179 18 34 0.012577142 
881 194 15 35 0.012568736 
584 461 5 16 0.012565197 
230 234 14 34 0.012558496 
952 604 7 14 0.012557368 
155 498 9 22 0.012555693 
731 -2 14 23 0.01253106 
479 101 19 34 0.012519759 
905 745 6 14 0.012494553 
36 -86 16 33 0.012494036 
976 562 11 20 0.012492571 
988 573 15 19 0.012481603 
552 246 16 37 0.012474725 
638 277 13 26 0.012464325 
1012 171 15 31 0.0124518825 
699 460 6 19 0.012447789 
338 527 6 18 0.012435059 
974 519 8 21 0.0124257635 
443 124 18 29 0.01242357 
332 -69 13 27 0.012420545 
129 663 9 17 0.012385372 
472 273 16 35 0.012372757 
297 526 8 19 0.012358605 
791 -77 16 39 0.012358459 
676 -61 15 37 0.012355055 
781 -12 14 19 0.012354253 
401 428 10 25 0.01235346 
679 322 12 32 0.01234875 
38 -46 13 33 0.012345969 
791 522 9 22 0.012343174 
501 736 8 10 0.012336286 
905 668 4 13 0.012335857 
469 30 17 27 0.012309891 
365 197 16 28 0.012305417 
81 692 9 17 0.012302102 
625 -61 15 37 0.012297426 
129 673 10 19 0.012286271 
412 554 8 14 0.012277594 
297 443 9 24 0.012267062 
486 -29 13 23 0.0122567145 
668 342 8 21 0.012249223 
351 642 5 11 0.012233459 
408 -10 13 18 0.012230141 
987 376 12 30 0.012197086 
599 103 17 32 0.012195949 
28 728 8 20 0.012181309 
453 565 7 12 0.012180633 
0 134 13 31 0.012162496 
922 145 16 33 0.012162387 
909 270 17 24 0.012135902 
276 722 4 11 0.012132788 
94 458 8 19 0.012122489 
689 -62 15 38 0.012117703 
816 374 15 36 0.01211457 
366 172 17 32 0.01211154 
360 474 9 16 0.012091025 
420 213 82 99 0.012089414 
365 527 6 20 0.012073772 
664 286 14 31 0.012071038 
567 176 21 30 0.0120618 
454 601 7 14 0.012060187 
370 2 15 24 0.012040494 
987 539 12 19 0.012039389 
161 547 6 18 0.012033107 
166 538 9 20 0.012028786 
108 497 6 18 0.012015635 
1004 509 8 21 0.012015149 
866 681 4 14 0.012014854 
867 743 5 15 0.012001051 
68 678 6 16 0.012000417 
57 522 7 18 0.011993109 
843 204 15 36 0.011988472 
591 573 6 17 0.011984091 
290 718 5 14 0.011970286 
5 603 5 15 0.011953482 
827 207 16 35 0.011952925 
232 559 11 19 0.011946636 
350 656 6 12 0.011940884 
80 526 8 17 0.011938602 
401 523 6 17 0.011938017 
319 -69 13 27 0.011937476 
416 527 7 16 0.011935636 
409 -28 12 22 0.01193408 
356 325 13 30 0.011922356 
66 525 7 18 0.0119213965 
736 743 6 13 0.011890156 
18 524 8 18 0.01187786 
751 628 4 17 0.011873137 
70 641 5 15 0.011871683 
621 486 6 18 0.01183582 
90 401 10 29 0.01183461 
58 603 5 14 0.011834409 
1003 537 9 17 0.01183025 
684 380 11 24 0.01182956 
441 589 9 16 0.011828711 
362 459 10 18 0.01182388 
882 220 14 34 0.011816639 
631 525 6 15 0.011809915 
830 287 14 28 0.011795894 
357 109 16 26 0.011793054 
600 -28 13 22 0.0117912805 
151 142 18 33 0.011790725 
179 308 9 21 0.011786666 
662 32 16 28 0.011769897 
570 540 5 13 0.01176146 
230 494 9 20 0.011754823 
895 228 16 36 0.011748193 
952 549 6 18 0.011746692 
132 652 7 15 0.011735881 
75 32 13 26 0.011719262 
212 199 21 39 0.011716 
529 514 5 13 0.011714597 
781 552 9 16 0.011713239 
179 -28 13 23 0.011708427 
939 694 5 10 0.011701246 
645 473 7 18 0.011694784 
385 211 13 26 0.011673849 
928 654 6 13 0.011673766 
726 170 19 35 0.011673496 
383 441 10 26 0.011670329 
94 34 10 22 0.011668799 
47 98 15 27 0.011660686 
110 566 5 15 0.011644737 
256 -29 11 23 0.011635269 
963 628 8 16 0.011600582 
218 560 10 16 0.011593641 
833 262 14 31 0.011581106 
268 -29 12 23 0.011580527 
284 -12 12 17 0.011580386 
233 528 7 16 0.011572574 
89 -78 13 42 0.011540535 
390 475 6 16 0.011515007 
881 251 14 28 0.011504135 
272 416 9 25 0.011473993 
638 -61 14 36 0.011463506 
731 306 11 25 0.01145927 
703 -11 12 18 0.011456311 
67 614 5 17 0.011455349 
489 405 9 25 0.011453319 
170 590 7 13 0.011447749 
730 283 13 35 0.011445444 
961 114 17 32 0.011441297 
26 705 9 18 0.011441231 
69 501 7 14 0.011421435 
816 51 17 33 0.011405369 
938 667 7 12 0.011404875 
349 631 6 12 0.011404401 
256 434 10 20 0.011383647 
759 601 5 17 0.011375031 
628 -10 13 19 0.01137485 
3 727 9 25 0.011373633 
846 523 9 17 0.0113608055 
248 475 7 16 0.011345822 
641 551 8 15 0.011336124 
751 639 5 18 0.011336017 
696 355 10 24 0.011330258 
828 109 15 30 0.011328245 
352 219 146 187 0.011327865 
6 575 6 15 0.011326744 
888 680 5 12 0.011313402 
582 448 6 18 0.011312666 
726 640 4 18 0.011294068 
266 222 17 35 0.011288393 
564 -10 13 19 0.011281694 
62 114 14 25 0.011278557 
192 378 11 26 0.011259511 
819 -27 12 22 0.011255019 
217 -131 292 148 0.01125091 
521 45 86 84 0.011248124 
70 655 4 14 0.011248098 
43 591 6 13 0.011243012 
714 83 21 31 0.011240606 
764 385 18 37 0.011238837 
943 194 20 36 0.01123133 
90 72 20 31 0.011228074 
905 56 70 99 0.011225518 
694 336 12 32 0.011216333 
815 242 16 36 0.011215969 
158 355 9 23 0.011208452 
372 -8 11 15 0.011208431 
211 471 8 19 0.011206993 
158 641 6 13 0.011198372 
56 196 75 88 0.011192366 
534 221 17 33 0.011190752 
194 688 10 22 0.011189105 
1008 35 27 58 0.011186372 
357 1 17 24 0.011152646 
102 33 13 24 0.011151067 
563 0 14 21 0.011143415 
190 -45 14 29 0.011133121 
1013 308 10 20 0.011131652 
894 250 14 29 0.01112941 
263 718 5 13 0.011127579 
441 604 6 14 0.011114699 
402 540 6 13 0.011094342 
384 177 18 35 0.011093871 
851 629 5 17 0.011089571 
793 316 12 25 0.011087804 
144 781 7 20 0.011085702 
883 300 14 29 0.011067969 
55 552 7 15 0.011057259 
938 682 6 11 0.011054486 
710 55 17 30 0.01105064 
526 641 6 16 0.011048471 
205 305 13 25 0.011047418 
664 -61 15 37 0.011046283 
90 -48 12 35 0.0110432105 
241 217 18 38 0.0110410545 
436 8 14 23 0.0110326335 
885 456 9 24 0.011030334 
340 200 21 35 0.01102596 
134 589 7 16 0.011011452 
21 865 20 29 0.011006765 
246 459 8 20 0.011004118 
306 274 19 32 0.011001725 
663 58 19 33 0.01099852 
414 593 5 12 0.010997409 
681 368 12 26 0.010989715 
345 463 10 15 0.01098686 
963 641 7 14 0.010978159 
647 490 5 12 0.010973862 
868 205 15 35 0.010968678 
242 -46 13 30 0.010959432 
5 592 5 13 0.010950422 
70 695 5 14 0.010950174 
24 522 10 19 0.01093298 
963 539 7 19 0.010930898 
846 601 9 21 0.010930887 
709 616 6 21 0.010916255 
372 328 12 27 0.010903361 
177 284 14 32 0.010894627 
614 -28 13 22 0.010892044 
400 592 6 14 0.010888921 
338 538 6 16 0.010878531 
377 190 80 95 0.010863139 
289 205 21 37 0.010860905 
105 510 8 21 0.01085437 
331 217 20 35 0.0108536435 
137 143 18 35 0.01085132 
417 165 79 80 0.01084076 
374 705 7 16 0.0108396355 
661 504 6 11 0.010826315 
983 350 17 41 0.01082151 
193 305 11 24 0.010817979 
752 707 4 11 0.010812634 
460 115 18 31 0.010807991 
419 7 15 29 0.010804057 
760 574 6 20 0.010791355 
724 743 5 14 0.01078906 
671 524 7 16 0.010777021 
686 -13 67 89 0.010770633 
375 499 7 19 0.010765152 
41 603 6 15 0.010763975 
4 541 6 13 0.010763406 
294 -30 13 26 0.010760548 
180 561 13 23 0.010755093 
944 121 17 31 0.010745158 
82 591 7 17 0.010739204 
464 530 6 13 0.010733825 
427 605 5 14 0.010725587 
117 -13 11 19 0.010701267 
591 523 8 22 0.010695781 
307 322 15 32 0.010693164 
528 501 5 14 0.0106901415 
345 419 10 22 0.010685427 
472 -28 13 23 0.010682457 
922 427 10 33 0.010656764 
256 36 14 20 0.0106542045 
951 591 7 15 0.010651465 
466 620 5 13 0.010637194 
691 552 8 15 0.010632558 
666 574 9 20 0.010624586 
347 429 11 22 0.010623022 
408 -47 13 31 0.010617301 
977 538 7 19 0.010613974 
272 705 5 15 0.010609865 
44 509 7 17 0.010609779 
179 182 18 29 0.010605196 
512 -27 12 22 0.010602643 
208 485 8 19 0.010588187 
458 -11 15 20 0.010588056 
380 549 5 14 0.01058479 
858 129 21 33 0.01057849 
464 394 9 23 0.010575387 
571 200 16 27 0.010572146 
536 285 17 33 0.010571047 
340 363 27 68 0.010564322 
607 587 7 19 0.010550788 
270 588 8 20 0.010543711 
496 176 73 75 0.010543243 
556 452 10 27 0.010541927 
360 124 78 70 0.0105407275 
973 130 76 98 0.010540076 
480 737 5 8 0.010538474 
317 225 17 30 0.010532465 
987 234 13 26 0.0105280075 
947 113 64 91 0.010522978 
528 486 6 19 0.01051858 
359 -26 11 20 0.010516109 
195 397 8 19 0.010515492 
92 507 8 22 0.01051096 
813 512 7 16 0.010509353 
716 -28 13 23 0.0105080735 
926 641 6 14 0.010505118 
582 513 6 14 0.010492511 
75 264 15 29 0.010486716 
946 232 15 33 0.010484351 
498 -28 13 22 0.0104729645 
983 171 18 31 0.010457188 
735 642 5 18 0.010455885 
876 589 6 18 0.010444145 
298 538 7 16 0.010415291 
765 80 19 33 0.010412785 
453 526 7 16 0.010408968 
114 104 19 31 0.010403135 
651 -61 15 36 0.010402726 
155 203 18 37 0.010395077 
972 599 16 21 0.010394178 
793 302 12 26 0.010390962 
10 297 76 87 0.010390374 
937 656 7 12 0.01038404 
139 196 16 34 0.01037496 
29 563 8 15 0.010369673 
325 10 20 31 0.010361876 
262 460 8 19 0.010357711 
381 100 19 29 0.010356079 
606 513 6 16 0.010339549 
939 707 6 11 0.010307737 
657 461 7 16 0.010305804 
766 198 17 31 0.01029968 
684 553 8 15 0.010299542 
119 527 7 18 0.010293828 
984 259 18 34 0.010287893 
982 147 15 30 0.0102870045 
580 432 8 23 0.010285122 
18 578 5 12 0.010276266 
660 169 62 80 0.01027248 
78 100 16 26 0.010253372 
653 -25 13 20 0.010249724 
22 74 18 28 0.010238029 
134 601 6 16 0.010221517 
213 -2 16 26 0.010221155 
260 238 151 215 0.010218213 
30 715 7 18 0.010217518 
550 -27 11 22 0.010213961 
996 609 17 22 0.010212839 
537 197 18 29 0.010203293 
242 -27 12 21 0.010202618 
806 -28 13 24 0.010197045 
887 671 5 13 0.010188545 
422 -28 12 22 0.010178225 
751 678 5 15 0.010174363 
80 574 8 20 0.010162997 
831 524 12 19 0.010146955 
69 666 5 15 0.010137552 
950 640 7 15 0.01012892 
656 566 8 14 0.010118532 
156 339 11 29 0.010105186 
313 530 6 14 0.010100866 
0 227 11 27 0.010076846 
23 56 76 76 0.010066376 
150 505 12 26 0.010039432 
30 602 6 14 0.010034182 
40 -28 10 22 0.010032036 
593 23 137 160 0.010030611 
699 180 18 37 0.0100250635 
991 393 9 22 0.010016851 
974 357 16 37 0.01001628 
150 114 21 36 0.010010632 
572 603 5 14 0.010008944 
644 514 5 13 0.010002487 
