6_Funeral_Funeral_6_690
1638
391 141 209 308 0.9999341 
813 202 14 40 0.67183876 
862 217 16 61 0.3008861 
191 561 11 21 0.22119233 
752 228 89 151 0.2002391 
852 212 92 130 0.19835213 
121 1 14 39 0.19589841 
807 214 15 37 0.1759597 
176 209 20 49 0.15101139 
788 196 86 121 0.1263389 
130 0 12 24 0.1171731 
997 205 18 45 0.109511524 
871 232 20 55 0.10865732 
692 35 14 39 0.10834866 
89 48 12 34 0.102078475 
133 307 18 37 0.100876495 
773 41 13 34 0.09628562 
708 35 15 39 0.09418737 
203 303 15 42 0.09400839 
90 9 10 28 0.090890735 
222 245 12 37 0.09012298 
187 200 20 46 0.08754003 
172 16 19 44 0.0858922 
177 155 11 30 0.08537988 
254 266 9 26 0.08314087 
1014 16 150 349 0.08047902 
693 220 16 35 0.07721935 
525 21 22 33 0.07650966 
73 69 9 29 0.07649567 
602 177 94 142 0.07528375 
33 206 9 24 0.07488009 
63 71 8 27 0.07218118 
103 124 9 29 0.07151387 
17 319 6 19 0.071106486 
205 214 18 45 0.07100698 
893 183 97 132 0.070164315 
41 203 10 29 0.07015788 
92 169 9 36 0.06998158 
685 38 13 33 0.069591284 
642 127 15 39 0.06950238 
776 219 11 29 0.069238365 
722 33 14 36 0.067947045 
94 237 9 26 0.06690502 
867 145 102 109 0.06638197 
223 218 12 35 0.06610528 
-11 202 7 36 0.06593911 
228 206 10 28 0.06590474 
207 185 14 39 0.06575866 
243 282 11 33 0.06567092 
896 76 12 41 0.06539079 
658 182 21 55 0.06504015 
742 137 14 39 0.06453401 
178 188 16 44 0.064198166 
203 277 16 44 0.06361097 
728 92 15 42 0.063141495 
106 8 10 31 0.061965838 
44 241 9 23 0.060056765 
846 0 12 22 0.059984144 
62 208 8 26 0.05965102 
704 218 17 40 0.059642863 
1 204 7 31 0.059459463 
168 147 12 30 0.059386365 
248 269 9 22 0.059210293 
60 83 9 28 0.05919158 
784 219 14 31 0.058810223 
809 245 104 189 0.058514487 
984 34 13 41 0.058098134 
251 278 12 36 0.057656925 
680 216 15 35 0.05764633 
802 190 20 42 0.05721686 
877 50 12 34 0.056643244 
241 545 7 19 0.056572914 
184 100 12 30 0.055801835 
739 320 18 50 0.055638783 
356 198 19 42 0.055480674 
791 72 9 25 0.05527852 
128 80 16 45 0.054638717 
77 59 8 22 0.054412883 
906 11 13 28 0.053930286 
131 188 13 37 0.053761814 
990 10 8 21 0.053662844 
118 80 15 42 0.053277776 
236 557 11 26 0.05270942 
771 0 13 19 0.05204127 
134 106 14 42 0.051375385 
272 170 11 39 0.051151846 
1001 10 8 22 0.051075872 
775 113 11 27 0.05102399 
905 65 11 35 0.050899297 
6 396 5 16 0.0506388 
103 144 10 31 0.05058213 
76 82 8 26 0.050219364 
120 191 13 35 0.050177854 
786 82 12 35 0.050064854 
665 56 11 29 0.05003333 
909 37 12 29 0.049586106 
101 156 10 36 0.049483284 
725 8 16 34 0.049320586 
243 253 9 27 0.04868614 
247 68 178 305 0.0484933 
998 38 11 35 0.04848814 
164 11 16 31 0.048097037 
43 225 9 24 0.047964104 
944 188 94 152 0.04793166 
681 0 13 22 0.047755744 
740 5 13 31 0.047654524 
90 185 9 30 0.047641344 
31 224 8 22 0.047533847 
3 220 6 29 0.047383882 
179 111 13 33 0.047359344 
131 10 14 41 0.04727028 
217 411 18 45 0.046937086 
878 81 12 38 0.046763428 
453 20 15 37 0.046716485 
249 327 15 36 0.046694957 
270 154 11 37 0.046643104 
1008 207 15 38 0.046598855 
939 13 12 25 0.046400737 
90 248 11 29 0.046392083 
74 208 9 30 0.046302408 
79 103 6 21 0.0463003 
369 139 16 42 0.046299376 
60 146 10 28 0.04606413 
253 145 11 31 0.046059415 
751 139 14 35 0.04581421 
121 70 11 28 0.045768674 
64 57 7 22 0.045759786 
784 0 13 19 0.045435984 
148 6 15 34 0.04533039 
0 157 7 33 0.04526573 
685 28 10 21 0.045040548 
192 5 14 30 0.044965584 
862 62 14 37 0.044689726 
973 39 10 29 0.04447371 
932 157 19 34 0.04413528 
166 125 12 34 0.04413053 
59 193 9 27 0.04411339 
75 144 8 28 0.044026256 
30 189 12 33 0.043968875 
347 204 14 36 0.043953963 
761 0 11 18 0.04388003 
92 146 8 30 0.043724995 
41 173 14 39 0.043723125 
817 70 11 27 0.043519598 
815 21 18 38 0.043448184 
653 11 11 23 0.04335672 
881 112 11 29 0.043271795 
806 69 9 25 0.043263424 
804 56 11 27 0.04314654 
213 244 13 36 0.042828526 
120 147 9 24 0.042754427 
953 37 12 33 0.042680897 
958 150 10 20 0.042433232 
805 111 13 32 0.0423508 
784 115 12 28 0.042179774 
250 347 15 44 0.042124234 
500 26 15 24 0.04210895 
827 201 14 39 0.042058904 
632 10 13 26 0.04204464 
58 114 8 26 0.042029534 
237 204 11 34 0.041865215 
725 66 14 36 0.04176712 
367 614 7 32 0.041711044 
156 1082 4 13 0.041618664 
-165 857 296 538 0.041565746 
716 291 98 160 0.041544236 
241 347 14 42 0.041484047 
100 50 11 32 0.04097466 
536 12 19 26 0.040914286 
1 144 7 29 0.04082375 
42 35 10 33 0.040799797 
137 404 13 31 0.040742844 
832 282 21 60 0.04064425 
662 96 13 30 0.04051708 
656 46 8 19 0.04045647 
788 54 11 26 0.040425554 
107 69 9 28 0.040375914 
6 288 5 21 0.040340774 
95 129 7 24 0.04024693 
236 232 13 37 0.040184848 
177 169 14 39 0.04008151 
164 66 12 38 0.040059358 
79 134 6 21 0.04004021 
786 1156 10 15 0.04000095 
281 96 17 42 0.03989712 
742 52 10 27 0.03983502 
48 -31 195 234 0.03980901 
59 99 10 28 0.039760143 
415 80 20 44 0.039723862 
774 68 11 31 0.03965304 
696 0 11 20 0.039561294 
185 1049 6 19 0.039448626 
189 19 14 34 0.039403193 
985 115 12 34 0.039365884 
908 49 11 31 0.039302763 
30 21 9 27 0.039272774 
197 318 12 34 0.03927072 
660 150 88 135 0.03925794 
79 521 6 17 0.03919974 
58 158 10 30 0.03908092 
100 223 12 29 0.039022744 
646 114 14 34 0.03898352 
17 333 7 20 0.038941093 
18 208 7 21 0.0389057 
209 265 13 34 0.038816728 
76 388 10 24 0.038800817 
863 127 13 33 0.038798958 
871 164 20 52 0.03863431 
921 95 12 35 0.038594473 
30 38 8 30 0.03838967 
81 12 7 22 0.0382837 
833 6 15 30 0.038214285 
745 773 6 20 0.038119126 
283 185 11 39 0.03765955 
804 84 12 29 0.037521165 
139 160 10 28 0.037450936 
59 175 10 29 0.037421912 
44 53 8 27 0.037271634 
30 69 8 27 0.03722401 
171 1064 5 18 0.037124883 
667 83 12 31 0.037025213 
813 123 15 36 0.037006807 
952 11 11 23 0.03698891 
173 1047 6 21 0.036977425 
141 148 8 23 0.036951065 
632 114 18 38 0.036926404 
257 131 10 25 0.03688175 
896 52 10 30 0.036846895 
938 36 15 35 0.03682688 
271 355 11 35 0.03681 
18 349 6 16 0.03666933 
142 319 15 36 0.036625713 
817 156 14 39 0.036610123 
279 382 17 49 0.03647857 
953 158 13 28 0.03637758 
665 12 11 22 0.036332607 
7 302 5 19 0.036253046 
254 164 12 42 0.03613173 
362 152 13 39 0.03600277 
16 70 7 27 0.035981607 
864 95 12 32 0.03595491 
77 534 8 18 0.03592726 
195 175 13 33 0.035921354 
907 90 13 42 0.035904642 
565 35 20 38 0.03576568 
736 82 14 35 0.035710134 
221 5 15 33 0.03569754 
175 125 12 33 0.0355033 
147 158 11 31 0.03543924 
758 7 11 24 0.03535106 
985 203 17 48 0.035178915 
273 202 10 33 0.03514027 
18 303 5 18 0.035130654 
211 7 13 30 0.03506911 
442 1121 8 29 0.035025615 
62 44 8 22 0.03486558 
18 41 6 25 0.034651723 
254 8 11 28 0.034640003 
367 135 9 25 0.0346177 
148 66 15 40 0.034568362 
844 279 18 50 0.034562446 
18 226 8 24 0.03453581 
7 411 4 16 0.034496713 
875 130 12 30 0.034302652 
713 11 14 27 0.0342714 
854 218 11 42 0.034259655 
108 97 9 28 0.034169976 
184 1022 6 14 0.03408302 
1000 27 8 24 0.034081817 
30 98 11 30 0.034024116 
1006 260 164 367 0.03399935 
157 1066 5 18 0.033974845 
654 101 11 26 0.033872455 
719 129 152 220 0.033870693 
664 23 10 24 0.03384287 
510 25 19 29 0.033791434 
166 167 13 42 0.033733428 
730 130 13 35 0.033704128 
243 328 13 30 0.03361954 
78 173 9 31 0.03360813 
193 336 12 36 0.033580374 
927 11 9 22 0.03344284 
664 45 10 22 0.03329715 
481 94 15 43 0.03329206 
73 541 12 27 0.033227634 
654 24 10 23 0.033182163 
168 201 13 41 0.033103522 
877 148 11 27 0.033063546 
1015 158 11 38 0.032971364 
875 10 14 28 0.03296429 
33 410 7 16 0.032899227 
137 1042 8 29 0.03289203 
178 65 12 36 0.032799136 
107 3 9 18 0.03278283 
466 59 189 246 0.03276726 
831 159 12 33 0.032759964 
849 123 15 41 0.03274121 
804 12 12 27 0.032732416 
256 118 10 24 0.032684498 
970 150 8 21 0.032625787 
677 59 15 41 0.032394104 
7 335 5 18 0.032386564 
632 160 45 93 0.032377448 
170 1079 5 15 0.032367595 
972 113 12 32 0.032355927 
647 324 15 41 0.0323515 
211 339 11 31 0.032344766 
7 381 4 16 0.032319073 
243 147 9 26 0.03221838 
250 304 15 37 0.032175995 
212 1 10 19 0.032123797 
144 414 12 34 0.03209194 
178 236 18 42 0.032087922 
149 469 8 24 0.03202563 
263 -20 223 241 0.031973552 
115 290 22 38 0.031896245 
371 73 7 21 0.03180194 
121 160 10 28 0.03176116 
724 219 13 33 0.031617425 
226 343 11 30 0.03157003 
89 269 9 24 0.03140125 
828 21 16 35 0.031359132 
90 82 9 29 0.031293612 
274 84 10 30 0.031271275 
107 208 10 27 0.031229112 
161 -53 213 317 0.031204501 
957 135 9 21 0.031202335 
33 239 8 22 0.031191595 
121 58 10 24 0.031179534 
78 191 8 27 0.031177435 
880 346 163 300 0.03106606 
5 423 5 17 0.031013811 
20 28 6 20 0.030955449 
79 118 7 21 0.030955156 
47 71 7 24 0.030939227 
976 13 8 18 0.030831922 
212 391 11 33 0.030784672 
136 171 11 35 0.03066588 
670 1120 8 24 0.030571138 
80 41 7 21 0.030563213 
7 56 5 24 0.030510776 
780 269 37 96 0.030378351 
799 1179 12 23 0.030377029 
165 389 10 31 0.030365368 
790 1168 11 20 0.03036226 
240 110 11 31 0.030344518 
336 1108 5 15 0.030226968 
1003 163 9 29 0.030204445 
910 3 10 17 0.030196534 
826 863 4 20 0.030195216 
972 3 8 17 0.030178646 
788 191 17 36 0.030115182 
761 52 11 28 0.030050237 
7 366 5 16 0.030044176 
-10 235 7 30 0.030037232 
167 359 9 25 0.02997053 
157 1046 5 23 0.02993516 
462 25 13 30 0.029884052 
221 106 16 39 0.02986863 
227 282 11 31 0.029777965 
867 9 13 28 0.029758688 
240 191 10 31 0.029731201 
244 85 10 26 0.029703751 
570 28 15 24 0.029513171 
975 28 8 21 0.029482894 
871 197 20 57 0.029479504 
743 782 8 33 0.029393435 
88 285 10 26 0.029367575 
4 236 6 25 0.029288499 
897 9 14 30 0.029257545 
244 9 11 26 0.029251657 
741 67 12 32 0.02922228 
44 158 11 31 0.029217515 
91 100 8 26 0.029205794 
219 33 19 48 0.029161237 
811 93 16 38 0.029124392 
602 235 52 111 0.029097054 
41 270 10 23 0.029068483 
380 618 8 30 0.029061122 
75 316 8 21 0.029056527 
163 26 18 43 0.02902559 
254 86 10 27 0.028986488 
59 132 9 25 0.028958779 
153 455 6 18 0.028950576 
805 39 13 30 0.028941464 
129 282 19 36 0.02893817 
186 1035 5 15 0.028913941 
14 86 9 26 0.028844245 
45 253 9 22 0.028842684 
57 240 9 23 0.028839525 
46 87 8 24 0.02882237 
197 164 10 23 0.028814575 
878 26 11 23 0.028658343 
213 374 9 31 0.028593984 
193 85 10 27 0.028580634 
226 0 11 20 0.028574042 
91 207 9 30 0.028521938 
971 211 16 56 0.028510725 
710 57 16 41 0.028463196 
275 70 8 26 0.028435698 
181 82 11 29 0.028419018 
708 193 17 33 0.0284015 
133 69 12 32 0.028389908 
972 99 10 25 0.02815629 
969 1100 11 29 0.028141417 
-12 177 7 32 0.028112546 
224 393 11 32 0.028054679 
775 1155 10 15 0.028052423 
959 1091 7 26 0.028015798 
676 268 17 49 0.027995717 
468 57 13 25 0.027987113 
758 21 12 28 0.027890503 
1001 71 10 28 0.027874578 
15 412 6 16 0.027850928 
181 2 12 20 0.02784588 
47 374 10 23 0.027842596 
663 129 13 34 0.02783964 
147 112 12 34 0.027836422 
966 1133 13 26 0.027819665 
121 989 8 20 0.027817307 
675 77 13 37 0.02781689 
15 52 8 30 0.027664274 
146 282 14 31 0.027662762 
353 604 6 28 0.027631233 
181 324 11 32 0.027599473 
825 881 4 21 0.027586663 
7 320 5 19 0.027567357 
103 284 15 33 0.027565373 
1028 150 14 48 0.027550863 
1017 144 10 32 0.027483992 
210 97 14 34 0.027464679 
220 446 13 27 0.02744468 
1004 129 8 24 0.027428847 
272 129 10 28 0.027368391 
274 100 11 31 0.027347032 
196 150 9 23 0.0273312 
7 349 5 17 0.027329108 
555 46 22 40 0.027265219 
79 23 8 24 0.027160771 
196 390 9 28 0.027077053 
969 1119 11 28 0.027065776 
33 318 7 18 0.027049448 
777 83 12 31 0.027010065 
183 354 9 30 0.026944177 
989 149 7 20 0.02688318 
896 263 103 181 0.026801601 
5 44 5 23 0.026720267 
254 218 11 33 0.02670691 
175 40 16 42 0.026682556 
333 203 15 36 0.026671141 
271 252 10 27 0.026642116 
253 53 10 30 0.026595823 
137 455 8 17 0.026570505 
164 419 9 29 0.026528703 
151 266 12 30 0.026525613 
186 1059 6 20 0.026513968 
255 187 11 34 0.026503162 
725 190 15 34 0.026454149 
369 89 7 23 0.026449082 
784 21 15 35 0.02636018 
411 84 12 29 0.026288567 
283 156 12 35 0.026247866 
804 2 10 16 0.026231356 
354 134 7 23 0.026229909 
1030 217 12 36 0.026187059 
273 329 9 24 0.026153553 
772 22 15 35 0.026148235 
927 41 9 23 0.02614094 
173 1036 5 16 0.026125563 
624 235 97 174 0.026097504 
182 391 8 28 0.026068931 
140 469 7 20 0.026017485 
889 112 13 31 0.02595526 
246 69 8 22 0.025950186 
633 102 13 27 0.025946004 
717 654 6 16 0.025941448 
238 572 9 23 0.025906987 
0 134 7 26 0.02589341 
208 167 10 24 0.02587318 
146 186 12 34 0.025858106 
924 84 10 29 0.02584199 
45 133 9 23 0.02579339 
271 217 10 34 0.025765179 
49 988 6 16 0.02575076 
74 329 9 28 0.025736004 
241 129 11 29 0.025724221 
223 84 12 28 0.025723105 
789 1178 14 26 0.025642183 
671 1138 7 22 0.025640504 
987 166 8 23 0.02556643 
971 162 9 23 0.025538232 
1019 10 9 27 0.02552634 
758 206 13 34 0.025467934 
348 938 9 19 0.025453584 
795 96 169 209 0.025437377 
562 30 12 21 0.025436303 
359 172 14 36 0.02542563 
41 99 10 31 0.025361303 
805 356 12 31 0.025329735 
190 107 12 35 0.025317917 
833 127 14 35 0.02527335 
143 1082 4 14 0.025244474 
851 207 11 37 0.02521719 
209 32 19 48 0.025206383 
712 109 14 37 0.025182735 
243 0 9 19 0.025161218 
4 89 7 23 0.025097737 
693 58 14 39 0.025009152 
122 36 11 28 0.024951382 
754 307 15 42 0.024938807 
730 1 11 18 0.024938729 
284 215 12 37 0.024911085 
848 24 12 26 0.024908744 
331 459 13 38 0.024874602 
232 545 7 17 0.024806872 
147 394 10 27 0.024795821 
777 1146 7 11 0.02475795 
1004 148 8 23 0.024724035 
760 70 11 30 0.02472108 
156 1109 5 13 0.024717199 
617 38 12 22 0.024716787 
388 102 14 33 0.024663499 
864 0 12 22 0.024636205 
959 68 9 24 0.024622058 
677 192 15 36 0.024583325 
866 42 11 24 0.024579147 
47 1000 7 18 0.02457783 
150 436 8 23 0.024552066 
750 715 4 15 0.024536394 
274 315 9 23 0.024529863 
696 311 12 34 0.024525244 
957 116 10 26 0.024516666 
892 157 18 37 0.024512697 
981 218 15 51 0.024502847 
650 276 15 36 0.024497043 
831 227 14 37 0.024404308 
821 1 10 18 0.024361711 
985 62 13 36 0.024348853 
330 265 14 35 0.024340663 
62 989 7 16 0.02429446 
723 245 14 39 0.024293669 
335 1100 6 13 0.024280112 
668 259 13 39 0.024247348 
832 426 14 41 0.024157045 
713 1 10 17 0.024098689 
181 419 10 30 0.024098514 
828 49 17 36 0.024047274 
227 372 9 29 0.024002185 
233 575 8 18 0.023971556 
972 189 12 38 0.023948861 
46 365 9 18 0.02394876 
3 103 6 22 0.023929676 
63 449 8 25 0.023904156 
184 471 7 20 0.023900341 
653 5 9 15 0.023887936 
98 250 13 31 0.023883898 
738 110 15 36 0.023871167 
1013 192 13 32 0.023847878 
535 32 21 36 0.023845999 
243 54 11 27 0.02382856 
701 653 5 18 0.023805829 
96 520 5 15 0.023792002 
6 72 5 23 0.023753554 
221 62 14 32 0.023725318 
867 27 10 21 0.023710756 
300 189 13 35 0.023708692 
107 189 10 32 0.023703732 
276 356 203 319 0.023646811 
156 1125 5 16 0.023619013 
866 183 13 46 0.023577398 
302 328 11 31 0.02356692 
241 170 12 36 0.023561584 
339 916 4 14 0.023560535 
846 38 15 32 0.023519307 
636 4 11 19 0.023516651 
925 27 8 21 0.023507955 
63 319 7 19 0.023504678 
241 301 16 40 0.023492165 
61 998 10 21 0.02339518 
171 1023 5 14 0.023383765 
957 3 10 19 0.023370536 
867 142 10 30 0.023363039 
983 173 12 35 0.023352016 
848 159 11 26 0.023347372 
898 2 10 17 0.02331527 
694 194 16 32 0.023296237 
713 244 12 35 0.023256939 
224 178 10 29 0.023218948 
182 298 12 31 0.023182625 
14 397 6 16 0.023166837 
101 1013 10 24 0.023144173 
942 117 10 25 0.023116931 
29 158 13 31 0.023110805 
760 247 11 32 0.023099307 
880 237 29 52 0.02300988 
1018 126 8 28 0.022996742 
155 1134 6 23 0.022995524 
261 608 7 18 0.02296213 
938 1 13 22 0.022938944 
676 245 15 41 0.022937695 
256 236 10 32 0.022858975 
745 299 11 31 0.022840891 
121 130 9 27 0.022813605 
165 452 8 22 0.022806577 
949 330 88 158 0.022792088 
466 96 16 40 0.022759117 
771 140 12 32 0.022759076 
118 214 13 32 0.022750232 
983 1119 14 29 0.022739932 
320 1128 5 13 0.022725916 
653 65 12 30 0.022620274 
653 87 10 25 0.022586185 
730 327 14 36 0.022559805 
669 3 10 17 0.022548735 
62 328 8 25 0.022514278 
712 265 10 31 0.02251118 
379 74 7 19 0.022493102 
485 54 13 27 0.022458954 
317 268 12 30 0.022407271 
941 138 10 20 0.022397125 
829 111 15 36 0.022323491 
194 263 14 36 0.022313777 
437 23 16 35 0.022309262 
261 623 7 17 0.022302337 
923 148 16 29 0.022292258 
971 69 9 25 0.022291018 
831 81 13 30 0.022276975 
791 204 30 63 0.022275228 
826 851 5 19 0.02225873 
63 522 7 18 0.022252021 
131 216 13 34 0.022243345 
33 255 8 19 0.022219352 
226 325 12 27 0.022216052 
974 176 10 30 0.022199884 
435 68 17 33 0.022147864 
757 261 14 41 0.022142354 
132 436 12 24 0.022141704 
-30 204 9 35 0.022064043 
668 1154 10 25 0.022055063 
194 128 11 29 0.022044247 
42 14 8 22 0.022038715 
813 368 13 33 0.022036735 
133 34 12 29 0.02196093 
804 139 15 36 0.021952514 
1027 4 16 42 0.021920945 
103 1030 11 36 0.021900626 
440 620 10 28 0.021893978 
806 553 11 41 0.021889342 
31 269 10 25 0.02188579 
371 189 16 37 0.021867996 
787 53 105 123 0.021858336 
122 1180 10 24 0.021844365 
196 472 7 20 0.021825545 
695 294 12 33 0.02181991 
196 404 10 29 0.021814002 
155 1100 5 12 0.02180081 
1016 940 8 16 0.021799712 
162 435 10 26 0.021786675 
942 101 8 24 0.021775438 
15 99 10 26 0.021771573 
926 53 9 27 0.02176263 
166 325 12 31 0.021742063 
151 203 10 31 0.021691898 
590 156 12 36 0.021632815 
46 316 8 20 0.0215943 
165 4 13 20 0.021572122 
42 297 9 24 0.021558732 
348 172 11 33 0.021553915 
923 133 12 25 0.021553287 
315 110 12 32 0.021516556 
851 95 12 32 0.02150925 
48 114 9 28 0.021494633 
213 61 13 34 0.02147394 
650 172 19 51 0.021473562 
151 219 13 35 0.021468652 
684 1122 9 21 0.021466292 
452 54 13 28 0.021455243 
268 266 11 29 0.021451212 
733 1109 8 15 0.02136839 
865 190 46 94 0.0213528 
140 1033 6 22 0.021333989 
194 549 8 18 0.02128542 
182 376 8 27 0.021249812 
184 482 6 23 0.02124747 
93 533 6 16 0.021244675 
929 1056 9 36 0.021242345 
194 69 11 29 0.021231141 
636 25 11 22 0.021223048 
663 161 15 41 0.021218108 
677 217 105 170 0.02120852 
483 66 14 34 0.02116398 
315 458 13 39 0.021155365 
901 154 23 39 0.021152668 
123 1033 8 28 0.021139879 
959 103 9 22 0.021118378 
166 226 16 41 0.0210057 
185 455 7 20 0.020987885 
147 339 11 30 0.020985246 
333 116 10 26 0.020982208 
222 305 14 37 0.020932335 
677 1150 16 31 0.020917015 
729 328 40 114 0.02088906 
34 297 9 23 0.020886987 
62 438 7 19 0.020854864 
332 99 11 28 0.020838255 
18 178 8 26 0.020832563 
496 93 14 41 0.020818818 
1005 930 9 16 0.020816159 
1006 938 10 18 0.020787975 
4 440 5 15 0.020777397 
227 607 9 21 0.02074958 
288 344 9 27 0.020716064 
213 445 13 28 0.020698754 
135 1190 11 33 0.020679269 
155 1036 5 17 0.02065356 
295 95 17 40 0.020574404 
369 61 7 20 0.02056948 
241 24 12 30 0.020535575 
54 376 10 24 0.02047794 
659 332 18 45 0.020476595 
602 153 15 37 0.020458229 
28 134 12 26 0.020454068 
942 631 10 41 0.020453565 
229 592 9 18 0.02042822 
791 556 8 35 0.02035369 
1029 33 13 44 0.020343613 
710 329 13 29 0.020330267 
1002 156 90 198 0.020326419 
678 97 12 30 0.020322094 
62 544 11 26 0.020314638 
347 463 11 34 0.020297581 
748 761 5 16 0.020287927 
329 429 15 40 0.020280605 
411 78 8 17 0.020268658 
895 134 11 25 0.020257574 
1012 224 13 41 0.020235255 
442 634 9 27 0.02023147 
214 467 9 22 0.02022038 
1029 65 12 43 0.02011249 
244 448 11 26 0.020070512 
136 989 7 18 0.020058697 
338 927 5 15 0.020051306 
198 495 7 25 0.020029549 
928 2 9 18 0.020021673 
870 162 10 28 0.020002604 
95 503 6 16 0.01999954 
649 254 14 32 0.01998993 
967 353 36 108 0.019984843 
18 288 7 20 0.019963497 
92 544 7 17 0.019954916 
815 380 15 41 0.019944072 
315 434 10 30 0.019925961 
464 13 13 26 0.019902492 
772 315 109 192 0.019894317 
171 482 6 21 0.019871103 
851 63 15 36 0.019853856 
196 484 7 24 0.019850377 
816 280 16 39 0.019835277 
696 275 13 36 0.019827481 
169 472 7 20 0.019824758 
793 589 7 33 0.01978398 
212 634 12 28 0.019746792 
333 388 10 30 0.019721488 
697 111 13 36 0.019670242 
139 1108 6 14 0.019614117 
193 581 12 27 0.019571373 
796 298 19 54 0.019548777 
32 351 7 16 0.01953654 
718 641 6 16 0.019528914 
318 1138 7 17 0.019525385 
5 272 5 22 0.019509932 
354 886 4 13 0.01948917 
337 978 5 10 0.01944842 
282 121 15 36 0.019445797 
930 1043 8 30 0.019443277 
311 1139 6 14 0.01941345 
776 555 9 38 0.019407775 
1029 117 14 46 0.019385854 
449 70 16 31 0.019378701 
79 272 8 20 0.019355968 
498 45 18 37 0.01932121 
841 881 4 18 0.019318892 
970 86 10 27 0.019318622 
162 261 14 36 0.019317547 
473 -2 117 100 0.019309238 
560 14 11 18 0.019268371 
352 145 9 30 0.019266872 
105 1003 9 17 0.01926336 
61 975 6 17 0.019230675 
58 253 9 23 0.019229433 
77 299 8 23 0.01922559 
213 618 10 22 0.019216811 
241 431 14 32 0.019207053 
45 423 7 19 0.019206824 
146 96 12 31 0.019199407 
712 79 16 37 0.019179394 
186 499 5 20 0.019171905 
1031 188 13 35 0.019157393 
697 82 12 34 0.019152831 
1020 87 6 25 0.019116953 
530 59 53 109 0.01909828 
197 375 8 28 0.019030994 
304 268 11 27 0.019027071 
910 135 11 24 0.019015208 
124 1019 6 18 0.019015027 
72 997 11 22 0.019012816 
661 303 15 41 0.019007951 
166 342 11 31 0.018978713 
210 122 14 34 0.018945612 
774 192 13 33 0.018940747 
178 275 15 38 0.018918883 
385 121 18 43 0.018916722 
802 339 12 31 0.018907757 
316 295 13 33 0.01889679 
618 95 17 31 0.018827949 
298 473 14 40 0.018819656 
739 201 16 39 0.018815836 
335 606 7 28 0.018806262 
1019 43 7 26 0.018789133 
318 312 11 30 0.018758249 
833 357 12 31 0.018739503 
912 446 11 38 0.018736355 
617 112 19 36 0.018729877 
134 57 10 26 0.018707074 
197 417 13 33 0.018681012 
693 335 16 42 0.018672656 
623 9 16 27 0.018649105 
82 4 6 15 0.018640485 
397 79 7 16 0.018637162 
352 101 8 24 0.018628845 
272 299 10 26 0.018614344 
868 398 40 115 0.018610202 
151 1152 8 25 0.018601509 
807 268 37 93 0.018600145 
76 990 8 17 0.018596128 
681 383 12 35 0.018593367 
664 483 9 25 0.018590664 
362 272 17 45 0.01858975 
826 897 5 18 0.01858835 
683 1137 10 22 0.018576672 
168 1096 5 16 0.018547524 
285 359 11 30 0.01852874 
439 56 12 26 0.018509993 
-11 163 7 27 0.018483488 
393 87 10 21 0.018479044 
813 237 16 43 0.018453898 
846 357 12 30 0.018453129 
1030 -13 51 127 0.018438715 
16 422 7 17 0.018430078 
129 351 15 37 0.018406114 
678 126 14 36 0.018402435 
1009 778 3 14 0.018398808 
960 84 10 23 0.018397339 
1000 1121 12 26 0.018379048 
742 298 37 90 0.018333413 
940 357 10 31 0.018321062 
284 69 13 33 0.018319951 
17 363 7 17 0.018304754 
634 88 11 25 0.018304678 
354 120 7 22 0.018301636 
381 114 11 27 0.01830048 
661 1157 22 50 0.018282995 
853 238 14 47 0.01825449 
134 272 11 25 0.018217484 
116 273 12 23 0.01821471 
304 313 10 29 0.01821419 
139 1154 7 22 0.018209929 
346 339 12 33 0.018205153 
345 309 13 34 0.01819079 
849 175 10 30 0.018158041 
288 317 8 23 0.01813947 
284 681 9 22 0.018111495 
680 305 14 37 0.018065574 
396 634 8 29 0.018028345 
770 239 16 44 0.018028209 
243 536 6 14 0.018015467 
680 184 35 71 0.017984172 
356 222 19 43 0.017983144 
785 1192 15 28 0.0179714 
78 283 10 25 0.017953543 
819 411 12 38 0.017946392 
578 14 12 20 0.017945332 
-10 254 6 26 0.017935485 
1019 57 7 26 0.017935125 
333 293 12 35 0.017909603 
380 90 7 19 0.017888261 
301 443 12 34 0.017883092 
848 442 14 42 0.017882867 
381 103 9 22 0.017856538 
353 961 6 12 0.01783501 
183 434 10 28 0.017823277 
46 410 7 16 0.017800037 
288 328 9 27 0.01779281 
1019 4 8 16 0.01779052 
61 25 9 26 0.01777303 
351 913 5 16 0.017769717 
79 243 7 20 0.017766014 
304 299 11 27 0.017754426 
151 358 9 26 0.017742166 
699 422 10 24 0.01768629 
831 394 16 47 0.017679235 
813 44 41 97 0.017660672 
1 117 6 21 0.017658785 
975 738 8 33 0.017635688 
141 482 7 21 0.017598365 
991 761 4 19 0.017595503 
802 157 17 41 0.017585006 
712 340 14 36 0.017584108 
543 3 14 18 0.017579427 
694 239 16 43 0.01757546 
300 174 12 30 0.017574742 
284 477 11 32 0.017536517 
982 100 10 27 0.017527228 
59 1009 10 24 0.017517032 
365 119 8 22 0.017513026 
352 900 4 14 0.017503161 
926 371 10 28 0.017500317 
110 990 8 15 0.017495994 
428 61 8 17 0.01742561 
628 250 21 46 0.017406007 
640 58 7 19 0.017382056 
336 1124 7 16 0.017376315 
286 249 11 33 0.017371284 
865 354 12 33 0.017366277 
136 999 7 17 0.017363869 
47 1015 7 18 0.017354924 
984 81 12 32 0.017343227 
639 45 9 18 0.017321313 
865 323 12 34 0.017314354 
332 357 10 28 0.017311571 
340 888 5 14 0.01730913 
346 226 15 37 0.017299829 
300 214 13 36 0.017296813 
150 248 14 33 0.017260151 
306 744 6 20 0.017257053 
48 392 8 19 0.017252332 
135 516 11 26 0.017240684 
43 350 8 18 0.017195653 
240 405 12 31 0.017167084 
51 977 6 13 0.01716303 
749 747 6 17 0.017157126 
58 366 8 18 0.017154988 
299 415 12 35 0.017144546 
788 141 11 30 0.017143292 
772 158 12 30 0.01714135 
166 104 10 22 0.01713387 
16 379 7 17 0.017130949 
194 48 12 33 0.017107617 
738 166 16 42 0.01709231 
362 3 13 20 0.017072102 
195 451 10 23 0.017064335 
141 1062 6 21 0.017052958 
801 1192 13 26 0.01704816 
839 866 5 18 0.01704769 
816 302 17 47 0.01704725 
325 1114 5 12 0.01704609 
88 331 11 27 0.017039152 
1020 75 6 23 0.016990924 
90 317 8 22 0.016975535 
350 70 9 23 0.016965957 
152 377 9 24 0.0169599 
141 1138 6 20 0.016936129 
61 424 7 17 0.016924778 
140 1020 5 19 0.0169204 
1009 761 4 16 0.016900623 
496 62 16 40 0.016855758 
230 162 9 23 0.016852474 
336 130 8 26 0.016827911 
790 527 9 34 0.016822722 
927 67 9 27 0.016811965 
130 329 16 41 0.016805002 
33 398 6 15 0.016799787 
48 1126 6 16 0.016790321 
727 277 13 33 0.016734522 
79 1138 7 24 0.016722288 
352 977 5 11 0.0167006 
877 335 13 39 0.016691739 
300 121 14 36 0.016676992 
747 655 5 16 0.016660118 
341 900 4 14 0.016656198 
879 356 11 31 0.016653908 
29 1125 7 17 0.016619312 
806 584 9 38 0.016615584 
754 167 15 39 0.016585398 
957 357 11 32 0.01657902 
1006 83 8 24 0.016562145 
635 69 11 26 0.016557984 
319 420 9 24 0.016545393 
846 186 29 85 0.016513178 
286 693 8 25 0.016504537 
571 154 15 42 0.016479943 
771 1193 16 27 0.016463242 
770 1181 16 24 0.016451579 
665 226 16 41 0.016448546 
140 1101 4 11 0.016430335 
153 34 13 29 0.016411481 
1001 446 10 34 0.01640855 
121 109 12 38 0.016398348 
818 444 11 38 0.01638335 
941 81 10 27 0.016358985 
514 25 46 86 0.016354728 
62 346 8 21 0.016339332 
223 638 11 24 0.01632143 
230 145 10 26 0.016289102 
698 -8 124 124 0.016275125 
809 1144 7 12 0.01626202 
93 1136 7 25 0.016258795 
788 1147 7 11 0.016240455 
398 10 134 133 0.016223703 
816 342 11 29 0.0162097 
750 332 18 46 0.01620006 
117 321 20 40 0.016188309 
273 481 8 23 0.016180275 
653 310 13 33 0.016170174 
337 966 4 9 0.016165601 
773 1168 12 19 0.01616394 
64 1124 6 22 0.016158307 
1090 846 14 63 0.016158238 
157 1021 5 16 0.016155146 
515 17 15 19 0.01612588 
301 358 11 29 0.01611833 
299 -8 56 111 0.016082572 
799 257 18 45 0.016072199 
78 253 9 22 0.016048215 
274 500 7 20 0.016046787 
382 630 7 31 0.016045041 
319 256 10 25 0.016039494 
-10 287 5 24 0.016038341 
626 242 188 316 0.016033404 
337 591 7 28 0.016032591 
60 409 8 18 0.016016405 
124 1169 9 23 0.016012356 
852 237 34 93 0.016005367 
913 566 10 40 0.01598027 
212 592 9 19 0.015974173 
5 254 6 23 0.01597068 
984 909 13 27 0.015939746 
560 3 11 16 0.015933374 
709 315 12 28 0.015917292 
783 264 18 43 0.015905669 
286 493 10 31 0.015903033 
19 1124 7 18 0.015877442 
-11 1164 9 32 0.015860092 
968 344 14 32 0.015857963 
303 576 8 25 0.015846552 
300 156 11 30 0.015835172 
256 469 9 23 0.015835045 
917 248 53 119 0.015817264 
165 1107 7 19 0.01581097 
353 1003 5 15 0.015789097 
255 367 11 32 0.015784139 
711 298 11 26 0.015776118 
381 606 8 27 0.01577116 
214 605 10 23 0.015760696 
731 299 11 27 0.015747564 
163 296 14 32 0.015716996 
249 433 13 32 0.015702264 
518 701 5 17 0.01567215 
33 419 8 20 0.015656121 
651 188 38 92 0.015648171 
837 1125 7 16 0.015640873 
78 423 8 19 0.015634429 
734 656 5 14 0.015630744 
-15 1188 10 37 0.015613786 
210 149 10 21 0.015594837 
491 28 10 20 0.0155887315 
311 1131 5 11 0.015584239 
738 356 20 57 0.015571551 
64 1139 6 20 0.015562542 
844 307 105 197 0.015500504 
655 1156 8 20 0.015487507 
318 342 10 27 0.015481115 
5 1040 4 12 0.01546057 
1052 199 105 222 0.015442565 
897 82 103 118 0.015411623 
425 618 11 27 0.015406371 
288 726 8 27 0.015382117 
331 232 13 32 0.015370768 
685 426 8 21 0.015346986 
306 684 7 16 0.01533899 
1007 793 4 14 0.015332105 
72 450 8 23 0.015274736 
892 398 16 43 0.015256742 
349 55 10 25 0.015250441 
743 264 13 36 0.015228293 
106 271 11 23 0.015212034 
62 285 7 21 0.01518937 
6 1051 4 13 0.015175439 
91 423 9 23 0.015159698 
849 504 12 45 0.015132632 
305 670 7 19 0.015115317 
258 484 8 21 0.015098048 
750 729 4 15 0.015091427 
319 358 10 26 0.01508702 
652 401 13 33 0.015051929 
352 988 5 14 0.01504998 
955 1074 9 30 0.0150498245 
743 235 12 32 0.0150350435 
223 466 10 23 0.015023115 
695 379 14 44 0.015012436 
273 468 10 26 0.015009319 
908 342 13 36 0.015003723 
77 1060 7 23 0.015002341 
1104 375 14 64 0.014969569 
858 268 17 50 0.014961486 
589 11 12 22 0.014956678 
956 384 11 38 0.014956657 
679 351 16 41 0.014942803 
710 140 16 40 0.014926192 
305 594 7 19 0.014924734 
666 227 34 86 0.014922561 
894 338 15 39 0.014911574 
282 403 18 52 0.01490663 
663 447 12 31 0.014884764 
1 1192 10 30 0.014868405 
667 382 13 37 0.014866982 
981 365 20 50 0.014837161 
107 518 8 18 0.014836562 
305 728 6 19 0.014806122 
258 548 6 15 0.01480067 
818 551 12 42 0.014799828 
455 4 10 18 0.014798334 
1028 88 14 48 0.014792676 
590 2 11 19 0.0147840185 
487 43 12 23 0.0147782285 
333 323 12 32 0.01477212 
1021 762 4 16 0.014756978 
507 43 21 41 0.014755036 
339 852 4 17 0.014752021 
1007 101 8 24 0.014741491 
682 435 10 27 0.014730496 
959 1124 9 24 0.014726574 
804 378 15 40 0.014719614 
724 146 19 45 0.014718889 
807 529 9 32 0.014717921 
941 62 12 32 0.014698599 
620 56 10 24 0.014696072 
117 351 16 37 0.01468885 
172 500 6 18 0.01468805 
91 1033 11 28 0.01468698 
78 341 10 28 0.014683801 
634 401 12 30 0.014669967 
895 373 12 31 0.014662725 
983 925 15 26 0.014646372 
179 667 11 23 0.014629426 
75 438 8 20 0.014627652 
242 392 9 25 0.014614736 
709 418 15 33 0.014602409 
187 547 8 18 0.014599067 
1021 777 4 15 0.014597661 
848 320 13 36 0.0145487 
346 370 13 35 0.014544217 
-10 410 5 17 0.0145294815 
439 11 15 26 0.0145137245 
95 1015 10 21 0.014510356 
837 898 6 17 0.014488396 
697 1125 10 19 0.014483052 
88 378 9 18 0.01447678 
73 468 8 24 0.014473425 
922 387 11 31 0.014460323 
907 385 12 37 0.014458699 
91 1156 10 23 0.014447622 
120 256 11 23 0.014443623 
782 237 19 46 0.014425002 
928 345 10 29 0.014420773 
410 651 8 26 0.014419622 
344 276 16 38 0.014408889 
-10 271 6 25 0.014404478 
300 235 12 33 0.014397039 
62 463 10 28 0.014350716 
341 941 5 15 0.014332087 
6 459 5 14 0.014325689 
31 335 8 19 0.014321945 
306 715 5 19 0.014288542 
5 31 5 20 0.014276927 
815 173 28 73 0.014274405 
196 1049 7 18 0.014267166 
233 536 5 14 0.014230429 
185 570 12 26 0.014210857 
-10 301 5 23 0.014198586 
769 317 17 48 0.014197504 
788 161 13 30 0.014190791 
106 467 10 23 0.01418251 
216 761 6 14 0.014176238 
320 593 7 25 0.014139082 
845 409 17 46 0.014116751 
246 639 7 16 0.01410218 
403 106 17 41 0.01407433 
1089 1028 16 60 0.014062291 
821 -31 197 231 0.014058445 
170 1003 5 15 0.014057023 
928 598 9 41 0.0140429875 
839 391 35 99 0.014035595 
-9 396 5 17 0.014034909 
821 1126 10 17 0.014021236 
818 1196 10 24 0.013976092 
326 1083 5 12 0.013974916 
1104 422 14 62 0.013972414 
103 309 14 30 0.013968867 
764 803 6 23 0.013960475 
225 617 10 21 0.013947538 
953 187 15 36 0.013933373 
984 448 11 33 0.013916872 
563 59 25 44 0.013914943 
276 681 10 20 0.013910913 
340 869 4 17 0.013905615 
865 373 11 29 0.013900039 
184 1005 7 14 0.013900019 
134 1166 8 23 0.013887659 
64 302 7 20 0.013870716 
565 666 5 20 0.013866752 
938 1191 13 31 0.013862722 
372 214 17 36 0.0138379745 
864 412 15 43 0.0138350595 
230 487 7 20 0.013826811 
33 1005 6 15 0.013821053 
695 141 15 39 0.01381445 
771 279 16 44 0.013801315 
876 414 16 46 0.013774893 
709 1133 13 23 0.013764235 
942 385 10 32 0.013744718 
261 594 6 17 0.013719914 
923 449 10 33 0.013712146 
513 94 14 39 0.013706188 
404 173 16 35 0.013702458 
380 65 6 15 0.013667095 
336 160 12 34 0.013661782 
934 131 84 134 0.013659006 
761 100 9 25 0.01365823 
120 237 10 25 0.0136513505 
319 408 9 23 0.013637797 
609 39 14 23 0.013632615 
373 274 16 44 0.013621654 
-10 30 6 23 0.013609054 
550 666 6 20 0.013603396 
18 1051 6 16 0.013589378 
91 101 193 282 0.013588002 
306 757 6 22 0.013549334 
214 486 7 21 0.013532785 
395 178 11 29 0.013496943 
1094 106 35 143 0.013491078 
124 1193 9 26 0.01348446 
849 1122 8 19 0.013475109 
336 1083 4 13 0.0134746265 
1021 747 4 17 0.013464311 
-9 425 5 17 0.013461264 
663 467 11 28 0.013459017 
350 86 8 24 0.013434789 
79 1076 6 22 0.013430158 
701 667 5 20 0.013415084 
653 1163 12 30 0.013411285 
747 669 5 16 0.013377989 
834 459 11 39 0.013373433 
768 109 92 130 0.0133727025 
1094 362 33 135 0.013359868 
216 517 6 17 0.01335975 
593 105 40 90 0.013356335 
650 231 16 39 0.013351467 
245 685 7 16 0.013336023 
679 159 14 36 0.013332354 
837 1136 8 18 0.013307757 
880 1197 10 24 0.013300506 
490 15 10 20 0.013294589 
809 836 5 21 0.013286853 
1008 747 4 15 0.013281773 
152 562 9 17 0.013281577 
734 670 5 16 0.013274244 
1021 792 5 15 0.013272102 
767 407 231 342 0.013268511 
545 283 110 145 0.013266769 
326 1100 5 13 0.013266183 
764 236 37 91 0.013247582 
617 151 16 39 0.013239171 
719 668 6 19 0.01323602 
351 590 6 29 0.013229152 
773 174 13 33 0.013216093 
1014 957 9 19 0.013214537 
941 604 8 30 0.013165877 
652 251 34 92 0.013160241 
120 469 8 21 0.013145368 
20 256 6 19 0.013143284 
942 1060 7 27 0.0131392265 
891 491 12 38 0.013132508 
336 147 9 29 0.013118209 
470 1024 319 317 0.013116277 
286 748 11 39 0.013115573 
78 501 8 25 0.013112321 
412 149 83 109 0.013106756 
861 305 13 39 0.013102983 
320 378 8 21 0.0130897695 
440 3 11 16 0.013082047 
214 777 7 14 0.013077257 
851 1195 9 28 0.013073376 
302 511 9 30 0.013066345 
247 625 6 14 0.013021845 
833 265 16 38 0.013006367 
29 363 8 16 0.012995286 
984 342 15 37 0.012976737 
351 1033 7 18 0.012967493 
4 989 5 14 0.01296321 
184 516 7 18 0.012954512 
983 1104 14 28 0.012946734 
16 163 9 24 0.012923551 
261 635 8 19 0.012920097 
91 989 8 14 0.012919051 
304 558 8 29 0.012906986 
349 1019 6 16 0.01289089 
395 40 11 20 0.012879095 
199 515 6 19 0.012865625 
667 402 13 32 0.01286089 
1019 448 9 32 0.012846896 
550 682 6 20 0.012841461 
272 40 10 30 0.012840312 
32 6 7 15 0.012820369 
151 546 8 21 0.012800465 
753 366 16 44 0.012776354 
969 328 13 30 0.012767829 
33 990 6 14 0.012758263 
1047 408 49 138 0.012750313 
1043 217 13 37 0.012750085 
1069 150 37 128 0.012747504 
243 469 10 21 0.012742723 
1041 150 17 49 0.012701237 
168 989 8 18 0.012700166 
30 1063 6 15 0.012689546 
1104 328 15 64 0.012670187 
428 43 8 21 0.012666053 
59 393 8 20 0.012657563 
1089 894 16 57 0.012657016 
393 205 12 30 0.0126271965 
338 991 5 11 0.012619338 
122 455 9 17 0.012611208 
287 301 9 22 0.012610412 
33 1019 5 15 0.012603675 
866 1178 10 24 0.012595673 
697 1133 14 23 0.012583491 
197 1060 8 20 0.01257347 
835 340 11 32 0.012557272 
802 429 12 35 0.012550268 
354 870 5 15 0.01253806 
316 198 16 42 0.012516541 
606 132 53 103 0.012476686 
996 371 15 38 0.01246692 
322 728 7 17 0.0124554895 
359 23 13 27 0.012453219 
273 446 11 31 0.012447867 
760 117 11 26 0.012442075 
578 3 11 17 0.01244142 
288 511 9 27 0.012434636 
77 403 9 24 0.012424482 
107 546 9 18 0.012421843 
259 563 6 16 0.012411061 
556 154 17 45 0.012410817 
289 712 7 23 0.012399763 
317 82 12 30 0.012398993 
21 15 7 18 0.0123895025 
345 246 15 37 0.012385096 
270 3 15 35 0.012375881 
501 4 11 16 0.012375785 
996 391 17 54 0.0123657305 
121 562 9 18 0.012360467 
260 578 6 16 0.012360362 
993 1194 20 30 0.012356602 
79 974 6 17 0.012339662 
750 703 4 15 0.01233639 
184 1076 7 19 0.0123316925 
684 407 10 26 0.012321045 
1104 696 14 52 0.012295314 
1090 800 14 64 0.012290843 
305 544 7 27 0.012289374 
242 487 8 20 0.012280984 
702 642 6 17 0.0122731365 
45 438 8 21 0.012271592 
316 143 12 32 0.012265619 
211 577 8 17 0.012256726 
196 244 171 256 0.012254902 
63 1078 6 18 0.012253609 
108 531 8 18 0.012248157 
14 145 9 27 0.012247435 
450 94 19 38 0.012240238 
6 961 4 13 0.012224036 
-136 -37 200 305 0.012218925 
1090 999 15 55 0.012213666 
93 564 7 15 0.01218901 
932 181 161 315 0.012187243 
94 483 6 21 0.012180976 
804 413 12 34 0.012172498 
862 442 15 42 0.0121562835 
623 383 12 43 0.012153352 
541 154 17 45 0.012120102 
763 789 6 20 0.012103464 
1069 -4 46 126 0.012085194 
434 105 18 42 0.01208295 
413 64 7 15 0.0120815905 
404 4 17 19 0.012063824 
289 577 8 21 0.012056857 
844 386 14 34 0.012051725 
317 495 10 32 0.012041151 
156 14 34 83 0.012039898 
159 586 15 26 0.012029511 
704 195 34 74 0.012029376 
162 1146 14 35 0.012022583 
920 163 23 42 0.012021649 
199 791 7 14 0.012015352 
784 352 17 37 0.012014934 
165 1120 7 21 0.012001198 
92 434 10 25 0.011999785 
72 1012 11 22 0.011988574 
848 340 11 28 0.011984656 
666 421 12 29 0.011979428 
181 681 8 18 0.011969147 
361 352 13 38 0.011965742 
61 1031 8 23 0.011939754 
-78 207 9 31 0.011919676 
802 84 32 72 0.011894707 
759 1197 12 23 0.011880334 
866 272 38 101 0.011864 
779 589 7 30 0.011856406 
865 1195 10 27 0.011853507 
969 366 17 43 0.0118435575 
530 4 15 17 0.011838446 
142 1125 5 18 0.011835352 
163 1131 10 29 0.011830227 
960 676 9 35 0.011822343 
125 1052 7 27 0.0118066 
292 547 7 21 0.011795327 
128 1158 6 18 0.0117943715 
59 272 8 20 0.0117817065 
-30 236 9 33 0.011778242 
274 515 7 20 0.011776656 
6 1004 4 14 0.011774385 
911 1056 11 37 0.011770886 
741 1107 10 18 0.011764142 
1001 912 9 22 0.011759875 
810 850 6 24 0.011744523 
156 1003 6 16 0.011725859 
322 713 9 19 0.011725224 
969 409 13 47 0.011701664 
658 483 7 20 0.011699393 
1104 848 14 58 0.011694134 
772 1051 13 48 0.01168527 
949 201 37 90 0.01166814 
825 912 5 17 0.011663852 
242 589 7 19 0.011663346 
669 352 36 92 0.011663318 
76 481 7 25 0.011659818 
835 1192 11 32 0.011657352 
1069 355 36 149 0.011649546 
-11 319 6 21 0.011637474 
75 1035 9 24 0.011630126 
194 664 11 26 0.011618229 
29 1052 6 15 0.011617823 
324 790 4 17 0.011616524 
1044 186 14 38 0.011615632 
307 770 6 26 0.011611079 
339 839 5 16 0.011606866 
110 562 8 17 0.011604832 
136 235 11 29 0.011600506 
88 361 10 22 0.011598893 
275 533 6 18 0.011595372 
136 251 12 28 0.011581424 
72 556 11 22 0.011574459 
921 12 167 262 0.011566804 
637 452 10 23 0.011566716 
48 1141 6 17 0.0115543585 
153 575 11 21 0.011546399 
6 1021 4 14 0.011521012 
787 310 19 53 0.011515654 
771 191 30 67 0.01149434 
937 19 32 82 0.011481167 
325 927 6 17 0.011478267 
809 867 5 25 0.011470371 
601 122 20 41 0.0114403255 
108 1134 7 25 0.01144023 
171 198 95 146 0.011433388 
1028 238 14 43 0.011431798 
6 930 4 13 0.011416858 
647 357 18 51 0.011407676 
6 1066 4 14 0.011407417 
643 309 35 82 0.011396404 
1021 732 5 16 0.011388528 
990 746 5 17 0.011379751 
820 1137 8 17 0.011377488 
577 49 162 239 0.011367104 
1036 931 7 15 0.011341337 
837 851 6 17 0.011334543 
946 1077 6 24 0.011334169 
134 372 10 25 0.011325826 
366 43 8 22 0.011319544 
852 1182 8 22 0.011295357 
92 1003 9 17 0.011292045 
619 66 14 33 0.011270977 
-48 203 11 39 0.011251985 
776 1129 8 13 0.011239308 
689 106 95 132 0.011237857 
276 622 8 18 0.011231972 
214 732 7 13 0.011230627 
132 535 15 31 0.011225883 
-9 441 5 16 0.011214415 
155 987 7 18 0.011205237 
20 271 7 21 0.011200242 
742 1196 10 24 0.0111961765 
683 377 41 100 0.011191963 
320 575 8 30 0.011164769 
993 778 4 18 0.011162957 
1105 924 14 54 0.011151061 
164 162 27 76 0.011135253 
362 463 15 34 0.011108308 
999 324 14 39 0.01109733 
640 470 8 18 0.011077843 
1093 193 34 143 0.011070751 
104 454 10 19 0.0110579 
320 393 8 20 0.011035257 
198 650 9 21 0.011021401 
218 687 7 15 0.011019624 
838 913 5 15 0.011004761 
564 653 6 21 0.011003453 
349 36 11 29 0.011001907 
334 1135 9 21 0.011000543 
1085 306 30 141 0.0109974975 
30 1111 7 18 0.01092396 
956 330 11 27 0.010919809 
134 557 10 21 0.010902534 
1103 174 16 66 0.010890658 
145 1190 13 34 0.010862775 
305 699 6 17 0.010862113 
288 592 8 19 0.010858119 
180 1088 9 23 0.010853377 
897 521 10 38 0.010848996 
290 562 8 21 0.010813893 
692 214 33 80 0.010812908 
287 282 11 27 0.010792255 
213 563 7 15 0.010781765 
481 117 17 46 0.010776512 
762 776 5 17 0.010768016 
254 387 11 30 0.010759862 
685 1108 8 19 0.010739934 
352 498 9 28 0.010669852 
1105 893 14 57 0.010664689 
782 347 41 104 0.01066143 
301 375 11 27 0.010654752 
44 450 8 20 0.010654547 
65 1061 5 18 0.010654351 
408 638 8 26 0.010649285 
95 472 6 17 0.010632427 
891 439 17 49 0.0106081525 
334 573 9 34 0.01060424 
104 1156 9 22 0.010604214 
834 508 11 41 0.01060228 
808 19 33 69 0.010600979 
745 798 8 28 0.010587329 
633 364 15 45 0.010587099 
767 389 16 44 0.010570978 
-142 623 381 438 0.01057006 
182 586 11 23 0.010564009 
733 718 4 15 0.010563515 
942 1047 6 23 0.010563449 
749 685 4 15 0.010545906 
260 502 6 17 0.010527427 
339 1089 75 95 0.010518953 
942 331 9 24 0.010505673 
277 635 7 19 0.010496656 
338 277 38 88 0.010473543 
406 142 15 36 0.010469531 
697 435 10 26 0.010466581 
1105 955 14 51 0.010462568 
324 777 5 15 0.010457153 
333 85 9 26 0.010456379 
649 1188 15 35 0.010445245 
304 607 8 20 0.010441076 
201 732 7 12 0.010430615 
407 42 12 20 0.010429062 
1090 374 14 68 0.010428845 
377 234 12 28 0.010417591 
1042 119 15 45 0.010416083 
845 46 32 73 0.010390481 
85 390 10 24 0.010383423 
394 623 9 27 0.010380126 
964 921 21 34 0.010352638 
832 536 13 45 0.010346846 
469 1185 13 35 0.010342638 
319 236 12 29 0.010341594 
819 526 11 38 0.0103331935 
899 536 10 38 0.010322554 
79 364 8 19 0.010319286 
18 988 6 15 0.01031894 
779 624 5 21 0.01031803 
216 749 6 12 0.010317727 
779 637 5 19 0.010316111 
728 346 16 41 0.010313298 
1044 112 49 120 0.010308704 
580 652 6 21 0.010305281 
110 304 37 71 0.010299279 
1104 726 14 53 0.010298308 
-11 147 7 25 0.010297608 
352 838 6 16 0.010294031 
303 1197 9 22 0.010293575 
1 1163 8 29 0.010290933 
589 54 14 29 0.0102749085 
318 556 9 35 0.010269829 
783 377 17 43 0.010269005 
586 171 57 111 0.010259297 
19 1062 5 16 0.010250396 
964 1149 21 31 0.010244096 
580 342 44 107 0.01023844 
141 141 28 80 0.010224148 
181 716 8 18 0.010210086 
655 1137 8 23 0.010205913 
608 11 14 23 0.010203293 
18 1110 6 17 0.01020104 
1016 418 11 40 0.010200505 
635 434 11 25 0.010195399 
275 667 9 20 0.010194369 
285 441 12 37 0.010189683 
907 410 16 45 0.010185288 
686 668 5 21 0.010173811 
1089 310 15 68 0.010173277 
303 528 9 29 0.0101716835 
322 747 5 14 0.01016885 
513 122 14 40 0.010164956 
244 610 7 16 0.010159007 
1104 665 15 54 0.010155254 
199 780 7 13 0.010154651 
950 348 33 100 0.010143722 
818 1181 8 22 0.010137018 
886 266 49 120 0.010133337 
685 44 33 84 0.010112802 
344 196 36 82 0.010082022 
-80 1185 13 40 0.010064438 
237 209 103 169 0.01005664 
634 144 18 48 0.010041565 
214 667 8 20 0.010037896 
649 204 20 50 0.010037627 
980 1152 20 29 0.010031018 
278 593 7 17 0.010020342 
368 590 7 26 0.010016756 
-11 45 7 23 0.0100071775 
277 608 7 18 0.010006203 
