32_Worker_Laborer_Worker_Laborer_32_530
2640
257 101 131 166 0.9981173 
604 158 132 177 0.99769294 
984 561 19 38 0.18889588 
7 1 28 71 0.09659338 
964 532 7 14 0.09138974 
544 750 18 39 0.08646059 
963 523 7 14 0.084286444 
8 421 83 124 0.082265824 
17 791 7 17 0.08084819 
921 532 9 21 0.07928969 
247 485 7 13 0.07769874 
256 492 9 18 0.07728761 
16 651 11 39 0.07662626 
526 105 13 35 0.07496798 
913 532 10 21 0.074925825 
962 630 11 18 0.06724085 
5 791 7 17 0.066889875 
279 352 9 18 0.06667188 
220 777 15 24 0.066166505 
910 538 12 28 0.06501631 
1005 774 20 21 0.064533636 
1014 726 9 20 0.06298209 
1015 599 9 19 0.06264138 
895 538 16 32 0.05810856 
645 532 11 19 0.057318673 
959 539 12 25 0.054740902 
323 574 7 14 0.05422565 
198 540 10 18 0.054102957 
498 288 10 24 0.0539628 
833 589 12 32 0.05341213 
721 373 200 283 0.053394496 
539 565 13 25 0.053299416 
950 453 8 24 0.053297803 
95 273 7 23 0.052884743 
219 650 6 12 0.052856307 
19 697 6 16 0.05250495 
68 280 8 30 0.05212688 
213 652 5 10 0.0517679 
162 568 13 24 0.05095899 
421 25 17 36 0.050546125 
938 117 6 29 0.050540827 
852 131 5 24 0.0504847 
513 644 9 16 0.050342526 
599 761 27 42 0.05013607 
978 172 5 21 0.049767617 
301 407 4 15 0.04976391 
249 489 8 17 0.049260106 
108 288 6 20 0.04886251 
915 105 6 27 0.048516765 
195 170 8 26 0.0483516 
842 596 14 36 0.048155885 
940 171 6 24 0.048152965 
300 392 5 17 0.047659136 
108 313 7 22 0.047107916 
992 159 5 23 0.046863943 
953 94 6 22 0.046834994 
95 260 7 23 0.046689123 
108 301 6 20 0.046573162 
854 612 13 36 0.04651543 
618 549 6 13 0.046462424 
359 476 13 29 0.046386525 
24 788 9 19 0.046371814 
541 739 8 19 0.046111446 
491 297 7 24 0.046085767 
992 171 5 24 0.045974653 
194 193 9 31 0.045391005 
286 391 6 21 0.044979222 
914 525 7 13 0.044970024 
617 556 8 20 0.04475535 
847 577 12 28 0.044703815 
979 148 5 20 0.044645913 
972 427 11 19 0.044524267 
941 95 5 19 0.044488378 
533 100 13 35 0.04439791 
952 171 6 23 0.04427687 
929 117 6 30 0.04422008 
139 581 12 26 0.04391098 
966 145 6 26 0.04386049 
535 151 13 42 0.043819897 
80 297 7 24 0.04377124 
513 199 9 36 0.043755673 
857 589 11 25 0.04368905 
875 782 23 24 0.043641556 
407 768 16 24 0.043485973 
928 106 5 25 0.04310842 
952 157 6 25 0.04307397 
255 604 13 30 0.04305511 
303 419 4 15 0.043013077 
979 161 4 19 0.042995185 
41 358 10 34 0.042991877 
160 726 5 14 0.042791765 
374 784 14 19 0.04265378 
978 557 9 23 0.042503018 
582 508 8 17 0.04249734 
984 547 12 20 0.04248408 
928 632 6 19 0.042443093 
939 141 7 30 0.04239285 
852 120 5 23 0.042298008 
500 124 13 40 0.042267747 
952 115 7 33 0.042196713 
230 543 10 22 0.04211173 
657 554 10 19 0.04209215 
923 525 7 14 0.042019594 
878 538 20 33 0.041917887 
940 108 5 24 0.041691195 
106 273 7 24 0.04155146 
940 183 7 24 0.041477397 
621 439 9 16 0.041354142 
479 152 8 33 0.041309666 
935 672 10 23 0.04129961 
449 284 10 28 0.04116624 
539 132 9 25 0.041128613 
493 288 7 19 0.041079946 
118 286 8 23 0.040977456 
146 21 21 44 0.04058301 
965 183 6 24 0.04056701 
500 645 11 19 0.040562835 
939 198 6 22 0.04042381 
677 613 17 31 0.04030481 
432 102 11 30 0.040302806 
966 159 5 24 0.0402361 
541 221 7 23 0.04020656 
960 465 8 24 0.040201977 
272 566 101 98 0.040039517 
18 677 8 27 0.039668094 
271 495 11 21 0.03948778 
975 626 8 13 0.03935763 
914 117 6 30 0.03934719 
937 207 7 24 0.039221026 
523 752 14 40 0.039156616 
82 312 6 21 0.039124914 
1001 514 8 25 0.039050672 
105 258 8 27 0.038978025 
68 233 9 30 0.038970552 
18 798 8 18 0.038904168 
956 523 6 14 0.038625393 
883 533 13 20 0.038599033 
483 151 10 37 0.03853986 
67 310 8 27 0.038276397 
704 489 9 25 0.038245525 
979 133 5 23 0.038185682 
270 603 13 27 0.03812187 
996 559 12 23 0.038082264 
158 319 8 33 0.03802187 
612 528 11 20 0.03799441 
528 739 7 17 0.037991673 
924 672 10 22 0.037952535 
183 767 22 29 0.037938327 
931 624 4 14 0.03785019 
606 609 6 16 0.03767239 
818 198 9 28 0.03751796 
78 282 8 28 0.037462227 
4 570 7 17 0.03745621 
95 301 6 18 0.037377853 
286 572 9 20 0.03730104 
838 133 5 24 0.037188906 
960 553 12 25 0.03715893 
974 532 8 16 0.037157807 
758 388 8 23 0.037082687 
352 60 76 138 0.037065577 
1016 565 10 24 0.03695863 
862 389 11 21 0.036888443 
807 293 12 39 0.036878124 
257 502 9 18 0.036797836 
845 644 9 23 0.036662173 
1015 580 10 22 0.03666028 
728 22 14 44 0.036659665 
506 642 7 13 0.036585987 
899 204 12 35 0.036535516 
910 682 9 21 0.036523204 
949 473 9 28 0.036499016 
834 633 8 19 0.03642547 
10 601 12 29 0.03632587 
15 734 10 26 0.0362977 
825 635 6 16 0.03629028 
850 142 6 27 0.03623685 
196 653 6 10 0.036232058 
126 13 16 37 0.036181208 
349 348 9 17 0.036093365 
435 163 10 38 0.036074787 
836 570 8 22 0.03604239 
971 631 10 17 0.036039468 
95 315 5 17 0.035995156 
836 154 7 31 0.035964023 
-31 626 234 402 0.03589939 
46 12 17 35 0.035899367 
954 84 5 19 0.03587865 
940 83 6 21 0.03587418 
275 363 7 17 0.03581839 
845 621 12 32 0.03577566 
492 267 6 13 0.035770863 
549 566 11 24 0.035710942 
94 235 7 24 0.03566205 
870 393 9 17 0.03560379 
68 254 10 34 0.035597518 
155 332 9 34 0.03548297 
832 644 9 25 0.035481896 
938 658 8 17 0.035472058 
204 189 11 35 0.03545395 
991 147 6 23 0.035303235 
696 434 5 14 0.03527761 
574 318 13 42 0.03514163 
548 316 13 44 0.035115987 
822 605 7 22 0.035086043 
977 522 7 16 0.0350591 
202 537 10 16 0.035007857 
116 296 10 28 0.034974225 
963 117 8 31 0.034908984 
288 405 5 20 0.034846272 
108 340 78 150 0.034840815 
492 279 7 13 0.03483741 
822 154 8 36 0.034795277 
604 621 6 18 0.034721296 
928 171 7 25 0.034682445 
960 503 10 27 0.03466689 
167 737 9 21 0.034639027 
283 599 11 20 0.034631956 
94 248 7 23 0.034514874 
643 30 8 30 0.03449587 
562 318 13 43 0.034463156 
756 397 10 30 0.034462623 
951 196 7 23 0.034411617 
558 442 5 18 0.034376856 
931 613 5 14 0.034361094 
553 244 9 31 0.034310423 
756 188 7 17 0.03428193 
875 402 8 17 0.034239743 
1000 169 7 28 0.03421502 
178 25 13 34 0.03412666 
105 320 9 29 0.034091834 
913 142 7 30 0.034029696 
82 330 5 17 0.033926256 
142 291 13 36 0.033912253 
1015 658 10 20 0.033898853 
92 171 7 27 0.033860996 
923 684 11 23 0.033788968 
734 453 6 18 0.03377131 
914 94 6 23 0.033659544 
515 738 9 20 0.033629674 
849 533 8 16 0.03352407 
491 109 6 20 0.033446327 
718 417 9 21 0.033367835 
152 292 11 36 0.033306275 
452 265 7 15 0.03325446 
503 219 7 25 0.03325229 
479 208 7 25 0.033221755 
551 133 7 22 0.033219066 
294 643 15 33 0.033217516 
80 232 7 30 0.03315872 
312 408 5 13 0.033155978 
52 365 7 21 0.033123128 
1012 448 11 31 0.03309763 
952 542 10 22 0.033084057 
846 540 12 24 0.03307611 
837 69 6 20 0.03299225 
247 519 7 15 0.032965932 
68 325 7 24 0.03295508 
536 575 16 34 0.032948826 
961 454 7 20 0.03292885 
278 604 13 24 0.03291568 
708 389 8 23 0.03277444 
556 423 6 25 0.03275842 
929 458 5 16 0.032751035 
91 189 9 35 0.032707047 
95 157 6 21 0.032697767 
322 579 9 18 0.032691054 
617 122 8 18 0.032683592 
527 219 8 26 0.03265671 
698 419 4 15 0.032655835 
769 376 8 23 0.032653335 
962 195 7 24 0.032613527 
248 505 7 17 0.032543443 
901 524 8 13 0.032517992 
257 597 10 20 0.032444473 
746 417 7 19 0.0324318 
12 570 9 18 0.032372117 
965 93 6 26 0.032319345 
533 555 14 26 0.032275684 
53 234 9 26 0.032244608 
695 458 5 13 0.03217359 
450 277 8 19 0.032148 
281 360 8 20 0.032106902 
862 97 5 18 0.03209143 
825 135 5 25 0.032087035 
489 121 7 22 0.03205595 
234 520 6 13 0.031960133 
13 618 9 22 0.031937156 
542 234 7 25 0.031895615 
537 314 14 43 0.031888563 
53 297 8 25 0.0318143 
962 480 8 24 0.03175593 
770 387 9 27 0.03172506 
303 431 4 14 0.03172167 
827 119 5 25 0.031701762 
610 115 4 14 0.031700235 
284 375 8 21 0.031638186 
410 522 10 18 0.031632055 
696 404 6 18 0.031453896 
608 598 7 15 0.031444576 
564 244 10 32 0.031385258 
572 531 13 26 0.03135263 
152 151 11 37 0.03134956 
974 483 11 35 0.031333677 
78 246 8 29 0.03132392 
410 282 9 27 0.031257182 
230 533 11 20 0.031219255 
913 513 6 13 0.031165563 
375 570 6 18 0.03115433 
221 556 8 18 0.031130867 
489 221 7 24 0.031125503 
630 554 8 19 0.031120991 
608 549 6 13 0.031053886 
272 518 7 16 0.031009937 
966 82 6 22 0.030992324 
169 556 11 21 0.030949622 
499 279 8 15 0.030918866 
940 457 5 16 0.030883614 
872 216 11 33 0.030851666 
614 131 10 24 0.030808585 
94 220 7 26 0.03070239 
159 716 4 13 0.030634763 
742 427 9 23 0.030596776 
54 311 7 23 0.030550297 
485 176 9 33 0.030511556 
928 140 7 31 0.030487671 
486 307 9 31 0.030424777 
196 725 6 16 0.03038735 
198 290 6 20 0.030384704 
873 534 11 15 0.030382331 
500 265 8 15 0.030377997 
510 176 12 41 0.030332778 
399 412 8 23 0.030289568 
1018 545 8 22 0.030250628 
852 82 6 21 0.030229134 
11 485 96 125 0.030224347 
101 142 9 26 0.030224022 
825 374 21 29 0.03017909 
196 264 7 19 0.030177157 
926 659 7 18 0.030146254 
692 486 13 32 0.03012264 
590 554 10 22 0.030112987 
117 25 11 31 0.030112784 
561 765 14 36 0.03005867 
1003 441 8 22 0.030019568 
597 621 6 17 0.029999254 
424 315 7 18 0.029990632 
709 431 6 16 0.029966926 
824 619 7 19 0.029901214 
759 379 7 20 0.029851247 
608 136 7 19 0.029827632 
134 699 6 18 0.029806037 
113 659 13 21 0.029780848 
987 518 9 21 0.029769102 
501 305 9 31 0.029733127 
938 534 6 14 0.029732186 
927 94 6 21 0.029722502 
993 632 15 23 0.029699827 
654 541 11 19 0.029695278 
684 422 4 12 0.02966401 
862 84 5 18 0.029660035 
987 534 8 16 0.02963901 
663 555 10 18 0.029581822 
578 514 11 21 0.0295213 
852 96 6 20 0.02951912 
-1 150 67 131 0.029508753 
951 445 7 17 0.02948941 
105 235 8 23 0.02944429 
852 109 5 20 0.029437583 
14 475 8 28 0.029402347 
210 661 5 12 0.029381083 
161 737 7 16 0.029350692 
589 319 11 37 0.029246887 
619 625 5 17 0.029237013 
845 553 12 29 0.02918111 
1003 534 6 16 0.029148377 
693 442 6 18 0.029147707 
94 143 8 25 0.0291096 
758 337 8 22 0.029077858 
205 696 8 20 0.029076712 
15 463 8 26 0.029070957 
846 367 11 16 0.029013885 
825 583 7 20 0.029010812 
809 606 9 22 0.029009426 
221 660 7 13 0.029008407 
834 182 7 26 0.028989876 
336 583 8 14 0.028987443 
204 263 8 20 0.028981237 
440 264 7 15 0.02894122 
742 440 9 24 0.02888466 
835 613 9 26 0.028851042 
297 365 7 17 0.028825017 
989 640 13 25 0.028785422 
913 417 6 12 0.028766809 
787 81 6 21 0.028706787 
826 645 7 20 0.028690675 
248 600 7 15 0.028672226 
954 634 8 14 0.028670883 
151 235 17 32 0.028660448 
223 546 7 15 0.02865721 
499 15 11 28 0.028607827 
677 475 15 33 0.02854619 
830 365 15 20 0.028533721 
724 715 338 206 0.028527265 
792 467 186 277 0.028517954 
849 57 7 21 0.028514663 
818 178 10 29 0.028514497 
159 704 5 12 0.028431265 
206 290 6 18 0.028431082 
613 673 9 19 0.028429605 
248 612 6 15 0.028414957 
77 382 79 146 0.028375903 
851 71 6 20 0.028300539 
312 393 5 15 0.028291184 
908 167 9 30 0.028288333 
593 663 5 13 0.028254092 
157 574 13 23 0.0281649 
710 417 6 19 0.028131992 
683 460 6 12 0.028130356 
1015 715 7 15 0.028121289 
798 80 6 23 0.028118897 
512 297 9 25 0.02811751 
479 132 8 24 0.028075485 
259 518 8 16 0.028073126 
872 541 15 25 0.02801 
839 121 5 22 0.027987212 
399 261 9 23 0.027982386 
365 573 6 15 0.027978063 
488 208 7 25 0.027972093 
633 548 6 12 0.027959894 
553 291 8 15 0.027959647 
377 444 7 15 0.027953748 
12 74 81 146 0.027897956 
625 435 8 15 0.027885318 
181 168 10 30 0.027875666 
618 608 5 16 0.027822694 
298 353 7 16 0.027766725 
238 484 5 11 0.027749931 
281 345 9 16 0.027738275 
18 455 6 21 0.027722051 
94 328 6 19 0.027696377 
134 593 18 37 0.027687516 
103 376 146 224 0.027683675 
573 546 18 40 0.027678112 
860 366 10 18 0.027673634 
249 740 6 15 0.027646506 
280 491 11 25 0.02752892 
105 216 9 28 0.027510593 
955 629 6 9 0.02750943 
465 156 7 27 0.027499687 
17 726 7 19 0.02748991 
439 283 9 29 0.027489541 
479 178 7 30 0.027480448 
463 265 8 15 0.02746189 
889 462 8 30 0.02745305 
578 761 9 20 0.027451016 
681 471 7 13 0.027391473 
1001 549 7 17 0.027312765 
997 591 10 23 0.027287785 
805 733 15 25 0.027273955 
516 32 7 21 0.027195731 
166 595 13 19 0.027168427 
1015 514 10 28 0.027147619 
439 254 7 12 0.027141621 
825 105 6 27 0.02714157 
937 466 8 24 0.02709636 
550 742 11 22 0.027022764 
526 201 8 31 0.026936244 
372 271 9 25 0.026935859 
607 558 6 15 0.026935797 
844 378 13 21 0.026920099 
833 196 8 27 0.02689524 
554 222 7 22 0.026863305 
844 429 13 43 0.026847968 
609 123 6 15 0.02681516 
425 286 8 22 0.026806016 
114 317 12 35 0.026803857 
948 674 7 17 0.02676861 
503 106 8 26 0.026756406 
310 -112 62 94 0.026698798 
978 545 10 19 0.026677735 
706 504 9 23 0.026669111 
434 658 13 23 0.026666872 
5 781 5 13 0.02665286 
912 697 8 18 0.02662595 
180 50 12 31 0.026619252 
836 557 8 21 0.026615174 
143 733 306 196 0.026601577 
514 113 11 32 0.026593406 
439 761 6 14 0.02657863 
773 96 5 18 0.026569352 
811 156 8 33 0.026560728 
666 544 9 16 0.026514767 
3 561 7 17 0.026506275 
18 432 5 18 0.02649621 
207 554 11 21 0.026491424 
399 27 10 27 0.026475083 
812 177 10 30 0.026429543 
478 303 6 20 0.026412578 
133 725 8 26 0.026365982 
287 520 6 15 0.026306553 
244 586 8 14 0.026288671 
112 669 13 24 0.026281696 
602 566 9 21 0.02626985 
375 468 7 14 0.026257448 
452 759 7 17 0.026216568 
956 533 5 11 0.026211591 
937 221 6 21 0.026208261 
509 125 12 36 0.026192443 
504 739 9 20 0.026188768 
770 367 8 20 0.026184734 
53 283 8 26 0.026163233 
812 104 6 27 0.026113376 
104 158 8 24 0.026111541 
910 710 9 20 0.02611079 
849 167 7 28 0.026101563 
432 2 15 28 0.026083544 
275 376 6 18 0.026073711 
191 23 14 37 0.026056116 
415 20 8 18 0.026055241 
654 799 10 17 0.026047362 
952 713 7 17 0.026033262 
966 69 5 21 0.025997147 
259 530 9 18 0.02597494 
937 543 9 20 0.025963446 
1002 145 6 25 0.02593834 
385 1 142 253 0.025923949 
836 56 6 22 0.025920471 
163 24 16 37 0.02587396 
29 607 8 21 0.025847524 
861 133 6 21 0.025843028 
128 294 12 30 0.025815757 
8 -118 53 95 0.025811912 
928 468 6 19 0.02580864 
19 780 6 13 0.025790896 
939 628 5 10 0.025788961 
386 259 9 26 0.02577598 
813 199 9 24 0.02577043 
865 655 17 35 0.025761845 
488 194 7 27 0.025735574 
923 257 12 37 0.025706828 
937 236 7 20 0.025679426 
606 582 7 16 0.025671834 
626 313 15 44 0.025658997 
161 -116 53 100 0.025634512 
809 319 10 30 0.025630534 
940 650 6 14 0.025604254 
720 389 7 21 0.02560296 
607 99 6 17 0.025586093 
312 378 6 17 0.025576787 
539 729 8 17 0.025568577 
248 751 8 17 0.025560332 
325 564 4 10 0.025550513 
425 299 7 24 0.025550345 
940 634 6 14 0.025537241 
515 93 10 33 0.025527403 
173 701 5 13 0.025526138 
858 640 11 30 0.025520742 
1013 417 9 20 0.025507156 
838 81 5 22 0.025499204 
552 302 9 21 0.025499128 
870 364 12 21 0.025486816 
742 645 13 20 0.025485937 
551 617 11 28 0.025481611 
55 324 7 24 0.025422795 
364 534 7 18 0.02540933 
939 442 6 18 0.025341379 
0 650 12 42 0.025313586 
719 403 8 20 0.025305422 
864 359 6 12 0.025297062 
3 590 13 30 0.025284614 
14 302 7 24 0.025252625 
28 478 43 80 0.025251731 
29 618 8 22 0.02523957 
426 166 9 30 0.025230795 
8 86 40 91 0.025225358 
812 135 6 24 0.025206665 
543 442 5 21 0.025203807 
909 184 8 22 0.025163747 
114 242 13 36 0.025150582 
18 442 5 17 0.025125997 
594 634 7 17 0.025098322 
167 324 7 23 0.025094502 
256 486 8 13 0.025066618 
297 376 7 20 0.025060203 
553 278 8 17 0.025051149 
758 351 8 21 0.025028547 
488 744 9 24 0.02500985 
813 120 5 23 0.025000595 
462 299 8 25 0.024995726 
658 565 8 19 0.024989087 
261 740 7 15 0.024956504 
912 660 8 21 0.02493398 
427 251 7 13 0.024907874 
222 642 5 10 0.02490109 
655 823 10 29 0.024895063 
377 460 6 12 0.024891052 
431 133 13 40 0.024850326 
685 435 5 12 0.024840005 
540 246 9 28 0.024824396 
912 411 6 10 0.024818638 
416 771 14 24 0.024805715 
977 611 7 14 0.024792371 
172 742 40 53 0.0247922 
179 544 9 18 0.024758842 
364 506 7 15 0.024749747 
979 182 5 23 0.024735592 
232 493 8 16 0.024732355 
199 662 5 11 0.02472299 
539 203 9 29 0.024681844 
398 468 12 15 0.02465061 
492 254 6 16 0.02464052 
429 727 6 14 0.024633203 
438 191 8 31 0.024631996 
428 -111 58 92 0.024630437 
1017 531 9 24 0.02461516 
759 366 7 19 0.024613237 
718 600 11 13 0.024593817 
694 503 10 25 0.02458736 
643 391 6 18 0.024576068 
12 585 9 21 0.024521023 
761 96 7 19 0.024500178 
365 418 6 19 0.024483355 
236 638 5 12 0.024478782 
370 106 11 19 0.02447591 
748 406 7 17 0.024452727 
207 725 7 16 0.024449969 
927 198 7 24 0.02443604 
205 169 8 26 0.02440661 
462 21 14 36 0.024403328 
579 244 10 30 0.024402173 
377 432 6 17 0.024389451 
278 616 18 33 0.02430824 
950 657 7 17 0.024268406 
786 94 7 20 0.02426782 
569 441 5 20 0.024264205 
646 798 8 16 0.024226451 
614 712 8 14 0.024221215 
991 106 6 28 0.024220295 
150 716 4 13 0.02417033 
399 283 10 28 0.024114994 
856 568 11 24 0.024112904 
415 726 5 19 0.024087302 
500 252 8 19 0.024063379 
27 76 14 35 0.024037227 
132 684 6 18 0.0240012 
427 329 6 15 0.023988022 
949 686 7 16 0.023970034 
863 72 6 18 0.023959715 
446 781 12 31 0.023959175 
927 479 7 21 0.023945546 
583 647 7 17 0.023920434 
823 571 7 17 0.023920285 
924 645 7 20 0.023916889 
67 205 9 29 0.023903165 
43 -116 60 101 0.02388167 
197 714 5 15 0.023862952 
859 533 9 16 0.023849169 
376 -111 58 91 0.02384611 
834 359 10 13 0.023841409 
236 722 6 19 0.023836974 
236 601 7 12 0.023768632 
715 801 14 18 0.023767004 
375 331 5 14 0.02374497 
838 108 5 22 0.02373272 
392 415 6 20 0.02372799 
168 313 7 22 0.023710446 
614 737 13 21 0.023689609 
271 531 9 18 0.023683576 
276 390 5 22 0.023683252 
287 417 4 20 0.023673221 
134 714 6 19 0.02366022 
629 749 8 15 0.023659982 
238 587 6 12 0.023654966 
1007 717 5 11 0.023649827 
271 543 9 18 0.023646962 
446 709 18 25 0.023621392 
953 503 10 25 0.023617463 
205 250 9 20 0.023602119 
721 429 7 17 0.02359423 
233 507 7 15 0.023594104 
466 199 6 21 0.023585739 
617 685 8 16 0.023572074 
167 531 13 30 0.023552774 
232 764 9 16 0.02351543 
503 188 10 35 0.02350098 
363 522 6 14 0.023493618 
238 704 5 12 0.023493286 
818 292 11 39 0.02346694 
425 6 13 23 0.023465335 
872 356 9 15 0.023463864 
862 109 6 21 0.02344201 
341 395 5 15 0.023433037 
242 543 10 22 0.023421865 
710 459 5 12 0.023418788 
490 236 7 20 0.023404898 
951 648 7 13 0.023401162 
104 180 10 32 0.023399059 
239 710 6 18 0.023378853 
173 688 5 13 0.02337489 
63 122 14 40 0.0233689 
369 138 10 18 0.023345627 
862 145 6 23 0.02334458 
71 13 35 82 0.023343198 
768 339 10 21 0.023342103 
817 365 18 23 0.023293417 
527 127 10 27 0.023286805 
823 560 6 16 0.023285406 
619 115 5 15 0.023283767 
771 410 10 32 0.023270467 
169 647 12 19 0.023265867 
375 284 8 25 0.023247989 
925 514 6 12 0.023220934 
783 377 10 24 0.023212738 
462 622 8 16 0.02319765 
80 203 9 31 0.023192706 
450 637 7 15 0.023181735 
193 738 9 20 0.023181276 
718 376 9 23 0.02317757 
625 455 9 19 0.023168365 
414 301 7 21 0.023166306 
628 26 12 39 0.023157122 
949 206 8 23 0.023155332 
92 645 9 20 0.02313516 
222 753 8 14 0.023119254 
913 724 8 19 0.023113094 
708 364 8 24 0.02310958 
732 418 8 20 0.02307062 
973 502 9 26 0.023020897 
115 158 11 31 0.023015564 
618 455 9 18 0.023011297 
527 233 8 26 0.022999486 
934 694 11 24 0.022990545 
385 284 10 28 0.022982437 
114 212 13 34 0.022976086 
284 531 10 21 0.022972437 
63 25 16 36 0.022947036 
82 180 7 30 0.022944303 
414 317 6 16 0.022938432 
745 352 7 20 0.022936588 
757 476 9 25 0.022931598 
837 544 8 19 0.022918839 
372 340 8 22 0.02290866 
478 221 7 24 0.022906933 
609 663 6 12 0.022905929 
567 423 7 27 0.022904582 
27 778 8 15 0.022862745 
451 255 8 13 0.022836119 
193 550 13 24 0.02283458 
169 639 9 15 0.022834554 
165 153 11 33 0.022829272 
86 57 79 152 0.022820812 
731 468 8 21 0.022801884 
149 703 4 13 0.022779537 
415 29 11 27 0.022773616 
113 642 15 27 0.022770358 
869 382 10 18 0.022759855 
848 207 8 28 0.022738183 
203 773 15 22 0.02273816 
123 -115 50 100 0.022723578 
953 71 6 18 0.022723135 
86 343 16 39 0.022702426 
904 451 174 209 0.022695448 
762 112 5 15 0.022679044 
345 800 10 15 0.022670297 
894 792 15 12 0.022663612 
1000 104 8 33 0.022650773 
462 288 8 22 0.0226232 
271 587 9 15 0.02261746 
900 398 6 9 0.022607347 
563 410 9 29 0.02258937 
449 181 8 27 0.022571223 
684 442 6 16 0.022567522 
941 526 5 11 0.022551646 
979 68 5 23 0.022535315 
787 108 6 22 0.022524681 
931 578 13 22 0.022519773 
690 165 83 130 0.022502687 
472 23 14 34 0.022495491 
547 154 11 31 0.022484442 
733 429 8 20 0.02247997 
190 751 14 24 0.022461807 
824 224 6 18 0.022444244 
859 219 8 28 0.022431402 
809 340 9 18 0.022407375 
922 553 12 25 0.022406435 
578 751 8 17 0.022404106 
479 291 7 15 0.022403691 
347 740 99 90 0.022398414 
747 364 7 19 0.022395542 
336 470 6 14 0.022391398 
206 158 8 22 0.022374244 
223 537 6 13 0.02235439 
633 363 6 17 0.02235291 
412 210 9 22 0.022343913 
1006 729 6 13 0.02233657 
26 678 8 25 0.022328615 
290 617 18 31 0.022327859 
294 605 11 21 0.022323526 
914 457 6 16 0.022300653 
772 186 7 18 0.022297736 
222 767 10 15 0.022290394 
273 -112 62 95 0.022288699 
515 16 8 23 0.022276968 
234 662 6 13 0.022261193 
937 492 7 19 0.022246756 
275 4 20 23 0.02223751 
591 751 9 19 0.022236379 
502 234 8 23 0.022235136 
367 334 4 12 0.022222169 
432 76 12 32 0.022218045 
299 573 7 17 0.022196706 
769 350 9 22 0.022176756 
875 98 6 19 0.022168899 
365 302 6 18 0.022154754 
800 120 6 25 0.022147818 
434 439 9 24 0.02214524 
15 417 6 23 0.02213596 
861 157 7 25 0.02211514 
708 444 7 15 0.022100784 
924 248 9 25 0.022075763 
858 429 11 40 0.02207204 
825 79 6 25 0.022069065 
732 361 9 22 0.022062697 
986 500 11 31 0.022041589 
48 34 16 37 0.022029698 
426 243 7 13 0.02202944 
515 265 8 16 0.022017783 
990 131 6 26 0.02201143 
978 82 6 22 0.022002125 
1013 430 8 20 0.02199612 
597 612 6 14 0.021992128 
220 568 8 17 0.021978097 
310 365 7 17 0.021940375 
758 328 7 18 0.021933503 
222 741 7 14 0.0219227 
1004 703 6 13 0.021916892 
583 665 6 13 0.021908127 
966 439 7 20 0.021903051 
14 561 7 17 0.021889538 
313 422 4 11 0.021863353 
465 254 7 15 0.021850146 
42 311 8 23 0.021836879 
18 711 6 17 0.021834176 
375 417 6 21 0.021806886 
410 264 8 19 0.021804376 
940 509 6 15 0.021803973 
115 140 10 30 0.021774366 
642 381 7 16 0.021770898 
209 739 7 16 0.021753231 
363 543 6 17 0.021752955 
514 232 9 26 0.021739626 
314 434 3 11 0.021730995 
595 179 6 13 0.021701114 
553 646 7 16 0.021687282 
524 315 12 40 0.021681372 
208 690 6 14 0.021677542 
693 520 11 19 0.021664035 
95 116 9 27 0.02165077 
374 508 7 13 0.02164355 
82 340 6 19 0.021639038 
579 635 7 18 0.021614924 
3 675 8 30 0.02158988 
569 521 7 16 0.021589372 
129 490 11 29 0.021580912 
697 393 6 20 0.021578405 
781 396 12 32 0.021577932 
181 194 10 30 0.02157226 
168 67 9 22 0.021566212 
849 44 8 22 0.021503493 
239 67 50 101 0.021493059 
168 296 9 27 0.021488616 
143 154 10 32 0.021479113 
169 727 7 18 0.021465093 
363 277 6 19 0.02144122 
529 15 12 30 0.02143578 
577 337 12 45 0.021404622 
591 650 7 16 0.021391544 
21 13 18 40 0.021385416 
837 284 7 25 0.02134339 
514 64 9 34 0.02134168 
465 184 6 23 0.021340685 
606 449 7 14 0.02133544 
1002 128 6 27 0.02133188 
1017 686 8 19 0.021329366 
746 339 7 20 0.02132877 
36 116 15 40 0.021327687 
242 570 10 20 0.021314094 
479 267 6 13 0.02130759 
362 288 7 20 0.021297665 
208 226 7 18 0.021285329 
733 406 7 16 0.021257022 
568 457 5 15 0.021254266 
617 598 6 14 0.021225667 
323 377 7 18 0.021218287 
232 92 10 31 0.021183863 
207 709 7 17 0.021140175 
837 95 6 22 0.021099014 
245 530 10 20 0.021091225 
771 436 10 26 0.021090524 
564 304 8 17 0.021080777 
80 157 8 23 0.021056172 
196 311 7 19 0.021053957 
196 148 7 23 0.0210463 
429 756 6 13 0.02103549 
822 358 10 14 0.021012455 
69 340 6 19 0.020980528 
374 301 7 20 0.02097948 
1000 315 11 39 0.02097613 
205 300 7 18 0.020975774 
610 675 6 15 0.020969858 
48 539 14 20 0.020944556 
184 650 7 13 0.020928703 
182 535 8 15 0.020922728 
906 197 10 27 0.020914836 
4 699 5 16 0.02090457 
1015 178 8 35 0.020898338 
1013 295 13 31 0.020893754 
974 448 10 25 0.020882191 
17 635 8 24 0.020877149 
399 252 8 17 0.020862376 
665 586 8 15 0.02085926 
609 632 6 18 0.020846251 
131 167 9 30 0.020841874 
627 566 9 22 0.020828756 
745 95 7 18 0.020808667 
502 162 11 37 0.020782165 
590 741 9 16 0.020780295 
881 685 14 23 0.020768099 
675 504 13 24 0.020755548 
266 550 201 172 0.020748494 
1014 615 10 22 0.020738179 
798 67 7 23 0.0207354 
670 457 6 12 0.020727385 
792 749 14 22 0.02072216 
745 467 8 22 0.020714168 
900 144 8 30 0.02071169 
527 263 8 20 0.020703724 
837 535 7 15 0.020682456 
478 743 9 28 0.020680487 
284 559 9 20 0.020670086 
951 582 10 18 0.020669885 
183 678 6 12 0.020669501 
113 188 15 43 0.020664679 
185 524 6 14 0.020664662 
400 521 11 17 0.020656724 
800 133 6 26 0.02065323 
746 198 8 18 0.020644959 
224 725 6 17 0.020633537 
259 752 7 15 0.020620883 
786 120 6 25 0.020611275 
526 78 12 35 0.020605184 
927 494 6 17 0.020604316 
175 679 5 11 0.02058285 
426 92 12 29 0.020582478 
530 731 6 14 0.02057576 
608 530 9 19 0.020558657 
846 299 7 21 0.020552827 
386 592 12 32 0.020547563 
811 79 7 24 0.020509176 
1017 704 7 15 0.020489441 
27 697 7 18 0.020485492 
903 409 5 11 0.02048003 
962 747 9 18 0.020473627 
412 225 9 18 0.020423064 
126 65 14 32 0.02040482 
167 351 8 26 0.020393007 
868 629 11 29 0.020380089 
150 171 14 45 0.020371312 
631 352 8 20 0.020362318 
236 673 7 16 0.020356616 
795 296 11 32 0.020350605 
462 278 8 16 0.020346567 
387 159 8 20 0.02034637 
849 195 8 26 0.02033878 
741 210 11 26 0.020331912 
582 146 6 19 0.020319233 
222 673 7 15 0.02030848 
754 488 12 26 0.020280393 
915 740 7 15 0.02027555 
583 137 5 17 0.02027514 
22 658 12 38 0.020270824 
797 184 7 23 0.020270793 
962 712 7 16 0.020257762 
861 120 6 23 0.02025569 
927 234 7 20 0.020254578 
195 252 7 16 0.020241339 
857 541 14 23 0.020233082 
873 436 8 31 0.020222194 
198 696 8 18 0.020217678 
116 615 12 22 0.020202495 
824 545 6 16 0.020195449 
1000 656 9 17 0.020191114 
222 691 6 12 0.020187475 
120 55 9 21 0.02017252 
143 331 12 40 0.020163998 
198 -113 55 95 0.020161053 
164 378 13 50 0.020154836 
271 557 9 20 0.020146735 
210 567 8 17 0.020144796 
168 339 6 24 0.020143084 
714 607 16 18 0.020111427 
386 564 9 21 0.020092107 
537 178 12 43 0.020091107 
338 511 6 14 0.020087538 
492 98 5 20 0.020086527 
338 577 5 11 0.02008367 
670 448 5 11 0.020077778 
712 530 11 20 0.020075353 
553 207 8 24 0.020072417 
262 588 7 14 0.020072293 
528 291 8 16 0.020062856 
143 573 11 18 0.020060038 
238 625 5 13 0.020035053 
644 404 6 16 0.020006811 
42 682 8 22 0.019995447 
428 741 6 13 0.019991998 
426 275 7 20 0.019977158 
163 243 12 29 0.019966202 
901 133 7 25 0.019963799 
465 -112 59 93 0.019955253 
430 25 14 32 0.019927414 
799 363 47 82 0.019924173 
429 454 6 15 0.019916724 
820 342 9 15 0.019913739 
239 613 5 11 0.019909462 
365 429 6 17 0.019907495 
388 686 247 239 0.01990334 
579 427 8 23 0.019893814 
976 643 9 19 0.019891946 
448 117 10 26 0.019875785 
799 35 5 17 0.019869465 
435 415 9 31 0.019866971 
541 292 7 14 0.019864265 
552 119 7 23 0.019863082 
588 508 7 16 0.019862896 
172 715 5 15 0.019859364 
399 300 9 22 0.019855073 
654 28 8 28 0.019845812 
236 649 6 13 0.019841926 
35 64 13 31 0.01983333 
181 143 10 29 0.019821713 
601 320 12 35 0.019821312 
37 36 15 35 0.019810824 
526 649 8 13 0.01980818 
928 429 6 16 0.019805783 
1001 431 8 15 0.019791646 
812 597 8 21 0.019789092 
540 302 9 20 0.019778559 
706 520 10 17 0.019774342 
222 119 8 24 0.019769723 
251 305 6 17 0.019765843 
907 793 13 9 0.019742267 
589 340 12 39 0.019733556 
1004 609 8 15 0.019731231 
66 152 11 30 0.019731129 
631 584 8 17 0.019726804 
37 440 12 25 0.019720897 
276 404 5 21 0.01970673 
952 701 7 16 0.019705249 
846 310 9 25 0.019700978 
743 309 9 25 0.019682202 
247 619 7 18 0.01967645 
253 792 11 15 0.019669347 
967 428 8 16 0.01964444 
258 675 11 18 0.019644037 
913 631 8 26 0.019641338 
976 467 8 23 0.019633582 
242 89 14 36 0.01959646 
589 244 11 30 0.019589419 
871 578 12 26 0.019584958 
336 461 6 14 0.019575773 
489 24 12 33 0.019572733 
848 361 7 11 0.019566078 
858 624 252 232 0.019564893 
616 661 7 15 0.019513099 
371 578 10 23 0.019499784 
892 797 20 16 0.01949713 
75 124 13 36 0.019496588 
427 342 6 16 0.019467322 
196 242 6 13 0.019461388 
977 108 7 25 0.019461047 
658 507 9 17 0.019455697 
223 699 5 14 0.019452896 
593 163 6 18 0.019451413 
721 364 8 22 0.019437809 
258 556 9 21 0.019437488 
415 241 7 14 0.019426178 
595 100 5 16 0.01941761 
491 645 13 26 0.019413639 
607 -113 59 95 0.01940654 
478 235 7 21 0.01940106 
929 442 6 18 0.01939487 
799 45 6 18 0.019378984 
129 275 9 21 0.01937671 
540 601 11 27 0.019374631 
425 75 12 32 0.01936622 
579 304 8 17 0.019352198 
748 379 7 18 0.01934637 
978 95 6 24 0.019332709 
128 669 10 21 0.01932947 
239 476 4 10 0.01932215 
658 587 7 14 0.019314231 
341 408 4 12 0.019309945 
213 645 5 8 0.019300468 
53 151 10 31 0.019285742 
558 456 5 18 0.019272964 
897 840 10 23 0.019266976 
899 165 10 29 0.019259507 
614 749 13 21 0.019255454 
386 249 9 21 0.019254014 
448 644 11 21 0.019241573 
823 65 8 27 0.019237494 
396 594 10 28 0.019227078 
965 615 7 12 0.019226097 
900 684 9 21 0.019219982 
739 228 13 36 0.019188397 
180 557 8 18 0.01918216 
1003 690 6 15 0.01915588 
986 438 11 24 0.019155005 
350 381 6 18 0.01913845 
748 392 7 17 0.01911762 
250 316 6 15 0.019105416 
952 740 7 16 0.019095613 
247 676 9 15 0.01907799 
558 405 6 22 0.019076264 
42 337 8 27 0.019075137 
755 197 8 19 0.019071897 
719 796 8 11 0.019069567 
596 124 4 15 0.019066835 
190 50 12 31 0.019065155 
514 289 8 20 0.019042436 
825 534 6 17 0.019030744 
285 485 7 13 0.019012785 
605 689 7 13 0.019005008 
236 739 6 15 0.01899592 
782 298 11 28 0.018989589 
404 724 6 21 0.018988641 
131 535 8 14 0.018967165 
505 94 89 152 0.018960495 
644 553 9 19 0.018956214 
232 754 8 15 0.018941307 
510 655 14 23 0.018940056 
165 178 11 34 0.018921833 
975 336 10 30 0.018917996 
592 581 9 16 0.018916236 
452 303 9 32 0.018913921 
161 691 5 11 0.018905481 
587 207 11 24 0.01889161 
396 14 11 27 0.018882496 
809 356 10 16 0.018875161 
695 472 6 13 0.018864315 
207 241 8 15 0.018859934 
1012 404 11 22 0.018837314 
798 160 7 24 0.018829236 
504 80 7 26 0.01882283 
543 428 6 20 0.018791514 
834 262 8 25 0.018783947 
975 594 10 21 0.018780684 
963 741 7 14 0.018779026 
258 543 9 19 0.018777905 
14 347 8 32 0.018777136 
235 569 9 19 0.018751776 
607 521 9 18 0.018749343 
386 578 9 24 0.01873521 
691 529 14 21 0.01872818 
398 5 11 22 0.018727913 
182 738 10 19 0.018727135 
132 143 8 28 0.018709993 
448 93 10 27 0.018682837 
750 190 6 15 0.018681448 
40 323 9 27 0.018651374 
54 338 7 22 0.01864989 
620 580 7 18 0.018649708 
633 597 6 12 0.018635955 
769 450 11 26 0.018619074 
55 259 7 24 0.01861245 
630 477 8 22 0.018603172 
733 392 7 17 0.018599955 
364 264 7 20 0.018594205 
564 292 8 15 0.018577445 
26 631 9 24 0.01857564 
273 573 8 17 0.018571943 
605 78 8 25 0.018558687 
882 767 12 18 0.01854147 
783 288 9 21 0.018530874 
755 233 11 28 0.018529724 
593 146 6 19 0.018527549 
939 68 8 24 0.01850507 
527 279 8 14 0.018494627 
950 748 9 18 0.018488128 
577 620 9 20 0.018486928 
794 339 11 19 0.018485695 
300 520 6 15 0.018484386 
619 97 7 20 0.01848339 
749 176 6 15 0.01847658 
798 91 7 28 0.018473769 
217 189 13 35 0.018471789 
718 518 8 16 0.018468142 
142 356 12 37 0.018466715 
245 788 14 20 0.018459436 
845 272 8 25 0.018451396 
758 178 6 15 0.018441193 
583 164 6 16 0.018435316 
363 580 9 19 0.018416643 
814 733 20 27 0.018414997 
426 553 9 18 0.018414188 
17 768 6 15 0.018409949 
277 348 5 12 0.01840259 
745 805 10 12 0.018400652 
236 689 7 13 0.018391432 
1000 623 9 16 0.018379403 
195 472 7 12 0.018376904 
758 465 9 23 0.018354429 
785 172 6 22 0.018353965 
937 249 8 23 0.018350447 
901 419 6 12 0.018335255 
450 196 7 24 0.018331729 
724 479 6 16 0.018313441 
724 458 5 13 0.018302036 
561 615 12 30 0.018297015 
743 486 13 33 0.018295811 
423 762 9 16 0.01827701 
773 109 5 20 0.018270973 
455 513 24 29 0.018269956 
387 431 7 19 0.018264094 
564 275 8 20 0.018263206 
399 315 9 21 0.01825017 
351 429 5 16 0.018241141 
617 648 7 18 0.018230323 
449 154 9 28 0.01822613 
550 726 11 20 0.018224927 
11 193 32 79 0.018221568 
884 217 10 31 0.018217407 
774 84 6 18 0.018214835 
205 764 13 19 0.018213818 
3 633 23 78 0.018212078 
644 479 7 19 0.018209962 
193 429 9 19 0.01820571 
82 -117 55 105 0.018205177 
6 765 5 16 0.018198619 
67 607 9 22 0.018192759 
799 105 7 26 0.018180106 
745 163 8 16 0.018179469 
236 -113 58 95 0.018172167 
155 358 11 41 0.018168151 
796 739 10 16 0.018165966 
568 -113 58 94 0.018159015 
784 226 7 17 0.01815645 
347 510 7 13 0.018144919 
976 656 9 19 0.018143088 
743 294 9 27 0.018138736 
963 701 7 15 0.01812792 
368 316 4 15 0.01812764 
923 739 10 18 0.018119985 
116 487 11 30 0.0181161 
340 421 5 12 0.01811563 
746 796 9 10 0.018106503 
140 65 12 28 0.018094938 
543 453 6 26 0.018087588 
141 487 11 29 0.018080784 
594 138 5 16 0.018074146 
327 408 5 12 0.018071625 
538 760 15 39 0.018063681 
100 12 14 36 0.01805663 
324 367 6 16 0.018053552 
386 146 9 20 0.018050764 
36 217 13 34 0.018000206 
822 27 8 25 0.01799274 
400 239 8 15 0.017985847 
577 772 10 24 0.017985689 
774 743 43 70 0.017980963 
762 124 6 17 0.017976232 
351 406 5 15 0.017969295 
365 559 7 17 0.017964663 
414 253 6 13 0.017943658 
197 226 7 18 0.017917521 
541 280 7 14 0.017917503 
568 135 6 19 0.017912026 
117 697 8 20 0.017910633 
411 195 10 25 0.017907662 
869 605 11 22 0.017895434 
35 91 14 38 0.017886309 
384 170 11 24 0.017874094 
580 742 8 15 0.017871363 
125 329 15 43 0.01786236 
882 293 10 29 0.017831603 
54 209 9 25 0.017819172 
617 345 10 28 0.017816551 
254 237 15 50 0.017813263 
583 124 5 16 0.017810427 
399 462 8 14 0.017804848 
734 215 8 20 0.017800247 
142 46 15 32 0.017800221 
590 219 9 22 0.01779262 
812 29 8 22 0.017784053 
147 736 6 19 0.017780598 
823 274 7 26 0.017777534 
723 447 6 14 0.017776785 
184 508 6 15 0.01777631 
198 690 7 14 0.017770892 
179 567 9 18 0.017766656 
428 442 8 21 0.017752316 
55 352 6 19 0.017750295 
644 -114 61 97 0.01774337 
481 280 5 13 0.017741617 
804 757 15 23 0.017738227 
494 640 7 14 0.01773807 
549 177 11 31 0.017734056 
899 698 9 17 0.017728925 
732 377 8 20 0.017705565 
415 741 5 16 0.01770282 
718 589 9 13 0.017693881 
503 627 8 17 0.017686674 
535 22 12 35 0.017666157 
635 392 6 19 0.017665708 
51 124 13 36 0.017661091 
303 639 17 36 0.017658602 
297 340 8 16 0.01765823 
71 330 42 89 0.01764906 
154 252 14 30 0.017648216 
465 238 7 18 0.017631905 
326 393 6 15 0.01760872 
42 699 8 20 0.017606486 
898 89 9 26 0.017592197 
22 641 11 35 0.017576834 
685 409 5 13 0.01757332 
549 659 9 17 0.017569484 
578 792 13 27 0.017545655 
167 362 9 33 0.017535154 
644 20 7 24 0.017530028 
773 173 7 20 0.017526709 
935 258 10 30 0.017516244 
635 380 6 16 0.0175154 
369 82 10 24 0.017512329 
773 199 6 17 0.017508343 
798 289 8 21 0.01749816 
103 629 11 25 0.017495176 
696 360 9 28 0.01747026 
80 346 12 32 0.017460963 
673 470 6 11 0.017459132 
591 302 8 19 0.017449759 
528 638 7 14 0.017414981 
268 673 11 19 0.017404875 
4 615 9 23 0.017400676 
145 278 9 17 0.017396145 
478 254 6 15 0.017395303 
596 113 5 15 0.017388443 
974 322 10 28 0.017387042 
847 287 7 22 0.017386682 
316 562 4 11 0.01737223 
247 710 7 18 0.017370095 
782 366 9 20 0.017369436 
932 553 14 27 0.017358623 
955 534 84 102 0.017344639 
589 518 8 16 0.017344184 
594 547 7 16 0.017338334 
646 511 7 15 0.017335866 
351 535 6 14 0.017328199 
825 44 6 22 0.01732306 
782 476 10 24 0.017321996 
503 64 8 31 0.017316738 
605 496 7 17 0.017316047 
733 797 7 9 0.017315814 
875 412 7 20 0.017310679 
837 299 7 23 0.017309364 
758 427 8 22 0.017305437 
349 519 6 14 0.017300226 
114 340 15 41 0.017298775 
728 643 17 21 0.017290639 
670 612 8 13 0.017285168 
275 614 34 62 0.01727461 
224 711 6 16 0.017265102 
886 408 6 11 0.017263655 
183 325 7 21 0.017262423 
110 663 7 15 0.017261138 
706 483 7 18 0.017258817 
773 122 6 22 0.017251363 
151 591 16 27 0.017244685 
463 130 10 28 0.017240055 
365 343 6 14 0.017239481 
38 539 14 21 0.017236767 
567 751 8 19 0.017230734 
130 578 14 30 0.017221661 
797 464 9 23 0.017212536 
3 298 8 29 0.017212173 
243 164 14 41 0.017192718 
787 69 7 19 0.01718501 
381 776 14 23 0.01718083 
427 414 9 30 0.017180108 
567 647 7 16 0.017166592 
818 321 9 27 0.017161017 
186 700 6 14 0.01714625 
40 667 9 27 0.017131662 
93 632 10 22 0.01712427 
1000 190 7 34 0.017112268 
654 806 12 27 0.017100548 
79 648 9 20 0.017099842 
42 737 22 42 0.017095467 
548 603 12 29 0.017086424 
499 783 14 31 0.017079169 
149 727 5 14 0.017021796 
896 309 10 32 0.017018333 
697 377 8 25 0.017002085 
133 584 39 64 0.016995927 
1013 744 14 23 0.016992636 
387 239 8 17 0.016982524 
609 649 6 17 0.016978273 
794 322 11 26 0.016976953 
780 760 15 22 0.016973276 
999 0 40 110 0.016967708 
532 445 6 17 0.016959501 
644 587 6 12 0.016958818 
581 191 7 14 0.016954884 
310 353 8 16 0.016954113 
889 249 6 19 0.016939353 
183 687 5 13 0.016934868 
754 297 10 24 0.016933668 
38 7 16 25 0.016918465 
885 307 10 33 0.016913297 
756 312 8 21 0.016910903 
936 612 7 13 0.01690269 
902 252 6 17 0.016864786 
460 634 10 18 0.016858716 
859 182 8 26 0.016858097 
368 66 10 24 0.016855784 
181 749 13 22 0.016849557 
449 625 7 14 0.016847156 
901 118 7 27 0.016831605 
832 405 27 80 0.016824583 
953 431 6 13 0.01682187 
299 491 9 21 0.016819922 
199 676 6 13 0.01679934 
901 712 7 15 0.016798368 
575 607 8 17 0.016795408 
158 70 7 19 0.016790135 
897 386 7 9 0.016789032 
665 565 9 19 0.016774554 
874 108 8 25 0.016772572 
196 644 6 9 0.016769223 
25 105 17 38 0.0167663 
590 199 9 18 0.016753135 
985 476 10 28 0.01674512 
390 406 6 21 0.016741006 
400 225 8 18 0.016739545 
325 353 6 14 0.016709175 
149 597 40 73 0.016708322 
36 166 11 31 0.01670793 
235 86 7 20 0.01670688 
258 683 12 21 0.016695261 
633 534 8 14 0.016678408 
413 8 8 17 0.016661938 
927 83 8 21 0.016644625 
271 710 10 21 0.01663152 
-2 -9 76 115 0.016630188 
911 495 6 18 0.016621446 
785 145 7 25 0.016616989 
42 713 10 22 0.016608477 
193 414 9 19 0.016602697 
581 292 7 14 0.01658995 
150 473 11 28 0.016583836 
836 311 7 23 0.016563436 
400 363 7 20 0.016562408 
426 683 9 20 0.01655664 
300 505 6 16 0.016555622 
928 598 7 15 0.016544865 
913 608 8 23 0.016539676 
40 615 10 26 0.016539358 
809 634 8 19 0.016538497 
755 5 40 99 0.016534364 
265 681 14 24 0.016524145 
77 620 9 19 0.01649963 
147 691 5 12 0.016498579 
811 276 6 19 0.01649799 
806 365 16 23 0.016491763 
410 170 9 25 0.016491106 
426 112 13 35 0.016478674 
154 559 13 23 0.016477283 
223 290 6 16 0.01647352 
195 460 7 12 0.01645316 
127 518 9 21 0.016435366 
286 432 5 17 0.016431551 
961 656 9 18 0.016423624 
259 570 9 19 0.016411388 
289 642 199 195 0.016403647 
749 508 55 80 0.016393956 
427 150 10 33 0.016387744 
186 716 5 13 0.016378492 
210 753 8 16 0.016370783 
184 313 6 20 0.016356723 
193 443 9 18 0.01635496 
221 135 8 22 0.01635453 
103 484 12 31 0.016350232 
398 169 11 26 0.016344922 
606 697 7 16 0.016341124 
977 673 7 17 0.016337806 
805 434 13 33 0.016332045 
566 604 10 22 0.016325956 
719 126 7 15 0.01631787 
167 51 11 28 0.016315361 
220 249 9 22 0.016310494 
784 212 7 19 0.016309308 
709 113 7 13 0.016303932 
925 754 8 13 0.016299192 
616 319 13 37 0.016296675 
259 698 10 19 0.016294 
753 646 11 18 0.016289676 
733 113 6 13 0.016283937 
209 675 6 14 0.016283141 
326 550 4 13 0.01628206 
447 1 15 30 0.016278759 
998 852 16 51 0.01627537 
988 464 9 25 0.016266212 
858 657 14 28 0.01626 
246 477 6 10 0.016259955 
594 190 8 14 0.016248139 
986 332 14 44 0.01624627 
286 469 7 14 0.01623728 
119 518 9 19 0.016223399 
548 590 12 25 0.01622321 
375 558 7 19 0.016222792 
893 578 14 26 0.01622019 
259 605 32 69 0.016208459 
185 665 6 10 0.016207365 
180 131 10 26 0.016204817 
529 590 12 26 0.016187236 
478 316 9 35 0.016186683 
128 610 14 27 0.016186044 
733 127 6 13 0.01618357 
413 755 9 17 0.016178878 
338 382 5 17 0.016173884 
526 566 13 21 0.016168939 
665 822 13 30 0.016166154 
644 492 8 19 0.016163236 
22 175 17 38 0.016135566 
144 547 8 13 0.01611936 
466 213 6 20 0.016111294 
247 723 6 16 0.01609166 
769 327 8 18 0.01608981 
914 386 6 10 0.016083118 
360 248 9 21 0.016072419 
29 51 12 26 0.016062243 
1014 140 10 34 0.016061308 
370 490 9 18 0.01606066 
966 56 6 20 0.016059972 
194 404 8 19 0.016055057 
567 147 7 19 0.016046327 
1001 672 8 17 0.016045235 
438 242 7 15 0.01602632 
915 470 5 19 0.016026065 
426 207 8 26 0.016024793 
106 642 11 22 0.016018411 
80 660 10 20 0.016014285 
757 441 9 23 0.01601067 
644 435 7 12 0.016004859 
13 323 9 31 0.01598173 
834 324 8 21 0.015966658 
530 -112 58 94 0.01594742 
186 727 6 17 0.01594329 
362 405 8 22 0.015942784 
568 485 5 13 0.015932493 
951 568 9 19 0.015919236 
632 404 7 19 0.015916867 
350 443 6 16 0.015896041 
438 308 8 24 0.015894864 
771 237 8 20 0.01589323 
323 726 6 18 0.015889429 
462 755 9 23 0.015885282 
961 581 10 20 0.015883882 
198 359 6 14 0.0158826 
834 343 8 15 0.015882568 
513 248 9 23 0.01587681 
818 724 13 15 0.015871832 
91 663 9 17 0.015868265 
222 104 9 27 0.015868193 
904 331 13 34 0.015862003 
628 785 11 21 0.015861819 
397 191 12 29 0.015856072 
616 697 8 17 0.015849259 
115 5 12 28 0.015848938 
785 185 7 21 0.0158293 
108 698 8 18 0.015818005 
260 709 9 21 0.015816484 
511 313 13 43 0.015799792 
903 800 20 15 0.01579788 
810 63 9 28 0.015797693 
938 430 6 15 0.015796656 
912 482 7 19 0.015790816 
153 90 13 41 0.015790429 
647 598 5 12 0.015788546 
243 53 11 28 0.015782738 
875 247 7 22 0.015778014 
164 126 11 30 0.015775423 
450 430 7 23 0.015774712 
707 39 9 28 0.015764764 
915 756 7 11 0.015762353 
114 367 15 41 0.01575991 
651 522 11 19 0.015759854 
836 45 6 21 0.01575089 
580 440 8 19 0.015750667 
185 643 6 10 0.015741194 
629 742 8 13 0.0157375 
719 112 7 13 0.01573734 
243 242 14 44 0.015733218 
340 430 5 14 0.015731925 
449 24 12 31 0.015723178 
603 298 11 23 0.015722794 
376 316 5 17 0.015705505 
844 656 11 26 0.015698794 
417 417 6 20 0.015697591 
731 50 11 32 0.01569324 
847 260 7 25 0.015683277 
532 431 6 17 0.01567285 
386 223 8 19 0.01565249 
88 22 17 41 0.015648386 
304 13 18 25 0.015632022 
126 628 13 24 0.015630268 
887 396 7 10 0.015607873 
772 288 8 19 0.015600648 
759 82 9 20 0.015589991 
516 280 7 13 0.015587004 
332 590 12 23 0.0155840935 
616 73 10 31 0.015581665 
747 113 5 14 0.015576838 
707 659 9 20 0.015576539 
53 711 9 25 0.015574227 
927 219 7 23 0.015572978 
708 124 9 16 0.015567044 
1010 464 16 40 0.015558898 
991 691 6 14 0.015548347 
254 13 15 31 0.015547327 
783 340 10 19 0.015537521 
103 114 9 29 0.015536987 
987 307 9 31 0.0155258905 
784 324 9 21 0.0155252265 
322 708 7 19 0.015513384 
830 776 17 22 0.015507142 
350 577 6 11 0.015506865 
890 446 5 19 0.015497151 
568 511 6 12 0.015492248 
773 213 7 19 0.01547085 
438 737 8 16 0.015468192 
409 471 8 13 0.015468092 
872 566 12 23 0.015441232 
603 342 11 34 0.01542461 
977 691 6 13 0.015409976 
167 620 12 16 0.015401013 
784 236 8 20 0.015395554 
125 81 82 159 0.015386956 
883 750 10 18 0.015384183 
582 175 6 15 0.015380224 
117 532 9 16 0.015373872 
908 81 9 24 0.0153732505 
858 554 11 23 0.015359254 
592 291 8 15 0.015358021 
224 586 6 13 0.015353586 
771 298 10 25 0.015351569 
593 534 8 16 0.015349148 
316 574 6 12 0.015319692 
901 185 8 20 0.015318391 
807 645 8 21 0.015318059 
372 222 9 21 0.015317607 
501 40 9 29 0.015303854 
744 150 7 15 0.01529219 
808 560 9 16 0.015284436 
666 599 8 13 0.015284206 
248 703 6 14 0.015252503 
179 598 10 16 0.015244112 
105 621 11 20 0.015237342 
127 369 15 40 0.015236039 
779 740 14 17 0.015226841 
798 633 7 19 0.015222938 
14 398 7 30 0.015219178 
197 346 6 16 0.015207191 
795 353 11 18 0.015205785 
733 94 8 19 0.0152016925 
350 420 5 14 0.015170338 
999 485 11 35 0.015165828 
426 225 8 19 0.015160573 
516 595 8 18 0.015160359 
810 45 7 20 0.015159449 
167 80 9 25 0.015154316 
383 191 12 30 0.015152667 
567 160 7 20 0.015147749 
170 522 8 20 0.015133927 
566 224 7 20 0.0151253 
779 422 11 31 0.015104885 
1014 228 10 37 0.015104686 
795 449 11 27 0.015104488 
990 672 8 19 0.015092888 
369 477 10 23 0.015090791 
647 610 6 13 0.015086835 
864 58 6 18 0.015085319 
448 734 10 20 0.015080771 
55 95 29 80 0.015078221 
567 198 8 18 0.0150753325 
670 100 89 131 0.015066869 
561 20 16 39 0.0150610525 
364 460 6 14 0.015055875 
975 702 8 14 0.015052177 
745 139 6 13 0.015044481 
182 285 9 25 0.015027984 
882 578 13 25 0.015024095 
350 320 6 12 0.015019262 
179 607 11 17 0.015014481 
567 -5 35 92 0.015010131 
594 690 7 13 0.015004371 
924 835 11 29 0.014988425 
437 651 10 14 0.014987438 
142 174 12 36 0.014984624 
408 56 14 42 0.014967389 
911 838 10 24 0.014963824 
627 123 9 19 0.014961036 
50 625 13 30 0.014956855 
370 588 13 37 0.014956638 
901 511 7 14 0.014956103 
386 19 13 34 0.014952296 
963 673 7 18 0.014943813 
793 375 14 29 0.014941792 
704 669 9 22 0.014940852 
1006 736 7 15 0.014937444 
29 598 8 17 0.014931507 
291 13 17 24 0.014931354 
338 534 5 13 0.014925647 
246 266 10 31 0.014913648 
1005 793 20 26 0.014911414 
772 225 8 20 0.014907288 
130 738 11 34 0.01489939 
811 726 9 14 0.014898055 
627 97 9 20 0.014894969 
1014 200 9 38 0.014889751 
268 14 15 25 0.014882381 
698 349 29 83 0.014879137 
833 431 13 41 0.0148609895 
305 621 14 24 0.014858016 
59 471 93 119 0.014857933 
862 288 7 20 0.014850117 
606 507 8 17 0.0148495035 
129 232 13 35 0.014848235 
351 547 6 15 0.014845771 
641 672 12 19 0.014843743 
771 476 11 26 0.014841742 
14 284 9 26 0.014833829 
913 398 6 9 0.014810275 
782 352 9 19 0.014808944 
9 40 18 38 0.014805398 
926 420 6 12 0.014785533 
463 106 9 26 0.014785506 
350 360 9 20 0.014784617 
463 318 9 29 0.014775008 
774 160 6 21 0.014772168 
947 761 10 21 0.014762254 
756 286 8 23 0.014755336 
207 148 8 21 0.014754627 
898 28 9 34 0.01475252 
581 672 7 15 0.014747809 
769 824 11 22 0.014740563 
873 175 11 34 0.01473476 
886 108 7 23 0.0147330435 
391 725 6 19 0.014729023 
436 453 7 16 0.014728849 
350 394 5 17 0.0147201335 
44 21 34 76 0.014719253 
867 685 17 20 0.01471736 
480 109 7 24 0.014711725 
977 196 7 23 0.014708906 
401 344 6 13 0.01470885 
617 28 9 30 0.014697785 
486 531 48 62 0.0146814 
373 123 8 17 0.014679731 
683 -115 59 98 0.014679709 
219 490 12 23 0.014674215 
925 568 11 21 0.01466715 
297 584 8 15 0.0146618085 
515 609 7 19 0.014658557 
186 457 7 15 0.014644659 
315 520 5 14 0.01463996 
398 427 9 22 0.014637924 
543 659 9 16 0.01463179 
288 754 5 12 0.014622518 
907 308 11 30 0.014622409 
31 443 6 17 0.0146128815 
975 23 10 38 0.014606456 
934 595 9 17 0.014605441 
274 739 5 15 0.014601119 
900 262 8 21 0.014595014 
525 42 14 42 0.014594608 
774 133 6 23 0.014589831 
782 248 9 22 0.014589125 
861 247 7 22 0.014588254 
397 156 11 25 0.014580002 
568 174 7 19 0.014567006 
638 319 16 34 0.01456287 
798 55 7 22 0.014562352 
684 587 7 12 0.014559095 
582 197 9 19 0.014558129 
159 85 8 22 0.01455242 
375 523 6 14 0.014535217 
235 71 7 21 0.014534037 
1003 461 8 26 0.01452643 
881 711 11 16 0.014506579 
784 275 8 20 0.014500596 
-11 83 138 309 0.0144936135 
198 392 6 13 0.014493388 
427 265 7 15 0.014489887 
861 297 8 25 0.014487204 
602 753 14 23 0.014479045 
666 20 14 37 0.014470847 
654 58 8 20 0.0144650955 
592 675 7 13 0.014462949 
807 582 12 22 0.01445387 
351 334 5 11 0.014449068 
143 354 32 104 0.0144257685 
255 625 15 36 0.0144121405 
273 722 7 17 0.014411166 
30 589 6 13 0.014404436 
246 762 10 17 0.014395394 
36 194 13 32 0.014387564 
772 277 7 17 0.014386818 
531 604 8 21 0.014382661 
409 604 14 31 0.014382153 
568 593 10 19 0.014380416 
101 340 38 101 0.014378936 
399 353 7 17 0.014377611 
208 479 165 222 0.014375186 
242 13 14 32 0.014368627 
681 520 10 16 0.014366736 
887 841 7 19 0.01436517 
811 549 6 14 0.01435046 
301 445 5 15 0.014348112 
898 481 6 19 0.014345524 
952 726 6 17 0.014339079 
976 299 7 22 0.014325391 
101 328 15 40 0.014324974 
604 737 13 22 0.014316964 
659 334 22 34 0.014300809 
719 492 8 21 0.014279035 
740 79 10 22 0.014266879 
569 185 8 18 0.014230392 
796 196 8 23 0.014226116 
93 102 10 28 0.014219847 
953 58 6 18 0.014213537 
221 222 9 23 0.014204019 
620 419 7 18 0.01420008 
964 594 10 18 0.014198606 
876 85 6 16 0.014197964 
608 465 6 15 0.01419673 
963 728 6 14 0.014192607 
617 726 10 16 0.014190192 
603 309 10 27 0.014189024 
655 393 8 17 0.014188792 
439 775 8 19 0.014167037 
387 542 12 26 0.014159421 
220 237 9 21 0.014156139 
607 711 8 14 0.014155654 
991 82 6 25 0.014144985 
874 131 8 28 0.014136828 
889 96 7 19 0.014123922 
642 348 10 23 0.014119009 
401 530 11 18 0.014114995 
900 495 6 19 0.014114961 
574 594 10 18 0.014112359 
781 752 12 16 0.014109501 
455 73 91 154 0.014109162 
989 68 6 25 0.014108599 
247 661 9 16 0.014107239 
645 456 6 14 0.014106755 
810 264 7 20 0.014106502 
990 193 7 30 0.014101059 
63 99 14 34 0.014099057 
374 237 8 18 0.01409687 
439 724 9 16 0.0140959015 
529 151 12 38 0.014081491 
643 467 7 16 0.01407433 
307 494 8 18 0.014072958 
963 340 7 19 0.014070558 
744 321 9 23 0.014067635 
797 649 8 18 0.014054122 
444 657 14 26 0.014030278 
847 767 47 48 0.0140170315 
963 690 7 15 0.014011715 
403 737 6 19 0.014007473 
244 778 11 16 0.013993108 
224 303 6 16 0.01398571 
569 663 7 12 0.013979674 
438 343 6 16 0.013971967 
950 594 9 18 0.013967506 
415 152 166 227 0.01396339 
349 584 7 13 0.013962917 
990 609 8 15 0.01396215 
906 213 11 30 0.013959111 
880 794 21 19 0.01395491 
784 197 8 21 0.0139531 
290 26 21 32 0.013948108 
974 749 12 18 0.013943138 
845 398 14 26 0.013938556 
434 673 15 30 0.0139381355 
54 196 8 23 0.013937376 
953 614 7 13 0.013922967 
915 620 7 23 0.0139178755 
989 626 8 13 0.013917842 
327 434 4 11 0.013910978 
515 626 7 17 0.013910206 
894 782 13 13 0.013906381 
628 77 10 25 0.013887712 
430 648 40 66 0.013884904 
734 234 10 27 0.013878258 
937 706 9 22 0.013862605 
317 586 16 28 0.013853158 
605 287 10 20 0.013842568 
840 773 22 26 0.013842079 
772 262 8 19 0.013828502 
208 582 7 16 0.013827671 
926 580 10 19 0.013822327 
311 507 6 14 0.0138129825 
105 67 9 22 0.013807106 
384 443 8 18 0.0138031915 
911 249 8 21 0.013797199 
739 37 11 29 0.013796922 
450 444 7 17 0.013793756 
717 543 9 15 0.013787361 
375 545 7 19 0.013782959 
162 747 8 18 0.013778029 
206 489 14 25 0.013777225 
14 547 9 18 0.013775476 
315 727 5 17 0.013750545 
668 536 10 16 0.013747442 
683 602 7 10 0.013746535 
657 598 7 13 0.013746523 
886 120 7 26 0.013746147 
797 237 7 19 0.013739748 
731 489 12 28 0.013737643 
466 224 6 21 0.013730577 
223 505 8 17 0.01372216 
231 13 36 93 0.013721152 
448 52 11 30 0.013718383 
515 41 9 28 0.013713689 
888 384 8 13 0.0137078 
908 562 12 25 0.0137053 
582 219 8 22 0.013702632 
172 490 85 133 0.013695242 
965 423 7 11 0.013681394 
12 371 9 37 0.013675786 
725 473 5 13 0.013667681 
568 123 6 19 0.013659714 
995 347 15 47 0.013654035 
664 797 16 22 0.013646702 
890 418 6 14 0.013639889 
40 281 10 30 0.013639027 
577 404 8 21 0.013634501 
92 622 9 20 0.013617851 
388 359 8 22 0.013612279 
184 441 9 19 0.013601449 
557 316 25 77 0.013601271 
140 613 13 23 0.013596687 
619 477 7 22 0.013595516 
527 299 8 20 0.013583944 
351 472 6 12 0.013581933 
183 225 8 18 0.013580765 
911 595 9 22 0.013575603 
259 357 7 14 0.013573905 
334 603 12 24 0.01357296 
899 282 9 25 0.013568697 
604 159 9 22 0.013549677 
567 211 8 20 0.013546477 
2 711 6 18 0.0135374395 
337 446 6 13 0.013535441 
510 512 50 61 0.013526358 
875 71 6 16 0.013524411 
756 209 10 24 0.013506851 
402 765 10 18 0.0135033075 
124 640 14 29 0.013486624 
168 226 8 18 0.013481246 
281 28 18 29 0.013476881 
796 366 11 21 0.013464628 
787 763 22 36 0.013460687 
184 250 8 16 0.013460409 
895 558 14 30 0.013445093 
897 605 10 22 0.013424137 
73 33 19 44 0.013423759 
606 725 9 15 0.01341273 
747 127 4 12 0.013410239 
256 780 9 13 0.013396385 
771 247 9 21 0.013384612 
908 349 10 23 0.013371696 
153 272 11 24 0.013369091 
225 521 6 13 0.013360416 
526 172 12 40 0.013357052 
308 608 11 19 0.013349758 
551 26 11 31 0.013339914 
852 775 23 27 0.013327795 
629 765 9 17 0.013306779 
935 762 10 19 0.013306023 
220 171 9 23 0.013302091 
28 452 10 25 0.013301546 
373 207 9 24 0.013298931 
630 492 8 20 0.013294475 
867 761 16 21 0.0132735 
656 407 7 15 0.013272564 
341 345 5 11 0.013267656 
643 700 8 15 0.013248013 
414 328 6 14 0.01324373 
911 259 9 26 0.013240079 
312 628 67 81 0.0132390205 
771 806 9 14 0.013228723 
361 376 8 19 0.013224066 
898 470 5 19 0.0132240355 
632 611 6 13 0.0132171735 
300 563 6 14 0.013196276 
262 721 7 17 0.013180946 
275 471 7 13 0.013172335 
797 605 9 20 0.013169903 
128 193 11 30 0.013167408 
272 485 7 12 0.013166558 
938 55 9 26 0.013165406 
617 361 9 25 0.013164186 
628 112 8 18 0.013155163 
127 259 10 26 0.013149513 
427 353 6 16 0.013147564 
284 667 11 21 0.013136458 
455 695 17 28 0.013128615 
808 480 10 21 0.013126274 
51 607 12 25 0.013122506 
108 683 8 19 0.013114005 
438 328 6 17 0.013110704 
643 717 7 12 0.013106818 
284 725 6 16 0.013106159 
182 272 10 25 0.013102046 
388 314 9 22 0.0130943395 
792 396 14 29 0.013089277 
361 350 7 17 0.013081325 
359 235 9 19 0.013072815 
841 681 18 25 0.013061549 
708 795 7 11 0.013060419 
140 232 17 36 0.013058661 
274 752 5 14 0.01305433 
642 364 7 18 0.013054114 
580 277 7 18 0.013052272 
604 404 8 20 0.013043565 
328 474 5 11 0.01304287 
297 533 7 17 0.013026331 
1010 314 14 38 0.013017182 
525 659 9 17 0.013005811 
108 673 9 17 0.013005069 
815 223 6 18 0.013002805 
121 67 9 23 0.012998314 
68 352 7 19 0.012996491 
85 470 16 37 0.012996076 
914 445 6 15 0.012990706 
812 534 6 16 0.012989691 
388 327 7 17 0.012986538 
396 479 14 20 0.012981392 
416 364 6 17 0.012981361 
1014 651 10 17 0.012974147 
860 260 7 22 0.012969495 
784 261 9 23 0.0129649425 
632 717 6 11 0.012964746 
39 640 11 29 0.012955635 
232 110 11 32 0.012955232 
882 560 15 28 0.012944565 
197 364 8 21 0.012939979 
266 696 12 23 0.012935746 
139 79 11 26 0.012929642 
859 309 10 27 0.012917683 
386 83 9 21 0.012907623 
830 666 15 33 0.012896436 
454 338 6 20 0.012894458 
79 675 8 18 0.012891121 
300 469 6 15 0.012888337 
594 595 7 16 0.01288685 
244 68 10 27 0.012884048 
375 250 8 20 0.012860442 
298 627 37 66 0.0128560485 
338 482 7 16 0.012843758 
71 715 41 98 0.012841254 
630 700 6 14 0.0128408065 
899 297 9 23 0.012840794 
373 534 7 17 0.012839683 
491 728 6 16 0.01283288 
362 393 8 21 0.012830682 
458 642 13 21 0.012826756 
795 662 8 15 0.012817655 
900 228 9 26 0.012815724 
516 731 7 15 0.012813739 
773 69 7 19 0.012804363 
185 343 6 17 0.012803026 
568 501 5 10 0.012796246 
861 275 7 21 0.012778086 
316 10 20 27 0.012767894 
618 406 7 19 0.012767361 
341 354 5 12 0.012765809 
257 315 7 16 0.012763394 
2 747 7 25 0.012747673 
721 27 10 32 0.0127465455 
402 380 6 17 0.012736408 
-24 251 127 250 0.01272707 
35 511 20 36 0.012721708 
416 355 6 14 0.012720745 
203 23 15 37 0.012716744 
224 568 86 109 0.012710567 
327 535 5 13 0.012708036 
180 77 10 29 0.012700925 
858 408 12 31 0.0126966685 
14 505 10 26 0.012696141 
77 99 13 33 0.0126778055 
820 516 9 21 0.012675563 
862 46 7 20 0.012662559 
411 543 12 18 0.012654322 
391 523 7 14 0.0126505345 
12 67 11 26 0.012647093 
757 219 91 142 0.012645747 
276 415 6 24 0.0126325 
457 1 17 31 0.012627815 
311 593 11 19 0.012604939 
352 460 6 15 0.012603569 
914 429 6 15 0.012590057 
401 326 8 17 0.012582792 
119 711 8 23 0.012564565 
257 302 7 20 0.012564404 
642 279 57 78 0.012557544 
655 611 7 13 0.012546192 
545 650 7 14 0.012534741 
529 736 113 93 0.012529607 
592 415 9 20 0.012527238 
386 135 10 21 0.012527095 
463 736 10 23 0.012526317 
910 366 8 16 0.012525992 
282 326 11 23 0.0125236735 
797 620 8 19 0.012518311 
443 637 6 13 0.012516765 
628 686 7 15 0.012513513 
158 505 7 19 0.012512992 
415 462 6 12 0.012511814 
824 262 6 22 0.012510212 
796 478 10 22 0.012506137 
344 604 13 27 0.0125047825 
702 98 140 233 0.012495812 
451 240 7 17 0.012494046 
566 390 9 26 0.012478537 
767 30 13 28 0.012465381 
372 793 14 22 0.012457769 
644 569 7 17 0.012450997 
564 355 12 43 0.012446752 
259 367 7 16 0.012444227 
925 765 9 15 0.012437799 
914 271 9 27 0.012431528 
757 825 10 20 0.012427436 
823 654 10 25 0.01242735 
332 577 40 70 0.012417271 
1011 386 14 25 0.012413313 
114 476 10 25 0.01241209 
439 700 10 22 0.012411997 
431 660 8 15 0.012408789 
532 454 6 21 0.012384591 
338 493 7 16 0.01237215 
351 558 6 16 0.012362261 
582 501 6 12 0.01234215 
105 92 9 23 0.012336433 
887 134 7 24 0.012327296 
197 376 7 18 0.0123187415 
24 13 30 65 0.012318718 
194 565 10 20 0.01231619 
40 589 7 13 0.012315644 
343 27 16 28 0.012313927 
629 674 8 16 0.012310309 
798 263 8 21 0.012306762 
729 804 12 13 0.012276773 
718 670 10 19 0.012269236 
346 -103 66 52 0.012268035 
757 814 10 18 0.012266561 
401 50 10 30 0.012266007 
477 725 8 17 0.012264267 
184 241 8 16 0.0122616105 
39 379 10 32 0.012261426 
68 180 9 28 0.0122587 
46 762 20 35 0.012257083 
581 489 6 12 0.01225302 
53 0 10 14 0.01224905 
990 702 8 14 0.012248346 
130 571 12 20 0.0122483 
720 -117 62 103 0.012245509 
131 511 41 62 0.012244758 
540 463 8 29 0.012226772 
922 705 11 24 0.012218051 
316 23 22 34 0.012217636 
143 538 7 13 0.01221469 
281 711 9 20 0.0122134695 
782 377 39 85 0.012210739 
692 331 12 33 0.012209248 
443 625 7 15 0.0122029595 
900 726 8 15 0.012197776 
817 20 11 23 0.012174919 
576 389 9 24 0.012166423 
33 435 5 14 0.012165196 
311 341 9 15 0.012151119 
510 152 12 34 0.012149523 
767 633 11 18 0.0121479435 
937 752 9 16 0.012143058 
568 470 6 15 0.012141427 
224 600 6 11 0.012136715 
999 213 10 37 0.0121295145 
759 67 9 21 0.012118314 
506 150 24 75 0.01211639 
798 210 7 20 0.012112619 
567 743 8 15 0.012112493 
197 489 10 20 0.012112361 
872 154 11 34 0.012106235 
809 491 9 19 0.012104444 
583 112 5 16 0.012095759 
340 802 8 14 0.01209071 
798 226 6 18 0.012090619 
602 189 10 16 0.0120905405 
63 52 38 90 0.012084801 
899 753 7 14 0.01207739 
251 216 36 94 0.012061293 
285 460 6 15 0.012058493 
631 798 9 19 0.012045294 
458 781 11 28 0.012040328 
306 24 19 32 0.012036348 
627 417 9 20 0.012030135 
663 808 15 26 0.012029749 
300 547 6 16 0.012025512 
78 630 11 24 0.012017707 
743 823 13 23 0.012015222 
762 136 5 17 0.012008303 
448 807 9 26 0.012001888 
588 782 15 31 0.01199966 
99 458 15 39 0.011993251 
287 446 4 14 0.011982882 
975 712 8 16 0.011977519 
949 524 27 51 0.011975975 
809 569 10 20 0.011954429 
389 36 10 29 0.011952784 
40 241 11 32 0.011941138 
221 161 8 20 0.011933089 
705 542 11 16 0.011932775 
604 61 9 32 0.011927497 
144 673 7 15 0.01192366 
626 774 12 22 0.011922367 
910 580 11 23 0.011918756 
967 40 6 27 0.011918594 
645 445 7 14 0.0119167855 
194 479 10 19 0.011911396 
346 619 14 25 0.011911157 
328 507 5 15 0.011909881 
327 423 4 11 0.011904449 
782 635 8 17 0.011904304 
339 563 5 11 0.011903351 
209 473 9 14 0.011896875 
361 53 13 27 0.011889619 
52 179 10 26 0.011888934 
677 87 15 17 0.01187683 
403 753 6 13 0.011857898 
291 61 64 96 0.011849966 
880 667 15 28 0.011846258 
397 502 15 23 0.011844641 
876 285 9 28 0.011843983 
1001 822 9 28 0.011842319 
52 101 12 32 0.0118374545 
417 345 5 12 0.011837215 
911 297 9 23 0.0118258195 
594 404 8 21 0.011816433 
592 499 6 14 0.01181487 
811 516 9 19 0.011813498 
368 760 38 53 0.011807195 
590 761 13 24 0.0118007315 
921 277 12 31 0.011792447 
209 312 6 17 0.011788654 
3 638 7 20 0.011784071 
565 536 14 30 0.011773738 
225 83 7 22 0.011771285 
732 137 7 14 0.0117632225 
549 774 16 37 0.011755808 
361 80 11 23 0.011750447 
899 460 5 16 0.011747712 
734 202 8 18 0.011738377 
554 388 9 27 0.011732001 
614 209 67 102 0.01173043 
145 258 10 22 0.011724968 
492 627 6 15 0.011717026 
604 378 9 21 0.011714674 
64 627 12 26 0.011710468 
705 331 11 32 0.0117088845 
159 674 7 14 0.01170038 
89 448 13 35 0.011699712 
425 523 8 15 0.011695402 
654 377 10 19 0.011692135 
847 235 8 21 0.011689804 
978 54 6 26 0.011688679 
168 271 10 24 0.011685022 
194 327 8 20 0.011672671 
69 362 8 21 0.011670709 
793 422 13 32 0.011663654 
285 640 15 30 0.011662037 
170 508 7 17 0.011649662 
338 365 6 15 0.011646345 
783 452 9 24 0.011646188 
614 509 9 18 0.011644095 
131 9 25 55 0.011639997 
389 534 9 15 0.011633454 
386 124 8 16 0.011628734 
257 126 66 99 0.011628373 
222 277 8 18 0.011628295 
108 535 8 17 0.011628127 
427 716 7 15 0.01162719 
707 800 13 18 0.0116249155 
469 458 6 11 0.011619005 
909 785 10 9 0.011618912 
68 662 8 16 0.0116177015 
195 136 7 21 0.01161347 
1016 260 9 22 0.011605706 
731 305 12 32 0.011598947 
671 436 5 10 0.011598236 
67 648 8 18 0.01159015 
650 131 16 30 0.011588265 
390 471 6 11 0.011587648 
581 456 6 14 0.011585915 
287 740 4 15 0.011584234 
863 343 7 16 0.01158198 
33 101 29 76 0.011577581 
315 551 4 12 0.01157505 
659 422 6 13 0.011572802 
91 87 11 29 0.011569748 
476 543 8 18 0.011549394 
15 520 11 23 0.011546597 
759 164 6 16 0.011543253 
384 95 9 20 0.01153775 
248 285 8 23 0.011537656 
655 73 9 15 0.011532226 
127 754 11 31 0.011529889 
130 547 10 14 0.011525499 
643 808 10 25 0.011519258 
365 446 6 14 0.011513672 
316 167 81 127 0.011509875 
511 778 14 34 0.0115085775 
388 765 10 19 0.011496763 
248 686 10 16 0.011494904 
30 345 9 29 0.011486905 
743 585 11 15 0.011485031 
151 207 14 27 0.0114663495 
595 392 8 20 0.0114641115 
788 55 6 19 0.011457644 
617 296 12 29 0.011455021 
756 272 10 24 0.011443347 
393 542 15 24 0.011442938 
975 356 12 33 0.011437285 
260 345 7 13 0.0114292 
21 438 178 215 0.011420368 
1002 81 7 25 0.011418522 
500 756 10 26 0.01140639 
237 146 32 80 0.011401272 
314 585 7 13 0.011400305 
152 47 13 30 0.011393773 
373 356 9 24 0.011390932 
728 600 10 12 0.011389127 
376 377 6 19 0.011385654 
975 727 9 16 0.011380815 
870 532 38 68 0.011379597 
569 336 29 87 0.01137737 
220 147 9 24 0.011365449 
314 742 4 15 0.01136525 
989 715 7 14 0.011364592 
83 552 59 66 0.011352394 
817 502 13 26 0.011345375 
731 520 9 16 0.011339551 
603 392 8 20 0.011338358 
461 771 10 24 0.011321753 
410 156 9 26 0.011306481 
360 587 12 33 0.011304807 
152 6 14 24 0.011299385 
876 263 6 18 0.011297642 
910 234 8 23 0.011289969 
94 676 7 14 0.011289373 
179 583 9 16 0.01127953 
142 225 12 23 0.01127777 
744 813 12 19 0.011276117 
734 341 8 22 0.011273035 
431 48 15 38 0.011270791 
505 732 6 14 0.011266749 
819 446 12 35 0.0112632485 
301 765 5 14 0.011261135 
652 682 11 23 0.011255874 
329 24 20 30 0.011254607 
802 264 26 78 0.011254346 
184 263 8 18 0.01125398 
90 407 36 88 0.011239727 
529 621 8 18 0.011232618 
339 548 5 13 0.011232564 
370 40 11 26 0.011231284 
158 520 7 18 0.011218032 
105 82 8 20 0.011212638 
192 610 9 15 0.0112085035 
829 763 18 21 0.011201983 
209 136 7 20 0.011199978 
362 140 10 17 0.011192282 
234 289 7 16 0.01118671 
389 69 8 21 0.011186083 
289 781 4 10 0.011183851 
486 763 13 31 0.011175265 
417 428 7 20 0.011174913 
323 740 6 18 0.01115943 
670 519 9 15 0.011150126 
840 716 49 63 0.011143278 
1003 300 9 23 0.0111411875 
326 446 5 12 0.011141125 
896 328 14 37 0.011137541 
783 714 11 15 0.01113708 
799 277 6 18 0.011133373 
542 616 12 26 0.011131834 
127 559 12 18 0.011122905 
901 446 5 14 0.0111211175 
901 430 5 14 0.011113625 
234 58 9 24 0.0111077735 
145 561 10 16 0.011102003 
220 475 8 13 0.011096675 
814 236 7 18 0.011087882 
558 484 6 18 0.011079519 
2 725 6 21 0.011078553 
1000 836 10 33 0.011075846 
1007 712 29 58 0.011075347 
594 444 7 16 0.011058302 
779 823 13 24 0.011049555 
385 111 8 16 0.011049065 
758 792 9 12 0.011048503 
3 477 7 27 0.011042033 
989 828 35 101 0.011039045 
607 435 6 13 0.011025821 
866 698 20 22 0.011022176 
895 -113 147 97 0.0110211205 
888 147 7 25 0.011019821 
963 329 7 18 0.011012621 
898 671 11 24 0.0110092405 
743 271 9 27 0.011004004 
345 244 11 24 0.011001024 
934 833 11 31 0.010992021 
613 45 13 41 0.010991774 
535 334 16 51 0.010985441 
184 490 9 23 0.010979903 
375 17 82 131 0.010973091 
300 483 7 15 0.010970117 
457 492 16 21 0.010968089 
809 662 6 15 0.0109542245 
102 46 13 32 0.01095222 
848 250 7 20 0.010946786 
833 218 9 27 0.010944867 
523 29 27 90 0.010921523 
246 644 8 19 0.010920808 
948 465 28 75 0.010917563 
476 625 8 16 0.0109089585 
647 624 6 14 0.010897516 
954 329 6 16 0.010892753 
396 554 12 21 0.010892485 
558 497 6 18 0.0108898645 
641 82 9 20 0.010881866 
14 534 10 21 0.010879669 
965 315 7 18 0.010878274 
733 532 8 16 0.010869617 
18 55 33 79 0.010867182 
143 520 8 19 0.010864348 
928 400 5 8 0.010863968 
652 124 12 20 0.01085372 
480 139 22 74 0.010852979 
848 342 8 16 0.010845185 
184 425 9 24 0.010835444 
640 44 13 37 0.010821542 
160 517 33 63 0.010818 
326 493 6 17 0.01081275 
774 757 9 11 0.010800663 
411 552 11 21 0.010798826 
76 196 132 250 0.010792622 
595 695 7 16 0.010791146 
197 524 7 12 0.010785687 
349 481 10 22 0.010783275 
565 581 11 20 0.010782167 
720 782 8 12 0.010769307 
586 362 39 86 0.010767792 
257 651 13 25 0.010766944 
290 766 4 12 0.010765163 
513 172 92 140 0.010765091 
717 334 11 30 0.010752693 
236 277 7 18 0.01074708 
157 633 9 17 0.010732297 
617 494 7 19 0.010718464 
327 521 5 13 0.010711378 
592 731 7 13 0.010708362 
-2 -121 230 104 0.010700438 
152 116 13 40 0.010696554 
27 571 9 17 0.010695019 
158 648 9 19 0.01068586 
692 541 12 18 0.010675316 
41 797 9 20 0.0106752245 
626 295 34 66 0.01067168 
887 273 9 25 0.010670527 
645 417 7 16 0.010667221 
987 298 8 23 0.010649658 
78 97 29 75 0.0106447395 
357 -5 37 67 0.0106416065 
289 794 6 10 0.010630647 
223 314 6 16 0.010630392 
31 542 12 19 0.010629267 
900 742 7 14 0.010626631 
631 523 8 15 0.010622726 
899 819 34 92 0.010614752 
691 87 10 15 0.010609244 
337 738 8 20 0.010608678 
338 724 8 19 0.010605696 
681 329 189 186 0.010599358 
55 383 11 31 0.010594118 
486 320 13 51 0.010587443 
989 730 9 15 0.010582604 
234 259 9 25 0.010582473 
301 754 4 13 0.010581386 
140 7 14 23 0.010580587 
720 684 11 22 0.010580448 
2 545 7 19 0.010578067 
10 240 31 86 0.010575122 
783 649 8 16 0.010573392 
1017 278 8 18 0.010570438 
312 446 5 13 0.010567825 
344 810 12 19 0.010561765 
964 763 8 15 0.010561336 
376 393 7 20 0.0105510615 
458 716 14 24 0.0105431285 
170 660 8 15 0.010541185 
221 615 7 11 0.010539265 
709 473 5 12 0.010537764 
39 598 9 16 0.010537112 
631 510 7 15 0.010536008 
637 130 60 95 0.010535269 
682 275 37 87 0.010532286 
583 324 27 78 0.010528679 
707 599 10 13 0.010527109 
742 55 9 21 0.010526622 
164 205 12 28 0.010517791 
423 533 9 15 0.010514918 
253 83 15 29 0.010511743 
599 783 19 39 0.010508047 
259 376 6 18 0.010498815 
13 80 11 29 0.0104857255 
756 599 13 17 0.010483163 
461 809 9 26 0.010481516 
984 751 12 16 0.010471082 
757 806 8 12 0.010466329 
726 194 34 82 0.010463535 
672 480 10 20 0.010461708 
29 766 8 17 0.010461698 
389 506 10 17 0.01045822 
300 742 5 14 0.010456685 
707 587 10 14 0.0104409475 
769 813 11 20 0.010431546 
181 622 10 14 0.01040913 
924 308 10 25 0.010404581 
498 324 13 46 0.010403728 
231 237 12 24 0.010384193 
192 77 10 29 0.010383389 
7 317 29 100 0.010379063 
569 678 8 13 0.010371029 
674 343 16 32 0.010365329 
223 69 8 25 0.010361251 
766 605 14 22 0.010360713 
924 782 9 11 0.010353933 
819 772 17 28 0.010351833 
817 759 15 21 0.01034463 
316 710 6 18 0.010336813 
358 41 13 26 0.010335916 
985 431 9 15 0.010334111 
358 798 13 18 0.010329308 
209 600 7 13 0.010328395 
451 211 7 22 0.010325813 
846 546 33 61 0.010324379 
875 275 8 23 0.01031652 
757 256 10 26 0.010315405 
52 75 12 32 0.01030989 
360 361 8 20 0.010309195 
373 158 10 21 0.010303987 
713 822 17 24 0.010303946 
48 719 15 36 0.010302479 
75 608 10 22 0.010300806 
255 48 13 31 0.010298192 
780 607 12 18 0.010293312 
264 633 18 36 0.010285189 
29 297 11 30 0.010271816 
655 716 9 15 0.010260042 
247 633 8 19 0.010244811 
823 235 7 19 0.010234236 
973 763 12 16 0.010219978 
884 845 11 31 0.010218416 
937 794 8 10 0.010208341 
793 732 49 65 0.010198459 
337 763 8 16 0.010193705 
755 637 10 16 0.010193219 
428 472 6 13 0.010193205 
282 681 11 21 0.010192483 
644 97 9 18 0.01018703 
415 712 6 21 0.010180128 
105 517 9 18 0.010164667 
42 787 9 19 0.010162157 
618 378 7 19 0.010157535 
52 644 10 22 0.010156045 
910 68 9 26 0.010148991 
608 125 57 90 0.010146682 
388 379 6 18 0.0101446705 
422 781 11 23 0.010142544 
708 785 6 11 0.010141166 
259 763 8 16 0.010139893 
307 26 43 69 0.010138639 
719 102 7 14 0.010134286 
591 431 9 19 0.010132621 
122 105 29 85 0.010122745 
398 583 9 21 0.010121016 
632 636 6 16 0.010110544 
696 38 9 28 0.010110196 
878 823 31 91 0.010108106 
883 738 10 18 0.010106999 
492 83 6 21 0.010105773 
659 -3 33 87 0.010103633 
923 324 10 23 0.010101295 
143 385 11 36 0.010098273 
632 625 6 15 0.010091677 
324 38 49 82 0.010086058 
444 674 18 32 0.010085592 
603 35 11 39 0.0100850165 
594 378 8 22 0.010067518 
1004 752 7 14 0.010065587 
356 21 17 31 0.010064561 
406 503 12 22 0.010058101 
300 459 6 15 0.010056431 
629 661 9 16 0.010039831 
962 223 9 19 0.010029779 
929 409 5 9 0.01002813 
439 498 7 14 0.010028084 
522 671 13 21 0.010024732 
29 554 10 20 0.010022594 
178 103 12 30 0.010022338 
674 424 4 10 0.010015485 
64 75 13 30 0.010015027 
557 469 6 18 0.010014006 
352 305 6 14 0.010011322 
141 648 10 20 0.010009383 
772 786 11 18 0.010006077 
966 302 6 18 0.010005169 
