32_Worker_Laborer_Worker_Laborer_32_786
683
472 516 199 240 0.99970967 
-477 -75 518 755 0.07407319 
614 1943 22 63 0.05642871 
1053 -190 484 903 0.05018226 
694 331 316 425 0.04860949 
565 159 21 63 0.042641047 
963 2041 13 29 0.039105117 
539 290 20 71 0.03869637 
576 444 156 275 0.03860618 
524 306 12 42 0.036010843 
1389 777 242 642 0.03438523 
1380 101 245 955 0.034277227 
491 433 16 53 0.034204222 
370 189 9 20 0.033452176 
893 1762 6 22 0.0332445 
582 130 34 89 0.033199232 
660 618 15 48 0.032702398 
326 779 26 54 0.032625843 
388 705 17 35 0.031754628 
349 239 8 24 0.030865747 
9 1684 5 19 0.030534998 
370 170 8 17 0.030147895 
994 2036 12 30 0.029771192 
921 1733 7 24 0.02955652 
30 1712 7 18 0.029377928 
371 335 10 33 0.029264506 
895 1730 6 23 0.028807543 
494 418 12 35 0.028708765 
372 316 8 28 0.028501673 
808 2036 11 26 0.028489409 
670 616 13 46 0.028428052 
368 244 8 22 0.028415857 
391 366 9 37 0.028269202 
283 181 22 36 0.028186033 
204 134 19 25 0.028139168 
526 286 10 34 0.028014492 
9 1711 6 19 0.02781399 
371 451 8 26 0.027699701 
963 2056 16 37 0.027691169 
559 188 178 324 0.02761934 
658 603 12 36 0.027530132 
371 261 7 24 0.027501542 
474 242 7 18 0.027430331 
163 1897 7 15 0.027414454 
158 232 12 36 0.027365293 
650 1923 18 57 0.027185658 
607 20 16 39 0.027185237 
730 2034 11 30 0.027003525 
408 705 19 38 0.026942309 
329 897 21 72 0.026932215 
311 904 15 51 0.026817357 
369 384 11 43 0.02681027 
527 218 7 20 0.026526649 
392 388 10 36 0.026523398 
370 365 10 38 0.026519341 
29 1844 8 15 0.026386797 
768 1292 9 22 0.026071304 
521 330 13 44 0.02545178 
393 313 8 29 0.025252255 
675 1924 22 58 0.025184777 
372 295 7 22 0.024582062 
10 1655 5 21 0.02453662 
303 185 16 30 0.024513712 
547 212 10 27 0.02446422 
30 1683 7 20 0.024462769 
388 891 24 85 0.02439139 
304 201 17 41 0.024375804 
448 244 7 17 0.0243352 
424 195 7 15 0.024203954 
390 687 12 24 0.024104727 
651 1972 18 57 0.024011498 
425 148 6 15 0.023947086 
356 780 17 39 0.02391597 
528 240 7 20 0.023839245 
669 121 23 63 0.023730109 
388 339 8 33 0.023687487 
452 221 7 15 0.023639947 
472 222 7 15 0.023578664 
477 141 7 15 0.023543898 
9 1791 6 16 0.02353129 
343 212 8 21 0.023527864 
501 369 8 26 0.023459649 
476 446 9 30 0.023351803 
599 1946 24 63 0.02328128 
477 169 7 14 0.023150787 
991 2058 16 44 0.023147054 
733 306 10 41 0.022890415 
30 1657 6 19 0.022751981 
973 1367 6 23 0.022670029 
185 1897 7 16 0.022557776 
21 75 11 42 0.022475097 
944 414 13 43 0.022425918 
555 177 12 31 0.022306778 
342 191 8 19 0.02228498 
616 6 18 37 0.02220617 
682 57 10 24 0.022199657 
341 167 8 17 0.022184415 
947 2044 10 23 0.022165844 
370 214 7 20 0.022034809 
28 1816 8 15 0.02199011 
528 264 8 24 0.021988416 
734 329 10 44 0.021977399 
614 245 63 198 0.02197713 
425 394 8 29 0.021957694 
502 170 7 14 0.021956414 
57 1737 7 18 0.021933557 
998 1289 7 28 0.021927904 
523 193 8 17 0.021924326 
575 130 13 32 0.021887166 
103 2040 12 27 0.02181436 
554 163 9 23 0.021670451 
941 2064 14 29 0.021581601 
366 839 12 30 0.021564389 
839 2043 8 22 0.02151306 
416 684 13 28 0.021505006 
9 1738 6 17 0.021443022 
9 1765 7 17 0.021436462 
476 195 6 14 0.02141574 
502 219 7 17 0.021396942 
1000 1760 6 19 0.02132397 
789 2039 9 23 0.021306353 
448 579 10 32 0.021305589 
9 1628 6 23 0.021299893 
315 165 12 19 0.021273933 
291 964 9 37 0.021271205 
389 547 9 26 0.021241356 
55 2041 9 27 0.021134 
808 2019 12 24 0.021097394 
29 1794 7 14 0.021044055 
502 346 9 26 0.020988435 
1294 1158 360 924 0.020966867 
418 662 11 24 0.020771077 
546 258 12 39 0.020719672 
999 1076 8 31 0.02064584 
362 806 14 32 0.020601954 
810 1990 10 22 0.020534808 
733 1966 9 25 0.020523034 
348 261 7 23 0.020502249 
391 192 7 17 0.020442113 
549 142 9 19 0.020409307 
496 399 10 27 0.020339975 
675 604 9 31 0.020328593 
805 2062 15 35 0.020307709 
345 318 8 25 0.02030044 
468 544 13 42 0.020262972 
552 1934 45 86 0.020199351 
737 366 9 34 0.020156834 
922 1757 7 23 0.020101324 
503 193 7 15 0.020079251 
398 146 7 16 0.020017046 
705 2037 10 30 0.020004628 
394 418 9 30 0.019988902 
946 1367 6 22 0.01997858 
424 166 7 15 0.01997817 
520 362 12 35 0.019934911 
676 2030 14 38 0.019880649 
84 1712 7 15 0.019871145 
-667 1574 689 666 0.01966336 
397 294 6 22 0.019648958 
835 491 12 36 0.019640185 
42 182 389 421 0.019622874 
976 1761 6 19 0.019615654 
891 17 13 35 0.019567916 
498 244 7 18 0.019548053 
677 309 13 53 0.019545926 
372 478 8 23 0.019529413 
999 1711 6 17 0.019481981 
501 261 8 21 0.019445997 
58 1712 6 16 0.019404884 
426 248 6 15 0.019354858 
24 1550 11 30 0.019337686 
881 375 24 65 0.019327844 
338 367 13 40 0.019305775 
392 862 15 42 0.01926903 
674 2059 17 46 0.019210363 
762 2042 8 22 0.019193076 
998 1784 6 19 0.019175159 
973 947 6 24 0.01916917 
10 1569 9 32 0.019157642 
896 1706 7 23 0.019018883 
395 169 7 17 0.018988509 
446 595 12 39 0.018985495 
164 1916 6 15 0.018939015 
474 467 10 36 0.018933553 
310 885 12 41 0.018862091 
347 294 6 24 0.018861223 
316 709 8 26 0.018831966 
480 421 7 26 0.01882629 
474 262 7 19 0.018824987 
761 365 10 37 0.01857755 
57 1763 7 15 0.018504024 
997 1367 7 25 0.018488958 
29 1893 10 17 0.018409 
22 625 9 39 0.01837755 
106 648 8 37 0.018284729 
19 1483 15 44 0.01826386 
130 232 11 34 0.018242113 
998 1126 9 36 0.01821506 
562 266 23 70 0.018204952 
623 703 18 42 0.01815713 
999 1444 8 28 0.018131938 
79 54 10 30 0.01812399 
708 366 9 34 0.01809471 
426 584 8 23 0.018065503 
369 685 9 22 0.018056113 
504 293 8 22 0.018044017 
54 1862 11 16 0.018021863 
789 1995 9 20 0.018014716 
312 962 13 53 0.01796392 
976 969 7 25 0.017944634 
706 311 10 39 0.017869992 
-512 291 21 90 0.017843856 
893 1785 7 22 0.01779377 
339 741 10 24 0.017779175 
82 1737 7 16 0.017724274 
949 1735 6 20 0.017703185 
627 1917 10 29 0.017694809 
479 398 7 24 0.017679848 
10 1816 7 15 0.017673777 
473 294 7 20 0.01764935 
997 972 7 26 0.017603878 
732 235 13 28 0.017547948 
30 1630 7 20 0.017537912 
764 1970 10 23 0.017536024 
758 -75 267 386 0.017482918 
706 128 10 34 0.017458756 
292 688 8 28 0.017445117 
452 554 8 25 0.017432567 
368 705 12 29 0.017311709 
-211 13 1111 2192 0.017310847 
283 166 15 20 0.017297566 
684 384 10 34 0.017262237 
674 642 13 43 0.01725817 
788 2020 10 22 0.01722519 
159 212 11 31 0.017222298 
785 1970 10 20 0.017212745 
342 339 11 31 0.017202247 
426 221 7 15 0.017157352 
213 36 18 49 0.017139493 
666 148 157 261 0.017139342 
605 1930 14 37 0.017130835 
652 281 20 66 0.017122136 
126 2064 13 35 0.017090147 
265 988 471 594 0.01706706 
760 331 10 43 0.017049663 
25 1567 11 34 0.01704468 
1002 1339 6 28 0.017032634 
449 421 7 25 0.017014075 
998 1099 8 34 0.01699763 
399 268 6 18 0.016979164 
396 249 6 16 0.016949223 
371 412 9 34 0.016903214 
426 606 8 24 0.016863275 
709 55 9 27 0.01681766 
450 198 6 13 0.016815476 
740 49 10 33 0.016804095 
999 1050 8 31 0.016803397 
425 420 8 27 0.01678826 
1000 993 7 31 0.016776223 
133 1946 7 15 0.01676968 
29 1766 7 15 0.016768863 
999 1310 7 31 0.016756665 
998 1418 7 26 0.01670144 
31 1737 7 16 0.016688561 
85 1760 7 18 0.016668947 
732 1989 10 28 0.016653573 
547 239 10 29 0.016603654 
110 1944 7 16 0.016600057 
998 1233 8 34 0.01652176 
973 1392 6 22 0.016510312 
82 1943 7 17 0.01646582 
915 1706 7 22 0.016376665 
424 368 8 30 0.01636386 
973 1420 6 24 0.016349664 
997 1258 7 31 0.016342659 
375 546 9 27 0.016339118 
269 994 7 32 0.016336298 
362 763 14 32 0.016310118 
59 1686 6 16 0.016276682 
132 186 12 32 0.01626947 
504 318 8 25 0.016267912 
394 450 8 25 0.016265204 
394 1866 10 30 0.016264929 
565 223 22 58 0.0162446 
469 529 10 32 0.01623436 
891 51 15 42 0.016231848 
529 144 7 15 0.016165609 
423 448 8 24 0.016148735 
55 1846 7 13 0.016124487 
950 1757 6 21 0.01611136 
135 1921 7 13 0.016029252 
127 204 13 34 0.016009334 
368 731 13 31 0.015915606 
552 50 181 244 0.015887897 
149 2 21 43 0.01588295 
265 1558 7 16 0.01582053 
594 102 19 42 0.015809262 
996 1153 8 32 0.015793763 
464 556 21 64 0.015787495 
678 355 14 50 0.015758226 
10 1845 6 15 0.015755136 
54 942 8 38 0.01573428 
369 581 8 23 0.01572017 
838 2065 11 28 0.015696606 
739 81 8 24 0.015614268 
27 1341 8 28 0.01560226 
1000 1735 6 20 0.015597771 
672 1975 20 53 0.015588276 
30 1867 8 14 0.015561607 
448 168 7 14 0.01556 
288 937 9 39 0.015554408 
422 630 9 26 0.015542482 
653 58 11 25 0.015527763 
7 1602 7 24 0.015509108 
103 2066 14 32 0.01549926 
132 126 13 33 0.015496052 
98 76 15 33 0.015473552 
975 1736 6 19 0.015465797 
899 64 17 50 0.0154420575 
654 375 14 48 0.0154110305 
309 786 20 41 0.015398649 
871 1766 6 20 0.015320406 
654 79 13 29 0.015297 
476 371 8 24 0.015278539 
32 1920 8 15 0.015273589 
315 742 8 21 0.015247269 
6 622 8 40 0.015242137 
364 856 16 47 0.015193658 
224 26 15 37 0.015183942 
342 707 9 26 0.015172024 
917 1679 7 21 0.015168761 
449 400 7 24 0.01516788 
449 147 6 14 0.015167821 
991 2021 12 25 0.015161984 
-512 341 22 94 0.0151420515 
309 361 17 45 0.015037176 
705 239 12 28 0.015015595 
700 2061 14 40 0.014995902 
997 1391 7 25 0.014989282 
624 382 16 48 0.014988636 
226 140 16 20 0.014939547 
127 2046 10 27 0.014938664 
185 1915 7 16 0.014935099 
546 387 20 42 0.014902226 
20 52 11 37 0.014892101 
683 428 8 22 0.014859971 
731 2011 12 34 0.0148282 
-555 1092 275 461 0.014826015 
856 376 20 62 0.014821042 
391 1881 13 41 0.01475964 
980 105 9 22 0.014682323 
729 2060 14 40 0.01466679 
518 396 15 35 0.014661877 
415 1885 11 38 0.014636218 
135 1898 7 13 0.014586868 
513 413 21 47 0.014576324 
989 104 13 25 0.014563569 
947 1391 7 25 0.014559 
102 57 11 30 0.014555224 
902 379 18 50 0.014546514 
284 138 15 17 0.014536018 
335 832 13 32 0.014479963 
7 1332 8 42 0.014454591 
837 471 13 36 0.014410218 
893 2044 9 22 0.014388469 
372 500 7 25 0.014386373 
545 355 17 51 0.014381329 
963 414 12 44 0.014371005 
108 681 8 31 0.014320557 
28 231 11 28 0.0143092 
8 1486 12 39 0.014284747 
646 308 24 93 0.01426252 
26 2040 9 29 0.014253044 
-512 241 20 87 0.014162802 
569 387 21 42 0.0141321635 
665 525 9 35 0.014130305 
864 636 9 28 0.0141069535 
129 4 16 35 0.014090206 
524 168 7 16 0.014089862 
756 2065 12 32 0.014077029 
783 361 13 43 0.014058881 
338 769 14 27 0.014054994 
999 1020 9 35 0.01403888 
972 1233 7 29 0.014037732 
384 773 22 47 0.0140370075 
977 1784 6 20 0.01403566 
732 284 12 35 0.01402181 
369 148 7 16 0.0140177775 
5 1922 6 15 0.014012702 
4 1441 8 31 0.014010884 
214 1894 7 16 0.014004048 
394 218 7 16 0.014003693 
704 146 11 44 0.0139924 
472 497 10 34 0.013991083 
764 1995 9 21 0.013987999 
-29 1537 11 51 0.013982586 
-508 1942 25 76 0.013977972 
498 143 7 16 0.013973793 
9 1545 8 31 0.013967934 
373 531 8 23 0.013929566 
766 631 8 23 0.01391277 
52 2064 13 37 0.013863721 
340 1557 7 18 0.013851646 
908 99 12 33 0.0138510065 
660 578 9 27 0.013836829 
26 165 8 23 0.013807139 
391 536 7 20 0.013777601 
268 969 7 32 0.013731958 
918 1651 9 22 0.01372705 
490 476 20 60 0.013709458 
394 665 8 21 0.013699056 
679 85 11 22 0.013684379 
362 897 23 73 0.0136836665 
974 1259 7 30 0.013665651 
390 839 15 31 0.013649823 
78 20 13 42 0.013624475 
676 285 13 43 0.013622989 
1030 -8 491 283 0.013617332 
470 728 17 40 0.013614571 
709 85 8 22 0.013600005 
57 51 10 33 0.013593974 
324 1555 6 18 0.013580827 
763 609 8 22 0.0135219805 
577 112 12 27 0.013510473 
211 1869 8 16 0.013505199 
596 384 20 46 0.013502926 
612 118 30 59 0.01347943 
387 579 9 25 0.013467763 
81 1688 7 15 0.013467389 
81 2043 9 24 0.0134462835 
665 555 8 26 0.013439038 
708 252 12 30 0.013417583 
710 111 8 26 0.013369721 
317 691 7 24 0.013359058 
736 1560 8 13 0.01335109 
156 185 11 29 0.013345073 
607 8 14 29 0.013335898 
448 263 7 19 0.013334054 
131 160 12 29 0.013291625 
58 1657 7 18 0.013290923 
883 333 18 46 0.013254871 
765 1239 8 28 0.013248616 
-29 1485 11 50 0.01324327 
764 2020 9 22 0.013226488 
782 1285 15 38 0.013161033 
448 618 15 42 0.013156756 
100 92 16 40 0.013138602 
23 605 9 36 0.013116258 
206 157 15 24 0.013107823 
421 553 8 22 0.013080594 
435 705 19 38 0.013074058 
185 1870 8 15 0.013063442 
160 1871 8 14 0.013044693 
914 2067 14 29 0.012995181 
552 118 9 21 0.012966066 
344 1571 7 20 0.012962002 
682 581 7 21 0.012949988 
644 125 33 90 0.012926794 
369 664 8 22 0.012905668 
652 2032 14 39 0.012901015 
998 1680 7 20 0.012874204 
77 2066 12 33 0.012873494 
999 1183 7 30 0.012861786 
162 1946 7 16 0.012849199 
442 2062 15 37 0.0128406985 
944 390 10 34 0.012827518 
908 331 16 44 0.012806732 
893 1814 7 19 0.012782394 
268 1029 7 28 0.012755416 
814 1970 10 21 0.012713751 
10 166 7 24 0.012681065 
386 747 21 46 0.012672532 
132 1972 8 16 0.012672489 
656 421 10 30 0.012636902 
602 1917 11 27 0.012563713 
106 127 13 34 0.01254791 
30 1510 12 35 0.012519701 
344 687 8 23 0.012489729 
105 20 13 38 0.012485354 
709 393 8 28 0.012442592 
604 48 15 33 0.012433829 
652 2058 16 46 0.012431417 
760 1577 9 17 0.012423095 
526 116 8 20 0.012414335 
106 624 9 37 0.012400254 
313 863 11 32 0.012398508 
995 7 11 24 0.012398082 
80 1922 8 15 0.012389386 
107 1971 8 17 0.012372301 
763 1307 11 25 0.012340214 
710 631 8 25 0.012327643 
517 2058 20 46 0.012323883 
732 257 11 29 0.012307932 
1012 2056 15 48 0.012278335 
996 949 6 25 0.012276473 
865 606 9 33 0.012232625 
678 108 14 34 0.012214598 
292 991 8 37 0.012198637 
-27 1567 11 49 0.012176502 
863 2047 8 20 0.012149769 
320 1573 8 19 0.012149608 
-25 1595 9 41 0.012146519 
764 1156 8 26 0.01214196 
785 2065 13 31 0.012133606 
571 358 19 48 0.012130885 
399 115 7 22 0.012123401 
4 825 13 50 0.012099268 
336 859 14 40 0.012025393 
7 785 10 30 0.012017061 
711 288 10 31 0.012001696 
761 387 10 35 0.011992088 
972 1154 9 31 0.011987027 
706 1958 13 34 0.011982407 
974 1289 7 27 0.011972004 
684 559 6 21 0.011969443 
266 1571 9 19 0.011965371 
357 802 419 312 0.011963337 
289 917 9 33 0.011952052 
450 369 8 25 0.011949203 
973 1709 7 19 0.01193599 
229 159 15 22 0.011917908 
619 2057 18 50 0.011899281 
655 465 15 61 0.011848475 
317 319 9 25 0.011833395 
84 682 7 27 0.011827999 
312 145 12 15 0.011817345 
343 449 9 28 0.011815192 
894 1681 9 23 0.011809119 
563 416 31 48 0.011803801 
971 1345 7 23 0.011789787 
687 107 302 413 0.011780985 
996 1201 8 33 0.011766948 
4 676 9 41 0.01174692 
52 132 9 27 0.011739399 
452 448 7 25 0.01173785 
645 97 23 46 0.011737175 
591 415 25 43 0.0117176995 
666 441 181 261 0.01170931 
52 1896 10 15 0.01169991 
602 82 13 27 0.011678349 
240 1559 7 15 0.011654746 
111 1685 6 16 0.01164347 
158 289 11 41 0.011633876 
839 1989 9 22 0.011632988 
449 651 14 34 0.011627628 
7 1356 8 39 0.011620089 
422 266 7 18 0.01161803 
759 308 10 40 0.0116173625 
781 381 14 47 0.011573342 
134 598 9 38 0.0115338955 
588 213 28 67 0.011527747 
84 943 7 33 0.011517732 
109 1923 7 14 0.011508144 
313 1015 10 37 0.011491471 
58 1339 6 22 0.011484004 
842 607 9 32 0.011477067 
919 1787 7 22 0.011463149 
232 8 12 23 0.011462646 
264 1078 7 23 0.011441254 
108 159 11 28 0.011430408 
318 292 9 27 0.011429093 
215 8 12 24 0.011379371 
997 653 10 26 0.011359347 
309 832 12 33 0.011356386 
440 679 16 31 0.011348627 
708 1982 12 34 0.011327668 
83 76 11 30 0.011278861 
-22 1625 8 34 0.011260233 
975 998 7 26 0.011250304 
946 1343 7 23 0.011243056 
155 41 20 49 0.011236945 
948 633 8 28 0.011234483 
567 322 21 57 0.011228959 
806 355 15 47 0.01122871 
870 1784 6 22 0.011221508 
369 602 8 25 0.011220253 
698 1930 18 43 0.01121857 
55 102 10 30 0.011211612 
56 1630 7 19 0.011195131 
336 989 12 38 0.011193754 
85 967 7 34 0.01117606 
136 648 9 39 0.011160083 
24 1470 11 27 0.0111453645 
8 1941 7 19 0.011143888 
688 238 12 30 0.011141093 
978 87 8 22 0.011125994 
1000 1467 8 29 0.011098249 
24 216 13 26 0.011088056 
972 1684 6 18 0.011081333 
23 122 10 35 0.01107743 
5 802 12 41 0.011076118 
387 805 19 37 0.011046106 
974 1202 7 30 0.010986736 
313 345 13 30 0.0109788785 
133 19 15 38 0.01097336 
293 710 8 27 0.010966138 
86 653 8 33 0.010947013 
808 381 15 50 0.010943637 
708 656 9 27 0.010923341 
-564 -53 268 932 0.010903751 
107 7 13 32 0.010895018 
435 728 19 40 0.010894345 
31 1602 8 23 0.010881399 
455 534 7 22 0.0108718015 
265 1052 8 27 0.010853596 
859 2065 13 27 0.010842029 
942 1652 8 19 0.0108141685 
136 1872 8 13 0.01080574 
869 1816 6 18 0.010803732 
757 1560 7 14 0.010803651 
57 1791 6 15 0.010784771 
422 343 8 27 0.010766136 
499 120 8 19 0.010757963 
1462 1208 66 240 0.010753651 
624 725 15 38 0.010731563 
4 602 8 39 0.010727599 
736 112 7 21 0.010720142 
341 408 12 38 0.010717418 
210 182 13 26 0.01069844 
187 1569 10 21 0.0106887035 
967 389 10 36 0.010634942 
970 7 11 24 0.010634174 
317 655 8 29 0.010625794 
947 55 9 27 0.010606437 
5 1387 8 37 0.01059053 
970 922 6 23 0.010579599 
105 605 9 35 0.01057027 
136 682 8 34 0.0105166435 
57 684 7 26 0.010514392 
682 28 12 31 0.010513528 
53 1523 9 25 0.010497953 
7 1896 7 15 0.010466014 
54 1920 8 15 0.010464809 
623 664 24 48 0.010453908 
836 1970 10 23 0.010430483 
4 698 10 48 0.010429618 
109 715 7 25 0.010429022 
866 1843 6 16 0.010412868 
551 378 85 143 0.01041219 
540 412 27 47 0.010410077 
74 6 14 34 0.01040414 
55 25 11 35 0.010399315 
452 1678 7 28 0.010389535 
783 634 9 23 0.010385363 
8 1463 9 30 0.010384506 
23 648 10 39 0.01037542 
407 740 27 56 0.01036934 
944 603 9 30 0.01036934 
-21 1656 7 27 0.010367775 
498 1162 388 522 0.010364635 
56 1819 7 14 0.010337562 
680 673 13 37 0.010334379 
7 1304 9 44 0.010329693 
476 119 7 18 0.010299046 
998 640 8 25 0.010297701 
683 257 12 32 0.0102924295 
160 138 10 22 0.010282651 
972 1101 9 32 0.010276422 
17 785 14 28 0.010275593 
179 236 12 32 0.010269052 
1023 1712 6 19 0.010236431 
53 1544 9 24 0.010226435 
967 2023 14 23 0.010220601 
109 186 11 28 0.01021372 
419 1867 10 28 0.0102094645 
-519 1920 55 161 0.010179925 
273 1174 29 90 0.010172414 
736 1310 9 24 0.010172126 
705 28 11 33 0.010167124 
865 2 11 27 0.010161915 
866 576 9 31 0.010144681 
82 1343 7 20 0.010140329 
460 322 189 306 0.010131053 
78 101 13 32 0.010117874 
344 1017 9 33 0.010103406 
573 1916 14 33 0.010102345 
1000 1812 7 19 0.010101886 
759 446 10 29 0.010079766 
786 328 13 47 0.010022352 
814 578 8 30 0.010019463 
5 648 9 39 0.010012578 
69 -60 342 320 0.010005878 
838 441 14 40 0.0100045325 
