1_Handshaking_Handshaking_1_357
505
589 194 124 153 0.9984748 
136 100 140 157 0.9979425 
114 519 174 180 0.088459976 
-42 629 287 245 0.07286604 
826 504 8 17 0.06984729 
180 548 192 207 0.05374867 
230 132 93 113 0.047924455 
582 373 6 25 0.046215966 
592 361 6 27 0.04414445 
595 387 5 23 0.04169733 
916 237 4 20 0.041562222 
593 373 6 27 0.041443665 
250 540 106 113 0.040262166 
903 234 4 24 0.040114783 
477 309 6 25 0.038980253 
915 262 4 20 0.03891572 
916 250 4 19 0.03873227 
903 249 4 21 0.037596654 
903 261 4 22 0.03634567 
582 387 6 24 0.036330093 
901 221 6 26 0.03617145 
607 373 6 26 0.03532677 
489 269 7 28 0.034990113 
466 336 6 21 0.033494733 
306 146 130 244 0.03346152 
889 230 6 28 0.033400368 
582 401 5 21 0.032665357 
477 284 6 24 0.032368306 
501 255 8 29 0.031826384 
478 335 5 22 0.031365503 
489 309 7 24 0.03073396 
596 401 5 19 0.030733703 
915 223 5 22 0.03034539 
568 374 6 26 0.03009981 
771 85 147 226 0.029992435 
489 295 7 26 0.029765587 
607 389 6 21 0.029715363 
502 296 8 24 0.02957381 
514 307 8 27 0.029537212 
914 275 5 22 0.029434053 
410 554 8 25 0.029226445 
363 43 6 24 0.028976558 
667 178 81 122 0.028882902 
490 243 6 27 0.028699767 
949 509 14 32 0.028272988 
391 67 6 25 0.028168466 
465 351 6 20 0.027950486 
903 274 4 22 0.027904337 
377 53 6 29 0.027733069 
467 322 6 24 0.027664512 
454 56 5 24 0.027603816 
957 509 13 33 0.027340326 
888 206 6 29 0.027183915 
168 420 193 224 0.026669547 
502 282 7 26 0.026473258 
570 401 6 22 0.026368383 
608 401 5 19 0.026238047 
541 262 6 21 0.02622892 
503 321 7 24 0.026076851 
349 41 7 28 0.02598057 
453 92 5 29 0.025488116 
-4 28 76 170 0.024888728 
960 526 11 25 0.024860444 
278 298 115 134 0.024804216 
453 71 5 22 0.024685767 
978 529 7 23 0.024661498 
16 311 99 129 0.02464656 
270 160 103 140 0.024491694 
570 387 5 24 0.024275476 
203 71 88 119 0.024121251 
543 283 7 25 0.02404296 
391 80 6 26 0.02352913 
532 261 6 21 0.023158269 
914 210 5 23 0.022953441 
69 146 6 23 0.022485953 
555 234 6 25 0.022325447 
515 257 7 26 0.022318823 
418 -143 904 904 0.022275392 
696 -27 211 222 0.022274999 
581 415 5 19 0.02223869 
400 120 6 23 0.02197177 
66 167 9 31 0.02195489 
915 285 5 23 0.021915432 
390 105 6 25 0.021891607 
928 250 4 18 0.021826526 
927 275 4 20 0.021744698 
206 698 333 248 0.021647388 
478 258 6 23 0.021534752 
526 307 9 28 0.021529702 
555 364 6 23 0.021449609 
542 154 6 28 0.021421516 
963 542 9 20 0.021370368 
826 496 7 14 0.021357683 
338 41 7 27 0.021254791 
1 348 33 113 0.021237032 
889 244 5 27 0.021233227 
555 402 7 23 0.021141572 
554 196 7 25 0.021071328 
660 588 5 13 0.02106938 
515 320 7 25 0.020886693 
478 351 6 19 0.02078347 
390 118 6 26 0.020754848 
581 350 6 22 0.020605668 
553 257 8 28 0.02051176 
974 580 8 20 0.020451916 
490 335 6 23 0.020436427 
529 154 6 30 0.020434327 
622 430 4 16 0.02024594 
831 513 10 22 0.02009231 
938 495 7 13 0.02005748 
730 209 11 24 0.019997576 
986 530 7 23 0.019983329 
618 373 7 26 0.019947326 
467 104 6 29 0.019890597 
928 238 4 17 0.019867826 
620 404 5 17 0.019820957 
922 518 7 16 0.019800777 
466 55 6 27 0.019780934 
453 42 7 26 0.01975987 
761 584 6 14 0.019733518 
66 207 9 27 0.019724013 
528 292 8 31 0.019665884 
971 564 10 24 0.019625835 
389 51 7 31 0.019470308 
541 363 6 21 0.01941329 
479 145 6 25 0.019358406 
590 347 8 27 0.01935799 
759 572 7 15 0.01926201 
516 154 7 33 0.019219058 
364 30 6 23 0.019211382 
197 328 178 199 0.019195829 
86 564 12 31 0.01918396 
70 136 5 20 0.019132894 
544 223 5 21 0.019131517 
555 221 6 24 0.01910793 
514 283 8 25 0.019001212 
927 262 5 19 0.018985573 
621 417 4 17 0.018927384 
793 162 15 37 0.018815612 
383 204 14 35 0.018770399 
501 155 8 34 0.018743625 
79 164 10 34 0.01867595 
376 30 6 25 0.018641235 
887 196 6 26 0.018626185 
922 507 7 14 0.018618995 
902 197 5 24 0.018548535 
543 237 5 19 0.018544793 
452 350 7 21 0.018508766 
927 286 4 21 0.018344734 
901 174 5 17 0.01823018 
887 174 5 17 0.01818278 
620 389 5 19 0.018156935 
492 234 6 25 0.018151589 
311 116 9 29 0.018133044 
902 286 4 21 0.018028948 
887 184 5 21 0.01801985 
544 208 6 24 0.018019255 
478 156 6 28 0.017898569 
503 233 6 25 0.017892709 
465 363 6 20 0.017891971 
531 247 6 22 0.017860496 
915 338 5 19 0.017799454 
811 445 5 12 0.017714093 
926 379 5 15 0.01766456 
364 66 6 27 0.017647745 
394 681 355 281 0.017513119 
-30 390 129 240 0.01749002 
8 -185 64 120 0.017454308 
902 185 4 20 0.017350443 
243 206 94 151 0.017338758 
609 416 5 17 0.01723113 
65 190 10 32 0.017135205 
938 504 7 17 0.017054444 
543 250 5 20 0.017003408 
490 155 7 31 0.016999621 
566 350 6 22 0.016925432 
467 71 5 25 0.016909728 
541 352 6 17 0.01686606 
813 378 5 18 0.016640304 
442 58 5 19 0.016560646 
634 402 6 16 0.016553652 
467 299 5 22 0.016500289 
595 416 4 16 0.01648713 
951 493 7 16 0.01647056 
555 386 7 27 0.016390096 
889 259 6 25 0.016341431 
503 336 6 21 0.01630309 
929 222 4 21 0.016262664 
927 340 5 17 0.016254341 
564 231 10 34 0.01623398 
763 415 5 20 0.01622416 
759 370 8 29 0.016217731 
337 26 9 29 0.01605412 
924 494 7 15 0.016002921 
771 370 7 28 0.01592649 
615 361 9 27 0.015923463 
824 511 11 23 0.015845792 
761 400 7 24 0.015819162 
759 559 7 16 0.015778147 
913 495 7 15 0.01574735 
5 634 7 19 0.015742479 
644 587 6 13 0.015705103 
913 173 5 18 0.015591381 
901 162 5 14 0.0155283045 
876 197 6 23 0.01542154 
811 366 6 19 0.015416684 
915 380 5 14 0.015376297 
130 607 9 21 0.015370739 
914 197 4 23 0.015348498 
466 286 5 21 0.015312457 
528 323 7 23 0.0152251115 
540 401 9 25 0.015222279 
321 40 9 31 0.015206734 
328 53 31 104 0.015108447 
927 365 5 18 0.015090958 
914 185 4 19 0.015077811 
554 415 8 22 0.015029218 
998 594 9 24 0.014960333 
912 483 7 15 0.014928521 
140 297 10 29 0.0149282105 
889 162 5 14 0.014911265 
499 576 14 32 0.01490446 
400 106 6 23 0.014893598 
477 79 7 30 0.014876475 
902 337 5 21 0.0148465885 
180 468 12 38 0.014840076 
762 491 5 25 0.014754032 
141 337 11 23 0.014741429 
527 128 8 29 0.014728641 
375 102 7 31 0.014703586 
928 352 4 17 0.014683566 
0 143 81 170 0.014679827 
771 387 7 27 0.014664178 
377 78 5 28 0.014654329 
307 36 11 42 0.014646791 
466 40 6 29 0.014641156 
396 206 11 32 0.014630758 
230 70 11 22 0.014623261 
925 482 7 15 0.014620416 
453 155 6 28 0.014605552 
874 230 7 27 0.0145181995 
-10 485 159 290 0.014429755 
973 515 9 26 0.014397682 
555 350 6 21 0.01434669 
745 371 9 32 0.01434574 
811 433 5 13 0.014298994 
813 402 5 18 0.014283478 
467 156 6 27 0.014187179 
404 555 7 24 0.014131731 
761 386 6 26 0.014096405 
543 193 6 29 0.014087648 
132 597 8 16 0.01408682 
728 198 10 21 0.014082272 
927 327 4 17 0.014045021 
530 234 6 23 0.0140394615 
570 415 6 20 0.014022416 
999 582 8 20 0.014012834 
62 -3 33 94 0.013979786 
764 429 5 17 0.013951105 
903 313 4 17 0.01393013 
365 372 162 237 0.013922784 
320 96 11 39 0.0139057655 
370 210 14 44 0.013881477 
761 444 5 15 0.013845427 
920 528 10 22 0.013842086 
86 86 98 139 0.013811372 
567 194 9 28 0.013796676 
13 294 8 31 0.013786053 
909 530 11 21 0.013774219 
81 145 8 24 0.013763037 
786 658 286 261 0.013759769 
540 176 8 36 0.013744325 
491 351 5 18 0.013744143 
452 362 7 21 0.01374384 
267 90 92 110 0.013725496 
761 502 6 27 0.013711709 
106 57 7 20 0.013686286 
142 606 10 24 0.01363985 
747 401 7 24 0.013618568 
516 234 7 24 0.013609865 
915 325 5 20 0.013588445 
310 135 9 19 0.013583971 
555 337 7 20 0.013556703 
928 299 4 20 0.013552285 
297 104 8 28 0.013516963 
580 425 6 20 0.013515012 
742 221 8 23 0.013509481 
902 297 4 20 0.013501529 
78 189 10 30 0.0134831285 
479 366 5 16 0.013463075 
541 374 7 26 0.013428399 
974 553 8 24 0.013393006 
453 340 6 20 0.013385467 
903 150 5 14 0.01336479 
205 176 84 139 0.013321374 
747 415 6 21 0.0133044 
296 40 12 46 0.01318027 
97 512 15 32 0.013121462 
319 18 13 37 0.013073646 
890 273 5 24 0.013067594 
335 59 10 40 0.013026651 
442 71 4 19 0.013015357 
1002 288 4 19 0.012993048 
532 354 5 14 0.012976187 
999 562 9 24 0.012959928 
758 346 8 29 0.012957561 
915 366 5 17 0.0129311085 
913 149 5 15 0.012917518 
398 483 10 45 0.012914028 
515 127 9 33 0.012900031 
939 414 7 20 0.012897979 
891 313 4 19 0.012869877 
168 376 8 26 0.012798409 
799 362 7 23 0.012791832 
8 363 17 54 0.012777736 
966 592 8 19 0.012764992 
14 441 11 46 0.012764344 
914 162 4 15 0.012762919 
394 -2 36 91 0.012721846 
557 170 6 22 0.012706799 
128 284 9 29 0.01270205 
773 598 5 12 0.012699765 
82 134 7 22 0.012642937 
999 395 8 28 0.012566849 
541 387 8 27 0.012493835 
441 84 5 21 0.01248753 
812 390 6 20 0.01248499 
745 346 8 31 0.012467189 
813 420 5 13 0.012460445 
792 183 15 41 0.012419246 
798 430 6 16 0.012360399 
623 443 4 15 0.012346847 
916 352 4 17 0.012343226 
539 304 9 29 0.012304622 
670 587 5 12 0.012301778 
805 189 13 38 0.012300729 
783 373 7 25 0.012252996 
130 59 97 124 0.0122356275 
608 147 106 99 0.012229013 
552 285 7 22 0.012216956 
1001 531 6 22 0.01221354 
988 517 7 21 0.012210526 
937 482 8 15 0.012208218 
747 367 129 255 0.012202011 
156 373 9 29 0.012173979 
232 61 10 19 0.012112978 
157 364 8 21 0.012110685 
480 129 5 26 0.012106086 
190 468 12 41 0.012097592 
902 326 5 18 0.012093183 
142 351 10 21 0.012090129 
529 190 7 34 0.012087898 
877 185 5 18 0.012064664 
719 196 11 22 0.012037584 
436 402 9 22 0.012035452 
313 367 113 143 0.01202541 
556 181 6 25 0.012013678 
468 130 5 25 0.011979523 
24 228 85 132 0.011962518 
348 62 8 35 0.011954653 
68 235 7 20 0.011930711 
386 27 10 30 0.011922221 
773 586 5 12 0.011912204 
421 364 9 22 0.011901286 
553 426 8 22 0.011883939 
263 457 113 138 0.011875051 
385 222 11 41 0.011863408 
556 158 6 22 0.011862944 
543 342 5 16 0.011822293 
55 203 10 30 0.011819028 
13 1 38 106 0.011762374 
772 415 6 20 0.011761288 
106 38 9 27 0.011750048 
926 392 5 15 0.011742244 
530 366 6 15 0.011723455 
608 428 4 16 0.011715358 
23 297 153 253 0.011699371 
824 447 5 9 0.011692072 
749 583 6 15 0.011677377 
414 118 8 29 0.011663061 
915 124 4 15 0.011653732 
82 68 7 24 0.011646702 
274 180 32 112 0.011645725 
913 137 5 14 0.011630468 
800 377 6 21 0.0116086975 
414 363 9 23 0.011493392 
454 301 146 211 0.0114501985 
825 483 6 11 0.011417047 
913 506 7 14 0.0114023145 
895 508 10 16 0.011383218 
65 62 9 32 0.011365057 
70 122 5 20 0.011352928 
964 563 11 25 0.011330054 
117 56 9 21 0.011318416 
761 480 5 18 0.01127127 
901 351 6 19 0.011242865 
77 209 10 26 0.0112396525 
9 93 13 52 0.011167075 
891 297 5 21 0.011159389 
503 142 8 30 0.011140179 
423 395 12 32 0.011116052 
83 121 6 21 0.011114418 
749 572 5 14 0.011109538 
774 -190 262 149 0.011074808 
412 547 6 19 0.011072401 
774 612 5 12 0.011072139 
68 516 8 24 0.011062713 
785 598 6 13 0.011046513 
604 342 10 31 0.011018793 
490 92 8 32 0.011014117 
659 598 5 13 0.011007041 
761 597 6 14 0.011002524 
949 415 8 19 0.010984032 
987 416 7 17 0.010983126 
118 43 8 21 0.0109813595 
374 147 144 236 0.010968388 
678 195 162 219 0.0109561505 
165 1 15 33 0.0109532 
825 434 4 11 0.010943772 
9 -192 205 151 0.010931769 
973 592 9 20 0.010912065 
607 609 5 12 0.010908061 
735 403 7 23 0.010887673 
1017 595 7 20 0.010881693 
306 147 12 18 0.010856787 
769 343 10 33 0.010843624 
88 263 13 40 0.010843587 
633 391 6 18 0.010829558 
873 255 7 29 0.010824636 
974 413 9 21 0.010804633 
965 578 9 19 0.010797853 
733 346 8 31 0.0107953055 
167 364 8 22 0.010782791 
782 358 9 27 0.01077448 
928 211 5 21 0.01076893 
1014 552 8 23 0.010759009 
927 313 5 19 0.010725353 
6 625 5 14 0.010717676 
900 495 7 13 0.0107115805 
964 608 9 19 0.01067937 
732 41 35 110 0.010661569 
244 96 10 19 0.0106098 
437 575 10 34 0.010600588 
286 94 8 22 0.01058589 
104 69 8 22 0.010572583 
292 173 35 108 0.010571926 
541 439 9 23 0.010568304 
570 427 6 19 0.010539713 
244 84 8 19 0.010536128 
565 337 8 22 0.010510166 
893 579 12 25 0.010458204 
332 80 13 47 0.010457504 
10 43 14 52 0.010453913 
408 563 12 45 0.010452349 
96 53 7 24 0.010451412 
963 492 8 18 0.010442485 
272 82 7 21 0.010436604 
84 84 6 19 0.010430754 
427 67 7 23 0.010428983 
631 45 191 216 0.01042386 
874 281 7 28 0.0104211215 
69 108 6 20 0.010407912 
721 362 8 26 0.010373285 
422 563 9 33 0.010367139 
412 460 9 27 0.010363451 
1000 417 7 20 0.010359935 
728 187 9 19 0.010308255 
77 264 12 37 0.0103056 
169 464 10 32 0.010299801 
747 556 6 17 0.010287291 
110 343 35 100 0.010286805 
51 60 12 34 0.010246053 
389 557 6 21 0.010237869 
119 609 8 16 0.010232585 
913 392 6 14 0.010226675 
126 348 14 28 0.010225362 
489 127 8 31 0.010218397 
888 506 9 17 0.010212308 
52 176 12 34 0.010207484 
916 312 4 20 0.010183904 
400 91 7 25 0.010174709 
860 197 9 27 0.010173672 
529 377 7 19 0.010164101 
516 606 7 17 0.010163332 
83 107 6 21 0.010159247 
776 467 5 15 0.010155507 
910 520 9 16 0.010153757 
831 497 8 15 0.0101399785 
825 471 5 10 0.010139133 
988 582 7 18 0.01013884 
68 94 7 22 0.010136663 
66 610 8 14 0.010129015 
466 377 6 17 0.010125827 
95 478 7 22 0.010107972 
477 179 7 30 0.010106951 
400 524 8 33 0.010103421 
482 381 5 14 0.010066557 
1016 606 9 22 0.0100541245 
1001 375 7 26 0.010044058 
1002 504 6 18 0.010038072 
93 92 9 26 0.01003601 
402 145 6 21 0.010034903 
964 552 10 23 0.010032345 
532 342 5 17 0.0100212265 
950 480 8 16 0.010008405 
