56_Voter_peoplevoting_56_122
3629
691 49 32 61 0.99004155 
440 37 21 38 0.988025 
212 33 18 34 0.97210014 
938 68 38 64 0.950394 
301 14 16 30 0.9395608 
150 59 22 36 0.928809 
838 55 33 56 0.92523164 
485 5 19 30 0.91045535 
85 67 30 45 0.91004026 
271 120 42 52 0.8991613 
243 9 15 29 0.8968839 
563 82 29 48 0.88750887 
353 25 19 33 0.875697 
418 126 18 32 0.8622451 
966 15 22 38 0.86146665 
400 4 11 20 0.8370274 
137 43 17 34 0.8283411 
379 12 14 29 0.8017367 
532 23 16 25 0.78835857 
773 15 33 63 0.78189886 
253 12 15 29 0.77881926 
870 267 19 24 0.74241394 
53 2 14 19 0.7290283 
601 23 16 29 0.7052612 
262 12 18 29 0.70035595 
67 97 117 98 0.66352004 
154 7 11 17 0.6553511 
405 11 15 29 0.65474844 
906 29 32 57 0.65360713 
702 357 102 76 0.6532212 
203 18 14 25 0.6357189 
438 3 13 20 0.633577 
402 90 17 31 0.62186295 
623 60 21 37 0.61174834 
490 22 22 33 0.5986671 
461 1 14 21 0.5613545 
664 1 15 27 0.55065817 
154 15 13 21 0.50861216 
313 59 20 36 0.50389737 
88 399 111 151 0.50171614 
75 17 14 23 0.49934065 
585 2 17 30 0.4828158 
140 4 11 16 0.4695098 
475 116 12 25 0.43295202 
907 189 48 51 0.41848633 
111 28 14 28 0.4132005 
193 19 13 21 0.39444488 
126 91 17 28 0.39423367 
243 126 17 37 0.39009213 
190 118 18 30 0.38471574 
37 26 15 31 0.3463309 
711 4 22 28 0.33097246 
183 0 8 10 0.32993755 
217 7 12 16 0.32040492 
35 45 18 39 0.3109899 
165 29 13 22 0.3077652 
546 16 14 26 0.28372726 
12 3 19 30 0.28151795 
610 12 18 27 0.2751592 
107 73 21 35 0.27511585 
133 4 10 16 0.26802132 
904 84 17 34 0.26546088 
398 37 12 24 0.26095095 
619 5 20 28 0.25963798 
18 12 20 33 0.25507686 
487 142 26 35 0.25190982 
60 13 16 26 0.24998467 
105 -1 9 11 0.24624118 
240 74 16 35 0.24531682 
161 16 14 22 0.2445961 
499 114 13 26 0.2399743 
148 42 17 26 0.23632184 
253 109 89 83 0.23629941 
166 7 10 15 0.23256265 
486 34 17 28 0.23245917 
48 36 13 29 0.23165996 
152 26 15 24 0.22386965 
211 15 17 25 0.21811824 
370 23 14 30 0.2173484 
791 3 19 32 0.21645302 
320 95 35 72 0.21356009 
192 8 10 14 0.2112291 
471 2 15 22 0.21118751 
74 35 17 30 0.20960581 
205 9 13 16 0.20835218 
909 27 14 28 0.20622651 
85 17 15 23 0.20491707 
1011 13 14 28 0.20375347 
104 5 11 14 0.20237295 
182 5 9 13 0.20194277 
193 0 8 10 0.2002679 
278 15 12 21 0.19849111 
798 8 22 38 0.19570638 
140 34 11 19 0.19504276 
103 35 16 28 0.19191366 
156 0 8 11 0.19173287 
323 5 11 20 0.19065404 
203 579 15 21 0.18918093 
578 10 16 26 0.18627937 
375 7 12 23 0.18294 
416 14 16 26 0.17996919 
384 177 18 33 0.17653996 
104 21 11 18 0.17400993 
316 43 14 26 0.1704912 
700 14 37 61 0.17000225 
562 7 12 20 0.1686504 
354 3 17 24 0.16764349 
61 28 16 26 0.16335437 
599 5 15 25 0.16312478 
228 74 20 38 0.16197734 
263 29 20 32 0.16196065 
439 0 9 11 0.15958427 
427 137 19 32 0.15618512 
61 0 13 14 0.15445659 
231 7 12 17 0.1532017 
171 1 7 9 0.14903258 
113 18 12 20 0.14873824 
200 87 18 32 0.14847171 
25 -2 11 13 0.14717455 
442 12 17 26 0.14715424 
768 3 16 25 0.14645675 
360 -2 11 13 0.14610322 
914 17 19 31 0.14609715 
116 7 10 14 0.14221208 
480 114 17 29 0.14002083 
585 523 83 71 0.13659745 
593 25 15 22 0.13292357 
560 70 20 32 0.13069464 
219 0 9 10 0.12991612 
442 169 20 35 0.12976943 
417 63 15 25 0.1294791 
90 7 12 15 0.12865995 
610 33 19 32 0.12848186 
117 0 8 10 0.12794426 
877 189 98 97 0.12703985 
1009 555 20 38 0.12597555 
816 119 19 36 0.1251795 
869 235 13 20 0.12471338 
325 -1 9 11 0.124352776 
378 118 15 29 0.12383476 
91 58 95 78 0.1227297 
292 569 19 21 0.122453526 
92 0 10 9 0.12054841 
328 348 22 19 0.11976793 
736 324 105 90 0.119352035 
398 81 15 29 0.11901744 
298 7 14 21 0.1184188 
640 182 39 72 0.11839729 
348 170 12 22 0.11692202 
333 424 11 27 0.11635303 
769 -3 13 15 0.11612824 
409 117 16 27 0.115976416 
945 -3 75 80 0.11546685 
51 10 17 27 0.11529149 
833 -4 13 18 0.11497682 
298 575 25 26 0.11489422 
209 0 8 9 0.11424424 
1013 139 14 30 0.11417119 
190 107 15 24 0.11316248 
75 9 12 16 0.112938054 
191 37 14 26 0.1126857 
840 -5 12 19 0.11260725 
522 62 14 31 0.11053467 
447 0 12 13 0.110394984 
278 26 14 25 0.1095569 
131 32 11 19 0.108994864 
431 174 22 34 0.10880996 
233 13 13 23 0.10818079 
331 -3 11 12 0.10813399 
555 9 10 16 0.10769358 
226 126 18 37 0.1076458 
453 40 17 31 0.107498124 
133 97 18 34 0.10740831 
533 194 14 23 0.10725654 
811 13 19 30 0.107120186 
428 114 16 30 0.10616859 
16 -1 10 13 0.10468364 
280 248 88 102 0.10415983 
65 92 40 81 0.103423454 
470 61 17 32 0.10341395 
179 32 11 18 0.10318948 
483 72 16 33 0.10303284 
590 0 11 16 0.10227988 
690 237 13 30 0.10141684 
841 35 22 40 0.10052711 
84 36 18 30 0.10047909 
727 0 70 87 0.09979617 
178 169 14 24 0.09889512 
419 106 15 28 0.09886158 
241 594 16 22 0.098006666 
347 35 17 29 0.09773914 
334 50 13 27 0.09756676 
125 83 14 23 0.097146176 
14 565 11 22 0.097071 
640 326 102 91 0.096833035 
409 0 10 13 0.09656268 
855 334 17 26 0.09629868 
342 49 15 30 0.09627902 
113 51 13 25 0.09596744 
245 0 10 12 0.095843114 
519 129 15 27 0.095744066 
203 572 14 15 0.09553537 
1014 52 12 24 0.09520918 
51 74 14 28 0.095102265 
250 75 17 35 0.09482539 
222 38 16 28 0.0942803 
660 572 23 33 0.093333 
622 42 18 29 0.092688136 
978 2 21 32 0.09266957 
79 -2 9 11 0.0922713 
395 51 14 25 0.09167045 
205 588 15 26 0.09115847 
599 344 100 94 0.09066493 
89 128 48 68 0.09063085 
285 560 9 12 0.0906091 
400 116 13 25 0.09008713 
868 245 16 24 0.089870244 
215 217 15 32 0.08945699 
127 181 14 20 0.08921779 
403 34 15 31 0.089104995 
182 19 12 18 0.08873151 
613 -2 14 16 0.088545345 
898 76 13 31 0.08819818 
713 -1 16 17 0.08779285 
397 65 12 23 0.08773689 
459 12 14 23 0.08766132 
637 6 15 22 0.087539956 
507 117 14 27 0.087473825 
127 168 15 18 0.08718809 
486 50 13 27 0.08683789 
127 17 13 20 0.08677374 
408 54 14 25 0.08676952 
319 15 11 22 0.08669942 
216 86 16 32 0.08663153 
373 -2 9 13 0.086620644 
465 368 8 15 0.086545266 
577 -2 12 16 0.086495824 
356 178 12 26 0.08627269 
604 -1 9 12 0.086241975 
647 61 17 32 0.0860416 
618 23 21 31 0.085880615 
182 110 13 21 0.08553268 
353 47 18 30 0.08541309 
616 51 17 29 0.08498784 
251 592 15 23 0.08459856 
373 144 89 85 0.08405135 
366 61 16 30 0.084015355 
308 -2 10 12 0.08346281 
706 5 15 21 0.082917795 
801 195 160 174 0.08287132 
332 623 11 13 0.082738 
49 192 13 28 0.08229027 
879 232 13 21 0.0811184 
495 90 13 26 0.080951676 
357 161 10 20 0.08065441 
371 126 15 28 0.08044353 
25 30 20 39 0.08026466 
222 137 13 30 0.07971951 
190 65 15 29 0.07963392 
141 57 19 32 0.07959255 
387 -2 9 13 0.07914643 
496 126 17 28 0.07873894 
235 0 8 11 0.07832472 
997 174 14 43 0.07823033 
439 28 15 26 0.07822948 
526 222 9 14 0.07804957 
343 189 14 31 0.077799976 
10 20 20 36 0.07769341 
535 209 11 19 0.07731583 
363 626 7 10 0.07727717 
8 140 17 42 0.07675888 
807 558 10 21 0.07651291 
177 155 13 26 0.07648479 
547 39 16 26 0.076420486 
-3 446 128 129 0.07635235 
188 53 14 25 0.07631005 
422 8 11 16 0.0762135 
427 -1 7 10 0.07610981 
347 15 15 23 0.07571571 
383 80 14 26 0.075676985 
652 128 15 28 0.07567218 
805 8 69 78 0.075260185 
661 397 23 37 0.0752205 
697 282 105 92 0.07518233 
907 138 16 35 0.075105585 
99 53 18 29 0.0750605 
42 6 11 15 0.0749077 
312 576 21 28 0.07474273 
142 78 82 91 0.074535705 
102 270 14 34 0.07440448 
526 39 12 21 0.07413954 
746 161 81 112 0.07398627 
298 117 83 91 0.073941566 
562 41 67 74 0.073645316 
350 0 10 10 0.073634714 
204 602 13 22 0.07332708 
757 20 29 57 0.072956406 
47 294 13 28 0.072862424 
133 589 267 150 0.07256267 
394 158 15 22 0.072512336 
781 -3 11 15 0.07232944 
385 39 13 23 0.072235264 
44 0 8 10 0.072170824 
38 290 14 33 0.07213719 
305 68 20 37 0.07203561 
1012 119 13 26 0.07193187 
339 104 18 39 0.07182876 
315 554 17 20 0.071783386 
613 165 16 32 0.071755245 
258 -1 9 11 0.07168133 
309 42 14 23 0.07161225 
256 582 13 17 0.07142628 
291 64 17 32 0.07123796 
913 70 39 61 0.07123615 
492 319 7 8 0.071164064 
299 -1 9 11 0.07090222 
509 37 14 25 0.07074303 
708 0 10 12 0.07061549 
371 88 14 29 0.07053533 
906 52 17 40 0.07040376 
475 91 13 25 0.07019565 
368 139 14 26 0.07012362 
143 16 12 18 0.0700863 
229 29 11 21 0.07000011 
535 11 15 22 0.06990392 
778 3 16 28 0.06975344 
62 100 17 36 0.06940488 
270 -2 10 12 0.06925223 
624 -2 14 18 0.06909804 
483 131 18 28 0.06889856 
389 162 10 18 0.06851768 
215 351 15 23 0.06843904 
817 45 77 80 0.06837777 
320 620 14 17 0.06835043 
512 143 13 23 0.06830747 
262 75 20 38 0.068149775 
592 -7 76 80 0.0679885 
660 137 18 34 0.06763476 
61 46 18 31 0.06758398 
691 4 15 22 0.067568704 
527 213 10 16 0.0674795 
664 50 16 37 0.06744291 
870 -7 10 18 0.0671568 
86 57 19 26 0.06714784 
461 326 9 11 0.06698181 
901 1 79 86 0.06686735 
862 270 14 22 0.06682899 
255 34 16 28 0.066753455 
685 150 17 34 0.06653633 
756 529 10 19 0.06613903 
903 32 10 20 0.066136666 
125 68 14 24 0.0661362 
720 9 23 32 0.06599112 
876 276 20 30 0.06577919 
329 63 14 27 0.065763034 
171 -9 7 9 0.065711185 
995 118 14 26 0.06564269 
826 133 18 36 0.0655445 
537 -50 14 29 0.06554429 
111 269 14 33 0.06549352 
727 -1 13 15 0.06548511 
757 6 15 21 0.06527677 
267 313 16 35 0.06518443 
217 118 15 29 0.06516299 
744 -228 261 168 0.06515643 
189 169 12 24 0.06508448 
511 48 15 30 0.064953595 
285 568 15 19 0.06484485 
677 128 15 28 0.06482475 
523 470 183 139 0.06449053 
463 77 13 26 0.06448491 
276 179 88 112 0.06434299 
230 146 14 35 0.06433733 
982 115 16 28 0.063940115 
872 226 13 20 0.06393601 
383 63 14 26 0.063861504 
358 194 11 25 0.063853584 
496 46 16 30 0.0638261 
894 61 14 35 0.06365657 
311 451 7 22 0.06359855 
899 42 12 28 0.063584246 
907 336 12 21 0.06345649 
418 148 18 29 0.06331643 
777 152 17 32 0.06331469 
937 634 9 18 0.063197486 
735 488 17 27 0.063119866 
666 90 13 26 0.06296454 
498 581 11 12 0.062816635 
19 -10 6 10 0.06274104 
936 71 85 108 0.06271275 
705 223 94 97 0.06259408 
253 606 14 18 0.062588565 
875 440 7 24 0.06253558 
665 72 14 30 0.062413007 
842 11 75 84 0.06238307 
36 181 14 26 0.062292755 
900 649 7 17 0.0622496 
562 27 12 21 0.06224164 
776 294 101 99 0.062212177 
242 582 15 17 0.06207874 
964 -3 11 15 0.06205884 
343 425 10 25 0.062051054 
106 -10 8 9 0.062047843 
136 166 15 21 0.061784815 
671 7 19 32 0.061738927 
217 254 12 29 0.061693694 
910 9 13 23 0.06166518 
650 86 16 29 0.06161642 
71 99 19 36 0.061595242 
225 95 18 34 0.06147027 
872 461 8 27 0.06146741 
887 437 8 27 0.061460014 
477 12 14 23 0.06120845 
820 312 13 21 0.061109785 
29 -10 7 10 0.06103654 
554 68 13 25 0.06092372 
277 62 77 77 0.060861643 
121 117 98 121 0.060822073 
180 121 18 34 0.06081843 
678 103 14 29 0.060814075 
575 25 14 22 0.06077136 
927 623 6 12 0.06072757 
418 167 19 31 0.060703803 
1 224 9 24 0.060682878 
610 98 16 32 0.06064455 
215 294 15 38 0.060570672 
490 258 10 16 0.06046802 
24 553 13 23 0.060407065 
179 55 13 23 0.060371596 
657 -2 13 16 0.06031839 
460 439 11 19 0.06024754 
160 39 17 24 0.06015137 
766 132 14 25 0.0601345 
374 626 7 10 0.060105365 
11 116 12 31 0.060077224 
537 221 9 15 0.060014952 
887 537 174 316 0.060006812 
133 -10 7 9 0.059988454 
879 246 14 23 0.059885867 
309 437 9 25 0.059821323 
686 129 17 28 0.059672624 
863 465 6 21 0.059658736 
827 15 16 28 0.059523687 
869 5 10 20 0.059510697 
145 -10 7 10 0.059434723 
622 82 18 33 0.059374116 
277 65 18 32 0.05926914 
577 401 9 21 0.05926255 
971 356 15 28 0.05914165 
245 574 10 12 0.059014875 
334 612 8 13 0.05898453 
179 41 13 21 0.05894852 
884 -7 10 18 0.05886319 
797 618 13 18 0.058858734 
0 140 14 42 0.058828216 
903 23 10 17 0.058670994 
464 64 13 24 0.058555964 
190 558 15 16 0.058492627 
12 221 11 27 0.058235932 
899 -6 10 17 0.058147937 
513 64 14 28 0.058121648 
1003 443 24 38 0.058030616 
857 284 15 25 0.058022168 
12 207 11 26 0.05801689 
64 644 11 25 0.05784573 
216 605 11 19 0.057837404 
158 -10 7 10 0.0577723 
829 28 16 29 0.05767546 
125 108 19 37 0.05766999 
1009 171 16 45 0.05757472 
10 173 13 34 0.0575307 
439 331 6 9 0.057517808 
1010 312 16 23 0.05751761 
537 77 14 29 0.057440825 
546 127 15 28 0.057415877 
926 634 8 18 0.057414956 
859 249 13 21 0.057383098 
407 156 14 22 0.05735855 
521 151 14 30 0.057278547 
399 287 8 22 0.05718207 
300 470 5 13 0.057151444 
0 332 10 33 0.057101864 
909 -6 12 19 0.057072803 
294 39 13 25 0.056845926 
0 170 13 36 0.056839075 
664 115 15 30 0.056832097 
477 29 12 22 0.056729134 
916 141 15 30 0.05672886 
374 173 10 20 0.056673452 
744 530 10 17 0.056667335 
961 31 15 32 0.056662235 
215 571 10 14 0.05646277 
184 -8 6 8 0.05644886 
347 160 11 21 0.0564203 
49 168 15 28 0.056358755 
331 14 12 21 0.056307096 
361 143 10 20 0.056245737 
413 625 9 13 0.05623176 
266 579 14 19 0.056117743 
1 38 13 26 0.056113504 
510 105 12 25 0.055931557 
141 78 13 24 0.055879816 
923 -4 10 16 0.055850703 
930 296 18 32 0.055756725 
738 102 17 31 0.05574076 
865 343 16 29 0.055729266 
419 92 13 27 0.055637177 
778 131 13 26 0.055627782 
372 158 11 22 0.055604953 
938 622 7 14 0.055567928 
204 320 15 31 0.05555527 
199 65 17 32 0.05549302 
9 330 13 36 0.05535806 
462 432 7 13 0.055292394 
284 -2 9 12 0.055273265 
713 38 70 92 0.055181704 
384 102 13 27 0.055132907 
308 315 53 66 0.055120878 
363 -9 7 9 0.055103064 
119 -11 7 10 0.055074804 
658 345 20 27 0.055068787 
400 149 10 17 0.055058617 
310 464 7 19 0.05502026 
861 476 7 23 0.05501311 
699 239 15 32 0.054893102 
295 562 10 12 0.054841954 
387 627 7 11 0.054826077 
13 192 11 25 0.05482189 
951 530 7 20 0.05463143 
732 394 49 71 0.05460771 
11 359 10 33 0.054557744 
464 322 6 7 0.05455551 
301 86 20 35 0.054522745 
357 129 12 26 0.054519746 
871 -18 10 18 0.054463215 
846 -15 9 14 0.054371953 
581 -11 7 11 0.05430403 
135 182 14 21 0.054280344 
10 60 15 30 0.05422186 
314 81 20 37 0.0542129 
436 624 15 17 0.054185845 
829 314 13 19 0.054161504 
401 625 8 12 0.054054257 
535 49 14 27 0.0540027 
997 312 13 20 0.053950764 
438 340 8 11 0.05393914 
934 358 12 28 0.053896494 
430 120 87 91 0.053844154 
834 -13 10 13 0.053835966 
372 636 10 17 0.05382427 
792 152 15 32 0.053727284 
676 -1 13 18 0.053661715 
640 243 15 32 0.053638354 
419 76 14 26 0.05355955 
553 290 7 16 0.05349982 
1013 107 11 22 0.05348534 
193 280 10 32 0.053475272 
226 205 13 30 0.053298306 
457 328 6 10 0.053234175 
1014 79 11 24 0.053150248 
167 169 14 23 0.053048417 
318 29 11 22 0.052991323 
474 42 12 22 0.05295733 
486 0 13 16 0.052940734 
336 478 8 22 0.052926093 
711 192 18 33 0.05286494 
623 463 212 168 0.052861866 
508 18 13 21 0.052852463 
650 148 16 30 0.052850474 
217 618 13 19 0.052824114 
614 69 17 34 0.052803624 
845 274 14 27 0.05277251 
352 73 17 31 0.05264107 
899 423 8 28 0.052599527 
548 -51 14 30 0.052567504 
74 50 20 29 0.052475333 
550 183 9 19 0.052455842 
490 326 10 11 0.052442286 
346 636 13 15 0.052416194 
309 400 10 29 0.05236396 
67 -11 8 11 0.052299306 
1014 0 9 13 0.052184243 
670 650 7 16 0.05211762 
38 617 13 26 0.05206295 
819 -3 13 15 0.052046712 
326 415 8 21 0.052037664 
80 362 8 22 0.052006178 
80 351 8 20 0.05200091 
384 195 16 35 0.05199468 
335 -10 7 10 0.051897027 
385 145 11 22 0.051830582 
725 126 15 31 0.051781606 
581 391 99 101 0.051771775 
555 588 6 10 0.051737282 
10 85 14 33 0.05173637 
795 -13 10 13 0.05173471 
701 141 13 25 0.051662564 
714 127 13 26 0.05158179 
540 100 14 31 0.051464047 
914 635 7 16 0.05141223 
622 154 15 31 0.051407702 
325 -10 7 10 0.05139231 
264 48 17 30 0.051345687 
843 18 14 28 0.05131702 
987 128 12 23 0.051308393 
561 166 12 26 0.051234018 
567 291 6 13 0.051200096 
693 362 40 65 0.051185414 
64 310 10 20 0.05118305 
636 85 18 29 0.05115837 
549 155 13 25 0.05111531 
580 94 22 34 0.051012814 
935 -4 10 14 0.05096372 
736 6 17 21 0.05079022 
561 41 13 23 0.05076512 
177 424 14 31 0.050635774 
465 -12 9 12 0.05059939 
323 612 10 14 0.050586317 
920 336 12 21 0.050544914 
613 143 12 25 0.05054131 
115 181 15 20 0.050539173 
495 259 14 16 0.050479993 
76 179 13 24 0.05044653 
755 539 11 23 0.050411105 
615 -13 10 13 0.05036796 
885 -18 9 18 0.050362438 
165 107 12 24 0.05033068 
67 362 8 22 0.05030279 
270 574 11 14 0.05030056 
756 44 16 34 0.050264396 
718 155 10 24 0.050244324 
537 167 12 24 0.050222304 
194 608 10 18 0.050149567 
190 152 12 28 0.050134163 
950 -4 10 13 0.05010742 
526 -47 13 22 0.05008953 
729 152 12 28 0.050082 
754 103 13 29 0.05006786 
901 7 9 18 0.050051566 
863 237 10 16 0.04999938 
628 297 10 27 0.049985554 
818 557 10 19 0.049937256 
67 352 7 19 0.04993601 
349 625 9 10 0.04988953 
581 339 6 17 0.049859468 
80 621 8 15 0.04978115 
385 636 11 16 0.049764376 
414 -12 7 12 0.049754485 
764 100 14 32 0.04973208 
820 88 14 31 0.049682375 
334 502 9 25 0.049650203 
463 389 7 17 0.049628567 
13 245 11 28 0.04960325 
567 -1 8 12 0.049556717 
937 645 9 20 0.049502727 
333 166 13 24 0.04948142 
153 105 12 26 0.049477417 
134 122 21 43 0.049469892 
229 336 12 27 0.0494683 
494 62 16 31 0.04945996 
717 140 12 27 0.049420327 
1 365 30 97 0.049391743 
753 43 74 90 0.04939034 
384 231 11 21 0.04934626 
226 50 15 29 0.049324915 
517 214 9 14 0.049295362 
620 336 22 29 0.049292233 
845 401 9 25 0.04928195 
360 636 11 16 0.049210716 
49 320 11 26 0.049196996 
563 631 13 22 0.049119532 
614 345 15 24 0.04910934 
167 118 13 24 0.049092833 
425 321 8 11 0.0490509 
871 -45 11 19 0.049040113 
807 -14 11 14 0.049015 
601 53 14 24 0.0489762 
554 599 7 12 0.04885379 
906 181 19 36 0.048816796 
228 350 11 22 0.0487924 
1014 93 10 22 0.048743304 
630 311 10 23 0.048705027 
907 346 12 26 0.048662264 
628 325 11 20 0.048603423 
965 7 12 23 0.048600033 
347 503 8 23 0.0485944 
479 319 7 8 0.048576012 
251 114 20 37 0.048572313 
311 -11 7 10 0.048561636 
337 640 337 300 0.048536636 
589 365 8 18 0.04852607 
681 464 8 24 0.048524383 
464 131 10 22 0.048499472 
622 100 16 31 0.048493102 
377 586 6 12 0.048452698 
550 168 11 23 0.048385557 
958 621 12 18 0.04833728 
592 -12 8 12 0.048315417 
659 648 6 16 0.04829246 
24 180 13 26 0.048249703 
55 658 304 274 0.048212554 
664 -13 11 13 0.048198376 
201 135 15 30 0.04818003 
894 115 13 27 0.0481749 
254 50 15 30 0.048173446 
910 -17 10 17 0.0481718 
375 -11 7 11 0.048167557 
65 323 10 21 0.04815902 
376 574 6 12 0.048025947 
205 220 11 26 0.047970403 
421 188 16 26 0.047868017 
426 -10 7 10 0.047851343 
900 637 7 15 0.047846638 
670 54 75 95 0.047843717 
528 185 11 23 0.047839046 
411 138 17 26 0.047810525 
860 -5 9 15 0.047761705 
151 84 16 29 0.04770159 
997 5 15 23 0.047646325 
323 403 10 25 0.04764175 
869 -36 13 23 0.04755745 
204 616 14 21 0.04755609 
663 23 17 31 0.047492545 
386 545 6 17 0.047471263 
550 52 15 25 0.047468536 
568 281 6 12 0.047436237 
905 118 91 100 0.047424715 
575 41 12 19 0.047412064 
981 31 18 33 0.04740295 
846 323 13 22 0.04737935 
466 360 5 10 0.047322806 
894 139 17 33 0.047307994 
535 139 16 28 0.04729066 
25 206 13 28 0.0472574 
1014 544 14 25 0.047250167 
795 654 10 28 0.04722365 
277 50 17 29 0.047213793 
703 129 13 23 0.047145266 
911 411 8 26 0.047144428 
970 -5 17 21 0.047114965 
527 9 11 18 0.047110353 
451 -11 8 11 0.047104105 
564 182 10 22 0.04708925 
52 337 9 22 0.04706935 
898 -17 9 17 0.047035493 
555 256 5 11 0.046974875 
387 295 10 27 0.046970375 
388 559 6 15 0.04696175 
263 95 21 42 0.04692079 
849 259 10 21 0.04691807 
252 143 18 37 0.046891768 
837 535 8 14 0.046859503 
884 31 11 20 0.04685196 
52 350 9 21 0.046829343 
942 103 21 34 0.04682611 
206 44 16 29 0.04679061 
446 131 12 25 0.046753734 
58 65 17 28 0.046733413 
211 314 18 34 0.046657294 
1008 502 18 36 0.046616714 
177 136 16 32 0.046592988 
835 86 95 96 0.046592943 
556 264 5 12 0.046583623 
564 -49 11 26 0.04656459 
323 349 13 16 0.046527006 
820 545 9 16 0.046507157 
928 26 18 31 0.046504322 
670 566 25 35 0.046500422 
440 -9 7 9 0.046467368 
50 620 10 20 0.04646224 
889 648 6 17 0.046455573 
896 336 12 20 0.046443462 
860 -17 9 15 0.046431378 
446 623 14 17 0.046423253 
715 180 13 26 0.046374768 
401 615 7 12 0.046374578 
838 509 6 14 0.046350714 
87 653 15 31 0.046292808 
629 -14 9 14 0.04627496 
139 299 12 22 0.04627433 
915 622 6 12 0.046203285 
580 315 6 19 0.046172883 
916 165 18 35 0.046160534 
388 -12 7 11 0.04615511 
246 40 12 22 0.046095263 
950 7 11 18 0.046067618 
180 278 11 32 0.046010036 
307 381 10 35 0.045995053 
727 102 14 27 0.0459902 
53 101 14 28 0.045846827 
727 496 19 29 0.045836776 
193 401 9 22 0.045824494 
372 229 13 26 0.045814198 
38 203 14 31 0.04580189 
964 -13 8 13 0.04577325 
380 172 35 66 0.045747228 
269 240 12 35 0.04569128 
804 152 14 31 0.045673754 
513 182 10 22 0.045618508 
838 523 6 13 0.045565158 
869 19 10 18 0.045533694 
528 586 8 11 0.045532513 
232 181 10 25 0.045507655 
205 563 10 12 0.04549272 
401 -13 8 13 0.04547528 
858 -34 11 20 0.04546343 
777 100 15 33 0.04544543 
423 39 16 26 0.045426693 
712 281 18 29 0.04534001 
64 179 13 26 0.045309316 
759 -1 10 12 0.04520984 
911 648 9 19 0.045085363 
688 252 14 30 0.045079265 
346 514 9 26 0.04507402 
863 453 7 22 0.045066252 
425 625 11 14 0.045063153 
568 265 6 11 0.045052648 
785 647 8 20 0.04503351 
217 64 16 30 0.04502356 
388 442 7 21 0.044997174 
618 424 27 25 0.04499351 
950 520 7 17 0.044976134 
268 609 15 17 0.044970434 
857 18 12 23 0.04495485 
600 400 55 51 0.04492837 
576 -48 11 24 0.044902537 
92 350 9 21 0.04484898 
979 99 17 32 0.044845313 
989 311 12 19 0.044810724 
126 191 17 26 0.0448063 
329 128 18 42 0.044775162 
492 420 8 13 0.044769127 
884 20 10 17 0.04472691 
92 362 9 22 0.044613123 
703 282 16 27 0.044591267 
924 -16 10 16 0.04456826 
743 516 11 20 0.04455851 
869 153 13 26 0.044461466 
140 -227 358 167 0.044441193 
949 621 12 18 0.0444 
335 31 11 20 0.04432096 
816 162 16 35 0.044314105 
990 301 9 19 0.044305526 
385 532 7 17 0.044291325 
155 300 9 21 0.04427243 
565 196 9 20 0.04426255 
908 -35 11 21 0.044257868 
514 -46 11 20 0.04423843 
463 105 11 25 0.0441787 
639 27 13 24 0.044131126 
612 128 12 26 0.044106215 
194 312 11 27 0.04402442 
388 271 10 28 0.04399386 
75 653 14 31 0.0439704 
256 189 12 33 0.04396619 
883 -46 12 21 0.043965586 
688 328 35 67 0.043964207 
93 -10 8 9 0.04395714 
754 130 13 25 0.043946825 
764 151 19 31 0.043830764 
689 448 12 28 0.043783676 
716 -13 12 13 0.043717235 
752 60 18 36 0.043715898 
80 -10 8 9 0.043702036 
922 327 10 17 0.043669652 
231 619 14 18 0.0436582 
407 166 17 28 0.04364864 
206 284 10 29 0.04363977 
115 167 16 21 0.043629702 
629 282 10 25 0.043627884 
617 286 10 25 0.04352685 
996 37 14 26 0.04351333 
923 397 9 27 0.04349676 
227 317 14 31 0.043481592 
924 646 10 21 0.043480348 
242 616 17 22 0.04343814 
569 256 5 11 0.043384027 
80 375 8 23 0.043377694 
883 116 12 26 0.043364268 
709 512 23 26 0.043304775 
753 515 12 24 0.043280542 
887 654 9 26 0.043270934 
445 90 13 26 0.043250304 
797 647 8 19 0.04320972 
859 -45 11 19 0.043191884 
702 154 12 27 0.043163292 
1 312 9 21 0.04311898 
433 93 12 26 0.04310616 
772 361 50 58 0.043091822 
579 328 6 17 0.0430879 
282 -45 12 20 0.04308019 
733 67 23 40 0.043067764 
410 636 14 16 0.04306225 
278 608 17 18 0.043059237 
860 489 8 25 0.0430583 
228 256 12 28 0.043034 
928 614 5 12 0.04301483 
125 24 68 82 0.04301004 
246 -11 9 11 0.043006 
411 166 37 56 0.042968158 
341 357 16 20 0.04292573 
553 299 8 18 0.042907733 
400 276 7 20 0.042889625 
153 632 11 20 0.042888023 
755 553 11 25 0.042874213 
100 182 16 22 0.042851456 
883 142 13 27 0.042842746 
344 90 14 29 0.042841785 
856 179 13 28 0.04283754 
376 560 6 14 0.042835467 
753 85 16 33 0.042828877 
808 302 10 17 0.042821843 
578 70 70 81 0.04281815 
474 453 12 21 0.042724073 
67 374 8 24 0.04271666 
525 416 11 12 0.042651854 
896 -37 11 23 0.042645477 
78 325 10 19 0.042634998 
241 160 14 36 0.042622924 
270 -45 12 20 0.042608805 
826 105 16 33 0.04260239 
775 204 19 36 0.042596027 
388 428 7 21 0.04254608 
137 323 17 25 0.04249698 
167 311 10 23 0.042486146 
500 317 8 9 0.042481035 
254 618 18 20 0.04247961 
330 93 17 30 0.042452034 
723 389 28 31 0.04244757 
842 532 13 18 0.042399354 
515 221 12 18 0.042378373 
894 355 14 32 0.042331923 
607 -12 8 12 0.04230138 
579 292 7 13 0.042295363 
139 270 12 27 0.04229134 
939 531 6 18 0.042289156 
60 191 15 29 0.042284016 
738 125 16 29 0.042259812 
284 552 8 11 0.04222958 
16 -56 6 17 0.04220555 
920 347 13 25 0.042199004 
322 477 9 23 0.042193558 
566 302 6 15 0.04218542 
944 40 16 28 0.042184718 
686 571 22 31 0.042181026 
330 153 14 25 0.042158987 
260 -12 8 12 0.042153034 
24 288 16 37 0.04213776 
301 457 6 15 0.042107344 
376 547 6 16 0.042073924 
527 -2 10 14 0.04207287 
234 609 11 16 0.042057306 
524 85 15 33 0.042056575 
550 197 9 19 0.04204989 
682 -14 8 14 0.042021476 
580 625 7 12 0.041960273 
139 311 14 22 0.041929156 
793 424 10 20 0.041886553 
143 622 9 16 0.04186691 
243 52 14 30 0.041854445 
208 351 11 20 0.041837525 
325 426 9 25 0.04183353 
204 168 11 23 0.041831233 
580 300 7 18 0.04182471 
13 618 9 30 0.041813683 
858 5 12 22 0.04179807 
850 478 6 19 0.0417818 
229 193 12 26 0.041775905 
148 124 18 37 0.041757807 
90 621 9 15 0.041755114 
473 141 17 28 0.04170338 
64 -31 11 17 0.04169489 
637 101 16 30 0.04168184 
768 556 9 18 0.041677773 
962 529 8 22 0.04167673 
836 411 8 22 0.04167647 
260 576 9 10 0.04166019 
809 141 12 27 0.041651018 
142 633 10 19 0.04164129 
884 7 9 17 0.041636232 
1001 -14 9 14 0.04159014 
398 636 12 16 0.04152108 
473 441 11 19 0.0414745 
845 -33 11 19 0.04147317 
307 366 9 18 0.041452542 
299 -11 8 11 0.041449625 
196 -8 7 8 0.04144738 
820 304 9 15 0.04141582 
67 339 7 18 0.0414118 
933 7 12 19 0.04137901 
964 351 11 20 0.041368898 
595 96 19 35 0.041343793 
842 135 15 34 0.04132885 
800 559 8 18 0.04132705 
212 127 87 113 0.04131739 
595 392 24 41 0.041287888 
946 369 13 31 0.04126003 
634 393 46 52 0.041156728 
124 268 15 32 0.04115335 
153 311 12 22 0.041148648 
102 161 45 55 0.04114062 
340 -226 343 166 0.041124232 
625 144 12 24 0.041091047 
154 284 10 25 0.041077074 
168 281 10 28 0.04104958 
180 608 11 19 0.04102536 
414 302 6 16 0.041014317 
35 243 13 27 0.04097631 
837 494 6 16 0.040965155 
53 361 9 24 0.040962502 
934 382 12 29 0.04095675 
161 84 18 31 0.04094268 
410 290 8 16 0.040934585 
51 608 8 19 0.040885527 
805 -4 13 18 0.04088367 
206 268 11 29 0.040854964 
295 480 10 19 0.04081759 
638 313 11 20 0.04077739 
320 447 10 27 0.040777065 
265 593 15 20 0.04077484 
923 -34 10 20 0.04075933 
637 324 13 21 0.040753085 
103 350 11 21 0.040739942 
516 198 9 16 0.04073271 
556 1 7 11 0.040718645 
899 99 12 26 0.040676538 
947 395 11 30 0.04066345 
290 607 17 19 0.040647853 
190 548 12 16 0.04062604 
859 225 11 19 0.040598612 
775 91 76 99 0.040591106 
634 41 18 31 0.040583763 
883 102 12 25 0.040577997 
455 394 5 14 0.040528443 
743 -45 12 20 0.040514715 
575 165 13 29 0.04051271 
275 551 7 11 0.04050261 
225 226 15 34 0.040452898 
375 181 11 24 0.040422585 
617 525 120 91 0.040409766 
279 258 35 77 0.040398978 
333 558 11 17 0.040392324 
311 548 10 16 0.04038843 
98 194 17 24 0.040331017 
898 653 10 28 0.04031897 
185 89 77 98 0.040314376 
127 325 15 20 0.040307138 
335 443 10 27 0.040302113 
327 581 14 21 0.040286586 
740 480 12 21 0.040280737 
568 428 6 13 0.040278643 
333 179 14 28 0.040263835 
567 625 8 13 0.040253803 
204 152 12 27 0.040249825 
942 295 16 30 0.0402454 
1001 -34 9 23 0.04022744 
472 375 9 17 0.040211055 
654 10 14 24 0.040208913 
90 -44 10 18 0.040208418 
359 219 12 25 0.040173575 
128 298 13 23 0.04016604 
778 294 15 29 0.04015424 
582 366 7 16 0.040147703 
653 28 12 24 0.04011568 
900 624 6 11 0.040115286 
64 634 11 19 0.040114008 
255 305 17 37 0.0400703 
656 631 8 21 0.04004341 
743 -1 10 11 0.039957847 
465 119 11 22 0.039919637 
386 597 7 15 0.039883994 
555 606 8 16 0.03987772 
516 585 8 11 0.039860096 
625 127 13 26 0.039819576 
180 310 10 25 0.039803453 
983 396 15 30 0.039778374 
8 378 16 49 0.039771855 
338 337 22 25 0.03977074 
-33 558 207 305 0.03976448 
542 587 6 10 0.039740447 
115 98 17 28 0.039712366 
363 617 6 9 0.039677307 
651 41 14 30 0.039670076 
566 316 6 17 0.03964409 
870 167 12 25 0.03961991 
579 280 6 11 0.03961808 
80 339 7 18 0.03957146 
590 313 8 20 0.039563913 
181 123 34 70 0.039520077 
370 646 14 21 0.03950511 
857 151 13 29 0.03949243 
833 -32 11 17 0.03948632 
38 88 15 28 0.039483696 
426 306 7 12 0.039482847 
377 530 7 19 0.039478723 
398 -45 11 19 0.039463084 
540 240 7 14 0.039462697 
859 397 9 29 0.039416857 
292 586 18 24 0.039416205 
755 -46 12 21 0.039400496 
477 429 8 15 0.039390862 
862 287 21 36 0.03938448 
130 -44 10 17 0.03935692 
428 294 6 13 0.039346986 
331 633 15 16 0.039340585 
785 620 9 15 0.039320886 
937 -14 8 14 0.039315477 
92 374 9 23 0.039314345 
234 129 31 74 0.039301593 
591 39 13 20 0.03928036 
591 377 9 21 0.039280348 
180 647 12 21 0.039269958 
818 567 12 20 0.03921013 
55 -10 8 10 0.0392046 
410 -45 12 19 0.039201524 
350 616 6 9 0.039200574 
386 571 7 14 0.03918806 
1011 401 15 25 0.03916497 
770 -11 10 11 0.039146747 
672 123 34 58 0.039145187 
738 375 107 112 0.039132852 
817 216 13 28 0.039125383 
855 205 13 27 0.0391154 
723 118 77 104 0.039078075 
280 251 15 39 0.039057024 
80 -43 10 16 0.038995955 
898 397 10 30 0.03899435 
167 298 9 24 0.038991004 
589 181 11 24 0.038988397 
36 155 13 27 0.038975768 
854 125 15 31 0.038921487 
382 240 12 26 0.03889622 
512 -3 10 14 0.038889308 
908 368 12 32 0.03887205 
802 252 15 32 0.038860194 
984 543 12 19 0.038844418 
179 546 15 18 0.03881806 
955 631 15 21 0.03873195 
731 -15 10 14 0.038718745 
180 92 13 24 0.03870077 
356 90 14 25 0.038661446 
603 -45 11 19 0.038615994 
163 138 18 33 0.038612455 
579 254 7 12 0.038598757 
460 27 12 24 0.03858386 
480 311 6 7 0.03855033 
538 -2 10 14 0.03852484 
821 -14 10 13 0.038522806 
639 265 13 32 0.038521726 
405 348 13 20 0.038509987 
998 154 12 30 0.03848995 
329 645 56 66 0.03848574 
781 422 13 24 0.038454305 
1 63 12 24 0.03837835 
768 541 10 21 0.03834224 
210 -8 7 8 0.03831707 
76 634 11 18 0.038305078 
922 311 13 21 0.038266104 
765 58 15 37 0.038252488 
266 190 14 33 0.03821769 
603 156 13 25 0.038216565 
576 634 11 19 0.03821481 
816 232 14 29 0.0382037 
756 143 13 25 0.03819477 
259 257 10 28 0.038137972 
141 -44 11 17 0.038120534 
670 659 7 20 0.0381148 
586 55 15 22 0.038067296 
730 -45 12 19 0.038043663 
91 325 10 18 0.038021926 
934 339 11 19 0.03801048 
922 369 12 31 0.03800527 
997 301 12 20 0.03799741 
613 173 42 74 0.037993904 
525 407 10 13 0.037934102 
791 297 13 24 0.037890755 
961 518 9 20 0.03788947 
846 -45 11 19 0.03787687 
92 339 9 18 0.0378745 
907 114 15 30 0.037872303 
789 203 17 35 0.037837133 
383 646 14 20 0.037824742 
798 568 9 16 0.03780496 
826 494 5 16 0.03780432 
318 630 17 18 0.037797842 
710 -13 8 13 0.037778605 
77 -31 11 16 0.03777237 
26 89 13 28 0.0377264 
505 509 6 13 0.037708245 
388 615 6 11 0.037679743 
875 648 6 17 0.037642304 
589 353 8 18 0.03763773 
578 196 10 20 0.03763336 
357 106 12 26 0.03763213 
791 284 12 22 0.03763063 
744 540 9 20 0.03761393 
305 621 17 17 0.037596934 
16 -28 8 16 0.0375827 
91 313 10 18 0.037550807 
948 18 14 23 0.037546724 
154 270 10 26 0.037522055 
954 151 20 35 0.037458993 
345 214 12 30 0.037457332 
996 105 13 26 0.03742849 
436 -45 11 19 0.03741937 
569 326 6 17 0.0374057 
10 267 15 38 0.037398618 
1017 -15 8 15 0.03738954 
849 492 7 19 0.03738941 
883 42 16 27 0.03738736 
284 -12 8 11 0.03737859 
104 339 10 17 0.03737481 
122 140 24 38 0.037372626 
10 42 29 59 0.03735697 
423 -45 12 19 0.037352778 
579 394 8 17 0.03734848 
806 647 11 20 0.037337318 
81 615 6 12 0.037332803 
104 -44 10 18 0.037332654 
543 597 7 13 0.037304036 
960 608 10 17 0.03726258 
900 184 12 25 0.03725882 
435 79 11 23 0.037254665 
330 402 12 26 0.037236918 
785 -13 9 13 0.037232064 
836 543 11 16 0.037202142 
253 278 16 36 0.0371979 
591 -45 10 20 0.037176173 
241 331 12 28 0.037145548 
838 481 6 18 0.037140954 
589 195 11 22 0.037134755 
694 0 11 15 0.037116036 
646 649 6 15 0.03711437 
932 324 12 20 0.03711256 
718 449 12 32 0.037105232 
709 649 5 16 0.03707523 
80 388 8 22 0.03705171 
832 246 12 24 0.0370398 
681 451 9 25 0.037018526 
319 590 14 20 0.03701014 
846 520 9 16 0.037009507 
987 -15 11 18 0.03699935 
742 181 13 25 0.036982246 
53 -30 10 16 0.0369734 
513 91 11 23 0.036916263 
958 369 13 28 0.036905542 
644 634 7 16 0.036891155 
914 613 6 12 0.036884263 
50 630 12 23 0.03687816 
827 158 104 120 0.036877427 
386 584 7 15 0.0368439 
793 179 13 29 0.036832925 
370 270 12 30 0.036824748 
565 209 9 21 0.036824122 
805 192 13 28 0.036818814 
555 313 9 20 0.03681067 
51 596 9 18 0.03679915 
622 178 16 32 0.036760356 
776 49 20 41 0.036748245 
244 203 11 28 0.036743402 
242 257 13 28 0.036743347 
300 441 7 21 0.03673335 
116 337 12 18 0.036714755 
193 647 13 20 0.036685623 
68 387 8 24 0.03668182 
551 211 9 18 0.036679473 
115 297 12 23 0.036646955 
79 313 9 18 0.036643583 
68 623 8 14 0.036638755 
99 187 48 74 0.036637165 
552 223 8 16 0.036636025 
117 -44 10 18 0.03663584 
377 600 6 12 0.036634684 
729 168 12 24 0.03660326 
579 208 10 22 0.036590997 
645 250 19 37 0.036566284 
305 607 14 18 0.036544587 
117 327 11 16 0.036544368 
289 619 21 19 0.03652728 
663 166 15 28 0.03652569 
971 96 16 32 0.036517065 
375 616 6 10 0.036516257 
319 386 12 29 0.03650359 
563 469 11 16 0.036494926 
346 491 9 23 0.036485244 
180 -45 11 18 0.036466733 
886 410 8 30 0.03642752 
678 41 14 28 0.036409475 
588 207 14 25 0.036403958 
592 623 8 13 0.036355842 
595 181 36 66 0.036351766 
130 -30 9 14 0.03634828 
474 367 9 14 0.03633028 
44 -10 7 9 0.036315933 
440 322 6 7 0.036308978 
298 364 7 21 0.036290903 
442 141 17 28 0.036283065 
502 -12 9 12 0.036274724 
272 -11 8 11 0.036270842 
150 153 15 26 0.036269076 
833 -45 11 19 0.03625854 
465 421 6 14 0.036255162 
205 489 10 23 0.036210593 
829 161 15 35 0.036159724 
357 439 10 24 0.036158662 
325 176 89 110 0.036108904 
447 116 11 26 0.03610552 
663 -33 13 19 0.036103453 
951 -13 7 13 0.03610169 
443 634 19 19 0.0360943 
886 621 7 12 0.03608164 
883 382 12 31 0.036058467 
817 188 14 33 0.03605574 
90 636 9 17 0.03604894 
650 165 16 30 0.03604219 
50 153 14 30 0.036039468 
154 622 11 18 0.036025383 
175 441 15 35 0.0360198 
490 278 8 10 0.03601785 
344 444 11 30 0.036008075 
258 -44 11 18 0.03596556 
624 144 82 104 0.03596179 
295 -45 11 20 0.035957884 
501 418 11 14 0.035943348 
895 164 15 30 0.035937324 
730 479 14 25 0.03593554 
40 606 12 24 0.035930794 
848 332 14 26 0.035918538 
806 444 12 32 0.035905134 
192 256 12 28 0.03586506 
848 506 7 17 0.035862055 
577 182 11 23 0.035851818 
38 349 12 22 0.03581384 
275 559 8 12 0.03580262 
616 -45 11 19 0.035793826 
493 310 6 8 0.035793584 
1 210 9 21 0.035768095 
718 -44 11 17 0.035751667 
810 546 9 19 0.03574515 
975 -16 11 18 0.035731964 
867 125 15 31 0.03572533 
500 276 10 12 0.035724465 
40 -43 10 16 0.035717618 
555 281 6 13 0.035711322 
567 614 6 11 0.035704155 
316 205 15 30 0.035696715 
950 646 9 18 0.035692222 
550 100 16 33 0.035691585 
221 199 9 18 0.035653107 
358 647 13 19 0.035628196 
230 284 12 26 0.035621166 
544 290 6 14 0.035564084 
510 166 14 26 0.035549514 
780 282 14 25 0.035548404 
290 487 16 29 0.03553732 
539 -16 9 16 0.035528842 
949 607 12 19 0.035516325 
192 414 9 23 0.035510786 
742 554 12 24 0.03550801 
519 95 86 85 0.035505585 
797 630 12 20 0.0354706 
845 192 12 27 0.03545995 
589 393 16 35 0.03544684 
807 284 11 21 0.03544114 
208 255 10 26 0.03543657 
441 294 6 11 0.03543592 
554 241 6 13 0.03542924 
539 314 9 18 0.035399884 
680 160 14 30 0.03537298 
350 -10 7 10 0.03536841 
602 143 13 25 0.035365514 
951 595 11 20 0.035362586 
398 313 9 23 0.035336453 
666 -44 12 18 0.035301507 
887 637 7 14 0.03527941 
190 475 11 25 0.035267435 
658 -14 9 13 0.03524186 
386 -45 10 19 0.035241514 
103 361 12 24 0.035215795 
104 293 10 24 0.035213128 
614 193 14 28 0.03521186 
53 645 11 23 0.03521136 
707 179 12 27 0.03521077 
385 218 12 24 0.03519712 
472 174 16 35 0.035170596 
1015 257 11 27 0.035148535 
873 655 9 25 0.03514378 
348 527 10 24 0.03513481 
269 214 12 32 0.035122234 
768 -45 12 19 0.03511763 
683 660 5 18 0.03509285 
356 271 14 28 0.03507012 
988 -49 9 28 0.035060603 
100 166 17 24 0.035055343 
100 654 15 29 0.03503778 
648 663 323 266 0.035015818 
578 264 8 12 0.03500301 
999 -2 12 17 0.03496299 
457 323 5 7 0.034909025 
843 544 15 17 0.03489887 
66 -43 10 16 0.03488955 
172 160 38 73 0.03488378 
62 299 11 21 0.03487827 
178 75 14 26 0.034873813 
104 -30 10 15 0.034867164 
603 178 12 25 0.034842093 
310 477 8 20 0.03484187 
936 411 9 26 0.03484127 
388 395 9 28 0.034837876 
998 140 12 26 0.03483215 
1017 -32 8 22 0.03480236 
90 269 14 35 0.034788437 
949 507 7 15 0.034773093 
657 618 6 20 0.03475884 
728 181 13 24 0.03475854 
878 176 38 63 0.03475852 
883 87 13 27 0.03475546 
948 631 13 20 0.03474117 
166 321 13 29 0.034706965 
222 -9 6 9 0.03469794 
96 113 20 32 0.034692477 
151 170 13 20 0.03469245 
396 98 81 91 0.034683056 
88 165 16 27 0.034625366 
883 337 12 20 0.034619927 
89 -31 11 15 0.034618005 
806 71 17 35 0.034609392 
892 283 15 25 0.034603648 
841 564 21 21 0.034601394 
93 388 8 22 0.034592014 
232 -44 11 18 0.03457563 
527 -15 9 14 0.034562096 
753 178 15 28 0.03454928 
475 -12 10 12 0.034528345 
38 317 13 29 0.034493133 
4 -2 7 12 0.034479637 
792 102 13 28 0.03447656 
257 213 12 32 0.034457423 
627 -45 12 19 0.034456894 
339 281 17 32 0.03444676 
622 70 71 86 0.034414187 
592 485 66 68 0.03439722 
11 305 13 28 0.034379993 
39 70 16 30 0.03437841 
508 427 16 18 0.03437067 
834 272 13 29 0.03433709 
456 434 5 12 0.034296 
792 310 12 22 0.034294832 
514 -13 8 13 0.034285896 
453 174 18 34 0.03426123 
498 -4 12 16 0.03425575 
463 452 10 19 0.034254424 
499 225 13 17 0.03424607 
881 346 14 26 0.034244392 
332 595 10 17 0.034237076 
348 545 9 20 0.034204725 
675 553 44 58 0.03420172 
322 361 12 16 0.03419653 
221 165 10 25 0.03418981 
168 647 11 20 0.03418837 
1012 389 13 24 0.034181844 
383 256 11 28 0.034175273 
345 647 14 17 0.034168024 
167 631 11 21 0.03415668 
794 269 11 25 0.0341513 
674 384 15 31 0.03413091 
764 254 15 29 0.03411901 
289 83 22 37 0.034105718 
873 425 8 28 0.034105014 
632 272 8 22 0.034097992 
150 321 16 28 0.034073923 
826 563 63 73 0.03407083 
245 -44 10 18 0.034069046 
303 277 20 42 0.034017693 
1 190 10 25 0.034013487 
368 655 19 26 0.0340092 
385 307 11 30 0.034008604 
645 622 5 16 0.033997767 
644 157 9 21 0.033979725 
542 301 8 15 0.03396395 
728 462 11 26 0.033956636 
497 237 14 19 0.03395476 
675 420 13 25 0.033941675 
4 434 44 103 0.03394087 
808 104 15 33 0.03393171 
823 480 7 22 0.033893943 
965 556 7 19 0.033884708 
854 299 19 33 0.033877645 
235 -10 8 10 0.033854555 
361 543 8 22 0.033835895 
318 148 17 28 0.033830192 
14 -70 7 20 0.03382399 
592 329 6 17 0.03382292 
385 -31 10 16 0.03379866 
706 -44 11 17 0.033793177 
114 349 13 21 0.033790212 
907 313 12 19 0.033777554 
544 253 6 13 0.03377118 
432 634 20 18 0.033764277 
806 -31 12 17 0.03376284 
783 584 10 13 0.03375207 
47 213 15 33 0.03375086 
896 246 12 22 0.033741392 
744 -13 9 12 0.03373971 
937 520 6 15 0.03373089 
10 494 62 90 0.033715777 
455 442 6 14 0.033671718 
752 253 17 31 0.03364346 
727 193 14 27 0.0336195 
938 613 7 13 0.03361518 
483 172 16 35 0.033613328 
397 -32 11 16 0.03356504 
532 -224 314 192 0.033557195 
479 100 79 89 0.03355655 
499 328 10 12 0.03355398 
16 -43 7 17 0.033519365 
912 598 6 14 0.033504646 
763 195 38 66 0.03349659 
694 -12 9 12 0.03349481 
53 374 10 25 0.03349126 
460 141 14 26 0.033483375 
793 130 11 24 0.03348057 
117 -30 9 14 0.033479325 
716 116 34 67 0.033447485 
966 141 18 29 0.033444386 
678 488 11 27 0.033419102 
527 237 7 14 0.03339776 
794 435 209 220 0.033382475 
88 182 16 24 0.033349384 
1000 400 11 22 0.033339445 
141 341 77 130 0.033334643 
996 319 19 26 0.033330012 
155 -44 10 16 0.03332641 
194 578 15 19 0.033311274 
909 167 14 33 0.033287164 
639 298 11 25 0.03327877 
190 427 11 25 0.033272438 
54 -43 10 16 0.033248812 
975 556 10 20 0.033206444 
180 631 11 20 0.03318933 
241 96 17 33 0.033185568 
135 194 15 23 0.033180475 
984 320 17 26 0.033132 
448 -45 12 19 0.033121508 
316 272 18 34 0.033118274 
342 105 31 60 0.033082314 
984 553 13 24 0.033060864 
683 651 6 15 0.033057656 
477 327 9 10 0.03304009 
168 -44 10 17 0.033019472 
76 192 15 28 0.03301731 
618 313 9 20 0.032991473 
410 538 68 59 0.032987826 
488 240 10 14 0.03298385 
34 268 14 31 0.03295241 
974 -50 10 30 0.032946948 
608 331 5 13 0.032928806 
104 326 10 16 0.032903578 
663 378 103 106 0.032885272 
870 383 12 31 0.032876823 
844 165 13 29 0.032872643 
807 310 13 20 0.032867663 
906 285 16 25 0.032862816 
463 342 8 11 0.032852437 
598 217 14 26 0.032849703 
462 -45 11 19 0.032849297 
298 223 43 74 0.03283765 
3 6 12 21 0.032788575 
316 229 15 28 0.032785024 
414 612 7 14 0.032756675 
870 180 12 27 0.032752108 
27 618 12 26 0.032751143 
129 634 10 19 0.03273256 
820 -46 11 20 0.03272907 
370 294 13 31 0.032711014 
477 389 6 16 0.032706622 
883 62 15 32 0.0326918 
692 270 10 23 0.0326769 
119 459 51 112 0.03267128 
776 72 17 36 0.032659173 
421 635 16 18 0.03265611 
243 -31 11 16 0.03265479 
665 99 83 115 0.032626063 
692 -45 11 18 0.03260769 
819 62 17 34 0.032602627 
502 -45 11 18 0.03259761 
117 313 11 18 0.032578398 
697 649 5 16 0.032567203 
275 617 24 21 0.03256382 
512 417 14 14 0.032545112 
697 660 5 17 0.03253053 
862 439 7 25 0.032525867 
820 -32 11 17 0.032480218 
606 350 9 18 0.032478034 
702 161 82 116 0.032474454 
348 161 31 57 0.03246596 
304 203 19 34 0.032447286 
242 304 13 31 0.032444347 
793 -31 12 17 0.03242942 
934 -34 10 21 0.032425858 
279 320 12 25 0.032391716 
498 175 13 29 0.032387745 
740 141 14 28 0.032381795 
829 331 14 28 0.032377023 
395 233 11 19 0.03232613 
354 360 14 20 0.032301366 
959 396 12 27 0.032296244 
321 -31 11 16 0.03225498 
770 205 94 113 0.03223512 
834 567 15 19 0.032222267 
442 307 5 9 0.032218866 
912 584 7 16 0.03221567 
489 427 10 16 0.032213904 
359 426 9 22 0.032207113 
261 27 77 79 0.032190856 
946 349 12 23 0.03219062 
205 184 9 19 0.032190487 
939 542 6 20 0.032177422 
567 239 7 15 0.032168668 
0 241 10 30 0.032164063 
131 622 9 16 0.032162998 
27 245 12 26 0.03215927 
812 128 32 66 0.032152377 
700 355 191 227 0.032139577 
26 -29 10 15 0.032130107 
320 164 14 25 0.032119602 
142 -30 9 14 0.032112684 
948 411 10 25 0.03209899 
956 596 13 20 0.03207552 
160 112 30 54 0.03206825 
329 279 18 35 0.032067243 
321 -45 11 19 0.032044265 
248 563 7 11 0.03201481 
793 443 13 32 0.03199589 
453 343 6 10 0.031985547 
662 326 16 22 0.031984463 
589 298 9 21 0.031964596 
436 63 12 22 0.03194427 
73 143 36 62 0.03194256 
377 518 6 19 0.03192979 
68 614 6 11 0.031921573 
463 -31 10 16 0.03192064 
859 502 10 24 0.03190292 
845 390 10 22 0.031884536 
601 196 12 22 0.031883292 
884 166 13 27 0.031875994 
963 -32 8 20 0.031857926 
120 172 48 66 0.031848215 
854 354 16 32 0.031846076 
346 475 9 25 0.03180385 
913 571 7 18 0.03180366 
332 -31 12 16 0.031793177 
342 258 14 26 0.03178342 
621 -131 195 205 0.031749446 
980 356 18 29 0.03174759 
778 320 14 30 0.031740747 
946 324 11 20 0.03173203 
884 205 16 29 0.031729158 
280 593 15 21 0.031725157 
632 346 24 28 0.03172102 
205 501 11 25 0.031693697 
518 508 6 15 0.03167228 
689 475 11 25 0.031652834 
569 -12 7 12 0.03164984 
62 63 32 49 0.031642444 
509 6 13 22 0.031624604 
0 103 12 29 0.031624578 
308 -45 12 19 0.031624142 
760 -13 8 12 0.031611264 
607 316 7 16 0.031609893 
24 318 13 29 0.031594377 
1008 426 19 30 0.031591292 
679 -45 12 18 0.031588025 
900 613 6 10 0.031579435 
975 339 12 22 0.031573027 
631 246 10 24 0.031554002 
213 126 28 67 0.031548686 
894 274 13 19 0.031547505 
641 -13 10 12 0.031547435 
987 -33 10 23 0.03153109 
975 -33 10 23 0.031518564 
399 414 6 18 0.031505667 
602 364 11 22 0.031505086 
292 268 18 43 0.031489555 
741 156 13 25 0.031485714 
781 -45 12 19 0.031477705 
281 -34 12 18 0.03145417 
517 519 6 15 0.03142862 
642 -1 12 13 0.031419236 
104 373 11 25 0.031416003 
455 404 5 17 0.0314135 
645 144 10 22 0.031408675 
477 282 7 9 0.031406377 
363 573 7 14 0.031394675 
591 343 6 15 0.031362396 
192 486 11 25 0.03135092 
985 139 15 28 0.031332016 
352 347 15 18 0.031310845 
999 466 33 70 0.031310312 
707 45 37 63 0.031308945 
369 249 14 35 0.031299535 
345 244 12 26 0.031262252 
294 -33 12 18 0.031257 
780 412 14 20 0.031226799 
684 243 10 24 0.031221835 
830 190 14 30 0.031219833 
336 461 8 23 0.031210141 
619 278 7 16 0.031193867 
219 -45 11 18 0.031184155 
871 487 10 30 0.031183824 
487 94 27 51 0.031167205 
473 -45 12 19 0.031120665 
179 323 12 28 0.031116692 
308 -31 11 16 0.03111589 
513 288 11 14 0.031103555 
467 311 6 7 0.03110137 
897 261 11 20 0.03109721 
333 203 12 28 0.031080343 
155 -29 9 14 0.031059414 
343 134 14 32 0.031045008 
111 193 19 26 0.031019334 
0 78 12 24 0.031017074 
452 294 5 9 0.031011572 
676 335 15 27 0.030982515 
526 251 7 15 0.030974492 
889 294 21 30 0.030973392 
12 639 11 35 0.0309436 
582 617 5 9 0.030919189 
962 568 8 18 0.03091657 
600 123 15 29 0.030905558 
538 -57 10 18 0.03089306 
643 129 12 24 0.030882236 
235 574 9 12 0.030861659 
1000 543 11 21 0.030838463 
192 -45 11 18 0.030829206 
377 507 6 16 0.030814342 
795 251 13 29 0.030805858 
608 344 7 13 0.03077707 
167 618 12 22 0.03073057 
416 318 7 13 0.030728659 
768 322 12 26 0.030695911 
720 478 10 22 0.030674491 
39 -30 11 15 0.030637031 
511 439 12 17 0.03063049 
849 222 9 19 0.030618276 
335 48 154 179 0.030607697 
655 -44 11 17 0.03060586 
393 359 16 29 0.030576285 
977 312 11 20 0.03055763 
768 207 16 28 0.03049425 
796 586 8 12 0.030461151 
741 166 40 70 0.030440113 
398 345 14 24 0.030434582 
959 646 11 18 0.03043406 
23 142 15 33 0.030413218 
815 332 17 32 0.030397289 
692 618 10 22 0.030386157 
938 555 7 20 0.03038056 
557 502 18 28 0.03037829 
257 -32 10 16 0.030377975 
269 -34 12 18 0.030358315 
104 313 10 19 0.030355271 
109 126 22 36 0.030349413 
951 540 7 22 0.030347768 
834 258 11 24 0.030338725 
565 587 7 13 0.030323043 
332 232 13 25 0.03031664 
790 119 96 122 0.0303119 
492 583 10 10 0.03031087 
333 -45 11 19 0.030301334 
966 544 6 20 0.030292789 
729 -33 13 17 0.030284666 
609 153 31 60 0.030277658 
679 256 13 28 0.030248027 
765 280 15 27 0.030228956 
4 357 9 35 0.03021385 
784 613 9 13 0.030213067 
41 -54 8 13 0.030199751 
1002 555 14 26 0.030199647 
1014 529 12 21 0.030180128 
325 491 7 19 0.030167125 
543 576 6 11 0.030155323 
691 221 12 29 0.030121671 
25 114 13 28 0.03011422 
601 419 21 29 0.030087637 
618 329 8 15 0.030079478 
10 90 85 103 0.03007691 
9 580 16 38 0.030075822 
909 433 11 33 0.03006924 
26 268 13 32 0.030064568 
365 649 57 65 0.030038927 
807 -46 12 20 0.03002734 
626 -33 13 18 0.03002663 
717 100 13 27 0.030023174 
38 127 12 28 0.029975323 
282 229 12 31 0.029955426 
505 518 6 16 0.029955132 
755 230 16 31 0.029943582 
805 425 11 23 0.029927734 
242 278 17 38 0.029924681 
777 433 14 26 0.029921096 
946 339 11 19 0.029917525 
728 446 11 28 0.029912027 
819 284 12 20 0.029901987 
398 399 7 21 0.029881483 
495 361 41 63 0.029864362 
516 251 8 12 0.029853793 
81 584 8 12 0.029849008 
942 151 20 33 0.029846778 
273 531 8 16 0.029835926 
473 -32 12 18 0.029783648 
847 292 14 25 0.029778553 
767 306 13 29 0.029767657 
178 257 13 27 0.029747125 
564 600 8 13 0.029744746 
801 609 22 20 0.029732304 
347 569 8 16 0.02972847 
80 -54 8 13 0.029716205 
700 304 18 36 0.029704548 
394 177 98 103 0.029694652 
896 204 16 29 0.02969139 
501 307 9 9 0.029671753 
193 230 12 25 0.029662013 
544 281 5 13 0.029645748 
67 -53 8 12 0.0296352 
689 422 12 27 0.029615723 
296 551 9 13 0.029615091 
817 268 13 29 0.029607795 
646 422 24 22 0.029586546 
321 514 12 25 0.02958051 
458 156 15 25 0.029564278 
787 94 34 64 0.029559799 
397 322 15 30 0.029550022 
635 435 18 18 0.029540382 
580 378 7 14 0.029539056 
704 447 12 29 0.029522805 
655 -32 12 17 0.029504262 
369 112 29 50 0.029494666 
527 -56 10 15 0.02948228 
362 559 8 17 0.02945465 
803 398 14 19 0.029449616 
583 353 6 17 0.02944509 
616 337 49 55 0.029430186 
180 -30 10 14 0.029430091 
362 586 7 12 0.029426025 
487 213 9 17 0.029414568 
962 326 11 19 0.0294041 
1014 301 13 22 0.029393487 
1000 -49 8 28 0.029378084 
52 127 13 28 0.02937547 
386 369 14 33 0.029359097 
345 556 11 20 0.029350674 
153 645 13 22 0.029333608 
807 416 10 17 0.02932914 
384 79 27 48 0.029327484 
689 178 13 28 0.029327402 
830 217 13 25 0.029318392 
28 -43 9 17 0.029304776 
4 568 9 21 0.02927946 
169 -29 9 14 0.029276459 
267 163 16 35 0.029271448 
1 118 11 30 0.029254531 
794 -45 12 19 0.02924454 
151 181 15 24 0.029239254 
281 203 14 32 0.029230537 
782 -32 11 18 0.029213702 
222 186 8 18 0.029206516 
789 395 17 20 0.029197289 
385 462 10 26 0.029167373 
206 207 11 25 0.029150324 
778 177 16 32 0.029133629 
93 298 8 20 0.029132139 
155 246 11 17 0.029122405 
977 300 9 21 0.02911292 
450 71 79 92 0.029086348 
544 265 5 13 0.029078696 
802 228 14 31 0.02907555 
434 607 15 20 0.029075151 
966 47 19 33 0.029055957 
186 18 66 87 0.029049976 
716 -32 12 17 0.029030312 
13 544 12 20 0.029018601 
974 383 13 28 0.02901097 
400 432 6 15 0.02897097 
639 122 32 60 0.028956158 
451 468 7 17 0.028931404 
755 -34 12 19 0.028928798 
331 567 11 18 0.028918553 
925 585 6 15 0.028902778 
345 401 10 22 0.028883731 
865 323 16 25 0.028877173 
741 -33 13 17 0.028867828 
478 568 70 76 0.028866002 
194 596 11 18 0.028861603 
411 277 7 17 0.028852703 
190 189 15 35 0.028852103 
190 448 11 27 0.028836116 
867 30 14 23 0.028830733 
513 277 11 14 0.028830266 
579 239 8 15 0.028807437 
745 466 9 19 0.028799789 
785 633 8 16 0.02871822 
702 406 13 26 0.028698577 
453 455 6 15 0.028696118 
640 -45 12 18 0.02869413 
892 310 16 24 0.028689934 
727 272 16 25 0.028684357 
590 -33 10 18 0.028655652 
824 538 7 12 0.028655112 
678 -34 12 19 0.028644456 
115 261 13 25 0.028634634 
11 530 14 24 0.028601551 
850 467 6 20 0.028596707 
875 637 6 13 0.028593104 
642 170 10 24 0.028580615 
511 402 17 20 0.02856385 
268 267 14 36 0.028559892 
67 399 10 25 0.028547194 
357 255 13 28 0.02854176 
92 400 10 23 0.02852646 
789 53 19 36 0.028499497 
477 293 7 9 0.02849397 
884 459 9 32 0.028452678 
320 527 10 20 0.028450886 
767 -33 12 18 0.028442157 
25 54 19 37 0.028426195 
235 594 12 19 0.028410714 
555 420 7 12 0.028408868 
218 563 8 11 0.028402628 
859 516 11 21 0.028402299 
516 316 8 11 0.028401662 
2 99 30 75 0.028396444 
267 622 66 66 0.028394789 
886 611 7 12 0.028383726 
375 493 7 18 0.028378062 
206 -45 11 18 0.02837098 
330 386 13 28 0.028356323 
896 232 14 23 0.02835536 
410 -32 10 15 0.028342143 
568 420 5 12 0.028331444 
92 614 7 13 0.028315132 
998 284 11 25 0.028300105 
963 341 9 16 0.02827828 
587 153 14 30 0.028261652 
345 -31 11 16 0.028259033 
296 635 62 69 0.028232692 
692 311 13 28 0.028226456 
712 242 15 28 0.028211966 
624 21 73 83 0.028196229 
166 260 12 23 0.028169874 
944 10 30 52 0.028131796 
165 245 13 21 0.028109271 
502 405 11 16 0.028108822 
665 599 12 26 0.028085629 
492 408 8 13 0.028061489 
290 458 5 13 0.028041767 
467 294 6 9 0.028032912 
513 -34 11 18 0.028021362 
399 264 8 18 0.028016435 
528 326 9 16 0.028011685 
355 295 15 29 0.0279834 
555 427 7 14 0.027970456 
88 203 17 34 0.027970366 
952 585 7 14 0.027963612 
292 473 4 11 0.027939295 
449 -30 10 14 0.027936025 
998 474 15 35 0.027915638 
55 -54 8 12 0.027913587 
802 628 17 21 0.02790432 
786 576 7 11 0.027895015 
479 422 7 13 0.027890475 
610 433 20 23 0.02788115 
907 209 24 31 0.027841622 
719 492 13 21 0.027840583 
46 109 34 70 0.02783766 
614 -33 12 19 0.027837003 
80 400 9 23 0.027835423 
501 391 11 16 0.027822463 
466 467 8 16 0.027819125 
369 74 29 56 0.027802765 
768 307 42 74 0.027796216 
917 284 19 28 0.027781747 
457 380 6 14 0.027763046 
4 19 72 89 0.027759952 
178 467 13 32 0.027756037 
1014 284 12 25 0.027749037 
726 80 17 36 0.027730653 
1005 121 30 58 0.02770944 
663 372 18 34 0.027704963 
602 -33 11 18 0.02766648 
703 387 19 34 0.027663909 
397 557 11 18 0.027647622 
242 348 12 24 0.027645554 
653 327 15 20 0.027638888 
557 490 18 24 0.027632266 
232 -31 11 16 0.02762901 
927 189 102 126 0.027627146 
28 -55 8 14 0.027625196 
4 -14 6 14 0.027592998 
393 217 14 25 0.027590713 
204 646 15 20 0.02758004 
999 271 10 24 0.027564177 
722 650 5 15 0.027557885 
318 191 14 27 0.02755545 
762 146 35 60 0.027532581 
513 303 9 12 0.027517762 
492 393 7 14 0.027511608 
676 553 16 23 0.027497698 
2 381 12 43 0.027460668 
923 423 10 28 0.027445976 
437 -32 9 16 0.027439589 
655 104 32 55 0.027390657 
1008 586 19 29 0.027370628 
995 61 15 28 0.027302805 
664 313 15 24 0.027262703 
105 387 10 23 0.027241517 
988 285 11 25 0.02723265 
593 617 6 10 0.027227143 
272 294 12 29 0.027218126 
647 355 21 27 0.027217414 
652 312 14 23 0.027194237 
524 428 11 14 0.027181298 
479 263 7 12 0.027150547 
949 -31 9 18 0.027142627 
884 327 12 17 0.027124621 
765 93 32 65 0.0271088 
361 416 7 19 0.027094219 
399 569 10 17 0.027080577 
487 -45 11 18 0.027078006 
40 592 13 23 0.027006255 
764 175 18 33 0.027001128 
847 312 11 20 0.026996268 
572 408 5 12 0.026992504 
480 252 8 13 0.026989622 
604 -55 8 14 0.026988603 
950 147 39 63 0.026986053 
322 257 39 67 0.026981907 
414 325 9 17 0.026957601 
495 360 21 18 0.026956007 
664 367 36 65 0.02695035 
987 530 10 18 0.026943965 
711 257 17 28 0.026940841 
163 489 17 42 0.026913727 
651 340 18 20 0.026909275 
513 239 9 14 0.026907554 
272 519 7 15 0.02690118 
83 94 21 33 0.026898783 
690 408 13 27 0.026885854 
376 441 8 23 0.026881864 
924 116 13 24 0.026864419 
193 631 13 20 0.02686089 
883 182 13 27 0.026855763 
396 245 11 19 0.026834516 
373 -45 11 19 0.02683307 
591 230 11 22 0.026826464 
331 132 33 62 0.026801474 
728 98 34 59 0.02679231 
870 209 14 25 0.026776735 
190 498 14 29 0.026776116 
369 361 14 22 0.026775045 
681 74 15 32 0.026733577 
542 417 9 14 0.026728733 
115 636 11 17 0.026727509 
0 575 11 31 0.026714282 
704 161 38 65 0.026712447 
372 -31 10 16 0.026700556 
561 143 14 26 0.026690634 
76 86 19 32 0.026685283 
961 412 9 23 0.026658867 
598 370 18 37 0.026642533 
215 364 15 27 0.026608158 
632 183 163 177 0.026604874 
289 192 38 72 0.026595071 
356 655 17 24 0.026573539 
833 300 11 17 0.026554931 
127 347 14 23 0.026538359 
331 246 14 27 0.026535612 
529 316 7 13 0.026514145 
669 632 7 19 0.026510399 
115 361 12 24 0.026500335 
897 89 35 61 0.02649567 
530 577 6 11 0.026489995 
933 109 17 29 0.026472282 
577 -56 9 16 0.02646515 
359 -31 11 17 0.026449062 
976 323 11 21 0.026448628 
126 364 48 93 0.026437301 
437 352 8 14 0.026437186 
513 263 9 12 0.026433468 
861 423 8 30 0.026421681 
191 567 16 19 0.026404131 
675 22 17 31 0.026399752 
527 593 9 15 0.026361933 
249 167 30 70 0.026359696 
488 225 9 14 0.026343193 
555 459 6 11 0.026329456 
948 654 12 27 0.026321432 
961 299 11 23 0.026321348 
874 122 34 61 0.026311828 
897 446 10 32 0.02629892 
765 227 16 33 0.02629604 
679 435 11 26 0.026295757 
11 286 100 114 0.026284514 
399 585 9 16 0.02626212 
977 546 8 17 0.02626136 
485 463 10 19 0.026245994 
850 240 8 15 0.026244601 
940 511 5 12 0.026244484 
797 144 33 65 0.026233478 
985 101 32 57 0.026233308 
783 196 37 69 0.026228433 
2 542 11 21 0.026223281 
514 -55 9 14 0.026215745 
500 193 11 21 0.026204512 
568 444 6 14 0.026194664 
667 -55 10 14 0.026182786 
212 53 74 87 0.026179837 
289 486 6 12 0.026176907 
132 611 6 14 0.026123332 
791 319 16 31 0.026112638 
453 310 6 7 0.026112475 
447 610 14 18 0.026102884 
362 601 7 11 0.026075236 
844 369 13 27 0.026067257 
510 136 30 58 0.026060745 
1016 -49 8 29 0.026055677 
346 -45 11 19 0.026034998 
395 385 11 27 0.02601489 
75 251 15 37 0.025978766 
4 66 30 65 0.025976498 
2 -31 7 19 0.025970949 
819 405 10 14 0.025947364 
403 359 17 26 0.025943032 
656 660 9 21 0.02593497 
205 631 14 20 0.025931435 
713 211 17 32 0.025919257 
375 428 8 23 0.025914883 
750 409 20 23 0.025909815 
529 518 7 16 0.025890823 
550 -57 10 18 0.025871055 
517 100 30 56 0.025861299 
280 562 36 44 0.025849445 
795 304 41 68 0.025846673 
234 582 11 16 0.025845729 
809 584 12 15 0.025842065 
275 81 23 41 0.0258351 
491 294 7 9 0.025808578 
360 529 8 23 0.025804963 
553 87 17 31 0.02578768 
556 482 8 13 0.025784807 
625 195 14 28 0.025770787 
678 604 13 25 0.025763035 
113 646 13 21 0.025761906 
32 70 32 56 0.025756465 
504 531 6 19 0.025730096 
996 374 14 24 0.02571599 
579 424 8 20 0.02570096 
193 332 13 27 0.025695305 
104 637 9 17 0.025690345 
969 121 18 33 0.025672806 
593 277 8 13 0.025655268 
799 385 19 22 0.025651632 
207 516 9 22 0.02564708 
656 586 13 24 0.025636833 
617 -55 8 14 0.02562626 
408 188 18 30 0.025625836 
703 217 14 30 0.025625069 
215 630 17 21 0.02561905 
817 583 16 19 0.025609784 
931 205 38 30 0.02558271 
934 651 14 33 0.02557043 
20 246 36 70 0.02554422 
649 435 16 18 0.025535714 
233 561 8 12 0.025534652 
655 -55 9 14 0.025528956 
561 642 16 26 0.025527876 
557 471 7 12 0.02552429 
348 598 8 13 0.025512656 
228 630 18 22 0.025486728 
677 358 16 32 0.02546043 
423 -32 10 15 0.025424484 
962 311 11 21 0.025410477 
143 -55 8 14 0.025395941 
179 244 14 25 0.02538071 
280 292 46 86 0.025364684 
554 575 6 13 0.025347311 
754 323 12 25 0.025332058 
456 420 5 13 0.025324086 
962 505 8 17 0.025323953 
455 355 5 11 0.025322465 
808 245 37 68 0.025311464 
180 400 10 24 0.02531127 
385 520 7 17 0.025310718 
424 340 9 14 0.025308225 
488 494 8 17 0.025302166 
48 268 14 31 0.025293468 
176 484 12 30 0.025280524 
476 222 10 18 0.025277408 
591 -55 9 14 0.025267472 
670 479 7 17 0.025263445 
378 656 21 25 0.025259702 
670 454 8 16 0.025230225 
840 103 35 64 0.025222842 
565 -57 9 17 0.025217064 
271 181 35 70 0.025199918 
471 13 69 87 0.025194064 
834 421 9 30 0.025189161 
142 248 10 15 0.025182376 
821 416 8 17 0.0251734 
141 645 13 21 0.025149452 
1 603 8 32 0.025147868 
769 574 9 14 0.025143685 
535 86 30 59 0.02513375 
590 289 9 16 0.025131097 
423 606 14 20 0.025121467 
155 -55 9 14 0.02511967 
203 464 12 24 0.02511096 
856 118 32 62 0.025104444 
512 391 14 20 0.025098514 
629 -55 9 14 0.025079338 
587 631 14 22 0.025078507 
334 548 9 15 0.02503681 
261 562 7 10 0.02503617 
925 571 7 17 0.024986515 
790 222 19 41 0.024931714 
457 635 18 17 0.024920339 
928 558 5 16 0.024910904 
851 29 19 33 0.02490854 
822 94 36 64 0.024873998 
660 193 20 41 0.024869496 
517 577 6 10 0.024807436 
826 510 5 14 0.024795579 
593 265 8 12 0.024774868 
529 278 7 14 0.024764096 
92 -54 8 13 0.02475238 
192 383 10 26 0.02474263 
934 61 17 32 0.024738707 
315 244 17 29 0.024721172 
335 528 10 21 0.024711207 
849 -66 154 161 0.024688024 
990 -191 22 28 0.024677781 
421 592 16 25 0.024677375 
95 135 25 38 0.024643475 
755 478 10 19 0.024636727 
549 97 168 175 0.024621595 
565 144 33 64 0.024619523 
974 619 12 18 0.02461466 
292 191 16 29 0.024597054 
127 645 13 21 0.02459654 
5 557 8 19 0.024591649 
834 390 10 19 0.02458264 
13 -85 8 24 0.024576254 
931 120 43 60 0.024562217 
487 -32 11 17 0.024540408 
530 506 6 15 0.024526134 
897 345 162 224 0.02451043 
997 79 13 26 0.024494553 
1000 411 12 25 0.024488777 
286 491 9 18 0.024486545 
852 185 34 63 0.024465414 
502 214 9 14 0.024451317 
687 140 33 68 0.0244409 
662 254 15 29 0.0244396 
768 399 40 67 0.024437828 
304 227 17 32 0.02443442 
269 146 17 31 0.024428898 
331 646 14 16 0.024423478 
691 491 11 22 0.024421325 
279 143 43 75 0.024413116 
652 567 17 23 0.024412207 
168 -55 9 14 0.02440049 
463 405 6 16 0.024369135 
477 359 7 10 0.024359807 
977 409 12 28 0.024346653 
3 529 10 24 0.02432315 
926 598 7 15 0.024279391 
359 -45 11 19 0.024269829 
939 570 7 19 0.0242656 
637 452 15 20 0.024247212 
907 272 13 21 0.024239417 
10 459 16 38 0.02423775 
908 260 13 21 0.024225764 
542 341 8 15 0.024213383 
683 617 10 22 0.024184925 
130 -55 9 14 0.024183722 
399 597 9 15 0.024163058 
63 216 14 31 0.024159258 
791 72 16 31 0.02414498 
666 436 11 19 0.02411532 
954 572 6 15 0.024110517 
533 146 33 60 0.024093 
242 227 13 31 0.024085207 
680 -56 10 15 0.024079889 
554 -15 8 15 0.024074629 
2 -45 7 21 0.024065219 
48 240 15 32 0.024034662 
803 320 18 31 0.024032934 
146 464 40 89 0.024026686 
219 -31 10 16 0.024013313 
706 473 41 61 0.023999654 
692 353 18 34 0.02399287 
728 261 15 23 0.023986805 
502 -56 9 15 0.02397905 
155 490 231 178 0.023968693 
576 466 11 21 0.023933547 
166 605 13 20 0.02393348 
524 169 32 54 0.023920355 
906 246 15 23 0.023916861 
223 13 157 151 0.02387967 
178 595 13 18 0.023877991 
547 3 69 83 0.023844805 
499 -32 11 17 0.023793424 
668 615 8 24 0.023783803 
629 231 10 25 0.023768498 
566 461 7 13 0.023768393 
85 190 33 72 0.023757016 
658 604 8 21 0.02375204 
518 529 6 20 0.02375006 
738 25 18 30 0.02373351 
10 639 65 109 0.023729838 
614 103 35 63 0.023716737 
375 413 7 22 0.023703186 
709 660 5 17 0.02368611 
918 85 19 35 0.02367634 
440 396 6 13 0.023673983 
112 654 15 29 0.023664372 
0 259 11 28 0.023660846 
489 505 8 17 0.023651976 
283 347 11 28 0.023623249 
343 655 18 22 0.023606183 
777 159 34 67 0.023596691 
165 149 78 121 0.02359402 
983 164 17 36 0.023586135 
953 556 7 19 0.023571515 
479 240 8 12 0.023571273 
850 305 36 52 0.02356178 
359 385 11 23 0.02356044 
244 240 138 247 0.02355351 
304 258 18 31 0.023545474 
984 421 13 27 0.023543902 
960 582 9 18 0.023536036 
52 397 12 28 0.023530912 
573 57 14 24 0.023521027 
1007 329 19 30 0.023508238 
722 509 20 28 0.023461834 
741 124 37 61 0.023459807 
617 425 47 63 0.02345427 
796 19 36 60 0.023447983 
372 384 10 27 0.023439562 
580 457 8 18 0.023432981 
65 151 13 32 0.023425616 
363 142 31 57 0.023419792 
529 306 7 12 0.023398368 
891 40 28 63 0.023397861 
144 610 8 14 0.023379596 
781 597 11 15 0.023372637 
573 644 15 23 0.023369052 
222 262 34 68 0.023367038 
997 -162 14 49 0.023353163 
437 -56 9 15 0.023343991 
614 212 14 31 0.023338508 
154 237 12 15 0.023331191 
486 478 10 22 0.023325218 
155 609 9 14 0.023318624 
602 275 9 15 0.02331563 
490 -12 9 12 0.023287363 
958 108 17 31 0.023281047 
680 281 10 22 0.023273163 
79 351 35 75 0.023272883 
503 546 6 18 0.02326325 
155 155 38 61 0.023258701 
444 500 19 27 0.023228958 
296 349 10 23 0.023217693 
863 147 33 63 0.023171948 
683 0 33 53 0.02316837 
142 331 42 85 0.023146305 
436 237 10 12 0.023116644 
639 -32 13 16 0.023101196 
990 314 39 57 0.023084074 
138 87 31 55 0.023074877 
479 407 6 14 0.023060076 
130 246 11 18 0.023057975 
756 209 13 24 0.023052571 
395 647 17 19 0.02303333 
876 621 7 12 0.02303323 
540 407 8 14 0.0230225 
160 590 19 22 0.023013746 
797 68 35 69 0.022974232 
702 422 13 25 0.022914046 
580 158 36 68 0.022897903 
754 306 14 28 0.022893285 
181 -55 9 14 0.02289125 
829 262 35 58 0.022891195 
120 20 26 44 0.022890713 
724 292 19 32 0.022877492 
642 -55 9 14 0.02287503 
755 569 12 20 0.022871306 
-63 202 903 903 0.02284478 
473 152 30 61 0.022838885 
502 291 10 12 0.022831513 
861 240 31 47 0.022822758 
753 491 11 20 0.022796296 
740 256 17 28 0.022763018 
0 296 12 28 0.022754552 
475 -56 9 16 0.022753756 
23 346 14 30 0.022749392 
706 -33 11 17 0.02274266 
78 299 9 21 0.022737553 
98 214 17 35 0.022732742 
525 443 9 14 0.02272842 
132 140 35 57 0.022726038 
960 284 11 24 0.022713162 
344 385 12 25 0.022693109 
701 203 36 68 0.022680115 
191 291 30 65 0.022677382 
497 53 77 83 0.022676898 
837 295 108 121 0.02265999 
508 354 16 17 0.022649433 
459 625 13 15 0.022636414 
503 496 7 15 0.02262886 
308 351 11 18 0.022615505 
650 277 14 30 0.022607595 
604 286 9 21 0.022602316 
645 614 6 12 0.022578454 
342 101 79 95 0.0225542 
462 -56 10 16 0.022542369 
68 585 8 10 0.022529552 
483 340 49 52 0.022514096 
360 505 7 19 0.022500243 
348 585 8 16 0.022497993 
271 -55 9 14 0.022497747 
413 266 6 14 0.02249193 
624 450 18 21 0.02246039 
707 493 10 17 0.02242413 
652 296 13 25 0.022419868 
117 622 9 16 0.02239852 
76 227 13 33 0.0223926 
298 381 8 31 0.022389807 
691 -33 11 17 0.022365715 
569 338 7 17 0.022360027 
592 249 9 17 0.022359047 
663 556 17 22 0.02231747 
935 79 20 35 0.022307089 
223 171 30 61 0.022304235 
795 -56 10 15 0.022296943 
17 189 33 62 0.022288471 
820 424 10 24 0.022274273 
38 579 13 21 0.0222672 
786 561 7 14 0.02226418 
311 153 39 68 0.0222543 
333 333 43 61 0.022228366 
688 496 48 50 0.022221528 
581 441 7 18 0.022215895 
308 491 9 19 0.022198796 
172 5 28 41 0.022197679 
333 173 29 57 0.022196861 
900 598 7 12 0.022189815 
449 -56 10 15 0.022181064 
488 -56 9 15 0.02217574 
692 605 11 21 0.022160333 
552 491 13 19 0.022150114 
190 531 12 19 0.022120113 
195 351 10 21 0.022111205 
471 78 27 51 0.022106403 
53 584 9 14 0.022105394 
421 144 32 50 0.022095356 
411 252 10 13 0.022095246 
695 285 10 22 0.022093214 
673 169 39 75 0.02208061 
693 -55 9 14 0.022076558 
628 215 12 29 0.022063449 
887 357 30 75 0.022047466 
691 23 18 35 0.022044597 
569 244 167 160 0.022043353 
467 281 6 10 0.022032011 
917 270 18 26 0.02202348 
243 274 34 64 0.02200976 
280 279 18 40 0.0220025 
611 357 19 32 0.021998132 
627 554 44 72 0.021990899 
657 27 29 52 0.021989502 
1011 210 15 36 0.021980716 
1008 604 19 27 0.02198007 
260 530 7 19 0.021979485 
477 341 9 12 0.021971809 
831 375 13 21 0.021962529 
841 114 16 31 0.021944877 
529 264 7 14 0.021940691 
65 410 12 29 0.021936914 
73 130 19 44 0.021927904 
89 239 12 31 0.021915887 
316 355 36 74 0.021915093 
947 463 42 82 0.021913694 
117 -55 9 14 0.021903824 
999 530 10 17 0.021900691 
36 563 14 24 0.021898296 
374 202 12 27 0.021895405 
706 -55 9 14 0.021891065 
272 218 34 77 0.021889266 
623 289 38 68 0.021882595 
740 322 13 26 0.021870466 
279 161 17 34 0.02185253 
748 420 23 32 0.02184844 
488 339 11 14 0.021831904 
719 -55 9 14 0.021823557 
996 205 15 41 0.021812024 
22 572 15 29 0.021808678 
633 623 5 13 0.02179954 
9 406 17 50 0.021791829 
754 280 15 26 0.02178535 
959 654 13 26 0.021782147 
514 328 10 15 0.02176909 
398 546 10 18 0.021735698 
671 469 7 16 0.021708295 
207 -30 10 14 0.021695795 
807 598 16 15 0.021688482 
527 455 7 14 0.021683363 
414 595 9 18 0.021683121 
293 231 14 28 0.021660764 
799 601 8 11 0.021659805 
277 592 41 46 0.021654837 
959 464 11 22 0.021652848 
283 -55 9 14 0.021644473 
825 523 5 12 0.021643052 
974 284 12 24 0.02163468 
105 401 10 21 0.021632876 
744 -55 10 14 0.02163049 
278 496 5 11 0.021617496 
782 -55 10 14 0.021612993 
347 555 230 205 0.021608869 
756 -55 10 14 0.021591501 
763 422 19 29 0.02158257 
101 350 39 76 0.021575516 
638 462 15 24 0.021572083 
255 327 15 32 0.021536125 
845 345 15 28 0.02150298 
987 271 11 26 0.021498272 
827 346 17 28 0.021488188 
782 382 26 24 0.02148185 
398 216 168 166 0.021449437 
512 344 13 14 0.0214469 
708 633 6 17 0.021446424 
731 -55 10 14 0.021422362 
990 476 10 25 0.0214112 
668 489 10 22 0.021410111 
1001 2 27 48 0.021393836 
527 343 9 13 0.021385906 
103 41 26 49 0.021382693 
355 370 14 25 0.021366615 
828 -6 29 51 0.021362077 
705 95 35 63 0.02135872 
940 585 6 15 0.021357836 
79 264 151 192 0.02135651 
695 630 8 20 0.021337936 
76 18 88 80 0.021326318 
555 410 6 10 0.021323454 
698 277 38 61 0.021308461 
405 645 22 23 0.021306483 
261 548 7 14 0.021296889 
579 603 8 12 0.021291116 
602 265 9 14 0.02129035 
275 509 6 12 0.021287508 
33 279 29 56 0.021280618 
694 667 7 30 0.021259975 
554 445 7 13 0.02125923 
807 166 33 66 0.021253323 
431 593 18 23 0.021241091 
193 641 42 58 0.021234268 
499 342 13 15 0.021233344 
972 463 13 24 0.021221565 
932 152 17 30 0.021186594 
422 351 11 16 0.021164248 
770 -55 9 14 0.021161836 
407 52 28 45 0.021153213 
900 346 29 68 0.021146461 
68 599 7 12 0.021145148 
179 382 12 31 0.021144312 
706 479 10 22 0.021141818 
886 474 9 29 0.021122545 
773 648 6 19 0.021122092 
642 185 13 28 0.021117136 
605 300 8 20 0.021103589 
192 -30 10 14 0.02109243 
99 96 19 30 0.021067627 
868 84 15 30 0.021052701 
89 582 11 15 0.021029472 
81 597 8 13 0.021009637 
766 581 14 17 0.020972947 
540 604 11 22 0.020969331 
105 -55 8 14 0.020966524 
67 178 34 60 0.02095518 
360 400 9 21 0.020942267 
993 132 29 66 0.020914571 
754 231 39 66 0.020904697 
277 487 5 11 0.020892272 
828 582 18 18 0.020889474 
297 335 39 69 0.020871928 
914 560 7 14 0.020855673 
619 250 9 18 0.02085067 
526 393 10 16 0.02084337 
726 427 41 82 0.02083949 
263 271 34 73 0.020837136 
441 456 7 14 0.020831186 
258 -55 9 13 0.020825434 
526 289 9 14 0.020816162 
425 -55 9 14 0.02081318 
813 592 25 20 0.020802751 
54 148 31 58 0.020777648 
973 612 11 15 0.020762684 
998 -137 12 52 0.020757817 
263 518 6 17 0.020752065 
331 368 15 27 0.020745281 
491 546 7 18 0.020743052 
980 62 18 30 0.020740146 
111 218 16 26 0.020723175 
318 645 16 18 0.020720426 
61 659 17 42 0.020713357 
445 582 46 63 0.020711109 
931 271 17 28 0.020710362 
1004 35 30 56 0.020692194 
972 564 14 25 0.020672563 
617 263 9 16 0.020669196 
410 218 13 22 0.020666257 
665 299 11 21 0.020661103 
859 -56 10 16 0.020653155 
306 526 12 24 0.02064883 
1 166 29 66 0.020621128 
932 128 16 29 0.020614475 
139 344 15 28 0.020583816 
105 621 9 16 0.020582028 
526 379 10 18 0.020571725 
531 469 6 16 0.020570641 
971 122 36 61 0.020567693 
175 508 15 33 0.020557664 
359 492 8 21 0.02055204 
832 158 32 64 0.020546885 
78 411 11 25 0.020537369 
796 229 33 64 0.0205356 
413 51 70 88 0.020530337 
682 631 8 19 0.020528713 
44 386 42 83 0.020523693 
486 439 12 18 0.020523427 
431 200 17 29 0.02048908 
28 101 36 69 0.020484077 
584 452 51 65 0.02045615 
632 560 24 23 0.020443954 
1001 428 11 22 0.020433398 
863 51 20 35 0.020406514 
813 33 20 34 0.020404693 
987 190 13 32 0.020403763 
393 105 27 49 0.020390583 
561 55 16 28 0.02039002 
398 445 6 14 0.020369422 
360 516 7 22 0.020348718 
646 343 38 57 0.020337675 
460 592 13 18 0.020330718 
428 496 52 65 0.02032609 
926 521 6 13 0.020319542 
846 420 9 32 0.020318776 
117 386 10 23 0.020303542 
822 58 27 56 0.020283781 
64 239 14 35 0.020277852 
594 137 33 60 0.020275509 
678 317 12 21 0.020265205 
293 320 12 25 0.020251721 
755 462 11 20 0.020245278 
623 462 19 25 0.020232793 
606 616 5 10 0.020225316 
997 561 42 64 0.02021255 
83 118 23 44 0.020206016 
728 321 14 27 0.020204788 
713 302 18 36 0.020204617 
3 -59 6 22 0.020204041 
664 503 14 27 0.020174036 
553 172 34 66 0.02017181 
988 462 11 24 0.02016102 
879 308 18 25 0.020160867 
739 295 16 27 0.020144517 
102 243 12 25 0.020105831 
721 634 6 15 0.020093247 
218 502 10 26 0.02009168 
1 750 72 72 0.020090666 
752 502 13 24 0.020078646 
307 182 13 23 0.02006422 
457 369 5 12 0.020050237 
965 74 31 56 0.02004978 
691 194 11 25 0.020034503 
164 237 13 17 0.0200255 
214 636 53 61 0.020010678 
523 363 13 16 0.020004403 
91 411 11 24 0.019992262 
846 -56 10 16 0.019985113 
778 127 32 59 0.019979434 
676 80 34 56 0.019970514 
233 -55 8 14 0.019962683 
500 376 12 14 0.019928839 
542 427 8 15 0.019899977 
152 0 29 39 0.019846119 
461 221 14 21 0.019844245 
162 552 23 23 0.019842727 
37 182 29 54 0.01983618 
720 543 52 75 0.019811708 
839 543 62 55 0.019800248 
719 318 45 74 0.019796347 
665 281 12 24 0.019792207 
128 361 12 25 0.01976119 
455 87 150 165 0.019727075 
391 53 27 47 0.01972202 
163 517 15 34 0.01970912 
727 524 16 24 0.019708494 
411 236 10 14 0.019702924 
810 327 39 63 0.019699771 
597 57 28 46 0.01969503 
529 494 7 17 0.019685574 
918 98 41 65 0.019684635 
37 231 36 72 0.01967975 
460 580 15 17 0.019676086 
62 280 13 30 0.019666845 
374 50 28 49 0.01965753 
833 84 13 30 0.019653331 
802 336 19 31 0.01964981 
530 481 7 17 0.019630913 
148 221 44 66 0.019627249 
78 -38 144 161 0.019589704 
441 468 7 17 0.019584354 
525 354 11 14 0.01958179 
194 -55 9 14 0.019535083 
978 531 8 19 0.019525778 
220 -55 9 14 0.019510422 
820 649 11 16 0.019500999 
1 325 28 72 0.01949731 
373 399 9 24 0.019475264 
651 451 13 19 0.019474156 
862 657 9 22 0.019463249 
553 631 13 21 0.01944332 
302 145 21 32 0.019432051 
396 143 36 51 0.019403728 
293 213 15 31 0.019381555 
207 -55 9 14 0.019365042 
499 157 32 62 0.019362867 
619 418 94 104 0.01935749 
246 -55 8 14 0.0193442 
858 533 13 17 0.019329559 
167 323 34 74 0.019316837 
619 616 5 10 0.019305471 
705 508 13 17 0.019294644 
987 -79 10 32 0.01929043 
591 421 13 26 0.019269776 
105 9 28 42 0.019267224 
411 -55 9 14 0.019254994 
296 -56 9 15 0.01924185 
159 411 35 70 0.019241787 
943 269 16 28 0.019229323 
816 388 14 18 0.019227946 
938 600 7 13 0.019226793 
676 212 16 33 0.019221202 
981 191 40 85 0.019219015 
923 -45 10 20 0.01921688 
588 447 13 29 0.019214664 
159 404 80 134 0.019210096 
157 578 24 24 0.019202866 
998 256 11 27 0.019201383 
693 296 13 26 0.019200265 
964 219 39 77 0.01919678 
574 141 14 28 0.019191444 
681 521 51 66 0.019187337 
221 -2 68 84 0.019177837 
569 379 6 13 0.019172044 
727 245 15 26 0.019159373 
184 245 28 69 0.019151112 
816 297 39 52 0.019150175 
649 369 19 28 0.019144535 
435 224 11 16 0.019132763 
619 231 9 22 0.01911234 
333 61 31 54 0.0190881 
999 -97 11 45 0.019075857 
198 176 80 120 0.019069567 
699 523 22 26 0.019060355 
119 327 39 58 0.01904126 
463 236 10 13 0.018992823 
662 -20 78 87 0.01899141 
26 -68 9 17 0.018991252 
309 -56 9 15 0.018976323 
458 204 16 28 0.018968515 
549 137 32 58 0.018947665 
465 252 8 12 0.018937074 
39 372 12 27 0.018914055 
321 -56 10 15 0.018871639 
205 453 10 19 0.018866453 
857 546 15 15 0.018860565 
827 593 21 16 0.018831138 
807 -56 11 16 0.018825298 
819 658 13 23 0.018822225 
1 231 31 77 0.018808171 
427 281 6 14 0.018807666 
303 630 20 20 0.018806336 
711 345 21 37 0.018792905 
852 557 21 17 0.018791977 
961 426 10 23 0.018785916 
127 220 14 21 0.01878537 
449 127 33 55 0.018777136 
564 510 56 60 0.0187585 
975 500 11 25 0.018741295 
447 221 14 20 0.018736491 
743 444 13 25 0.01872615 
273 470 6 15 0.018718066 
680 664 9 35 0.018675087 
176 340 16 39 0.018664898 
984 564 15 27 0.018661652 
149 204 16 24 0.01865974 
309 289 94 134 0.018656341 
982 618 17 26 0.018653583 
638 249 36 72 0.018651051 
749 416 42 85 0.018645559 
151 222 14 22 0.018631175 
268 318 35 82 0.01862402 
291 162 17 29 0.018618265 
1001 213 36 77 0.018610682 
962 -48 9 25 0.018604556 
877 4 34 57 0.018599689 
206 401 9 22 0.018597443 
215 221 29 67 0.018579852 
738 407 22 24 0.01857563 
2 515 11 24 0.018566433 
172 579 19 20 0.01856018 
449 495 11 18 0.018544588 
146 645 34 82 0.018520785 
975 260 32 67 0.018493615 
177 659 16 42 0.018492913 
924 531 6 17 0.018445145 
1000 504 14 33 0.018434254 
549 -48 145 157 0.01842091 
558 521 21 32 0.018416544 
501 560 8 14 0.018409438 
554 340 8 16 0.018402506 
731 555 11 20 0.018395394 
322 -7 30 41 0.01839261 
188 97 28 44 0.018375766 
840 326 34 55 0.018367777 
63 408 54 84 0.01834712 
115 246 13 20 0.018342048 
687 115 33 52 0.018335888 
22 151 33 59 0.018331725 
360 249 30 65 0.018329134 
10 515 15 26 0.01831128 
553 353 9 17 0.018308138 
966 -201 40 82 0.018305643 
302 117 19 29 0.018290626 
1000 459 16 30 0.018289156 
198 323 32 59 0.01826864 
864 371 28 76 0.018265303 
724 213 17 33 0.018261047 
20 -215 265 158 0.018257303 
903 411 30 81 0.018252248 
356 458 12 29 0.018250596 
631 415 29 24 0.018243838 
650 389 20 28 0.018233102 
641 210 17 36 0.01822898 
976 514 10 24 0.01821705 
766 408 17 23 0.01821322 
833 -56 10 16 0.018210478 
741 204 15 27 0.018204262 
720 285 41 68 0.01819405 
9 545 36 61 0.018188156 
184 334 35 73 0.018182958 
117 647 37 80 0.018171325 
582 404 38 74 0.018170768 
500 103 26 50 0.01816423 
513 591 12 17 0.01815085 
837 465 7 24 0.018148523 
40 644 12 22 0.018128786 
863 649 7 16 0.018123407 
677 437 32 70 0.018106604 
412 585 10 15 0.018101145 
543 473 5 10 0.018059384 
241 628 19 23 0.018056037 
842 245 32 55 0.018040765 
791 341 109 126 0.018038299 
768 441 13 29 0.018038264 
335 42 66 91 0.018031493 
290 41 27 46 0.017988345 
358 474 10 25 0.017983329 
174 260 26 65 0.01797731 
993 260 32 71 0.01797405 
208 532 8 16 0.017973768 
440 383 5 12 0.01797114 
730 540 12 21 0.017954452 
264 508 4 14 0.017952014 
602 622 7 13 0.01793489 
165 386 14 31 0.017922547 
971 266 14 30 0.017921463 
595 358 44 67 0.017910643 
179 528 12 23 0.017906556 
460 607 13 19 0.01789396 
962 639 37 97 0.017882006 
504 51 26 50 0.017834166 
950 370 32 66 0.017785821 
128 253 29 58 0.017781941 
783 662 10 34 0.017770175 
350 199 33 62 0.01775872 
458 91 26 50 0.017751219 
14 -194 12 19 0.017720455 
374 475 9 24 0.017717227 
995 605 18 28 0.01770316 
790 334 19 32 0.0176983 
152 232 86 116 0.017643718 
510 377 14 18 0.017630702 
69 555 50 72 0.01762511 
164 221 15 26 0.017617894 
887 490 8 25 0.017617209 
329 324 19 25 0.01760477 
441 162 99 100 0.017596656 
424 588 39 50 0.017593047 
958 104 35 59 0.017573722 
248 233 33 72 0.01756281 
540 2 29 44 0.01756179 
926 361 28 65 0.01756099 
371 205 34 62 0.017551014 
755 285 36 66 0.017541971 
870 -56 11 16 0.017529799 
911 374 30 71 0.017515102 
870 660 13 41 0.017514298 
215 644 18 22 0.017493397 
493 577 8 10 0.017492857 
133 474 86 124 0.017478658 
861 635 8 13 0.01747499 
850 452 7 24 0.017473526 
908 254 42 56 0.017462656 
820 462 9 30 0.01746156 
544 459 6 11 0.017458256 
293 301 15 34 0.017445665 
1002 391 36 61 0.017444741 
449 481 9 17 0.017386723 
399 -55 9 14 0.017372733 
375 460 9 27 0.017372115 
653 465 11 19 0.017372008 
659 501 46 66 0.017371211 
515 454 9 16 0.017362544 
23 77 186 214 0.017351631 
815 373 16 21 0.017348386 
141 237 12 16 0.017329684 
922 400 38 85 0.017314158 
85 380 46 82 0.017313883 
453 283 5 10 0.01731084 
869 205 37 52 0.017307375 
342 367 15 26 0.017304383 
982 -28 35 59 0.01728389 
334 -56 10 15 0.017280214 
906 230 18 25 0.017278066 
680 301 10 19 0.017270127 
348 77 29 56 0.017263735 
656 60 27 55 0.017259616 
585 461 16 30 0.01724467 
52 351 32 73 0.017223889 
570 186 32 61 0.01719127 
820 -56 10 16 0.01717749 
767 617 12 21 0.017170206 
49 188 33 62 0.017152326 
206 550 9 13 0.017140513 
975 425 41 66 0.01713363 
424 223 10 17 0.01713115 
502 436 13 18 0.017123083 
441 283 5 12 0.01711283 
439 554 26 22 0.017082797 
81 574 9 13 0.01708222 
556 380 7 14 0.017081754 
48 288 31 59 0.017072622 
437 75 29 53 0.017072199 
897 9 30 50 0.017056419 
426 239 8 10 0.017056042 
45 56 90 90 0.017035509 
960 488 10 19 0.017033065 
386 509 7 16 0.017029537 
152 590 16 19 0.017025243 
202 231 27 62 0.0170005 
413 418 6 13 0.016997201 
687 400 41 77 0.01698542 
143 248 30 63 0.016970444 
410 393 7 14 0.016967675 
466 266 6 10 0.01695373 
872 516 11 21 0.016950807 
543 517 8 18 0.016949711 
995 241 14 29 0.01694758 
601 249 10 18 0.016939385 
778 263 35 59 0.016938511 
21 312 33 60 0.016917253 
563 104 17 32 0.016893066 
208 190 30 58 0.01688373 
676 512 15 28 0.016875857 
456 163 34 65 0.016868463 
317 194 34 68 0.01686802 
678 181 13 27 0.016852796 
341 307 17 27 0.016843477 
911 462 10 31 0.01683855 
448 595 14 19 0.01678782 
980 545 38 60 0.016782815 
79 232 32 70 0.01678003 
638 31 30 53 0.016775483 
309 339 11 18 0.016743142 
421 363 11 19 0.01673815 
260 564 37 45 0.01673388 
208 367 12 25 0.016733872 
576 380 31 60 0.01672671 
983 45 35 62 0.016716832 
889 401 26 72 0.016716402 
171 644 32 78 0.016706537 
974 159 32 66 0.016702315 
76 277 14 32 0.016696867 
969 321 33 53 0.01668828 
842 580 18 18 0.016646827 
398 535 8 15 0.016641207 
10 391 51 85 0.01663459 
958 52 16 31 0.01663428 
93 335 34 58 0.016600674 
780 455 14 32 0.016600493 
4 576 30 80 0.016591342 
1009 -109 13 45 0.016580602 
832 51 18 34 0.01657456 
91 595 9 15 0.016573915 
218 489 9 25 0.016570738 
473 477 11 22 0.01653641 
0 148 78 133 0.016524535 
106 612 7 14 0.01652258 
306 317 13 26 0.01651595 
650 571 29 68 0.016505707 
900 547 7 13 0.01648761 
1011 -170 13 38 0.016461318 
139 360 14 28 0.016451417 
388 305 34 61 0.016443456 
905 -12 37 54 0.0164359 
186 38 26 47 0.016423123 
386 -55 9 15 0.016417194 
119 611 7 14 0.016414037 
477 494 8 17 0.016408928 
206 442 9 17 0.016405642 
412 405 6 13 0.016399048 
462 310 47 62 0.016384196 
0 276 14 35 0.016375223 
779 254 16 30 0.016355297 
687 555 19 26 0.0163545 
425 253 7 12 0.016353486 
423 530 13 18 0.016349474 
937 191 49 64 0.016318306 
443 544 19 19 0.016307479 
38 519 55 81 0.016303748 
717 223 40 63 0.016302923 
330 303 17 30 0.016301852 
571 526 25 28 0.016295565 
575 109 39 70 0.016273707 
717 407 15 23 0.016261557 
490 379 9 12 0.016260838 
540 353 10 16 0.016257262 
517 480 7 18 0.016256453 
690 516 16 21 0.016255416 
51 252 37 70 0.016241461 
454 557 19 18 0.016240897 
554 622 10 17 0.016231542 
24 603 14 28 0.016225053 
943 125 19 29 0.016211014 
491 558 8 14 0.016186379 
320 398 30 64 0.016172579 
22 421 58 89 0.01616639 
1012 -81 11 39 0.016160648 
900 493 8 24 0.016156003 
517 544 7 20 0.016151624 
571 398 5 11 0.01614157 
543 444 8 13 0.016141124 
29 -1 32 42 0.016132025 
205 286 81 121 0.016131645 
476 546 9 17 0.01612284 
103 412 11 21 0.016113114 
477 504 9 16 0.016111119 
815 195 34 65 0.016107569 
874 66 28 59 0.016096976 
444 200 18 31 0.016085574 
990 708 36 110 0.016074827 
121 55 26 45 0.016061353 
141 221 13 20 0.016060464 
839 380 28 67 0.01603226 
692 506 12 19 0.016020335 
437 367 7 13 0.015980756 
958 266 14 29 0.015974667 
389 24 26 45 0.015973842 
290 629 23 23 0.015966693 
473 593 13 17 0.01594706 
987 439 12 23 0.015942903 
165 660 16 42 0.015937008 
986 581 12 22 0.01593448 
426 266 6 13 0.015928881 
564 573 8 15 0.015905824 
857 620 11 13 0.015892835 
869 374 111 144 0.015879191 
914 479 8 24 0.015871782 
528 528 7 23 0.015866656 
-8 340 93 113 0.01584844 
568 369 7 15 0.015844418 
348 -8 33 41 0.015843429 
754 442 14 26 0.01583395 
472 635 18 17 0.01582552 
397 456 7 15 0.015804265 
870 338 30 59 0.015794935 
316 297 19 37 0.01568427 
783 362 28 29 0.015646394 
560 0 27 41 0.015642012 
428 103 29 56 0.015618232 
748 0 32 42 0.015615894 
587 646 13 21 0.015611989 
570 489 19 27 0.015608054 
633 650 7 15 0.015606831 
979 78 17 31 0.015606068 
998 75 34 63 0.015589421 
700 243 37 56 0.015585145 
465 495 8 16 0.015582002 
974 579 12 22 0.015580656 
984 253 14 31 0.015579858 
490 514 9 20 0.015579706 
895 322 34 51 0.015545794 
741 429 17 27 0.015528034 
696 583 24 31 0.015491461 
233 311 30 61 0.01548987 
785 511 34 68 0.015474388 
126 655 15 28 0.015453974 
73 494 57 94 0.015449222 
623 -11 38 45 0.01540873 
491 -3 28 41 0.015405389 
1004 502 36 63 0.015404884 
331 654 17 22 0.015402886 
116 567 10 18 0.0153899165 
1001 172 31 75 0.015365846 
315 107 23 44 0.01535929 
173 566 24 23 0.01534901 
172 472 36 70 0.015337016 
165 337 16 40 0.01533641 
155 294 31 60 0.0153332 
462 -8 31 37 0.015317987 
853 94 19 35 0.015314824 
333 287 42 70 0.015273042 
347 -56 9 16 0.015272083 
988 514 11 26 0.015268124 
449 236 11 14 0.015258048 
873 535 11 15 0.015230661 
428 193 45 61 0.015228808 
995 354 17 30 0.015227728 
497 590 15 17 0.015220187 
2 -72 7 24 0.0152157275 
833 197 35 62 0.015213977 
858 -20 30 48 0.0152096255 
989 488 12 32 0.015199972 
561 547 47 75 0.015182873 
930 26 32 53 0.015165216 
900 586 8 15 0.015164162 
441 403 6 17 0.015147158 
722 659 5 18 0.0151217785 
624 222 31 61 0.015107978 
960 440 10 22 0.015086255 
282 530 10 20 0.015057649 
434 526 18 22 0.0150495395 
149 341 17 35 0.015038447 
543 485 5 11 0.015038101 
1007 -191 16 27 0.015033518 
458 544 14 18 0.015022494 
129 234 13 20 0.0150223235 
970 375 30 59 0.015022084 
958 -10 32 45 0.015018966 
767 531 10 20 0.015003371 
236 183 30 64 0.014978601 
33 538 20 33 0.014974196 
473 607 14 20 0.014962497 
1001 575 13 25 0.014959363 
966 179 20 29 0.01495859 
642 659 11 22 0.014957044 
972 629 14 21 0.014951243 
95 649 33 72 0.014944811 
805 661 15 38 0.014928673 
388 351 11 21 0.014917136 
448 318 109 94 0.01490967 
167 299 78 124 0.014903228 
634 635 6 15 0.014895298 
104 569 10 15 0.014883792 
330 223 37 66 0.014878396 
117 402 10 21 0.014875139 
247 546 7 16 0.014872932 
587 122 16 29 0.014867205 
707 421 34 71 0.014863608 
219 517 9 23 0.014857835 
169 426 12 26 0.014847984 
663 225 16 31 0.014843631 
764 604 16 21 0.014832122 
940 353 28 56 0.0148163205 
977 478 37 73 0.014814957 
295 554 37 41 0.014791695 
852 4 36 59 0.014787228 
90 571 11 16 0.01477759 
159 45 29 50 0.014765043 
662 243 33 66 0.014764918 
601 634 10 18 0.014754426 
641 576 14 19 0.014726545 
750 579 20 24 0.014717118 
974 488 11 25 0.014653434 
848 438 8 27 0.0146511635 
320 322 14 22 0.014648436 
718 424 13 23 0.014637442 
52 569 11 17 0.014635751 
166 76 31 52 0.014635077 
358 444 37 86 0.014634148 
49 253 86 103 0.01461843 
474 583 12 13 0.014605517 
694 567 51 67 0.014602847 
141 282 29 56 0.014596078 
304 500 12 26 0.014576728 
986 -161 14 47 0.014573688 
799 359 24 29 0.014565649 
698 538 20 26 0.014561544 
422 -11 143 169 0.014550306 
406 375 12 20 0.014540771 
256 136 36 69 0.0145407375 
914 493 7 18 0.014527262 
544 495 6 14 0.0145192845 
65 291 32 58 0.014515199 
285 499 12 22 0.014504684 
739 229 18 32 0.014499301 
543 506 7 15 0.014498169 
919 139 38 63 0.014490705 
347 415 32 70 0.014488295 
647 555 20 21 0.014479378 
307 405 25 69 0.014468786 
692 380 18 31 0.014468209 
371 352 11 16 0.014462879 
190 659 17 40 0.014439165 
475 624 14 17 0.014419852 
100 241 36 58 0.014407578 
681 214 28 58 0.014398722 
114 268 28 55 0.014396471 
10 267 31 65 0.014389576 
777 397 18 19 0.014377868 
661 541 20 26 0.014340185 
374 -55 9 15 0.014333682 
109 548 48 72 0.014318061 
67 573 9 14 0.014297651 
1012 375 14 24 0.014295689 
847 659 9 19 0.014294808 
516 466 8 17 0.014267671 
812 356 21 30 0.014255134 
910 429 40 96 0.014251148 
199 569 31 44 0.014229601 
-13 -79 164 175 0.014219812 
403 321 190 205 0.014214539 
465 480 9 18 0.014202818 
644 595 10 15 0.014201575 
584 66 17 28 0.0142013235 
306 164 15 26 0.014191899 
517 493 7 18 0.01418437 
809 499 126 108 0.014159382 
719 621 9 17 0.014156254 
806 -10 34 43 0.014137194 
963 353 30 55 0.0141344955 
832 659 12 21 0.01412877 
257 599 38 43 0.014121239 
235 638 66 77 0.014116685 
82 0 29 35 0.014105355 
685 539 20 28 0.014081444 
928 513 5 10 0.014060236 
308 -3 25 41 0.014053528 
331 19 27 47 0.014038051 
429 394 6 12 0.014037752 
870 37 31 56 0.01403605 
502 465 8 17 0.0140294265 
619 622 6 12 0.014027559 
2 627 8 33 0.0140172085 
784 429 29 75 0.014007063 
2 463 10 33 0.013999888 
232 547 8 15 0.013995333 
189 11 26 39 0.013993832 
993 624 18 40 0.0139855975 
897 272 37 53 0.0139834015 
899 571 10 17 0.013974897 
102 581 11 17 0.013967547 
773 -30 136 148 0.013966792 
490 358 13 13 0.013966049 
809 473 9 30 0.0139589785 
984 607 16 23 0.013956275 
458 349 30 54 0.013951223 
892 224 39 56 0.013946068 
24 371 14 31 0.013920139 
421 83 27 53 0.013919929 
893 239 119 129 0.013915702 
920 332 33 55 0.013908794 
523 202 33 50 0.013903353 
175 184 19 40 0.01389444 
807 549 37 55 0.01384999 
413 476 43 69 0.013826669 
486 437 38 76 0.013809113 
654 475 12 24 0.013774167 
138 7 28 42 0.013771142 
360 -56 9 16 0.013767108 
889 -17 32 50 0.013762028 
442 484 7 15 0.013750312 
593 323 34 57 0.013744662 
987 630 33 106 0.013734011 
673 26 33 58 0.01372882 
742 262 40 60 0.013722379 
550 645 14 23 0.013721835 
392 641 66 68 0.013717165 
149 565 22 26 0.013703115 
834 650 10 14 0.0136951 
37 396 15 30 0.013689961 
511 356 183 194 0.013675424 
948 439 13 27 0.013658755 
342 232 92 121 0.013657985 
206 383 11 23 0.01365604 
417 541 24 27 0.0136536425 
988 346 37 62 0.013652802 
930 305 35 57 0.0136490725 
278 477 40 70 0.013641595 
50 -6 30 35 0.01363917 
849 651 7 13 0.013625898 
602 649 11 18 0.013623424 
41 654 13 26 0.013616191 
599 444 16 28 0.013596473 
394 19 66 90 0.01359212 
677 196 14 27 0.013582092 
717 82 15 32 0.013580878 
439 -7 32 36 0.013574345 
975 440 10 20 0.013573802 
501 481 8 18 0.013568697 
853 591 18 20 0.013533612 
799 547 8 18 0.013533294 
706 620 9 19 0.013524098 
542 380 8 16 0.013505492 
151 661 18 42 0.013462967 
498 416 40 56 0.0134420525 
629 458 47 84 0.013427643 
220 531 8 18 0.013413519 
613 209 98 113 0.013408219 
555 395 7 12 0.013397651 
9 186 177 207 0.01339086 
75 422 14 29 0.013366507 
385 494 8 17 0.013363903 
389 206 44 60 0.013357825 
25 433 214 219 0.013352516 
616 261 31 68 0.0133523345 
371 321 13 25 0.01335202 
140 654 15 29 0.013351618 
721 33 24 38 0.013351441 
969 241 17 31 0.013346619 
897 556 10 16 0.013329035 
812 607 24 18 0.013328214 
848 498 36 63 0.0133059295 
620 355 23 33 0.013294151 
769 632 9 18 0.013288636 
879 416 24 69 0.013265933 
972 595 13 19 0.013254541 
480 39 26 48 0.013245882 
532 56 26 47 0.013241338 
476 203 37 55 0.013228335 
599 478 19 25 0.013221216 
299 417 7 20 0.013217608 
649 -4 29 44 0.013211081 
750 534 39 64 0.013202685 
649 220 18 38 0.013188521 
697 553 21 28 0.013166248 
3 -190 10 29 0.013160438 
238 607 35 43 0.013147063 
817 634 13 14 0.01313527 
54 649 33 75 0.013132626 
1 408 14 47 0.013126533 
341 675 20 34 0.013111636 
982 225 17 35 0.013104944 
166 469 16 36 0.013084928 
438 251 9 13 0.013071639 
248 519 6 20 0.013066233 
857 662 14 38 0.013065054 
39 344 30 63 0.013058709 
442 521 21 27 0.013053665 
230 571 36 40 0.013046135 
554 366 8 16 0.013042509 
248 530 7 21 0.013038225 
866 456 25 70 0.013037414 
177 373 32 71 0.01302749 
425 381 7 13 0.013024118 
701 96 19 33 0.0130150495 
185 548 40 45 0.013003766 
129 581 12 20 0.012984202 
419 42 28 46 0.012983378 
887 506 9 21 0.012962136 
207 418 8 17 0.012960902 
951 337 33 51 0.012951049 
669 312 39 60 0.0129497945 
541 394 8 13 0.012939402 
914 545 7 13 0.012930769 
11 665 11 35 0.0129297925 
896 -209 133 127 0.012924476 
150 549 18 30 0.012908219 
490 527 9 21 0.012879257 
724 506 36 61 0.012865608 
22 528 19 28 0.012861072 
472 573 12 13 0.012855855 
973 646 11 20 0.0128475195 
619 650 8 16 0.012846467 
226 643 21 24 0.0128262965 
843 592 18 18 0.012809203 
337 445 31 72 0.012800144 
262 497 5 14 0.012795036 
958 129 97 116 0.012793622 
484 624 19 19 0.012783694 
928 183 23 27 0.01277538 
69 333 29 61 0.012765159 
902 506 8 19 0.012726218 
768 474 12 24 0.012724385 
899 477 8 27 0.012707576 
852 578 20 21 0.012707336 
937 640 31 67 0.012707158 
731 376 31 29 0.012703282 
118 599 8 15 0.01269588 
411 543 16 23 0.01269539 
566 353 8 18 0.012655872 
917 244 19 28 0.012652191 
997 586 15 29 0.012642176 
89 424 13 25 0.0126416385 
175 211 35 62 0.0126345875 
446 503 271 238 0.012623275 
794 374 43 63 0.012619519 
945 403 39 80 0.012600987 
419 272 36 64 0.012567014 
149 -19 76 87 0.01255032 
427 641 27 25 0.012544047 
220 548 8 13 0.012525673 
115 581 12 18 0.012525249 
852 72 35 69 0.01249087 
116 414 11 21 0.012478477 
250 319 32 73 0.012475952 
142 592 13 20 0.01247587 
293 525 14 26 0.012470988 
578 583 10 18 0.012455512 
735 649 6 15 0.01245329 
40 -66 10 14 0.012446401 
24 639 12 30 0.012443822 
130 597 9 16 0.012437285 
757 -26 76 80 0.012420843 
575 288 28 67 0.012397112 
104 596 9 16 0.01239487 
390 656 24 25 0.012393365 
125 301 35 49 0.012389886 
666 661 12 40 0.012381534 
632 544 24 20 0.012351029 
567 426 38 71 0.012316903 
13 518 111 144 0.01228714 
915 535 6 12 0.012281764 
489 592 14 16 0.012279214 
926 544 6 17 0.012257725 
714 260 41 57 0.012247284 
944 279 33 60 0.012239643 
474 558 12 15 0.012234198 
151 371 15 34 0.012185217 
951 492 8 15 0.012163717 
681 448 108 112 0.012162366 
510 436 37 87 0.012161208 
710 537 19 25 0.012130565 
701 600 15 22 0.012106481 
180 215 15 32 0.012103532 
459 502 12 20 0.012092943 
792 -25 36 44 0.012078425 
372 420 29 72 0.012046944 
871 546 12 13 0.012045168 
-1 292 28 63 0.012034126 
478 381 35 59 0.0120331505 
206 429 10 17 0.01202541 
722 -11 40 45 0.012006339 
188 588 29 50 0.011993013 
631 596 9 14 0.011989919 
433 612 40 47 0.011971596 
736 578 23 29 0.011970061 
956 242 18 31 0.011965383 
503 197 33 48 0.011947109 
22 -36 82 98 0.011936711 
140 579 17 23 0.011928806 
524 -14 33 49 0.011921052 
353 322 18 24 0.011917594 
814 620 16 15 0.011912921 
564 554 11 21 0.01189558 
535 629 17 23 0.011892493 
887 596 9 15 0.011891366 
586 485 21 31 0.011886784 
356 537 31 60 0.011882383 
888 549 9 12 0.011871834 
890 440 30 85 0.011863239 
592 -10 31 45 0.011857026 
732 433 14 26 0.0118564 
749 598 23 28 0.011836306 
591 600 8 15 0.011821189 
632 615 5 11 0.011820397 
575 346 35 62 0.011812442 
174 346 174 237 0.0118023 
96 274 30 58 0.011799762 
369 47 69 93 0.011796127 
461 -85 714 723 0.01178996 
31 554 43 64 0.011779652 
649 418 38 72 0.0117539475 
663 -27 36 52 0.011753747 
952 197 25 24 0.011743273 
540 527 9 24 0.011725069 
99 403 54 90 0.011713814 
283 512 11 22 0.011696813 
358 344 38 69 0.011691236 
606 485 26 28 0.011684328 
939 237 40 73 0.011643766 
150 512 46 68 0.011643761 
619 400 25 29 0.011643069 
1010 358 16 26 0.011626784 
503 456 8 15 0.011614209 
12 -209 66 92 0.011591548 
489 610 55 54 0.011588074 
989 -192 27 94 0.011576789 
825 -191 27 14 0.011562291 
603 283 35 71 0.011553748 
934 -46 10 21 0.011548087 
267 339 14 38 0.011546568 
953 -79 32 67 0.0115342485 
828 528 38 52 0.011522587 
49 421 17 33 0.011506781 
264 626 24 25 0.011497642 
782 544 9 18 0.011491499 
168 28 27 43 0.011483696 
101 175 98 130 0.011481103 
633 404 24 21 0.011473718 
936 437 12 26 0.011472106 
128 385 13 25 0.011455381 
795 544 27 52 0.01141052 
405 559 42 57 0.011392613 
618 598 8 13 0.011379376 
661 527 19 26 0.011351827 
730 618 11 18 0.011325377 
733 242 38 55 0.01132431 
55 316 28 59 0.011319154 
452 253 8 11 0.011317157 
321 432 27 65 0.011316134 
611 444 20 25 0.011296176 
158 598 33 53 0.011272279 
372 343 10 16 0.011261071 
234 518 7 22 0.011246411 
889 519 9 18 0.011245685 
17 352 39 76 0.0112428805 
649 295 40 60 0.01122708 
189 494 32 62 0.011219983 
422 521 13 17 0.011206253 
287 444 7 18 0.011188514 
598 462 17 27 0.011152477 
889 533 8 14 0.011149282 
234 27 26 45 0.011138938 
987 -135 11 46 0.011112215 
726 347 19 30 0.011109209 
981 -180 22 30 0.011075227 
466 625 60 62 0.011073508 
867 646 28 78 0.011072385 
620 540 25 21 0.01106046 
512 386 38 49 0.011049232 
1010 -150 13 49 0.011026994 
863 565 21 20 0.011004678 
599 222 34 65 0.010972217 
925 496 6 12 0.010956032 
940 501 29 75 0.010952912 
540 363 10 18 0.010950763 
904 640 32 79 0.010945229 
112 537 16 31 0.0109315 
518 561 6 15 0.010904067 
102 426 12 21 0.010895717 
914 510 5 13 0.010878802 
875 610 9 12 0.010876729 
943 182 22 25 0.010872181 
466 442 36 71 0.010863245 
604 -26 35 48 0.010852629 
867 510 45 68 0.010817606 
383 353 31 61 0.010795724 
553 485 48 61 0.010760609 
589 263 36 69 0.010747946 
917 523 5 11 0.010745082 
727 566 17 25 0.010742265 
706 669 7 26 0.010730433 
470 30 26 44 0.010725549 
850 -191 28 14 0.01072252 
186 -94 174 193 0.010696609 
421 583 15 19 0.010682193 
414 534 9 16 0.010655406 
758 559 46 60 0.010651445 
290 508 17 31 0.010630688 
733 635 8 15 0.010624305 
152 513 16 42 0.010605324 
240 643 21 23 0.0105716055 
554 538 10 27 0.010562651 
901 535 7 12 0.010561007 
292 613 42 41 0.010539285 
5 626 31 96 0.010538311 
923 482 7 16 0.010532276 
535 646 16 22 0.010498944 
374 521 31 63 0.010495883 
635 388 19 22 0.010492843 
414 424 32 62 0.010487625 
614 647 38 69 0.010482887 
481 243 36 45 0.010478911 
882 -56 11 17 0.010477447 
428 438 31 60 0.010471912 
923 464 9 25 0.010468128 
352 675 23 34 0.010460375 
950 -46 8 21 0.010457799 
378 251 26 61 0.010426301 
481 476 35 78 0.010425124 
652 504 15 27 0.0104246875 
163 187 18 32 0.010418054 
988 -105 10 37 0.010374672 
857 608 12 14 0.010354818 
618 550 31 26 0.01035433 
521 628 20 25 0.010337689 
233 530 8 20 0.010304254 
484 606 19 21 0.010289815 
111 742 44 71 0.01025345 
316 653 20 24 0.010241128 
829 -28 31 45 0.010190617 
188 457 33 61 0.010190175 
441 446 6 12 0.010187308 
713 -27 35 45 0.010172145 
554 558 8 21 0.0101338355 
967 -115 36 75 0.010114281 
832 637 11 12 0.010110836 
834 449 9 30 0.010097928 
549 638 43 74 0.010080832 
965 204 23 28 0.010077978 
82 305 33 53 0.010042888 
454 642 23 23 0.010024812 
927 224 28 26 0.010004489 
