56_Voter_peoplevoting_56_819
2660
118 427 39 58 0.9989073 
279 613 41 61 0.99883384 
602 393 40 57 0.99868673 
756 210 34 49 0.99577445 
649 193 37 55 0.99476695 
295 352 35 45 0.9920007 
860 227 35 47 0.9918258 
486 443 32 37 0.98157275 
735 645 22 30 0.8701584 
401 466 23 46 0.7878913 
231 418 25 30 0.51505256 
785 672 25 30 0.50475466 
820 302 12 24 0.42182 
410 559 13 22 0.38646615 
340 468 16 23 0.35158208 
488 188 9 17 0.20657726 
15 427 9 23 0.20341614 
892 374 18 21 0.19200025 
685 325 22 38 0.18500997 
799 348 21 24 0.17410515 
985 222 15 29 0.1711709 
269 589 14 31 0.16025119 
917 223 16 28 0.15174791 
461 616 15 31 0.1461774 
518 618 18 35 0.1441678 
1012 234 14 27 0.10569198 
190 591 16 38 0.10421458 
406 696 17 32 0.10056963 
796 295 11 20 0.09972208 
594 599 19 26 0.09829923 
932 266 12 19 0.09786531 
643 521 20 23 0.09663575 
800 416 19 32 0.0960661 
975 272 16 34 0.09484799 
4 539 9 30 0.09318276 
925 275 10 20 0.09265686 
1011 201 11 17 0.08946411 
9 400 14 41 0.08720057 
395 455 19 24 0.08692119 
822 151 8 19 0.085919395 
690 305 11 16 0.084086366 
555 185 10 20 0.08407403 
930 274 13 24 0.081313565 
189 530 20 32 0.08028159 
13 540 9 27 0.07960204 
16 623 6 23 0.077848025 
16 609 6 24 0.07644379 
516 187 9 17 0.07639298 
818 208 8 12 0.07425056 
726 286 18 29 0.074164614 
41 498 9 15 0.073720686 
410 186 8 20 0.07365393 
1013 149 10 19 0.07349131 
456 526 15 30 0.07149504 
16 594 6 25 0.07145135 
423 221 9 36 0.070896894 
80 289 10 24 0.07071063 
387 447 14 21 0.07036231 
998 216 10 19 0.07012961 
137 285 13 28 0.068797596 
858 149 8 24 0.06871209 
89 287 11 27 0.06808648 
520 598 16 25 0.06789385 
641 591 12 36 0.067882426 
344 613 11 18 0.06769307 
1004 201 9 15 0.06567627 
1006 151 7 15 0.06502085 
823 634 21 24 0.064968884 
25 139 12 16 0.064753935 
552 637 15 37 0.064642124 
158 513 10 16 0.06437735 
487 251 9 16 0.06432869 
822 140 7 14 0.063279375 
846 205 8 14 0.06281301 
49 504 12 22 0.06247514 
521 522 14 25 0.062021878 
102 287 11 26 0.061902773 
16 635 6 25 0.061831173 
446 189 10 16 0.061806493 
410 179 8 16 0.061554044 
422 606 19 31 0.06076458 
68 291 8 21 0.060667053 
481 305 7 16 0.05995559 
410 197 10 25 0.059898686 
415 295 6 17 0.059839636 
413 207 9 30 0.059715178 
509 610 22 31 0.059236098 
199 589 15 36 0.05918618 
439 238 6 24 0.058983024 
929 223 14 24 0.058814947 
784 639 12 19 0.05862671 
1015 216 11 20 0.058024958 
402 352 6 24 0.05785399 
388 352 7 24 0.05775217 
898 726 10 24 0.057259765 
454 301 7 16 0.057058893 
641 124 10 19 0.056690346 
526 496 11 23 0.056475412 
509 570 13 24 0.05641631 
419 469 14 29 0.056157492 
493 669 15 31 0.055973627 
813 212 9 16 0.055869 
512 599 15 24 0.05540209 
415 353 6 22 0.055211496 
114 288 10 22 0.055002548 
548 553 17 34 0.05482935 
182 583 12 30 0.05478916 
343 619 15 29 0.05429146 
335 613 12 20 0.054233912 
830 395 10 17 0.0540195 
689 429 12 26 0.052835554 
604 356 11 17 0.05278252 
319 441 14 27 0.052090824 
549 210 11 28 0.05189341 
871 753 12 19 0.05179498 
484 301 10 20 0.05162024 
538 209 13 29 0.05114363 
538 564 13 31 0.051010396 
924 111 7 15 0.050940886 
419 404 12 24 0.050909843 
787 647 17 21 0.050488472 
461 302 8 16 0.050439972 
533 493 12 26 0.050333504 
934 257 10 16 0.05021509 
933 357 14 19 0.049964905 
558 552 14 32 0.049952347 
320 457 13 23 0.049881313 
935 216 10 16 0.04983862 
950 203 7 13 0.049748033 
330 583 12 26 0.049527414 
827 368 16 25 0.049385443 
743 625 12 16 0.049235485 
966 203 7 12 0.049213592 
302 557 14 26 0.049015395 
1015 163 9 19 0.048992105 
330 618 19 33 0.048749488 
453 346 6 14 0.04803897 
832 405 9 18 0.048018042 
249 426 19 29 0.047936372 
15 559 6 18 0.04780138 
872 149 8 23 0.047681823 
164 521 12 19 0.047629494 
5 557 6 19 0.04752417 
53 300 9 22 0.047517084 
414 396 8 16 0.047381442 
811 303 9 18 0.047338054 
413 404 11 22 0.047326382 
882 189 10 18 0.04731864 
861 143 7 14 0.047142 
13 339 9 24 0.046991184 
376 352 7 23 0.0469581 
15 647 7 26 0.046728518 
412 314 8 22 0.046534557 
342 415 17 26 0.046472143 
534 608 14 25 0.046454147 
375 338 7 26 0.04636601 
924 255 10 18 0.046299275 
2 518 11 34 0.0460218 
131 287 11 24 0.04598065 
43 300 8 22 0.045895558 
597 300 15 33 0.045871776 
42 504 10 19 0.04580712 
964 216 9 17 0.04572342 
895 751 15 24 0.045719985 
217 628 18 34 0.04569241 
822 402 10 20 0.045409203 
541 300 8 20 0.045311112 
590 590 12 15 0.045277864 
708 110 8 24 0.04512683 
975 222 15 28 0.04503695 
376 579 18 30 0.04488257 
21 426 12 27 0.044881124 
831 293 8 15 0.044706143 
335 461 15 20 0.04470014 
998 772 12 34 0.044574708 
352 471 15 22 0.044281784 
885 753 13 20 0.043973885 
479 313 9 21 0.043895062 
14 329 8 20 0.043865085 
951 170 7 12 0.043840025 
935 315 10 23 0.043802727 
123 614 5 20 0.043730367 
425 301 6 16 0.043581735 
407 648 15 25 0.043547023 
39 620 10 29 0.04352951 
552 231 9 30 0.04342575 
909 737 11 22 0.043368816 
776 -154 281 169 0.04330813 
683 310 8 12 0.04322667 
15 353 9 24 0.04312601 
4 148 10 21 0.04310915 
221 299 8 25 0.043106798 
387 338 7 27 0.043055158 
703 388 10 26 0.043048285 
662 429 12 24 0.04303028 
1002 176 11 18 0.042845216 
504 301 7 17 0.042817574 
914 112 7 14 0.04276858 
16 572 6 20 0.04274506 
466 189 7 13 0.042691194 
524 571 11 23 0.04267507 
921 711 11 23 0.04265802 
1004 166 7 14 0.042464826 
389 367 6 20 0.042455044 
195 459 11 18 0.042254854 
612 366 17 22 0.042218186 
1006 143 6 14 0.042170662 
206 478 11 27 0.04215505 
356 623 12 21 0.042079944 
306 444 16 29 0.042078823 
884 112 8 14 0.04206456 
951 197 6 10 0.041992288 
975 204 8 14 0.041960493 
160 473 17 36 0.041802242 
913 219 10 16 0.041584898 
448 198 10 18 0.04145315 
453 518 14 25 0.041226182 
471 574 20 29 0.04121097 
287 154 6 14 0.041160494 
977 196 7 11 0.04112089 
771 608 8 18 0.04107979 
478 331 7 15 0.04104763 
1012 175 12 21 0.04104549 
452 356 6 16 0.041026466 
531 618 15 30 0.040890757 
374 312 8 27 0.0408614 
334 597 10 21 0.04062828 
401 326 7 27 0.04062197 
824 481 6 26 0.04061483 
965 140 6 16 0.040601306 
989 207 8 13 0.04049582 
252 579 19 33 0.04048953 
720 416 7 22 0.040473532 
965 225 9 20 0.040411815 
300 165 5 14 0.04035944 
755 624 9 15 0.040287197 
385 324 8 30 0.04026078 
841 205 6 12 0.040204063 
543 314 7 20 0.040194005 
859 413 8 12 0.04018792 
921 725 13 25 0.04015257 
603 466 32 34 0.040135276 
292 517 13 29 0.040017672 
823 443 8 23 0.03999983 
355 480 16 22 0.039993882 
134 617 5 16 0.039955765 
522 584 14 25 0.03994837 
997 234 15 26 0.039848935 
402 384 6 15 0.039842553 
2 509 9 21 0.03982662 
81 279 8 20 0.039764978 
911 138 8 18 0.03973891 
204 469 11 22 0.039690077 
514 353 8 20 0.039430425 
564 198 7 21 0.039426964 
767 378 18 30 0.03942242 
486 657 15 30 0.039422147 
287 166 5 14 0.039351635 
322 428 13 27 0.03934252 
513 302 8 16 0.03931739 
718 120 8 26 0.039281428 
286 244 4 13 0.039192576 
983 266 12 22 0.03916449 
191 613 12 32 0.039164152 
330 521 18 43 0.039117683 
221 341 8 22 0.039114747 
676 378 15 29 0.039070953 
221 313 8 23 0.03905597 
774 419 7 16 0.038874883 
3 400 12 35 0.038868498 
10 518 13 32 0.03885348 
423 395 8 17 0.038847875 
854 751 18 23 0.03883119 
3 572 6 19 0.038793378 
953 139 6 17 0.038717296 
104 313 9 23 0.038680624 
948 455 9 24 0.03855213 
398 436 10 15 0.03853494 
948 300 10 23 0.038534336 
648 539 17 23 0.038527332 
53 316 8 19 0.03850943 
553 197 9 21 0.038439944 
911 320 6 17 0.038407784 
829 313 11 20 0.038399525 
900 139 8 18 0.03838099 
169 340 10 24 0.038234662 
369 652 12 20 0.038172074 
901 113 6 13 0.03816404 
833 154 7 16 0.038145337 
104 327 10 22 0.038026303 
516 342 7 20 0.03799306 
457 506 14 24 0.037953474 
105 279 9 20 0.03785135 
30 497 11 16 0.037835144 
568 593 48 76 0.0377856 
367 480 22 29 0.037768573 
17 318 6 18 0.037709158 
489 296 7 15 0.0376735 
887 740 9 18 0.03759117 
440 318 7 17 0.037553933 
704 317 9 20 0.037548315 
896 712 9 20 0.037547585 
442 190 8 14 0.037528068 
922 739 14 21 0.037519164 
977 168 7 13 0.03748967 
454 369 6 15 0.037414722 
91 313 9 22 0.037398834 
107 520 7 19 0.03739698 
452 334 6 14 0.03737257 
377 367 6 20 0.037356284 
924 284 12 27 0.037317913 
106 511 7 15 0.037306912 
91 328 10 21 0.037282806 
807 297 9 15 0.03727653 
935 348 9 14 0.03727239 
413 341 7 24 0.037216287 
880 762 18 29 0.03716036 
402 367 6 20 0.037135523 
951 215 9 16 0.0371305 
934 330 9 16 0.037090316 
774 624 7 15 0.037073728 
524 190 9 16 0.0370319 
422 736 14 28 0.03702976 
920 102 10 16 0.037018504 
442 331 6 17 0.036938094 
978 140 6 16 0.036917508 
721 612 11 20 0.03690071 
179 530 18 29 0.036891207 
885 179 8 17 0.03688239 
264 565 17 36 0.036875483 
415 367 6 20 0.036869083 
836 418 7 19 0.036865097 
170 587 8 19 0.036858648 
989 178 8 15 0.036855273 
132 625 6 19 0.036852144 
965 169 7 13 0.036821797 
14 -148 274 162 0.036788605 
42 318 8 17 0.036736514 
889 727 8 21 0.036645807 
227 518 16 29 0.03664545 
66 315 8 19 0.03658579 
412 325 7 26 0.0365611 
710 120 7 23 0.036504135 
907 751 16 25 0.036499333 
562 597 17 29 0.036477473 
876 113 7 14 0.03647744 
859 418 9 16 0.036461473 
819 419 10 24 0.036379315 
115 314 9 22 0.03637533 
884 103 8 13 0.036318686 
469 125 4 18 0.03631335 
912 233 12 24 0.03628081 
977 154 6 13 0.03620732 
66 328 9 21 0.03619327 
207 382 85 79 0.036167994 
863 131 5 12 0.036101405 
466 182 6 12 0.036090013 
180 444 10 20 0.03606315 
605 365 12 19 0.035982385 
444 344 5 16 0.03592359 
692 297 9 16 0.035834067 
945 751 18 24 0.035815414 
80 314 8 20 0.035775058 
40 594 10 29 0.03576937 
875 498 7 17 0.035757218 
977 179 7 14 0.03574831 
961 238 11 21 0.035744794 
442 304 6 14 0.03572095 
609 354 18 23 0.035718586 
245 286 7 27 0.03569631 
402 200 7 20 0.035685122 
18 306 6 16 0.03563589 
4 142 8 15 0.03561283 
681 468 9 24 0.03560046 
540 188 10 17 0.035585415 
68 595 8 25 0.035522617 
332 427 13 24 0.03552221 
269 673 16 25 0.03548852 
235 288 7 24 0.035462473 
201 564 18 40 0.035449613 
892 761 19 30 0.035430882 
405 189 7 16 0.035411824 
594 292 8 21 0.035381824 
427 385 6 15 0.03537674 
244 580 16 31 0.035367586 
564 467 12 27 0.035362076 
516 367 7 18 0.03535836 
834 443 8 23 0.035304576 
1 340 8 24 0.03523343 
-98 273 800 1024 0.03522596 
478 343 7 15 0.035177425 
233 299 8 25 0.03516673 
287 181 4 12 0.035149816 
159 600 6 17 0.035117064 
926 126 6 15 0.035075054 
287 256 4 13 0.035035137 
539 199 11 19 0.03497477 
80 329 9 20 0.03495814 
122 602 6 18 0.034939893 
442 127 5 16 0.034938514 
729 611 10 19 0.034863893 
771 411 8 17 0.034812424 
213 476 15 31 0.034809373 
389 382 6 17 0.034734353 
650 557 15 25 0.03469681 
78 378 9 23 0.034635954 
427 317 6 17 0.034633443 
876 192 8 16 0.034625053 
744 614 9 17 0.03462435 
913 127 6 15 0.03461239 
693 454 10 23 0.03459556 
605 201 7 20 0.0344966 
754 366 12 18 0.034488086 
319 537 17 35 0.034487557 
678 134 11 22 0.034455337 
169 535 10 18 0.03443975 
927 333 8 14 0.034425396 
901 127 7 15 0.034408946 
371 573 15 24 0.034396615 
966 154 6 13 0.034381386 
925 139 7 17 0.034366775 
279 243 4 14 0.034331333 
833 431 8 24 0.034328446 
54 328 9 20 0.034323364 
904 319 5 17 0.034320753 
181 430 10 22 0.034309 
941 206 6 11 0.034307547 
555 353 6 22 0.03427527 
561 180 9 18 0.0342625 
515 295 7 16 0.034233067 
415 385 6 16 0.034229152 
193 301 10 24 0.03416922 
867 762 19 29 0.034144975 
805 743 15 17 0.03412077 
414 544 18 31 0.03408601 
233 313 7 24 0.034059927 
552 599 12 25 0.034045663 
939 139 6 17 0.03403302 
989 192 8 14 0.0339902 
217 729 12 22 0.033973627 
592 307 12 32 0.033960465 
156 308 157 160 0.0339417 
298 155 6 14 0.03392872 
338 192 6 14 0.033868354 
770 180 9 15 0.033813033 
592 276 8 25 0.033778142 
41 329 9 18 0.033760764 
408 449 13 17 0.03374387 
854 152 6 17 0.03373456 
706 370 9 20 0.033693902 
181 458 11 21 0.033692148 
55 594 9 27 0.03367898 
528 367 7 18 0.03365977 
358 614 10 18 0.03365808 
191 418 13 25 0.033657387 
967 197 6 11 0.033651825 
542 397 7 14 0.033631798 
468 627 17 29 0.033604927 
783 627 8 14 0.03358623 
567 154 7 14 0.033583328 
842 523 3 16 0.0335798 
193 467 11 21 0.03357376 
28 317 8 18 0.033546135 
135 601 5 16 0.033512138 
129 396 13 18 0.033505265 
964 448 9 14 0.033487134 
479 127 5 17 0.033432364 
50 517 10 21 0.03340755 
38 340 12 23 0.033406693 
995 615 14 30 0.03329481 
493 140 5 16 0.03328256 
840 512 4 16 0.033267085 
206 353 9 23 0.033266775 
912 303 7 21 0.033222705 
705 429 9 25 0.03321341 
184 606 10 27 0.033173606 
516 200 9 16 0.033157643 
986 250 11 21 0.033132132 
911 150 8 18 0.03312728 
461 496 13 22 0.03312361 
795 312 10 22 0.03307123 
680 439 13 26 0.033020843 
188 630 14 35 0.033016086 
441 138 5 16 0.03299957 
90 339 11 23 0.032973554 
840 482 4 19 0.03296375 
876 471 6 15 0.0328895 
52 340 11 23 0.032864243 
934 741 13 20 0.03284609 
455 126 5 17 0.03284026 
849 417 9 18 0.032808702 
171 332 8 16 0.03279847 
403 301 6 19 0.032795876 
287 519 9 22 0.032792144 
27 303 9 21 0.03272968 
140 352 12 23 0.032693822 
1003 115 5 15 0.03267066 
806 408 14 24 0.032664295 
466 344 6 16 0.032646846 
972 751 12 20 0.03263191 
28 330 9 18 0.03260732 
358 407 10 18 0.032591186 
130 384 11 17 0.032561246 
405 579 16 27 0.032548673 
66 377 10 24 0.032547712 
958 751 15 23 0.03253927 
221 327 8 23 0.032489568 
647 590 15 37 0.032458518 
31 621 7 23 0.032413263 
103 500 7 14 0.032412622 
721 290 13 22 0.032388184 
305 586 14 25 0.032373566 
796 411 13 20 0.032348055 
537 485 8 16 0.032339152 
564 583 13 26 0.03233578 
947 313 10 23 0.03233153 
131 637 8 20 0.032312755 
822 472 6 20 0.03228792 
427 342 6 20 0.03227494 
252 538 21 41 0.032223366 
116 327 9 21 0.03221146 
362 313 9 24 0.032210384 
775 430 6 19 0.032146275 
811 351 17 25 0.032125045 
403 396 6 14 0.03212406 
555 341 7 22 0.032103114 
27 341 10 22 0.032095924 
467 139 6 16 0.032085575 
899 206 8 14 0.032067817 
682 318 14 19 0.032065596 
466 370 6 14 0.032064643 
848 214 10 18 0.03205972 
287 193 5 12 0.032012876 
64 339 11 23 0.031988434 
361 650 12 24 0.031987574 
486 262 9 18 0.031953353 
165 455 12 25 0.031920247 
528 343 6 19 0.03190871 
607 189 6 20 0.031860232 
52 530 9 23 0.031856902 
674 621 17 30 0.03181861 
1001 740 7 14 0.031800468 
942 169 6 12 0.031799752 
220 352 9 23 0.031794056 
372 188 10 23 0.031771887 
442 295 6 13 0.031752963 
768 369 14 20 0.031748705 
759 611 7 17 0.031747412 
121 587 6 17 0.031735014 
875 129 6 13 0.031718552 
248 265 5 20 0.031686597 
883 204 11 17 0.03161242 
24 544 10 24 0.03159388 
964 178 8 14 0.031571582 
971 445 16 19 0.031563688 
198 674 23 30 0.031557214 
169 597 8 21 0.03154087 
1004 128 5 14 0.031493794 
95 497 9 16 0.031489205 
69 280 7 18 0.031482868 
874 142 6 15 0.03147009 
932 750 20 26 0.031462308 
332 574 9 21 0.031454533 
454 140 4 15 0.03144193 
824 378 11 19 0.03142616 
449 182 8 13 0.031422615 
528 354 7 21 0.031399347 
452 316 7 17 0.03139149 
549 576 13 31 0.031382777 
78 339 10 23 0.031380486 
696 388 10 25 0.031356998 
483 619 19 28 0.031323854 
961 454 12 24 0.031298604 
999 359 8 12 0.031296197 
2 582 7 27 0.031275902 
334 475 18 26 0.031269517 
569 142 5 13 0.031243648 
479 139 5 17 0.03123879 
132 588 6 17 0.031219052 
578 588 13 17 0.03119747 
913 427 5 10 0.031173086 
886 127 7 15 0.031127 
664 418 12 21 0.031092793 
498 569 17 27 0.03108164 
77 366 10 23 0.031055063 
903 379 13 17 0.03104763 
471 417 63 71 0.031035004 
103 353 11 23 0.03103478 
180 329 8 20 0.03102677 
140 381 13 19 0.031006636 
952 177 7 13 0.030999122 
346 604 9 16 0.030985253 
950 254 8 15 0.030985191 
512 408 10 17 0.03098409 
873 159 8 22 0.030964002 
454 498 9 18 0.030958688 
510 582 14 24 0.030939523 
764 751 15 21 0.030909842 
466 334 6 13 0.030900491 
722 88 5 16 0.03088657 
838 499 5 18 0.030827336 
204 458 9 19 0.03082583 
512 564 10 17 0.030824507 
121 577 5 13 0.030749403 
234 384 9 15 0.030663654 
555 168 7 12 0.030630166 
399 422 9 16 0.030607974 
939 126 6 16 0.03060464 
228 777 16 19 0.03058943 
195 366 9 22 0.030575216 
256 405 13 21 0.030575193 
510 632 19 40 0.030553427 
634 125 7 17 0.03054283 
567 212 7 21 0.030515412 
653 405 12 21 0.030490942 
278 154 4 13 0.030484546 
428 248 6 26 0.030473083 
595 255 6 14 0.030467212 
487 329 7 17 0.030461527 
153 288 11 24 0.030448517 
708 307 8 16 0.030397177 
245 633 13 23 0.030395651 
178 339 10 26 0.030358268 
526 560 10 20 0.030354312 
601 294 9 22 0.030344192 
31 632 8 27 0.030333104 
505 140 5 15 0.030323585 
103 340 11 22 0.030320177 
875 450 5 13 0.030318294 
232 340 8 22 0.030318195 
347 303 9 21 0.03030533 
387 396 7 15 0.030286873 
450 611 13 25 0.030286774 
287 233 4 11 0.030247545 
269 391 15 24 0.03021465 
91 353 10 23 0.030212352 
342 498 15 38 0.03020249 
233 327 7 22 0.03020127 
208 301 8 23 0.030184818 
643 119 7 12 0.030181652 
664 579 15 31 0.030164871 
402 314 7 23 0.030159034 
782 420 10 19 0.030145 
947 266 9 18 0.030131528 
425 355 6 20 0.030121198 
788 661 268 368 0.03010517 
555 327 7 22 0.030100806 
418 630 17 28 0.030092496 
1 162 9 21 0.030080004 
324 677 9 22 0.030079491 
398 648 15 24 0.030059895 
477 357 7 15 0.030029457 
567 238 6 22 0.030020013 
915 448 5 13 0.030011518 
156 536 10 16 0.03000853 
26 131 9 10 0.029998306 
747 447 7 19 0.029995648 
149 629 21 38 0.029979704 
337 202 6 16 0.029976072 
27 351 11 27 0.029967433 
480 155 6 13 0.029963069 
655 127 8 14 0.029954586 
334 445 10 20 0.029949786 
406 179 6 14 0.029892175 
494 127 5 18 0.02989142 
386 408 9 16 0.029831607 
115 524 7 16 0.029830359 
519 127 6 18 0.029800681 
233 394 11 18 0.029797487 
527 201 10 18 0.02979146 
567 519 10 26 0.029760998 
78 353 10 23 0.029742295 
418 568 14 23 0.02972634 
933 238 11 20 0.029707734 
946 277 10 20 0.029693361 
825 494 6 23 0.029691316 
975 254 10 18 0.029664958 
28 593 9 27 0.02966377 
531 718 350 283 0.029647106 
835 142 6 12 0.029641464 
324 571 10 23 0.029620197 
948 446 9 16 0.02961725 
168 383 9 17 0.029606258 
976 742 9 14 0.02956028 
145 616 6 14 0.029558878 
31 607 7 25 0.029549522 
542 383 7 17 0.029543541 
476 381 9 16 0.029529233 
241 668 14 32 0.029521741 
154 380 11 19 0.02950384 
478 408 8 18 0.029494828 
412 417 11 19 0.029474393 
138 395 14 21 0.029444823 
219 567 12 27 0.029442916 
246 300 7 24 0.02942868 
203 617 12 29 0.029415054 
542 354 7 21 0.029408127 
598 589 14 18 0.029342962 
465 382 7 15 0.029333249 
747 551 5 14 0.02931975 
823 132 6 12 0.029300667 
65 352 10 24 0.02927477 
933 727 11 23 0.029266667 
1014 754 9 18 0.029263657 
505 156 5 13 0.029167786 
410 436 11 15 0.02915156 
802 327 17 26 0.029149104 
719 428 8 24 0.029111 
12 510 11 20 0.029085524 
100 480 12 22 0.029059965 
401 408 8 16 0.029014222 
889 364 6 10 0.029007891 
582 140 5 15 0.028993608 
422 201 9 21 0.02898995 
10 442 15 37 0.028986031 
170 578 7 17 0.02898038 
108 533 7 17 0.028976804 
924 150 8 17 0.028968213 
341 525 14 37 0.028956432 
421 416 13 21 0.028935898 
937 446 9 16 0.028909262 
900 176 8 16 0.028901577 
228 623 15 26 0.02889269 
796 623 9 15 0.028853925 
333 659 11 26 0.02884049 
388 436 10 16 0.0288222 
140 342 11 19 0.028808977 
581 214 6 20 0.028807843 
606 214 7 19 0.028803615 
18 293 5 17 0.028781733 
465 357 6 16 0.028764319 
874 460 7 16 0.028741775 
675 186 18 28 0.028726323 
52 542 10 25 0.028718196 
573 670 18 29 0.028698198 
814 151 9 19 0.028696815 
38 520 11 22 0.028692324 
15 661 7 29 0.0286736 
192 443 11 20 0.028671214 
208 313 8 24 0.028660702 
941 178 6 12 0.028656797 
607 244 7 14 0.028653402 
607 177 5 19 0.028633216 
205 365 10 23 0.028570104 
130 578 6 14 0.0285692 
822 329 9 17 0.028566401 
156 613 9 19 0.028563632 
301 180 4 13 0.028556954 
595 202 6 18 0.028553965 
478 370 7 14 0.028537342 
501 611 16 25 0.028526716 
642 136 9 18 0.028507773 
915 267 8 16 0.028491125 
896 363 9 12 0.028487353 
493 155 5 13 0.028486855 
952 243 8 16 0.028477205 
452 382 7 15 0.028465394 
369 589 17 30 0.02846528 
824 459 6 18 0.028444713 
733 623 10 17 0.028433813 
567 225 7 22 0.028415008 
902 305 5 19 0.028409094 
912 207 8 12 0.028394766 
338 215 5 18 0.028371913 
540 408 9 16 0.028366964 
373 474 13 19 0.028336922 
779 366 15 22 0.028336706 
51 364 11 25 0.02833607 
29 293 8 19 0.028334547 
581 152 6 15 0.02832941 
167 300 10 24 0.028319152 
480 245 6 12 0.028311983 
157 547 8 15 0.028304761 
710 404 7 21 0.028297143 
464 214 7 17 0.028265392 
464 203 7 15 0.02825122 
377 459 10 16 0.028250119 
962 331 9 16 0.028245857 
180 301 11 23 0.028240241 
656 141 8 15 0.028221667 
259 395 11 18 0.02819924 
120 384 9 15 0.028191444 
542 367 7 20 0.028181508 
451 239 7 23 0.028178576 
919 749 20 27 0.028158978 
65 389 10 26 0.028158253 
227 566 15 25 0.02815073 
452 211 9 20 0.028148612 
439 385 6 14 0.028133368 
607 165 5 17 0.028113678 
362 327 8 23 0.028092485 
376 396 7 15 0.02807816 
851 428 8 22 0.028044859 
914 332 5 14 0.028021533 
808 316 10 18 0.027993646 
688 220 13 30 0.027981505 
634 118 6 11 0.027958198 
581 202 6 18 0.027937833 
26 504 14 21 0.027922869 
25 568 10 26 0.027899927 
434 418 12 20 0.027895428 
429 128 5 16 0.027888821 
748 562 6 15 0.02788798 
278 168 4 12 0.027876971 
387 190 7 17 0.02785922 
95 469 11 22 0.027822271 
1002 757 8 14 0.02782102 
263 268 4 16 0.02781938 
360 562 10 18 0.027811322 
551 620 13 25 0.027805772 
619 241 9 17 0.027786966 
267 467 13 26 0.027771048 
951 153 7 14 0.027762957 
430 596 18 28 0.027749838 
287 207 4 11 0.027749155 
233 670 12 25 0.027730027 
16 501 9 15 0.027723324 
566 166 7 14 0.02772047 
796 284 9 15 0.027715912 
52 377 11 24 0.027704565 
347 395 10 17 0.027669078 
913 437 6 12 0.027655477 
863 116 6 12 0.027651025 
606 229 7 16 0.027649995 
146 602 5 14 0.027636593 
927 317 8 21 0.027617907 
874 743 8 15 0.02760143 
262 290 5 22 0.02759544 
935 297 12 27 0.027576867 
664 405 13 23 0.027556915 
180 383 10 18 0.027555754 
257 495 10 22 0.027513005 
804 750 19 21 0.027466148 
289 590 74 79 0.02745502 
411 610 14 23 0.02740853 
469 241 6 15 0.027405225 
330 638 15 31 0.02740487 
319 631 14 25 0.027402036 
321 657 11 25 0.027395833 
591 265 9 21 0.02739298 
565 532 10 25 0.027391722 
937 458 8 19 0.027388338 
194 380 10 21 0.027339742 
279 233 3 11 0.027322149 
130 342 12 20 0.027300412 
997 275 11 22 0.0272731 
575 516 11 29 0.027270846 
640 515 14 17 0.02726627 
92 379 8 21 0.027241478 
961 252 10 18 0.027241264 
841 750 20 23 0.027236879 
838 458 5 18 0.027224679 
596 190 5 17 0.027208658 
264 425 18 32 0.027199954 
516 333 7 16 0.027182138 
709 417 8 21 0.027173886 
131 330 9 18 0.027168155 
362 341 8 21 0.027164204 
15 368 9 23 0.027160633 
912 166 7 14 0.027110476 
950 330 9 17 0.027108116 
377 382 6 17 0.027100397 
605 252 9 17 0.027094431 
515 316 7 17 0.027093574 
901 149 7 18 0.027083743 
258 478 12 25 0.027078304 
143 331 9 17 0.027060986 
988 141 7 14 0.02705738 
720 135 7 21 0.027049135 
464 317 7 15 0.027029037 
515 382 8 16 0.027022325 
131 352 11 23 0.027002046 
697 332 18 35 0.026971469 
91 365 10 23 0.026968103 
753 638 11 18 0.02696176 
463 483 11 19 0.026948592 
295 451 16 29 0.026943754 
168 544 11 20 0.026919795 
387 199 8 25 0.026901934 
839 196 5 11 0.026893836 
337 93 235 276 0.026863297 
501 597 15 23 0.02684833 
229 769 13 16 0.026844107 
990 169 6 12 0.026816126 
229 432 19 28 0.026784498 
758 496 8 25 0.026779456 
74 715 336 182 0.02677014 
938 113 6 15 0.026759135 
595 165 6 16 0.02675865 
533 518 13 27 0.026732065 
665 561 12 20 0.026731132 
431 735 19 32 0.02672157 
159 398 76 86 0.026716238 
96 505 9 20 0.026708439 
522 541 13 24 0.026691264 
761 538 5 13 0.026673662 
333 499 15 41 0.026671447 
482 298 6 12 0.0266461 
554 383 7 16 0.026641984 
438 395 7 15 0.026626932 
154 353 11 23 0.026594147 
14 383 10 25 0.026574396 
514 397 8 16 0.02653862 
938 435 9 13 0.026531534 
673 755 22 15 0.026507696 
953 126 6 17 0.026477655 
180 478 12 26 0.026449699 
692 464 10 28 0.026394028 
420 500 13 29 0.026381856 
118 511 7 13 0.026365492 
270 495 10 20 0.026359554 
519 137 6 17 0.026340498 
415 693 18 30 0.026304688 
986 740 9 14 0.026294792 
1014 258 13 28 0.026237518 
850 526 4 14 0.026237171 
262 303 6 23 0.02619388 
431 631 14 26 0.026191145 
429 138 5 16 0.026175672 
345 659 11 22 0.026161471 
914 291 7 19 0.026144328 
422 582 14 23 0.026138233 
475 584 82 92 0.026137965 
400 208 7 30 0.02611373 
594 215 6 17 0.026111294 
426 180 7 11 0.026107479 
208 342 9 22 0.026063282 
916 278 8 18 0.026022406 
78 390 9 24 0.026013253 
597 358 7 14 0.026003223 
129 315 10 20 0.026000636 
999 694 10 31 0.025988873 
388 300 7 24 0.02597829 
671 118 6 9 0.025946027 
264 166 3 16 0.02591422 
427 329 6 20 0.025893444 
759 482 7 24 0.02588874 
103 366 11 21 0.025872773 
540 231 10 29 0.025858201 
601 277 9 25 0.025831223 
206 396 11 18 0.025824415 
166 287 11 24 0.025817616 
219 407 13 20 0.02581454 
781 753 13 17 0.025808765 
668 155 10 15 0.025801964 
103 437 77 81 0.025799697 
338 305 7 18 0.02579567 
306 542 16 31 0.025787966 
426 369 6 18 0.025779653 
481 189 8 15 0.025770776 
951 226 9 17 0.025754277 
197 536 19 36 0.025734184 
761 599 8 17 0.025729295 
382 610 11 21 0.025724072 
38 364 12 24 0.025705867 
783 611 7 17 0.02570558 
566 458 10 20 0.025703419 
666 365 14 24 0.025703305 
582 282 6 15 0.025698278 
675 404 12 22 0.025653591 
358 572 14 21 0.025640711 
846 198 7 13 0.02563728 
579 442 11 23 0.02561742 
372 609 11 21 0.025605705 
593 140 5 15 0.02560048 
224 537 19 34 0.02557737 
990 154 6 13 0.025576282 
116 354 11 22 0.025575355 
858 742 12 18 0.025572818 
435 494 11 23 0.025566587 
678 167 11 16 0.025564369 
276 584 16 28 0.025560927 
887 139 8 17 0.025553849 
503 315 8 18 0.025549242 
38 568 11 26 0.025539603 
217 609 12 23 0.02553521 
218 522 14 24 0.025523221 
745 152 8 16 0.02552181 
554 471 8 18 0.025521733 
168 445 10 21 0.025501674 
529 490 8 17 0.025498955 
553 395 7 16 0.025492186 
168 367 9 19 0.02543856 
231 410 18 23 0.025424296 
384 562 15 19 0.025403026 
595 244 6 14 0.025389848 
467 170 5 10 0.025383387 
228 506 14 25 0.025372868 
505 129 5 15 0.025370616 
553 496 8 19 0.02536093 
678 152 10 18 0.025347883 
154 368 11 20 0.02534191 
784 428 9 20 0.02534022 
115 341 11 21 0.025338864 
249 253 4 18 0.025316164 
640 540 15 23 0.02530706 
469 230 5 15 0.025288545 
416 529 15 29 0.025288446 
243 396 12 17 0.025284493 
1000 730 8 16 0.025282219 
465 471 10 19 0.025271317 
39 379 12 22 0.025257174 
530 397 6 14 0.025251042 
338 178 6 15 0.025242144 
665 292 10 18 0.02523341 
328 165 5 15 0.025173517 
331 552 12 27 0.025143847 
807 393 13 21 0.025143217 
877 103 7 13 0.02514299 
373 562 12 18 0.025139851 
245 384 9 14 0.025135389 
759 522 7 17 0.025127962 
963 695 11 30 0.025107764 
554 366 7 20 0.025104117 
587 669 16 27 0.02509943 
899 347 6 13 0.025093434 
489 382 8 15 0.025018195 
960 465 12 28 0.02498826 
218 767 14 18 0.024960997 
553 317 7 21 0.024958054 
555 482 8 18 0.024957417 
927 208 6 11 0.024954759 
616 669 14 28 0.024934858 
181 524 13 20 0.024933118 
536 417 14 22 0.024920624 
237 275 5 21 0.024917573 
581 266 7 18 0.02491636 
146 590 6 14 0.024911327 
593 579 8 14 0.024909241 
551 408 9 17 0.024883943 
51 391 11 23 0.02487326 
655 437 12 29 0.024864413 
914 102 8 14 0.024859684 
859 384 11 15 0.024851408 
530 383 6 16 0.024814293 
278 181 4 12 0.024804065 
966 269 8 15 0.024792694 
653 291 13 19 0.02479197 
718 328 10 28 0.024789086 
194 409 10 19 0.024766508 
11 149 11 19 0.02474584 
338 227 5 18 0.024738707 
658 154 8 15 0.024736462 
567 355 6 20 0.024731219 
671 127 7 14 0.024723684 
671 105 5 11 0.024719557 
981 457 17 23 0.024705308 
512 545 12 20 0.024690386 
747 367 10 18 0.024655972 
795 744 13 15 0.024651662 
940 152 6 15 0.024651604 
575 476 13 29 0.024647875 
963 318 8 17 0.024639226 
722 99 7 19 0.024638573 
182 317 8 18 0.02463528 
218 753 11 18 0.024597501 
205 406 11 21 0.024576552 
435 407 10 19 0.024561524 
677 614 11 21 0.024527468 
639 565 15 33 0.02451921 
817 223 10 22 0.024508938 
941 195 6 11 0.024496706 
595 153 5 15 0.024485923 
427 170 5 10 0.024478788 
181 367 8 20 0.024468571 
372 626 10 17 0.024466598 
515 268 8 16 0.024460481 
347 573 11 22 0.02445878 
355 417 13 22 0.024456253 
386 466 18 28 0.024455579 
116 535 6 15 0.024437211 
385 660 11 18 0.024419252 
376 407 8 16 0.024412142 
528 267 7 16 0.024403943 
419 457 12 22 0.024381911 
679 420 12 20 0.02437807 
191 479 11 23 0.02437409 
54 557 9 22 0.024371954 
582 255 6 16 0.024365272 
817 751 19 20 0.024363661 
594 229 6 16 0.024341786 
875 510 7 18 0.024327734 
439 266 7 17 0.02429817 
220 396 10 16 0.024294257 
167 433 11 22 0.024292171 
445 582 14 27 0.024275962 
556 156 6 12 0.02426431 
490 342 7 16 0.024263209 
501 408 11 19 0.024242677 
687 198 14 29 0.024229765 
105 771 10 30 0.02421708 
581 190 6 17 0.02421036 
937 469 7 20 0.024201028 
709 102 6 16 0.024193896 
385 637 12 21 0.024190016 
142 317 9 18 0.024171649 
155 332 9 16 0.024170365 
528 294 6 15 0.024153683 
264 540 17 38 0.024146749 
363 355 7 19 0.024141565 
899 104 8 13 0.024120258 
109 552 5 13 0.024101553 
580 341 7 21 0.024100402 
970 762 15 25 0.024088481 
420 680 19 31 0.024084644 
478 398 7 14 0.024075393 
873 204 12 19 0.024063822 
278 220 4 11 0.024050945 
929 473 6 15 0.02404609 
1016 742 8 17 0.024041377 
143 626 10 20 0.02403899 
752 749 18 23 0.024037888 
239 520 15 26 0.024035763 
900 451 5 12 0.024029635 
836 215 8 15 0.02397718 
529 155 6 12 0.0239683 
999 261 11 23 0.02395386 
204 415 15 31 0.023945374 
279 254 3 14 0.023938427 
949 743 11 18 0.023916097 
227 579 17 32 0.02390069 
748 540 5 13 0.023898765 
858 431 8 20 0.02389825 
215 576 14 35 0.023897847 
455 115 5 19 0.023897538 
596 178 5 16 0.023873346 
913 254 9 17 0.023865357 
815 342 15 23 0.023830364 
656 420 10 19 0.0238281 
357 515 12 28 0.023825044 
55 571 9 22 0.023803929 
287 141 6 11 0.023794401 
694 125 7 17 0.02379291 
578 576 10 17 0.023784822 
397 596 13 22 0.023770941 
17 139 9 14 0.023726845 
39 544 10 23 0.023718301 
450 472 10 18 0.023699863 
984 754 10 16 0.023673335 
249 231 4 16 0.023668917 
109 625 6 22 0.023635482 
378 449 9 17 0.023634182 
301 193 4 12 0.023623778 
433 580 16 27 0.02361544 
42 493 8 11 0.023614142 
206 381 10 20 0.023606032 
3 502 7 17 0.023572536 
208 328 8 22 0.023563307 
52 492 9 12 0.023546295 
677 594 11 25 0.023521177 
645 292 9 16 0.023520302 
980 445 16 20 0.02350902 
443 114 5 20 0.023487197 
831 750 18 21 0.023478765 
561 653 16 30 0.0234647 
595 345 7 18 0.023459774 
363 302 8 22 0.023455732 
629 249 12 23 0.023433682 
128 510 8 14 0.023431575 
398 624 12 22 0.0233803 
264 180 4 15 0.023364274 
281 454 14 29 0.023352385 
897 703 8 19 0.023340473 
158 587 7 16 0.023336224 
152 394 12 19 0.023314103 
787 443 7 20 0.02330838 
489 357 7 15 0.02330544 
678 278 11 19 0.023295492 
927 193 7 12 0.023295343 
734 152 7 17 0.023292141 
686 755 23 16 0.02328938 
542 474 6 14 0.023278477 
683 294 9 16 0.02326363 
736 277 17 26 0.02325975 
373 179 9 18 0.023229424 
344 445 12 21 0.023214752 
581 226 6 20 0.023213288 
263 278 5 20 0.023196774 
242 777 15 17 0.023177478 
489 369 7 15 0.023169506 
618 229 9 17 0.023157813 
380 485 19 32 0.023154723 
250 243 3 16 0.023148838 
287 219 4 12 0.0231374 
526 138 7 16 0.023076478 
436 430 13 21 0.023073664 
836 228 8 18 0.023058621 
708 295 9 15 0.023057718 
131 649 10 19 0.023049222 
115 757 14 36 0.02304481 
945 358 11 16 0.023035718 
964 727 9 20 0.023025377 
503 332 7 15 0.02302106 
68 572 8 20 0.022982268 
106 381 8 18 0.022965064 
999 368 9 17 0.022929879 
179 391 11 22 0.022908147 
299 141 6 11 0.022905383 
793 750 17 20 0.022897596 
242 493 12 25 0.022894433 
670 609 10 26 0.022885447 
578 598 17 23 0.022883272 
344 641 15 30 0.022879576 
977 729 8 17 0.022876237 
820 744 14 17 0.02286918 
669 139 10 17 0.022859747 
735 430 7 21 0.022855371 
388 421 9 17 0.022846945 
232 354 84 78 0.022842119 
278 207 3 11 0.02283881 
457 736 15 18 0.0228261 
927 179 7 13 0.022825714 
348 328 9 21 0.022823114 
888 371 13 14 0.022810468 
633 201 9 22 0.022792256 
506 167 5 12 0.02278829 
118 566 6 12 0.02276522 
491 169 6 11 0.022764489 
337 317 8 17 0.02275479 
452 170 6 9 0.022751993 
468 117 5 16 0.022751221 
624 367 15 21 0.022733102 
347 559 10 21 0.02270423 
443 356 6 16 0.022702508 
183 420 10 20 0.022695461 
900 192 7 14 0.022688312 
370 634 13 23 0.02268566 
206 507 10 22 0.0226817 
567 494 9 20 0.022674795 
141 367 12 20 0.022669649 
633 165 6 18 0.022661068 
853 760 23 30 0.022655759 
759 510 7 20 0.022636836 
63 518 10 21 0.022636276 
632 137 7 18 0.022619959 
266 448 16 32 0.022608954 
599 669 14 26 0.022574214 
538 546 13 24 0.022563517 
436 471 9 20 0.02255871 
898 462 6 14 0.022557912 
964 127 6 16 0.022554621 
695 402 8 20 0.022530923 
222 426 15 26 0.022513514 
168 392 10 20 0.022508683 
22 404 14 31 0.022501716 
218 506 13 24 0.022500481 
528 211 12 23 0.0224872 
386 627 9 17 0.022472477 
467 157 5 12 0.022467975 
255 604 15 31 0.022459377 
277 423 16 34 0.022440333 
877 487 6 14 0.022396754 
621 88 5 16 0.022390578 
988 360 11 13 0.02238761 
563 672 16 26 0.022367284 
501 191 7 14 0.022365652 
53 620 9 27 0.022350619 
482 253 7 14 0.022347465 
220 455 11 22 0.022337332 
207 444 9 20 0.022335337 
529 303 7 15 0.022316514 
852 144 5 11 0.022293016 
911 177 8 15 0.022282535 
550 303 7 20 0.022276385 
658 90 6 13 0.022268737 
849 412 7 12 0.022268318 
180 288 10 22 0.022266004 
280 570 11 23 0.022253884 
62 508 10 19 0.022216534 
262 329 5 19 0.022210153 
953 787 56 112 0.022207078 
488 216 8 15 0.022203052 
194 327 9 22 0.022193357 
876 176 6 18 0.022190755 
554 247 8 24 0.022177929 
632 570 9 22 0.022173794 
961 302 9 20 0.022171922 
1016 276 10 22 0.022171209 
107 408 10 21 0.022170741 
154 343 11 19 0.022168938 
575 454 13 26 0.022160491 
852 537 4 14 0.02215645 
407 596 15 24 0.022154102 
221 385 8 16 0.022153748 
117 553 6 11 0.022123175 
902 333 5 14 0.02210656 
181 734 11 32 0.02208555 
70 399 86 94 0.02205781 
310 321 8 15 0.02205776 
415 171 5 11 0.022038031 
194 393 11 21 0.02203652 
66 631 12 33 0.022022733 
928 462 6 14 0.022021744 
452 485 8 16 0.022012003 
494 116 5 16 0.022006435 
703 222 11 28 0.02200333 
103 786 11 35 0.021995323 
541 266 7 17 0.021992274 
739 551 4 13 0.0219838 
243 608 12 25 0.021978635 
552 508 10 23 0.021972759 
621 103 4 14 0.02195273 
36 641 13 34 0.021939864 
276 306 5 19 0.021930644 
974 673 9 34 0.021925246 
864 473 6 13 0.021924509 
247 315 6 21 0.021919312 
925 166 7 14 0.021914843 
698 114 5 15 0.021912549 
126 672 12 27 0.021911226 
903 430 4 8 0.021900453 
579 304 7 22 0.021892315 
962 742 11 16 0.021864098 
467 528 18 30 0.02186103 
839 474 5 16 0.021854067 
902 166 6 15 0.021853618 
806 731 12 17 0.021840747 
191 512 12 21 0.021828964 
527 409 9 15 0.021826258 
542 343 7 20 0.021823153 
913 715 8 17 0.021803727 
65 403 9 24 0.021799639 
480 169 5 11 0.021771828 
929 347 7 11 0.021766832 
1016 727 8 19 0.021764781 
285 496 10 21 0.021763034 
914 702 8 18 0.021756224 
255 666 20 35 0.021753473 
607 154 5 15 0.021736376 
734 417 8 22 0.021727622 
729 267 13 23 0.021722425 
1018 128 7 18 0.021709025 
623 210 80 89 0.021668408 
568 316 7 23 0.021661092 
629 239 12 20 0.021653594 
632 176 7 21 0.021640968 
78 418 9 22 0.021623846 
864 461 6 14 0.021599587 
948 436 8 13 0.021594398 
338 166 6 15 0.021594066 
528 281 7 15 0.021593308 
568 252 7 19 0.021585705 
899 290 6 21 0.021584628 
949 347 9 13 0.02158255 
929 449 6 13 0.021571944 
664 389 18 30 0.021558015 
220 438 12 23 0.021553027 
454 157 5 11 0.021551229 
23 531 13 27 0.021547953 
617 138 6 17 0.021525765 
229 448 15 32 0.021524938 
263 152 3 18 0.021520117 
308 462 15 28 0.021505779 
617 248 11 21 0.021487314 
732 326 9 25 0.021474654 
4 423 11 27 0.02146392 
489 408 9 19 0.021454515 
985 767 12 20 0.021448968 
357 460 11 18 0.021436712 
256 635 13 23 0.02143505 
505 343 7 17 0.021427698 
896 215 12 17 0.021427589 
329 192 5 14 0.021387525 
320 476 16 26 0.02137436 
157 559 8 16 0.02136844 
131 565 7 12 0.021365168 
116 266 9 18 0.021359961 
786 357 11 16 0.021358058 
762 579 5 12 0.021351306 
671 311 7 12 0.021347435 
170 612 8 19 0.021340964 
845 383 10 15 0.021331158 
412 495 152 154 0.021324947 
1012 764 10 23 0.021317452 
106 266 9 18 0.021317318 
580 294 6 15 0.021289876 
289 269 4 13 0.021283556 
671 319 9 12 0.021283137 
681 453 11 24 0.021271542 
116 367 11 19 0.021270012 
426 190 8 14 0.021248072 
760 180 8 15 0.021237962 
661 536 14 20 0.021231595 
306 518 13 27 0.021224668 
574 559 11 20 0.02121521 
499 253 9 16 0.021212028 
898 474 6 14 0.021210289 
154 277 11 20 0.021172576 
667 355 11 20 0.02113365 
320 593 14 26 0.0211294 
361 189 10 21 0.021114783 
265 207 3 14 0.021101017 
503 383 8 15 0.021098793 
890 475 5 13 0.02109369 
761 411 7 16 0.02109323 
710 134 7 21 0.021076735 
232 353 8 21 0.021041706 
490 283 7 13 0.021039754 
3 617 7 34 0.02103542 
65 417 9 23 0.021013685 
291 410 17 35 0.021009415 
795 325 13 24 0.020999586 
542 282 6 14 0.020998864 
313 166 5 14 0.020994797 
577 491 13 26 0.020988919 
518 155 5 12 0.020986889 
535 640 16 35 0.020974794 
291 462 15 29 0.020973383 
885 151 8 18 0.020960776 
228 477 14 29 0.020952718 
911 192 8 14 0.020938924 
129 266 11 18 0.020914102 
37 392 13 22 0.02091012 
762 589 6 13 0.020868152 
262 256 4 14 0.020866957 
599 321 16 34 0.020835334 
498 628 19 33 0.020803625 
171 319 7 15 0.020794932 
805 378 14 23 0.020791845 
79 405 8 22 0.020773124 
361 395 8 17 0.020765971 
609 102 4 15 0.020754064 
887 412 6 10 0.020749474 
2 317 7 20 0.020733913 
579 326 7 24 0.020730726 
594 369 9 17 0.020726496 
515 253 8 17 0.02072601 
232 608 12 23 0.020722004 
109 599 5 20 0.02070211 
68 558 8 21 0.020698093 
784 150 8 18 0.020697016 
398 580 14 24 0.020693779 
479 181 6 13 0.020685593 
863 176 7 17 0.020681694 
557 142 5 12 0.020662077 
517 168 6 12 0.020651361 
441 284 5 12 0.020631718 
421 432 13 19 0.020624906 
903 437 4 11 0.020600397 
984 417 15 23 0.020591363 
446 430 13 26 0.020578852 
329 204 5 14 0.020571653 
656 355 10 17 0.02056603 
238 446 17 35 0.020553596 
632 189 8 21 0.020552924 
417 656 20 32 0.02054489 
836 131 6 12 0.020538736 
260 385 10 15 0.020530138 
567 340 7 23 0.0205264 
659 105 5 11 0.02052604 
626 353 14 22 0.020500908 
646 89 6 14 0.020488987 
526 419 12 21 0.020483399 
264 233 3 13 0.020475203 
1018 101 7 19 0.020471781 
633 105 5 12 0.020468336 
333 407 12 20 0.020468047 
265 220 3 14 0.020463934 
129 368 11 19 0.020455172 
121 638 6 19 0.020447647 
619 128 6 15 0.020443933 
541 247 8 24 0.020443678 
772 361 8 14 0.020410713 
309 781 9 14 0.020385364 
567 447 9 16 0.020381188 
438 214 7 19 0.020373158 
602 264 10 23 0.020371366 
254 449 16 31 0.02034614 
777 390 13 21 0.020342775 
988 730 8 16 0.020341668 
515 214 10 18 0.020340068 
914 415 5 10 0.020333162 
362 369 8 18 0.020317465 
810 225 9 20 0.020304343 
581 166 6 15 0.020303246 
189 563 19 38 0.020265676 
874 729 7 18 0.020265376 
619 294 7 17 0.020264031 
633 88 5 16 0.020245137 
92 267 8 18 0.020242378 
631 277 8 20 0.02023359 
66 544 9 24 0.020228297 
886 165 7 17 0.020225842 
516 281 8 15 0.02021194 
155 318 8 16 0.020207489 
503 269 8 14 0.020194966 
691 136 8 20 0.020189479 
76 629 13 36 0.02018175 
490 398 7 14 0.020181188 
807 284 9 13 0.020163061 
866 500 5 12 0.020161608 
581 356 6 18 0.020157248 
834 286 7 11 0.020152159 
682 117 7 12 0.020147098 
530 318 6 16 0.020140288 
761 761 21 30 0.0201355 
301 205 4 13 0.020128092 
360 583 14 25 0.02012038 
442 157 4 11 0.020113684 
569 282 5 13 0.020111209 
472 591 16 26 0.02010862 
890 713 7 18 0.020091822 
850 500 5 14 0.020087972 
762 549 5 15 0.020036863 
757 152 8 16 0.020034695 
853 131 4 12 0.020016566 
1002 321 7 16 0.019991195 
978 127 5 16 0.019984301 
570 293 5 16 0.01997313 
553 294 6 16 0.019968886 
1018 115 7 18 0.019965293 
467 555 38 51 0.019961033 
833 330 9 16 0.019950476 
786 665 13 16 0.019950395 
897 277 8 22 0.019930735 
542 182 7 13 0.019924266 
781 179 10 16 0.01992407 
1002 648 7 24 0.019918263 
442 183 6 11 0.019904349 
1001 672 7 31 0.019902188 
600 576 11 17 0.01987388 
614 304 10 23 0.019873017 
64 530 9 23 0.01984861 
1000 350 7 13 0.01984558 
463 601 14 21 0.01981646 
248 217 4 17 0.019800339 
463 642 13 26 0.019800022 
1012 620 10 24 0.019782385 
715 658 13 29 0.019773677 
39 429 11 23 0.019773502 
1004 102 5 16 0.019767134 
277 195 4 11 0.019758306 
724 207 86 78 0.019753335 
895 389 13 18 0.019751286 
1000 633 9 24 0.019739877 
771 589 6 13 0.019733205 
349 191 8 15 0.019689389 
983 364 15 22 0.019658575 
890 463 5 12 0.019656073 
526 127 7 18 0.019652087 
658 118 6 10 0.019645572 
815 141 6 13 0.019639408 
373 552 10 16 0.019638445 
618 215 8 18 0.019638244 
481 563 18 25 0.019636802 
195 767 12 18 0.01962868 
224 638 17 32 0.019617837 
949 476 10 33 0.019617015 
990 127 5 15 0.019613486 
121 397 9 16 0.019604983 
985 300 10 20 0.019588877 
257 647 14 25 0.01958033 
967 277 10 20 0.019576415 
581 179 6 15 0.019574614 
667 166 12 17 0.01957409 
265 195 3 13 0.019555105 
193 739 9 22 0.019540979 
360 599 11 19 0.019534193 
608 140 5 15 0.019532155 
737 541 4 13 0.019528244 
295 780 12 14 0.019527862 
973 318 10 17 0.019507702 
27 381 11 23 0.019506946 
733 139 7 16 0.019502806 
276 292 4 19 0.019482832 
609 88 4 16 0.019480087 
554 535 9 19 0.019463899 
809 458 8 21 0.019459432 
68 651 48 106 0.019459175 
156 495 11 21 0.019457025 
693 166 9 17 0.019455628 
542 328 7 19 0.019430893 
667 281 11 17 0.019426813 
442 746 19 27 0.01940548 
470 545 17 27 0.019396706 
505 355 7 16 0.01938174 
108 587 5 17 0.019378975 
374 166 7 14 0.01936792 
526 181 8 14 0.019343227 
712 91 5 13 0.019334232 
306 424 16 31 0.019333575 
195 753 8 16 0.01932589 
824 196 5 10 0.01932278 
442 169 5 11 0.019320387 
869 636 14 19 0.01931671 
834 214 78 76 0.019289259 
234 371 8 16 0.019288972 
528 251 8 20 0.019280909 
151 763 18 25 0.019276747 
776 763 19 26 0.019272152 
863 448 6 15 0.019272098 
400 613 10 19 0.019269723 
847 319 8 16 0.019265486 
770 730 8 18 0.01924651 
128 760 15 32 0.01923462 
273 510 8 19 0.019215185 
747 480 7 25 0.01917647 
619 178 6 18 0.019173838 
362 383 8 17 0.019171588 
24 516 15 30 0.019148577 
477 660 14 26 0.019145083 
475 645 13 25 0.019144189 
850 475 5 14 0.019135937 
789 303 7 19 0.019127283 
850 161 8 18 0.019117903 
52 404 10 22 0.019112652 
242 478 13 27 0.019099144 
758 140 7 14 0.019098818 
529 332 6 16 0.019097952 
432 644 16 28 0.019083926 
30 657 10 32 0.019068845 
210 739 9 20 0.019021863 
328 230 4 14 0.019016301 
732 369 10 18 0.019010112 
844 741 14 20 0.019001933 
429 114 6 20 0.018996311 
964 673 10 32 0.018992826 
411 728 10 20 0.018988684 
371 532 13 24 0.018982258 
246 330 7 19 0.018976938 
51 430 10 21 0.018976828 
169 557 9 20 0.018972214 
552 460 9 16 0.018959975 
180 765 14 22 0.018953767 
735 576 6 14 0.018934965 
503 397 8 15 0.018934306 
748 495 7 23 0.018931191 
569 304 6 19 0.018922994 
421 708 15 28 0.018900538 
158 578 6 14 0.018894987 
974 696 9 26 0.018886387 
666 448 11 27 0.018884735 
692 370 10 21 0.018874127 
745 430 8 21 0.018868348 
759 167 7 15 0.018867726 
181 408 10 19 0.018848559 
297 333 11 18 0.01884705 
768 742 10 16 0.018845495 
623 657 17 35 0.018845377 
400 569 13 19 0.018842498 
107 637 8 25 0.018836865 
808 239 9 19 0.018835 
901 411 6 11 0.018825972 
794 378 13 23 0.018818887 
643 165 8 19 0.018807244 
964 289 9 21 0.018793123 
931 711 12 25 0.018777126 
320 515 14 34 0.018772233 
794 360 16 24 0.018771663 
329 217 4 14 0.018728912 
814 129 5 13 0.018725513 
433 479 11 24 0.018719507 
348 166 7 15 0.018697385 
61 498 11 18 0.01868276 
843 370 11 16 0.01866871 
244 770 12 14 0.01866139 
440 200 9 15 0.018655252 
478 609 37 53 0.018643295 
974 329 9 16 0.018637642 
278 398 18 32 0.01863335 
633 292 7 15 0.018624486 
448 645 12 26 0.018622445 
678 744 15 14 0.01861903 
494 690 19 33 0.01860431 
471 492 22 28 0.01860418 
428 656 21 35 0.018588653 
166 765 14 22 0.018587524 
690 264 11 23 0.018585466 
888 501 6 13 0.018575372 
442 370 5 16 0.018560253 
130 525 7 13 0.018537873 
203 523 13 24 0.01852121 
404 169 5 11 0.018513108 
762 563 5 14 0.018511625 
194 341 10 24 0.018486788 
428 158 5 11 0.018477576 
228 738 11 20 0.018474033 
785 345 10 18 0.01847332 
282 478 12 24 0.018462403 
464 284 6 13 0.0184524 
988 320 9 16 0.018444594 
505 369 7 16 0.018437939 
109 566 5 12 0.018437162 
241 540 19 32 0.018436266 
69 607 8 25 0.018431138 
293 495 12 23 0.018425025 
986 672 9 34 0.018418342 
428 266 6 18 0.01840234 
919 684 14 30 0.018397957 
218 775 16 21 0.01839588 
671 90 5 13 0.01839156 
103 645 11 32 0.018380586 
503 215 8 15 0.018363724 
1016 372 8 15 0.018362705 
336 783 10 15 0.018333199 
206 629 14 30 0.018318942 
862 195 6 15 0.01831578 
445 626 97 98 0.018314911 
323 790 9 22 0.018312773 
282 542 11 25 0.018309519 
735 445 7 21 0.018289853 
875 372 8 10 0.0182798 
316 613 17 26 0.018273361 
618 189 6 19 0.01826474 
359 551 9 17 0.018263768 
567 382 6 18 0.018260755 
278 129 4 12 0.01824541 
329 180 5 13 0.018228328 
79 582 8 24 0.01822241 
553 521 10 22 0.018220225 
690 277 11 22 0.018218284 
745 164 8 18 0.018207999 
109 576 4 12 0.018203583 
798 683 17 23 0.018196914 
755 741 14 20 0.01818001 
454 267 6 16 0.01817793 
997 792 15 47 0.018155793 
25 393 12 25 0.01814944 
306 753 13 15 0.018142695 
731 112 8 20 0.018125443 
548 672 16 28 0.018122684 
161 655 17 31 0.018105844 
655 470 9 22 0.01810011 
92 624 9 30 0.018058717 
796 152 8 18 0.018046688 
973 296 12 24 0.018043498 
759 381 11 20 0.018039575 
889 540 6 11 0.018036705 
732 99 7 18 0.018019933 
501 243 8 15 0.0180108 
721 152 6 18 0.018009331 
275 679 18 28 0.018005783 
245 342 7 20 0.018002851 
278 141 4 13 0.017995102 
503 203 7 14 0.017966444 
385 551 12 19 0.017959293 
797 393 11 19 0.01794218 
704 455 8 25 0.017926693 
421 447 12 18 0.01791824 
784 745 8 12 0.017892038 
78 595 8 25 0.017891403 
216 699 14 19 0.01788889 
788 295 8 15 0.017882776 
812 468 6 20 0.01787687 
463 441 12 27 0.017854992 
850 485 6 16 0.017837072 
464 456 12 24 0.017828679 
263 244 4 14 0.017827561 
848 396 8 12 0.017815439 
1013 695 10 29 0.017813222 
582 242 5 17 0.017806275 
871 383 12 14 0.017800588 
826 288 6 10 0.017797338 
743 416 9 24 0.017777793 
797 442 9 21 0.017772282 
209 733 8 15 0.017770343 
731 125 8 19 0.017758511 
505 181 6 11 0.017755374 
451 631 12 24 0.017749803 
632 214 10 21 0.017743444 
669 766 29 22 0.017729463 
732 341 8 21 0.01772684 
568 268 6 16 0.017713461 
511 685 12 24 0.017709892 
746 141 7 14 0.017702047 
348 384 8 16 0.017697785 
744 314 10 22 0.017688902 
1017 320 7 19 0.017683618 
129 749 13 24 0.017679898 
449 454 11 22 0.017677464 
947 424 9 13 0.01767017 
556 282 6 13 0.017666107 
52 419 10 20 0.01766499 
109 612 6 23 0.01766346 
643 281 10 17 0.017642448 
-2 383 75 113 0.017632073 
708 152 7 19 0.017619487 
505 117 5 14 0.01760541 
657 346 8 15 0.017601188 
889 427 5 9 0.017585974 
574 546 9 22 0.017581463 
758 318 7 16 0.017578611 
567 368 7 19 0.017574742 
338 293 7 16 0.017568024 
807 270 9 14 0.017551376 
565 406 9 20 0.01754724 
166 420 11 22 0.017545786 
499 548 13 19 0.017545588 
890 488 5 12 0.017544191 
2 642 8 35 0.017542893 
849 514 5 14 0.01753627 
165 279 11 18 0.017515365 
308 329 173 202 0.017488366 
13 484 12 22 0.017476415 
785 329 9 21 0.0174699 
307 768 11 16 0.017464867 
246 372 7 15 0.017461332 
629 263 10 23 0.017442541 
721 268 10 18 0.01743786 
115 783 14 39 0.01743438 
689 178 12 21 0.01743232 
405 294 6 17 0.017428253 
645 106 6 11 0.017427912 
191 491 12 26 0.017388402 
213 656 19 30 0.017381437 
847 331 8 14 0.017380208 
973 712 9 20 0.017376535 
295 543 15 31 0.0173723 
912 688 11 22 0.017362246 
862 206 9 16 0.017360909 
57 612 36 83 0.017334297 
362 165 8 15 0.017326301 
732 163 8 18 0.017323604 
63 487 10 15 0.01732052 
450 540 13 23 0.017310733 
412 741 11 19 0.017309137 
451 227 7 20 0.017306922 
877 365 6 9 0.017305048 
861 728 9 20 0.017304093 
591 381 11 21 0.017298678 
632 582 10 27 0.017296385 
836 239 9 21 0.017275777 
803 713 14 20 0.017269008 
220 368 9 20 0.017259294 
355 430 14 22 0.01724333 
902 488 4 12 0.017241744 
130 662 10 21 0.01723798 
916 462 5 13 0.01723725 
412 515 14 31 0.017234586 
619 165 6 17 0.017200295 
717 648 15 23 0.017199835 
592 296 37 69 0.017190447 
402 551 13 21 0.01718915 
147 538 7 13 0.017188836 
139 761 18 29 0.017185306 
193 290 9 22 0.017120034 
1015 712 9 24 0.017116021 
277 270 3 13 0.017104482 
549 418 11 19 0.0170835 
231 757 9 14 0.017078089 
983 773 16 33 0.017063405 
8 411 29 55 0.017057907 
999 289 10 21 0.017057385 
718 638 12 20 0.017048482 
914 349 6 11 0.01704583 
785 140 7 15 0.01704209 
66 476 8 12 0.017041242 
644 155 7 16 0.01703423 
120 649 7 19 0.0170327 
653 484 10 21 0.017024837 
361 178 10 18 0.017022109 
913 362 7 10 0.017016668 
795 575 8 15 0.017016228 
447 419 11 21 0.017013662 
807 253 10 18 0.017013643 
655 368 12 19 0.017012043 
813 485 5 19 0.017008318 
759 446 6 18 0.017008077 
19 131 6 10 0.017000522 
556 266 6 18 0.016982889 
620 116 6 13 0.016980836 
771 168 8 14 0.016975615 
237 265 5 19 0.016970333 
664 755 17 14 0.016958356 
593 129 5 14 0.016955178 
2 303 7 21 0.016950544 
989 330 8 15 0.016937084 
858 398 8 11 0.016929857 
465 408 8 17 0.016925873 
438 443 12 20 0.016922511 
466 396 6 14 0.016905703 
624 680 15 25 0.016905218 
798 586 7 15 0.016904496 
312 179 5 13 0.016891133 
812 160 9 19 0.01689 
579 381 9 20 0.01688302 
45 436 91 104 0.016881008 
737 563 5 13 0.016875092 
528 236 9 22 0.016870568 
785 541 6 11 0.016865473 
328 243 3 15 0.016853603 
631 543 13 23 0.016812496 
152 747 15 25 0.016809179 
149 406 15 24 0.016792983 
277 728 20 16 0.016791131 
271 385 11 17 0.01679075 
335 331 9 17 0.016778471 
514 237 11 20 0.016778236 
343 670 12 24 0.01676269 
1017 292 9 19 0.016753059 
914 486 5 14 0.016752735 
849 177 6 16 0.016742686 
14 163 9 16 0.016739318 
95 533 8 19 0.016737318 
852 446 6 17 0.016736954 
852 461 5 15 0.016736414 
760 128 6 14 0.01673294 
641 500 11 16 0.016732829 
962 347 8 13 0.016696937 
986 617 13 27 0.016687324 
389 167 5 13 0.01666987 
287 133 5 8 0.016656462 
562 686 16 26 0.016651597 
735 523 6 16 0.016647318 
262 139 4 17 0.016628666 
481 116 4 16 0.016625198 
191 658 16 26 0.01659447 
950 708 11 25 0.016586363 
368 496 16 32 0.016584823 
783 164 9 18 0.01658246 
596 103 4 16 0.016579052 
772 140 7 15 0.0165591 
759 471 6 23 0.016556803 
1017 382 8 18 0.01654337 
133 553 6 11 0.016541095 
836 178 6 15 0.016536582 
333 788 13 25 0.016536519 
999 471 8 21 0.016535232 
676 229 15 31 0.016516887 
821 270 9 14 0.016510872 
454 284 6 12 0.016509987 
510 698 14 25 0.016465448 
749 520 6 18 0.016425233 
480 265 8 16 0.016414713 
618 202 7 19 0.016399879 
382 513 15 35 0.016377617 
437 458 10 19 0.016369779 
369 513 14 32 0.016363736 
719 370 7 19 0.016362967 
707 282 10 17 0.016360896 
807 441 11 24 0.016356401 
146 512 8 14 0.01634508 
620 278 7 21 0.016334292 
720 397 6 16 0.016305476 
973 466 15 27 0.01630526 
747 590 6 12 0.016297217 
677 572 11 19 0.016296513 
951 728 9 20 0.016283693 
226 785 22 31 0.0162829 
4 131 6 12 0.01627137 
804 700 12 20 0.01626104 
703 350 11 23 0.016248237 
648 683 16 24 0.016243303 
428 284 5 13 0.016243199 
614 625 11 20 0.016240874 
796 163 8 18 0.016239466 
651 698 11 20 0.016228745 
147 550 7 12 0.016204681 
207 767 11 16 0.016191283 
96 547 7 17 0.016187038 
680 347 15 25 0.01618461 
626 496 14 18 0.016183 
807 583 8 19 0.016182363 
483 548 16 22 0.016174559 
693 152 8 18 0.01617346 
81 266 8 20 0.016169205 
975 657 10 33 0.016156275 
330 681 12 27 0.016155094 
312 306 6 17 0.016154427 
289 280 4 16 0.01613857 
616 587 84 121 0.016137058 
276 281 4 15 0.016109727 
240 659 39 82 0.01610938 
768 712 10 24 0.016095376 
817 238 10 21 0.016095312 
1014 635 8 23 0.01609317 
57 280 7 19 0.016089251 
280 719 13 15 0.016080972 
557 129 6 13 0.016073408 
633 155 6 16 0.016069027 
657 305 8 15 0.016068257 
92 597 7 22 0.016062891 
1002 603 7 20 0.016052809 
890 452 4 10 0.016051259 
348 178 8 16 0.01603543 
877 539 6 11 0.016031938 
741 301 12 22 0.016018666 
168 626 11 21 0.015980816 
2 438 11 30 0.015957817 
162 632 16 31 0.015956104 
702 179 156 199 0.015956089 
262 127 4 17 0.015942954 
851 115 6 13 0.01592243 
579 369 8 19 0.015911289 
833 344 10 15 0.01591099 
39 404 11 22 0.015881108 
928 436 7 12 0.015880201 
93 394 7 20 0.015866166 
181 511 11 20 0.01586449 
775 540 5 12 0.01584484 
528 473 9 17 0.01583176 
680 562 9 15 0.015828015 
1002 330 7 15 0.015824769 
771 152 9 16 0.01580137 
507 760 26 24 0.015799012 
664 214 83 88 0.015796656 
864 488 6 13 0.015790578 
509 419 14 21 0.015786473 
537 668 15 33 0.015767815 
825 179 7 14 0.015764957 
515 226 10 18 0.015758479 
91 760 10 25 0.01575205 
566 395 7 17 0.015751677 
793 237 11 24 0.015733823 
670 467 9 23 0.015733514 
721 444 8 23 0.015716318 
871 630 9 14 0.015696913 
324 783 7 14 0.015694086 
288 292 5 17 0.015691612 
-3 -132 75 96 0.015676077 
800 457 7 19 0.015643604 
986 693 10 28 0.01564086 
78 431 9 21 0.0156334 
479 420 9 19 0.015630292 
540 421 94 90 0.015624731 
350 342 8 19 0.015616994 
619 154 5 15 0.015600129 
209 755 8 15 0.015594877 
293 16 545 747 0.01558901 
719 383 6 17 0.01557394 
480 282 6 13 0.015566707 
625 633 14 28 0.015546098 
430 697 16 22 0.015538396 
758 729 10 21 0.015536877 
896 263 11 24 0.015529601 
436 546 11 19 0.015528886 
915 474 5 14 0.015515639 
786 318 8 19 0.015514635 
209 290 8 22 0.015513259 
89 642 14 36 0.015511903 
288 192 1177 1297 0.015500001 
479 217 7 14 0.015481211 
301 232 4 12 0.015437085 
257 522 11 23 0.015434505 
301 257 4 13 0.015427688 
642 346 9 15 0.0154248355 
927 427 7 10 0.015413846 
478 234 5 11 0.015413622 
925 398 8 12 0.015409801 
415 312 151 176 0.015396935 
335 612 35 56 0.015382666 
512 484 11 20 0.015367428 
179 551 15 29 0.015358793 
451 394 7 16 0.0153451115 
733 604 7 14 0.015341633 
781 601 8 17 0.0153382765 
552 449 9 15 0.015313795 
394 779 15 22 0.015277282 
604 192 153 191 0.015275181 
611 599 12 20 0.015264869 
147 525 8 15 0.015259323 
399 674 11 18 0.01525216 
630 227 12 20 0.015249753 
449 407 9 19 0.015241635 
36 140 10 13 0.015232676 
490 233 7 13 0.015231041 
707 267 10 19 0.015224168 
248 136 6 23 0.015215792 
689 745 16 13 0.015197005 
248 205 4 16 0.015194516 
545 116 5 13 0.015189562 
797 564 6 13 0.015184064 
489 635 31 61 0.015182232 
486 768 11 15 0.015158943 
2 177 8 19 0.015137637 
333 393 11 21 0.015110866 
926 414 6 9 0.015103396 
767 190 15 20 0.01509707 
204 647 14 27 0.015092746 
515 395 82 89 0.015091342 
566 434 10 20 0.015085899 
840 537 4 16 0.015084964 
650 499 12 18 0.015078447 
678 267 10 19 0.015074511 
36 668 15 36 0.015073583 
2 366 8 23 0.015060076 
15 751 8 21 0.015052665 
193 728 8 20 0.015030158 
92 772 9 30 0.015028098 
544 169 6 11 0.0150250485 
569 130 5 13 0.015022937 
146 579 6 12 0.015020151 
409 606 95 87 0.015012886 
667 515 8 12 0.015003956 
630 609 11 23 0.015001298 
1016 331 9 18 0.014996029 
522 647 16 38 0.014982904 
366 461 81 93 0.014976489 
643 174 11 24 0.01495337 
748 578 6 13 0.014931873 
875 413 5 10 0.014920921 
93 585 7 20 0.014920403 
294 767 15 17 0.014896872 
444 657 16 30 0.014889456 
733 235 12 28 0.014888862 
846 727 12 22 0.01488635 
640 354 11 19 0.014847794 
840 760 24 27 0.01483277 
254 778 17 16 0.014802505 
301 218 4 13 0.014801531 
529 169 7 11 0.014796205 
467 254 6 15 0.01478777 
910 396 8 14 0.014779457 
955 771 20 31 0.01476901 
720 164 7 18 0.014754794 
249 194 4 16 0.014751675 
642 617 10 28 0.014747364 
119 664 8 20 0.014735784 
976 434 12 16 0.014718549 
246 555 74 91 0.014715529 
247 760 9 11 0.014710577 
94 406 8 22 0.014704305 
627 625 11 21 0.01469991 
139 732 18 32 0.014692736 
732 213 11 26 0.014688802 
464 419 9 20 0.014664178 
415 159 5 10 0.014656697 
16 280 6 21 0.014647142 
350 201 8 18 0.014630022 
182 633 12 29 0.014623859 
322 320 8 15 0.014610342 
986 648 9 24 0.014605922 
398 533 12 23 0.014603431 
139 267 12 18 0.014601338 
861 372 9 11 0.0145932445 
939 426 9 12 0.014592587 
599 616 15 28 0.014590297 
662 608 39 79 0.0145809 
465 269 7 14 0.014562626 
474 754 13 17 0.01454807 
166 407 11 20 0.014543069 
515 496 12 20 0.014540035 
899 691 9 18 0.014529845 
519 117 5 14 0.014505714 
117 674 9 26 0.014500746 
739 750 21 23 0.014498701 
966 440 7 11 0.01449554 
231 722 12 24 0.014489506 
792 709 16 24 0.014487177 
293 698 14 22 0.014470657 
651 282 13 17 0.014460936 
105 418 12 23 0.014458192 
312 206 4 12 0.014442591 
202 695 17 21 0.014441214 
565 417 10 22 0.014425247 
991 113 5 16 0.014408972 
544 157 6 10 0.014408972 
307 697 12 23 0.014403515 
563 617 15 25 0.014392966 
744 328 8 20 0.014389834 
583 129 5 14 0.014387901 
544 128 5 13 0.014382275 
273 520 10 22 0.014378692 
218 712 12 19 0.014363895 
300 269 5 13 0.014361166 
1001 305 8 18 0.014358089 
537 431 11 20 0.014329693 
889 514 5 13 0.014326805 
669 482 8 18 0.01431 
682 105 6 11 0.014308583 
480 202 6 14 0.014305045 
717 222 11 29 0.014298713 
639 369 12 18 0.014297032 
721 605 9 14 0.014289991 
146 563 7 13 0.0142535325 
733 87 6 17 0.014252616 
668 329 12 21 0.014251101 
82 487 8 13 0.014250893 
80 459 10 17 0.01424938 
789 762 22 25 0.014246835 
761 432 6 18 0.0142291 
177 383 147 205 0.01422266 
165 734 14 31 0.014217921 
261 342 6 19 0.014217848 
658 166 10 17 0.0142154945 
604 734 8 8 0.014215415 
333 697 10 25 0.014214493 
986 780 33 100 0.014208506 
985 632 11 22 0.014195349 
95 432 9 21 0.014193775 
658 78 5 14 0.014192539 
730 309 12 27 0.014192287 
3 291 6 22 0.014154183 
707 163 7 18 0.014148676 
107 397 8 17 0.014144824 
83 473 9 15 0.014128025 
411 671 14 24 0.014115571 
15 688 7 28 0.014103486 
819 252 10 19 0.014092835 
387 181 6 14 0.014075155 
249 149 5 22 0.0140701085 
245 355 7 20 0.014064077 
136 406 19 24 0.014063185 
813 198 6 11 0.014062583 
745 602 7 13 0.014058881 
789 575 6 14 0.014055689 
691 250 10 22 0.0140198255 
278 360 78 90 0.014017268 
95 562 6 17 0.014009257 
525 431 13 22 0.01400108 
499 535 14 18 0.013992043 
832 615 10 17 0.013962982 
889 704 8 18 0.013957875 
132 539 6 12 0.013956669 
484 593 15 23 0.013945459 
346 783 11 14 0.013927039 
29 619 34 77 0.01392696 
104 669 12 34 0.013925639 
435 559 11 21 0.013909107 
299 321 8 16 0.013905197 
746 114 8 16 0.013905027 
641 486 10 17 0.013893602 
772 550 5 13 0.0138908075 
27 166 12 16 0.013890245 
1002 660 6 26 0.01388873 
312 193 5 13 0.013881861 
513 752 27 21 0.013867483 
651 380 14 22 0.0138637405 
1017 306 8 20 0.013859241 
785 281 9 15 0.013848245 
94 418 9 23 0.013836184 
348 292 8 19 0.013795494 
645 305 7 14 0.0137914065 
459 749 15 20 0.01378659 
438 521 11 19 0.013779253 
891 550 6 10 0.013766525 
23 450 14 27 0.013759761 
51 441 10 21 0.013744668 
327 470 31 55 0.013742502 
450 729 16 21 0.013740499 
822 730 11 17 0.013724276 
901 501 5 12 0.013722727 
277 117 4 12 0.0136844115 
385 671 12 20 0.013679226 
746 128 7 14 0.013652859 
848 347 7 12 0.013651069 
835 728 11 19 0.013648142 
828 761 23 25 0.013640608 
766 694 13 28 0.013632989 
722 79 5 13 0.013622142 
719 354 8 19 0.013614955 
77 608 9 26 0.013606973 
126 782 16 38 0.013597025 
756 699 11 25 0.013579282 
467 621 32 58 0.013577244 
297 585 15 26 0.013572673 
618 263 10 22 0.013561702 
528 223 10 22 0.013557557 
619 477 21 26 0.013551245 
273 331 6 18 0.013535815 
300 281 5 15 0.013535664 
287 306 5 17 0.013508033 
277 519 80 100 0.01350501 
288 332 8 18 0.013503561 
988 713 8 18 0.013495216 
318 487 16 32 0.013488806 
471 481 17 24 0.013487562 
80 570 9 22 0.013483795 
503 282 7 13 0.01347628 
543 142 5 12 0.013460966 
681 731 10 15 0.013458832 
299 525 31 59 0.013448435 
314 232 4 13 0.0134460945 
481 502 21 24 0.013444772 
432 757 20 27 0.013436811 
742 263 13 22 0.013400991 
774 444 6 20 0.013400071 
397 492 15 35 0.013398535 
901 514 5 12 0.0133899525 
747 191 10 19 0.013387804 
579 406 10 22 0.013386299 
376 436 9 17 0.013370797 
300 132 5 8 0.013364533 
611 640 15 34 0.013310154 
144 633 13 26 0.013307432 
657 332 8 15 0.013305923 
798 733 9 14 0.01329962 
794 269 10 16 0.013287798 
807 652 13 16 0.013271027 
701 755 23 16 0.013242161 
736 589 6 14 0.013218766 
313 155 5 13 0.013215663 
866 631 6 11 0.013214256 
699 105 4 12 0.013184004 
603 546 12 21 0.013181611 
96 517 8 22 0.013177655 
411 751 10 18 0.013132192 
483 532 17 21 0.013127656 
772 513 6 14 0.0131072635 
720 177 7 18 0.013097072 
16 182 9 14 0.013075436 
646 78 5 14 0.013073221 
281 555 13 27 0.013068336 
1011 806 13 46 0.013057511 
733 203 9 20 0.01305345 
80 558 9 22 0.0130501455 
290 742 21 17 0.013038825 
801 664 16 20 0.013034119 
301 244 4 12 0.013028961 
690 609 13 23 0.013015748 
248 738 10 17 0.013012306 
899 678 10 18 0.013009086 
531 118 5 13 0.013009024 
201 625 84 90 0.0129857855 
179 658 13 27 0.012978753 
718 307 12 28 0.012962196 
659 319 7 14 0.012952574 
327 281 5 16 0.012942763 
268 779 16 15 0.0129418 
396 767 12 18 0.012940058 
796 178 8 15 0.012933366 
313 293 5 16 0.012925924 
369 458 38 50 0.0129069 
745 346 7 16 0.012888622 
705 253 10 18 0.012879507 
719 214 8 21 0.012866673 
950 114 7 16 0.012865747 
550 432 11 19 0.012851497 
798 601 7 15 0.012834401 
591 563 10 18 0.0128227 
802 762 23 25 0.012800427 
875 524 7 15 0.01279629 
312 141 5 11 0.012790748 
709 763 30 25 0.012788557 
495 507 16 22 0.0127704125 
300 293 5 16 0.012768635 
193 713 11 19 0.012757928 
314 257 4 13 0.012722728 
837 251 10 21 0.012721648 
438 534 12 19 0.0127032045 
327 256 4 15 0.012700704 
3 115 6 14 0.0126956655 
338 242 5 18 0.01269478 
814 762 24 25 0.012684851 
154 461 15 34 0.012682749 
1017 362 6 12 0.012676504 
668 342 12 21 0.012674978 
409 768 13 17 0.0126739275 
589 439 12 28 0.012672113 
126 406 19 25 0.012670992 
683 90 5 13 0.012661809 
308 333 12 16 0.012661778 
230 522 37 58 0.012654919 
42 282 7 19 0.012644979 
502 230 8 15 0.012625758 
81 507 9 18 0.01261903 
525 446 12 20 0.012606038 
262 654 35 53 0.012600691 
313 218 4 13 0.012599523 
452 507 31 51 0.012592986 
8 -65 22 42 0.012588576 
38 129 10 12 0.01258707 
874 397 8 13 0.012585447 
1018 348 6 14 0.01258197 
292 714 14 18 0.012571388 
464 560 13 27 0.012562814 
761 395 8 15 0.0125609385 
299 307 6 16 0.012555096 
281 779 15 15 0.012553477 
326 156 5 12 0.012528145 
556 115 6 14 0.012519039 
798 140 6 14 0.01251561 
66 443 9 21 0.012500615 
758 329 8 18 0.012489506 
874 423 5 10 0.012450257 
921 658 14 31 0.012430609 
117 737 11 25 0.01242382 
1014 671 8 33 0.012423609 
704 610 14 22 0.0124198655 
79 517 10 23 0.012410385 
788 549 6 12 0.012405406 
949 682 12 33 0.012397597 
222 427 31 61 0.012397504 
746 382 8 16 0.012388965 
884 759 39 68 0.012384636 
522 702 13 24 0.012363076 
26 178 12 15 0.012362552 
67 462 8 14 0.0123561025 
640 443 12 24 0.012342923 
250 165 4 20 0.012341331 
691 597 11 20 0.01233458 
463 659 12 24 0.012325252 
83 499 8 15 0.012324863 
407 781 17 18 0.012317477 
757 189 13 21 0.012303186 
350 476 32 48 0.012301029 
857 632 39 53 0.01228294 
652 619 14 32 0.012281358 
595 116 4 14 0.012273744 
758 347 7 15 0.012271629 
448 635 38 67 0.01226644 
204 710 12 19 0.012264313 
612 612 11 19 0.012260242 
580 417 12 27 0.012250643 
670 705 7 15 0.012207247 
150 652 19 32 0.012205628 
323 697 9 24 0.0122000165 
842 637 13 16 0.012195425 
257 739 12 15 0.012188403 
687 622 17 27 0.012187518 
398 515 14 32 0.012184987 
719 590 8 14 0.012179966 
346 772 11 12 0.012160504 
772 580 5 11 0.012155802 
348 357 8 18 0.012153038 
827 509 5 19 0.012138283 
705 202 9 21 0.012137584 
255 770 15 14 0.0121346 
772 128 7 14 0.012121735 
591 547 10 19 0.012115374 
930 360 10 13 0.012113525 
714 753 23 19 0.012075451 
311 790 8 19 0.012067974 
669 689 9 18 0.012061108 
864 540 5 11 0.012050338 
639 756 16 13 0.012036417 
836 268 8 15 0.012033371 
747 180 8 16 0.012031745 
54 478 8 13 0.012016252 
143 497 10 17 0.011990804 
671 78 5 14 0.011989053 
998 459 9 20 0.01198819 
829 671 15 26 0.01198296 
314 281 5 16 0.0119828135 
314 245 3 12 0.011971665 
280 767 18 15 0.01196625 
1014 648 8 27 0.0119576845 
280 696 14 23 0.011948055 
-32 706 288 300 0.0119265355 
386 786 11 28 0.011913641 
783 691 15 26 0.0118904365 
632 307 6 15 0.0118539585 
580 394 8 19 0.011832134 
79 544 9 23 0.011819986 
120 502 7 12 0.011811468 
887 238 180 226 0.011807094 
774 485 6 18 0.0118047735 
341 504 32 66 0.011796445 
1015 568 7 29 0.011788448 
758 457 6 21 0.011767497 
574 702 12 18 0.011766127 
912 499 6 14 0.011754639 
614 572 11 20 0.0117288 
935 478 8 25 0.011728295 
257 757 11 13 0.011721743 
375 421 9 16 0.011711991 
806 614 10 18 0.011697232 
493 494 20 25 0.01168499 
16 704 6 24 0.011668173 
-11 -184 196 413 0.011628456 
471 660 34 65 0.01162503 
732 177 8 18 0.011623606 
359 445 10 20 0.011595536 
813 497 5 18 0.0115806805 
403 488 32 67 0.011574984 
324 307 7 16 0.01156082 
863 104 6 12 0.01155266 
734 358 7 15 0.011535277 
773 525 5 13 0.011531612 
308 491 13 26 0.011531068 
595 88 5 17 0.011529899 
707 178 8 17 0.01152306 
608 115 5 14 0.011493698 
787 458 6 19 0.011475043 
602 557 13 24 0.011470241 
504 105 5 15 0.011466235 
824 613 12 19 0.011460431 
893 238 14 22 0.011454258 
79 529 10 25 0.011452066 
596 732 7 9 0.011445644 
79 445 9 20 0.011434666 
16 191 13 18 0.011430892 
862 364 7 9 0.011426604 
780 191 12 19 0.011417042 
291 684 16 23 0.011410081 
1018 393 8 21 0.011407176 
515 511 11 19 0.0114044715 
720 253 10 20 0.011404111 
241 398 32 48 0.011384517 
348 210 8 23 0.011382498 
260 373 7 14 0.011380842 
785 733 7 14 0.011380831 
866 527 5 12 0.011370856 
449 561 12 21 0.011369596 
238 786 22 28 0.011358035 
540 462 8 15 0.011348648 
204 518 32 54 0.0113315135 
774 640 8 13 0.011328325 
890 527 6 12 0.011327375 
613 586 12 20 0.011327021 
593 720 7 10 0.011315825 
221 477 82 119 0.0112954145 
1012 781 13 42 0.011268877 
338 281 6 17 0.011263997 
520 102 4 15 0.0112465015 
106 751 9 21 0.0112207765 
896 249 12 24 0.011213384 
831 683 36 74 0.011188144 
900 527 6 11 0.011179986 
891 346 6 13 0.01116809 
875 553 5 9 0.011162178 
886 394 9 15 0.011143278 
844 700 12 24 0.011139434 
1000 381 8 19 0.011137757 
978 368 9 16 0.01112984 
93 572 8 18 0.011127433 
991 350 8 14 0.011125135 
219 550 34 55 0.011115911 
722 457 6 22 0.011108181 
486 756 11 13 0.011093505 
777 234 90 110 0.011091664 
498 421 15 21 0.011086006 
797 552 7 12 0.011080142 
830 360 13 18 0.011077958 
473 763 16 19 0.011075451 
201 403 33 56 0.011066403 
326 293 6 16 0.011064144 
61 665 19 42 0.011064019 
811 178 7 14 0.011063841 
908 751 42 53 0.011055225 
583 103 4 15 0.011055152 
249 179 5 19 0.011051556 
589 465 16 31 0.011047314 
127 695 14 31 0.011021579 
32 686 8 25 0.011008909 
705 600 10 16 0.011002653 
703 642 16 29 0.011000175 
556 353 83 97 0.01098543 
367 521 83 95 0.010976964 
485 778 15 20 0.010976461 
370 670 14 24 0.010964969 
720 190 7 17 0.010960524 
774 499 6 16 0.01095179 
205 775 15 21 0.010941471 
608 129 5 14 0.010940078 
891 320 4 15 0.010931769 
507 483 163 194 0.010931639 
835 602 7 18 0.010920771 
-1 794 77 98 0.010914155 
322 546 81 94 0.010911339 
838 586 6 18 0.010903912 
733 397 7 16 0.010887194 
3 385 8 24 0.010858928 
646 766 24 22 0.010847962 
521 729 15 18 0.010843308 
148 722 18 31 0.010837263 
419 769 55 50 0.01083383 
53 460 9 16 0.0108264685 
784 711 10 22 0.010824022 
808 602 7 14 0.010823338 
321 631 29 63 0.010818835 
132 759 38 71 0.010805995 
358 503 38 67 0.01080367 
612 556 14 26 0.010798597 
286 507 32 63 0.010795184 
229 693 13 29 0.010776136 
757 308 8 15 0.010775506 
400 731 8 16 0.010771287 
771 345 8 15 0.010768357 
885 686 10 21 0.010740076 
519 744 19 16 0.010732508 
786 588 7 15 0.010724341 
583 580 36 47 0.010718101 
277 739 25 18 0.010715997 
984 376 12 24 0.010708679 
40 476 9 14 0.010704034 
49 653 17 37 0.010701202 
771 304 8 17 0.010701055 
41 648 40 78 0.010694555 
736 457 6 22 0.010684319 
4 371 30 71 0.010672732 
719 203 8 18 0.0106677385 
771 329 8 21 0.010637164 
259 355 7 19 0.010627864 
750 656 14 23 0.010625417 
275 373 8 15 0.010594369 
771 678 14 20 0.010581626 
475 743 12 14 0.010567756 
789 566 5 12 0.010564934 
476 -122 35 14 0.010564366 
283 454 35 62 0.010561187 
997 815 16 52 0.010552988 
770 317 8 19 0.0105511965 
250 625 87 102 0.010549375 
409 617 32 52 0.010548549 
500 522 14 19 0.010536947 
273 342 7 20 0.010522312 
415 232 7 33 0.010521964 
590 324 83 98 0.01051712 
939 415 8 11 0.010513673 
522 683 14 28 0.010512348 
337 772 10 13 0.010509407 
997 162 30 51 0.010508271 
332 380 11 21 0.010507944 
194 470 30 59 0.010493517 
287 318 6 17 0.010490437 
438 446 76 86 0.010479337 
314 268 4 15 0.010479129 
692 585 10 19 0.010477081 
585 492 14 26 0.010471319 
539 446 10 20 0.010471151 
847 361 8 11 0.010460574 
270 770 15 13 0.010455551 
318 565 29 55 0.010433756 
668 203 25 38 0.01043197 
327 268 5 17 0.010429376 
234 607 31 54 0.010428569 
794 194 9 15 0.010421791 
478 479 41 52 0.010418432 
117 407 14 22 0.010416411 
237 255 5 17 0.010407677 
113 764 28 74 0.010403395 
979 364 7 11 0.010395939 
218 663 31 61 0.010392561 
501 -122 36 14 0.010391943 
181 714 12 24 0.010386919 
780 263 12 18 0.010381155 
873 713 7 17 0.01037849 
929 482 6 18 0.010371327 
829 760 49 69 0.010358103 
733 191 8 17 0.0103409495 
643 334 8 15 0.0103261545 
735 469 7 24 0.010318701 
822 714 11 19 0.010318 
834 701 12 24 0.01029893 
1 484 9 23 0.010292469 
891 440 4 9 0.010280449 
744 727 12 23 0.010276867 
634 767 23 20 0.010275214 
774 472 6 18 0.010272638 
793 199 173 203 0.010267904 
239 430 33 59 0.010248412 
176 670 16 28 0.010246697 
846 250 13 25 0.01022653 
994 245 27 53 0.010219825 
998 410 10 21 0.0102135455 
679 549 11 15 0.010207465 
844 649 16 18 0.010204893 
852 551 5 13 0.010194505 
899 542 6 10 0.010188491 
190 694 17 25 0.010184952 
588 535 10 20 0.010179642 
320 403 13 23 0.010176617 
1001 483 7 21 0.010171443 
400 741 8 16 0.010165521 
218 509 33 55 0.0101652 
718 684 11 30 0.010152858 
431 714 15 21 0.010130536 
263 114 4 17 0.010127027 
652 756 15 13 0.010120337 
569 117 5 13 0.010108554 
487 581 34 49 0.010107371 
37 454 13 22 0.010102744 
525 457 12 21 0.010045145 
409 493 15 37 0.01004349 
641 673 15 27 0.010042238 
424 741 42 53 0.010034618 
233 452 168 195 0.01002895 
707 189 8 19 0.010028018 
911 663 11 20 0.01000997 
