56_Voter_peoplevoting_56_531
1101
596 109 111 122 0.99955744 
414 133 87 108 0.96871334 
467 133 70 99 0.33834672 
575 133 35 61 0.07715332 
536 59 11 27 0.07240926 
420 128 37 77 0.061631206 
324 19 7 28 0.05831431 
311 56 7 33 0.05782453 
509 124 73 102 0.057681493 
801 3 21 28 0.05563958 
80 547 8 25 0.052619886 
899 274 9 27 0.050312415 
447 69 88 106 0.046979543 
809 231 9 37 0.044487234 
940 136 6 24 0.044299908 
529 60 10 26 0.043857623 
580 651 8 21 0.04382162 
78 519 9 25 0.043252423 
938 148 6 25 0.04324307 
262 283 166 195 0.042230435 
311 29 8 34 0.04194771 
65 545 11 30 0.04194085 
913 272 8 28 0.040856082 
561 102 18 49 0.040405795 
66 516 10 29 0.039459325 
504 175 22 46 0.039437868 
194 674 8 23 0.039250992 
260 690 7 17 0.038809672 
510 108 14 33 0.038318988 
924 273 7 27 0.037695497 
957 486 14 44 0.03765014 
731 36 7 20 0.03752893 
528 135 10 24 0.037495762 
889 288 8 24 0.03719285 
324 45 7 28 0.03690027 
50 543 15 34 0.03667086 
299 42 8 35 0.03661798 
197 686 7 23 0.036494754 
794 190 11 43 0.036468126 
971 497 12 42 0.036341194 
707 46 7 19 0.035718866 
962 109 8 27 0.035504177 
934 160 8 29 0.035296183 
514 100 10 23 0.035293873 
452 702 7 18 0.03497076 
725 220 6 13 0.034655076 
79 561 12 35 0.03461308 
184 673 7 22 0.034157045 
234 690 7 16 0.03412839 
360 17 8 27 0.034019534 
764 565 3 12 0.03378472 
516 84 9 22 0.03364601 
63 501 11 30 0.03356117 
90 566 10 31 0.033517014 
581 642 6 17 0.03300317 
897 286 8 24 0.032987103 
708 10 7 26 0.032436796 
310 81 8 32 0.032305676 
494 103 19 41 0.0320387 
259 702 9 20 0.031690437 
731 93 10 25 0.031686746 
927 152 6 18 0.031520166 
818 220 10 37 0.03114909 
927 162 7 22 0.0309537 
947 134 8 31 0.03088089 
807 205 10 40 0.030847501 
653 327 8 26 0.03081693 
621 650 5 16 0.030749198 
105 582 9 27 0.030676777 
193 661 7 23 0.030505028 
248 690 6 16 0.030179935 
270 703 7 19 0.0299638 
515 70 9 25 0.029891752 
595 641 6 16 0.029764708 
594 651 6 19 0.029725306 
299 66 8 36 0.029706525 
258 93 9 31 0.029686995 
106 597 8 24 0.029623933 
913 313 6 31 0.029583639 
709 135 8 23 0.029509109 
184 662 7 22 0.029464157 
523 109 13 31 0.029262833 
339 47 6 24 0.029231917 
343 130 100 113 0.028969806 
298 94 9 30 0.028739505 
78 504 9 27 0.028688408 
620 639 6 15 0.028633473 
595 36 5 17 0.028621526 
298 110 8 27 0.028546758 
94 578 9 27 0.028417425 
950 119 8 27 0.02823344 
118 718 8 12 0.028158933 
422 106 16 33 0.028053068 
354 18 6 26 0.027862621 
386 70 90 99 0.027596185 
630 38 8 17 0.02748904 
526 236 11 24 0.027430274 
307 -21 172 144 0.027413815 
235 174 6 26 0.02735898 
731 221 7 13 0.027350802 
934 217 11 34 0.027262595 
231 49 173 206 0.027239101 
245 175 7 27 0.02714618 
525 83 9 23 0.026973134 
775 580 4 10 0.026955701 
650 46 87 126 0.026886055 
606 651 5 16 0.026765283 
271 79 9 37 0.026762845 
284 67 9 36 0.026746087 
564 86 11 28 0.026629638 
181 689 8 19 0.026591526 
195 649 6 20 0.026583118 
731 106 11 27 0.026545389 
413 123 10 24 0.026406666 
528 149 9 19 0.026386293 
899 313 8 25 0.026358558 
228 9 809 897 0.026235329 
498 67 11 29 0.026107354 
715 121 9 27 0.026067415 
248 108 7 27 0.025893046 
336 19 7 26 0.025781797 
607 641 5 15 0.025691913 
537 83 11 24 0.025678651 
-23 42 191 171 0.02553551 
272 687 7 20 0.025333865 
746 120 10 25 0.025229963 
936 179 10 35 0.025199743 
498 84 12 26 0.025142528 
524 99 10 21 0.025124755 
591 64 8 14 0.025077472 
937 432 8 18 0.02506463 
97 539 5 15 0.025038254 
765 578 3 11 0.024981918 
927 254 7 21 0.024931826 
768 154 13 34 0.024895672 
774 590 5 12 0.024877574 
309 108 9 28 0.02487364 
570 117 21 44 0.024840446 
552 95 90 107 0.024756406 
285 91 9 35 0.024719628 
323 213 100 136 0.024658918 
940 124 6 23 0.024566025 
247 83 8 31 0.024530856 
722 225 8 17 0.024503306 
75 581 11 28 0.024455002 
926 139 7 20 0.024434999 
337 32 6 27 0.024411835 
1003 249 6 25 0.024323972 
795 219 10 37 0.024276944 
412 207 9 33 0.024272686 
256 637 11 17 0.024252176 
594 52 6 15 0.024214162 
768 56 11 23 0.02419259 
152 612 9 21 0.024134057 
899 248 9 34 0.023982598 
606 38 6 16 0.023968805 
567 650 8 20 0.023963595 
959 188 13 30 0.023952674 
540 51 8 18 0.023873836 
567 641 7 16 0.023859505 
909 216 11 38 0.023822263 
631 639 6 15 0.023772622 
838 577 5 11 0.023727374 
965 404 9 25 0.023685096 
708 113 8 21 0.023656389 
925 430 8 19 0.023586465 
182 648 8 22 0.023554387 
459 111 47 82 0.023492033 
953 112 6 22 0.023464438 
401 211 8 26 0.023422558 
321 100 9 28 0.023421613 
914 251 7 26 0.023392903 
704 55 9 25 0.023380384 
794 111 79 113 0.023315312 
757 155 13 35 0.023304002 
730 59 8 20 0.023148235 
551 63 7 18 0.022963181 
992 292 4 19 0.022814235 
78 479 11 23 0.022787906 
914 302 6 24 0.022773478 
897 301 8 26 0.022773448 
698 131 163 247 0.022633778 
850 381 6 16 0.022596573 
853 709 4 7 0.022519192 
704 159 11 30 0.02240054 
492 48 8 21 0.022390481 
769 224 11 31 0.022336207 
1011 224 12 26 0.02228983 
958 238 10 23 0.022256676 
1002 263 6 24 0.022084128 
463 753 8 22 0.022066435 
781 179 11 37 0.022054274 
651 434 71 87 0.022042686 
582 65 6 12 0.022000747 
512 130 13 31 0.021962646 
534 119 14 31 0.021931587 
247 151 7 22 0.021873783 
665 60 10 19 0.021829288 
991 278 5 22 0.021826673 
853 694 4 9 0.021825207 
336 210 9 30 0.021783803 
271 662 11 22 0.021775888 
680 100 9 20 0.021744868 
575 82 13 30 0.021715421 
852 735 5 7 0.021706825 
858 195 9 31 0.021667693 
743 112 10 22 0.021645019 
666 46 10 21 0.021628315 
740 95 10 23 0.021612903 
721 49 7 18 0.021588586 
197 640 5 13 0.021558823 
318 412 113 95 0.02151813 
298 17 8 33 0.021509094 
48 502 15 29 0.021494789 
260 71 8 31 0.02148554 
500 49 7 19 0.021482276 
950 224 9 22 0.021460433 
754 133 11 26 0.02142792 
98 724 15 23 0.021425331 
115 728 10 15 0.021418199 
579 75 9 18 0.021414109 
348 203 8 20 0.021351816 
833 220 10 37 0.02133748 
604 65 10 14 0.021331063 
450 712 9 21 0.021293422 
377 386 4 10 0.021240704 
352 33 7 28 0.021224968 
951 189 8 24 0.021206373 
325 72 6 23 0.021204408 
95 549 5 19 0.021154523 
272 57 8 34 0.021109432 
851 591 4 10 0.021087855 
235 96 7 28 0.021052558 
131 720 6 10 0.021050982 
65 579 13 32 0.021039598 
245 163 8 23 0.021031141 
601 74 14 19 0.02098675 
835 68 121 204 0.020837124 
553 108 13 35 0.020748457 
939 275 10 27 0.020710273 
717 147 10 23 0.020627834 
875 276 8 26 0.020609852 
196 700 8 20 0.020604659 
810 140 10 19 0.020572705 
477 728 6 14 0.020538572 
272 106 9 29 0.02048964 
839 709 4 8 0.020465888 
984 502 12 37 0.02045638 
594 23 5 17 0.020443754 
950 156 9 33 0.020412296 
525 163 11 21 0.020373296 
779 152 13 39 0.020337079 
589 73 13 20 0.02033549 
998 498 15 38 0.02032188 
723 58 7 19 0.020301336 
847 373 7 15 0.020293022 
75 467 14 20 0.020285612 
166 660 9 25 0.020281838 
781 220 11 36 0.020275403 
960 249 11 27 0.020239037 
717 35 90 135 0.020144667 
462 725 9 20 0.020128205 
748 60 8 19 0.020113539 
707 147 8 23 0.020100135 
520 183 16 31 0.020080194 
743 132 11 27 0.020053739 
477 180 83 125 0.019991377 
617 49 10 15 0.01995724 
413 135 13 29 0.01995691 
758 58 9 21 0.019940466 
964 100 7 20 0.01992466 
888 261 10 31 0.01985578 
655 317 6 23 0.019818857 
959 158 10 33 0.01980982 
990 266 6 22 0.019770673 
156 466 8 25 0.019648045 
718 172 11 30 0.01963955 
482 154 20 37 0.019620055 
744 106 95 138 0.019590821 
974 249 8 26 0.01957176 
210 513 5 11 0.019564463 
533 234 14 27 0.019549968 
876 291 6 21 0.019530348 
769 211 10 27 0.019528467 
746 217 9 18 0.019527804 
898 214 10 40 0.019492842 
486 68 14 30 0.01944167 
679 86 10 22 0.01941357 
-40 674 262 339 0.019304529 
606 50 7 15 0.019255688 
285 41 9 35 0.019252568 
618 38 8 17 0.019240143 
952 238 9 22 0.019228674 
821 246 8 32 0.01920621 
853 723 3 7 0.019201616 
193 461 10 35 0.019200673 
340 61 5 19 0.019170936 
667 74 10 19 0.019166395 
463 715 8 19 0.019139422 
936 264 10 27 0.019082079 
726 510 17 24 0.019072369 
775 566 4 11 0.019063022 
723 38 5 17 0.019047558 
719 110 9 23 0.019028794 
913 434 7 16 0.019021442 
851 580 4 9 0.018900327 
134 746 7 12 0.01887826 
838 723 5 7 0.018846916 
654 62 12 17 0.018825073 
349 107 10 32 0.018822825 
247 124 7 22 0.018795464 
754 196 12 31 0.018792706 
9 605 14 32 0.01875531 
353 124 146 233 0.018729711 
385 155 10 14 0.018728135 
109 609 7 21 0.018691836 
963 87 5 15 0.018667066 
671 278 6 16 0.018598445 
989 251 6 24 0.018582176 
347 211 10 28 0.01854233 
631 651 5 15 0.018528659 
236 163 6 23 0.01852398 
120 706 7 11 0.018519131 
389 374 5 11 0.018482003 
322 186 9 21 0.018418014 
424 234 10 31 0.018382605 
295 701 8 22 0.018374505 
680 73 8 20 0.018369716 
232 676 9 18 0.018347545 
536 150 12 20 0.018337267 
298 691 6 16 0.018332513 
852 747 4 9 0.018327938 
806 87 10 17 0.01823563 
362 201 8 22 0.018227287 
961 510 10 33 0.018224532 
185 638 6 17 0.018219968 
383 165 12 17 0.018175809 
322 210 10 30 0.01817466 
476 754 7 22 0.01816611 
730 172 11 29 0.018152729 
752 119 13 25 0.018117333 
205 703 8 18 0.018104255 
552 651 11 18 0.018098127 
677 109 12 29 0.01809418 
952 212 8 23 0.018088454 
323 87 7 23 0.018046495 
763 552 4 12 0.018026907 
259 151 6 19 0.018015336 
627 49 11 16 0.01800833 
451 689 7 19 0.017994152 
461 738 10 23 0.01796844 
852 503 4 10 0.017965872 
953 89 6 14 0.017961944 
925 193 10 34 0.017955914 
483 94 20 36 0.01793934 
756 83 11 24 0.017928785 
603 281 7 18 0.017913787 
615 63 13 16 0.01790638 
386 143 8 13 0.017880471 
721 204 8 18 0.017855817 
840 526 5 13 0.017840315 
950 97 7 17 0.017805966 
538 162 13 22 0.017759567 
248 138 7 21 0.017703293 
481 131 20 36 0.017698416 
960 743 10 15 0.017664494 
852 604 4 10 0.01764696 
773 601 6 15 0.017646886 
433 97 15 29 0.017643256 
237 513 4 10 0.017622575 
495 126 18 40 0.017622335 
362 399 5 12 0.017599797 
399 141 9 16 0.017599458 
694 100 7 17 0.01758985 
294 572 10 24 0.017589709 
326 534 6 20 0.017584592 
495 158 21 43 0.01758026 
952 251 9 22 0.017566552 
926 235 8 25 0.017544528 
1012 237 10 29 0.017525518 
463 700 8 20 0.01750472 
288 700 7 20 0.017485473 
286 534 6 20 0.017475564 
926 216 11 37 0.017454404 
604 269 7 17 0.0174425 
666 85 12 23 0.017439263 
768 196 10 29 0.017438203 
686 322 6 14 0.01740127 
431 122 21 35 0.017363131 
372 199 9 24 0.017354878 
335 108 9 29 0.017354086 
682 59 8 19 0.017341252 
658 257 6 14 0.01733632 
553 88 9 22 0.01728832 
593 658 8 25 0.017278738 
568 77 7 16 0.017243085 
593 607 11 27 0.017229276 
349 189 7 19 0.01722777 
323 9 7 24 0.0172271 
155 659 10 25 0.017204393 
360 36 7 24 0.017162025 
276 170 105 122 0.017143125 
1003 279 4 20 0.017140491 
299 136 7 20 0.017136795 
223 511 5 11 0.017107489 
481 422 6 16 0.017096076 
210 718 7 14 0.017060183 
337 669 5 12 0.017049376 
912 -136 131 99 0.017049361 
552 74 8 19 0.01703531 
552 131 13 31 0.017001519 
747 48 8 18 0.01699967 
96 521 6 18 0.016985038 
696 332 6 13 0.016960073 
862 151 7 19 0.016958626 
326 689 6 17 0.016954064 
754 223 12 28 0.016919283 
508 161 16 33 0.016909815 
399 455 106 79 0.016905202 
389 384 5 11 0.01688666 
926 300 6 26 0.016876373 
862 277 7 24 0.016855562 
472 83 16 26 0.016842142 
720 10 5 19 0.01679219 
884 204 11 41 0.016789962 
694 324 7 13 0.016780281 
680 293 8 19 0.016770184 
536 161 86 112 0.016765263 
386 130 7 13 0.016742451 
491 729 7 14 0.016726844 
731 146 10 25 0.016709263 
873 127 8 22 0.016707469 
647 269 6 16 0.016669434 
296 559 9 24 0.016632432 
939 111 7 22 0.016621508 
270 714 7 16 0.01658256 
951 396 8 20 0.016572958 
538 99 11 22 0.01655216 
310 210 9 29 0.016542926 
157 674 8 22 0.016542803 
768 179 11 32 0.016499817 
384 173 13 21 0.01648509 
97 508 7 18 0.016461372 
490 754 7 21 0.016447505 
793 151 14 42 0.016442468 
367 388 4 9 0.016419504 
641 37 8 16 0.01640926 
613 75 14 18 0.01640668 
626 62 14 17 0.016397618 
577 161 17 34 0.01638278 
936 425 8 15 0.016376771 
258 138 7 21 0.016345449 
588 429 11 30 0.01630833 
779 57 10 21 0.016306331 
398 152 10 19 0.016292447 
64 560 15 35 0.016286839 
130 731 7 10 0.016276745 
104 719 10 13 0.016273675 
773 526 6 11 0.016270377 
258 123 7 23 0.016246606 
664 100 14 24 0.016235095 
950 406 10 21 0.016214073 
-1 -143 321 129 0.01619943 
889 300 8 24 0.016197316 
461 74 12 21 0.016163256 
334 690 6 16 0.016126212 
652 72 13 21 0.016118746 
247 679 7 15 0.016107658 
105 538 6 16 0.016107189 
308 176 11 21 0.016076 
415 334 6 12 0.016053677 
914 443 6 19 0.016047621 
359 111 9 23 0.016037844 
671 117 79 120 0.016036475 
512 149 12 27 0.016036354 
673 293 7 16 0.016010093 
865 617 3 10 0.015998783 
864 605 4 10 0.015998445 
640 63 13 16 0.015991196 
669 269 7 18 0.01597053 
976 240 7 20 0.015949884 
168 690 8 17 0.015934136 
1005 226 7 19 0.01593252 
746 73 9 21 0.01592548 
630 292 6 21 0.015897764 
593 623 10 21 0.015879625 
925 122 7 24 0.01587111 
94 597 8 23 0.015838865 
768 85 9 22 0.015833696 
567 661 9 21 0.015832242 
461 671 9 24 0.015814228 
362 187 8 21 0.015773838 
723 97 8 20 0.015759293 
955 271 15 34 0.015752325 
660 270 5 14 0.015736884 
746 330 8 19 0.01569721 
460 84 14 23 0.015694484 
844 217 11 40 0.015641168 
869 204 11 41 0.015639435 
690 156 13 31 0.015600876 
963 223 10 22 0.015597705 
961 133 8 31 0.015589032 
144 612 11 21 0.015579456 
3 607 11 24 0.015558533 
538 174 12 23 0.015545939 
949 264 13 28 0.015531321 
261 165 6 19 0.015518845 
682 48 8 19 0.015501123 
236 523 5 14 0.015497862 
287 562 6 17 0.015491957 
835 244 8 33 0.015485906 
1002 292 5 19 0.015470968 
205 690 7 17 0.015464563 
411 155 16 40 0.015464389 
105 547 6 18 0.015450803 
957 464 12 36 0.015449381 
131 708 6 10 0.015433983 
889 92 7 13 0.015399878 
630 302 7 25 0.015365905 
583 54 5 14 0.015357407 
351 100 7 21 0.015347317 
853 684 4 8 0.015346207 
338 627 7 15 0.015293224 
865 694 4 8 0.015284996 
768 114 10 19 0.0152815515 
311 155 6 13 0.015265845 
876 100 6 15 0.015265458 
160 505 6 11 0.0152651835 
825 577 5 12 0.015262363 
853 477 3 9 0.015256136 
352 8 7 23 0.015208227 
452 754 9 19 0.015199182 
630 280 7 20 0.0151951695 
145 625 9 17 0.0151658 
229 662 13 22 0.015162952 
586 81 16 29 0.015160602 
863 93 5 13 0.015109681 
838 748 5 8 0.015099644 
631 629 6 12 0.015093583 
260 175 7 24 0.0150932 
960 729 10 17 0.015092469 
570 67 6 13 0.015088549 
840 590 4 12 0.015059538 
372 187 10 21 0.015049279 
877 93 5 12 0.015033575 
731 77 8 16 0.015031498 
172 504 5 12 0.015026022 
838 735 5 7 0.015013823 
217 662 14 23 0.015013268 
334 189 8 19 0.015002926 
336 679 5 14 0.014981808 
155 601 8 17 0.014965351 
708 182 10 29 0.01493585 
296 532 7 23 0.0149209555 
309 166 9 16 0.014891415 
490 421 6 15 0.0148728825 
294 594 11 29 0.014867316 
492 716 7 15 0.014863364 
119 440 174 179 0.014843129 
534 652 17 21 0.014838597 
328 679 6 14 0.014831405 
343 419 14 19 0.014814116 
605 0 7 13 0.014805044 
566 143 17 34 0.014804147 
594 0 6 12 0.014769671 
936 254 7 20 0.014759674 
596 284 6 13 0.014744718 
325 703 7 17 0.014742279 
275 564 4 14 0.014699904 
322 120 10 27 0.01469197 
249 704 7 15 0.014683399 
435 250 9 29 0.014681373 
805 96 10 19 0.014673979 
884 124 10 25 0.014663649 
273 653 7 15 0.0146618625 
133 548 9 23 0.0146547295 
286 546 5 17 0.014646151 
605 22 6 17 0.014645283 
743 157 12 31 0.01464483 
350 133 8 25 0.0146308895 
621 629 6 13 0.014613433 
549 158 15 27 0.01460964 
901 435 6 13 0.014593375 
878 615 5 12 0.014593375 
923 311 8 31 0.014565698 
874 551 7 12 0.014546718 
973 221 10 24 0.014531258 
725 75 6 16 0.014524436 
888 66 6 14 0.014522021 
181 705 8 14 0.014474186 
186 629 5 16 0.014458735 
464 683 9 25 0.014454629 
274 165 7 17 0.014453171 
361 212 9 25 0.014444195 
287 119 8 26 0.014431024 
307 528 9 26 0.014405397 
694 112 7 20 0.01438529 
594 290 8 17 0.0143790785 
819 139 10 19 0.014365508 
578 609 8 22 0.014340077 
839 567 4 11 0.01431002 
851 541 5 11 0.014306733 
361 174 9 21 0.014289563 
872 194 10 31 0.01428897 
323 559 10 27 0.014274565 
524 211 12 24 0.014274103 
114 583 9 25 0.01425023 
152 635 10 23 0.014228263 
887 51 7 16 0.014219359 
237 504 4 10 0.014217205 
338 636 6 17 0.014212114 
412 232 10 31 0.01418467 
694 86 7 19 0.014179549 
339 88 6 17 0.014179417 
971 185 16 35 0.014150911 
297 197 9 30 0.014149161 
572 377 23 32 0.014137286 
875 115 6 17 0.014133326 
619 281 6 17 0.014098362 
0 157 101 92 0.014083073 
144 599 10 19 0.014075713 
135 536 7 19 0.014072489 
986 224 8 21 0.014065676 
101 508 10 19 0.014048126 
409 93 34 63 0.01400958 
719 22 6 19 0.014003114 
286 688 7 20 0.014000203 
372 175 11 19 0.013998664 
864 162 7 17 0.013982495 
858 214 10 41 0.013980733 
634 664 5 15 0.01398051 
439 184 41 97 0.013964008 
553 50 8 17 0.013939527 
397 162 12 25 0.01393874 
300 155 6 13 0.013921657 
617 0 7 14 0.013890637 
339 75 5 17 0.013890023 
801 88 8 16 0.013867887 
223 189 5 20 0.013865382 
851 489 4 9 0.013850063 
988 211 9 22 0.013832255 
962 208 12 26 0.013822002 
655 168 72 118 0.01381879 
618 265 7 21 0.013808788 
725 88 7 17 0.013797423 
245 664 9 15 0.013786377 
890 79 5 12 0.01376872 
197 513 6 11 0.013718403 
839 552 5 12 0.013690864 
460 60 11 21 0.013687149 
599 83 17 25 0.013682191 
491 412 6 14 0.013680546 
824 539 5 13 0.013680107 
1001 210 9 23 0.013665959 
794 245 11 35 0.013661802 
309 666 8 15 0.013650902 
416 324 5 13 0.013642314 
170 650 8 21 0.013632982 
277 549 4 14 0.013625628 
798 97 10 19 0.013617024 
874 438 6 12 0.013613823 
478 718 7 15 0.013602366 
388 212 8 24 0.013583606 
399 184 11 27 0.013575131 
310 135 8 21 0.013574965 
630 0 7 14 0.01357402 
864 382 7 18 0.013572194 
565 37 81 98 0.013569461 
708 101 7 17 0.013555109 
972 106 10 30 0.013549747 
641 51 10 15 0.013526637 
824 527 5 12 0.013515915 
386 198 9 24 0.013514643 
537 422 11 15 0.013498861 
118 614 6 16 0.013495655 
620 661 6 19 0.013470632 
782 72 9 20 0.013466135 
673 303 6 17 0.013456054 
503 652 7 14 0.013452515 
595 270 6 15 0.013442723 
235 123 7 24 0.013440984 
485 36 89 102 0.0134346 
807 179 13 36 0.013404525 
681 303 7 17 0.013381513 
356 401 4 9 0.013368438 
771 246 9 30 0.013366092 
436 236 10 28 0.013360195 
297 546 7 21 0.013335133 
479 410 6 16 0.013329086 
987 242 7 19 0.013322891 
668 255 7 19 0.013317551 
515 237 12 26 0.013314219 
523 61 81 101 0.01330855 
589 455 12 26 0.01328246 
961 453 9 21 0.013274387 
630 85 47 67 0.013262687 
941 99 6 15 0.013261703 
566 170 13 26 0.013261017 
383 765 12 20 0.0132468175 
116 573 8 21 0.013222449 
580 601 6 15 0.013216359 
502 728 7 16 0.013216167 
401 129 7 16 0.013200081 
350 411 7 13 0.013196816 
223 504 6 11 0.013185222 
476 59 11 23 0.013178138 
888 436 6 11 0.013175829 
75 457 17 19 0.013165387 
584 35 5 18 0.013134109 
501 761 11 26 0.013132155 
2 589 9 17 0.013120407 
478 740 7 19 0.013081739 
865 721 4 8 0.013080101 
261 712 8 18 0.013060597 
445 95 16 27 0.013051827 
872 149 10 25 0.013049297 
336 704 7 15 0.013037211 
864 502 4 10 0.013018847 
698 47 7 19 0.013013372 
863 100 6 14 0.013002719 
288 572 6 20 0.012996002 
594 11 6 16 0.012991782 
361 102 7 17 0.012980049 
575 369 16 21 0.012970864 
448 85 13 21 0.012960593 
888 98 8 17 0.012926118 
709 214 9 19 0.0129242325 
657 50 10 16 0.012920522 
491 740 7 18 0.012904666 
787 590 5 11 0.01289906 
185 502 6 13 0.012891909 
671 410 6 17 0.012879325 
311 6 7 27 0.01287596 
170 458 6 17 0.01286958 
337 731 6 12 0.012863209 
642 494 11 19 0.0128594255 
309 513 9 16 0.0128441015 
845 241 11 40 0.012781474 
260 675 8 20 0.012766398 
120 693 7 12 0.012765419 
864 629 4 11 0.012763832 
850 92 6 13 0.012756857 
849 528 5 11 0.012754469 
275 153 6 17 0.01275047 
768 136 10 25 0.012730461 
378 377 4 9 0.012728431 
886 112 9 19 0.012720649 
304 620 13 27 0.012713548 
235 703 7 15 0.012712231 
-24 -155 175 300 0.012702671 
441 710 9 22 0.012680517 
183 463 9 31 0.012669941 
864 734 5 8 0.01264177 
59 475 18 29 0.012641627 
864 747 4 8 0.01264001 
1015 -1 9 21 0.012639008 
224 177 5 20 0.012626412 
301 8 7 24 0.01262634 
217 653 14 18 0.012620539 
864 515 4 10 0.012618805 
196 502 6 13 0.0126141235 
603 249 10 25 0.012603635 
759 342 7 22 0.012601148 
708 212 35 94 0.0125964265 
221 677 9 16 0.012595869 
787 579 4 11 0.012591445 
957 174 29 65 0.012579795 
695 69 9 23 0.012574524 
820 192 12 35 0.012565653 
272 626 8 16 0.012557065 
600 610 11 24 0.012531804 
770 98 10 20 0.012528594 
851 515 4 12 0.012526281 
861 182 8 26 0.012519701 
978 293 6 18 0.012515245 
739 509 11 21 0.012508481 
299 521 8 21 0.012491648 
312 688 7 18 0.012488072 
1006 500 15 34 0.012477492 
883 138 13 26 0.012470008 
524 419 11 16 0.012455552 
954 82 5 10 0.012444127 
704 277 11 25 0.012424605 
308 555 11 27 0.01241458 
106 557 8 25 0.01241278 
385 185 11 22 0.012408794 
826 566 4 11 0.012407555 
337 719 7 13 0.01239744 
449 75 11 18 0.012390418 
554 642 9 15 0.01238736 
493 38 7 17 0.012382724 
211 678 6 14 0.012360234 
911 93 12 24 0.01235601 
325 544 8 28 0.012337624 
249 514 5 10 0.0123293875 
411 179 13 35 0.012318289 
416 105 7 15 0.012308443 
331 581 13 31 0.012281856 
259 649 8 14 0.012276993 
550 662 12 20 0.012262055 
911 197 10 28 0.012258018 
744 182 12 30 0.012241142 
502 716 7 16 0.01223319 
222 522 5 15 0.012232226 
27 249 25 29 0.012211906 
466 -129 58 90 0.012199545 
276 507 4 7 0.012184361 
863 684 4 8 0.012176364 
265 562 4 15 0.012146683 
612 84 17 24 0.012144625 
809 77 8 16 0.012144115 
649 255 6 17 0.012138796 
693 199 11 29 0.012138659 
360 406 8 16 0.012115386 
285 166 7 14 0.012094002 
798 60 9 19 0.0120889675 
421 168 18 45 0.012073852 
194 720 7 12 0.012069007 
300 166 8 15 0.012041697 
774 551 5 13 0.012038311 
268 641 9 13 0.0120214885 
656 781 7 13 0.012018274 
452 740 9 19 0.012011352 
754 243 11 33 0.012011096 
271 597 9 25 0.012008606 
581 118 23 41 0.011997863 
265 552 3 13 0.011985344 
121 510 6 13 0.011981889 
374 127 8 15 0.011977204 
137 556 16 32 0.0119709745 
493 198 24 37 0.011963099 
863 143 6 16 0.011954567 
441 703 6 17 0.01194757 
940 440 7 22 0.011918649 
422 204 12 37 0.011906503 
548 172 13 24 0.011902028 
626 74 15 19 0.011892683 
309 650 9 17 0.0118682375 
730 203 9 19 0.011858333 
294 616 15 34 0.011848279 
746 197 11 28 0.011845081 
602 600 9 20 0.011834153 
696 58 8 21 0.01180844 
867 451 4 10 0.011806588 
974 83 9 23 0.011797429 
813 6 15 26 0.011794454 
171 469 6 20 0.011790475 
669 422 6 14 0.011783301 
617 248 9 25 0.01177543 
692 181 11 30 0.011774269 
836 263 7 26 0.011772416 
865 709 5 8 0.011771585 
978 278 7 21 0.011769233 
195 732 7 10 0.011740395 
848 22 9 17 0.011731536 
277 537 4 16 0.011715918 
838 382 7 14 0.011702116 
676 234 13 30 0.011695941 
284 197 9 32 0.011685798 
183 719 7 11 0.011684131 
1016 276 7 25 0.011678448 
287 137 7 20 0.011666875 
344 611 9 19 0.011665066 
17 433 8 15 0.011660745 
645 305 6 23 0.01166029 
639 73 14 20 0.01164645 
852 568 4 9 0.011646159 
820 0 10 13 0.011641555 
210 730 7 12 0.011639821 
314 702 6 17 0.011634864 
514 225 11 21 0.011620298 
351 85 7 21 0.011617999 
496 115 33 73 0.011608495 
850 552 5 10 0.011596613 
774 538 5 12 0.011595165 
604 624 9 19 0.011594798 
785 140 9 20 0.011582755 
908 392 13 20 0.011582429 
263 575 5 16 0.011579966 
975 527 8 26 0.0115721915 
864 593 4 9 0.011543374 
602 456 11 23 0.011540317 
1010 473 12 17 0.011537477 
359 139 8 17 0.011517965 
349 176 8 18 0.01151568 
251 538 4 15 0.011510688 
840 539 4 12 0.01148984 
578 421 9 19 0.011485757 
810 130 8 15 0.011463431 
277 66 25 77 0.0114292335 
372 166 10 15 0.011420243 
649 99 19 27 0.011414093 
760 328 6 22 0.011409982 
336 608 11 22 0.011407392 
116 597 7 21 0.011403052 
425 483 27 26 0.011399952 
323 167 8 15 0.011388446 
783 99 10 18 0.011372598 
236 136 7 23 0.01137009 
272 574 5 17 0.011369961 
210 504 5 11 0.011367779 
325 153 6 14 0.011357307 
327 668 5 12 0.01135114 
600 290 9 20 0.0113501735 
499 663 9 19 0.011342871 
285 594 10 29 0.011342829 
564 369 13 20 0.011334831 
646 325 9 27 0.011334553 
939 747 7 10 0.011329382 
899 66 7 15 0.011327192 
536 214 11 19 0.011326713 
580 625 8 20 0.011323242 
92 458 10 17 0.011303485 
768 20 18 23 0.011300098 
821 116 8 15 0.011299725 
925 747 8 11 0.011298616 
864 551 6 11 0.011290937 
987 188 10 28 0.011286457 
57 464 23 24 0.011283126 
512 409 17 22 0.011274383 
436 86 12 20 0.011260364 
895 141 12 22 0.011243585 
504 398 6 12 0.011241402 
468 134 21 33 0.011234502 
744 231 13 35 0.011229124 
578 429 11 30 0.011220698 
895 394 14 17 0.011216879 
901 49 6 17 0.01121616 
270 184 8 29 0.011205218 
646 278 6 18 0.011197988 
424 393 8 19 0.011195617 
643 22 7 18 0.011188107 
120 741 8 14 0.011179334 
350 731 5 10 0.011176365 
707 85 7 18 0.011173673 
785 88 8 17 0.011162252 
875 449 5 12 0.011160873 
492 640 7 15 0.011159174 
767 10 15 18 0.011158931 
105 448 7 13 0.011157506 
459 94 17 27 0.011153497 
824 263 7 27 0.011152624 
272 610 9 23 0.011148786 
767 0 13 17 0.01114836 
298 184 10 28 0.011135758 
937 448 140 302 0.01112589 
1014 259 9 29 0.011120215 
224 163 6 21 0.0110905245 
286 526 6 15 0.01108931 
772 516 5 11 0.011088652 
159 459 7 20 0.011071012 
800 77 8 16 0.011051274 
1001 457 10 18 0.011049827 
414 306 8 20 0.0110413665 
530 52 7 16 0.011038534 
692 124 9 23 0.011034038 
913 153 9 17 0.011019645 
598 83 51 76 0.01100892 
899 92 8 14 0.011006879 
528 270 8 14 0.011001937 
493 651 7 15 0.011000443 
183 456 7 21 0.010994744 
678 251 11 27 0.010984559 
618 22 7 19 0.0109812245 
286 153 6 15 0.010977444 
209 652 8 16 0.010977409 
938 298 10 27 0.010972869 
386 759 8 13 0.010966971 
348 628 7 15 0.010964984 
359 124 8 21 0.010962855 
925 755 9 14 0.01095537 
550 412 10 14 0.010946756 
376 396 6 14 0.010944754 
274 137 7 20 0.010941362 
926 443 7 19 0.010938962 
961 755 10 13 0.0109130945 
284 655 6 11 0.010909544 
865 464 4 10 0.010896405 
752 6 105 104 0.010862574 
863 355 6 19 0.01084964 
451 723 11 22 0.01084251 
566 357 10 16 0.010841758 
272 585 7 21 0.010829711 
549 463 75 70 0.010825951 
808 113 8 16 0.0108244 
603 660 8 24 0.010820934 
660 679 5 13 0.010810577 
372 8 11 20 0.010799656 
889 316 7 20 0.010796916 
119 642 5 15 0.010796201 
763 539 4 11 0.010777616 
629 250 9 25 0.010754336 
666 240 10 23 0.010752996 
605 10 6 16 0.010738342 
999 480 13 25 0.010737228 
768 44 14 24 0.010736363 
774 341 5 23 0.010734159 
512 762 12 24 0.010730899 
171 613 6 16 0.010723652 
1000 474 10 16 0.010715331 
912 163 9 20 0.010711514 
156 5 23 29 0.010710963 
774 615 4 12 0.010699873 
963 534 6 22 0.010697346 
732 26 7 17 0.010697118 
438 676 8 18 0.01067929 
876 305 6 18 0.010677697 
311 677 7 15 0.0106679145 
758 46 11 20 0.01066477 
875 67 6 12 0.010664054 
938 756 7 10 0.010663694 
915 141 8 17 0.010654391 
660 422 5 15 0.010653818 
434 473 15 14 0.010651039 
1009 191 14 35 0.010650189 
708 337 6 11 0.010649325 
652 85 14 24 0.010646984 
590 251 10 21 0.010635197 
423 168 38 95 0.010623663 
874 564 8 12 0.010619213 
567 53 7 14 0.010618301 
145 637 9 18 0.010612012 
811 527 5 12 0.010608748 
551 434 10 17 0.010607397 
377 767 8 16 0.010599057 
333 562 8 21 0.010597793 
631 8 6 20 0.010595088 
991 657 5 11 0.010576554 
563 -140 232 108 0.010555847 
538 201 10 20 0.010554461 
362 155 7 15 0.010553974 
98 10 222 204 0.010544994 
337 166 8 15 0.010542279 
783 110 10 19 0.010513974 
841 515 4 12 0.01051013 
920 95 11 22 0.010498692 
349 720 5 11 0.010494497 
974 158 11 31 0.010491258 
515 95 29 60 0.010471239 
276 513 5 9 0.0104654115 
961 544 8 28 0.010462104 
337 152 7 17 0.010451003 
556 371 8 16 0.010429337 
339 652 6 14 0.010426915 
707 342 7 14 0.010414268 
167 719 9 11 0.010408977 
746 37 8 17 0.010391913 
325 486 24 17 0.01036484 
385 117 8 14 0.0103631 
235 537 5 17 0.010361441 
913 65 7 16 0.010351349 
489 671 14 27 0.010350656 
28 -193 620 903 0.0103409495 
445 110 17 29 0.010340032 
864 66 5 13 0.0103396615 
915 121 8 23 0.0103268465 
865 477 4 9 0.010312023 
281 260 14 37 0.01029722 
822 89 8 13 0.010290963 
212 664 7 18 0.010287456 
480 616 6 11 0.010284956 
359 45 10 29 0.010281725 
-45 547 154 275 0.010272398 
29 493 26 32 0.010267783 
631 21 7 20 0.010251538 
751 564 4 13 0.010245043 
120 628 6 15 0.010243419 
864 370 6 17 0.010223148 
799 141 8 18 0.010207406 
777 41 14 25 0.010204286 
172 483 6 18 0.010195451 
281 664 9 17 0.010190896 
249 505 4 8 0.010189424 
374 115 8 15 0.010169486 
591 154 55 105 0.010158763 
247 59 8 29 0.01015338 
812 177 27 80 0.010153341 
478 394 7 17 0.010152431 
825 552 4 12 0.010150963 
820 149 12 20 0.0101455515 
631 422 8 20 0.010143598 
348 -137 246 101 0.0101421 
261 663 8 18 0.010139869 
392 187 28 72 0.010138534 
518 52 6 16 0.010121052 
440 689 6 18 0.010116516 
539 522 14 22 0.010115943 
918 157 28 89 0.010113967 
352 56 7 26 0.010100341 
874 355 8 22 0.010100285 
224 687 7 17 0.010074125 
862 540 8 13 0.010071785 
555 159 41 68 0.010061156 
362 165 9 16 0.010052625 
463 392 8 16 0.010042565 
862 50 6 15 0.010041063 
354 436 188 150 0.01003612 
429 -130 58 93 0.010036068 
508 204 18 30 0.010022907 
333 176 9 19 0.010016398 
966 383 6 19 0.010001874 
