56_Voter_peoplevoting_56_764
1671
139 108 361 232 0.9997178 
5 18 570 537 0.63983715 
500 53 838 1102 0.5135427 
217 280 312 226 0.11876438 
699 27 19 29 0.112014726 
51 69 13 26 0.10743222 
653 15 19 28 0.092793666 
728 116 11 26 0.085305355 
996 101 13 32 0.08157093 
339 220 332 235 0.08117697 
964 17 9 21 0.0786575 
883 29 16 26 0.07766102 
932 17 12 20 0.075868815 
336 73 10 20 0.07502752 
261 77 5 9 0.07427375 
607 123 8 16 0.07089052 
605 136 9 17 0.06938428 
772 111 10 31 0.06844582 
949 7 8 15 0.06818318 
626 30 13 20 0.066231646 
611 118 11 20 0.06616721 
78 15 13 27 0.06511836 
586 145 11 24 0.064884156 
582 17 18 26 0.06222802 
177 77 13 25 0.06207336 
930 25 14 31 0.06160527 
107 108 8 23 0.061502043 
607 92 8 23 0.060678776 
298 83 8 13 0.060541496 
635 91 14 31 0.05970013 
429 43 13 22 0.05940387 
579 146 12 22 0.058780465 
63 76 10 21 0.058298174 
534 70 14 25 0.057917133 
966 344 4 11 0.056351554 
168 121 8 19 0.05591313 
167 148 11 43 0.055455063 
772 78 9 18 0.055368025 
34 17 17 22 0.05398213 
964 11 7 14 0.053561736 
949 -3 9 15 0.05253153 
840 313 5 15 0.05147545 
924 7 8 14 0.051440682 
872 -4 9 18 0.051395874 
616 18 14 21 0.05130299 
976 352 5 16 0.05126401 
224 83 6 12 0.050635837 
245 373 8 14 0.050236475 
580 139 9 14 0.05020638 
113 107 10 24 0.04993048 
134 17 20 24 0.049704887 
849 312 5 16 0.049687956 
170 132 9 23 0.049155366 
93 82 7 16 0.049110096 
76 76 12 21 0.04908368 
152 147 11 44 0.048083488 
967 351 5 16 0.047987435 
444 112 15 37 0.047965724 
885 22 12 19 0.047585174 
57 163 271 238 0.046995386 
196 93 7 19 0.046660863 
259 82 7 13 0.046617012 
179 129 13 31 0.046592712 
490 102 187 241 0.04641943 
334 92 10 21 0.046388455 
0 -272 140 291 0.04628768 
612 133 12 22 0.04616315 
590 138 8 14 0.04606679 
51 59 11 20 0.045948416 
94 110 8 21 0.045800317 
666 80 10 19 0.045433413 
388 77 5 9 0.045336396 
913 -4 9 15 0.044593643 
745 21 13 31 0.044459745 
227 17 10 23 0.04413823 
106 97 8 17 0.044007726 
377 83 6 11 0.043714996 
155 -2 10 14 0.043653056 
754 76 12 20 0.04324782 
233 83 7 12 0.042984158 
378 78 5 9 0.042829078 
87 15 11 26 0.042749938 
41 520 11 15 0.04258697 
663 6 14 18 0.0423246 
781 80 9 17 0.042294227 
865 315 6 16 0.04229358 
550 26 12 34 0.042259194 
285 85 7 11 0.042115573 
503 85 7 14 0.04202226 
614 104 10 25 0.041889355 
195 83 7 14 0.041887265 
312 77 6 10 0.04187692 
296 95 10 20 0.041771293 
309 82 7 14 0.04173512 
891 34 16 29 0.041651104 
893 19 13 20 0.041586578 
921 -3 10 14 0.041566238 
825 82 6 14 0.04134501 
344 79 9 17 0.040861547 
592 92 9 23 0.04078432 
181 -3 10 13 0.040312 
234 78 6 9 0.040303905 
387 82 6 12 0.04013726 
516 102 13 31 0.039977796 
55 -4 8 14 0.03988752 
778 113 11 31 0.039780136 
594 127 7 12 0.039709486 
207 95 7 16 0.039450705 
413 84 6 13 0.039418843 
967 15 14 31 0.03934709 
731 140 12 31 0.039281134 
-39 573 304 339 0.039125234 
885 9 9 15 0.038980998 
234 372 10 17 0.03881737 
51 522 12 16 0.0385657 
678 -2 10 15 0.03853067 
465 79 8 18 0.038491666 
402 84 6 12 0.03832542 
979 362 4 18 0.038274508 
608 107 8 20 0.038148634 
68 -4 7 14 0.037985492 
606 86 6 15 0.037702404 
90 519 11 16 0.03766002 
144 146 12 42 0.037640173 
724 457 5 12 0.03756222 
663 112 17 39 0.03729022 
488 119 9 23 0.037262533 
521 14 13 33 0.037238486 
402 76 5 9 0.03721762 
118 -2 8 14 0.03720827 
209 86 6 10 0.037013534 
334 106 11 21 0.03692678 
226 78 4 9 0.036716625 
875 -17 7 16 0.03668913 
365 83 5 11 0.03666945 
658 140 185 244 0.03638489 
732 79 8 17 0.03621115 
93 95 7 17 0.03604614 
89 509 10 15 0.036028504 
900 318 6 10 0.035916954 
838 328 5 17 0.035771336 
898 8 10 14 0.035768382 
37 67 16 26 0.035766978 
578 91 9 24 0.035680473 
141 130 12 30 0.035662778 
774 94 7 14 0.035644427 
51 428 11 17 0.03561485 
307 92 9 23 0.035614442 
300 77 6 11 0.035566896 
427 85 5 12 0.035487752 
302 112 589 450 0.035471644 
411 91 8 20 0.03536977 
706 10 10 12 0.035279546 
348 407 9 11 0.035143215 
1003 6 8 17 0.03502292 
704 73 10 20 0.034986768 
292 102 14 25 0.034881063 
998 16 11 26 0.034856457 
129 10 11 13 0.03475691 
450 93 8 18 0.03468143 
441 108 8 20 0.03464479 
581 127 7 12 0.03463929 
838 338 6 17 0.034635324 
836 376 233 389 0.034561753 
875 318 5 13 0.034493085 
118 97 9 16 0.0344389 
52 83 13 30 0.0343554 
912 4 9 15 0.03420901 
637 140 18 39 0.03414061 
100 338 13 19 0.034121726 
142 9 11 14 0.034068007 
9 462 49 65 0.034060195 
744 109 8 20 0.03396627 
732 -4 9 15 0.033945713 
329 25 13 22 0.0338817 
973 8 8 17 0.033879336 
741 130 10 22 0.033843957 
695 77 9 19 0.03366503 
516 97 8 16 0.033627577 
130 495 8 18 0.033493523 
826 75 6 13 0.033455856 
231 116 11 28 0.03344787 
591 -3 9 15 0.03341103 
204 106 10 22 0.033394612 
463 91 8 20 0.033341914 
739 116 11 25 0.033278637 
940 9 7 14 0.033180848 
78 8 10 17 0.033095084 
221 107 9 19 0.033003565 
963 -2 8 14 0.032996003 
91 74 8 14 0.032935545 
49 308 12 25 0.032824155 
81 -4 7 15 0.032657765 
131 122 9 19 0.032599278 
27 -2 10 14 0.03250635 
1014 4 10 22 0.032407835 
204 18 12 23 0.032354318 
145 0 9 12 0.032305505 
41 11 9 12 0.03216881 
222 -3 6 14 0.032158293 
648 35 19 30 0.032130245 
656 79 9 19 0.03203474 
193 118 12 27 0.032034624 
269 26 10 24 0.03195583 
189 340 13 18 0.03192009 
847 -288 210 374 0.03191957 
428 56 9 16 0.03188541 
672 114 20 40 0.03184643 
54 301 9 18 0.03184605 
163 326 15 16 0.03181642 
951 16 9 18 0.031785883 
864 -18 6 16 0.031730235 
540 26 11 31 0.031682834 
730 96 8 15 0.031671356 
43 431 10 13 0.031601705 
153 6 11 15 0.031593755 
1004 -3 6 13 0.03157262 
720 80 9 17 0.03151214 
977 344 5 13 0.031494953 
640 41 12 21 0.03145785 
334 140 10 13 0.03145192 
641 81 9 17 0.0313804 
739 142 14 32 0.031355005 
179 5 11 17 0.031244604 
152 19 13 21 0.031239495 
157 -19 8 18 0.031193716 
170 9 9 15 0.031174183 
68 17 10 21 0.031059429 
721 470 5 13 0.03100601 
825 -19 5 17 0.030918809 
90 323 11 16 0.030907422 
221 22 12 30 0.03087939 
274 85 7 11 0.030824529 
505 94 7 15 0.030799724 
16 -3 8 16 0.030799558 
54 -19 8 18 0.030797362 
817 110 11 21 0.030766118 
720 139 11 27 0.03072301 
724 110 8 20 0.030707004 
640 118 12 23 0.030657118 
69 301 7 15 0.030566264 
70 8 7 14 0.03052314 
168 16 11 22 0.030485278 
565 91 9 22 0.030473314 
42 -2 9 12 0.030452851 
182 -18 8 17 0.03035753 
461 118 12 30 0.030353654 
20 24 22 31 0.030331444 
196 19 10 19 0.03020647 
62 426 13 21 0.030188514 
553 92 9 21 0.03018272 
862 93 7 21 0.030180931 
627 10 11 13 0.030133639 
720 124 12 28 0.030106686 
157 135 7 19 0.030016063 
439 94 7 17 0.029979488 
170 110 8 18 0.029858053 
851 326 5 15 0.029853642 
586 7 13 19 0.029852144 
245 118 9 26 0.02984084 
27 10 10 13 0.029773168 
141 121 9 20 0.02975524 
472 117 11 29 0.02974026 
451 84 6 14 0.029722838 
155 505 9 16 0.029717572 
425 92 7 17 0.029708993 
579 7 11 17 0.029703123 
553 124 9 18 0.02968774 
223 97 6 15 0.029672308 
141 324 14 18 0.029671576 
249 86 5 10 0.029629156 
825 -3 5 13 0.029620867 
196 108 8 18 0.02951156 
782 107 9 24 0.02950764 
632 83 9 18 0.029495811 
747 80 9 16 0.02943733 
1013 15 11 26 0.029383022 
706 167 9 30 0.029365506 
178 105 10 20 0.029318698 
592 80 8 19 0.029310955 
865 324 6 17 0.029310463 
209 75 6 10 0.0293001 
827 316 4 12 0.029294897 
874 324 6 15 0.029253963 
181 340 13 17 0.02921045 
320 52 13 23 0.029180394 
475 93 7 17 0.029125914 
118 6 10 15 0.029114202 
194 579 10 26 0.029112639 
347 75 8 14 0.029033478 
737 481 4 15 0.029020736 
912 81 10 17 0.028986495 
11 283 12 31 0.028960994 
247 -4 8 14 0.028960014 
888 -35 6 20 0.028917897 
144 -20 8 18 0.028889978 
578 108 9 20 0.028884748 
261 62 5 11 0.02888061 
710 468 5 14 0.028852062 
335 -2 8 13 0.028789908 
474 80 7 17 0.028754681 
665 90 11 23 0.028731426 
178 330 11 12 0.02867597 
914 -18 7 17 0.028631164 
811 83 6 13 0.028629785 
439 83 6 14 0.028611021 
133 480 6 15 0.028579334 
723 478 5 17 0.028576301 
861 85 5 14 0.028575161 
50 44 11 22 0.028561257 
525 95 9 19 0.028551567 
338 409 7 10 0.028500747 
170 -19 8 17 0.028488917 
875 -34 6 18 0.028449757 
1016 -4 9 17 0.028342666 
423 107 8 19 0.02831199 
850 21 6 14 0.028257234 
279 107 16 24 0.028255334 
195 9 8 13 0.02825417 
811 112 10 19 0.028250884 
16 433 7 15 0.028237227 
198 73 6 14 0.028226748 
851 340 5 15 0.028213631 
849 352 5 16 0.028197726 
719 9 10 13 0.02812971 
726 445 4 13 0.028109275 
204 116 13 30 0.028016739 
142 173 11 42 0.027976194 
181 578 9 28 0.027968839 
849 83 6 15 0.027943332 
132 471 6 16 0.027914288 
591 107 8 18 0.027887767 
232 109 8 19 0.027864847 
50 27 12 22 0.027863197 
784 93 7 17 0.027848179 
990 117 8 20 0.027801301 
863 -34 5 19 0.0277016 
210 -2 7 13 0.027699463 
396 120 12 20 0.02769865 
839 306 4 12 0.027688814 
177 144 15 45 0.02765774 
402 93 8 17 0.027589688 
30 453 22 25 0.027528845 
4 431 6 18 0.027499376 
54 291 7 15 0.02749441 
274 78 5 8 0.027487345 
838 -19 5 17 0.027481312 
176 53 12 24 0.02746407 
92 -4 8 15 0.027451541 
428 34 10 15 0.02744866 
170 -1 9 12 0.027435385 
325 71 8 16 0.027406203 
712 36 15 25 0.0273961 
329 54 13 25 0.027366446 
876 30 12 22 0.027364505 
712 19 15 21 0.027345031 
826 328 5 14 0.027303617 
888 -19 6 17 0.027256828 
641 31 12 18 0.027253853 
969 363 4 16 0.027225347 
185 345 18 30 0.027110498 
837 -34 5 19 0.027105758 
337 421 6 9 0.027019447 
811 -3 5 14 0.027000016 
975 -3 7 14 0.026976038 
909 43 10 21 0.026953911 
41 -18 9 16 0.02689857 
288 78 5 9 0.026860641 
144 496 6 12 0.026841965 
345 109 11 17 0.026763836 
410 108 8 19 0.026712285 
171 570 7 18 0.026710551 
901 -1 7 12 0.026692975 
209 7 8 15 0.026657263 
963 110 8 19 0.026644895 
408 119 11 21 0.026625292 
330 7 13 18 0.02661042 
65 479 11 17 0.026549842 
207 579 11 26 0.026543064 
346 95 9 16 0.026522448 
21 65 22 31 0.026483579 
399 112 8 15 0.026477098 
618 11 9 12 0.026462078 
332 146 12 15 0.026460849 
249 77 5 8 0.026457082 
219 116 12 28 0.026442287 
129 175 11 38 0.02643699 
222 8 8 16 0.026423983 
-22 209 181 219 0.02641211 
66 531 9 13 0.026391033 
102 326 11 16 0.026386445 
365 78 5 9 0.026345236 
708 545 7 13 0.026324622 
119 -17 7 16 0.026319347 
681 81 9 16 0.026291898 
616 87 8 17 0.026278822 
678 91 10 20 0.02621246 
632 120 9 18 0.026191836 
979 376 5 19 0.02618496 
374 95 8 15 0.026157577 
103 520 9 15 0.026111262 
799 -18 5 16 0.026098104 
415 77 6 10 0.026076967 
217 372 13 23 0.026075212 
755 92 9 17 0.026073735 
118 467 8 18 0.026069751 
887 -2 7 13 0.026045222 
15 142 8 25 0.02596745 
79 91 10 20 0.025945604 
722 95 8 17 0.025939634 
14 41 14 24 0.025900565 
838 351 6 17 0.025893416 
712 477 5 16 0.02588731 
652 112 15 33 0.025879737 
654 92 10 23 0.025775466 
131 0 8 12 0.025758754 
125 25 22 29 0.025735589 
897 72 10 19 0.025680471 
69 285 8 21 0.025671683 
848 93 7 21 0.025606478 
873 95 7 19 0.025571195 
731 4 10 15 0.025550075 
874 21 10 17 0.025528003 
15 530 11 15 0.025526078 
717 153 12 32 0.025518846 
639 129 13 27 0.025509413 
52 20 11 17 0.025504744 
16 7 9 16 0.025492728 
117 521 8 15 0.025488827 
749 547 5 11 0.025476998 
403 66 4 9 0.025463201 
161 122 7 16 0.025386326 
100 309 14 22 0.025356647 
847 40 8 24 0.025313739 
270 109 15 21 0.025254818 
177 16 12 21 0.025220424 
194 -2 8 12 0.025218135 
850 -34 6 19 0.02519255 
976 121 7 18 0.025172759 
748 95 7 14 0.025172213 
604 -2 8 13 0.025149796 
39 529 12 15 0.025134772 
921 79 10 17 0.025108218 
502 73 9 16 0.025098428 
875 290 7 13 0.025066404 
53 8 8 12 0.02503716 
851 306 5 13 0.02502642 
323 20 14 19 0.025018647 
439 73 7 14 0.025010183 
865 -4 6 16 0.024993714 
757 106 10 24 0.024985837 
593 284 7 20 0.024984421 
132 -19 7 17 0.024976453 
117 543 9 20 0.024958799 
827 306 4 10 0.02495704 
528 3 8 21 0.024934677 
11 111 13 36 0.024926284 
102 233 12 28 0.024859598 
648 292 5 14 0.024849178 
384 46 8 13 0.024775678 
144 569 8 21 0.024769954 
115 550 12 29 0.024754938 
670 -1 9 13 0.02473033 
539 -6 10 20 0.024698252 
644 301 6 16 0.024694785 
121 496 7 17 0.02469329 
261 19 8 19 0.024654392 
736 469 5 14 0.024645932 
962 95 8 17 0.02464563 
315 58 7 13 0.0246366 
990 -4 6 14 0.02460974 
209 -20 7 18 0.024487512 
694 9 9 12 0.02448314 
36 38 15 25 0.02445268 
75 438 14 24 0.024450475 
796 84 7 13 0.024448961 
567 126 8 13 0.02441451 
733 456 5 13 0.024385609 
902 323 7 15 0.024367848 
155 517 12 22 0.024350459 
106 87 7 13 0.024300909 
387 95 7 16 0.024299439 
924 -17 8 16 0.024296582 
326 82 7 16 0.02427122 
105 465 9 20 0.02425861 
127 129 14 30 0.02422331 
387 111 9 14 0.024220027 
366 18 17 17 0.024206236 
901 -18 6 15 0.02415606 
812 -18 5 16 0.024121156 
652 144 11 27 0.024108117 
260 -4 6 13 0.02405257 
553 135 9 16 0.024047978 
157 499 6 11 0.024045054 
34 488 16 23 0.024026792 
384 121 14 21 0.023984171 
851 10 5 13 0.023980003 
327 95 8 18 0.023956766 
96 14 99 117 0.023949634 
325 0 7 10 0.02392662 
999 129 10 29 0.023924137 
63 487 14 23 0.023891656 
233 94 8 17 0.023803562 
811 95 7 16 0.023794623 
363 96 8 14 0.023794377 
954 333 5 9 0.023746964 
707 93 9 17 0.023743507 
864 7 7 15 0.02370604 
809 76 7 12 0.023677375 
798 -4 6 15 0.023662444 
129 317 13 18 0.023645636 
108 -3 7 14 0.023615267 
824 8 5 13 0.02354225 
56 -248 212 114 0.023433965 
835 82 6 15 0.023400651 
181 569 8 18 0.023388512 
52 131 12 33 0.023366164 
797 94 7 17 0.023351086 
850 74 6 12 0.02334153 
17 18 11 21 0.023285381 
82 509 9 15 0.023281015 
553 82 7 17 0.023278598 
837 -3 6 14 0.023267489 
64 90 9 22 0.02326362 
222 -19 7 17 0.023233008 
708 0 7 10 0.023226624 
573 73 12 26 0.023217343 
78 36 10 23 0.023143653 
429 228 6 12 0.02308948 
273 44 7 17 0.023087185 
888 92 7 18 0.02302885 
245 47 10 19 0.023024302 
65 525 9 11 0.023014251 
747 478 6 18 0.023004318 
737 434 4 12 0.022989921 
862 304 6 12 0.022970414 
143 337 11 17 0.02294889 
75 427 12 21 0.022946164 
932 72 12 19 0.022937534 
92 338 12 18 0.02292597 
961 119 10 20 0.022921836 
490 110 8 19 0.022918023 
514 22 12 29 0.022900274 
82 -18 6 17 0.0228972 
81 519 10 14 0.022891024 
851 58 6 15 0.022890085 
644 72 8 16 0.022872025 
888 317 6 13 0.022861192 
91 8 8 17 0.022826884 
733 445 5 12 0.022811381 
900 -35 7 20 0.022788828 
24 462 19 26 0.022730105 
693 -1 9 12 0.022725975 
108 -18 6 16 0.022714816 
1004 381 4 14 0.022713436 
129 532 8 15 0.02270585 
784 440 8 17 0.022688663 
581 -3 8 14 0.022684835 
737 548 4 11 0.02267934 
687 122 16 35 0.02266768 
860 43 7 18 0.02266341 
336 119 10 16 0.022643264 
825 -33 5 18 0.022621682 
68 -19 7 18 0.022621226 
360 109 11 16 0.022612743 
170 578 8 29 0.022610689 
367 10 14 14 0.022595434 
792 142 14 28 0.022471163 
195 -19 7 17 0.022402506 
66 417 10 17 0.022395402 
955 342 5 11 0.022384861 
16 29 13 22 0.022362784 
939 329 7 11 0.022357551 
0 499 16 24 0.022341257 
157 570 7 19 0.022320852 
851 -19 5 17 0.022295019 
992 364 5 17 0.022240542 
131 518 7 16 0.022230666 
964 83 8 15 0.022204522 
708 536 6 13 0.022190953 
820 96 8 16 0.022175284 
737 491 5 19 0.022158178 
501 117 9 23 0.02211082 
722 -2 8 13 0.022098416 
261 9 6 14 0.02207344 
463 108 9 22 0.022064839 
544 214 7 16 0.022019519 
235 356 8 12 0.022004992 
53 422 9 13 0.021999216 
117 408 11 29 0.021971878 
247 57 8 14 0.021965254 
926 326 8 12 0.021964388 
538 90 10 21 0.021952039 
861 33 7 18 0.021946654 
890 74 7 16 0.021900708 
14 156 9 28 0.021888036 
128 107 10 20 0.021884045 
153 325 17 18 0.021855546 
604 21 12 16 0.021841604 
859 75 6 13 0.021836834 
203 362 18 27 0.021792613 
26 -19 10 19 0.021771625 
563 17 12 24 0.021738887 
158 440 8 23 0.021696808 
223 42 9 20 0.02169519 
360 403 14 13 0.021652697 
834 75 6 13 0.021616347 
567 106 8 20 0.02153547 
644 10 9 12 0.021511782 
155 338 11 15 0.021460041 
168 28 10 23 0.021447884 
76 61 11 19 0.021431228 
129 401 8 18 0.021387713 
258 48 7 15 0.021369586 
437 228 7 14 0.021335319 
855 116 14 31 0.021335313 
106 221 10 22 0.021327123 
219 580 12 24 0.021304553 
325 105 9 21 0.021302154 
283 94 10 16 0.021288646 
15 -20 9 20 0.021226982 
599 149 14 33 0.021157356 
695 23 12 15 0.021146482 
810 8 5 14 0.021131948 
382 33 11 14 0.02104722 
826 352 5 15 0.021043358 
373 110 9 16 0.021039734 
633 291 5 15 0.021013685 
427 214 7 16 0.020990597 
630 265 6 14 0.020980146 
52 479 13 18 0.020975228 
248 -18 7 17 0.020901814 
78 534 9 14 0.020889906 
26 533 10 13 0.020881237 
797 109 7 18 0.020875424 
1010 105 11 25 0.020792836 
65 60 9 18 0.020782752 
52 274 8 18 0.020746121 
131 545 7 18 0.020732278 
372 402 17 14 0.020709075 
966 335 5 10 0.020684605 
50 257 9 22 0.020630077 
634 301 5 19 0.02062007 
845 117 14 28 0.02061462 
105 509 7 13 0.020591069 
236 -3 6 13 0.020570612 
788 -18 4 16 0.020565638 
381 403 20 13 0.020549765 
552 107 8 20 0.020531634 
42 394 7 12 0.02052415 
602 284 7 20 0.020512216 
889 326 5 14 0.020442083 
94 -18 6 17 0.02040668 
837 9 5 12 0.020402327 
53 102 10 29 0.020399105 
604 8 9 14 0.020398041 
861 21 7 15 0.02039598 
694 92 9 18 0.02034584 
130 566 9 25 0.020333843 
113 245 10 24 0.020280559 
275 -3 5 11 0.02026035 
516 -6 7 19 0.020260002 
744 -4 8 14 0.020255854 
795 452 8 18 0.020247642 
628 133 12 20 0.020242125 
311 459 80 68 0.020219568 
940 -2 8 12 0.020211812 
2 -3 7 16 0.020199947 
865 291 6 12 0.020197248 
890 305 5 10 0.020159222 
990 8 7 17 0.020144284 
349 419 8 11 0.020131128 
207 572 9 15 0.020130726 
576 156 15 35 0.020077331 
287 63 5 10 0.020075696 
42 422 9 11 0.020048171 
130 421 8 27 0.020024152 
1004 367 5 13 0.020012992 
989 132 8 23 0.019948015 
120 479 7 18 0.019939879 
24 112 12 34 0.01991654 
847 108 9 22 0.019864297 
308 106 8 21 0.01986347 
78 539 11 20 0.019844797 
258 93 8 16 0.019834422 
90 378 12 14 0.019818747 
27 419 10 14 0.019806178 
828 340 5 15 0.019773247 
502 61 8 17 0.019762756 
822 40 9 23 0.019761411 
498 131 12 23 0.019745627 
298 -2 7 13 0.01973781 
631 584 8 15 0.019725244 
744 10 8 15 0.019717868 
755 41 10 18 0.019690137 
911 326 8 13 0.01968358 
67 269 10 27 0.019621087 
990 -17 6 15 0.01961845 
797 483 8 12 0.019613879 
49 234 11 21 0.019584164 
177 30 12 23 0.019579634 
894 50 13 25 0.019578522 
15 417 8 18 0.019574028 
3 442 9 20 0.019552022 
195 -45 8 19 0.019505804 
310 125 6 13 0.019493971 
284 16 9 19 0.01949192 
876 365 5 17 0.01947303 
247 6 8 15 0.019465465 
220 573 8 14 0.019441571 
118 133 9 20 0.019424316 
604 72 7 16 0.019420493 
600 240 16 34 0.019383853 
6 484 20 34 0.019378593 
569 138 7 13 0.019371115 
167 508 8 13 0.019364761 
338 394 9 11 0.019363213 
833 39 10 26 0.019359093 
245 19 9 17 0.019282063 
50 466 14 19 0.01928018 
314 49 7 15 0.019261153 
236 342 7 17 0.019260539 
246 111 8 17 0.019260434 
-40 421 181 195 0.019254375 
345 138 11 15 0.0192507 
165 518 11 19 0.019241707 
859 60 6 14 0.019226931 
926 73 9 18 0.019211713 
194 570 9 17 0.019209703 
997 81 11 25 0.019203663 
158 467 7 16 0.01919107 
374 45 10 15 0.019185066 
550 -7 11 21 0.019138314 
889 83 6 16 0.0191374 
377 63 6 10 0.019127848 
170 -35 7 20 0.019101216 
613 605 305 297 0.019099204 
452 349 9 24 0.01909731 
117 530 9 18 0.019090082 
144 506 7 15 0.01907328 
265 421 4 9 0.019043246 
680 32 12 19 0.019021094 
246 95 7 14 0.019018957 
784 127 9 24 0.018991493 
28 432 10 14 0.018990463 
896 115 212 253 0.018984744 
585 154 15 41 0.018982872 
757 62 9 15 0.018964458 
449 506 8 20 0.018960448 
106 134 8 18 0.018958002 
168 437 9 23 0.018951237 
12 -39 11 25 0.0189502 
858 107 10 24 0.01894366 
661 37 15 27 0.01893827 
274 -18 6 15 0.01893689 
17 394 6 13 0.018922146 
631 71 9 17 0.018914986 
274 95 8 14 0.018913016 
-6 13 79 118 0.018909773 
208 -45 7 18 0.018880459 
785 144 10 24 0.018864425 
749 432 5 13 0.018856375 
912 -33 7 19 0.018809319 
220 503 9 18 0.018808836 
747 558 6 16 0.018804582 
926 321 7 9 0.01880225 
42 287 9 18 0.018770304 
529 77 11 21 0.018762898 
137 346 15 27 0.018759001 
563 7 10 18 0.018737303 
747 470 6 15 0.018722624 
706 139 11 26 0.01872239 
2 4 8 19 0.018720126 
50 489 14 20 0.018706419 
287 -18 6 15 0.018653575 
372 30 13 17 0.018652514 
323 10 11 13 0.01863868 
516 86 6 13 0.018631397 
423 119 10 23 0.018631255 
69 254 9 26 0.018615946 
371 122 15 22 0.018612154 
851 -3 5 14 0.01860356 
554 73 7 14 0.018570378 
895 89 11 22 0.018568542 
166 338 12 15 0.01854975 
746 567 8 22 0.018548373 
261 -18 6 16 0.018541396 
390 66 4 9 0.018532187 
15 54 13 25 0.018508157 
261 30 7 19 0.018504333 
350 -1 7 11 0.018502507 
221 407 7 10 0.018485047 
93 40 8 21 0.018441513 
619 262 8 17 0.018434172 
119 21 12 17 0.018424124 
194 495 7 14 0.018416522 
914 321 5 9 0.018382557 
222 341 8 16 0.018356066 
-7 176 101 148 0.018312344 
93 59 8 16 0.018284712 
722 547 5 13 0.018280497 
647 154 15 31 0.018276073 
732 61 8 14 0.01824018 
750 537 4 11 0.018225921 
812 -32 5 17 0.018180666 
365 392 63 55 0.018180393 
946 25 12 27 0.01817224 
221 417 7 10 0.018169599 
874 -45 6 19 0.018138982 
690 466 11 18 0.018136531 
644 19 13 19 0.01813488 
910 33 8 18 0.018127682 
526 35 10 26 0.018116273 
234 43 9 21 0.018101145 
421 128 13 32 0.018099433 
328 141 7 11 0.01809684 
275 64 5 9 0.018090067 
195 330 8 13 0.018077353 
348 394 11 12 0.01807331 
503 105 9 21 0.018052462 
286 45 6 17 0.018047187 
89 426 12 24 0.018042801 
576 197 10 29 0.018042397 
911 54 9 19 0.01802987 
3 118 9 24 0.018028582 
876 303 6 11 0.018024389 
540 133 11 19 0.01801566 
19 2 156 223 0.018003205 
1016 366 7 14 0.018000424 
749 444 5 12 0.017990258 
182 -46 8 20 0.017969288 
644 215 7 12 0.017966118 
416 64 5 10 0.0179474 
234 575 8 12 0.017938407 
157 -36 8 22 0.017935636 
539 119 12 25 0.017934335 
141 108 9 19 0.017914442 
799 -32 5 17 0.017913386 
189 134 16 41 0.017907305 
297 121 9 16 0.017892802 
41 231 12 24 0.01787601 
1003 -17 6 16 0.017874086 
218 489 11 22 0.017832221 
231 9 8 15 0.017831752 
515 264 8 16 0.017831719 
876 339 6 16 0.017821953 
102 20 10 19 0.017815517 
611 242 12 29 0.017802881 
795 74 8 15 0.017799605 
210 -34 6 19 0.017770667 
48 453 16 21 0.017761938 
1017 -18 8 18 0.017761528 
757 130 10 22 0.017754544 
129 553 9 24 0.01775061 
182 -36 8 21 0.017681926 
40 406 10 12 0.017650358 
16 406 7 15 0.017615395 
117 340 10 16 0.017613405 
828 291 4 11 0.017612705 
579 285 9 17 0.017606642 
91 496 9 15 0.017599104 
3 418 7 18 0.017598009 
146 441 7 21 0.01759373 
764 -247 247 156 0.017582549 
83 105 9 22 0.017572915 
798 118 9 21 0.017571826 
246 388 8 13 0.017563656 
74 254 12 29 0.017558672 
86 385 16 22 0.0175521 
1013 116 10 25 0.017530562 
654 466 12 15 0.017527614 
40 118 9 28 0.017484458 
870 116 11 28 0.017467756 
135 34 20 30 0.017451903 
69 401 9 16 0.017427487 
274 249 10 12 0.017426057 
61 119 13 30 0.017403742 
6 278 37 104 0.01738309 
837 34 7 17 0.017357161 
75 284 11 24 0.017342512 
326 122 7 14 0.017342007 
538 105 11 24 0.017320601 
67 42 9 19 0.017316056 
14 520 14 17 0.01731518 
493 84 6 13 0.01731448 
152 39 13 24 0.01731445 
144 485 5 12 0.017304018 
749 419 5 12 0.01726697 
5 454 8 20 0.017266273 
691 33 18 30 0.01725817 
948 120 10 20 0.017257586 
991 96 9 22 0.017255848 
351 16 218 214 0.017250367 
515 126 12 24 0.017228974 
786 -32 6 17 0.01722044 
886 -45 7 19 0.01720956 
754 143 14 29 0.017209372 
363 -1 8 11 0.017161116 
426 75 6 11 0.01716052 
169 500 6 11 0.017144378 
287 -3 7 12 0.017121203 
785 451 8 16 0.017100148 
345 119 11 16 0.017094376 
539 146 11 19 0.017088689 
907 -245 129 92 0.01707908 
562 33 13 30 0.017077144 
130 303 10 16 0.017014507 
585 167 109 146 0.017009156 
78 492 11 17 0.016983805 
647 277 5 13 0.01697041 
700 45 16 30 0.016968766 
4 530 9 15 0.016967088 
710 459 5 13 0.01696661 
620 71 8 16 0.016952936 
103 380 11 14 0.016950315 
139 88 11 23 0.016949955 
63 103 11 27 0.016943604 
382 394 18 12 0.01694326 
575 31 16 31 0.016937964 
797 470 7 16 0.016908223 
64 469 11 16 0.016884888 
774 -32 5 16 0.016880922 
114 190 14 35 0.0168749 
501 43 9 19 0.016867008 
599 173 13 37 0.01686575 
645 -1 7 11 0.016830629 
839 24 5 13 0.016824046 
538 59 10 21 0.016810676 
964 73 8 16 0.016786577 
68 310 9 20 0.01678066 
37 539 12 18 0.016750632 
556 57 7 16 0.016750412 
734 -16 7 15 0.016748913 
706 117 12 26 0.01674633 
635 216 5 10 0.016740205 
925 35 11 27 0.01673523 
629 -1 9 13 0.016714655 
336 429 9 13 0.016704187 
371 416 15 14 0.01668735 
621 288 5 16 0.016674029 
605 211 8 24 0.016672004 
53 224 9 17 0.016670043 
325 -17 6 15 0.016665211 
195 510 6 12 0.016662117 
128 89 12 21 0.016660415 
159 403 6 14 0.016628977 
657 -1 8 11 0.016611863 
182 403 7 15 0.016579878 
37 440 15 19 0.016573643 
132 -35 7 21 0.016570823 
591 186 10 33 0.016520033 
824 61 6 13 0.016487682 
632 250 7 15 0.016485397 
731 42 10 19 0.016480358 
38 87 12 26 0.016449995 
734 559 7 15 0.01644077 
209 61 6 12 0.016427977 
491 485 6 12 0.016417848 
172 91 9 21 0.016398847 
40 271 10 22 0.016397694 
871 106 9 23 0.01638882 
380 411 18 16 0.01638278 
338 -17 6 15 0.01637824 
865 336 6 19 0.01637268 
24 487 17 28 0.016364966 
39 310 12 24 0.01636337 
90 527 13 19 0.016362831 
26 286 11 22 0.016340986 
15 170 10 28 0.016338395 
812 331 4 10 0.016337723 
185 497 5 12 0.01632043 
620 274 6 17 0.016319128 
38 363 8 16 0.01630914 
781 48 9 14 0.016287161 
77 298 11 20 0.016284816 
78 397 12 21 0.016265064 
196 -35 7 20 0.016234025 
619 -1 8 12 0.016225135 
162 -249 262 109 0.016217805 
40 377 8 14 0.016215075 
194 522 7 12 0.016211942 
760 547 5 13 0.016201897 
29 407 8 12 0.016200023 
144 548 7 15 0.016196055 
372 393 16 13 0.016177809 
811 343 5 13 0.016171139 
989 20 10 22 0.0161592 
462 333 9 27 0.016130313 
744 488 8 25 0.016118642 
165 349 12 20 0.016113477 
4 480 10 21 0.016110891 
8 -118 15 40 0.016107067 
235 -19 6 17 0.016098063 
119 323 11 18 0.016095767 
90 368 12 13 0.016081998 
160 109 7 19 0.016057676 
26 519 13 15 0.016052803 
236 62 6 11 0.016035493 
209 489 10 20 0.01602247 
144 -35 8 21 0.016012957 
1014 94 10 24 0.016004678 
912 90 10 19 0.01597828 
795 442 7 16 0.015973123 
939 -17 7 15 0.01597029 
695 170 9 22 0.01596748 
131 392 9 14 0.01595341 
77 413 11 21 0.015949037 
222 -34 7 18 0.015947722 
294 6 10 17 0.015919924 
112 230 12 28 0.01588385 
114 218 10 25 0.015870724 
102 387 12 18 0.015854355 
39 -35 11 22 0.015826492 
723 495 5 16 0.01581606 
232 582 12 20 0.01580287 
1014 41 10 22 0.01579338 
299 63 6 12 0.015791986 
463 481 8 13 0.01575422 
490 60 7 14 0.015737206 
604 274 7 17 0.015725097 
494 96 5 13 0.015709458 
2 -241 92 76 0.015705612 
246 576 8 11 0.015703104 
525 129 11 21 0.015692495 
643 223 9 18 0.01569025 
656 300 6 12 0.015662767 
91 351 13 17 0.0156476 
708 110 8 18 0.015636602 
885 49 13 24 0.015631845 
52 243 9 23 0.015625771 
101 366 10 14 0.015618264 
800 498 15 31 0.015615198 
285 430 5 14 0.015608852 
246 35 8 17 0.015605337 
106 479 8 20 0.015593751 
99 163 15 42 0.015585732 
593 -17 7 15 0.015569426 
116 301 11 19 0.015567702 
992 378 5 18 0.0155535145 
733 569 8 19 0.015541846 
155 348 13 23 0.015539182 
350 9 10 12 0.015509312 
233 389 9 14 0.01549619 
604 -248 256 101 0.015483458 
285 8 9 15 0.015469566 
782 62 9 14 0.0154674295 
450 359 8 26 0.015451347 
718 54 11 20 0.015444756 
951 112 8 15 0.015430653 
182 395 6 12 0.015415098 
52 404 10 14 0.015411269 
326 149 9 12 0.015393047 
594 275 7 17 0.015371244 
104 32 10 21 0.015368489 
630 275 7 15 0.015364981 
50 508 11 14 0.0153626 
25 -37 11 23 0.0153608825 
612 152 13 27 0.015352916 
53 109 34 95 0.015343138 
309 391 9 16 0.01534097 
107 7 8 15 0.015334395 
38 505 13 17 0.015300751 
275 457 5 17 0.015298572 
81 312 11 20 0.015293553 
203 353 12 19 0.015291226 
465 474 5 10 0.015289202 
69 393 9 14 0.015275066 
360 121 12 17 0.0152651835 
968 26 17 43 0.015252547 
974 111 8 17 0.015243367 
806 151 14 29 0.015241749 
178 463 13 25 0.015230274 
205 338 10 17 0.015209246 
655 291 6 14 0.015194427 
554 171 193 271 0.015177463 
951 97 7 14 0.015176172 
120 573 335 350 0.015167346 
438 504 9 20 0.015128221 
209 507 8 14 0.015126303 
532 153 15 29 0.015113628 
836 111 8 17 0.015085899 
104 425 10 24 0.015075785 
143 472 6 14 0.015073477 
619 571 8 14 0.015057911 
811 63 6 12 0.015052424 
465 324 9 24 0.0150379315 
195 534 7 13 0.01503212 
566 198 9 23 0.015029099 
278 429 4 12 0.015027892 
275 10 6 13 0.015023806 
131 439 8 22 0.015013097 
773 -18 5 16 0.015004801 
191 477 10 20 0.015003484 
171 44 9 20 0.014999481 
747 -17 6 16 0.014999 
25 539 12 20 0.014995255 
822 23 6 13 0.014991141 
119 -34 7 20 0.014980639 
761 -18 5 17 0.0149801755 
126 284 13 21 0.014974871 
130 350 11 21 0.014974505 
721 519 5 15 0.014974331 
115 150 13 36 0.014973873 
361 418 11 13 0.014970124 
53 394 8 13 0.014968794 
79 323 11 18 0.014968051 
448 517 9 21 0.0149659915 
299 -17 6 14 0.014952325 
284 28 8 20 0.014920746 
759 443 7 14 0.014914207 
862 -45 6 19 0.01490476 
13 186 12 23 0.014901534 
272 576 8 12 0.01489844 
129 262 10 19 0.014894151 
835 61 6 14 0.014884931 
308 545 9 14 0.014884114 
866 367 4 14 0.014880522 
627 141 16 31 0.014874791 
25 87 13 26 0.014848764 
1014 131 11 27 0.014819176 
432 576 332 344 0.014808265 
631 573 7 13 0.014795803 
568 69 10 23 0.014790634 
76 480 11 19 0.014788951 
171 393 6 13 0.014772044 
693 109 10 21 0.014767248 
837 96 7 16 0.014752674 
813 320 4 9 0.014747392 
277 420 4 9 0.014730303 
180 547 9 15 0.014695981 
393 128 16 27 0.014677144 
326 393 6 11 0.014662519 
826 -54 191 181 0.01465793 
1016 -35 8 25 0.014637161 
285 421 5 10 0.014629384 
245 583 11 18 0.014611469 
997 37 13 26 0.014609814 
145 426 7 21 0.014581509 
641 50 13 23 0.014579098 
263 230 5 9 0.014578811 
220 -44 8 17 0.01457036 
34 210 17 22 0.014568498 
618 582 9 20 0.014551899 
66 322 12 23 0.01455 
40 299 11 21 0.014547606 
721 508 5 15 0.014544449 
205 324 10 20 0.014542028 
991 354 6 16 0.014541483 
51 211 10 20 0.014536667 
351 -18 6 15 0.014532275 
219 520 8 14 0.014524165 
229 490 10 21 0.014518514 
259 576 8 11 0.014510876 
817 142 14 28 0.014497937 
258 378 8 11 0.014490046 
277 444 5 16 0.014489915 
262 461 5 13 0.014464185 
106 496 7 16 0.014442919 
262 448 5 11 0.014437686 
911 19 9 15 0.014433188 
899 308 5 8 0.014423099 
222 356 8 14 0.014418836 
8 -143 14 40 0.014417588 
564 -4 8 15 0.01440868 
784 428 9 17 0.014404266 
361 394 13 12 0.014381721 
220 321 9 26 0.014375059 
952 85 7 14 0.014366596 
2 -21 8 21 0.0143663455 
119 350 9 16 0.014361971 
790 164 18 35 0.01436077 
555 145 9 17 0.0143373 
130 205 9 29 0.014335656 
627 47 14 26 0.014334026 
130 341 9 15 0.014326165 
40 252 12 28 0.014320611 
38 101 11 28 0.014318741 
317 -248 303 107 0.014309401 
67 508 10 14 0.014302475 
809 482 8 14 0.014302234 
837 293 4 10 0.014301791 
342 190 59 75 0.014299115 
173 79 8 19 0.014296319 
126 77 17 21 0.014290214 
2 43 10 24 0.01428658 
10 300 15 41 0.01425941 
575 48 13 28 0.01423126 
885 119 10 22 0.014229401 
329 410 4 11 0.014223422 
886 106 8 20 0.014219465 
169 -46 8 20 0.0142047135 
63 451 13 20 0.014198387 
261 392 7 11 0.014188339 
760 536 5 12 0.014166771 
263 471 5 13 0.014159954 
259 109 11 20 0.014145995 
795 495 12 17 0.014133938 
939 97 7 14 0.0141189685 
498 148 13 19 0.014107677 
118 286 10 19 0.014101955 
196 548 7 13 0.014096222 
171 405 5 13 0.014065135 
577 296 8 22 0.014060671 
245 358 8 10 0.0140529005 
324 382 8 14 0.014021981 
974 96 7 17 0.014015681 
627 519 10 12 0.014005023 
628 508 11 13 0.014003838 
693 50 13 28 0.013994189 
277 246 6 8 0.013965208 
939 112 8 16 0.013945328 
451 75 6 13 0.013943532 
208 312 8 22 0.01392008 
969 376 4 18 0.01392002 
568 147 9 17 0.013912207 
876 376 5 19 0.01391092 
810 45 8 15 0.013908814 
487 44 9 19 0.013874787 
877 87 5 13 0.013873534 
349 62 7 13 0.013871643 
805 496 12 17 0.01385184 
181 520 7 13 0.013849757 
128 246 10 21 0.013848597 
119 31 14 20 0.013845003 
172 54 9 19 0.0138204675 
514 39 9 22 0.013767186 
679 20 11 16 0.013764694 
922 94 10 16 0.013727716 
157 391 8 16 0.013719991 
772 63 7 11 0.01371287 
721 535 5 13 0.013708942 
104 73 9 15 0.013680648 
795 62 9 13 0.01367325 
208 523 7 12 0.013659482 
144 518 8 17 0.013658006 
805 166 14 31 0.013634539 
646 586 5 12 0.013633583 
438 364 10 20 0.013622489 
582 77 194 209 0.013589845 
605 -17 7 15 0.013586257 
135 76 15 23 0.013584315 
155 578 9 30 0.0135662835 
69 540 10 17 0.013557915 
143 305 9 13 0.01355131 
118 456 7 20 0.013550429 
184 479 8 18 0.013542911 
767 143 12 26 0.013526071 
358 132 16 21 0.013489923 
667 135 13 28 0.013467111 
166 134 22 74 0.0134653365 
311 135 6 13 0.013462753 
877 351 5 19 0.01343511 
102 529 11 18 0.013367173 
849 -45 6 19 0.013366658 
875 54 8 19 0.013357272 
194 558 9 17 0.013355783 
603 43 9 16 0.013343779 
737 536 5 13 0.013317402 
285 576 8 11 0.013317164 
263 433 4 9 0.013316317 
975 129 9 26 0.013305489 
435 121 16 36 0.013297929 
160 418 6 14 0.013295664 
797 133 10 20 0.013287847 
749 457 6 13 0.013271322 
171 485 6 12 0.013257097 
107 -33 6 19 0.013236729 
761 -32 5 17 0.013229537 
224 59 6 13 0.013226762 
749 407 5 12 0.013216615 
852 293 5 10 0.0132114235 
11 87 14 28 0.01317562 
682 55 9 20 0.013167884 
551 183 9 21 0.013163821 
169 466 9 19 0.013157751 
585 34 13 27 0.013155647 
492 74 7 14 0.013140623 
115 258 9 21 0.013135913 
362 -18 7 16 0.013129547 
651 475 16 23 0.013122397 
814 126 17 27 0.013120845 
10 -64 15 32 0.013116419 
8 -91 16 36 0.013113445 
467 446 5 10 0.013109322 
103 54 11 20 0.013096732 
644 576 6 11 0.013096423 
415 228 7 13 0.013094291 
427 -19 6 17 0.013088691 
1016 82 9 23 0.013087441 
126 147 15 39 0.013076938 
939 340 7 12 0.013067367 
312 381 7 14 0.013062841 
514 74 7 14 0.01305195 
221 432 8 11 0.013045289 
250 242 5 12 0.013036236 
512 149 11 17 0.0130325435 
937 120 11 19 0.013029661 
477 483 6 12 0.013026932 
922 14 32 61 0.013000859 
809 20 6 16 0.012993115 
81 380 10 13 0.01298683 
541 485 7 10 0.0129848495 
5 199 41 88 0.012976725 
24 181 15 27 0.012968654 
10 453 16 25 0.0129595995 
898 -45 8 20 0.012957098 
92 465 11 22 0.012955067 
957 352 5 16 0.012953988 
615 440 11 20 0.01295389 
232 304 10 34 0.012917154 
103 286 11 19 0.012914284 
248 421 5 11 0.012913056 
151 317 18 17 0.0129105775 
90 450 13 23 0.012907271 
935 51 12 24 0.012901671 
40 355 7 13 0.01288645 
104 142 10 25 0.012872324 
543 223 9 16 0.012864681 
3 520 11 17 0.012864668 
296 45 9 18 0.012859995 
913 110 8 15 0.012855321 
787 -5 6 16 0.01284992 
795 45 10 15 0.01282852 
265 410 4 9 0.01282084 
460 138 16 29 0.012795903 
235 421 5 10 0.012788497 
616 233 10 25 0.012783045 
88 414 12 21 0.012773233 
235 287 7 16 0.012770292 
997 52 11 23 0.012751671 
344 147 12 15 0.0127474805 
824 364 6 17 0.012737642 
538 180 9 22 0.012719475 
479 -19 6 18 0.012706367 
543 201 6 16 0.012696644 
1016 379 7 16 0.01267943 
416 215 6 16 0.012660766 
2 18 9 23 0.012614207 
567 55 9 21 0.012565126 
313 -17 6 14 0.012559904 
515 494 6 13 0.012559312 
36 222 14 22 0.012553547 
604 488 8 8 0.012549884 
208 536 6 11 0.012544473 
206 548 9 13 0.012533904 
231 504 10 18 0.012529366 
758 429 8 17 0.012524825 
877 74 6 15 0.01252368 
197 60 8 15 0.01252325 
156 94 9 20 0.012520667 
860 158 10 20 0.012518887 
478 447 6 9 0.012518417 
298 576 8 11 0.01251785 
951 -15 7 15 0.012516976 
235 -33 6 17 0.012492529 
529 150 8 16 0.012489447 
68 238 7 17 0.012488253 
646 204 5 9 0.012487154 
641 546 9 14 0.012482833 
128 273 11 21 0.012472715 
998 566 11 36 0.012447737 
487 149 14 19 0.012443494 
144 416 6 18 0.012426571 
858 143 12 23 0.0124167325 
93 204 12 26 0.012401147 
847 168 9 24 0.012400709 
83 119 9 20 0.012393086 
347 30 11 15 0.012386292 
836 280 5 10 0.012352186 
12 443 12 19 0.012344202 
722 -17 6 15 0.012343098 
284 455 7 17 0.012342434 
297 546 9 13 0.01233362 
219 535 7 12 0.012321533 
206 559 10 15 0.012317397 
450 443 8 13 0.012307968 
567 182 9 21 0.012289315 
61 134 15 41 0.012285344 
313 0 6 10 0.012276004 
181 122 31 86 0.012275582 
590 51 10 24 0.012259024 
118 439 8 24 0.012248485 
505 485 5 12 0.012247192 
616 548 11 13 0.012241708 
181 533 9 16 0.012216726 
479 61 7 14 0.0122148 
629 593 10 21 0.012203821 
719 572 9 15 0.012203314 
261 -32 6 16 0.012200637 
115 392 10 15 0.0121930875 
467 -19 5 18 0.012191888 
646 265 6 13 0.012189333 
817 165 13 31 0.012166387 
622 212 5 16 0.012165254 
758 456 7 13 0.012164451 
349 22 12 15 0.012161569 
517 5 7 21 0.012158156 
984 34 15 33 0.01214208 
570 10 33 54 0.012113069 
505 -9 7 23 0.012110746 
94 237 9 22 0.012092049 
88 540 12 23 0.012080388 
183 511 6 11 0.012062362 
273 -32 7 16 0.0120578 
529 199 8 17 0.012037109 
961 12 35 80 0.01201722 
588 547 12 13 0.012011605 
248 -33 7 17 0.011995885 
616 452 10 19 0.01199549 
829 280 4 10 0.011956895 
772 455 7 14 0.011955498 
143 577 9 32 0.011954005 
691 477 9 16 0.011934305 
234 266 8 15 0.011932752 
272 469 9 18 0.011930823 
329 422 4 9 0.011929031 
298 134 7 17 0.011926766 
887 364 7 19 0.011926615 
621 39 11 21 0.011915583 
28 140 9 28 0.011910224 
427 -5 7 15 0.011906324 
322 575 9 12 0.0119033465 
16 539 10 23 0.0118815545 
470 143 17 25 0.0118793715 
440 515 8 22 0.011873343 
658 585 6 12 0.011872747 
480 473 5 10 0.011866304 
553 201 7 18 0.011865275 
272 583 9 16 0.011846751 
503 492 7 17 0.0118255345 
4 467 10 20 0.01181497 
504 460 6 9 0.011814083 
25 270 12 26 0.011805302 
157 375 9 18 0.011802622 
285 408 6 9 0.01178431 
490 492 8 17 0.01178325 
419 151 14 32 0.01178104 
1001 548 7 13 0.011779274 
549 213 9 18 0.011778836 
491 -18 6 18 0.011776733 
478 -7 7 20 0.0117762545 
93 130 10 23 0.011749721 
14 74 15 27 0.011723798 
145 403 7 14 0.01170595 
657 577 7 10 0.011698366 
643 231 9 22 0.011688999 
306 533 12 18 0.011683238 
711 521 5 12 0.011660504 
88 150 14 34 0.011627682 
669 576 8 11 0.01162101 
65 211 9 20 0.011618824 
617 558 10 15 0.011613065 
806 125 16 27 0.011605412 
168 379 7 13 0.011600335 
604 56 8 16 0.0115978215 
259 584 10 16 0.011597122 
76 466 12 20 0.011556511 
628 558 10 16 0.01154826 
37 182 13 25 0.011543624 
785 471 8 14 0.011538784 
361 559 10 14 0.011515356 
617 488 8 9 0.011513868 
706 574 9 13 0.011510291 
833 120 12 20 0.011505079 
198 390 7 13 0.011500341 
22 474 18 26 0.011499208 
834 168 10 27 0.011498856 
53 383 7 12 0.011493301 
618 508 10 12 0.011491768 
3 144 8 25 0.011490598 
517 -17 6 17 0.01148343 
444 -14 176 167 0.011481329 
347 46 10 16 0.011463192 
871 160 10 19 0.011448419 
167 32 34 66 0.0114470245 
808 467 10 21 0.011443961 
503 445 8 11 0.01144272 
526 158 12 22 0.011432962 
286 -32 7 16 0.01142948 
938 320 8 11 0.011403702 
437 210 9 19 0.011390647 
771 49 8 13 0.011381297 
20 209 21 25 0.011379709 
157 -46 8 20 0.011378433 
257 126 13 32 0.011374925 
491 472 6 10 0.011365748 
887 335 7 19 0.01135795 
347 372 59 53 0.011345909 
865 354 5 15 0.0113379 
717 174 11 36 0.011322035 
222 389 8 14 0.01131974 
655 203 7 11 0.011296539 
759 -6 7 15 0.011295517 
580 -17 6 15 0.011292508 
696 548 7 10 0.011287552 
865 377 5 17 0.011278515 
141 152 24 81 0.011277798 
296 532 10 18 0.011277122 
758 557 6 18 0.0112710195 
530 -16 6 16 0.011268353 
77 137 13 34 0.011262802 
156 301 12 17 0.011262579 
3 288 10 26 0.011260279 
836 -45 6 19 0.011251173 
177 435 14 28 0.01125091 
121 84 10 15 0.011240311 
511 534 12 12 0.01123836 
505 -18 6 18 0.011236516 
951 70 9 17 0.011226465 
513 523 9 13 0.011225037 
153 55 12 21 0.011214668 
30 394 6 11 0.011211686 
491 249 8 17 0.011202587 
663 53 13 24 0.011193939 
264 245 5 8 0.011188609 
4 406 6 17 0.011171108 
345 431 10 12 0.011169369 
424 178 12 29 0.011155465 
1000 560 8 20 0.011152068 
815 305 4 11 0.011143089 
131 456 7 19 0.011142017 
830 142 13 24 0.011126998 
782 28 12 21 0.011122533 
784 483 8 14 0.01112216 
454 475 6 9 0.011120854 
373 558 10 15 0.011117882 
769 397 14 27 0.011111011 
757 477 11 22 0.011101448 
233 480 7 17 0.011092804 
925 112 8 14 0.0110893985 
989 674 37 103 0.011089205 
25 443 15 18 0.011080832 
51 539 11 18 0.011079421 
667 469 10 12 0.011077498 
335 382 12 15 0.011056565 
156 546 8 15 0.011040836 
143 556 8 19 0.011024093 
40 75 31 74 0.011018341 
602 521 10 12 0.011015769 
837 364 6 18 0.010991742 
105 411 11 24 0.010990125 
876 218 4 9 0.010974634 
977 -17 6 16 0.01096842 
184 376 8 15 0.010958171 
670 584 7 13 0.010929422 
52 197 10 21 0.010927372 
324 -32 7 17 0.010918969 
100 251 14 30 0.0109171 
248 432 5 11 0.010912637 
615 15 31 46 0.01091155 
800 332 4 10 0.010897932 
220 549 7 11 0.010884987 
73 120 37 94 0.010848935 
467 574 5 13 0.010841691 
92 478 10 20 0.010828638 
325 145 61 74 0.010814224 
165 -228 82 46 0.010812812 
196 372 11 19 0.010807809 
157 486 6 12 0.010807544 
898 107 9 18 0.01078813 
368 212 15 19 0.010785004 
680 200 7 16 0.010777463 
322 548 9 11 0.010774152 
362 548 8 12 0.010765176 
641 307 8 27 0.010763659 
311 576 8 11 0.010760548 
627 547 10 15 0.010756285 
2 -36 8 24 0.010751552 
682 576 7 11 0.010749345 
372 -1 9 12 0.010748087 
721 561 7 14 0.010746161 
0 80 98 155 0.0107447775 
116 381 9 13 0.010733047 
695 575 8 12 0.010728196 
293 17 10 18 0.010722424 
160 430 6 17 0.010716473 
681 467 13 18 0.0107048815 
617 535 10 13 0.01070278 
644 536 8 11 0.010701357 
973 82 8 16 0.010696482 
105 543 9 19 0.010689036 
67 223 8 18 0.010672496 
426 196 10 25 0.010657868 
103 398 13 23 0.010639042 
769 469 11 18 0.0106307175 
36 196 15 23 0.010619314 
997 66 10 22 0.010615476 
299 -32 6 16 0.010614836 
474 312 8 22 0.010608022 
285 583 9 16 0.010597653 
872 146 9 20 0.01059096 
591 293 9 27 0.010576715 
333 440 13 17 0.010576007 
256 549 11 10 0.010566509 
554 -16 7 14 0.010563688 
620 52 10 21 0.010558646 
463 62 8 14 0.010529847 
180 318 9 13 0.0105286 
362 29 13 16 0.010508163 
373 432 10 11 0.010505396 
478 583 7 16 0.010504632 
643 187 8 14 0.010450056 
1016 56 9 19 0.010447709 
403 399 24 16 0.010445845 
1001 391 6 16 0.010429603 
27 155 11 30 0.01042176 
542 -16 6 15 0.010417641 
298 583 9 15 0.010411336 
466 -32 6 17 0.010406319 
192 42 11 21 0.010397093 
736 503 6 18 0.010392217 
615 521 10 12 0.01038982 
888 292 6 12 0.010380224 
129 575 11 36 0.010377907 
89 172 16 43 0.010373256 
400 227 9 14 0.01036349 
600 578 15 28 0.010362492 
95 225 8 18 0.010337189 
912 123 10 16 0.010331537 
645 249 7 16 0.01033097 
10 26 36 61 0.010329117 
454 482 6 11 0.010322266 
276 410 5 8 0.01030814 
466 462 5 9 0.010296433 
655 545 8 12 0.01028249 
564 507 10 11 0.010278953 
770 365 7 13 0.010275616 
234 432 6 10 0.010269315 
335 549 9 10 0.0102666775 
550 224 9 18 0.010265336 
197 316 7 14 0.010263665 
655 189 6 12 0.010257999 
269 489 14 21 0.010250538 
655 526 10 9 0.010241407 
11 198 16 25 0.010239213 
541 495 8 11 0.010239165 
104 440 10 24 0.010232845 
246 342 9 17 0.010216058 
235 278 8 16 0.010213122 
425 513 10 28 0.010210447 
513 271 10 23 0.010209715 
633 203 6 12 0.010208293 
603 571 10 17 0.010208255 
4 393 5 16 0.010201117 
587 558 14 16 0.010199076 
145 531 7 16 0.010197973 
270 549 9 10 0.010197371 
182 557 9 18 0.010182823 
852 364 5 18 0.010151741 
9 -171 13 45 0.010147601 
209 44 8 18 0.010142352 
416 51 7 12 0.010129474 
924 52 10 22 0.010122769 
622 301 4 18 0.010117859 
143 390 9 16 0.010116731 
427 7 8 15 0.0101122195 
757 566 8 25 0.010105921 
502 30 9 21 0.010099936 
208 301 6 18 0.010094812 
92 299 14 23 0.010072574 
573 522 13 14 0.010068477 
627 535 11 13 0.010061521 
467 -7 6 19 0.010057514 
748 -32 5 17 0.010050305 
219 560 9 14 0.010050129 
234 404 6 12 0.0100371195 
348 562 10 12 0.010021493 
489 583 9 15 0.010019989 
77 555 13 35 0.010012149 
900 122 9 18 0.010011822 
799 5 6 17 0.010001132 
