53_Raid_policeraid_53_928
2381
771 126 42 64 0.9994261 
255 183 93 94 0.98544717 
826 233 21 33 0.8512003 
699 136 33 52 0.7061439 
669 143 44 61 0.6560203 
875 238 19 27 0.6161926 
978 11 10 20 0.20780124 
736 120 17 28 0.14670533 
842 225 14 25 0.14547308 
625 120 13 24 0.14477536 
820 10 15 20 0.14436145 
868 248 19 27 0.12777941 
987 98 11 25 0.12445149 
311 174 41 68 0.11936167 
847 75 8 14 0.11702716 
983 16 11 20 0.1156105 
824 88 8 16 0.115318954 
1014 10 10 17 0.114464186 
924 74 10 21 0.11116733 
836 79 6 12 0.11072692 
994 146 13 31 0.109263785 
871 231 15 19 0.10868738 
590 124 11 19 0.10823028 
470 175 13 27 0.10689379 
625 163 14 26 0.1043066 
832 86 8 16 0.104013935 
310 135 79 97 0.10314376 
871 83 9 17 0.10036282 
962 10 9 15 0.09725882 
677 117 84 71 0.09574557 
998 251 11 24 0.09573943 
986 69 12 26 0.095078304 
337 112 8 16 0.09275665 
946 127 9 20 0.09153338 
540 171 12 26 0.09056891 
857 120 12 27 0.089995354 
600 124 10 19 0.08951805 
564 613 8 15 0.08941024 
741 134 18 30 0.087502636 
861 252 15 27 0.085352875 
828 214 16 26 0.083680496 
750 133 30 53 0.08227379 
826 80 6 11 0.08144024 
996 136 11 24 0.07943279 
641 175 11 22 0.079054564 
344 123 10 24 0.07738011 
594 116 8 14 0.07717628 
849 89 7 13 0.077090725 
988 83 10 23 0.074979745 
412 60 9 22 0.07496828 
839 243 18 30 0.074717306 
862 90 7 13 0.07362434 
601 139 10 18 0.073111415 
851 33 8 18 0.073005594 
463 175 11 23 0.072928034 
381 252 96 123 0.07197268 
590 135 11 22 0.07127776 
937 138 8 18 0.070715845 
851 67 6 12 0.07046868 
519 181 72 108 0.06943394 
339 105 7 14 0.06876048 
318 405 18 29 0.0683427 
428 177 20 35 0.068177715 
68 7 10 20 0.06734697 
291 426 14 23 0.066241406 
565 102 8 15 0.066118404 
831 19 10 17 0.06569579 
37 132 11 20 0.064933576 
859 100 8 16 0.06464793 
344 113 9 17 0.06343923 
383 181 83 104 0.06294389 
587 148 12 23 0.062856026 
767 88 9 16 0.06219526 
582 127 8 15 0.061948195 
944 96 12 21 0.061852597 
268 98 9 22 0.061740223 
661 145 24 36 0.061668966 
463 169 7 14 0.061657798 
963 99 10 17 0.06149896 
486 183 10 22 0.06130383 
1016 20 9 19 0.061248723 
962 75 9 16 0.06118705 
563 162 11 24 0.060731687 
847 122 10 20 0.060106292 
965 87 8 16 0.059849083 
209 98 9 22 0.05931608 
565 113 9 16 0.05915768 
867 121 12 25 0.059025753 
1014 2 9 15 0.058726482 
244 111 11 24 0.058712922 
393 95 11 26 0.05850679 
19 586 8 18 0.058405828 
338 122 10 24 0.05821718 
820 93 10 21 0.057798002 
654 136 13 27 0.05728529 
604 116 7 13 0.05716053 
650 133 86 111 0.05674262 
331 358 13 43 0.056564283 
836 122 10 22 0.05640767 
964 26 7 12 0.056326278 
925 64 8 15 0.05628174 
307 111 10 20 0.056169625 
665 447 19 32 0.055988338 
533 234 20 40 0.05592791 
1001 24 7 14 0.05542879 
999 38 8 16 0.05523133 
475 168 8 18 0.05466905 
995 96 12 28 0.05461702 
909 50 9 16 0.05450952 
619 116 9 14 0.054489676 
850 28 7 13 0.05434445 
861 163 7 16 0.05408439 
218 98 9 19 0.05391929 
267 109 10 24 0.053743046 
711 125 22 38 0.05366913 
273 74 6 17 0.053418882 
993 208 13 31 0.052984167 
940 129 9 16 0.052837927 
266 121 12 28 0.05276939 
984 0 10 15 0.05230207 
546 171 13 30 0.052250832 
1001 1 7 14 0.05181482 
490 99 7 17 0.051794052 
244 139 9 21 0.051659 
543 101 7 14 0.051647805 
558 150 76 115 0.051628303 
229 110 13 25 0.051576044 
859 203 9 18 0.051479656 
760 90 8 13 0.050966393 
749 122 19 28 0.050810438 
388 97 10 22 0.050736208 
405 260 19 35 0.05066614 
1002 10 7 15 0.050665006 
857 228 13 20 0.050610173 
301 111 8 18 0.050552007 
785 76 7 12 0.050413087 
898 368 11 20 0.050370786 
938 49 7 15 0.050368227 
541 154 7 14 0.05023076 
17 163 7 15 0.050220948 
835 150 9 21 0.050200973 
290 446 15 26 0.050179034 
939 89 8 15 0.05012488 
448 185 12 24 0.049968403 
259 97 10 24 0.049865697 
696 718 7 10 0.04973352 
225 121 16 29 0.049680885 
565 212 9 19 0.049518332 
234 101 8 16 0.049501337 
387 90 9 18 0.049421668 
400 72 8 19 0.04906496 
374 152 8 19 0.049027953 
286 72 7 18 0.04885789 
814 90 7 14 0.04879439 
975 38 8 14 0.04876586 
665 224 13 27 0.04845771 
846 148 9 20 0.04841983 
531 101 6 14 0.0483114 
606 187 10 21 0.04827582 
857 213 11 21 0.047996707 
425 141 6 12 0.04790789 
896 83 8 17 0.0478157 
873 65 7 13 0.047796685 
47 148 13 23 0.047619835 
818 124 12 25 0.047529854 
923 12 9 14 0.04739529 
872 110 10 20 0.047348123 
301 426 155 180 0.04720412 
978 2 9 13 0.047159873 
370 160 12 26 0.046891797 
397 86 9 21 0.04663222 
797 90 7 14 0.046608366 
487 137 10 21 0.04659419 
172 128 6 18 0.046562936 
107 704 6 13 0.046549026 
16 690 9 14 0.046475355 
860 151 8 19 0.0462967 
694 1 8 13 0.046168838 
510 214 12 25 0.046119306 
945 370 16 24 0.046091057 
330 200 83 111 0.045447517 
16 538 10 17 0.045111913 
643 254 9 18 0.044667643 
345 103 8 17 0.044642366 
397 327 87 113 0.044624332 
616 139 9 16 0.0445642 
283 302 8 22 0.044560004 
810 98 10 19 0.044507295 
318 453 14 25 0.04449881 
424 155 82 105 0.044445243 
594 104 7 14 0.04423497 
732 114 13 21 0.044086445 
272 86 7 20 0.044006012 
619 152 9 17 0.043997988 
848 203 10 19 0.043919902 
529 113 8 16 0.043898564 
648 51 6 12 0.043561596 
616 102 8 14 0.043417044 
450 177 10 19 0.043371636 
15 0 12 14 0.043363605 
834 96 8 18 0.043279655 
244 98 10 21 0.04320994 
828 0 15 15 0.043054618 
581 151 10 19 0.043030575 
454 168 7 13 0.04290241 
965 38 7 12 0.04286644 
857 35 8 19 0.042840566 
896 2 10 13 0.04281265 
565 126 9 17 0.042796247 
399 61 9 19 0.042637534 
464 216 9 21 0.0423728 
859 237 14 22 0.042368624 
557 611 8 16 0.042344384 
303 416 17 24 0.04229692 
945 112 11 20 0.042274795 
316 494 22 32 0.042104993 
410 687 11 19 0.042034395 
874 166 6 14 0.041962545 
772 77 6 12 0.04193838 
69 719 7 11 0.0419125 
170 154 6 15 0.041733045 
401 167 8 16 0.041628886 
421 60 9 22 0.04162316 
926 139 9 18 0.041426677 
743 102 10 16 0.04140728 
817 112 11 20 0.04132332 
631 102 7 14 0.04126293 
887 177 6 16 0.041225336 
501 150 9 17 0.041193116 
754 113 14 23 0.041128416 
889 85 7 16 0.04101522 
26 640 10 17 0.041012097 
998 128 9 20 0.040922105 
720 140 20 37 0.040897567 
797 77 7 12 0.040706843 
960 160 11 25 0.040593583 
902 53 7 13 0.040580396 
338 191 22 39 0.040500667 
704 86 9 16 0.040497627 
684 719 6 9 0.040487938 
654 99 8 16 0.040392857 
995 194 12 28 0.04027875 
501 138 10 20 0.040251613 
553 104 7 14 0.040140066 
183 137 110 123 0.04009322 
850 99 8 14 0.04009109 
629 182 14 25 0.039943106 
765 97 13 20 0.039882977 
831 135 11 23 0.03975068 
337 92 7 13 0.03971209 
912 36 8 16 0.0396841 
38 20 10 19 0.039683186 
581 135 10 20 0.039671183 
126 664 13 20 0.03964022 
963 110 9 20 0.039607015 
645 99 7 14 0.03958071 
4 50 7 16 0.039566413 
649 180 13 26 0.03953534 
960 150 10 21 0.039484374 
581 119 7 12 0.039389316 
386 72 10 19 0.039275732 
987 36 9 16 0.039259084 
791 99 12 21 0.039219685 
4 39 7 14 0.03914629 
590 115 92 93 0.03908917 
552 154 9 17 0.039058253 
759 99 10 16 0.03902212 
873 100 8 17 0.038907707 
961 420 7 21 0.038885392 
733 89 8 14 0.03877167 
641 263 9 23 0.038747996 
997 44 10 21 0.038685355 
859 64 7 13 0.038670976 
625 154 12 19 0.038646966 
258 86 8 18 0.03860815 
555 230 7 15 0.038390145 
898 62 8 14 0.038326874 
98 76 168 211 0.03828679 
872 150 8 18 0.038280416 
530 91 6 13 0.038226996 
837 113 8 17 0.038215276 
603 227 8 15 0.038173478 
604 220 7 14 0.038144313 
950 51 8 13 0.038010534 
973 48 9 19 0.037978016 
438 10 8 22 0.03793753 
913 27 7 12 0.03791987 
668 731 7 10 0.037872296 
426 129 6 13 0.037866022 
746 89 7 13 0.037864726 
888 77 7 16 0.03775686 
530 175 10 20 0.037756633 
655 155 14 29 0.037736572 
732 102 10 17 0.037725035 
1014 124 11 22 0.037681516 
231 86 9 17 0.03761661 
607 104 6 13 0.037592426 
259 264 10 19 0.0375259 
721 87 8 16 0.0375141 
195 98 8 22 0.037330292 
961 272 7 14 0.03731544 
354 241 16 43 0.037220553 
221 89 8 15 0.037218563 
327 115 7 15 0.037121594 
3 572 8 21 0.037109684 
500 178 9 19 0.03708675 
639 125 11 20 0.037052248 
542 113 6 14 0.037032075 
259 122 10 23 0.037017237 
491 92 6 13 0.036972485 
655 89 7 16 0.03695363 
566 266 8 17 0.036925994 
219 110 11 23 0.036814686 
479 159 78 108 0.036811035 
814 79 5 11 0.036735594 
963 64 7 13 0.036709376 
437 480 10 25 0.0366916 
619 171 13 24 0.036682505 
848 134 9 21 0.03665228 
645 138 10 21 0.036560103 
578 190 9 18 0.036519192 
79 170 10 26 0.036511753 
310 105 7 15 0.036502697 
530 153 7 15 0.036450043 
248 349 7 13 0.03640737 
68 2 9 12 0.036389522 
952 40 7 12 0.036361597 
385 152 8 17 0.03631561 
938 40 7 12 0.036280677 
924 22 8 15 0.036212035 
249 87 7 16 0.036157455 
862 177 7 16 0.03614095 
550 237 12 27 0.03612928 
348 353 7 20 0.036124215 
436 168 12 19 0.03605856 
501 163 9 17 0.03602448 
960 123 10 20 0.035989814 
473 217 9 19 0.03597947 
453 143 6 12 0.035954874 
386 165 8 18 0.03594034 
1015 112 10 21 0.035927724 
91 187 9 23 0.03588973 
618 243 8 14 0.035778467 
350 91 6 14 0.035723172 
964 243 6 15 0.035706222 
870 215 13 22 0.035549205 
835 37 7 14 0.035488553 
965 51 7 14 0.035482038 
851 52 6 14 0.03543366 
859 26 8 14 0.035426583 
652 263 11 25 0.035378456 
301 105 6 14 0.035349037 
414 152 8 17 0.035336632 
183 130 6 15 0.035317563 
861 51 7 15 0.035315104 
660 76 6 14 0.03529175 
80 185 8 25 0.035240468 
118 692 7 13 0.035237998 
1016 33 9 21 0.035187524 
685 52 6 11 0.035174552 
451 24 6 16 0.035149947 
416 141 6 13 0.035126936 
489 129 8 15 0.035121683 
988 50 9 18 0.035076432 
281 291 9 22 0.03506954 
442 140 5 12 0.035012476 
910 59 8 15 0.034993783 
38 699 11 16 0.03499274 
542 145 7 13 0.034952696 
255 274 11 22 0.034908783 
74 7 11 21 0.034898233 
516 165 9 17 0.034894478 
704 74 9 16 0.034821246 
293 50 825 666 0.034804143 
18 649 7 15 0.03480133 
455 112 7 15 0.034765236 
208 246 6 12 0.034743242 
284 114 8 19 0.034713645 
454 155 7 12 0.034706507 
119 703 7 15 0.034643706 
109 694 6 11 0.034613136 
488 147 10 20 0.03460772 
781 193 84 86 0.03453686 
784 89 8 15 0.034513913 
1015 99 11 21 0.03451249 
849 162 8 18 0.03449837 
348 344 6 17 0.034418724 
528 125 7 15 0.034390084 
886 191 8 15 0.0343732 
947 147 9 20 0.0343691 
680 14 8 12 0.034317028 
612 186 12 22 0.034309015 
62 250 11 24 0.034252107 
567 92 6 12 0.034251537 
542 92 6 13 0.034218036 
565 187 10 20 0.0342027 
694 51 7 12 0.034120426 
443 282 16 34 0.034002777 
1014 441 11 28 0.033918306 
656 287 9 26 0.033914402 
643 16 6 10 0.033872206 
284 315 8 20 0.033861298 
489 110 9 18 0.033855654 
515 140 7 15 0.03383917 
2 59 9 25 0.033829886 
934 2 10 13 0.033725247 
615 91 9 16 0.033704307 
666 286 10 29 0.033702854 
344 361 10 31 0.033679053 
49 1 11 13 0.03366742 
961 3 9 14 0.033613756 
257 344 7 15 0.033610478 
70 115 16 34 0.03360928 
693 38 8 13 0.03360096 
257 289 9 21 0.03353915 
934 11 9 13 0.033533566 
339 344 5 15 0.03344645 
706 64 7 12 0.0334208 
556 113 6 13 0.033381585 
259 76 6 16 0.0333548 
580 243 8 16 0.03334842 
463 155 6 13 0.033341914 
234 238 10 21 0.033313643 
594 230 7 12 0.03330222 
999 756 8 13 0.03326392 
862 78 7 14 0.03323076 
50 7 11 16 0.0332305 
351 87 146 187 0.033217862 
516 86 7 15 0.033165906 
682 90 8 14 0.033142067 
3 584 8 19 0.033136092 
284 85 7 19 0.033133484 
529 143 7 13 0.033042308 
952 258 6 12 0.0330067 
107 423 6 12 0.033003565 
869 201 13 23 0.032983195 
696 87 9 16 0.03298014 
1015 241 10 20 0.032943264 
412 679 9 16 0.032899275 
820 203 15 27 0.03289041 
755 232 13 34 0.032815095 
874 51 6 14 0.032788277 
963 519 8 20 0.032780852 
502 101 6 15 0.03277746 
296 413 10 15 0.032769203 
399 451 11 29 0.032767005 
6 651 6 14 0.032756172 
352 77 5 14 0.032688532 
555 142 7 13 0.032654352 
530 164 8 17 0.0326247 
589 188 11 21 0.032617122 
989 123 9 21 0.032600038 
597 668 6 11 0.032595888 
424 151 10 18 0.032577507 
528 345 5 14 0.03256509 
209 89 7 16 0.03256353 
439 155 8 14 0.032534186 
245 184 12 30 0.032465402 
3 152 7 15 0.03245105 
993 69 13 28 0.03244876 
615 251 9 19 0.032446638 
377 92 7 13 0.03240643 
388 50 9 19 0.032366995 
897 200 9 23 0.032363627 
377 143 5 14 0.032303855 
655 224 13 26 0.032295313 
691 97 13 24 0.032183807 
875 178 6 14 0.032175943 
760 78 6 10 0.03216127 
565 228 7 16 0.03212518 
644 149 11 22 0.032124978 
253 181 18 39 0.032096043 
577 180 8 16 0.032090854 
577 201 8 17 0.031972934 
898 97 9 18 0.03195994 
282 122 10 24 0.031953543 
439 287 11 25 0.031909507 
272 290 9 22 0.031869467 
146 703 6 13 0.031793542 
539 229 11 20 0.031785324 
642 236 9 20 0.03174164 
107 414 5 11 0.031667575 
897 11 9 13 0.031646624 
938 61 8 15 0.03163871 
607 617 5 11 0.03163343 
882 200 12 24 0.03157563 
556 216 7 14 0.031540435 
224 346 6 14 0.031451557 
764 266 23 29 0.031429153 
503 203 9 18 0.03138533 
250 78 6 14 0.031372674 
972 87 10 19 0.031356193 
1016 72 10 23 0.03133077 
1014 314 12 23 0.031312324 
974 173 10 24 0.03131075 
511 202 11 20 0.031294383 
927 51 7 14 0.031253878 
402 153 7 16 0.03125097 
888 167 6 15 0.031242482 
890 62 7 14 0.031190649 
819 2 15 15 0.031161012 
386 297 13 24 0.031157719 
256 173 41 73 0.031153392 
580 253 7 14 0.031122297 
79 201 8 21 0.03112227 
952 272 7 14 0.03107102 
566 699 9 18 0.03105931 
197 246 6 13 0.031010242 
1014 251 11 25 0.030956397 
15 179 7 17 0.030943578 
939 113 9 17 0.030921351 
285 329 7 21 0.030912215 
998 496 11 23 0.030911988 
605 244 8 15 0.030911423 
257 135 11 24 0.030903718 
463 102 7 15 0.030886732 
480 138 8 16 0.03086755 
860 195 7 15 0.030863363 
974 96 11 23 0.030846175 
273 302 8 21 0.030843094 
68 705 7 13 0.030815044 
825 35 7 15 0.030800357 
3 664 9 17 0.030773925 
225 372 6 12 0.030734314 
518 378 6 21 0.030701905 
440 130 6 13 0.030635571 
675 225 12 25 0.03061923 
221 282 5 14 0.030596407 
40 690 10 16 0.030582381 
309 446 12 20 0.030538414 
912 100 7 15 0.030537829 
401 175 9 17 0.030477323 
425 74 7 16 0.030459499 
336 293 6 17 0.03043708 
368 405 103 117 0.030417688 
887 150 7 16 0.03037709 
284 99 7 18 0.030357013 
934 75 9 17 0.030352924 
100 20 11 23 0.030323908 
939 40 125 216 0.03031975 
849 193 8 15 0.030268453 
606 693 7 12 0.03026746 
962 137 8 18 0.030267442 
488 201 9 18 0.030229948 
902 165 7 17 0.030176565 
428 115 6 13 0.03016748 
618 232 7 12 0.03015156 
925 100 8 15 0.030104777 
889 52 6 13 0.030090721 
14 188 9 23 0.03007374 
654 201 10 22 0.03005809 
67 550 8 15 0.030036077 
900 191 7 16 0.029978214 
244 318 9 21 0.029946337 
936 26 8 13 0.029924488 
268 164 11 26 0.029906463 
819 145 11 26 0.02989029 
666 76 7 15 0.029841298 
743 209 11 26 0.029819395 
555 626 7 14 0.029769624 
451 222 11 25 0.029734839 
926 128 9 16 0.02971135 
810 22 8 14 0.029711043 
218 134 15 24 0.029665196 
54 545 9 17 0.029600548 
826 70 6 10 0.029586088 
216 152 10 19 0.029581722 
478 151 8 17 0.02956022 
568 75 6 13 0.029546909 
885 138 8 16 0.029524986 
755 211 12 28 0.029510215 
51 139 11 19 0.02948228 
784 133 68 85 0.029481838 
326 91 6 12 0.02947904 
602 161 11 22 0.029466866 
347 333 6 14 0.029460048 
285 62 6 18 0.029457724 
461 112 8 16 0.029429354 
353 204 16 34 0.029398711 
466 277 10 25 0.029396387 
950 162 9 21 0.029388562 
976 74 10 19 0.02938852 
632 92 7 15 0.029357417 
66 729 9 15 0.029336715 
245 353 9 17 0.029327115 
413 87 8 17 0.029288048 
879 257 17 29 0.02921375 
989 169 12 28 0.029197376 
543 217 7 14 0.029164925 
644 692 7 11 0.029105343 
388 142 6 13 0.029086953 
410 165 10 19 0.02900969 
587 414 16 26 0.029002942 
502 379 8 22 0.028986575 
297 123 9 22 0.028975343 
566 275 7 17 0.028930862 
464 141 7 13 0.028928898 
718 14 9 12 0.028882599 
1013 150 11 24 0.028840935 
799 67 5 11 0.028831815 
417 260 18 33 0.028831765 
222 269 6 15 0.028818466 
911 258 8 15 0.028733434 
218 209 9 25 0.028692316 
515 151 8 15 0.028650634 
953 244 6 15 0.028615456 
425 165 12 21 0.02859987 
515 174 10 21 0.02859615 
770 457 8 17 0.028566891 
812 36 7 14 0.028566526 
488 349 9 26 0.028557615 
93 201 7 21 0.02854964 
951 62 7 14 0.028545057 
414 51 7 19 0.028526705 
1001 456 7 23 0.02850644 
297 302 8 21 0.028460145 
247 332 7 15 0.028451601 
491 164 7 16 0.028442886 
68 560 8 16 0.028422669 
506 215 8 17 0.028358057 
655 720 9 11 0.028349794 
361 126 7 16 0.028304158 
438 114 6 14 0.028285844 
763 233 15 34 0.028273696 
94 677 7 15 0.028221145 
900 175 7 18 0.028210567 
454 105 7 13 0.028194958 
25 546 9 17 0.02816602 
564 138 10 19 0.028163098 
697 64 6 11 0.028080432 
409 464 13 30 0.028074894 
698 75 7 15 0.028057983 
54 589 7 13 0.02803991 
424 49 7 18 0.027995786 
4 561 8 18 0.027992012 
54 674 10 18 0.027969692 
500 113 8 18 0.027965032 
4 509 7 16 0.027937546 
578 217 7 15 0.027934775 
913 87 8 14 0.027884426 
224 362 5 10 0.027839802 
1017 230 7 18 0.027816903 
105 717 8 15 0.027777163 
993 254 8 18 0.027684418 
501 128 8 16 0.027664365 
168 277 10 17 0.027651746 
453 130 6 13 0.027633136 
249 278 8 16 0.02761718 
911 214 10 23 0.027606677 
23 701 11 16 0.027593067 
352 185 17 32 0.027582066 
392 255 22 37 0.027529813 
1011 262 12 28 0.027522793 
954 29 6 11 0.02751867 
79 215 7 18 0.027515838 
428 10 7 21 0.027488546 
913 114 7 15 0.027478933 
450 480 9 26 0.027464539 
667 264 9 23 0.027456727 
729 232 12 36 0.02741694 
953 75 7 14 0.027404755 
475 194 11 23 0.027344164 
233 148 9 18 0.027340649 
838 69 6 11 0.027329553 
710 14 8 13 0.027303299 
886 99 8 19 0.027271075 
3 145 6 14 0.027260497 
477 88 7 15 0.027252449 
1002 721 6 10 0.027215788 
1014 135 12 25 0.027209152 
17 9 10 14 0.027204204 
209 201 8 21 0.027182747 
100 0 12 14 0.02716884 
207 254 7 15 0.027161578 
516 77 6 13 0.02715873 
579 641 7 14 0.027149087 
991 183 11 29 0.027146379 
398 52 8 18 0.027140163 
596 676 6 13 0.027140109 
680 285 9 31 0.027139204 
593 243 7 14 0.02711823 
42 192 7 15 0.027109971 
387 424 12 28 0.02705221 
582 230 6 13 0.027048137 
39 31 12 26 0.027027417 
327 171 20 40 0.027021836 
6 166 5 14 0.026995711 
78 241 9 19 0.026990253 
941 258 6 12 0.02696634 
395 423 14 30 0.026964927 
417 128 6 13 0.026955793 
635 230 6 13 0.026923804 
566 37 6 12 0.026885593 
668 88 8 15 0.026872076 
656 729 9 12 0.026848244 
397 187 14 26 0.026832463 
157 322 8 13 0.02683019 
62 676 10 17 0.026827926 
621 321 4 14 0.026816687 
604 197 10 21 0.02677964 
542 319 6 18 0.026742598 
425 478 11 29 0.02672789 
40 12 10 13 0.02670929 
490 378 8 24 0.026706023 
1016 215 9 21 0.02670342 
848 178 8 17 0.026679128 
651 251 11 22 0.026662454 
362 91 6 14 0.02664933 
18 598 8 15 0.026641635 
363 101 6 15 0.026607314 
555 205 8 16 0.026598388 
594 90 7 14 0.026591083 
391 288 15 27 0.026540736 
590 178 9 18 0.026532678 
963 258 7 14 0.026516158 
654 53 6 11 0.026504407 
332 387 13 34 0.026470244 
631 242 8 14 0.026466323 
898 212 10 22 0.02644701 
923 242 8 18 0.026442682 
977 522 7 18 0.026435506 
529 679 5 12 0.02643368 
923 213 9 24 0.026433332 
298 316 7 19 0.026383573 
340 334 5 13 0.026372591 
810 14 9 14 0.026361184 
542 700 7 23 0.026353352 
259 334 7 16 0.026350312 
554 603 7 13 0.026341854 
328 455 17 29 0.026313495 
249 293 6 16 0.026307356 
324 124 10 19 0.026293827 
97 705 5 11 0.026291063 
101 8 10 17 0.02626946 
273 63 6 17 0.026215855 
1001 745 8 13 0.02621011 
9 -144 284 135 0.026204467 
465 86 7 16 0.02619161 
567 694 7 12 0.02612413 
680 97 12 21 0.026109783 
716 456 13 23 0.026106382 
683 732 7 10 0.026105504 
883 110 9 19 0.026103502 
884 125 8 17 0.026099894 
605 253 8 16 0.026095022 
206 191 7 17 0.026075915 
627 198 11 22 0.026061393 
211 215 7 18 0.026032317 
451 496 8 22 0.026002862 
385 450 11 30 0.025984472 
402 141 6 13 0.025965985 
93 691 7 14 0.025945237 
668 101 9 16 0.025937244 
428 36 5 18 0.025852615 
364 14 5 17 0.02580098 
209 154 8 16 0.02579307 
617 200 9 20 0.025761964 
425 86 8 17 0.02575673 
671 4 7 10 0.025730994 
69 216 7 18 0.025723452 
321 275 8 20 0.025713868 
94 213 7 19 0.025700495 
221 292 6 15 0.025685165 
1001 470 6 20 0.025636978 
465 129 6 13 0.025633462 
523 63 141 183 0.025630688 
903 127 7 15 0.025625361 
77 250 11 24 0.02561157 
489 361 9 29 0.025591517 
479 131 6 13 0.025558215 
565 240 8 18 0.025525605 
268 148 11 26 0.025474995 
326 294 5 15 0.025464505 
18 38 6 13 0.025449166 
813 68 5 11 0.025435748 
69 203 7 17 0.025431024 
877 210 16 27 0.025427047 
154 370 9 18 0.025390161 
344 386 12 34 0.025357218 
634 78 6 12 0.025333932 
874 39 6 14 0.025284275 
250 269 8 16 0.025231399 
594 705 7 11 0.02522212 
246 305 7 17 0.025217775 
721 100 10 17 0.025176516 
545 627 5 13 0.02514604 
977 288 11 20 0.025122525 
387 176 9 19 0.025116276 
68 228 8 18 0.025105435 
873 193 8 16 0.02508825 
1015 84 12 24 0.025087237 
13 81 10 30 0.025084557 
89 252 10 20 0.025061484 
992 241 8 19 0.025059815 
502 392 8 21 0.025044201 
630 216 8 17 0.025008338 
609 91 6 13 0.024997357 
619 216 8 15 0.024985252 
130 653 10 16 0.024979398 
377 98 7 16 0.024961088 
440 104 6 13 0.024959557 
659 27 6 10 0.024947748 
901 140 7 13 0.024945676 
441 36 5 16 0.024938092 
460 197 12 23 0.024928186 
23 406 12 19 0.024889901 
807 211 14 28 0.024864772 
336 280 7 17 0.024862623 
122 412 5 12 0.02485304 
939 244 7 16 0.024852965 
743 235 11 30 0.024847442 
978 138 8 17 0.024726318 
978 752 41 65 0.024698662 
504 91 6 12 0.024694314 
18 113 8 19 0.024635322 
673 13 6 11 0.024632053 
530 186 9 19 0.024586018 
977 257 7 14 0.024577824 
847 258 14 26 0.024542669 
730 208 12 29 0.024541838 
54 703 7 13 0.024538185 
23 587 11 18 0.02450424 
926 3 8 12 0.024499565 
994 166 14 37 0.024490127 
358 161 14 28 0.024447246 
720 53 6 10 0.024416266 
368 402 14 30 0.024412392 
813 51 6 13 0.024399627 
633 61 6 13 0.024396077 
235 295 6 14 0.02439249 
452 36 6 15 0.024389366 
438 496 9 24 0.024384962 
709 54 7 10 0.024379093 
605 703 8 13 0.024369128 
607 626 6 12 0.024357785 
557 129 6 13 0.024335772 
964 509 8 21 0.024282234 
211 230 6 14 0.024278471 
237 306 5 14 0.024261978 
528 357 5 14 0.0242609 
362 116 6 13 0.024260866 
389 125 6 15 0.024208123 
721 77 7 14 0.024206199 
605 680 7 12 0.024201099 
219 225 9 20 0.024172584 
901 153 6 13 0.024160214 
76 2 9 11 0.024159677 
185 112 6 18 0.024148166 
360 388 13 32 0.024087004 
325 363 11 33 0.024081847 
641 115 8 15 0.02403866 
911 200 9 24 0.024010686 
897 254 9 17 0.02398186 
182 234 6 12 0.023977669 
632 53 6 11 0.023955144 
646 62 6 13 0.023951827 
400 733 7 12 0.023938281 
567 65 7 13 0.02392885 
415 37 6 18 0.023898667 
223 256 6 14 0.02389644 
682 24 7 12 0.023893835 
590 200 9 17 0.023893127 
887 38 6 14 0.023884296 
936 160 9 20 0.023883624 
42 676 10 16 0.023859259 
804 482 13 28 0.023841769 
785 69 6 10 0.023831302 
17 576 7 15 0.023790846 
337 78 6 14 0.023717346 
794 224 12 27 0.023711149 
678 246 11 25 0.023700802 
422 187 19 39 0.023700269 
567 624 7 14 0.023695804 
173 331 8 14 0.023688843 
230 200 12 28 0.023688711 
235 269 7 15 0.023643441 
298 328 7 21 0.023600841 
923 38 8 14 0.023583777 
800 12 6 12 0.023498043 
3 599 8 15 0.023487603 
92 306 10 18 0.023473136 
195 129 7 16 0.023336876 
480 103 6 13 0.023326593 
912 75 8 16 0.02331984 
529 229 11 21 0.023319539 
595 221 6 12 0.02331883 
912 130 7 13 0.023311589 
153 294 11 16 0.023306128 
726 168 14 30 0.023290155 
258 301 9 21 0.02328798 
38 562 9 16 0.0232674 
231 371 7 14 0.023256322 
182 242 6 13 0.023251008 
926 116 7 13 0.023246266 
554 89 7 14 0.023242196 
713 160 20 35 0.02321337 
118 319 10 14 0.023186598 
916 140 6 13 0.023185441 
53 190 7 16 0.023173565 
1013 523 10 21 0.023158427 
244 225 12 26 0.02315436 
4 84 8 25 0.023126308 
5 680 7 15 0.023094185 
661 124 17 32 0.023086833 
667 201 10 22 0.02308366 
719 234 11 32 0.023081956 
355 439 14 28 0.023056265 
677 261 11 25 0.023049334 
657 64 6 12 0.023039943 
707 24 8 13 0.023034543 
258 317 8 20 0.023019304 
824 50 6 14 0.023000292 
326 104 6 13 0.022999281 
1015 744 7 13 0.022998866 
685 41 7 12 0.022991536 
579 103 7 14 0.022955555 
1001 729 9 14 0.02290516 
43 2 10 12 0.022896884 
403 720 5 12 0.022888096 
900 361 9 15 0.022885773 
657 114 9 16 0.0228729 
94 20 10 22 0.022871269 
222 623 6 14 0.022842929 
182 138 6 16 0.022839747 
975 108 11 22 0.022827566 
510 533 15 18 0.0227832 
298 292 7 19 0.022749357 
531 691 5 15 0.022744806 
503 366 8 23 0.022737382 
55 203 7 15 0.022724755 
976 151 9 18 0.022698192 
506 224 9 19 0.022685004 
285 342 6 20 0.022643695 
223 243 7 15 0.022632357 
438 85 8 17 0.022630319 
15 527 8 14 0.022592928 
911 187 8 22 0.022585323 
90 173 8 24 0.022581175 
643 3 6 10 0.022580247 
742 163 17 34 0.022564668 
909 163 9 18 0.022525763 
43 159 9 19 0.02252571 
345 147 12 30 0.022524202 
257 218 37 67 0.02247049 
209 129 9 16 0.022467392 
683 301 8 26 0.022466207 
527 240 13 25 0.02246028 
76 227 9 19 0.02245056 
529 335 6 15 0.022429937 
543 200 8 18 0.022414602 
209 292 6 15 0.022410044 
557 78 6 13 0.022402685 
453 75 7 16 0.022394635 
516 368 6 20 0.022331828 
977 124 9 20 0.022324484 
319 265 11 20 0.022307286 
39 199 8 17 0.022295846 
234 251 8 18 0.022282364 
1016 60 11 22 0.022275778 
900 113 8 16 0.022246957 
779 416 11 20 0.022245716 
900 27 7 12 0.022218533 
53 533 11 21 0.022209574 
261 169 8 19 0.022208456 
657 302 7 23 0.022180764 
800 25 6 12 0.022179103 
834 178 9 18 0.022172501 
332 447 12 20 0.022107262 
181 718 6 11 0.022099016 
222 305 6 15 0.022089608 
474 269 7 16 0.022085065 
518 102 5 13 0.022082249 
593 255 7 13 0.022062965 
670 329 7 23 0.02203658 
577 267 8 15 0.022031404 
516 276 10 19 0.022028977 
604 668 6 10 0.02202862 
915 152 6 13 0.022028578 
453 87 7 15 0.022013074 
733 62 8 13 0.02200983 
235 281 6 14 0.021964768 
892 241 12 21 0.021963676 
146 693 6 13 0.021956768 
856 266 16 31 0.021954874 
160 152 5 16 0.021954214 
335 305 7 18 0.021922944 
463 113 73 105 0.02191615 
593 63 7 14 0.02191148 
954 13 7 12 0.02190484 
620 51 6 13 0.021889329 
518 393 7 19 0.021888973 
834 191 10 19 0.021868406 
965 410 7 19 0.021862635 
562 384 9 16 0.021852706 
748 427 20 29 0.02184842 
15 51 6 16 0.021845859 
950 279 8 14 0.021840973 
541 128 7 14 0.021836236 
580 692 7 12 0.021817798 
296 136 11 24 0.021807713 
695 10 8 13 0.021801688 
195 252 7 15 0.021792056 
683 326 9 27 0.021789916 
401 125 6 15 0.021784231 
604 264 8 18 0.021746423 
363 141 7 16 0.021739764 
1015 757 8 13 0.021703096 
488 306 7 15 0.02170272 
52 115 8 16 0.02169234 
861 13 8 12 0.021689905 
273 316 7 19 0.021689646 
543 693 5 14 0.0216658 
272 448 7 15 0.021648303 
66 99 10 21 0.021634849 
157 359 8 13 0.021621782 
273 331 6 17 0.02161734 
14 683 8 12 0.021612255 
1000 484 8 20 0.021612195 
83 688 7 16 0.021605955 
464 301 11 23 0.021583172 
273 343 6 15 0.021580318 
704 97 11 22 0.021578103 
132 412 5 12 0.02154756 
437 75 8 17 0.021537922 
646 42 5 10 0.02149948 
719 112 14 24 0.021491304 
64 666 9 16 0.021488786 
259 149 8 21 0.021487033 
513 189 10 19 0.021486403 
567 714 10 17 0.021452308 
684 709 7 10 0.021449888 
595 77 6 13 0.021449849 
279 165 45 80 0.021436542 
350 61 5 16 0.021433549 
1016 45 10 23 0.021416726 
185 694 5 10 0.021396821 
632 23 6 11 0.02138882 
620 307 5 15 0.021374112 
347 442 12 24 0.021373121 
106 269 8 17 0.021373035 
668 722 7 9 0.021344053 
32 136 9 17 0.021341572 
646 305 6 18 0.021313949 
197 706 6 11 0.021313574 
684 62 7 12 0.02130578 
210 305 5 15 0.021305628 
284 136 9 23 0.021304963 
991 720 5 9 0.02128742 
748 78 6 11 0.02126089 
644 24 6 11 0.021260833 
567 254 8 16 0.021237727 
713 153 92 95 0.021212317 
782 446 8 15 0.021206982 
517 130 6 13 0.021205416 
618 293 6 15 0.021200486 
703 235 11 29 0.021181976 
106 216 6 17 0.021170795 
316 427 16 23 0.021158597 
923 257 8 15 0.021130506 
956 421 6 19 0.021121664 
4 26 7 13 0.021121232 
350 275 8 20 0.02109618 
975 58 10 18 0.021072108 
667 245 12 25 0.021038026 
399 478 11 26 0.021031331 
333 144 15 36 0.021029873 
911 244 8 17 0.021028476 
414 113 8 15 0.021019869 
681 3 8 11 0.021017343 
668 316 8 24 0.020994464 
42 116 9 16 0.02099391 
1013 172 12 27 0.020993493 
268 272 11 26 0.02097773 
477 253 8 17 0.020967055 
783 435 7 16 0.020965792 
978 447 6 22 0.02096333 
556 36 6 11 0.020951608 
265 181 20 37 0.020935789 
772 405 10 21 0.020908702 
15 562 7 16 0.020907033 
901 38 7 13 0.02090558 
694 733 7 10 0.02088437 
158 693 6 13 0.020882618 
153 304 10 15 0.02087926 
384 186 13 26 0.020867676 
557 63 6 12 0.020866381 
640 193 13 27 0.020863654 
224 420 6 19 0.020829607 
522 678 4 13 0.020813739 
142 348 8 13 0.020762702 
618 627 5 11 0.020742577 
95 11 8 14 0.020720191 
27 37 10 20 0.020703357 
799 482 9 25 0.020691026 
525 276 9 20 0.020683875 
491 214 8 17 0.020680122 
312 293 6 16 0.020679839 
361 152 10 21 0.020669393 
447 234 13 27 0.020651523 
119 674 10 17 0.020619815 
838 51 6 13 0.02061173 
157 678 6 13 0.020608442 
223 377 8 20 0.020603204 
146 720 5 10 0.020595739 
465 267 9 20 0.0205922 
30 24 8 15 0.020590307 
642 216 9 19 0.020581707 
217 172 9 20 0.020579785 
631 255 8 16 0.020555928 
632 309 5 14 0.020501025 
5 13 7 12 0.020499507 
722 62 7 13 0.020489732 
772 397 7 13 0.020474778 
883 394 10 14 0.020460334 
910 173 8 20 0.020460237 
645 77 6 13 0.020450722 
531 318 6 17 0.020442214 
557 413 6 13 0.020436676 
55 744 7 12 0.020410897 
412 96 8 20 0.020401616 
620 656 5 11 0.020397644 
368 195 15 29 0.020393107 
282 161 12 25 0.020389562 
377 114 6 13 0.020386953 
543 79 5 13 0.020365497 
605 77 7 14 0.020350307 
1014 197 11 26 0.02033003 
631 321 5 14 0.02032807 
666 112 12 20 0.020298239 
52 176 8 18 0.02028286 
692 247 11 24 0.020269131 
181 279 9 17 0.020269023 
359 365 11 27 0.020260483 
23 2 12 13 0.020219712 
4 642 8 15 0.020202791 
56 720 6 11 0.020192921 
1012 365 13 25 0.0201478 
386 250 14 29 0.020122768 
39 720 8 13 0.020108324 
962 229 7 19 0.020104853 
15 663 8 16 0.0200943 
527 78 6 14 0.020087438 
793 212 12 24 0.02007976 
742 181 15 32 0.020039685 
65 688 8 15 0.020039285 
411 183 16 29 0.020028241 
306 136 12 24 0.020026192 
348 290 8 19 0.020014828 
453 59 8 20 0.020011844 
170 163 6 18 0.02001017 
377 128 6 13 0.019950265 
650 152 32 61 0.019947382 
134 425 5 11 0.019947333 
134 720 5 11 0.019935625 
979 536 7 17 0.019923195 
773 468 7 21 0.019918952 
92 32 10 21 0.01989813 
906 368 10 21 0.0198827 
899 706 7 13 0.019870877 
643 288 8 23 0.019864138 
327 307 5 15 0.019863173 
985 274 12 27 0.019845549 
478 347 9 29 0.019820128 
27 80 12 33 0.019805329 
721 24 8 12 0.019798947 
657 2 6 11 0.019779826 
132 705 6 13 0.019740036 
915 15 7 11 0.019730562 
632 290 6 18 0.019710908 
693 306 7 20 0.0197089 
770 415 12 23 0.019706842 
56 733 7 11 0.01970061 
543 332 6 17 0.019695163 
234 77 7 16 0.019693084 
384 7 8 22 0.019684413 
51 125 9 19 0.019678682 
101 307 11 17 0.019649152 
656 41 6 10 0.019646896 
1014 629 9 14 0.019628106 
668 746 7 10 0.019618526 
105 255 7 17 0.0196185 
314 320 6 19 0.019617973 
77 150 10 24 0.019617738 
527 395 7 17 0.01959941 
210 174 7 17 0.019589538 
68 175 8 20 0.019571114 
236 335 6 14 0.019568076 
250 720 6 11 0.01950255 
491 294 6 14 0.01948864 
765 212 13 26 0.01948587 
81 719 6 10 0.019477556 
173 694 6 11 0.019471636 
756 468 8 20 0.019428177 
348 304 8 20 0.019424725 
182 707 5 11 0.019404635 
289 423 9 15 0.019379687 
783 369 9 18 0.019366587 
12 69 9 28 0.019340465 
581 90 7 13 0.019318145 
6 179 7 15 0.019313838 
819 177 11 21 0.019303987 
78 732 8 12 0.019297814 
477 240 9 20 0.01926562 
620 24 6 11 0.019265372 
1001 334 7 14 0.019245641 
24 10 10 14 0.019229313 
584 290 5 16 0.019217728 
774 386 6 10 0.019213403 
224 337 5 13 0.019203851 
234 187 9 23 0.01918545 
171 116 5 16 0.019170402 
284 149 10 24 0.01916008 
445 265 14 28 0.019159779 
106 227 7 19 0.019147674 
208 269 7 14 0.019137105 
79 560 7 15 0.019124044 
556 332 6 19 0.019121585 
990 410 7 17 0.019115744 
927 690 7 17 0.019101536 
67 132 11 22 0.019093642 
598 409 12 17 0.019092113 
232 163 9 17 0.019082868 
987 537 7 17 0.019070648 
55 103 9 15 0.019063262 
105 677 7 13 0.019028919 
247 168 8 16 0.019011794 
847 272 12 27 0.019011244 
528 217 9 20 0.019007428 
581 77 6 12 0.019005273 
760 -156 289 150 0.018996317 
156 381 7 14 0.018958975 
379 78 7 14 0.018942539 
67 654 8 12 0.018940857 
286 37 6 17 0.01890709 
365 22 5 20 0.018901102 
324 319 7 19 0.018896366 
274 437 6 13 0.01889047 
858 2 10 12 0.018881299 
65 410 9 14 0.018878631 
54 652 9 15 0.01887441 
962 746 9 11 0.01887058 
923 200 9 24 0.018857181 
977 270 8 14 0.01885331 
527 382 6 18 0.018817915 
350 169 37 71 0.01879222 
266 257 13 27 0.018775249 
296 158 13 28 0.018771535 
977 243 6 15 0.018770732 
134 436 5 11 0.018761812 
976 575 10 14 0.018759271 
19 125 6 15 0.018753134 
903 721 5 10 0.01872874 
209 141 10 16 0.01872731 
48 33 11 24 0.018726395 
4 547 10 20 0.018714486 
955 374 12 27 0.018711662 
785 211 11 22 0.018682044 
779 250 14 28 0.01867594 
658 16 5 9 0.01866871 
352 259 9 24 0.018663675 
465 77 7 16 0.018644601 
54 563 8 15 0.018628856 
734 77 7 12 0.018618202 
69 190 7 17 0.018564332 
541 765 7 16 0.018550357 
38 59 11 23 0.018543541 
552 263 10 20 0.018503735 
67 48 9 19 0.018502308 
368 450 13 31 0.018492887 
17 27 7 13 0.018492714 
411 10 6 19 0.01848612 
-9 188 157 292 0.018482082 
362 78 6 13 0.018470168 
412 701 8 15 0.018456899 
279 171 17 30 0.018453168 
404 180 36 71 0.01843652 
479 114 7 14 0.018421864 
504 407 8 20 0.018389061 
683 78 7 12 0.018369975 
44 79 94 135 0.01835406 
54 688 9 15 0.018330786 
93 315 11 17 0.018330017 
245 251 11 22 0.018315852 
352 37 5 16 0.018293688 
898 228 10 19 0.018293684 
233 348 6 12 0.018292997 
633 17 6 10 0.018291403 
158 139 7 17 0.018271228 
558 394 7 16 0.018259134 
414 719 6 12 0.018251585 
330 429 14 22 0.018238084 
565 488 7 10 0.018229598 
828 251 17 30 0.018227743 
772 449 8 14 0.018224115 
717 256 13 35 0.018221466 
298 87 6 18 0.018210322 
175 718 6 11 0.018205462 
273 51 6 16 0.018184684 
995 765 15 27 0.018184286 
424 289 11 21 0.018177694 
448 12 8 18 0.018170139 
394 239 16 32 0.018166006 
527 201 10 19 0.018161185 
472 290 10 20 0.018142343 
961 536 8 17 0.018125419 
820 189 12 22 0.018101305 
196 232 6 12 0.018100975 
361 304 9 20 0.018093301 
144 678 8 14 0.018080842 
210 284 5 13 0.018061608 
772 68 6 10 0.01804642 
105 238 8 20 0.018043367 
990 260 12 28 0.018039161 
351 13 5 18 0.018037092 
776 350 15 28 0.018025601 
579 701 8 15 0.018024419 
305 148 14 27 0.018014088 
342 453 17 28 0.017990077 
210 706 6 11 0.01797602 
37 85 10 22 0.017954083 
808 237 16 26 0.01793367 
820 314 11 26 0.017924579 
413 669 7 10 0.01791295 
476 305 9 17 0.017912898 
168 323 9 12 0.017908989 
340 50 5 15 0.017862545 
5 0 9 13 0.017861968 
1001 446 7 20 0.017860712 
882 386 10 14 0.017848672 
678 108 15 24 0.017837048 
718 196 13 26 0.017827293 
384 0 7 16 0.017804105 
50 20 11 19 0.01779341 
810 211 32 54 0.01778646 
633 264 9 19 0.01777811 
157 284 9 13 0.017771624 
656 316 9 23 0.01776411 
785 41 5 10 0.017753627 
281 274 12 27 0.017750403 
56 87 8 16 0.017731333 
459 235 12 23 0.017723246 
40 551 7 13 0.017699527 
386 218 38 72 0.017681679 
670 65 6 12 0.01767988 
1013 562 9 18 0.017669683 
248 705 7 11 0.017661663 
120 424 5 12 0.017655907 
633 274 8 20 0.017639834 
26 153 8 16 0.01763792 
404 19 6 21 0.017635332 
823 614 305 330 0.017632002 
335 318 7 17 0.01762345 
13 211 10 24 0.017618045 
197 141 7 13 0.017583562 
941 273 6 11 0.017583417 
689 337 11 25 0.017579397 
476 361 10 28 0.01757713 
963 181 10 29 0.017576588 
1002 535 8 16 0.017572207 
177 333 9 14 0.017567152 
1001 548 7 15 0.017565738 
912 680 7 13 0.017563747 
620 667 6 10 0.017563565 
734 54 6 9 0.017552838 
196 219 6 13 0.017551137 
644 682 6 11 0.01754891 
1016 -8 7 12 0.017540345 
513 432 14 27 0.01753581 
987 548 8 17 0.017527713 
212 692 6 13 0.01751548 
407 438 15 33 0.017496789 
238 321 6 14 0.017494256 
232 378 7 19 0.017489258 
101 317 12 17 0.017484834 
5 688 8 14 0.017481066 
369 247 14 33 0.017469818 
285 50 6 17 0.017468719 
82 706 6 12 0.017452009 
175 707 5 10 0.017428776 
197 201 6 17 0.017416345 
735 704 7 10 0.017404508 
700 439 20 23 0.017401606 
435 263 13 27 0.017381502 
707 39 7 11 0.017380549 
180 155 6 14 0.017378442 
820 160 11 22 0.017365051 
172 398 6 13 0.01734916 
464 314 10 23 0.017344967 
555 319 6 20 0.01734178 
1002 526 8 16 0.017321235 
690 354 9 20 0.017313128 
718 467 15 34 0.017309908 
1013 548 9 20 0.017309079 
785 483 7 23 0.017304346 
173 234 6 12 0.017302211 
530 702 6 18 0.01729097 
15 509 8 16 0.017272813 
773 481 7 25 0.017272707 
695 710 7 9 0.01726362 
54 63 8 17 0.017244862 
167 292 9 15 0.017241947 
108 564 6 13 0.017218973 
186 99 6 18 0.017214527 
765 110 17 25 0.017199842 
479 79 6 13 0.017199729 
91 264 10 21 0.017171154 
693 318 9 23 0.017169071 
554 276 7 17 0.01715399 
347 319 7 18 0.017133582 
799 39 5 12 0.017124375 
693 292 8 21 0.017105926 
407 237 16 33 0.017100275 
96 717 7 12 0.01709405 
145 332 8 12 0.017087266 
1014 638 10 15 0.017084444 
312 304 6 18 0.017081613 
27 190 8 19 0.017051518 
143 666 8 14 0.017026242 
404 10 6 19 0.017002683 
448 250 11 24 0.016981814 
55 215 9 18 0.016976817 
505 77 6 11 0.016967738 
52 665 11 18 0.016963605 
963 279 8 14 0.016958667 
785 53 5 10 0.016945045 
78 552 7 14 0.016930955 
398 742 8 13 0.01691864 
384 262 35 62 0.016907446 
542 304 6 20 0.01690315 
913 721 5 10 0.016889479 
755 170 14 29 0.0168878 
350 51 5 14 0.016886273 
517 356 6 15 0.016876737 
133 731 6 11 0.0168746 
707 719 6 10 0.016871983 
745 706 7 10 0.016862882 
335 266 8 17 0.016849298 
954 537 6 16 0.016844472 
156 640 8 13 0.01683694 
558 345 5 16 0.016805822 
727 79 77 88 0.016800597 
157 665 7 15 0.016792024 
311 341 7 21 0.016789692 
677 124 16 26 0.016779698 
294 133 39 68 0.016769035 
516 65 6 11 0.016758034 
516 237 10 20 0.016757442 
91 242 9 19 0.016732687 
580 670 6 11 0.016705299 
363 37 6 18 0.016686356 
565 50 7 15 0.016681412 
142 354 9 16 0.01667256 
370 427 13 25 0.016655594 
692 223 11 25 0.01664963 
209 615 8 14 0.016643861 
156 329 8 13 0.016632628 
644 448 7 16 0.016629882 
384 273 15 30 0.016622007 
461 478 10 30 0.016617715 
4 407 9 15 0.016582755 
427 103 7 13 0.016573466 
463 255 8 18 0.016541995 
120 666 9 14 0.016527982 
146 732 5 10 0.016527882 
1014 387 12 27 0.016522195 
721 42 7 9 0.016515339 
32 128 7 16 0.016508492 
314 90 6 14 0.01650542 
870 329 11 27 0.016494943 
196 693 6 12 0.016492141 
41 731 8 11 0.016478708 
530 65 5 11 0.01647744 
223 706 6 11 0.01647525 
42 589 7 13 0.016470315 
328 357 7 19 0.01647029 
518 113 7 15 0.016457459 
414 21 6 20 0.016455105 
67 149 9 19 0.01644873 
493 283 6 12 0.016427122 
717 181 14 26 0.016418157 
1016 292 10 20 0.016415676 
556 424 5 11 0.016406415 
722 708 6 9 0.016397858 
666 175 16 32 0.016374577 
591 290 6 18 0.01637411 
195 291 7 15 0.016373418 
747 42 7 10 0.016356815 
644 704 8 12 0.016352886 
430 197 18 40 0.016345387 
997 263 15 33 0.016344989 
542 53 6 12 0.0163393 
991 446 6 17 0.01632584 
694 262 9 22 0.016323153 
18 143 6 14 0.016313493 
697 29 6 11 0.016311595 
514 470 11 23 0.016302677 
19 243 6 16 0.016289774 
53 408 9 12 0.01626328 
912 691 7 14 0.016250223 
1013 699 9 16 0.016245164 
235 390 7 18 0.01624105 
322 134 12 25 0.016234728 
31 560 9 17 0.0162329 
732 14 7 11 0.01622891 
592 283 6 15 0.016218195 
593 717 7 12 0.016214345 
146 302 9 15 0.016208947 
327 481 19 27 0.016196746 
105 732 9 13 0.016192645 
375 37 7 17 0.016185878 
1012 690 10 17 0.016176684 
454 224 77 125 0.01617352 
474 313 9 20 0.016170986 
96 669 6 12 0.016155457 
195 306 6 13 0.016142488 
568 424 5 11 0.016128112 
926 679 6 12 0.016104165 
262 48 6 18 0.016096657 
555 669 5 10 0.016092762 
702 209 12 26 0.016064506 
446 314 14 28 0.016064119 
490 227 9 17 0.016063295 
974 197 10 25 0.016050054 
384 208 14 29 0.01604629 
378 9 6 18 0.01602978 
158 399 5 12 0.015977696 
76 99 11 24 0.015963849 
939 213 7 24 0.015962396 
579 629 6 12 0.015961194 
119 716 7 13 0.01595841 
107 199 88 127 0.015950084 
825 325 7 21 0.015943216 
52 75 9 18 0.01592318 
542 602 7 14 0.015918108 
64 87 10 20 0.015913336 
454 394 20 32 0.015899898 
172 679 6 12 0.01589338 
117 331 12 19 0.015892021 
375 506 50 84 0.015883485 
684 357 8 17 0.015881555 
51 639 9 15 0.015866261 
492 391 8 21 0.015865592 
403 38 5 17 0.015859041 
799 53 6 12 0.015839532 
19 255 7 16 0.015835185 
594 642 5 11 0.015792431 
368 220 15 34 0.01578994 
933 342 13 21 0.015778769 
360 353 8 22 0.015770685 
962 754 10 13 0.015767885 
694 275 8 22 0.015765341 
703 108 16 30 0.015764352 
1015 720 6 12 0.015753612 
734 694 8 11 0.015748495 
348 430 11 23 0.015739 
556 51 7 13 0.015728226 
26 417 13 18 0.015722154 
706 260 11 29 0.015701018 
726 467 13 31 0.01569531 
13 -8 12 11 0.015694484 
973 509 8 20 0.015691604 
567 289 5 18 0.015677491 
644 721 8 11 0.015673304 
234 176 9 20 0.015648114 
111 46 13 23 0.015641917 
519 346 5 13 0.015641533 
654 707 8 12 0.015639523 
107 278 9 17 0.015636874 
543 613 6 13 0.015618936 
78 48 10 19 0.015616922 
363 756 7 12 0.015605439 
680 373 8 14 0.01560297 
670 26 6 11 0.0155855715 
297 753 9 11 0.015585234 
796 3 8 12 0.015582629 
912 381 9 18 0.015563331 
284 356 6 17 0.015553172 
389 694 6 9 0.015552086 
361 315 9 21 0.015547677 
580 679 7 10 0.015538979 
897 266 10 19 0.01553232 
51 446 8 14 0.015531614 
18 281 9 15 0.015525521 
57 243 8 17 0.015524033 
1014 339 12 25 0.01552098 
222 391 7 17 0.01551907 
374 23 6 19 0.015515203 
720 4 7 9 0.015510368 
256 355 7 15 0.015491796 
990 757 7 11 0.015479204 
783 383 8 14 0.0154704 
131 689 7 14 0.015466144 
69 160 9 21 0.015464482 
236 362 6 11 0.015462261 
181 166 6 15 0.015453022 
618 704 8 13 0.015445554 
52 577 8 15 0.015440955 
998 420 8 21 0.015418392 
543 758 5 13 0.015412935 
681 384 7 13 0.015410104 
923 162 9 18 0.015391738 
543 62 5 13 0.015389053 
311 276 9 19 0.015374954 
644 669 6 9 0.015374621 
396 315 14 29 0.015366352 
786 29 6 10 0.015365514 
870 320 9 19 0.015352982 
599 419 11 18 0.015340414 
784 497 7 20 0.015333877 
609 291 6 16 0.0153279165 
434 219 14 33 0.015322146 
24 213 11 26 0.0153128095 
672 461 20 27 0.015299154 
678 214 11 22 0.015269801 
487 329 9 20 0.015266215 
1003 704 7 12 0.015260318 
29 198 8 19 0.015253134 
273 36 6 18 0.015252717 
40 213 10 21 0.015243503 
741 258 13 31 0.015236713 
408 201 18 37 0.015221909 
289 412 6 12 0.015217286 
539 289 8 21 0.015209962 
517 54 5 10 0.015208613 
18 224 8 20 0.0151935 
513 597 9 15 0.015182018 
130 332 10 15 0.015177185 
84 680 6 13 0.01517415 
96 413 5 11 0.015160844 
1012 730 8 15 0.015159383 
503 281 7 13 0.015156842 
363 719 6 9 0.015152799 
1015 482 9 24 0.015152686 
1000 408 6 16 0.015145785 
210 362 5 11 0.015142131 
938 283 9 13 0.015113996 
106 204 6 17 0.015110476 
386 479 11 25 0.015107012 
63 532 10 20 0.01510512 
914 705 5 12 0.015104041 
530 304 7 18 0.015074709 
990 709 6 9 0.015044014 
120 384 8 14 0.015028689 
411 302 45 87 0.0150237335 
620 61 6 13 0.015014926 
275 11 6 18 0.015009798 
198 190 6 16 0.014967354 
617 78 7 14 0.014959743 
595 695 6 11 0.014955041 
529 369 5 17 0.014943 
219 188 9 21 0.014936517 
105 293 10 18 0.014929291 
308 161 14 28 0.014915876 
644 320 7 19 0.014908899 
321 149 14 29 0.014907408 
262 36 6 19 0.014904508 
527 264 9 20 0.014895137 
145 370 10 17 0.014892088 
460 365 11 28 0.0148833655 
409 316 14 26 0.014877319 
565 413 7 13 0.014868909 
26 500 10 18 0.0148652755 
581 64 7 13 0.014861548 
395 203 17 35 0.014856718 
469 412 15 32 0.01485526 
730 252 13 39 0.014840569 
155 648 10 19 0.014838946 
770 28 6 11 0.014834346 
117 127 10 19 0.014829149 
804 262 16 23 0.014794454 
555 305 6 20 0.014788403 
28 662 8 16 0.014778977 
654 329 9 24 0.014763906 
978 418 6 18 0.01475166 
758 42 6 10 0.014745141 
220 693 8 12 0.014740548 
859 306 10 19 0.014731388 
222 408 5 16 0.014720202 
555 289 6 18 0.014709224 
606 280 6 15 0.014702812 
50 44 11 21 0.014687581 
195 88 7 17 0.014685835 
41 71 10 20 0.014676185 
756 452 11 21 0.014670863 
410 286 14 24 0.014646318 
592 431 9 16 0.014629115 
762 27 6 10 0.014628002 
976 411 6 16 0.014626785 
461 61 7 16 0.014615807 
420 451 16 32 0.01459677 
596 628 5 11 0.014590213 
504 240 8 17 0.014588102 
657 453 11 24 0.014574905 
82 34 9 20 0.014556966 
310 396 10 19 0.014522035 
4 127 6 15 0.014518077 
979 434 6 17 0.014516999 
569 640 7 13 0.014481773 
504 354 7 18 0.014451078 
555 767 7 14 0.0144457 
296 276 9 22 0.014437862 
487 242 8 17 0.014424929 
657 681 6 11 0.014415948 
389 42 6 14 0.0144031495 
759 750 6 7 0.01438302 
160 705 5 12 0.014381667 
785 225 11 23 0.014381585 
328 346 5 15 0.014370398 
783 235 13 29 0.014361188 
6 524 7 14 0.014356747 
965 736 6 8 0.014346562 
558 488 6 10 0.014338918 
194 374 7 13 0.014334841 
882 341 12 25 0.014305691 
723 719 6 10 0.014286621 
758 480 8 27 0.014272008 
772 432 9 18 0.014259624 
545 681 5 11 0.014256956 
954 526 6 16 0.014250136 
580 653 7 13 0.014249836 
528 729 5 15 0.014242054 
759 67 7 10 0.01422964 
378 303 9 18 0.0142164305 
330 118 30 61 0.0142154 
120 226 7 19 0.01421349 
757 53 6 10 0.014208013 
319 173 17 33 0.014174539 
23 294 11 17 0.014166039 
884 275 13 23 0.014163374 
733 460 10 18 0.014157584 
475 325 10 24 0.01414823 
582 282 6 15 0.014144944 
806 471 10 19 0.014133923 
903 748 4 8 0.014119274 
424 304 13 21 0.014111378 
403 707 5 10 0.014109063 
1017 467 8 25 0.014079504 
888 28 6 12 0.014059841 
121 396 7 13 0.014046183 
491 77 6 12 0.014039094 
994 471 5 19 0.0140370075 
369 377 12 27 0.014031096 
146 411 6 12 0.014030687 
608 51 6 14 0.014028035 
590 385 10 12 0.014026122 
65 59 10 19 0.014021987 
461 343 12 34 0.014019779 
618 619 5 11 0.014012597 
487 316 9 18 0.014005366 
709 708 6 9 0.013996347 
420 230 17 37 0.013994703 
476 379 8 22 0.0139938 
134 216 6 17 0.01399128 
1000 340 9 19 0.013987466 
339 60 6 16 0.013986979 
621 334 5 13 0.013981402 
898 398 7 13 0.013978788 
980 708 5 9 0.013964933 
450 507 9 25 0.013964125 
222 642 5 11 0.013948364 
263 450 5 13 0.013918227 
148 398 5 12 0.0139129395 
819 284 12 30 0.013909448 
928 703 6 14 0.013907997 
132 641 8 13 0.013898007 
338 196 33 83 0.013893458 
772 41 6 9 0.013892708 
594 268 7 14 0.013884654 
3 627 8 16 0.013876803 
491 15 7 12 0.013876686 
298 38 7 15 0.01387187 
262 62 6 17 0.0138654215 
543 29 6 9 0.013865369 
600 396 12 15 0.013862064 
55 228 9 19 0.013861074 
757 754 10 10 0.013859965 
556 439 5 10 0.013842524 
543 344 5 15 0.013829595 
43 629 6 12 0.013827684 
531 53 5 11 0.013825433 
793 244 15 30 0.013808683 
619 681 7 10 0.013777956 
67 523 9 16 0.013769983 
421 314 16 26 0.013765542 
4 536 10 17 0.0137631595 
801 472 6 16 0.01374691 
863 320 9 20 0.013741773 
12 110 88 141 0.0137386825 
493 23 7 13 0.0137171 
984 575 9 15 0.01371234 
350 747 5 8 0.013708111 
146 383 7 12 0.0137004275 
994 458 5 21 0.013670524 
673 53 5 10 0.013666416 
651 191 34 64 0.013658339 
364 69 84 113 0.013644232 
42 638 8 16 0.013639027 
6 204 7 16 0.013609142 
782 459 8 18 0.013605288 
195 680 7 12 0.0136044575 
168 307 9 14 0.013604009 
987 564 8 15 0.01359219 
296 74 7 18 0.013587762 
131 320 8 13 0.013586169 
118 283 8 13 0.013581977 
119 310 8 13 0.0135807125 
889 11 8 13 0.013573012 
104 43 12 25 0.013563579 
237 628 5 12 0.013533461 
529 669 5 11 0.013526269 
802 285 16 28 0.0135252625 
384 318 39 62 0.013518992 
389 722 6 9 0.01351545 
212 406 6 16 0.013502403 
977 567 8 12 0.013488908 
607 659 5 10 0.013485483 
91 295 10 18 0.013484861 
848 219 25 42 0.013476298 
156 629 8 13 0.013463348 
950 552 6 15 0.013449789 
94 227 8 18 0.013449346 
501 26 7 12 0.0134447655 
82 668 5 11 0.013443816 
279 239 18 31 0.013428394 
877 749 4 7 0.013414644 
115 35 8 17 0.013387634 
1014 494 10 24 0.013383408 
81 654 6 11 0.013358334 
836 331 6 18 0.01335432 
963 216 7 20 0.013339851 
452 50 7 17 0.013329625 
18 268 9 18 0.013329375 
43 177 8 17 0.013324213 
504 42 6 11 0.01331229 
104 123 9 20 0.013300295 
347 416 10 21 0.013295834 
134 227 6 18 0.01328446 
271 457 8 17 0.013273675 
837 344 7 21 0.013270054 
555 757 6 13 0.013248761 
15 447 10 17 0.0132404035 
348 755 8 13 0.013236192 
1014 655 9 14 0.013234749 
617 694 7 10 0.013231748 
286 21 7 19 0.013201648 
684 746 6 10 0.013198163 
966 628 6 12 0.013195462 
569 441 5 9 0.013192811 
819 255 16 26 0.013185904 
40 97 10 20 0.013183532 
644 729 9 11 0.013164242 
504 346 6 16 0.013157391 
27 716 10 15 0.013140623 
120 372 7 11 0.013111988 
914 748 5 8 0.013108237 
130 397 6 12 0.013097699 
620 644 5 11 0.013091197 
5 348 6 10 0.013080187 
193 281 8 16 0.013075733 
830 206 26 47 0.0130696725 
985 764 14 25 0.0130695915 
312 565 6 15 0.013068263 
516 407 8 18 0.013063245 
964 198 8 23 0.013061064 
493 273 6 12 0.013059496 
68 35 9 19 0.013058808 
142 651 9 17 0.013056841 
352 23 5 19 0.013051509 
517 321 5 14 0.013045564 
543 591 7 11 0.013038562 
117 270 7 15 0.013029942 
1013 574 10 17 0.013024559 
521 667 5 13 0.013022401 
184 291 8 15 0.013021557 
474 394 9 21 0.013018977 
121 615 6 12 0.013012488 
43 574 8 17 0.013008204 
633 43 6 9 0.013007995 
850 290 9 21 0.013007279 
732 27 7 11 0.013005578 
555 703 6 15 0.013005069 
901 448 6 15 0.012997091 
258 719 7 11 0.012985938 
310 381 9 21 0.012979754 
20 336 6 11 0.01297714 
558 358 5 15 0.012976847 
781 396 9 15 0.012975723 
312 574 7 14 0.01297195 
1016 433 9 21 0.012970911 
545 424 5 13 0.012962295 
976 226 8 20 0.0129444925 
44 745 6 10 0.012940138 
488 254 8 16 0.012938073 
361 270 11 25 0.012933134 
186 680 6 11 0.012931121 
564 605 8 13 0.012929306 
69 575 6 15 0.0129286125 
545 668 5 10 0.01292837 
830 272 13 29 0.012926641 
589 396 14 16 0.012915099 
885 406 10 21 0.012912575 
987 365 12 26 0.012909343 
951 629 6 13 0.012905181 
20 294 8 14 0.012890315 
702 689 12 15 0.01287912 
1002 626 7 12 0.012878398 
859 293 10 18 0.012877342 
692 370 8 16 0.0128718885 
952 655 6 11 0.012864146 
646 616 5 12 0.0128604295 
362 708 6 9 0.012845548 
215 206 92 131 0.01284435 
678 196 13 25 0.012843255 
133 203 5 16 0.012809475 
286 466 10 20 0.012808028 
596 658 5 10 0.012806238 
326 79 5 13 0.012800772 
374 182 38 73 0.012795637 
144 230 6 15 0.012789935 
759 15 7 11 0.012788887 
68 741 9 16 0.012758329 
22 262 14 27 0.012753527 
97 423 5 12 0.0127364565 
343 210 18 41 0.012733344 
564 393 8 17 0.012732918 
895 405 11 24 0.01272344 
528 409 7 16 0.012715859 
806 111 14 24 0.012714704 
26 164 7 15 0.01270936 
362 412 13 25 0.012698599 
371 481 12 22 0.012695473 
220 617 7 13 0.012692963 
376 759 5 10 0.012678951 
6 -142 65 115 0.0126785645 
16 714 10 15 0.012678104 
120 217 6 16 0.012673396 
407 420 19 33 0.01267166 
-40 650 272 363 0.012671387 
221 719 6 11 0.012666292 
605 755 9 13 0.012665923 
952 642 7 12 0.012652452 
847 14 8 12 0.012651451 
275 358 6 14 0.012647772 
451 381 12 20 0.012626864 
672 41 5 10 0.012623308 
632 668 6 10 0.012618687 
622 157 71 135 0.01261701 
185 255 6 14 0.012611179 
88 159 10 25 0.0126025 
543 38 6 11 0.012599897 
16 626 8 15 0.012598341 
951 216 6 21 0.012598193 
23 538 10 17 0.012597766 
105 667 7 12 0.012593881 
504 272 8 13 0.012592466 
938 657 7 12 0.0125924535 
55 627 7 12 0.012584565 
26 693 10 14 0.012579238 
592 730 8 14 0.012575935 
120 603 7 12 0.012570161 
724 345 19 38 0.012557107 
569 452 4 9 0.012520291 
517 253 10 18 0.012519595 
1011 766 11 19 0.01251911 
161 165 5 16 0.012514832 
528 287 9 20 0.012506112 
569 359 6 14 0.012502416 
874 28 6 12 0.012498437 
555 30 6 10 0.012482263 
311 756 7 10 0.012477532 
987 527 7 14 0.012442474 
75 291 13 23 0.012415481 
757 264 16 27 0.012415224 
734 42 7 9 0.012388503 
676 139 19 27 0.012379028 
402 633 7 8 0.01237771 
605 64 7 13 0.01237208 
120 627 8 12 0.0123620285 
566 727 11 16 0.012344062 
952 227 7 21 0.012339349 
26 113 10 21 0.012333162 
146 425 5 11 0.012329847 
415 732 6 11 0.012329271 
748 51 6 11 0.012315563 
198 718 5 10 0.012314833 
1013 -97 12 31 0.012299796 
990 749 7 11 0.012273264 
619 733 8 11 0.012262823 
382 405 13 25 0.012259039 
76 279 11 19 0.01224582 
633 682 6 10 0.012245515 
183 176 7 20 0.012230522 
313 487 11 19 0.012227371 
1016 401 10 24 0.012222713 
502 293 6 13 0.012222171 
210 625 7 13 0.012219432 
66 280 11 19 0.012202304 
632 693 7 10 0.012193926 
410 303 14 24 0.012192875 
78 741 9 15 0.012176295 
274 212 44 84 0.012172613 
17 500 8 16 0.012162973 
706 3 7 10 0.012158758 
132 296 8 11 0.012156238 
132 564 7 12 0.012155333 
936 294 9 13 0.0121461805 
298 397 7 16 0.012142102 
615 742 9 13 0.012135412 
1003 564 7 14 0.012131673 
532 612 6 15 0.012116529 
260 12 5 16 0.012116471 
746 467 9 21 0.012106076 
210 372 6 11 0.012105694 
131 344 10 16 0.0121020265 
383 76 28 60 0.012098129 
66 399 8 12 0.012096657 
122 202 5 16 0.01208447 
555 640 6 13 0.01208043 
773 748 5 8 0.012077879 
7 190 7 17 0.012057783 
902 733 5 9 0.012045259 
97 535 8 16 0.012043915 
246 730 8 11 0.012031201 
542 397 6 14 0.012030242 
415 754 8 15 0.012004725 
159 127 6 16 0.011996433 
78 60 11 21 0.011992855 
209 321 6 13 0.011991195 
610 306 5 17 0.011981087 
566 29 7 11 0.011969503 
391 744 6 11 0.011967738 
1002 379 10 20 0.011959296 
924 346 10 15 0.011958878 
391 734 5 9 0.011942662 
987 147 28 66 0.011939478 
709 735 6 9 0.011935103 
567 374 6 12 0.011929717 
632 3 7 10 0.011925334 
299 50 6 15 0.011917538 
923 172 9 22 0.01191501 
417 746 6 11 0.011907221 
439 0 6 15 0.011905651 
362 292 9 19 0.011899986 
1002 -7 6 10 0.011895637 
180 343 7 14 0.011892542 
886 2 10 12 0.01189103 
504 257 8 14 0.011890738 
785 470 7 21 0.011888834 
29 57 11 23 0.011881701 
639 171 32 64 0.01187832 
173 243 6 13 0.011878174 
93 280 9 17 0.011869043 
516 422 8 16 0.011860305 
977 302 9 18 0.011850832 
582 52 6 13 0.011842699 
234 432 6 18 0.011820711 
773 709 5 8 0.011812113 
258 706 7 10 0.0118101435 
762 708 5 8 0.011804046 
632 151 27 51 0.011803622 
3 113 7 18 0.011754163 
579 616 6 11 0.011748375 
924 271 7 11 0.011745408 
503 307 6 14 0.011743416 
335 253 9 19 0.011731237 
474 454 9 29 0.011728108 
94 112 8 20 0.011721554 
146 323 8 13 0.011718108 
1014 667 9 13 0.011715149 
915 733 5 9 0.011714035 
977 210 10 24 0.011712952 
868 266 18 31 0.011709862 
411 491 11 27 0.011705999 
128 384 8 14 0.011685682 
555 679 6 12 0.011679814 
556 453 5 9 0.011677508 
349 235 12 31 0.011665764 
283 488 8 13 0.011661009 
96 550 6 13 0.0116494205 
940 618 6 11 0.011639959 
851 321 6 17 0.011630959 
748 719 5 8 0.011630937 
923 188 9 23 0.011619535 
182 307 8 13 0.011600478 
926 667 7 14 0.011599619 
7 743 6 12 0.011591733 
118 236 8 21 0.011589199 
607 746 8 11 0.011581954 
237 638 5 14 0.01158055 
96 656 5 9 0.011573403 
998 355 12 25 0.011570178 
3 421 8 15 0.011564258 
937 201 7 24 0.011549726 
460 323 12 27 0.011546981 
365 735 6 8 0.011545801 
131 603 7 12 0.011539756 
518 336 6 12 0.011537457 
610 321 5 16 0.011533651 
173 733 5 9 0.011533313 
172 407 7 14 0.01151682 
24 255 9 18 0.011516408 
235 694 6 10 0.011515431 
143 217 7 17 0.0115109105 
16 614 8 16 0.01150983 
694 210 11 24 0.011508887 
26 179 8 17 0.011506153 
274 373 5 15 0.011500168 
78 330 9 14 0.0114906635 
194 269 7 16 0.011487772 
364 748 5 9 0.011475866 
607 642 6 12 0.011474394 
505 65 5 10 0.011474176 
631 361 6 13 0.011473355 
55 373 7 11 0.011447016 
937 309 8 13 0.011438969 
807 171 12 25 0.011438665 
706 385 9 16 0.011437355 
658 614 5 12 0.011435612 
709 747 6 9 0.011431293 
992 430 6 20 0.011428511 
978 549 8 18 0.011423437 
178 269 10 17 0.011402294 
43 408 8 13 0.011384726 
592 54 6 12 0.011382166 
774 369 8 16 0.011379751 
172 342 8 14 0.011379291 
5 337 6 10 0.011378594 
69 348 6 11 0.011375193 
210 394 6 15 0.0113704 
681 97 35 56 0.011369328 
992 510 8 17 0.011369265 
556 692 6 12 0.011361217 
570 681 5 10 0.011354037 
132 306 8 13 0.0113525335 
246 615 7 11 0.011351602 
847 356 7 19 0.011350078 
143 603 7 12 0.011350061 
981 721 5 8 0.011344 
78 412 7 12 0.011334073 
348 736 6 8 0.011333176 
406 406 20 28 0.011327075 
505 204 31 57 0.011326248 
107 435 5 15 0.011320637 
517 289 7 16 0.011318769 
961 392 9 22 0.011313349 
79 577 6 12 0.0112917675 
434 311 17 31 0.0112898145 
341 40 5 16 0.011282711 
170 667 6 12 0.011275001 
517 306 6 14 0.011270494 
157 232 6 12 0.011259522 
541 279 8 17 0.0112588 
5 500 7 16 0.011256809 
19 347 6 10 0.011228032 
357 466 15 25 0.011225988 
576 715 9 15 0.01122459 
44 667 8 14 0.011216974 
377 721 5 9 0.011201468 
1013 616 11 14 0.0111985 
120 656 7 11 0.011198172 
93 121 9 22 0.011196028 
963 642 6 13 0.011190645 
238 154 34 69 0.011179433 
552 590 8 13 0.011178127 
706 163 156 215 0.011174722 
758 398 8 15 0.011171381 
295 172 17 31 0.011148633 
347 287 90 129 0.011148072 
440 48 7 17 0.011147031 
54 152 170 229 0.011145695 
757 408 10 17 0.011142081 
107 657 6 10 0.011130297 
107 398 6 11 0.011126922 
129 626 8 13 0.011122983 
633 659 4 9 0.011121122 
145 153 6 16 0.011107292 
949 185 8 23 0.011103647 
158 411 6 12 0.011102281 
264 435 4 14 0.011101877 
1001 367 11 23 0.011098747 
920 382 9 18 0.0110951 
1001 618 8 12 0.011091867 
703 452 16 24 0.011073738 
791 264 17 26 0.011060326 
889 749 4 7 0.011058761 
223 321 5 14 0.011054986 
438 62 7 19 0.011053245 
295 259 13 25 0.01104372 
938 666 7 12 0.01103597 
55 387 7 10 0.011034268 
852 304 8 20 0.011018003 
362 49 6 14 0.011006671 
77 84 11 23 0.0110032875 
531 42 6 10 0.010992639 
581 38 6 11 0.010967073 
532 26 7 10 0.010962369 
1013 680 9 14 0.01095918 
297 21 8 20 0.01095872 
903 689 6 15 0.010946994 
309 261 13 24 0.010939479 
398 531 56 93 0.010939284 
312 633 5 7 0.010938147 
106 190 7 18 0.010936229 
425 753 8 16 0.01093591 
693 195 32 65 0.010927052 
923 354 12 19 0.01092426 
459 450 11 33 0.010914475 
722 326 20 31 0.01090276 
235 705 7 12 0.010896389 
468 40 5 12 0.01088622 
147 285 7 11 0.010883303 
4 212 8 19 0.010875237 
615 754 8 15 0.010874622 
620 18 6 9 0.01087175 
744 454 14 22 0.0108707035 
159 735 5 8 0.01086112 
746 66 7 12 0.010838556 
63 74 12 21 0.010829671 
75 132 101 140 0.010826212 
656 605 6 10 0.010817174 
542 730 6 15 0.010813586 
233 132 132 239 0.010809145 
486 455 12 29 0.010805148 
618 283 6 14 0.010798474 
120 593 6 11 0.0107953055 
842 213 79 91 0.010793646 
108 605 6 10 0.010792929 
397 380 12 21 0.010791498 
697 747 5 9 0.0107880775 
6 733 7 11 0.010786175 
978 735 5 8 0.010780173 
667 359 9 19 0.010775074 
568 345 5 17 0.010773722 
989 616 9 14 0.010771725 
39 433 10 17 0.010763333 
5 229 6 16 0.010754341 
542 412 6 13 0.01074421 
312 554 6 12 0.010742518 
528 17 7 9 0.010736534 
787 214 33 62 0.01073417 
503 54 6 10 0.010729664 
744 394 12 23 0.010728592 
655 691 7 13 0.010719748 
978 748 6 9 0.010715553 
6 360 6 11 0.010713439 
15 754 7 14 0.0107130855 
673 172 23 35 0.010708651 
246 627 5 14 0.010702932 
707 370 9 17 0.010696588 
963 306 8 15 0.010687145 
492 65 6 10 0.010682876 
759 2 7 10 0.010680528 
95 398 6 11 0.010679224 
379 50 6 14 0.010678938 
426 507 10 27 0.010673703 
873 306 9 18 0.010672476 
753 204 30 65 0.010669852 
976 397 7 18 0.010656903 
833 319 8 19 0.01065417 
157 348 7 11 0.010651647 
354 497 17 23 0.010644554 
541 371 6 14 0.010641997 
121 294 8 14 0.010629329 
450 366 11 26 0.010615191 
915 667 7 14 0.010611651 
117 13 6 12 0.01061047 
723 226 25 69 0.010607057 
386 312 13 27 0.010606446 
991 123 26 56 0.010604889 
976 369 9 18 0.010600463 
769 343 15 25 0.010600394 
555 463 6 9 0.010596299 
131 615 7 13 0.010590974 
104 740 11 15 0.010589016 
847 0 11 13 0.010565693 
54 761 9 20 0.010556852 
458 612 13 21 0.010551783 
525 524 10 14 0.010543552 
377 290 10 21 0.01054203 
523 435 9 18 0.010538579 
582 374 6 12 0.010530884 
689 484 12 22 0.010530378 
761 720 6 8 0.010529503 
180 324 7 11 0.010516109 
16 399 7 12 0.010514506 
27 399 9 13 0.0105108395 
462 495 9 24 0.010510731 
390 758 5 11 0.010505718 
339 735 6 8 0.010501888 
608 24 7 11 0.010499906 
375 276 11 23 0.0104839895 
738 215 28 65 0.010483718 
746 28 7 10 0.010482739 
326 632 5 8 0.010482077 
808 465 6 12 0.010476364 
806 85 81 123 0.010474195 
708 397 8 16 0.010466419 
596 617 5 11 0.010464043 
669 682 6 11 0.010461314 
887 450 5 14 0.010451683 
476 480 9 27 0.010445086 
949 387 10 24 0.010440465 
657 744 9 12 0.010440454 
837 732 5 9 0.010426989 
9 871 16 32 0.010423432 
283 12 7 17 0.010421643 
27 428 13 21 0.010412495 
580 602 8 12 0.010401136 
314 608 4 8 0.010392071 
185 666 6 13 0.010382767 
693 496 9 20 0.010380983 
910 358 9 16 0.01037335 
999 287 9 22 0.010372806 
245 637 7 18 0.010370682 
249 449 5 13 0.010369292 
79 421 7 13 0.010341242 
201 153 6 13 0.010340101 
541 383 6 15 0.010335544 
246 370 6 14 0.0103355395 
936 171 9 23 0.010335344 
802 464 5 12 0.010332076 
29 678 8 14 0.010328683 
171 176 7 21 0.010321283 
798 347 6 13 0.01031616 
450 520 10 27 0.010315395 
398 491 12 25 0.010305794 
363 237 31 67 0.010303072 
801 539 6 12 0.01030245 
648 603 5 11 0.010301165 
56 362 6 10 0.010300603 
966 551 6 15 0.0103005925 
554 783 8 13 0.010291414 
571 669 5 10 0.010284641 
771 756 8 10 0.010284476 
934 353 13 20 0.010281778 
131 152 6 17 0.010259374 
27 347 8 12 0.010245846 
944 358 14 20 0.010239406 
804 562 12 19 0.0102356095 
42 652 8 14 0.010215225 
310 465 13 23 0.010209557 
6 374 6 10 0.010207599 
184 588 6 13 0.0102050165 
463 508 8 21 0.010198614 
63 290 15 25 0.010195871 
128 129 8 16 0.010194301 
517 14 7 11 0.010191247 
157 220 6 14 0.01018018 
658 669 5 10 0.010172543 
875 397 8 11 0.010168698 
734 720 5 9 0.010154951 
709 756 6 10 0.01015361 
412 0 7 15 0.010148828 
533 601 6 12 0.010146452 
183 731 6 10 0.010142875 
935 316 10 16 0.010138936 
811 747 5 8 0.010127324 
490 406 9 20 0.010110272 
107 593 5 11 0.010105453 
406 265 37 61 0.0100997165 
1001 397 7 17 0.010099215 
118 23 7 16 0.010097272 
26 240 9 19 0.010095589 
900 434 7 17 0.010093084 
55 753 7 13 0.010092288 
224 431 6 21 0.010088466 
701 233 30 73 0.010086968 
977 589 8 14 0.010086182 
96 563 6 13 0.010082431 
753 317 13 19 0.01008187 
806 185 14 27 0.010064481 
634 616 5 11 0.0100596305 
120 436 5 12 0.010055245 
494 54 5 9 0.010042238 
837 747 5 9 0.010039959 
882 291 12 21 0.010036694 
128 138 8 17 0.010028614 
180 408 7 17 0.0100281965 
747 749 7 8 0.01001681 
990 625 8 13 0.010015442 
807 175 31 56 0.010007362 
