53_Raid_policeraid_53_827
3203
862 187 37 52 0.9913306 
568 186 28 29 0.9752332 
961 180 51 84 0.9013813 
641 174 35 51 0.7954963 
249 463 500 320 0.48847234 
937 231 51 58 0.45470014 
590 255 33 35 0.29454887 
195 377 11 18 0.23805614 
612 164 90 78 0.19621882 
572 350 18 27 0.1904586 
605 203 21 27 0.17173985 
757 243 32 34 0.16824888 
647 259 19 37 0.16685896 
297 349 25 24 0.16485158 
3 71 9 17 0.15799084 
38 108 12 16 0.1566381 
588 368 36 74 0.15352958 
20 123 14 19 0.14963835 
161 62 15 32 0.14287554 
803 262 14 21 0.14198193 
659 246 84 115 0.14071105 
505 193 19 29 0.13593614 
377 312 18 16 0.12574233 
-37 39 577 671 0.123734124 
2 78 11 25 0.11820798 
207 403 10 15 0.11632098 
697 169 20 34 0.111350626 
456 339 14 20 0.108485 
358 339 17 19 0.1082532 
220 339 9 13 0.10696061 
30 109 10 14 0.10368604 
705 402 10 20 0.1036276 
382 306 13 12 0.10156994 
583 348 17 26 0.09831755 
362 324 24 23 0.09619764 
207 415 10 18 0.09423021 
449 422 11 11 0.09418073 
562 341 12 19 0.09374114 
206 392 10 13 0.09328438 
341 362 21 24 0.0931874 
593 122 8 12 0.0924194 
81 400 150 175 0.091957666 
797 108 12 19 0.09018519 
165 402 14 21 0.08930557 
91 607 10 21 0.089303866 
557 223 107 88 0.089163385 
443 148 16 19 0.08896288 
13 81 9 20 0.08748018 
585 162 19 17 0.08694515 
14 112 11 14 0.08457398 
378 167 93 105 0.084505826 
14 73 7 15 0.08431043 
446 406 229 280 0.08381484 
196 373 8 12 0.08368992 
222 134 7 13 0.08242488 
972 376 14 19 0.08208552 
396 302 13 15 0.08190769 
441 157 20 23 0.081781015 
678 232 56 66 0.08131493 
345 353 15 15 0.08108883 
217 402 9 14 0.080678456 
790 257 17 24 0.080313355 
218 393 9 12 0.07923088 
91 290 6 12 0.07898234 
311 350 19 17 0.07859613 
324 99 8 12 0.07798846 
488 174 10 15 0.07792973 
553 338 13 20 0.07784995 
664 413 14 25 0.07719302 
76 53 14 32 0.07710081 
38 103 10 12 0.076855555 
220 334 7 10 0.07683103 
564 347 17 28 0.07678028 
718 385 11 22 0.07672821 
355 348 20 21 0.07636237 
283 175 10 16 0.07608846 
5 64 5 12 0.07602705 
461 421 10 10 0.07555094 
598 161 15 17 0.075236894 
579 170 24 23 0.07505773 
337 97 9 12 0.07478753 
553 330 10 16 0.07475286 
819 274 10 17 0.074275896 
344 93 14 19 0.0742746 
456 172 17 24 0.0735257 
443 169 21 27 0.07349482 
166 415 13 18 0.07222856 
507 217 16 27 0.07175434 
39 116 12 18 0.07149241 
372 109 90 102 0.07134949 
184 187 6 16 0.07104 
555 442 20 27 0.07028285 
52 119 11 18 0.070184626 
576 345 87 86 0.070162795 
104 610 8 16 0.06938705 
373 337 30 24 0.06936063 
832 136 11 13 0.069248155 
165 429 15 21 0.06909226 
392 288 14 19 0.06907907 
510 175 13 18 0.06862733 
847 195 92 75 0.06805364 
347 88 9 12 0.06795527 
240 220 62 57 0.067768246 
298 139 7 11 0.06758836 
722 220 86 77 0.067304455 
754 182 11 25 0.06724131 
756 402 11 24 0.06711457 
600 121 10 14 0.06705802 
317 345 12 11 0.06644047 
270 198 15 20 0.06633191 
48 110 12 17 0.06622553 
297 150 7 13 0.066072986 
304 344 17 15 0.06576239 
129 634 11 20 0.06568337 
569 176 26 23 0.065061375 
59 428 18 32 0.065044835 
500 176 11 16 0.06503765 
105 623 8 15 0.06487004 
27 83 9 15 0.06465738 
94 600 7 15 0.06447 
231 341 9 11 0.06405337 
859 109 8 14 0.064004704 
703 363 135 217 0.06378712 
287 139 7 11 0.06375537 
450 352 12 16 0.06373975 
778 289 15 21 0.063623644 
186 250 5 17 0.063599356 
726 385 11 23 0.06358717 
646 434 18 29 0.06323075 
181 406 9 14 0.06322126 
117 622 9 16 0.06279956 
133 614 6 11 0.06275922 
130 622 9 16 0.06246606 
417 252 20 33 0.062427364 
92 265 5 12 0.062132042 
30 101 8 12 0.062030282 
94 241 5 9 0.06194681 
325 176 102 118 0.061848994 
216 416 8 16 0.061779015 
636 372 22 26 0.061740194 
481 385 17 23 0.061658077 
144 309 9 31 0.061336506 
127 391 11 18 0.061327018 
284 165 8 13 0.061197855 
395 312 17 17 0.060796894 
147 48 9 17 0.060743887 
809 72 7 11 0.06073268 
745 505 7 14 0.060649976 
966 377 11 18 0.060550928 
194 343 7 12 0.060472064 
180 418 8 13 0.06036587 
546 264 20 24 0.060290013 
233 136 6 11 0.060216404 
499 151 9 12 0.060202204 
658 263 21 36 0.059996895 
805 281 12 23 0.059926935 
458 427 11 14 0.059926134 
91 280 6 12 0.059837632 
232 394 9 12 0.059599224 
43 76 6 10 0.0592319 
713 400 11 20 0.05920202 
776 411 21 33 0.059040453 
349 346 10 10 0.059038088 
302 472 6 9 0.059036378 
710 434 15 27 0.05902539 
769 124 9 12 0.05899602 
692 404 12 21 0.058969 
217 382 10 13 0.05896349 
41 84 7 13 0.058916382 
536 311 12 19 0.058760375 
728 376 10 21 0.058712043 
93 255 5 10 0.0586836 
513 340 12 17 0.058642652 
109 420 5 14 0.058549553 
601 239 44 62 0.058533087 
431 380 18 17 0.058444697 
463 112 7 11 0.058405284 
208 265 9 15 0.058067717 
726 182 13 23 0.057815816 
805 252 11 17 0.057780996 
283 186 12 19 0.05759157 
760 122 7 12 0.05745798 
685 187 90 83 0.05743043 
185 262 5 17 0.05725929 
279 196 14 21 0.05723186 
187 237 5 17 0.057058852 
678 405 11 19 0.056885 
11 575 15 29 0.056598734 
83 49 20 39 0.056488182 
381 68 22 21 0.05637912 
37 133 12 16 0.056318827 
525 356 12 15 0.05619192 
439 421 11 11 0.056078915 
624 202 21 30 0.05599764 
91 305 6 12 0.055977456 
595 118 5 9 0.055966344 
89 313 9 16 0.055917513 
157 57 11 19 0.055897117 
299 127 6 11 0.055884797 
371 192 13 31 0.055637106 
339 91 7 9 0.05561859 
209 428 8 14 0.05536568 
184 275 5 17 0.05509472 
858 560 11 35 0.05506859 
796 102 9 13 0.054964747 
457 191 17 30 0.054898586 
810 303 174 184 0.054865167 
154 50 9 13 0.054834124 
545 377 21 39 0.054791883 
953 637 7 15 0.05475388 
781 136 10 13 0.054725483 
757 391 9 19 0.05459035 
443 378 14 18 0.05455957 
745 497 6 15 0.054548074 
1013 160 12 20 0.054389406 
767 156 13 21 0.05432992 
764 402 16 25 0.054081216 
488 164 10 13 0.053970106 
500 164 9 12 0.0539092 
565 151 12 12 0.05345253 
778 147 13 17 0.05344477 
770 149 11 15 0.05332555 
451 411 7 8 0.053312283 
745 469 6 15 0.05328813 
502 184 13 19 0.05328147 
287 151 7 12 0.05327922 
489 152 10 12 0.053258546 
700 187 17 30 0.053209774 
575 151 12 12 0.053204864 
971 407 16 46 0.053108577 
432 110 10 15 0.053108335 
106 598 6 14 0.05310064 
744 367 9 17 0.05301602 
324 125 7 12 0.05298876 
952 646 8 17 0.05297842 
545 231 24 36 0.052952737 
615 175 13 16 0.05293425 
370 79 17 26 0.052866824 
182 194 7 20 0.052714046 
362 238 104 105 0.05260038 
706 391 9 18 0.052554093 
107 229 5 11 0.052401785 
120 598 6 14 0.052346192 
755 365 9 20 0.052273087 
852 50 5 10 0.05222664 
757 172 10 20 0.052129343 
376 309 10 10 0.05204542 
147 38 6 11 0.05197384 
832 126 8 12 0.05190379 
205 371 8 12 0.05176508 
152 311 8 25 0.051681865 
715 178 15 28 0.051680416 
692 151 11 13 0.051648177 
224 130 6 10 0.051609922 
457 326 13 19 0.051593363 
121 394 7 15 0.051507078 
563 177 89 70 0.051494945 
539 324 11 19 0.051366847 
575 164 17 15 0.051343687 
598 324 13 20 0.051270254 
217 431 8 13 0.0512633 
538 185 13 20 0.05124007 
337 345 9 8 0.051028423 
871 561 10 33 0.050941 
393 61 17 16 0.050798852 
119 613 7 12 0.050782792 
563 330 11 16 0.050733224 
530 383 27 40 0.050605543 
861 102 5 10 0.050551955 
20 -187 283 131 0.050542757 
166 395 10 15 0.050493613 
337 137 7 12 0.050326258 
450 327 12 17 0.050299466 
473 341 10 16 0.050260507 
16 65 5 11 0.050205883 
10 441 16 24 0.05002308 
523 342 12 15 0.04990235 
418 133 15 19 0.049837217 
324 333 8 9 0.049795114 
185 211 6 17 0.04967294 
61 117 12 22 0.049659606 
373 189 9 16 0.049635522 
231 403 9 13 0.049559165 
738 469 5 15 0.049550787 
51 130 12 18 0.049550604 
596 337 15 24 0.049549192 
667 139 10 12 0.049531043 
755 376 9 19 0.049465653 
1 145 219 370 0.049458392 
654 425 14 22 0.049420867 
295 95 7 15 0.04938001 
291 186 13 20 0.0493394 
535 355 13 16 0.04923546 
69 60 7 16 0.04922985 
187 178 5 11 0.04916649 
205 270 11 21 0.049135935 
1015 121 9 20 0.049072344 
782 420 100 112 0.048984133 
195 355 7 12 0.048922036 
626 288 99 127 0.04891439 
472 352 11 17 0.048890684 
704 152 10 12 0.048870258 
296 163 9 13 0.048867024 
793 288 12 18 0.048746683 
177 430 10 17 0.04871894 
680 140 10 12 0.04860993 
106 212 6 14 0.048605863 
790 414 16 26 0.04858977 
746 105 8 20 0.048556257 
772 138 9 12 0.048550062 
324 109 7 12 0.048544344 
309 150 8 13 0.04853779 
337 125 7 12 0.048483245 
116 566 7 23 0.048392657 
303 464 4 8 0.048350833 
704 429 14 23 0.048300035 
721 610 7 13 0.04824991 
600 173 14 17 0.048202917 
737 499 4 12 0.048062976 
187 226 5 16 0.048053354 
392 389 19 17 0.047931977 
197 264 7 15 0.04792265 
630 176 13 17 0.047783516 
355 92 14 22 0.047752447 
321 297 183 132 0.047746368 
824 136 9 12 0.047708113 
312 126 6 11 0.047663875 
219 352 9 13 0.047651947 
197 177 6 12 0.04757389 
64 594 13 20 0.047524158 
331 247 17 27 0.047497895 
844 148 12 17 0.04747236 
322 258 11 20 0.04741461 
743 184 11 23 0.047388878 
121 404 6 14 0.047307085 
195 315 6 16 0.04722315 
960 578 9 23 0.04716326 
514 329 9 15 0.047112327 
526 186 11 17 0.047109935 
513 164 9 12 0.047070295 
92 400 7 22 0.046978038 
643 521 8 12 0.04696036 
760 113 5 12 0.046949193 
862 599 6 16 0.04687489 
909 164 84 83 0.046819974 
787 114 8 11 0.046658564 
90 620 10 18 0.046577357 
743 375 10 19 0.046518028 
196 333 5 9 0.0465115 
525 196 12 21 0.046462573 
931 552 16 31 0.046416495 
553 253 26 29 0.046269216 
127 401 11 18 0.04624259 
119 420 6 14 0.046140164 
614 164 11 13 0.04610301 
853 102 5 10 0.04609952 
694 140 9 11 0.046059318 
759 86 7 13 0.04603586 
641 493 8 16 0.04600111 
464 174 181 179 0.04599495 
784 124 8 12 0.04595156 
642 151 12 16 0.04593404 
734 530 7 17 0.045872033 
733 367 8 16 0.045870706 
311 138 6 11 0.045850918 
245 396 7 11 0.045816857 
233 129 6 10 0.045782235 
37 569 13 17 0.04572492 
785 89 6 9 0.045646314 
213 334 6 9 0.045522958 
408 302 12 18 0.045519345 
874 578 8 24 0.045480713 
323 138 7 11 0.045479033 
308 470 7 11 0.045460623 
185 290 6 18 0.045453683 
768 391 10 19 0.045445345 
48 581 15 20 0.04535894 
774 239 19 20 0.045287386 
197 127 7 11 0.04525022 
596 361 17 30 0.045235936 
807 101 8 12 0.045235317 
139 633 11 21 0.045193676 
108 404 6 15 0.04515702 
336 333 7 9 0.045147207 
522 363 19 22 0.045094747 
604 116 7 10 0.045074027 
53 74 7 12 0.045065526 
936 209 91 111 0.045049183 
260 138 6 10 0.045008346 
980 374 15 21 0.04500098 
746 455 6 15 0.04491221 
348 151 9 12 0.044902347 
666 404 14 22 0.044828013 
104 336 10 25 0.044806063 
968 533 24 26 0.04480489 
964 637 7 12 0.044802908 
297 61 7 13 0.044802334 
860 49 7 10 0.044773888 
25 552 13 24 0.04476378 
221 444 6 12 0.04467483 
295 85 7 15 0.04463756 
176 439 12 22 0.044617783 
536 242 20 28 0.04460805 
736 508 5 11 0.044604488 
515 354 11 14 0.044562843 
707 140 7 11 0.04452408 
107 394 6 16 0.044514865 
936 324 148 223 0.044443805 
407 144 15 19 0.044439852 
314 430 5 17 0.044404257 
28 331 9 14 0.044337414 
89 163 10 15 0.044321526 
109 431 5 14 0.044238463 
758 96 7 15 0.044201117 
107 564 8 24 0.044200845 
702 376 12 23 0.044176184 
339 243 18 32 0.044161398 
248 153 6 10 0.044135924 
806 415 10 19 0.043968942 
1015 134 10 18 0.043958094 
48 144 13 19 0.0439523 
1009 246 17 23 0.043943327 
271 230 28 30 0.043894302 
432 168 21 25 0.043851625 
833 146 12 18 0.04384435 
469 194 14 25 0.043842997 
212 342 8 13 0.04378195 
417 118 16 22 0.043670103 
156 323 222 256 0.043624293 
831 276 11 15 0.043609705 
322 150 9 13 0.043600526 
105 36 8 11 0.043585133 
197 275 8 16 0.04353207 
470 183 13 21 0.043519862 
78 599 8 15 0.043518297 
461 364 11 16 0.04347467 
527 53 10 28 0.04345201 
293 175 11 15 0.043397326 
57 62 6 10 0.04337903 
745 518 7 18 0.04337616 
459 151 11 13 0.04333477 
768 362 10 22 0.04331691 
799 458 7 17 0.043313377 
821 72 9 13 0.04330763 
630 327 12 19 0.043275103 
106 21 7 14 0.043273095 
614 186 16 18 0.043261223 
530 312 10 19 0.043254834 
859 122 9 15 0.043253195 
500 341 11 16 0.043232292 
14 339 10 20 0.04321952 
805 120 11 15 0.043210253 
306 331 11 13 0.043203976 
184 125 7 13 0.043149054 
25 567 12 21 0.043128755 
115 636 9 16 0.043022744 
694 377 11 21 0.04301974 
672 373 18 28 0.0429691 
808 469 10 18 0.04295864 
343 403 14 16 0.042930286 
979 107 6 20 0.042930264 
204 29 20 26 0.04291793 
133 600 5 12 0.042906906 
778 157 14 21 0.042875994 
1010 452 16 31 0.04282412 
82 399 7 25 0.042823583 
344 394 12 13 0.04281928 
155 402 15 20 0.042817187 
1009 234 15 23 0.042752992 
843 136 11 15 0.042589553 
743 95 9 22 0.04258445 
247 139 7 10 0.042501405 
179 68 9 19 0.042485226 
315 100 6 11 0.042446557 
274 139 7 10 0.042443503 
336 393 10 13 0.04241723 
27 337 11 18 0.04235621 
117 361 9 23 0.042316455 
755 213 13 19 0.04230871 
64 106 12 22 0.042210378 
196 405 9 13 0.042192895 
207 21 12 15 0.042159516 
186 301 7 20 0.042157974 
1005 123 6 16 0.042126887 
736 455 6 14 0.042100225 
130 487 59 86 0.042067125 
825 125 7 12 0.042062666 
449 365 11 14 0.041977674 
80 609 9 18 0.04196448 
197 419 7 13 0.04196218 
36 144 15 21 0.041945565 
643 507 7 13 0.04190543 
875 596 7 17 0.041897 
590 328 13 19 0.04189297 
746 478 7 17 0.041868962 
437 355 11 14 0.04186133 
745 138 7 12 0.04183655 
845 560 14 37 0.041772828 
90 174 10 15 0.041767467 
245 405 7 12 0.04176525 
95 231 4 8 0.04175031 
526 325 11 16 0.041730635 
14 97 9 17 0.04172346 
573 267 101 93 0.04171086 
274 177 9 13 0.04170486 
421 144 14 18 0.041697856 
463 54 9 20 0.04163436 
221 230 98 110 0.041584555 
84 255 5 11 0.041583598 
898 178 27 37 0.041582182 
729 82 12 28 0.041570134 
364 321 11 11 0.04156091 
423 156 96 100 0.041539434 
312 422 6 15 0.04152099 
115 554 7 24 0.041455094 
745 151 9 11 0.041454334 
78 100 11 29 0.041405965 
181 81 8 19 0.041393444 
909 550 13 31 0.04121256 
385 390 16 13 0.041200843 
811 460 7 13 0.04118699 
71 50 5 12 0.041140642 
195 250 6 15 0.041122757 
681 126 8 13 0.04100604 
336 404 11 15 0.041001137 
309 163 9 14 0.04096961 
830 191 16 33 0.040920842 
90 326 8 15 0.040910497 
630 152 11 13 0.040898927 
824 110 9 15 0.040877618 
105 314 8 17 0.040860545 
349 138 8 12 0.04082317 
82 242 6 8 0.04077844 
335 108 8 14 0.04076304 
129 361 11 24 0.040755 
28 33 8 11 0.040715214 
767 168 12 24 0.040714595 
809 86 7 11 0.040684976 
435 429 15 13 0.04059261 
873 137 10 15 0.04057917 
755 179 89 84 0.040568218 
720 598 8 14 0.04056753 
552 349 14 20 0.04056182 
758 150 9 12 0.04055222 
120 582 6 19 0.04055029 
64 584 11 15 0.040549938 
277 208 16 22 0.040541034 
715 416 10 18 0.0404878 
770 349 9 20 0.040480256 
818 282 11 21 0.040458027 
145 613 6 11 0.040455747 
93 36 7 14 0.040449787 
735 545 7 15 0.040446617 
758 162 10 15 0.040416043 
271 206 100 107 0.040397972 
780 405 14 21 0.040340085 
287 127 6 12 0.04033282 
489 342 10 14 0.040297 
695 389 9 18 0.040274035 
601 315 11 18 0.040236283 
818 267 9 14 0.040196378 
217 284 12 26 0.04018171 
860 -1 8 8 0.040149737 
64 130 10 18 0.040134616 
206 176 8 13 0.04012475 
447 312 12 20 0.040089156 
652 149 14 17 0.04006276 
187 316 6 16 0.04005991 
141 623 9 16 0.040059235 
436 138 10 14 0.040041987 
720 140 7 10 0.04002874 
3 108 11 18 0.040025752 
100 45 13 19 0.040007707 
988 107 7 19 0.039958317 
230 382 10 13 0.0399188 
603 152 10 12 0.039905515 
196 99 8 14 0.03985846 
104 636 10 15 0.039854098 
787 100 6 10 0.03979044 
286 83 8 19 0.039761253 
258 177 9 12 0.039754275 
670 112 6 15 0.039730817 
733 138 7 11 0.039730698 
779 357 13 30 0.03970944 
210 128 7 11 0.03970851 
566 163 13 13 0.039705984 
976 594 8 23 0.03967136 
845 160 12 17 0.03964563 
90 149 9 16 0.03964049 
325 92 6 9 0.039608218 
193 184 9 16 0.039551206 
393 403 18 17 0.0395179 
337 354 11 12 0.03951243 
665 148 14 16 0.03950579 
194 302 7 20 0.039498795 
65 621 10 18 0.039486047 
94 392 7 21 0.039384417 
952 661 7 13 0.03934958 
735 482 6 14 0.03930983 
382 403 16 16 0.039304662 
616 124 9 12 0.039278794 
538 177 12 16 0.03927674 
260 153 6 10 0.039270464 
591 153 10 12 0.03926798 
259 164 8 11 0.039197575 
735 522 6 12 0.03912661 
640 173 18 29 0.03911349 
807 404 10 17 0.03910996 
629 337 13 20 0.03910351 
512 313 10 18 0.03907901 
630 164 11 14 0.039074175 
64 415 11 25 0.039061032 
731 193 10 19 0.039057955 
16 331 9 17 0.039047167 
53 84 7 13 0.039000485 
745 391 9 18 0.03888316 
36 555 15 21 0.038851634 
718 152 9 11 0.03882269 
245 340 10 12 0.038808677 
713 210 13 18 0.038786955 
194 237 6 16 0.038767196 
71 436 15 31 0.038711827 
246 177 9 12 0.038655687 
457 160 15 18 0.038629383 
131 311 8 25 0.038627535 
173 126 6 12 0.03861224 
247 164 8 10 0.03860963 
475 328 9 15 0.038573302 
963 595 8 19 0.038501624 
540 339 13 18 0.038493045 
884 579 9 23 0.03848173 
669 126 8 13 0.03844776 
351 335 8 9 0.038438223 
803 294 13 25 0.03843783 
90 337 9 24 0.03836018 
475 174 12 18 0.038315315 
400 203 24 39 0.038286142 
799 88 7 10 0.038274385 
172 163 5 14 0.038251955 
3 49 6 12 0.03825061 
298 74 6 13 0.03822577 
884 138 10 15 0.03820087 
119 174 6 14 0.038197257 
524 208 13 22 0.038169496 
793 159 12 19 0.038168382 
9 410 17 26 0.038141917 
118 432 7 15 0.038137637 
206 300 10 20 0.03811436 
195 290 7 17 0.038113505 
768 376 10 21 0.038104706 
964 611 6 14 0.038103264 
580 200 24 29 0.038093645 
10 546 20 34 0.038050782 
306 283 14 25 0.038014393 
835 75 7 10 0.03800641 
196 112 7 13 0.038006194 
637 197 20 32 0.037978616 
233 334 7 10 0.037961848 
848 60 6 11 0.037958637 
830 283 13 20 0.037920758 
952 610 7 17 0.03791484 
953 624 7 15 0.037913658 
24 579 13 22 0.03786775 
106 291 6 12 0.037867624 
720 365 10 20 0.037859645 
527 233 14 26 0.03785639 
502 328 8 14 0.03785052 
793 405 12 18 0.037828818 
747 121 7 14 0.037798077 
235 151 6 11 0.037790604 
14 277 11 31 0.03773409 
859 162 12 16 0.037733324 
78 163 12 15 0.037687797 
734 101 10 26 0.03764799 
977 609 8 16 0.03762765 
12 246 11 26 0.03759423 
635 323 16 25 0.037593424 
579 140 8 11 0.03754626 
439 342 9 14 0.037507698 
801 73 6 11 0.037392866 
759 138 8 11 0.037365142 
894 491 21 16 0.037322946 
692 506 10 19 0.037309356 
592 137 8 11 0.037302848 
566 141 9 11 0.037294887 
439 408 9 10 0.037289757 
628 518 9 13 0.037251674 
336 151 8 12 0.037230138 
628 506 10 15 0.037181117 
232 353 8 12 0.0371729 
975 580 9 23 0.037170954 
216 20 15 15 0.037134767 
630 126 7 11 0.03708655 
818 250 10 16 0.03706453 
358 149 10 15 0.037062466 
322 162 9 14 0.037054535 
220 320 7 13 0.037038695 
952 670 7 17 0.036981527 
445 280 16 31 0.036956266 
287 235 19 22 0.03694468 
861 607 8 20 0.03693625 
206 286 10 21 0.036897074 
689 161 18 21 0.036895495 
832 111 8 13 0.036868036 
298 108 7 14 0.036848083 
104 199 8 16 0.03684693 
94 416 6 18 0.03679675 
28 76 7 12 0.036790565 
310 59 7 13 0.036727272 
691 515 12 23 0.03672495 
948 163 10 15 0.036717318 
559 374 18 30 0.036708925 
872 60 8 13 0.036687832 
304 313 12 18 0.036663402 
963 649 7 12 0.036662646 
759 78 5 9 0.03664685 
875 51 7 10 0.036631048 
119 17 10 16 0.036571868 
375 45 7 18 0.03656805 
79 149 11 16 0.03655766 
909 136 10 17 0.03655077 
592 317 10 16 0.03654373 
265 362 21 22 0.036529504 
65 635 9 14 0.036506277 
105 174 8 14 0.036490314 
260 88 161 183 0.036478747 
479 153 8 10 0.03647449 
656 509 7 13 0.036473583 
549 313 10 16 0.036449615 
765 224 17 20 0.036414336 
209 134 9 14 0.036388226 
897 122 9 16 0.036383864 
870 163 15 17 0.036357276 
82 39 6 12 0.03630542 
174 185 6 17 0.03629357 
646 346 24 26 0.036289666 
71 69 7 16 0.036255345 
1016 149 9 18 0.036248274 
576 330 12 17 0.036223076 
24 142 15 21 0.036219593 
792 171 13 22 0.03619044 
447 138 11 14 0.036183022 
375 405 11 13 0.03613061 
208 318 8 13 0.03612822 
944 552 14 29 0.036127657 
465 104 5 9 0.036124244 
693 36 8 14 0.03612362 
940 121 6 19 0.036106903 
406 61 14 15 0.036080416 
309 463 6 10 0.036074173 
284 46 8 16 0.036047753 
386 63 13 14 0.036017723 
374 62 8 13 0.035951663 
274 165 7 11 0.035931934 
107 240 5 11 0.035925847 
661 373 20 27 0.035914347 
284 388 9 17 0.035913702 
405 156 15 19 0.035866536 
13 490 11 27 0.03584887 
392 417 24 20 0.035830107 
404 387 20 19 0.035823748 
366 189 6 14 0.035807908 
630 111 7 14 0.03580181 
744 163 9 13 0.035777908 
615 151 10 12 0.035768516 
320 270 12 22 0.035754446 
792 345 13 31 0.035747226 
143 328 9 30 0.03573318 
824 64 6 9 0.035707306 
401 336 20 22 0.035707116 
630 495 11 18 0.03570659 
689 477 13 25 0.035705667 
705 625 9 13 0.03569734 
486 354 11 15 0.035688452 
105 360 8 25 0.035671644 
126 642 15 28 0.035643946 
184 114 6 13 0.03561343 
322 380 10 14 0.03558819 
155 302 6 19 0.035570316 
335 378 11 14 0.035559673 
856 146 88 85 0.035536382 
768 213 13 18 0.03553255 
678 149 13 15 0.035513654 
589 372 17 37 0.03549582 
86 279 6 11 0.03548594 
104 326 9 18 0.035464305 
700 161 15 21 0.03546154 
537 221 15 27 0.03545121 
107 304 6 13 0.035419982 
318 282 13 27 0.03541269 
757 504 9 18 0.03535099 
818 183 14 25 0.03532352 
453 56 9 17 0.035277545 
324 58 7 14 0.035241254 
524 220 14 24 0.0352238 
988 595 8 22 0.035213985 
872 148 12 15 0.03519102 
581 69 7 21 0.03517188 
500 309 11 22 0.035138343 
346 161 10 14 0.03513083 
809 65 7 9 0.03512749 
220 368 7 12 0.035106447 
998 367 42 71 0.035102945 
475 418 9 12 0.035082825 
138 390 12 17 0.03507848 
721 467 7 16 0.03505604 
260 126 6 11 0.03504875 
172 289 5 16 0.03502056 
947 578 11 25 0.035003994 
70 39 5 10 0.03499975 
172 137 6 13 0.03499666 
780 169 12 24 0.034969643 
119 443 8 17 0.03496559 
672 360 19 25 0.03494819 
15 297 9 22 0.034940265 
108 377 6 19 0.034911886 
50 569 13 18 0.03490183 
900 138 7 13 0.034865692 
194 443 7 15 0.034834974 
375 362 59 56 0.03482332 
656 172 25 33 0.03480279 
108 584 6 17 0.034791194 
630 184 15 22 0.034770057 
809 650 8 13 0.034747727 
746 86 8 17 0.03473418 
682 518 9 15 0.034733895 
742 526 10 21 0.03470391 
781 389 12 21 0.03464193 
247 420 6 13 0.03463156 
447 393 10 11 0.034627303 
811 640 7 11 0.034620736 
845 172 12 19 0.03460618 
430 246 18 32 0.034603998 
133 175 6 15 0.034594163 
777 268 17 21 0.03458217 
182 96 8 17 0.03457119 
146 601 6 12 0.034555614 
735 721 6 22 0.034541257 
196 135 9 14 0.034523986 
172 151 5 12 0.03452289 
380 194 16 31 0.03451514 
601 187 14 18 0.034505237 
402 324 19 22 0.034483176 
473 381 16 21 0.03447655 
458 277 15 35 0.034461617 
188 330 5 13 0.03445679 
383 79 50 72 0.034447048 
387 347 25 22 0.034444652 
966 107 6 22 0.03443149 
347 123 8 14 0.034399334 
697 260 93 134 0.034381654 
551 175 16 19 0.03437282 
713 225 15 18 0.034371745 
756 421 11 26 0.034356892 
850 89 5 10 0.03435456 
221 149 8 13 0.03434693 
463 124 7 11 0.03427942 
898 149 12 17 0.034265216 
795 137 10 13 0.03425774 
129 417 10 18 0.034254417 
711 236 19 22 0.03423785 
334 418 13 16 0.03423268 
999 606 9 26 0.034177497 
157 108 7 16 0.034176476 
833 171 12 22 0.034175754 
323 391 9 13 0.034171015 
80 413 8 23 0.03417086 
699 206 18 24 0.034146048 
274 124 6 13 0.034134876 
630 139 8 11 0.034123473 
132 584 6 16 0.03412242 
274 189 9 14 0.03411951 
172 172 6 16 0.03406548 
397 32 11 19 0.03402951 
807 426 9 21 0.034026027 
434 100 9 14 0.034022156 
70 85 6 14 0.034019217 
158 393 10 14 0.033944275 
310 75 6 11 0.033935286 
306 185 16 24 0.033927925 
857 7 11 17 0.033917755 
794 149 10 14 0.03391703 
364 61 7 14 0.03391087 
383 381 17 12 0.033902783 
116 312 8 19 0.033863574 
802 472 15 32 0.033859856 
759 712 6 15 0.033818226 
420 107 17 21 0.033814277 
603 136 9 12 0.03380718 
838 63 6 9 0.033799484 
746 402 9 20 0.033790328 
129 333 10 26 0.033787612 
131 379 9 16 0.033766177 
555 152 10 10 0.03376341 
731 152 10 11 0.03374697 
13 237 9 19 0.03373888 
907 244 56 52 0.033725206 
780 195 12 22 0.033715267 
724 483 6 15 0.033711147 
731 400 9 17 0.033706643 
804 171 14 23 0.03370457 
741 348 10 22 0.033680137 
777 226 15 17 0.03367991 
986 607 9 20 0.033679407 
680 508 9 15 0.033656593 
906 146 14 24 0.033653684 
146 301 7 22 0.033633016 
262 420 5 13 0.03361185 
754 515 11 20 0.033596165 
748 415 8 19 0.033595484 
810 663 7 13 0.03355301 
114 337 10 23 0.03355114 
477 480 6 15 0.033542275 
256 364 15 19 0.0335088 
806 182 12 24 0.033505093 
795 466 12 27 0.03349123 
1014 169 12 22 0.033487998 
910 122 9 19 0.033484697 
455 112 6 11 0.033483744 
361 42 9 23 0.033470027 
562 240 41 54 0.03345894 
961 470 12 19 0.033431288 
767 417 17 33 0.03343097 
526 177 11 15 0.033400036 
886 708 8 22 0.033331953 
540 152 8 10 0.033329695 
435 122 10 14 0.03330184 
671 520 7 11 0.03329943 
546 360 195 185 0.033298522 
800 65 7 9 0.03329168 
822 460 7 13 0.03326681 
274 153 6 10 0.033256337 
925 123 7 17 0.033217214 
89 186 10 17 0.03321571 
249 125 6 12 0.0332071 
732 610 7 14 0.03320489 
116 57 13 20 0.033178605 
208 355 9 12 0.033174485 
678 478 14 25 0.033147592 
794 436 11 24 0.03314661 
37 581 14 19 0.03313725 
537 205 15 25 0.03310985 
746 445 7 14 0.03309099 
641 161 14 20 0.033081356 
399 68 24 22 0.033075903 
474 365 11 17 0.033045087 
259 406 8 13 0.0330167 
194 431 8 13 0.03299866 
312 112 7 10 0.032981224 
326 77 6 10 0.032976262 
514 153 8 10 0.03292943 
733 349 9 20 0.03290222 
170 301 6 17 0.032899924 
644 110 7 16 0.032886405 
900 98 7 14 0.03286262 
141 404 13 17 0.032857824 
807 136 11 13 0.032852743 
966 664 5 10 0.032787617 
1 450 12 21 0.032749176 
194 454 7 15 0.032724172 
215 271 13 23 0.032710675 
118 505 7 17 0.032696232 
435 368 13 14 0.032636564 
769 182 10 23 0.0325191 
182 59 8 16 0.032497145 
910 108 9 19 0.032493982 
64 608 10 18 0.032474697 
228 20 14 14 0.032461785 
52 100 8 13 0.032457776 
10 602 12 33 0.03245567 
645 363 23 23 0.032442942 
550 362 15 22 0.032435346 
458 311 13 23 0.032416362 
145 174 6 16 0.032410696 
159 173 6 16 0.032405816 
999 594 8 22 0.032390278 
1003 111 6 17 0.032379445 
70 240 6 10 0.03237822 
886 596 7 18 0.032374937 
681 112 8 16 0.03237119 
2 158 8 22 0.032359704 
207 163 7 12 0.032353297 
661 435 14 25 0.032350834 
687 188 20 30 0.03233453 
18 33 9 13 0.03232154 
833 159 12 19 0.032295693 
585 116 5 10 0.03227922 
249 433 5 11 0.032274976 
793 182 13 23 0.0322724 
583 126 6 9 0.03226623 
488 183 11 17 0.032259446 
554 140 8 10 0.032218847 
406 251 20 32 0.032213423 
500 139 9 13 0.032210328 
232 201 10 17 0.03220689 
656 141 9 11 0.032206308 
809 242 9 13 0.032203257 
897 85 8 13 0.032200426 
964 625 6 13 0.03219766 
473 312 11 21 0.03219348 
80 135 9 17 0.03217435 
104 186 8 16 0.032147817 
859 150 11 14 0.032144293 
465 392 11 12 0.03212879 
953 121 7 21 0.03212706 
978 122 6 19 0.032102913 
525 163 11 13 0.032088585 
118 164 7 13 0.03208237 
287 61 7 15 0.03207706 
693 613 9 10 0.03204459 
885 148 12 16 0.032013662 
953 133 7 20 0.03199889 
155 336 8 21 0.03197397 
398 224 40 65 0.03196819 
736 713 5 14 0.031963326 
184 165 6 12 0.031916827 
195 196 9 19 0.031915087 
644 126 7 12 0.031909183 
184 136 7 13 0.03188988 
795 271 12 19 0.031864043 
899 111 8 15 0.031832457 
780 336 10 23 0.03180576 
489 163 110 96 0.031791564 
657 111 7 15 0.03178208 
312 89 6 10 0.031708494 
383 419 18 15 0.031669497 
420 419 15 13 0.031664964 
932 577 14 25 0.03165943 
988 136 7 15 0.03160566 
576 316 11 17 0.03159477 
497 292 15 29 0.031569045 
90 136 10 18 0.031550698 
119 378 7 16 0.031545017 
489 329 9 14 0.031495515 
118 186 7 16 0.031494666 
617 138 8 11 0.03147466 
822 148 10 15 0.031454142 
717 44 11 17 0.031438645 
309 174 10 15 0.03142568 
661 361 19 23 0.03142301 
168 90 8 21 0.031388782 
655 519 7 12 0.03135651 
771 197 9 18 0.031325083 
490 140 9 12 0.031303834 
79 622 9 17 0.031247452 
21 412 15 23 0.031231303 
555 221 36 51 0.031183004 
855 343 76 66 0.031178152 
963 507 46 52 0.031161878 
172 275 6 17 0.031135904 
85 266 6 12 0.031130563 
708 125 6 14 0.031128192 
117 514 8 23 0.031125695 
818 170 13 23 0.031107465 
322 669 8 22 0.031078935 
145 162 6 14 0.031073786 
964 133 6 19 0.031061674 
82 339 7 15 0.0310444 
217 264 11 17 0.031035885 
338 78 6 10 0.031033004 
13 349 9 23 0.031032516 
196 31 12 20 0.031026624 
84 315 6 13 0.031021623 
309 260 13 19 0.031001711 
1004 136 6 15 0.030990116 
615 326 12 17 0.030984404 
757 453 7 17 0.030970426 
263 433 5 11 0.030962171 
618 113 8 13 0.030948086 
351 78 6 10 0.030940782 
12 515 12 32 0.030930633 
106 165 7 12 0.030926995 
789 221 87 93 0.030907195 
988 583 8 19 0.03087524 
1 279 11 31 0.030870294 
958 564 11 26 0.030863013 
836 458 8 14 0.030858578 
850 596 7 17 0.030834112 
360 138 9 13 0.030820938 
352 44 7 19 0.030819288 
747 713 6 15 0.030813491 
975 636 9 15 0.03080492 
108 538 8 28 0.030799277 
65 147 11 16 0.03078668 
510 242 15 26 0.030781303 
644 140 8 12 0.030749999 
256 340 10 12 0.0307447 
243 199 13 19 0.030743562 
746 428 8 18 0.030737417 
472 290 14 29 0.030727454 
127 446 50 51 0.030714888 
888 124 8 15 0.03071255 
187 379 9 15 0.03070864 
977 623 7 15 0.03068943 
923 608 10 20 0.030681573 
79 77 10 24 0.030657815 
3 174 7 22 0.030642292 
823 87 7 11 0.030599529 
730 249 15 20 0.030598206 
477 405 9 12 0.030578053 
117 302 7 16 0.030578002 
430 264 18 33 0.030575592 
246 332 9 12 0.03055338 
874 610 6 15 0.030535916 
731 74 9 19 0.030535534 
134 163 6 14 0.03051862 
998 617 12 31 0.030512195 
129 430 12 18 0.030469187 
374 32 8 22 0.030461567 
155 415 14 19 0.030459344 
404 351 18 19 0.030444082 
233 419 8 13 0.030426368 
466 411 6 7 0.030404331 
953 106 7 24 0.030363608 
14 168 76 76 0.03035646 
14 142 12 21 0.030333428 
161 151 4 12 0.030322716 
115 324 9 21 0.030300522 
161 162 5 14 0.030294415 
334 162 9 14 0.030291427 
324 46 8 16 0.03027672 
822 414 8 19 0.030272879 
704 365 12 21 0.030244417 
207 198 11 22 0.030233398 
398 147 15 18 0.030190956 
94 586 6 15 0.030168662 
1001 665 7 12 0.03015907 
924 553 14 28 0.03013176 
367 364 21 17 0.030126953 
399 49 9 13 0.030115876 
862 136 8 13 0.030103402 
550 206 15 23 0.030092431 
189 344 4 11 0.030083274 
176 591 14 23 0.030079352 
757 438 8 20 0.030060856 
500 356 10 13 0.030054694 
95 23 6 13 0.030054085 
825 102 6 11 0.030053431 
276 433 5 12 0.030039584 
209 114 7 12 0.030034855 
120 454 9 18 0.029996675 
155 87 10 24 0.029990694 
830 399 12 24 0.029984232 
821 508 13 28 0.029983522 
248 111 7 12 0.029982088 
550 185 17 22 0.029948067 
397 157 15 18 0.029944168 
949 592 10 22 0.029936122 
452 70 8 14 0.0299198 
705 494 8 16 0.029917601 
642 527 10 20 0.029914077 
109 458 6 15 0.029908834 
421 340 12 17 0.029893275 
334 59 8 14 0.029830538 
1002 162 10 16 0.029818036 
964 673 6 12 0.02979148 
142 416 13 18 0.029787572 
132 186 6 17 0.029787311 
173 113 5 14 0.029785106 
989 124 7 16 0.0297333 
376 179 7 12 0.029724523 
210 443 6 12 0.029719668 
573 296 13 22 0.029717648 
541 139 7 11 0.029717634 
614 342 12 17 0.029703312 
742 544 10 17 0.02969196 
80 586 7 14 0.029689658 
121 496 6 14 0.02968916 
773 88 7 10 0.029601296 
233 259 14 20 0.02959226 
118 35 9 13 0.029577449 
15 229 7 16 0.029567776 
771 116 7 10 0.029567242 
222 163 7 12 0.029564204 
233 368 8 12 0.029543396 
229 283 14 27 0.029516881 
287 74 6 14 0.029477 
420 96 16 21 0.029474506 
140 362 10 24 0.029470073 
223 179 6 10 0.029462604 
20 438 16 25 0.029456757 
462 139 8 12 0.029400999 
580 56 8 23 0.029399104 
131 36 9 13 0.029399073 
86 306 5 10 0.029391976 
320 173 11 16 0.029390955 
94 213 7 13 0.029346524 
170 314 7 18 0.029308533 
965 356 7 12 0.029302588 
749 75 7 12 0.029268492 
820 470 8 14 0.029265156 
361 405 11 14 0.029239465 
824 399 10 20 0.029233048 
209 252 7 14 0.02921116 
818 296 11 23 0.029190991 
553 164 12 13 0.029190965 
274 420 5 13 0.02917538 
77 116 10 24 0.029153612 
445 244 15 29 0.029122014 
25 246 15 25 0.02910286 
115 536 9 30 0.029098019 
387 49 8 13 0.029097566 
477 99 6 12 0.029094703 
792 388 14 24 0.029072946 
323 431 8 16 0.029068159 
768 286 14 23 0.029061157 
538 164 11 13 0.029040907 
848 124 8 14 0.029034544 
574 371 16 29 0.029025104 
310 249 11 17 0.029014934 
355 374 17 17 0.0290085 
13 184 11 22 0.02900625 
93 637 9 13 0.028990475 
565 54 8 26 0.028975705 
953 91 6 27 0.028964873 
840 486 18 27 0.028954543 
423 355 12 15 0.02894941 
923 135 8 18 0.028940657 
364 179 6 12 0.028924901 
219 199 10 19 0.02889011 
502 228 14 27 0.028839288 
511 294 12 23 0.028820133 
923 596 9 21 0.028812863 
527 152 9 11 0.02880815 
716 448 10 21 0.028768528 
683 242 27 38 0.028765649 
988 148 9 17 0.028756026 
257 188 10 13 0.028748771 
187 357 6 11 0.02870894 
744 174 10 17 0.028678434 
978 135 7 16 0.028658496 
315 362 16 16 0.02865413 
818 563 13 30 0.028591806 
818 200 16 30 0.028587133 
757 351 8 19 0.02853798 
157 39 7 11 0.028534126 
840 54 5 8 0.028521335 
669 509 9 14 0.028491952 
39 329 9 12 0.028453546 
158 380 8 15 0.028451921 
1002 150 8 14 0.028448945 
330 269 14 23 0.0284361 
875 101 5 10 0.028403075 
297 49 7 13 0.028393222 
834 312 10 21 0.028387008 
518 58 6 19 0.028365253 
876 87 5 11 0.028355055 
811 625 7 13 0.028352382 
313 445 6 15 0.028351236 
681 529 10 18 0.028326232 
97 51 17 29 0.0283231 
516 510 6 12 0.028308744 
293 343 21 17 0.028279044 
255 198 16 21 0.02827736 
861 300 8 19 0.028257208 
461 379 14 17 0.028250309 
549 300 12 20 0.028239261 
680 601 8 10 0.028230673 
851 110 7 12 0.028226914 
291 271 17 22 0.02821764 
292 262 14 19 0.02820302 
1015 444 10 19 0.028197497 
643 465 10 18 0.02815951 
805 159 12 18 0.028152173 
626 528 11 18 0.028118767 
719 57 7 16 0.028115336 
885 310 9 24 0.028099598 
118 48 10 15 0.028088884 
475 432 8 10 0.028064828 
471 216 14 28 0.028029557 
421 326 13 18 0.028027883 
199 165 6 12 0.028025389 
810 442 7 17 0.0280042 
874 73 7 13 0.027986102 
807 150 10 13 0.027984664 
231 316 10 16 0.027964082 
659 348 21 24 0.027961008 
873 125 8 14 0.027960526 
174 144 160 168 0.02794926 
196 209 8 17 0.027947707 
897 579 10 22 0.027945109 
668 95 8 20 0.02792372 
641 481 9 16 0.027923107 
146 19 8 14 0.02791923 
263 449 4 9 0.027905146 
733 122 7 15 0.027904881 
1006 257 22 24 0.027903466 
207 187 9 15 0.027887527 
794 242 11 13 0.02787112 
129 46 10 16 0.02785999 
68 98 8 16 0.027852857 
325 318 7 12 0.027841143 
65 400 10 27 0.02783437 
721 582 9 19 0.027826816 
87 290 5 12 0.027815834 
247 189 8 12 0.027807765 
404 405 19 18 0.027782764 
545 310 93 90 0.02774844 
668 608 10 14 0.027745701 
823 445 7 15 0.027718002 
708 614 7 10 0.027700553 
478 162 10 14 0.027681287 
746 720 7 24 0.027678702 
145 585 7 13 0.02767634 
945 171 15 20 0.027674036 
209 150 7 12 0.027672535 
848 77 5 9 0.027669437 
235 165 6 10 0.027666131 
707 57 7 18 0.027658636 
125 81 14 23 0.027647117 
439 327 10 15 0.027641723 
174 196 6 20 0.027640682 
489 416 8 15 0.027638944 
898 550 12 33 0.02756717 
776 443 37 84 0.027561214 
300 432 5 13 0.027557833 
118 199 7 16 0.027547324 
313 674 6 13 0.027542416 
720 125 6 14 0.02749748 
733 442 7 15 0.02749735 
785 78 7 8 0.027486265 
154 429 17 21 0.027485766 
366 432 18 14 0.027484605 
272 391 9 15 0.027483637 
847 472 11 16 0.027482083 
629 349 13 21 0.02744868 
986 196 46 71 0.027422821 
581 234 24 30 0.027422596 
336 429 13 19 0.027416745 
639 248 18 31 0.027416294 
235 448 5 10 0.027409416 
821 430 8 18 0.02739892 
450 126 8 11 0.027385112 
159 126 5 12 0.027375264 
809 608 8 19 0.0273673 
375 294 11 13 0.027341615 
848 458 9 16 0.027330805 
758 493 7 17 0.027323974 
364 75 7 11 0.027306242 
3 34 7 14 0.02730055 
140 377 9 18 0.027298367 
258 393 9 13 0.027279798 
383 187 11 20 0.027260276 
808 591 10 23 0.02725895 
93 456 8 17 0.027243754 
915 -186 121 100 0.027210286 
759 623 7 13 0.027207874 
212 28 57 84 0.02716699 
420 430 16 15 0.027159108 
17 314 8 16 0.027152121 
913 596 9 22 0.027148457 
373 420 12 13 0.027146796 
400 80 26 26 0.027146468 
129 443 15 20 0.027142318 
497 380 15 21 0.027139334 
196 84 8 16 0.027137462 
157 676 8 12 0.027131096 
34 156 17 20 0.027114872 
23 281 12 24 0.027107425 
733 556 8 15 0.027086288 
819 238 10 16 0.027086161 
18 50 6 11 0.027080566 
863 91 5 9 0.02707645 
532 249 43 55 0.027067645 
679 541 9 18 0.027056748 
262 223 25 25 0.027031315 
235 433 6 12 0.027031159 
30 26 7 10 0.027024165 
839 87 5 10 0.027011283 
701 687 320 257 0.027010506 
84 328 5 12 0.02700508 
963 383 10 21 0.02700032 
424 159 14 17 0.026989665 
208 544 6 16 0.026987992 
779 302 13 29 0.02697605 
360 162 8 14 0.026972866 
978 663 7 11 0.026968041 
746 214 11 16 0.026967654 
109 444 6 15 0.026948093 
833 574 12 32 0.026943812 
27 48 8 12 0.02694366 
-50 637 275 318 0.026936952 
759 613 6 12 0.026898228 
-40 86 202 205 0.026888875 
843 277 11 14 0.026884887 
810 673 8 15 0.026875896 
538 54 11 28 0.026856616 
12 463 13 23 0.026850672 
723 572 6 14 0.026835924 
978 674 6 11 0.026835639 
386 148 12 15 0.026830034 
626 124 97 81 0.026822316 
892 171 22 28 0.026816666 
44 64 5 10 0.02680961 
583 97 6 16 0.026804611 
809 697 8 20 0.026788699 
55 622 9 18 0.02678085 
705 507 9 18 0.026774013 
807 579 11 23 0.026758885 
185 393 7 12 0.026721727 
455 103 6 10 0.026721222 
891 84 6 13 0.026715284 
158 184 6 18 0.026704375 
452 86 7 13 0.026648832 
316 183 17 27 0.026627555 
452 47 9 17 0.02660869 
353 243 17 31 0.026594706 
64 648 11 17 0.026586697 
282 376 14 18 0.026581898 
256 376 11 16 0.026555521 
615 530 12 17 0.02655288 
171 328 6 16 0.026550915 
476 113 7 12 0.02654866 
96 431 5 15 0.026547637 
844 204 16 26 0.026537644 
847 313 8 21 0.026530243 
808 568 10 21 0.026526615 
629 314 11 19 0.026525626 
403 429 22 15 0.02651413 
40 35 7 10 0.026510544 
827 520 15 34 0.026505623 
871 298 10 23 0.026504528 
963 163 9 15 0.026499854 
325 408 7 11 0.02649776 
145 184 6 18 0.026495248 
794 195 11 22 0.02646971 
565 44 7 20 0.026457263 
393 271 17 30 0.026455497 
465 476 8 16 0.02644186 
250 448 4 10 0.026440939 
517 499 6 9 0.026426151 
483 279 16 35 0.026409019 
674 251 23 36 0.026408773 
13 157 11 22 0.026397135 
391 379 20 17 0.026373694 
819 309 11 24 0.026373602 
772 712 6 15 0.02637096 
730 162 11 13 0.026352076 
487 221 11 21 0.02634892 
793 569 10 17 0.026337288 
486 365 12 17 0.026293963 
874 311 9 23 0.026286894 
447 191 18 29 0.026286071 
383 272 16 28 0.02625829 
312 47 7 15 0.026249913 
953 379 7 14 0.026207933 
1001 581 7 19 0.026207365 
129 17 9 15 0.026206924 
235 178 7 10 0.026203271 
528 45 7 21 0.02620133 
555 127 6 10 0.026193988 
602 386 50 73 0.026182754 
833 299 9 20 0.026182339 
421 406 14 14 0.026172737 
351 62 7 14 0.026169037 
484 397 13 20 0.02614207 
612 540 16 21 0.026139453 
757 479 7 17 0.02610331 
387 175 9 16 0.026102321 
110 484 5 14 0.0261008 
144 569 10 15 0.026085133 
245 381 9 12 0.026082322 
926 92 8 22 0.026081037 
940 135 7 18 0.026081001 
37 338 11 15 0.02607305 
881 161 15 19 0.026037011 
823 638 7 11 0.026005106 
966 121 6 21 0.025986664 
374 150 11 14 0.025953148 
91 196 10 19 0.025945768 
807 194 13 24 0.025937319 
704 480 9 18 0.025874823 
836 609 8 16 0.025868269 
343 269 14 22 0.025864838 
898 595 10 22 0.025863871 
690 364 14 22 0.025859699 
146 150 5 13 0.025858676 
183 49 8 15 0.025854718 
874 111 6 13 0.025851367 
785 61 8 11 0.025834788 
965 343 6 14 0.025833774 
408 286 13 22 0.025833301 
296 326 13 16 0.025817567 
732 430 8 15 0.025801003 
986 621 11 23 0.025786493 
886 0 7 9 0.02578594 
952 369 6 12 0.025772206 
487 233 12 23 0.02574509 
657 127 7 12 0.025732318 
746 612 7 12 0.025730114 
375 397 11 10 0.02572905 
590 298 11 22 0.025683967 
334 46 8 18 0.025680214 
813 -200 202 173 0.025674252 
611 360 16 28 0.025663046 
325 420 6 14 0.025661437 
820 159 11 18 0.025659116 
437 72 9 14 0.02562865 
777 209 15 21 0.02561902 
939 624 7 15 0.025611548 
700 514 14 28 0.025610875 
733 60 8 15 0.025605 
770 322 9 22 0.02558979 
421 312 13 18 0.025569296 
94 442 7 17 0.025568541 
132 571 7 16 0.025565213 
772 78 6 9 0.02556519 
588 493 11 17 0.025556996 
366 309 8 9 0.025550762 
177 608 13 18 0.025549164 
796 607 8 19 0.025547106 
543 47 8 18 0.025534969 
68 253 7 13 0.025515324 
330 282 14 26 0.025502961 
184 149 6 14 0.02549668 
727 240 15 17 0.025468858 
625 362 45 50 0.02543281 
157 365 8 19 0.025416328 
729 227 13 15 0.025402164 
276 238 738 686 0.025392968 
256 355 12 13 0.02539055 
891 190 23 31 0.02536306 
753 222 19 22 0.025361732 
273 403 6 15 0.025355788 
785 54 7 9 0.025355197 
721 82 10 27 0.025344478 
83 231 5 9 0.025337622 
771 99 8 11 0.02533363 
836 103 6 10 0.025313705 
1 149 9 19 0.025308412 
679 608 9 13 0.025285473 
707 601 8 12 0.02527359 
940 636 7 14 0.025266197 
170 609 11 15 0.025253704 
1005 373 21 29 0.025253152 
74 174 15 17 0.025252953 
684 45 7 15 0.025249854 
669 48 6 14 0.025229106 
126 56 12 21 0.02518428 
564 315 10 16 0.02517653 
525 254 15 24 0.025162803 
2 261 8 24 0.02515866 
947 541 14 24 0.025141014 
831 552 15 33 0.025122114 
9 388 16 24 0.025119992 
821 323 10 25 0.02511736 
437 313 11 18 0.025098711 
324 664 5 14 0.025094105 
245 354 10 12 0.025091128 
695 125 8 14 0.025066853 
435 85 10 15 0.025059983 
508 363 45 66 0.02504758 
422 388 17 17 0.025034405 
160 139 5 11 0.025028663 
528 139 8 11 0.02501197 
535 436 20 31 0.0250091 
46 554 17 24 0.025007294 
842 344 17 39 0.025003634 
965 371 9 12 0.02499899 
233 209 10 22 0.024965873 
37 263 46 70 0.024964167 
196 545 7 17 0.024957996 
657 96 8 19 0.024938885 
30 63 6 11 0.024929633 
889 76 6 11 0.024911994 
407 366 15 17 0.024905004 
276 450 4 8 0.024904784 
782 579 11 16 0.024869975 
236 489 6 8 0.024865665 
230 269 14 23 0.024863442 
844 287 10 17 0.024862148 
847 302 8 16 0.024845308 
912 97 7 16 0.024834385 
526 299 11 19 0.024830388 
819 478 11 19 0.024825515 
57 53 5 9 0.024772903 
730 571 9 18 0.02475613 
950 149 8 17 0.024742458 
490 432 8 12 0.024739368 
549 506 18 22 0.024734108 
95 466 7 18 0.0247324 
885 297 10 23 0.024719331 
680 468 10 18 0.024717862 
945 480 14 20 0.024717696 
500 365 11 16 0.024686374 
654 494 9 16 0.024684971 
128 516 11 22 0.024683017 
669 532 7 13 0.024668166 
620 418 39 60 0.0246618 
691 463 12 23 0.024640119 
295 374 12 18 0.024634043 
40 297 14 22 0.02462113 
780 321 11 25 0.024607439 
647 158 20 26 0.02459778 
187 370 6 11 0.0245659 
1009 401 19 34 0.024544897 
362 396 9 10 0.024542121 
221 532 6 17 0.024531318 
939 106 7 23 0.024505448 
222 115 7 11 0.024486216 
724 712 5 15 0.024474036 
373 378 17 13 0.02444902 
997 568 10 19 0.024422294 
210 12 7 11 0.024416171 
168 51 7 12 0.024409596 
730 213 10 15 0.024395142 
432 196 113 120 0.024385694 
80 348 8 22 0.024378836 
702 440 16 30 0.024373665 
1010 366 16 20 0.02437168 
619 509 8 13 0.024369664 
663 449 14 22 0.024358312 
169 380 7 14 0.024352206 
693 599 9 12 0.024339419 
142 106 10 20 0.024337707 
834 471 10 15 0.02432696 
496 253 15 29 0.024325052 
819 649 10 14 0.024322536 
976 325 9 21 0.024318993 
834 268 8 12 0.024287857 
105 279 6 13 0.024286773 
693 537 9 21 0.024280943 
818 662 11 15 0.024260882 
222 191 7 11 0.024257861 
732 418 8 16 0.024244213 
1002 674 7 13 0.024239067 
989 674 7 12 0.024224391 
732 599 7 14 0.024220923 
209 97 9 14 0.024212409 
987 661 9 12 0.024187366 
741 251 19 29 0.024181657 
907 283 17 20 0.024173893 
937 610 8 18 0.024165569 
921 147 11 21 0.024156904 
816 534 15 35 0.024141245 
809 684 9 20 0.024128959 
359 122 10 17 0.024119066 
513 352 105 88 0.024114376 
288 462 5 8 0.024112692 
268 356 15 15 0.024090173 
975 355 10 14 0.024088828 
408 174 14 16 0.02407445 
499 424 12 20 0.024072438 
3 235 8 21 0.024071544 
725 497 5 12 0.024070812 
419 83 16 20 0.024041357 
424 172 15 19 0.024031257 
820 587 11 28 0.024023661 
874 706 9 24 0.024016585 
792 223 12 18 0.024015347 
53 636 8 12 0.024008581 
246 228 35 30 0.023980325 
850 608 9 17 0.023976479 
1015 664 8 13 0.023966707 
613 312 12 19 0.02394598 
859 420 111 106 0.023916543 
3 227 7 17 0.023909697 
221 12 8 10 0.023900373 
194 41 13 22 0.023895007 
226 487 5 9 0.023893822 
283 35 7 14 0.023890205 
760 539 24 28 0.02388107 
699 223 20 22 0.023873242 
999 368 13 16 0.023868302 
324 35 7 16 0.023866503 
285 104 8 17 0.023841554 
734 633 9 14 0.023821685 
284 402 7 17 0.023813093 
296 389 8 16 0.023811774 
999 355 12 16 0.023810377 
606 175 151 151 0.023805879 
26 348 11 21 0.023785112 
386 160 12 16 0.023780363 
195 226 6 14 0.023777932 
54 416 11 21 0.023753216 
858 335 13 28 0.023752179 
12 477 13 26 0.0237267 
620 521 8 12 0.023720095 
343 419 13 14 0.02371201 
775 551 20 26 0.023679648 
996 260 17 21 0.023678401 
806 333 12 29 0.02366682 
472 266 15 37 0.023653427 
609 234 20 25 0.023642931 
953 355 6 13 0.023634529 
395 239 18 36 0.023594076 
783 609 8 18 0.023590123 
27 239 11 15 0.023581272 
805 539 14 28 0.023557061 
910 428 10 22 0.023554018 
234 113 7 12 0.02354543 
748 64 7 11 0.023534277 
343 283 14 22 0.023531565 
583 83 6 20 0.023528682 
654 531 9 15 0.023510624 
641 442 16 28 0.023500625 
793 580 10 18 0.023473686 
14 174 9 21 0.02347059 
605 100 8 13 0.023465905 
588 478 12 18 0.02346563 
223 460 6 10 0.023456082 
23 155 16 23 0.023447134 
781 430 15 34 0.023440382 
10 362 12 28 0.023411877 
779 567 13 17 0.023411347 
669 544 7 15 0.023408782 
127 454 22 25 0.023394946 
195 555 7 18 0.023381814 
744 635 8 13 0.023364274 
244 313 12 19 0.023350228 
708 46 9 15 0.023328722 
626 435 18 31 0.023324065 
768 303 12 27 0.023324026 
172 210 5 21 0.023308398 
488 308 11 23 0.023291413 
706 634 8 14 0.023262067 
732 623 10 17 0.023255 
926 580 10 21 0.023254838 
1017 580 9 23 0.023254119 
862 312 8 21 0.02324984 
824 626 7 12 0.023234084 
595 236 23 29 0.02322088 
398 172 12 17 0.023213224 
887 610 7 18 0.023212 
887 10 9 13 0.023179201 
122 485 7 13 0.023178266 
964 93 7 24 0.02317648 
334 321 7 10 0.023171127 
76 650 9 15 0.023151156 
988 356 10 13 0.023134554 
577 426 13 22 0.023118978 
720 623 8 15 0.023116993 
976 343 8 15 0.023109738 
1011 354 14 18 0.02310354 
156 599 8 13 0.023102509 
208 235 9 19 0.023101436 
268 375 14 18 0.023095002 
834 323 11 26 0.023084706 
485 252 14 31 0.023067772 
798 700 6 17 0.023043357 
422 281 15 30 0.023014072 
863 59 7 13 0.02300173 
792 303 14 29 0.02299263 
576 441 14 23 0.022973677 
372 273 14 23 0.022972597 
348 174 9 15 0.02296307 
667 490 14 23 0.022946825 
28 300 11 19 0.022941386 
305 373 15 18 0.02294138 
389 34 8 18 0.022937337 
926 107 7 20 0.022923551 
752 239 86 108 0.022917321 
5 -140 78 133 0.02289364 
650 463 12 20 0.022864506 
377 536 5 11 0.022859814 
22 401 14 20 0.022857718 
44 63 99 96 0.022846216 
784 452 10 22 0.022845346 
355 272 15 22 0.022841757 
860 39 7 11 0.022840539 
112 77 16 27 0.022832965 
849 429 7 19 0.022824029 
771 610 8 17 0.022817364 
986 161 12 18 0.022808677 
758 322 9 24 0.02280668 
924 621 9 19 0.022797007 
564 296 13 21 0.022775207 
293 284 15 23 0.022773616 
233 223 11 19 0.022770327 
247 368 9 13 0.022759756 
87 673 325 291 0.02274694 
512 270 12 24 0.022733275 
134 149 6 15 0.022727689 
110 497 6 15 0.02272285 
376 163 8 12 0.02271717 
693 58 8 20 0.022713512 
146 136 6 14 0.022688773 
981 406 15 38 0.02268266 
288 449 5 10 0.022670135 
209 533 6 17 0.022655616 
277 268 104 97 0.022653058 
834 218 13 25 0.022644397 
757 466 7 17 0.022630773 
421 298 13 21 0.022616249 
641 310 14 25 0.022611005 
742 267 14 27 0.022585263 
556 44 7 20 0.02257282 
870 274 13 19 0.022564486 
223 520 5 16 0.022557229 
294 312 13 20 0.02253113 
272 35 9 14 0.022513628 
288 433 5 13 0.022511583 
1014 425 12 21 0.022507837 
911 582 9 21 0.02249263 
87 97 14 33 0.02246652 
790 552 14 23 0.022436546 
221 545 5 15 0.022425307 
86 70 17 37 0.022421908 
797 707 8 21 0.022421869 
53 402 11 22 0.022417074 
897 606 10 23 0.022400476 
759 336 8 22 0.022395324 
193 55 12 22 0.022391032 
304 174 42 65 0.02237908 
516 365 13 18 0.022378026 
977 148 7 17 0.022377234 
499 400 13 26 0.022376925 
155 583 10 15 0.022361754 
898 272 16 21 0.022359565 
846 231 13 22 0.022344764 
152 566 12 18 0.02233541 
988 325 10 23 0.02233456 
640 270 18 35 0.022326853 
834 411 9 23 0.022303969 
682 62 7 16 0.022301933 
951 343 7 14 0.022300133 
964 415 9 26 0.022297015 
947 470 11 16 0.022284877 
562 283 16 23 0.022261783 
897 710 10 19 0.022256086 
65 162 13 15 0.022252517 
792 370 14 31 0.022251137 
972 565 12 26 0.02221724 
964 330 7 16 0.022216214 
874 325 10 23 0.022213489 
37 592 15 23 0.022207286 
590 282 14 25 0.022185775 
887 701 7 15 0.022178598 
48 158 15 19 0.022174362 
550 281 14 20 0.022126883 
694 427 9 16 0.022125904 
383 430 18 13 0.022122338 
826 241 104 96 0.022121798 
694 622 9 13 0.02211743 
276 339 50 45 0.022116043 
410 33 11 18 0.022108236 
311 408 6 12 0.022061843 
798 137 101 84 0.022056473 
319 237 13 24 0.0220351 
744 558 10 14 0.022022739 
216 123 107 96 0.021988159 
847 325 11 27 0.021973649 
362 423 9 11 0.021973182 
793 207 12 21 0.021971693 
182 34 8 15 0.021966288 
667 251 14 24 0.021958385 
771 620 9 17 0.021946965 
684 35 6 12 0.021940507 
874 -1 7 8 0.021930296 
886 286 11 19 0.021925895 
156 611 9 13 0.021891674 
935 591 11 23 0.021889826 
945 436 14 33 0.021877633 
0 371 12 28 0.021877613 
668 479 12 21 0.021876272 
460 439 11 14 0.021865863 
333 172 11 16 0.021854958 
79 635 9 13 0.021849066 
153 610 61 69 0.021849012 
819 218 12 23 0.021835215 
720 106 8 20 0.021828465 
235 192 6 10 0.021819966 
292 223 15 20 0.021815265 
300 480 7 13 0.02180343 
667 465 10 19 0.021783203 
798 623 7 15 0.02178223 
882 491 19 16 0.021753065 
464 68 8 17 0.021752631 
256 331 10 13 0.021742057 
617 497 9 14 0.021717526 
2 389 10 21 0.021699065 
859 174 15 18 0.021689586 
689 417 35 59 0.021665337 
716 161 12 17 0.021657009 
669 620 10 18 0.021641359 
121 467 9 17 0.021640612 
565 333 35 45 0.021629436 
531 497 7 11 0.02161495 
311 33 8 15 0.021609776 
939 148 9 17 0.021606069 
977 649 9 13 0.021572266 
539 496 11 14 0.02157092 
49 294 15 25 0.021570424 
138 444 18 20 0.021565733 
621 226 159 283 0.021541309 
628 292 12 26 0.02153904 
144 121 8 16 0.021530574 
535 348 42 58 0.02152888 
109 469 6 15 0.021524068 
722 73 7 19 0.021519667 
600 296 14 26 0.02151726 
515 139 8 12 0.021510186 
236 461 5 9 0.021474235 
95 481 7 19 0.021471133 
506 499 6 10 0.021469058 
232 98 9 13 0.021450078 
678 623 10 14 0.021439686 
909 525 12 29 0.021404397 
352 548 6 12 0.021398937 
91 115 12 26 0.021386607 
631 480 9 15 0.021366294 
794 593 10 19 0.021340953 
1 466 10 20 0.021320932 
396 19 11 17 0.021293348 
797 640 8 14 0.021293178 
889 102 6 11 0.021292731 
403 224 20 36 0.021291416 
567 127 6 10 0.021272095 
744 623 8 15 0.021263551 
237 242 25 26 0.021261279 
652 478 11 20 0.021250498 
327 257 41 65 0.021249583 
180 68 108 102 0.021247035 
774 62 9 10 0.021212503 
488 211 11 19 0.021159813 
40 311 11 15 0.021152405 
-2 89 107 103 0.021151278 
225 497 4 10 0.021150598 
132 200 6 17 0.021144252 
578 482 9 16 0.021133337 
693 438 13 22 0.021130694 
288 420 5 14 0.021129293 
669 163 37 51 0.02112358 
859 288 10 17 0.021097263 
568 210 23 35 0.021052347 
106 650 9 13 0.021051183 
301 421 5 14 0.0210488 
568 358 38 61 0.02104112 
896 472 12 13 0.021029158 
875 700 7 16 0.021015253 
375 137 9 15 0.020997496 
64 571 11 19 0.020994734 
711 573 6 12 0.020992352 
361 203 12 31 0.020988202 
220 96 10 15 0.020965153 
808 706 10 24 0.020926215 
111 505 5 18 0.020923099 
870 285 11 21 0.020917417 
583 457 20 28 0.020908633 
198 23 8 13 0.020906162 
890 112 6 12 0.020903487 
733 333 13 29 0.020900087 
705 461 10 22 0.020899434 
326 367 117 99 0.020894038 
441 180 38 65 0.020893607 
479 140 7 10 0.020881793 
407 187 15 20 0.02085213 
361 291 11 15 0.020842414 
845 184 12 22 0.020839086 
118 149 8 14 0.020836353 
894 158 17 27 0.020835597 
669 35 6 12 0.020835519 
759 66 6 8 0.020829022 
92 652 9 12 0.020822337 
949 389 8 21 0.02081542 
142 89 12 24 0.020811515 
398 198 16 26 0.020803098 
678 425 11 19 0.020796847 
1002 96 7 20 0.020796638 
622 229 19 28 0.020769719 
764 266 19 25 0.02074809 
826 464 42 62 0.020728536 
539 283 13 21 0.020713076 
133 301 7 19 0.020703962 
328 652 4 10 0.02070216 
594 100 6 12 0.020684205 
2 194 9 24 0.020676088 
823 608 8 19 0.02066245 
753 528 14 24 0.020651828 
92 357 9 28 0.020641532 
95 378 6 22 0.020633614 
374 119 10 19 0.02062995 
935 482 11 15 0.02062525 
318 215 39 66 0.020595673 
229 243 48 61 0.020579424 
369 300 39 37 0.0205675 
77 461 11 22 0.02053083 
865 74 5 11 0.020527314 
171 341 6 14 0.020502383 
563 465 11 19 0.020502238 
5 497 33 83 0.020501448 
415 195 21 29 0.02047368 
569 114 5 13 0.020473422 
844 538 14 37 0.020467496 
3 247 8 24 0.020461708 
1000 172 11 20 0.02045462 
860 275 11 16 0.02043702 
232 11 9 11 0.02041305 
623 540 15 22 0.020406427 
156 353 8 20 0.020392897 
200 249 196 190 0.020392884 
883 551 11 32 0.020384971 
276 461 5 8 0.020373216 
372 255 14 28 0.02037156 
378 410 49 40 0.020368097 
877 590 198 303 0.020345591 
983 272 16 21 0.02033658 
555 55 9 23 0.020335402 
861 617 10 23 0.020334423 
142 430 14 19 0.02032263 
769 499 12 26 0.020293847 
680 68 10 22 0.020286528 
169 678 8 11 0.020263257 
379 215 37 73 0.02023292 
433 293 15 26 0.020218374 
579 47 7 19 0.020212205 
656 289 47 66 0.020197248 
105 150 8 14 0.020194678 
344 431 13 15 0.020181576 
604 495 8 14 0.020164728 
836 431 7 17 0.020160763 
988 342 10 17 0.020105176 
17 26 9 12 0.020093327 
963 401 10 21 0.020093253 
941 354 6 13 0.020046331 
294 207 14 23 0.020045217 
460 253 15 33 0.020037677 
236 474 5 9 0.020030973 
234 236 14 21 0.020021046 
1014 674 8 14 0.02001728 
237 497 5 9 0.020004569 
488 198 11 18 0.020000061 
860 473 10 12 0.019997 
356 329 36 39 0.019992115 
309 237 11 20 0.01997884 
373 180 34 62 0.019977683 
498 203 30 50 0.019963892 
364 544 6 14 0.019955602 
466 87 6 12 0.019955495 
175 620 18 19 0.019948248 
128 526 12 26 0.019939922 
420 261 36 63 0.019928357 
409 47 11 14 0.019912787 
939 91 7 26 0.01989975 
282 352 22 20 0.019895148 
898 622 9 19 0.019882334 
2 340 8 18 0.019879531 
911 620 10 21 0.019873736 
561 427 17 24 0.019870993 
869 261 15 20 0.019863164 
818 75 185 178 0.019852705 
744 223 15 18 0.019852553 
720 634 8 13 0.01984249 
421 71 14 17 0.01983772 
287 476 5 7 0.019834936 
53 308 11 17 0.019819744 
525 287 12 20 0.019816287 
762 407 35 72 0.019815529 
283 5 11 17 0.019805375 
352 321 7 9 0.0198001 
469 366 41 53 0.019796852 
986 312 10 24 0.019795477 
371 224 16 37 0.019792369 
606 381 22 41 0.019768972 
395 262 37 60 0.019751046 
1017 592 9 24 0.019745093 
618 481 8 13 0.01974163 
419 183 18 21 0.019695323 
257 271 49 64 0.019681755 
276 268 19 22 0.01966826 
196 469 6 16 0.019658884 
755 266 16 26 0.019656973 
686 218 21 26 0.019656217 
808 386 13 25 0.019652136 
907 272 18 20 0.019649923 
674 207 45 58 0.019639004 
428 159 401 413 0.01961835 
975 162 11 18 0.019590814 
40 26 6 8 0.019566147 
370 65 44 46 0.019563328 
218 84 12 18 0.019497372 
194 530 9 20 0.019495504 
459 211 16 33 0.019475983 
897 525 11 27 0.019449525 
22 461 17 28 0.019443238 
963 240 48 63 0.01944169 
568 93 7 22 0.019430982 
24 537 40 54 0.019430202 
475 55 9 20 0.01941696 
379 89 18 25 0.019415773 
672 602 6 11 0.01939023 
587 503 13 19 0.019365856 
206 83 12 18 0.01935147 
429 365 40 46 0.019347697 
329 192 16 27 0.019312216 
880 260 16 22 0.019285038 
782 620 8 17 0.01927769 
39 249 12 20 0.019270075 
681 557 7 17 0.019265205 
884 324 12 25 0.01926447 
940 664 6 11 0.019250909 
671 60 5 15 0.019218305 
310 680 9 27 0.019211046 
271 342 9 12 0.019195791 
808 220 12 21 0.019189315 
968 472 17 31 0.019188998 
332 298 11 20 0.019163966 
792 530 12 20 0.019152213 
566 65 9 27 0.019142337 
695 574 6 12 0.01912224 
421 96 84 97 0.01909592 
142 452 28 28 0.019062145 
196 485 6 14 0.019055383 
158 289 5 17 0.019053778 
197 149 7 14 0.019045273 
491 126 7 12 0.01901682 
846 247 11 18 0.019011522 
655 543 8 16 0.01900423 
383 253 16 31 0.018975152 
712 234 44 54 0.018973146 
768 283 36 78 0.018970834 
259 111 7 13 0.01895957 
478 84 7 16 0.018959101 
836 445 7 15 0.018954296 
1011 224 12 18 0.018947633 
604 479 9 15 0.018935384 
207 222 8 19 0.018930128 
14 211 10 18 0.01888402 
300 406 5 14 0.018881386 
134 475 27 28 0.01887422 
696 233 26 29 0.018870587 
395 6 14 13 0.018866375 
40 605 11 20 0.018863682 
43 49 6 10 0.018839538 
702 103 179 177 0.018837072 
364 6 7 16 0.018833827 
195 495 6 13 0.018816933 
546 425 18 28 0.018813666 
742 282 13 26 0.01881334 
137 643 13 24 0.01881123 
169 368 7 15 0.018805008 
351 6 6 15 0.018804707 
473 239 15 34 0.018783718 
848 443 7 18 0.018778788 
988 249 45 56 0.018778624 
758 637 8 13 0.01877849 
884 273 14 20 0.018775873 
447 437 13 16 0.018772455 
491 114 7 14 0.018770242 
641 539 11 20 0.018753681 
240 208 16 23 0.01875093 
422 368 14 14 0.01874416 
145 199 6 20 0.018718842 
458 279 37 68 0.018712908 
1015 619 10 25 0.018709958 
94 566 8 24 0.018705644 
385 136 12 17 0.018700559 
169 357 7 14 0.018689314 
143 62 14 26 0.018675836 
861 430 7 18 0.018656429 
193 519 8 20 0.018648608 
392 365 20 17 0.018630754 
64 361 10 24 0.018628452 
171 595 11 18 0.018626595 
984 647 13 19 0.018603189 
759 305 10 26 0.018602096 
434 439 13 15 0.01859608 
407 103 21 27 0.018594693 
636 213 16 31 0.018588273 
222 30 24 24 0.018563863 
567 495 8 13 0.018550532 
707 39 9 13 0.018549567 
143 676 9 13 0.018544082 
270 44 12 19 0.01854136 
28 314 9 14 0.01851316 
885 474 11 11 0.018507944 
874 621 6 17 0.018506974 
995 242 16 26 0.018500086 
363 437 24 21 0.018497718 
537 508 15 18 0.018486172 
192 597 10 17 0.018484391 
560 516 17 24 0.018483724 
796 650 11 15 0.018481752 
786 710 7 16 0.018464625 
719 351 10 21 0.018461725 
2 135 10 15 0.018412612 
143 -184 370 107 0.018400613 
242 297 15 25 0.01839316 
117 213 7 15 0.018384708 
1014 184 13 22 0.018350447 
170 36 7 13 0.018346015 
106 254 5 11 0.018335233 
786 240 35 47 0.018320622 
52 608 11 18 0.018309005 
279 362 21 21 0.018290047 
440 60 7 13 0.0182831 
3 403 11 18 0.018282106 
834 480 13 21 0.018270368 
306 481 9 14 0.018259956 
556 114 5 14 0.01824041 
817 672 13 18 0.018239269 
602 11 9 12 0.018230025 
372 100 14 27 0.018213337 
651 621 13 17 0.018195024 
621 257 22 32 0.018191572 
677 634 10 14 0.018185426 
519 219 33 53 0.01817995 
682 439 9 18 0.018178517 
597 272 20 32 0.018144364 
834 622 10 17 0.018105254 
992 196 19 30 0.018087177 
286 275 38 59 0.018082023 
525 270 14 22 0.018072115 
23 387 15 21 0.018071981 
940 368 7 13 0.018062549 
730 46 10 14 0.018037792 
799 55 5 7 0.018034201 
132 135 8 15 0.018033376 
963 149 7 17 0.018012717 
223 510 6 13 0.018010061 
129 490 15 20 0.017999733 
993 459 38 83 0.017993601 
478 126 7 11 0.017987022 
421 438 15 16 0.01798152 
375 544 6 14 0.017967086 
435 288 37 60 0.017963432 
424 61 9 13 0.017962389 
567 481 9 16 0.017949633 
769 450 10 22 0.017933905 
35 540 19 26 0.017923832 
919 439 10 22 0.017923236 
990 537 21 23 0.017923018 
834 232 13 22 0.017920593 
310 392 8 14 0.017908957 
560 393 16 32 0.017908437 
822 699 9 19 0.017903406 
856 489 15 19 0.017902968 
129 502 14 20 0.017899865 
608 436 22 32 0.01789023 
543 69 185 146 0.017874897 
982 385 16 27 0.017861484 
128 103 13 22 0.017853176 
939 380 7 14 0.01785178 
173 263 5 16 0.017840024 
674 159 20 21 0.017835135 
383 338 45 48 0.017835103 
512 386 17 27 0.017812563 
304 201 18 31 0.017799545 
344 205 14 28 0.01779482 
545 404 18 31 0.017793735 
130 480 15 18 0.01779227 
337 652 5 10 0.017782124 
834 250 10 16 0.01777303 
778 528 16 25 0.017771797 
236 674 6 14 0.01776862 
851 8 7 13 0.017766338 
933 445 91 113 0.017761964 
766 569 15 15 0.017758194 
277 477 5 6 0.017755557 
731 253 40 72 0.017740628 
938 670 8 15 0.01774062 
629 364 16 21 0.017726285 
974 309 11 24 0.017695067 
316 201 17 32 0.01767699 
486 229 37 64 0.017672602 
3 211 7 19 0.017662907 
349 189 9 16 0.017650854 
582 340 36 52 0.017637374 
78 661 9 15 0.017635109 
507 510 5 12 0.01763114 
276 285 19 21 0.017611153 
837 23 5 11 0.01760689 
243 21 12 12 0.017597787 
323 42 148 143 0.017594893 
846 265 9 13 0.017587163 
934 206 17 30 0.017566966 
832 353 19 38 0.01755303 
988 564 11 22 0.01754909 
383 210 17 36 0.017531415 
604 507 9 14 0.017531127 
739 320 14 33 0.017527282 
15 461 47 76 0.017518114 
300 449 5 11 0.017511249 
630 465 10 16 0.017508393 
208 556 6 16 0.017497534 
483 271 36 62 0.01748544 
861 460 8 15 0.017476728 
820 384 14 25 0.01747034 
695 557 7 17 0.0174541 
2 481 8 20 0.017442271 
200 50 20 31 0.017441701 
961 431 12 31 0.017440425 
903 158 19 26 0.017429609 
578 451 16 25 0.01740683 
1015 648 9 17 0.017388418 
89 671 14 21 0.0173781 
20 209 55 74 0.01737485 
40 623 11 17 0.01736575 
55 671 8 16 0.017365646 
693 587 8 12 0.017361918 
2 352 8 20 0.017356329 
859 263 12 16 0.01735186 
759 702 6 13 0.01734781 
209 459 5 11 0.01734646 
875 10 6 11 0.017342633 
8 628 17 31 0.01733286 
83 24 6 13 0.017324114 
606 420 21 31 0.017316908 
610 275 19 31 0.017306792 
846 413 10 23 0.01730471 
649 398 17 26 0.017292168 
642 422 40 62 0.0172841 
365 538 5 10 0.017281946 
967 378 34 68 0.01727635 
1015 556 9 18 0.017254727 
350 31 8 21 0.017249476 
390 19 8 15 0.01724247 
314 666 4 10 0.017242195 
995 553 14 20 0.017200125 
658 194 23 35 0.017198175 
725 510 5 12 0.01717044 
156 199 7 21 0.01715412 
294 296 14 23 0.01715211 
395 384 52 50 0.017149167 
912 207 44 65 0.01714294 
119 292 6 14 0.01713983 
937 163 11 16 0.017139068 
780 512 12 23 0.017127138 
940 647 7 15 0.01712562 
611 174 41 46 0.017094715 
679 94 11 22 0.017070165 
518 531 7 14 0.017067404 
80 569 9 23 0.017040092 
888 623 6 16 0.017018367 
830 383 14 24 0.017015306 
1011 212 12 19 0.017004747 
510 408 16 31 0.016996404 
724 560 5 13 0.016983734 
249 461 5 9 0.016983174 
156 623 11 15 0.016970802 
68 314 7 12 0.01696634 
235 547 6 14 0.016956465 
57 25 5 9 0.01694839 
517 488 6 11 0.01693262 
514 374 16 22 0.016926898 
383 315 40 44 0.016923098 
614 462 13 19 0.016911164 
58 38 5 9 0.016904965 
155 16 11 18 0.01689521 
263 461 5 8 0.016894815 
619 101 7 13 0.016888127 
963 79 8 26 0.01688583 
67 671 10 20 0.016876642 
390 9 8 11 0.016859347 
106 266 5 13 0.016854646 
998 645 10 19 0.016854433 
768 579 11 14 0.016833846 
756 261 37 59 0.016815057 
876 39 6 9 0.01681286 
66 264 9 15 0.016807666 
1017 606 9 25 0.01680333 
897 439 179 253 0.016793283 
987 270 39 86 0.01678881 
339 552 6 11 0.016776858 
655 612 12 17 0.016771387 
599 461 15 21 0.016766552 
838 38 5 10 0.01675184 
933 488 17 23 0.016745472 
885 459 10 15 0.016723119 
504 56 6 19 0.016718151 
621 203 45 69 0.01671699 
758 594 8 14 0.016704641 
759 283 13 24 0.016690541 
923 525 11 27 0.016689727 
101 132 12 19 0.01668332 
234 533 6 16 0.016681973 
101 115 14 24 0.016657017 
829 502 14 25 0.016643347 
900 703 7 12 0.016641272 
383 117 14 22 0.016636044 
3 492 8 25 0.016616864 
584 440 21 28 0.016615672 
562 507 12 16 0.016580336 
940 388 8 20 0.01654603 
895 457 13 18 0.016511722 
801 332 38 73 0.016508145 
273 107 8 16 0.016498778 
529 484 9 14 0.016487656 
210 521 6 16 0.016487071 
821 326 35 69 0.016473653 
39 348 10 17 0.01646148 
669 83 7 18 0.01645448 
248 316 55 65 0.016442992 
703 347 12 24 0.016427638 
899 416 10 19 0.01642454 
515 521 8 14 0.016415963 
39 402 12 18 0.01641283 
337 660 6 17 0.01639182 
417 229 19 34 0.016387606 
117 647 13 19 0.016387131 
358 216 38 75 0.016381275 
67 659 9 17 0.016370038 
858 16 11 18 0.016354835 
709 110 7 19 0.016342651 
637 231 17 28 0.016342228 
562 198 23 30 0.016337322 
537 171 33 47 0.016331494 
798 663 7 11 0.016319677 
590 71 9 20 0.016306808 
349 561 6 11 0.016299985 
89 681 16 25 0.016296437 
644 10 8 10 0.01629338 
130 119 11 18 0.016284067 
284 17 10 16 0.016280264 
221 253 9 15 0.01625245 
1002 454 10 22 0.016252115 
75 185 14 20 0.01624553 
2 428 10 19 0.016243381 
54 251 9 17 0.016233912 
650 307 18 29 0.016231166 
198 179 37 69 0.016224176 
669 631 10 16 0.016217008 
3 10 7 14 0.016208116 
799 688 6 15 0.01620154 
150 439 19 23 0.016198054 
70 230 6 11 0.016190251 
194 506 7 17 0.016187413 
140 538 45 63 0.016157428 
886 428 8 19 0.016152456 
1003 1 4 10 0.016150365 
477 67 8 21 0.016145758 
399 187 12 19 0.016117409 
711 132 103 90 0.016111072 
2 313 7 17 0.016106976 
683 588 6 9 0.016100904 
729 268 14 26 0.016096355 
899 427 9 20 0.016092889 
587 418 43 60 0.016061602 
515 260 43 65 0.016058777 
931 183 18 23 0.016032014 
337 33 7 17 0.016030442 
874 474 10 10 0.016014842 
481 586 15 13 0.016001321 
79 672 11 19 0.016000526 
705 540 9 22 0.015994655 
792 276 94 96 0.015972478 
502 125 8 13 0.015971296 
440 48 9 15 0.015967475 
45 536 21 32 0.015958514 
784 591 9 19 0.015957782 
79 360 8 25 0.015953453 
248 474 6 8 0.01594329 
502 483 8 12 0.015929367 
640 294 14 26 0.01592439 
986 299 10 21 0.015905362 
772 638 7 13 0.015901031 
2 22 9 14 0.015896974 
524 404 19 32 0.015896622 
934 175 15 17 0.015896423 
638 143 40 49 0.015895616 
449 249 33 66 0.015889687 
905 485 15 14 0.015888652 
65 302 8 14 0.01588793 
393 90 22 24 0.015885402 
0 608 46 76 0.015851311 
243 351 42 52 0.015847541 
376 583 7 16 0.015842015 
709 586 8 14 0.015823996 
99 72 18 34 0.015810821 
724 545 6 16 0.015809761 
959 480 17 28 0.015808566 
1003 419 39 69 0.015800333 
434 233 15 28 0.015789112 
518 45 7 19 0.015784962 
741 238 19 23 0.015768139 
806 356 14 32 0.015763005 
899 636 8 15 0.015760178 
3 330 7 16 0.015758786 
463 458 9 15 0.015743056 
248 490 5 7 0.015742797 
7 -178 75 82 0.015682025 
963 310 9 20 0.015663885 
362 17 8 24 0.01566139 
820 492 11 21 0.015648216 
91 663 9 13 0.015646117 
745 597 8 14 0.015635222 
672 275 22 35 0.015628163 
612 292 15 28 0.015619759 
872 486 12 11 0.015615183 
737 213 47 52 0.0156137785 
487 481 8 13 0.015606024 
602 20 9 14 0.015603651 
996 381 22 36 0.015599491 
1012 544 12 18 0.0155982245 
399 136 14 19 0.015596917 
182 207 32 69 0.015576226 
688 345 15 26 0.0155755235 
298 34 7 14 0.015574642 
861 442 8 18 0.015569483 
594 85 7 16 0.0155595625 
1017 570 8 19 0.015558365 
66 278 8 15 0.015532502 
117 49 182 207 0.01552568 
905 201 19 30 0.015522285 
889 19 9 14 0.015519529 
331 217 14 28 0.015511067 
870 491 15 16 0.015506174 
451 213 35 70 0.015493281 
912 189 24 32 0.015462654 
39 415 12 18 0.015461672 
347 305 9 13 0.015457443 
437 451 10 14 0.015447845 
13 660 13 16 0.015443312 
755 414 189 225 0.015427202 
880 248 113 108 0.015424333 
4 123 10 13 0.015416132 
225 474 5 10 0.015414503 
580 494 9 14 0.015400905 
643 417 14 21 0.015391797 
585 292 37 55 0.0153783765 
91 42 93 92 0.015372385 
671 70 7 18 0.015352304 
488 444 11 15 0.015349103 
38 636 11 13 0.015347799 
350 523 8 17 0.015346336 
538 481 12 18 0.015336943 
306 219 14 24 0.015323425 
696 288 41 84 0.015307842 
745 649 7 12 0.015305061 
785 639 7 14 0.015303673 
410 258 112 120 0.015301103 
123 36 36 59 0.015296656 
67 352 8 17 0.015279291 
239 270 17 22 0.015277102 
27 500 52 73 0.015267063 
394 124 38 47 0.015263909 
296 6 10 17 0.015247578 
694 111 8 18 0.015240591 
446 215 16 32 0.015240184 
982 547 18 25 0.015223067 
924 635 9 17 0.015216792 
246 100 8 13 0.015208806 
93 554 7 25 0.015198466 
541 127 7 11 0.015186824 
683 576 5 11 0.015168748 
669 560 7 14 0.015162631 
593 12 7 11 0.015146433 
448 353 39 51 0.015099084 
155 635 13 19 0.015088068 
406 437 18 16 0.015079738 
69 -4 6 13 0.015049266 
758 648 9 14 0.015042432 
177 516 16 28 0.015041781 
883 174 17 21 0.01502238 
338 205 41 74 0.0150195155 
25 531 14 24 0.015005851 
885 575 34 74 0.015000424 
252 208 21 25 0.014979922 
725 532 6 15 0.014973548 
149 551 17 23 0.0149631435 
132 559 8 16 0.014962407 
39 453 14 20 0.014953484 
640 556 12 20 0.014950569 
69 26 5 10 0.014938706 
254 190 39 53 0.014937975 
935 525 12 27 0.014931838 
892 230 18 26 0.014908183 
241 224 21 24 0.014899616 
237 666 6 11 0.0148893865 
532 511 7 11 0.01488912 
661 159 20 22 0.014889045 
227 202 43 67 0.014880962 
95 493 8 21 0.014865444 
182 551 12 23 0.014841246 
495 440 14 20 0.014839776 
838 11 6 9 0.014829887 
14 390 43 65 0.014814469 
874 429 7 19 0.0147759635 
192 581 10 20 0.014773549 
15 671 11 19 0.014767471 
364 560 5 13 0.014767429 
976 81 8 23 0.014763378 
645 23 7 12 0.01475819 
374 19 8 19 0.014755805 
825 55 5 7 0.014754974 
287 178 35 55 0.014742896 
81 60 31 71 0.014724436 
487 369 40 71 0.014708078 
498 164 35 46 0.0146993445 
23 362 14 26 0.014671993 
832 631 14 20 0.0146521395 
1013 199 12 19 0.014650715 
276 296 17 23 0.0146219125 
68 339 8 14 0.0146174 
4 581 10 22 0.01460337 
308 263 33 60 0.0145920105 
531 418 20 34 0.014586911 
136 497 21 26 0.01457788 
102 708 14 19 0.014566143 
625 412 17 25 0.014562434 
980 427 17 40 0.014561269 
211 509 6 14 0.014553363 
897 22 8 13 0.014541197 
851 -1 6 7 0.014538654 
594 396 230 291 0.014531441 
981 472 19 37 0.0145305265 
78 478 9 23 0.014520479 
963 685 8 17 0.014519919 
24 299 45 64 0.0145197 
425 452 10 15 0.014513289 
325 509 5 12 0.014511829 
812 55 5 8 0.014507472 
353 534 6 14 0.014501605 
1013 632 11 23 0.014499327 
364 88 40 67 0.014486606 
392 55 45 51 0.01447935 
101 673 13 19 0.014470665 
55 662 8 13 0.014465151 
12 115 31 41 0.014455731 
197 56 41 61 0.014453537 
350 574 5 11 0.014443968 
644 624 12 14 0.014439727 
339 562 6 10 0.014436959 
39 240 10 15 0.014432205 
4 503 9 30 0.014425706 
284 343 13 13 0.014418836 
900 0 6 9 0.014417982 
118 133 9 16 0.014413746 
117 118 12 19 0.014407564 
64 290 10 17 0.014407279 
104 664 9 13 0.014381856 
42 -14 7 9 0.014358069 
169 581 13 22 0.0143547645 
972 296 13 26 0.014347154 
997 680 14 28 0.014346574 
574 271 16 20 0.014337652 
773 53 7 9 0.01433164 
906 233 20 27 0.014329081 
853 41 5 10 0.014328597 
142 660 9 16 0.01432795 
230 86 11 16 0.014323087 
476 444 8 12 0.014318094 
65 174 14 17 0.014315578 
324 455 8 15 0.0143099865 
573 255 19 25 0.014307794 
143 485 27 30 0.0143059725 
537 283 37 57 0.01428699 
192 610 11 16 0.0142826345 
476 591 23 21 0.0142707415 
757 717 10 28 0.01426299 
53 448 15 22 0.014260422 
297 15 10 18 0.014257038 
869 337 15 24 0.014255308 
68 328 7 12 0.014243695 
424 47 9 14 0.0142422095 
941 343 6 14 0.014219959 
52 336 10 17 0.0142183015 
886 417 9 17 0.01421041 
1018 0 6 13 0.0141902985 
373 8 8 12 0.014188191 
432 5 22 14 0.014168624 
180 570 12 21 0.014164493 
276 489 6 7 0.014151091 
254 311 14 21 0.0141247315 
573 267 38 66 0.014123867 
722 721 6 25 0.014117454 
253 44 17 21 0.0141146295 
271 243 43 51 0.014110873 
961 296 11 20 0.014106125 
945 183 18 25 0.01408439 
240 33 17 19 0.014080252 
533 690 304 268 0.014077335 
411 170 48 57 0.014072478 
713 255 20 30 0.014069202 
874 442 8 20 0.014059298 
477 490 7 18 0.014056726 
890 637 6 13 0.014041998 
434 206 17 29 0.014032512 
56 241 8 12 0.014028259 
552 498 11 14 0.014007697 
54 325 9 15 0.01400643 
908 453 13 20 0.0140047725 
993 221 19 38 0.014002665 
219 265 37 60 0.013980181 
298 677 6 11 0.013964283 
923 286 14 15 0.013961066 
297 682 8 24 0.0139458915 
997 469 16 36 0.013945609 
222 675 7 13 0.013938083 
925 483 10 12 0.013929874 
328 642 4 10 0.013926529 
961 171 14 22 0.013923568 
271 330 9 13 0.013914159 
919 221 19 29 0.01389802 
101 683 14 21 0.013888065 
893 244 18 27 0.013856569 
47 435 43 103 0.013834942 
935 472 9 14 0.013834032 
678 235 17 27 0.01383273 
874 461 9 14 0.013825082 
156 664 9 13 0.013804183 
52 360 11 23 0.013800531 
167 634 16 18 0.013784982 
281 -3 11 12 0.013778067 
963 687 50 108 0.013761554 
660 32 6 14 0.013759987 
349 510 6 14 0.013757297 
662 288 21 35 0.013752201 
139 422 42 51 0.013748417 
1012 483 14 30 0.013730745 
564 412 14 24 0.0137153575 
926 663 7 12 0.013710057 
546 378 43 70 0.01370953 
788 277 34 55 0.013698997 
996 340 14 21 0.013695487 
943 512 17 31 0.013674175 
476 471 7 14 0.013673494 
338 573 6 11 0.013669572 
324 521 6 13 0.013660182 
655 557 8 18 0.013633628 
322 441 10 18 0.013616108 
910 416 9 20 0.0136093395 
366 576 5 13 0.0136009585 
1016 96 9 23 0.013587377 
758 581 11 13 0.013577557 
681 452 11 18 0.013567191 
220 223 9 20 0.013556512 
220 557 7 15 0.013542083 
54 648 10 16 0.0135383755 
657 24 6 11 0.013527516 
20 484 21 35 0.013518553 
142 -166 102 47 0.013517619 
55 -13 6 10 0.0135145355 
742 559 43 69 0.013512755 
909 576 35 77 0.013508503 
305 3 13 21 0.01350769 
871 237 45 56 0.013497699 
665 413 39 66 0.013496207 
4 595 8 23 0.013457891 
759 571 12 13 0.013435244 
602 521 11 15 0.0134336185 
696 263 24 34 0.013422774 
570 514 22 28 0.013421169 
143 556 14 18 0.013418822 
925 672 9 14 0.0133804055 
677 216 18 28 0.013374294 
387 535 6 13 0.013349827 
568 401 39 59 0.013346562 
12 260 35 62 0.0133441575 
325 498 6 12 0.013316292 
339 510 5 13 0.013309015 
269 57 11 23 0.013295604 
749 529 46 51 0.01329255 
188 368 29 40 0.013283061 
998 402 15 33 0.013280247 
263 476 5 6 0.0132778175 
146 588 45 61 0.013252794 
772 351 35 65 0.013246547 
272 4 12 17 0.013241538 
329 391 40 50 0.013220669 
66 459 12 23 0.013202959 
181 492 10 17 0.013196003 
89 87 40 67 0.013191217 
714 300 17 36 0.013187479 
744 298 82 133 0.013176314 
-22 411 179 320 0.013165989 
377 526 5 10 0.013153524 
715 282 15 29 0.013149086 
795 512 10 23 0.013148454 
137 512 19 26 0.01314827 
287 677 6 10 0.0131481085 
282 327 11 15 0.013138676 
20 143 40 47 0.013121641 
196 571 8 18 0.0131143145 
167 567 11 18 0.013112161 
631 101 7 15 0.01310757 
82 -3 6 15 0.01309805 
783 466 11 26 0.013090853 
530 127 6 12 0.013049723 
25 602 12 26 0.013045368 
689 68 11 24 0.013038947 
188 623 16 17 0.013017463 
37 389 12 20 0.013014695 
909 472 11 13 0.013011486 
183 679 7 10 0.013003245 
401 571 7 19 0.012995959 
837 353 43 67 0.012993935 
644 99 6 17 0.012985687 
641 398 36 52 0.012981342 
769 178 36 57 0.012957549 
897 311 9 22 0.012956037 
403 291 39 55 0.012947162 
253 297 17 25 0.012923101 
682 23 7 11 0.012919398 
993 -1 5 10 0.0129173845 
818 684 13 21 0.012917057 
464 133 95 91 0.012881551 
887 690 6 13 0.012876737 
34 461 18 28 0.012871149 
339 644 4 8 0.0128663285 
920 162 14 18 0.012857852 
79 377 8 23 0.012850349 
599 530 15 19 0.0128385825 
1014 -140 12 33 0.012835362 
40 429 12 19 0.012829099 
266 297 16 23 0.012828193 
562 497 49 62 0.01282241 
263 358 213 179 0.012815079 
798 676 6 10 0.012814156 
886 528 9 25 0.012805846 
772 702 6 13 0.012784812 
55 -3 7 11 0.012777136 
1008 278 18 27 0.012747732 
379 441 19 16 0.012746395 
872 153 42 52 0.012745296 
945 256 44 80 0.0127368765 
179 699 12 18 0.012727992 
592 20 10 15 0.0126992455 
885 50 7 11 0.012688941 
504 309 33 50 0.012683357 
899 558 32 67 0.012677257 
40 441 14 22 0.012669967 
820 292 35 63 0.012666035 
693 22 9 11 0.012651571 
195 282 33 57 0.012647295 
917 175 19 22 0.012646686 
891 256 43 50 0.0126302475 
814 186 31 54 0.0126284445 
281 496 9 9 0.012626892 
6 164 37 67 0.012604899 
921 508 15 32 0.01257835 
876 288 30 64 0.012577722 
569 457 130 129 0.012577343 
576 395 17 36 0.012573993 
901 666 6 9 0.012571063 
767 354 87 132 0.0125690615 
619 23 6 11 0.0125601515 
25 671 11 16 0.012556907 
756 664 9 13 0.01255317 
801 259 31 46 0.012548761 
466 491 6 17 0.012533548 
857 539 12 35 0.012521793 
187 274 102 112 0.012517554 
998 312 12 24 0.012508233 
234 510 7 12 0.012495329 
210 485 5 12 0.0124886595 
922 316 102 124 0.012477497 
896 326 11 23 0.012474294 
935 448 14 26 0.012470043 
524 434 17 29 0.01245245 
389 525 5 12 0.012421258 
25 173 15 19 0.012420142 
211 496 4 12 0.012410126 
357 359 50 41 0.01239553 
898 438 11 24 0.012394741 
791 473 19 46 0.012378958 
893 136 39 62 0.012377884 
28 228 9 15 0.012375973 
696 636 7 12 0.012364297 
838 312 32 65 0.012358342 
702 327 15 32 0.01235381 
344 77 35 51 0.012352692 
587 419 17 31 0.012350238 
172 224 6 20 0.012331726 
820 346 14 31 0.012326739 
674 200 22 31 0.012321567 
430 226 33 62 0.012313932 
860 416 8 19 0.012312187 
636 292 34 56 0.012300428 
873 415 10 19 0.0122738425 
1002 443 9 19 0.012268462 
902 676 5 10 0.012267364 
871 485 36 85 0.012259243 
910 701 11 15 0.012250942 
517 68 8 26 0.012242025 
646 32 6 13 0.012241669 
221 239 9 17 0.012229128 
324 483 7 13 0.012224957 
675 333 18 31 0.012224544 
983 380 38 82 0.012212447 
757 557 15 17 0.012206105 
29 421 40 60 0.012206016 
37 361 12 21 0.012205121 
1010 683 11 24 0.012200408 
50 274 13 22 0.012192336 
319 344 42 42 0.012188035 
601 541 15 18 0.012185276 
23 634 15 18 0.012180907 
3 606 8 28 0.012175028 
115 102 15 23 0.012169264 
767 8 12 11 0.012168829 
894 498 17 22 0.012163545 
30 14 7 9 0.01216279 
880 374 39 76 0.012160212 
233 521 7 15 0.012159806 
841 198 35 56 0.012153747 
-1 778 80 66 0.012149105 
638 393 20 29 0.01214851 
429 342 120 101 0.012143252 
818 485 35 64 0.012138385 
581 524 24 29 0.012134269 
786 703 6 13 0.01213308 
247 42 42 80 0.012106589 
78 585 30 55 0.012104502 
118 660 10 14 0.012098934 
724 521 6 13 0.012097685 
760 152 30 53 0.01209577 
115 710 14 17 0.012082751 
237 279 44 61 0.012071896 
923 342 9 15 0.012058958 
618 337 38 52 0.012051731 
52 349 10 18 0.012037517 
415 559 7 18 0.011995805 
395 102 19 26 0.011994529 
284 487 7 8 0.011979438 
273 360 33 60 0.011970525 
825 373 30 60 0.011966487 
890 667 5 9 0.011958552 
33 171 19 19 0.011953392 
868 442 47 64 0.011950143 
426 557 8 18 0.011940418 
922 368 10 14 0.011927637 
982 258 17 22 0.011911576 
979 299 85 127 0.011902812 
77 679 14 28 0.01190237 
27 -17 10 12 0.011901152 
271 162 33 47 0.011881958 
143 50 30 46 0.011869849 
921 269 21 20 0.011859606 
632 9 7 11 0.011859104 
1004 11 4 14 0.011851942 
803 287 33 62 0.011849687 
270 69 11 22 0.011844277 
336 440 12 18 0.011841896 
783 325 33 69 0.011840043 
897 295 12 23 0.011827458 
41 671 9 15 0.011800314 
409 93 38 49 0.011795527 
398 116 16 23 0.011793904 
963 114 28 61 0.011783815 
478 200 35 57 0.0117742475 
725 289 34 71 0.01177002 
651 211 17 30 0.011762236 
191 699 13 19 0.011758778 
96 46 39 57 0.011755637 
964 149 40 59 0.011749964 
671 340 36 55 0.011749551 
200 24 40 52 0.011747511 
3 -63 35 62 0.011741468 
6 198 37 76 0.011738774 
560 297 37 57 0.011728872 
363 610 7 15 0.011726793 
256 90 34 64 0.011707522 
912 635 8 17 0.011702409 
265 269 20 22 0.011698058 
15 11 9 12 0.011677645 
299 497 6 10 0.011674255 
517 126 7 13 0.011673871 
387 582 7 18 0.0116674695 
970 281 15 22 0.011648409 
395 154 44 52 0.01164054 
147 289 5 19 0.011634819 
183 24 7 13 0.011612852 
264 285 20 22 0.011603863 
275 495 8 9 0.011597291 
18 335 41 67 0.011595242 
577 506 12 19 0.011594674 
832 700 13 17 0.011582188 
900 649 8 14 0.011580052 
802 460 42 64 0.011569332 
888 481 38 68 0.0115691265 
398 580 10 22 0.011546465 
759 472 36 67 0.011537901 
909 294 14 23 0.011536902 
337 499 6 12 0.0115287695 
416 547 6 18 0.011526575 
427 547 7 17 0.0115239015 
744 567 13 17 0.011523016 
619 9 7 12 0.011520664 
553 463 12 20 0.011517837 
500 472 9 15 0.011517831 
211 224 38 60 0.011514942 
847 619 12 21 0.011514612 
34 520 22 25 0.01151325 
741 303 14 30 0.011512131 
862 705 10 25 0.011496584 
179 504 13 21 0.011488302 
25 619 13 24 0.011484399 
253 285 18 22 0.01147355 
196 678 8 11 0.01146905 
879 241 16 25 0.011463354 
527 190 33 51 0.011460447 
233 685 10 19 0.0114590805 
33 576 37 53 0.01141777 
178 632 17 17 0.011412878 
771 650 8 12 0.011402015 
95 8 6 16 0.011401199 
514 470 9 16 0.011401199 
394 439 18 15 0.011401143 
36 102 31 45 0.011397285 
922 377 10 15 0.0113875 
661 390 32 50 0.0113828 
727 301 17 36 0.011377831 
920 491 15 18 0.0113742715 
534 403 38 58 0.011370014 
830 643 17 21 0.011363852 
91 706 13 22 0.011360113 
861 -160 36 14 0.0113596525 
5 308 34 65 0.011355284 
353 179 33 73 0.011351837 
8 562 30 61 0.011343245 
47 227 42 73 0.011339513 
322 470 8 12 0.011305895 
129 620 37 57 0.011295228 
896 508 15 29 0.0112913735 
914 675 6 11 0.011280546 
292 216 36 59 0.011268677 
924 472 9 14 0.011265703 
651 233 16 26 0.011264236 
475 304 35 57 0.011261332 
995 -170 37 91 0.011243416 
914 -3 5 10 0.011239054 
998 -133 15 44 0.011237061 
22 183 19 21 0.0112335505 
214 64 17 26 0.0112261325 
502 113 7 16 0.011223649 
886 442 8 20 0.011220538 
652 199 45 75 0.011218867 
923 356 9 13 0.011218269 
76 462 38 105 0.011213358 
278 310 15 21 0.011184853 
617 292 33 56 0.011182355 
808 215 34 55 0.0111775035 
352 -185 356 114 0.011166568 
411 568 9 20 0.01115476 
214 378 34 44 0.01115152 
353 423 59 46 0.011151258 
449 451 10 17 0.011146369 
924 647 9 15 0.011144961 
489 67 9 27 0.011139417 
949 680 11 24 0.011134486 
552 480 12 18 0.011129893 
439 625 8 11 0.011110105 
202 389 31 43 0.011099894 
307 366 39 55 0.011099658 
549 524 20 22 0.011095 
760 376 34 58 0.0110797705 
162 448 21 27 0.01106094 
377 560 5 16 0.011057613 
114 469 37 71 0.011055579 
972 296 37 69 0.01104891 
984 173 15 23 0.011038556 
420 409 42 41 0.011027547 
643 544 40 70 0.011027514 
109 70 37 57 0.01102217 
888 33 8 13 0.011020247 
49 172 16 18 0.011019842 
456 327 34 48 0.01100663 
37 -27 11 10 0.011001637 
874 688 8 15 0.010998903 
339 521 7 16 0.01099521 
93 528 7 25 0.0109950695 
992 -15 5 13 0.01098597 
746 421 34 71 0.010966986 
789 402 30 51 0.010964436 
343 354 40 36 0.010958394 
181 464 11 19 0.010938891 
395 338 233 179 0.0109373955 
51 258 13 24 0.010936477 
934 315 35 68 0.010933904 
898 517 30 67 0.010925063 
322 574 7 10 0.010919824 
852 292 31 65 0.010918887 
691 341 36 61 0.010914568 
970 438 16 37 0.010904677 
268 310 13 20 0.010890533 
1017 10 7 18 0.010883359 
951 331 6 16 0.010865589 
55 11 6 11 0.010855737 
900 690 7 13 0.010854023 
708 557 7 16 0.010847174 
229 309 47 59 0.010842949 
987 587 31 75 0.010832701 
882 312 36 69 0.010822695 
669 26 6 9 0.010819438 
366 526 5 11 0.010815484 
898 12 7 11 0.0108109545 
652 631 12 15 0.010808237 
700 280 18 33 0.010799502 
193 247 35 51 0.01079497 
795 194 36 61 0.010792068 
106 10 7 15 0.010789502 
581 153 35 35 0.010788815 
511 435 14 24 0.010787381 
78 540 12 30 0.010786373 
1002 -13 5 13 0.010783596 
164 550 16 24 0.010777193 
42 14 6 9 0.01077074 
410 454 11 16 0.010759293 
883 501 14 17 0.010758259 
809 552 30 66 0.0107560465 
390 574 6 17 0.010747094 
771 592 9 16 0.010745872 
528 466 10 20 0.010743136 
744 49 9 13 0.010728723 
10 -76 16 33 0.010726993 
713 174 30 50 0.010726891 
888 677 5 10 0.010725587 
491 56 8 21 0.010724735 
708 97 8 21 0.010724331 
259 95 9 17 0.010716822 
259 35 11 14 0.010695665 
905 507 17 33 0.010679228 
485 452 14 19 0.010675023 
49 464 14 22 0.010670914 
173 251 5 17 0.010667768 
129 676 11 16 0.010666399 
205 570 8 17 0.010661672 
688 279 19 31 0.010650369 
372 573 61 81 0.010650017 
586 552 13 18 0.010641802 
495 452 14 20 0.010640356 
54 383 28 67 0.010615167 
244 62 112 113 0.010612749 
876 677 6 12 0.010606276 
899 320 41 72 0.010605805 
160 559 37 62 0.010598763 
25 661 11 14 0.010597599 
871 399 13 18 0.010593923 
868 173 18 20 0.0105858 
527 451 13 24 0.010584451 
1 245 25 71 0.010584402 
262 489 6 7 0.010558187 
515 328 36 46 0.010549325 
627 555 12 18 0.010536391 
410 580 11 22 0.01052859 
976 685 10 16 0.010528153 
840 470 112 123 0.010524804 
266 256 21 23 0.010516287 
273 93 8 19 0.010495071 
719 67 26 64 0.010487101 
339 535 7 14 0.010455115 
312 539 6 10 0.010435383 
685 142 39 47 0.010419617 
210 472 5 11 0.01041363 
743 581 13 18 0.010407965 
613 450 41 63 0.010396014 
153 393 31 44 0.010395469 
874 544 25 61 0.010395238 
349 0 8 9 0.01038976 
336 450 14 20 0.01038834 
93 513 8 27 0.01038805 
138 537 19 26 0.0103855785 
252 272 21 22 0.010383752 
988 684 11 19 0.010383542 
391 -163 114 43 0.010375929 
929 110 137 168 0.010375733 
979 215 23 46 0.0103399595 
313 523 5 11 0.010317986 
961 411 35 74 0.010317941 
261 7 10 13 0.010296793 
917 661 52 66 0.010294138 
747 167 29 51 0.010291943 
641 613 13 16 0.010275598 
68 84 26 59 0.010274268 
696 192 36 51 0.010273775 
632 22 7 12 0.010254055 
934 285 13 13 0.010252819 
316 648 314 329 0.010247664 
990 721 31 112 0.010243466 
702 432 33 70 0.010234073 
612 551 16 21 0.0102302395 
857 229 16 27 0.010227689 
37 272 13 22 0.010213937 
910 341 11 17 0.010207426 
736 591 39 67 0.010205442 
742 356 30 54 0.0101825725 
59 537 19 31 0.010178667 
999 296 12 21 0.010169322 
871 500 13 18 0.01016581 
159 342 37 67 0.010162925 
140 296 25 68 0.01015557 
881 336 17 25 0.010155052 
996 186 15 25 0.010151137 
205 317 38 51 0.010150628 
307 15 12 20 0.01014743 
669 587 7 10 0.010136012 
25 -43 12 15 0.0101337405 
325 538 6 12 0.010131784 
364 388 42 47 0.010131454 
716 329 15 30 0.01012025 
325 175 42 76 0.010111905 
685 498 35 65 0.010105425 
546 331 30 43 0.010095746 
707 70 8 20 0.010094888 
186 325 33 56 0.01009487 
842 508 15 29 0.010089448 
947 557 29 61 0.010082003 
102 152 33 60 0.010080898 
36 377 13 20 0.010075571 
1000 424 10 22 0.010070815 
798 167 33 52 0.010063565 
922 297 11 17 0.010062399 
907 367 15 16 0.010058548 
345 116 39 56 0.010053474 
131 61 33 62 0.010049076 
470 338 39 53 0.010039176 
168 20 9 16 0.01002459 
858 246 14 19 0.010020853 
346 441 13 17 0.010016256 
1016 19 7 23 0.010014218 
668 576 6 11 0.010011826 
962 696 10 18 0.010010669 
