36_Football_americanfootball_ball_36_234
1859
331 87 116 145 0.99961567 
533 1232 14 47 0.08453622 
557 1158 18 45 0.08353242 
461 914 206 465 0.07164953 
955 1063 7 24 0.06227774 
989 1102 5 15 0.059153862 
969 846 8 30 0.0576663 
989 833 6 21 0.057168238 
972 1083 6 18 0.05665495 
988 813 6 27 0.05649924 
974 1101 4 16 0.05514908 
-158 -54 175 451 0.054788724 
969 792 7 31 0.05432394 
320 1192 7 29 0.051926102 
986 795 7 29 0.050807104 
989 1085 5 16 0.050454147 
336 1194 7 27 0.050412565 
336 1212 7 26 0.050013304 
939 654 4 12 0.04923957 
455 777 6 26 0.04893353 
336 1228 7 25 0.048544567 
1004 1085 6 16 0.04852794 
988 848 6 25 0.048473325 
913 1276 11 26 0.04784997 
336 1175 6 28 0.047174457 
986 916 6 24 0.047162883 
614 1174 9 24 0.046977434 
865 777 12 37 0.046014454 
970 914 7 26 0.045613825 
987 933 6 24 0.045608167 
971 810 7 29 0.04448026 
334 1160 7 27 0.0443942 
602 475 8 33 0.043826383 
599 1162 12 27 0.04381196 
304 1191 6 30 0.043704093 
937 1063 6 22 0.043472525 
971 830 6 24 0.04325288 
320 1157 7 29 0.043084517 
921 1059 6 28 0.043002665 
321 1209 7 28 0.042985108 
990 1117 5 15 0.042854846 
1003 1102 6 14 0.042653218 
319 1176 6 28 0.042562284 
971 929 6 26 0.042081933 
613 471 11 42 0.04198489 
913 774 13 42 0.04195522 
1000 815 7 26 0.041911624 
846 775 13 38 0.041887484 
967 778 8 30 0.0414456 
334 1244 9 26 0.04082504 
-233 972 285 506 0.040001042 
956 1048 7 22 0.039519034 
601 1174 12 29 0.039412014 
573 1303 18 41 0.039171904 
878 783 15 52 0.039022613 
599 1190 12 32 0.03893949 
378 39 115 169 0.038892854 
954 655 4 11 0.03886188 
302 1175 7 30 0.038812567 
413 1161 9 28 0.03878825 
991 1136 4 15 0.038747277 
923 656 4 11 0.038595587 
968 1066 6 19 0.038549088 
229 1287 12 42 0.03838351 
488 1227 9 28 0.038375378 
798 454 198 270 0.03832192 
986 899 7 24 0.038306378 
954 671 4 12 0.03794631 
921 1044 6 28 0.037814487 
412 1291 12 31 0.037772175 
813 1290 9 29 0.037717577 
970 895 8 28 0.03764868 
967 857 9 37 0.03749127 
1000 834 7 22 0.037462898 
990 1067 5 17 0.03745644 
467 1150 6 18 0.037441812 
601 459 9 33 0.037402987 
948 786 11 44 0.03700174 
939 671 4 11 0.036993116 
61 405 17 47 0.036898542 
988 948 7 24 0.03686661 
766 467 13 30 0.036617924 
998 796 8 29 0.03659834 
454 796 7 24 0.036466185 
579 427 12 36 0.036307734 
955 1081 5 19 0.036193915 
801 1308 10 31 0.036137145 
917 1289 9 25 0.035872974 
972 1118 4 16 0.035736654 
1000 849 7 27 0.035595007 
987 780 7 28 0.035573907 
935 1294 7 20 0.035560932 
467 758 9 37 0.035474487 
932 775 12 39 0.03536429 
506 1082 5 18 0.03535535 
898 775 12 39 0.03510456 
924 671 4 11 0.035084706 
396 1173 14 36 0.034860503 
354 1227 7 25 0.034847338 
990 1204 4 14 0.034746923 
306 881 5 26 0.034622703 
710 325 14 30 0.034596357 
989 1002 5 17 0.034581847 
321 1226 7 26 0.034581218 
812 1308 11 32 0.03456569 
440 867 5 21 0.03435707 
799 142 10 35 0.03416403 
539 1217 18 56 0.034094106 
533 1211 12 37 0.033998396 
1004 1202 6 15 0.03399245 
301 1209 8 29 0.033932567 
64 375 14 37 0.033881653 
546 382 209 337 0.033735387 
988 963 7 27 0.033730727 
662 326 11 29 0.033727538 
1004 1003 6 18 0.0337274 
467 746 8 27 0.033569712 
327 1256 14 36 0.03321067 
830 776 15 39 0.03304687 
306 895 5 27 0.032893967 
167 499 7 23 0.032730058 
354 1211 7 27 0.032636426 
744 1284 12 43 0.032595728 
968 1265 7 15 0.03256965 
998 778 8 32 0.032553293 
284 1143 9 31 0.032260608 
517 1213 9 25 0.0322191 
582 1171 12 31 0.03220663 
454 815 6 23 0.032186866 
954 689 5 11 0.032089952 
439 848 6 23 0.031922292 
1003 1135 5 15 0.03191927 
842 350 16 48 0.031803824 
353 1244 7 25 0.03174608 
951 843 9 37 0.03173376 
305 867 5 18 0.03136343 
989 1018 6 17 0.031146472 
430 1247 9 24 0.031132415 
835 1297 7 23 0.031085912 
594 1203 13 37 0.031083386 
537 859 7 31 0.031046078 
288 867 6 21 0.031045351 
1002 1117 6 15 0.030895464 
300 1159 7 29 0.03071778 
802 129 8 26 0.030539105 
950 821 10 38 0.030516967 
401 1164 12 29 0.030495493 
979 172 11 45 0.03042399 
982 1294 7 20 0.0303939 
20 1083 5 18 0.03037564 
817 648 8 22 0.030335048 
512 793 11 38 0.030333197 
502 1182 7 21 0.030298365 
22 1099 4 17 0.030218923 
800 1294 8 28 0.030208364 
419 1261 12 31 0.030105963 
354 1195 7 26 0.030105036 
732 1286 12 41 0.030023944 
1001 965 7 25 0.02990999 
415 1175 9 28 0.029781884 
271 865 6 25 0.029716028 
776 475 13 28 0.029693594 
931 1308 10 27 0.029670447 
1004 985 5 20 0.029658068 
361 326 15 39 0.029609192 
435 747 7 26 0.029577712 
987 1253 5 14 0.029544646 
167 512 9 27 0.029530173 
39 1115 5 19 0.029377438 
989 1220 4 14 0.029354505 
988 1035 5 16 0.029332813 
353 1179 7 23 0.02921093 
519 1182 7 22 0.029151464 
467 1212 7 21 0.029077671 
990 1186 5 15 0.029019421 
517 1194 8 26 0.02899342 
938 639 4 12 0.028878797 
23 1115 5 19 0.028723989 
987 864 7 26 0.028706953 
807 268 22 45 0.028654434 
536 1048 5 16 0.028607054 
1004 1184 6 16 0.028523609 
319 1144 8 26 0.028514674 
880 1274 11 26 0.028453827 
520 1227 11 31 0.028383017 
1002 1068 6 19 0.028262319 
266 827 9 31 0.028253833 
504 1100 5 16 0.028207112 
1005 1219 6 14 0.028187381 
899 1293 9 22 0.028162688 
556 351 21 55 0.028120212 
867 1309 10 27 0.028071836 
989 984 5 21 0.028062614 
38 1099 5 18 0.028051691 
503 1151 6 18 0.028027765 
898 1307 12 30 0.02800845 
297 1246 10 28 0.027996138 
504 794 9 33 0.027979605 
119 467 7 20 0.027968552 
518 825 8 33 0.027918166 
230 82 13 49 0.02789958 
466 1197 7 20 0.02786508 
533 845 7 31 0.027858268 
467 790 11 34 0.02785136 
281 358 10 31 0.027821505 
502 1194 7 23 0.027806178 
393 1199 18 52 0.027711203 
527 299 17 53 0.027673688 
1003 1017 6 20 0.027654257 
151 485 8 19 0.027604187 
937 1047 6 21 0.027583564 
917 1307 11 29 0.027581982 
1006 1233 6 15 0.02756118 
38 1084 4 16 0.02749965 
585 456 9 32 0.027493097 
882 1309 10 28 0.027436916 
988 880 7 25 0.027423875 
489 1183 6 19 0.02741926 
1005 1253 7 15 0.027343571 
966 160 8 36 0.02713784 
323 899 5 23 0.027086249 
21 1068 4 16 0.027061645 
989 1051 5 15 0.027031202 
599 442 10 33 0.027016839 
923 689 4 10 0.02695098 
414 1147 9 23 0.026944414 
515 305 15 44 0.02692921 
1000 948 7 24 0.026834758 
101 381 9 26 0.026758987 
68 364 10 24 0.026715599 
461 124 12 39 0.026699603 
283 378 9 30 0.026623728 
501 1164 6 19 0.026576072 
727 268 232 253 0.026553651 
923 639 4 11 0.026549488 
833 1309 10 30 0.02654304 
983 1311 9 24 0.026386306 
990 1151 5 14 0.026385728 
286 1246 10 27 0.026353434 
613 1191 9 27 0.026319921 
972 672 4 11 0.026317868 
299 1227 9 28 0.026310742 
256 364 6 22 0.02630673 
831 350 15 47 0.026272092 
134 501 8 20 0.026250418 
428 1260 11 32 0.026241908 
152 462 9 26 0.02623422 
322 915 5 27 0.02621812 
449 105 13 43 0.026210994 
287 880 6 30 0.026082467 
467 1184 6 18 0.026081244 
536 1148 7 22 0.025983108 
136 485 7 17 0.025982972 
35 1291 8 27 0.02595204 
55 1233 6 21 0.025917133 
311 223 15 49 0.025891107 
319 1247 9 26 0.025885563 
495 1225 11 31 0.02587438 
505 1068 5 16 0.025796844 
268 351 6 19 0.025743166 
583 1142 14 26 0.025731206 
1071 596 149 401 0.025731124 
183 513 8 25 0.025705026 
998 1310 12 27 0.025671463 
488 1195 6 22 0.025656102 
80 378 11 31 0.025654618 
49 1308 10 32 0.025640698 
970 1293 8 21 0.025601836 
597 9 46 138 0.025596213 
298 392 12 36 0.025575114 
500 773 11 41 0.025560025 
283 344 9 28 0.025533961 
589 1217 16 42 0.025523044 
1000 864 7 28 0.025465135 
904 690 4 10 0.02544153 
655 328 8 25 0.0254215 
148 1149 9 23 0.025416937 
931 357 11 38 0.025363483 
937 1079 6 22 0.02534861 
455 1248 7 21 0.025269095 
545 337 19 53 0.025236337 
456 750 6 22 0.025208881 
101 446 8 23 0.025175963 
969 1280 9 22 0.025156451 
967 1049 6 19 0.025096806 
55 1196 6 21 0.025037065 
971 655 4 11 0.025036639 
534 1191 10 29 0.02502821 
537 1065 5 18 0.02501657 
467 1229 8 22 0.025010873 
184 499 8 24 0.02498144 
72 652 5 16 0.024974648 
1004 297 8 26 0.02492888 
531 1302 13 43 0.024925845 
902 1275 12 27 0.024922403 
1003 1034 6 17 0.024919275 
267 92 9 30 0.024907285 
847 1308 11 31 0.024901401 
487 1100 6 17 0.024875108 
775 28 220 250 0.02483444 
234 380 8 30 0.024833737 
822 574 4 10 0.024778651 
984 161 7 29 0.02477371 
632 21 43 139 0.024752008 
299 297 10 24 0.024739986 
306 1110 7 24 0.024701275 
538 1082 6 19 0.024700955 
51 1290 9 28 0.024665812 
988 1238 5 14 0.024636075 
335 1146 7 23 0.024629308 
583 1229 16 43 0.024502637 
1005 1267 7 15 0.024480099 
972 946 6 24 0.024453966 
458 1196 6 19 0.024449823 
-34 23 209 234 0.024445148 
249 69 12 42 0.02443845 
38 1198 5 19 0.024428489 
253 381 7 24 0.02437835 
519 1085 5 16 0.024353962 
535 1099 6 19 0.024341611 
905 672 4 10 0.024327086 
521 1100 6 17 0.024310956 
265 503 8 16 0.024282381 
266 362 7 24 0.024281593 
79 411 12 36 0.024281373 
913 815 13 55 0.024227038 
504 1115 5 17 0.024218302 
374 159 98 130 0.024211772 
613 1207 10 26 0.024181437 
667 345 8 23 0.024180662 
467 1162 7 19 0.024165587 
665 1207 8 28 0.024080098 
972 962 6 28 0.024074337 
1000 916 7 26 0.024056079 
99 424 13 35 0.024043133 
40 1130 5 20 0.023986684 
322 931 5 24 0.023972781 
971 688 4 11 0.023961946 
353 1162 7 23 0.023902835 
401 1290 11 27 0.023872457 
465 98 9 26 0.023810744 
251 1245 10 27 0.023769965 
54 1214 6 20 0.023753643 
521 1113 6 19 0.023707554 
285 1209 8 30 0.023705017 
931 816 13 48 0.023670342 
55 1248 6 19 0.023668328 
395 246 71 113 0.023644593 
469 1133 6 17 0.023630586 
537 1113 7 20 0.023585172 
982 1281 9 21 0.023575459 
940 689 4 11 0.023565669 
153 500 7 20 0.023508525 
871 656 4 11 0.023486793 
538 1132 7 22 0.023482682 
264 1244 10 28 0.023460861 
299 309 11 31 0.023453778 
467 1261 8 24 0.02338628 
345 1285 12 41 0.023376958 
267 74 9 33 0.023334507 
439 885 6 20 0.02328955 
685 1162 8 24 0.02328694 
119 1306 10 31 0.023263332 
1000 932 7 27 0.023233917 
456 1067 4 15 0.023230407 
705 327 11 27 0.02318566 
520 1149 6 20 0.02318149 
453 1261 8 25 0.023163714 
984 1268 7 14 0.023161393 
483 761 10 35 0.023159087 
465 1247 7 22 0.023158269 
54 1180 6 20 0.023138858 
489 1151 5 17 0.023134457 
322 1065 5 19 0.023129662 
935 379 7 25 0.023113575 
284 79 9 28 0.023098877 
732 273 15 35 0.023050323 
252 566 9 23 0.023005225 
796 153 14 54 0.022986744 
432 1231 9 22 0.02292716 
487 1083 6 17 0.02290386 
821 176 133 152 0.022856684 
65 1309 11 31 0.022843644 
838 283 27 50 0.022778045 
698 948 296 588 0.022762872 
934 1279 9 22 0.022736747 
520 1066 6 17 0.022731388 
264 1284 13 44 0.022693103 
37 1216 6 18 0.022685895 
564 7 44 136 0.022663102 
520 1165 7 18 0.022659574 
196 76 16 54 0.0226438 
431 1195 8 22 0.022622367 
23 1133 5 18 0.022613203 
350 1259 10 29 0.022609506 
518 853 10 39 0.022580221 
696 1271 12 36 0.022568386 
379 337 14 45 0.02252834 
417 1239 11 32 0.022514846 
893 844 16 61 0.022505786 
988 1169 5 15 0.022493813 
267 377 8 27 0.022488406 
867 767 9 24 0.022481596 
1000 898 7 25 0.022474017 
648 1307 11 34 0.022467086 
551 866 6 24 0.02242773 
1003 1151 5 14 0.0223735 
536 1179 9 25 0.022368634 
956 539 5 10 0.022362838 
627 486 13 42 0.022352591 
287 1130 6 22 0.022335446 
85 448 8 23 0.022331856 
784 647 8 24 0.022320125 
519 1132 7 20 0.022318246 
999 880 7 26 0.022291496 
489 1165 6 17 0.022281133 
934 399 6 25 0.02225463 
781 467 10 23 0.022251228 
1000 138 7 17 0.022249542 
213 78 15 53 0.02221745 
283 95 10 27 0.022214685 
284 313 9 25 0.02218849 
894 811 17 62 0.022177422 
817 343 12 34 0.02217737 
455 1232 6 19 0.022138026 
-6 737 275 540 0.022124449 
797 338 14 38 0.022109274 
503 1132 6 18 0.02210805 
321 1082 5 18 0.022107553 
318 1130 7 23 0.022107165 
318 1257 15 38 0.022063708 
485 1213 8 25 0.02205424 
969 876 8 31 0.02205152 
149 313 10 27 0.02203802 
439 765 6 27 0.022028413 
850 1292 8 22 0.022002725 
246 1304 12 39 0.021992182 
1005 1167 6 17 0.02198992 
868 1295 8 22 0.0219856 
949 942 10 35 0.021981666 
547 1304 13 38 0.021970779 
732 465 11 31 0.021964798 
53 1115 6 18 0.0219615 
453 868 6 19 0.021917587 
255 352 6 18 0.021904387 
151 447 9 25 0.021882083 
349 1144 8 24 0.02187133 
333 1304 12 38 0.021844082 
472 1082 5 17 0.021838522 
889 689 4 11 0.021833831 
531 831 8 27 0.021821074 
284 60 9 30 0.021794878 
954 702 5 12 0.021790287 
938 538 5 12 0.02173952 
889 671 3 11 0.021653015 
905 656 5 11 0.02164543 
917 498 8 22 0.021613033 
537 1162 8 21 0.021602789 
363 1257 11 32 0.021597987 
468 732 7 23 0.021579353 
255 500 7 15 0.021577893 
104 466 7 22 0.021564955 
452 848 6 21 0.021551793 
487 1116 5 16 0.021551382 
848 1276 11 26 0.021549031 
82 365 9 24 0.021525957 
169 485 7 18 0.02151441 
652 1247 9 24 0.021502336 
594 1146 13 21 0.021471038 
50 398 12 37 0.02144994 
523 1036 4 16 0.021407252 
888 608 4 9 0.021325136 
1002 207 9 36 0.021319335 
1001 1295 7 19 0.021300728 
246 206 13 35 0.02126684 
922 574 4 9 0.02125995 
513 271 14 39 0.0212511 
1003 1282 8 18 0.021247907 
285 1227 9 28 0.021234283 
466 811 11 31 0.021227313 
166 466 7 19 0.02118718 
73 637 4 14 0.021185702 
485 97 8 24 0.021176651 
877 810 18 61 0.021163154 
269 1143 7 28 0.021112172 
36 1249 6 19 0.021109732 
887 656 4 11 0.021076005 
922 556 4 10 0.021062521 
268 110 8 28 0.021051083 
938 522 5 12 0.021043241 
548 1179 15 44 0.021040402 
537 1036 5 15 0.021040289 
329 1273 14 41 0.021036245 
247 238 13 38 0.021008333 
364 1223 10 30 0.020987349 
453 830 6 23 0.02098015 
787 146 7 25 0.020980023 
905 607 4 10 0.02096462 
988 689 5 10 0.020963738 
448 136 13 43 0.020961199 
955 639 5 11 0.020949174 
285 831 7 25 0.020947834 
681 493 9 32 0.020946378 
906 574 4 9 0.020940071 
862 352 15 43 0.020931687 
250 1259 11 28 0.02093054 
280 458 11 33 0.020928355 
535 6 43 132 0.020910533 
798 360 12 33 0.020903757 
952 911 8 28 0.020890955 
662 446 11 29 0.020873979 
72 669 4 14 0.020873522 
266 255 11 33 0.020849984 
538 873 7 35 0.020848865 
413 1222 12 35 0.020829353 
523 1048 5 17 0.020823576 
36 1234 6 19 0.020802034 
401 1306 15 34 0.020799352 
564 1146 15 31 0.020774446 
317 1113 6 21 0.020737095 
888 574 4 9 0.020676427 
1019 -88 226 497 0.02064569 
302 225 13 39 0.020645179 
120 483 6 19 0.020642905 
824 282 23 51 0.020623902 
528 330 19 55 0.02061101 
862 812 18 56 0.020610651 
905 623 4 9 0.020609722 
-140 -25 73 151 0.0206031 
823 588 4 10 0.020592827 
553 881 5 22 0.020591356 
900 767 9 26 0.02056851 
602 496 8 27 0.020561876 
33 1265 8 22 0.020554468 
270 516 7 16 0.020528482 
20 1051 5 17 0.0205248 
892 334 18 45 0.020496506 
785 499 9 21 0.020470243 
632 1242 11 29 0.020453937 
569 1294 12 33 0.020427827 
365 1242 9 29 0.020411346 
511 252 14 39 0.020400384 
265 580 8 24 0.020370651 
806 648 7 20 0.020365462 
457 1184 6 17 0.02036187 
262 1259 13 33 0.02034003 
302 280 8 25 0.020331774 
234 363 8 27 0.020311126 
352 330 11 31 0.020304693 
913 481 11 28 0.020304447 
620 514 8 26 0.020276522 
513 334 18 46 0.020272551 
482 744 10 34 0.020264782 
971 639 5 11 0.02025732 
906 639 4 10 0.020257046 
286 1258 11 31 0.020248663 
983 296 9 26 0.02024601 
481 792 11 33 0.020233246 
269 844 9 29 0.020230405 
500 95 10 28 0.020179326 
883 1292 9 23 0.020159861 
129 1290 12 36 0.02014257 
457 1150 5 16 0.02013483 
771 646 7 23 0.020134019 
950 928 9 31 0.020124039 
9 984 5 17 0.020106394 
137 1147 9 26 0.020094018 
597 246 12 26 0.020083647 
1003 1052 5 16 0.020082437 
300 45 9 28 0.020077674 
651 1210 8 24 0.020044046 
370 1181 7 22 0.02001204 
670 1181 7 18 0.020005167 
219 566 8 21 0.019986093 
134 515 8 24 0.01998224 
881 880 13 56 0.019924201 
768 444 9 22 0.019921707 
417 248 121 159 0.019896733 
38 1068 4 16 0.019884037 
211 1271 17 39 0.01987734 
612 1223 12 30 0.019873997 
337 900 5 20 0.019803394 
969 1310 8 24 0.01980325 
338 918 5 22 0.019803157 
457 1213 6 20 0.019778252 
34 1272 10 30 0.019740578 
871 1273 11 27 0.019724632 
939 556 3 10 0.019719563 
652 348 8 21 0.019715415 
985 149 7 21 0.019714179 
878 333 19 48 0.01970736 
301 1145 7 26 0.019696997 
121 501 6 19 0.01968543 
51 378 12 30 0.019679349 
472 1100 5 16 0.019666769 
666 1246 9 25 0.019644996 
9 1118 5 18 0.01964111 
889 589 4 9 0.019622091 
988 674 4 11 0.01961939 
585 1193 12 32 0.019566141 
717 369 9 21 0.019559322 
340 937 5 18 0.019552223 
304 911 6 30 0.019548073 
716 1308 10 33 0.01950866 
481 724 12 35 0.019490194 
323 884 5 19 0.019478584 
817 637 7 17 0.019474886 
905 589 5 9 0.019470017 
895 886 13 52 0.01945072 
985 769 7 24 0.01944328 
762 337 13 32 0.019418439 
585 480 8 30 0.019414337 
111 256 15 45 0.019405106 
350 1092 7 27 0.01938937 
471 1118 6 15 0.019340279 
502 1210 8 27 0.019337425 
907 558 4 9 0.019331044 
1000 117 8 22 0.01932258 
249 274 10 30 0.019305704 
151 329 8 24 0.019302823 
367 1195 9 26 0.019297501 
615 342 11 35 0.019288639 
562 1234 13 39 0.01927504 
72 621 5 14 0.01927496 
270 278 8 26 0.019261101 
237 352 6 19 0.019210536 
485 113 9 24 0.019192396 
418 710 11 30 0.019184552 
282 41 11 36 0.019164348 
361 347 16 50 0.01914825 
52 1131 5 20 0.019147798 
285 395 9 29 0.019137504 
871 609 4 8 0.019120261 
135 466 8 21 0.019119786 
683 512 9 30 0.019110648 
10 1085 5 17 0.019098917 
889 622 3 10 0.019095005 
52 1147 6 19 0.019083355 
10 1101 4 17 0.019054465 
552 849 7 25 0.019010486 
268 485 7 17 0.019006928 
267 809 9 30 0.018951483 
-97 -100 726 1491 0.018944273 
633 1178 8 21 0.018943794 
870 640 4 10 0.018939566 
268 130 8 24 0.018937862 
10 1071 4 15 0.018937055 
956 556 4 9 0.018931536 
671 1166 7 20 0.01891725 
635 1197 8 21 0.018895328 
288 301 6 19 0.018893935 
532 813 8 30 0.018869223 
988 638 5 12 0.018846398 
301 64 9 25 0.01884465 
438 832 6 24 0.018843496 
889 558 4 10 0.018829852 
89 1273 17 39 0.01881665 
265 37 12 42 0.018774636 
871 622 4 10 0.018772691 
252 488 6 15 0.018768083 
950 765 9 29 0.01876111 
664 318 9 21 0.01875186 
287 849 7 25 0.01873214 
448 80 11 28 0.01872465 
332 276 14 36 0.018723454 
183 529 9 28 0.01871022 
632 1307 11 35 0.018696543 
56 1099 6 18 0.018692197 
970 1035 5 17 0.018683504 
166 1305 12 35 0.018682884 
40 1147 5 18 0.018670585 
283 327 10 27 0.018664742 
632 1226 11 26 0.018654438 
216 1305 12 36 0.018623773 
852 393 10 33 0.018602736 
186 484 7 18 0.018578516 
301 252 12 38 0.018567642 
54 1164 5 19 0.018562376 
167 313 9 27 0.018560749 
917 356 12 38 0.018559566 
750 464 11 31 0.018552639 
268 1128 7 26 0.018540975 
805 635 6 15 0.018511556 
923 538 4 11 0.018505637 
251 128 9 28 0.018463168 
957 524 4 10 0.018460391 
853 411 9 28 0.018448392 
91 535 5 17 0.018432165 
510 223 14 37 0.018397287 
286 1192 8 32 0.018386638 
307 1096 5 22 0.01837547 
921 589 5 9 0.018359942 
682 327 11 28 0.018353926 
667 1228 8 26 0.01833694 
848 1265 9 22 0.01832344 
250 106 10 36 0.018323299 
783 360 11 29 0.018314045 
931 890 13 40 0.018296946 
571 998 6 15 0.018295811 
973 1136 4 16 0.01828558 
788 133 6 21 0.018266361 
250 390 10 33 0.018264912 
838 575 4 9 0.01825969 
922 622 4 11 0.01825668 
923 704 4 10 0.01824242 
864 395 10 30 0.018239183 
1005 522 5 14 0.018237792 
556 900 5 20 0.01823732 
487 1132 5 18 0.018233187 
150 363 9 26 0.018222563 
781 656 10 31 0.018189505 
467 81 9 24 0.018182086 
484 79 9 26 0.018181298 
232 127 12 30 0.01818057 
782 512 11 25 0.018171161 
496 289 15 40 0.018134313 
743 272 17 36 0.018123122 
304 1128 7 23 0.018119782 
350 1130 8 25 0.018107418 
560 238 18 47 0.018092945 
182 81 13 47 0.018027026 
464 1292 9 31 0.018015927 
1015 1308 11 30 0.018000592 
352 1108 8 27 0.017960455 
928 846 15 54 0.017951954 
212 51 17 51 0.017947508 
89 516 6 19 0.017920392 
654 443 12 31 0.01789399 
870 1264 9 22 0.01789182 
240 486 6 15 0.017890355 
269 334 6 19 0.017883396 
881 847 17 64 0.017860664 
713 276 14 33 0.017858185 
985 286 8 21 0.017856823 
949 1311 9 22 0.017851079 
936 503 5 16 0.017847467 
972 539 5 10 0.01784557 
612 1238 14 32 0.017839555 
387 1175 9 28 0.01783502 
583 245 12 31 0.017832696 
403 1146 10 20 0.017832447 
297 339 13 34 0.017820273 
717 466 11 28 0.017810887 
1006 688 4 12 0.017801339 
1017 1251 7 17 0.017797252 
882 480 10 26 0.017795887 
868 413 7 24 0.01778513 
1006 672 5 12 0.017783124 
972 982 6 22 0.017698647 
90 670 5 14 0.017647242 
57 1083 4 18 0.017639192 
90 619 5 15 0.017622707 
9 1053 4 16 0.017618258 
364 376 13 34 0.01761664 
765 360 11 27 0.017557904 
228 188 14 38 0.017554376 
665 1307 10 34 0.017535875 
449 1288 11 36 0.017530208 
105 518 5 17 0.017514315 
652 1228 8 24 0.017502151 
915 909 12 40 0.017482065 
576 252 17 46 0.01747731 
515 416 47 92 0.017475694 
733 364 9 23 0.017464139 
136 361 8 24 0.017446855 
457 1163 6 18 0.01743041 
148 1293 9 30 0.017424483 
210 1257 15 29 0.01740971 
103 393 9 28 0.017403929 
768 434 8 19 0.017395932 
752 173 119 138 0.017389102 
718 382 8 19 0.017357655 
21 1033 6 18 0.01735108 
543 432 18 38 0.017325033 
759 260 19 32 0.017323945 
904 703 5 11 0.017301694 
938 572 4 10 0.01729259 
787 638 5 15 0.01729097 
854 608 4 9 0.017276311 
751 404 8 15 0.017248904 
586 499 7 26 0.01721323 
54 621 5 15 0.017211791 
223 365 6 23 0.017202279 
928 290 19 37 0.017195838 
419 1192 9 30 0.01718179 
54 635 5 14 0.017179044 
845 324 16 35 0.017177634 
685 1176 8 24 0.017175581 
301 482 8 19 0.01716204 
966 767 8 26 0.01715522 
106 501 5 18 0.017149562 
89 500 5 19 0.017131928 
922 521 5 13 0.017112719 
653 432 9 21 0.017109822 
633 531 8 22 0.017109767 
484 129 9 25 0.017091157 
119 449 8 22 0.017041069 
22 998 6 22 0.017036803 
246 1273 13 33 0.017007459 
516 91 11 34 0.017002175 
769 682 8 20 0.016986208 
989 556 4 10 0.016975394 
951 150 11 48 0.016971024 
549 1129 10 25 0.016964814 
886 416 7 22 0.016960703 
804 659 8 23 0.016959239 
154 516 7 21 0.016958715 
972 556 4 10 0.016958613 
768 555 6 12 0.016942656 
278 1287 11 38 0.016940242 
456 1083 5 16 0.016935049 
34 1309 9 31 0.016930334 
195 49 18 52 0.016929954 
348 353 11 38 0.016929574 
39 1182 5 18 0.01692627 
784 1310 10 31 0.01692624 
463 161 10 30 0.016916657 
-82 -26 141 192 0.016913017 
336 10 118 133 0.01690773 
757 4 55 136 0.01690674 
950 1295 7 19 0.016891854 
698 412 9 24 0.016891142 
665 1131 8 21 0.016890982 
553 1147 10 27 0.016890652 
939 703 4 11 0.016880644 
40 135 247 239 0.016879996 
855 622 4 10 0.016874474 
500 77 10 30 0.01687037 
231 222 14 38 0.016864287 
971 525 5 11 0.016861932 
636 1208 9 25 0.016849069 
149 349 9 23 0.016839275 
9 968 4 17 0.016826428 
68 1233 8 22 0.016816556 
530 273 13 39 0.016814647 
517 1250 12 34 0.016811118 
267 148 9 24 0.016805239 
501 112 10 26 0.016771017 
662 22 47 143 0.016768958 
632 1259 12 31 0.016763657 
9 1035 4 16 0.016763374 
731 341 12 30 0.016750112 
812 122 16 36 0.016731778 
485 1260 9 27 0.016730303 
549 126 12 32 0.016727306 
824 561 3 10 0.016726844 
304 852 6 20 0.01672483 
223 350 6 19 0.016688146 
911 339 16 41 0.01667908 
650 1261 11 26 0.016673215 
668 369 7 17 0.016672136 
448 64 11 27 0.016670888 
516 110 11 30 0.016662149 
565 125 12 35 0.016658492 
337 1110 7 23 0.016653074 
595 1294 10 27 0.016651606 
988 538 5 11 0.016639944 
921 378 8 28 0.016638203 
221 335 7 19 0.016637353 
23 1014 5 20 0.016627684 
433 1184 6 17 0.016610086 
969 269 7 19 0.016599918 
335 342 11 33 0.016580919 
883 767 9 23 0.016573425 
988 655 5 11 0.016567692 
232 252 13 37 0.016563542 
348 379 10 29 0.016557468 
146 205 15 42 0.01655734 
283 112 9 26 0.016543653 
324 869 5 16 0.016538458 
970 1256 6 13 0.016532319 
703 318 10 21 0.016524836 
988 525 5 11 0.01652441 
656 318 7 20 0.016523387 
502 822 11 38 0.0165084 
573 352 20 50 0.016489109 
564 227 13 31 0.016486557 
300 97 9 25 0.016476523 
966 143 8 30 0.016461449 
308 405 16 39 0.016447289 
432 1211 9 23 0.016445493 
319 1097 6 22 0.01643899 
70 1250 7 18 0.016438821 
263 224 12 33 0.016436594 
476 290 16 41 0.016435638 
483 1294 8 28 0.01642317 
467 63 9 26 0.01642303 
949 1279 8 19 0.016421592 
750 361 10 25 0.016421096 
383 431 11 21 0.01640257 
236 336 6 17 0.016395066 
429 1292 9 28 0.0163869 
464 176 10 33 0.016378615 
616 260 13 26 0.016367795 
88 636 5 15 0.01636758 
805 588 5 10 0.016362216 
455 1051 5 14 0.016353408 
116 382 8 22 0.016351553 
920 606 5 10 0.01634134 
955 1102 5 17 0.016318634 
881 369 12 38 0.016312223 
549 1111 10 27 0.016311934 
674 256 16 28 0.016311781 
315 1309 10 31 0.016304925 
669 486 11 37 0.016304575 
771 571 5 11 0.016295966 
527 431 22 44 0.016292807 
498 1238 11 32 0.016286053 
805 621 5 13 0.016268972 
301 114 9 25 0.016221846 
466 1277 9 26 0.016220126 
470 1068 5 15 0.016215213 
768 494 9 22 0.016204052 
653 1198 7 20 0.016204035 
888 639 4 10 0.01620158 
431 726 9 29 0.016161308 
650 417 9 20 0.016143857 
231 149 12 24 0.016125698 
320 478 10 26 0.016121024 
683 346 9 23 0.016120162 
112 284 16 46 0.016110355 
854 655 5 12 0.016092718 
1020 1100 5 15 0.01608473 
529 238 15 37 0.01608212 
465 1309 10 32 0.016076492 
796 259 19 34 0.016036391 
985 269 7 20 0.016026998 
88 652 5 16 0.016026154 
283 480 9 21 0.016024817 
737 555 5 12 0.016007766 
454 736 7 19 0.01599826 
872 670 5 12 0.015977241 
169 449 7 19 0.015960718 
366 463 12 29 0.015950069 
596 403 15 41 0.015943866 
339 1081 5 20 0.015939102 
1004 287 7 19 0.015938668 
584 231 10 23 0.015934601 
938 623 5 10 0.015932865 
665 1290 10 32 0.01592853 
230 176 13 29 0.015917651 
299 81 9 25 0.015914815 
496 210 14 31 0.015903385 
102 553 6 20 0.015898325 
315 277 11 30 0.015854467 
428 62 16 32 0.015852084 
551 78 236 217 0.015847027 
282 1271 12 37 0.015837183 
482 1309 11 32 0.015826471 
131 285 15 44 0.015823765 
70 348 8 23 0.01581946 
56 653 5 14 0.015810207 
642 249 18 22 0.015786162 
98 267 14 48 0.015771927 
948 247 10 27 0.015758995 
206 61 143 153 0.015737915 
826 478 23 34 0.01573623 
332 257 13 36 0.015721424 
255 336 6 17 0.015707063 
262 189 14 36 0.015706075 
532 86 12 41 0.015700113 
716 1275 10 29 0.015695678 
872 590 3 8 0.015674459 
870 467 8 18 0.015674327 
939 288 18 39 0.015670503 
269 396 9 28 0.015654122 
632 1167 8 19 0.015642598 
56 670 4 14 0.015639955 
1004 501 6 21 0.015599222 
71 1179 6 23 0.015598217 
135 350 7 20 0.015587079 
338 393 9 26 0.015583331 
698 428 10 26 0.015556859 
136 446 8 24 0.01554861 
86 465 7 23 0.015538352 
946 359 10 30 0.0155366175 
836 667 7 18 0.015520521 
770 661 9 25 0.015505461 
459 480 17 25 0.0155016035 
266 165 10 25 0.015495229 
515 1305 12 40 0.015474201 
427 711 12 29 0.015465273 
201 566 9 24 0.015431217 
681 1289 10 35 0.015379547 
872 453 7 17 0.015371382 
815 302 14 32 0.015368862 
749 336 14 33 0.015357523 
1018 1233 6 16 0.015357164 
136 257 12 40 0.015353364 
652 1183 7 18 0.015346776 
796 320 15 35 0.01533847 
461 302 21 49 0.015336354 
220 382 9 26 0.015335979 
39 1165 5 18 0.015325902 
134 432 8 20 0.015322356 
350 311 11 30 0.015319556 
871 690 4 11 0.01531875 
946 167 13 55 0.015316902 
563 261 19 57 0.01531639 
814 329 11 27 0.015315198 
246 177 12 30 0.015283704 
408 44 20 35 0.015279627 
167 328 9 26 0.0152319055 
543 222 16 36 0.015229516 
551 1048 6 18 0.015226797 
855 590 4 9 0.015220435 
820 621 5 13 0.0152147915 
382 377 11 30 0.015214583 
633 1276 10 29 0.015193886 
953 1268 7 14 0.015188178 
148 1308 10 31 0.0151844 
652 370 7 16 0.015184156 
330 307 14 37 0.015166098 
771 637 6 14 0.01515048 
143 285 15 44 0.015141548 
313 164 201 213 0.015139528 
715 262 13 26 0.015139299 
887 703 5 12 0.015136698 
479 809 12 34 0.015126891 
998 177 9 34 0.015124008 
233 612 8 25 0.01511582 
9 1000 4 18 0.015108567 
441 1052 4 14 0.015108234 
566 216 12 24 0.015095497 
51 367 9 21 0.015087351 
104 534 5 19 0.015080218 
251 551 8 19 0.015077273 
717 447 9 27 0.0150766075 
785 161 8 34 0.01506248 
135 333 8 22 0.015047886 
240 502 6 14 0.015043052 
98 1144 11 29 0.015027194 
683 1275 12 31 0.015018203 
332 481 9 23 0.015016555 
133 219 13 37 0.015013922 
930 923 13 44 0.015007458 
179 1305 14 38 0.014976615 
101 368 9 21 0.014973388 
667 1143 7 24 0.014956074 
434 194 193 284 0.014955365 
361 1286 12 35 0.0149473455 
786 445 8 22 0.014940151 
549 1080 8 25 0.0149369445 
834 766 11 27 0.014934033 
299 356 12 35 0.0149203455 
86 1263 11 22 0.0149061475 
288 280 7 24 0.014868909 
813 776 15 38 0.014848338 
339 1093 6 24 0.014844887 
802 1278 10 27 0.014837544 
422 867 5 20 0.01483684 
230 1262 12 26 0.014828452 
345 60 17 37 0.014815904 
485 166 9 21 0.014792257 
314 339 13 36 0.014790923 
143 257 13 39 0.014788116 
794 408 17 39 0.01477845 
237 787 6 18 0.014772758 
67 440 10 29 0.014763406 
968 283 10 23 0.014762448 
533 415 11 29 0.014750371 
271 466 9 23 0.014737572 
765 402 9 20 0.014733957 
301 203 13 39 0.014733264 
185 24 36 111 0.014729789 
366 1308 11 30 0.014722057 
484 62 9 28 0.014721863 
822 606 5 11 0.014716039 
237 471 6 16 0.014705174 
969 502 7 18 0.014697839 
670 1099 6 19 0.014688645 
-3 195 13 67 0.014687085 
998 163 8 26 0.014667279 
901 481 10 26 0.0146643575 
840 478 20 34 0.0146547295 
214 151 14 23 0.0146530075 
847 733 10 22 0.01464146 
900 377 9 31 0.014636547 
252 826 9 32 0.01462467 
794 284 18 39 0.01462159 
988 623 5 10 0.014620334 
932 410 8 34 0.014608268 
702 296 10 23 0.0146082 
973 572 4 10 0.014604796 
253 579 9 23 0.014601448 
837 653 5 14 0.014579667 
628 272 15 30 0.01457144 
733 428 10 24 0.01456973 
117 428 10 28 0.014561921 
952 957 8 37 0.014551667 
755 554 6 13 0.014551175 
505 4 45 124 0.01454483 
972 622 4 11 0.014543929 
280 238 14 40 0.014537451 
732 214 10 25 0.01453685 
89 -4 53 138 0.014535991 
502 165 9 22 0.014527851 
298 150 106 145 0.01452703 
920 1032 6 26 0.01452183 
683 316 10 22 0.014515199 
515 1165 94 238 0.014491685 
718 429 9 25 0.014490937 
228 52 15 48 0.014484251 
1018 1264 8 19 0.014481622 
921 721 6 12 0.014476004 
250 295 10 28 0.014475794 
1019 1084 6 17 0.014467025 
279 1306 11 35 0.01446341 
788 620 5 12 0.0144589525 
549 414 11 31 0.014454685 
450 1307 11 33 0.014444051 
484 196 12 32 0.014438623 
937 589 5 10 0.014434091 
735 384 8 19 0.014431837 
13 1304 12 39 0.014428121 
988 606 4 10 0.014408702 
613 1254 15 38 0.014399169 
687 1147 7 22 0.014382938 
388 1238 9 30 0.014368074 
955 505 5 15 0.014351686 
152 398 10 22 0.01434466 
250 148 11 24 0.014335258 
753 413 9 20 0.014332812 
998 150 7 19 0.014329202 
885 396 9 29 0.014309092 
1001 246 8 25 0.0142952325 
398 358 12 34 0.014291832 
533 398 11 26 0.014289126 
883 468 8 19 0.014284473 
955 572 4 9 0.01427823 
736 404 7 15 0.014268261 
427 1308 11 30 0.014259671 
773 589 5 10 0.01424964 
232 598 8 25 0.014247753 
1130 265 39 163 0.014241264 
39 634 5 14 0.0142379785 
71 1130 7 20 0.014226344 
666 1261 11 25 0.014223075 
70 1115 6 19 0.014222714 
439 779 7 26 0.014220762 
184 548 10 26 0.014215329 
119 365 8 23 0.014211046 
919 1077 7 25 0.014202971 
205 636 6 17 0.014202604 
476 707 16 38 0.014193567 
456 1134 6 16 0.0141927 
21 1149 5 19 0.01417811 
249 167 10 22 0.014176159 
737 571 5 11 0.014171786 
284 130 8 24 0.014169648 
255 518 6 14 0.01416217 
65 1293 9 27 0.014162151 
357 919 4 17 0.014140597 
838 590 4 10 0.014136742 
699 276 13 29 0.014133486 
633 330 10 26 0.014131195 
582 215 11 23 0.014129499 
543 299 16 47 0.014120084 
665 436 8 19 0.014120011 
441 1069 5 15 0.014103326 
596 1310 12 31 0.014094272 
723 555 5 11 0.014093941 
855 640 5 10 0.01405742 
1017 1183 7 16 0.01405545 
780 340 14 32 0.014055253 
9 1018 4 16 0.014054004 
79 265 16 50 0.0140485335 
52 1266 8 20 0.014046131 
912 841 17 63 0.014045828 
221 611 8 27 0.014042341 
286 1171 8 37 0.01404221 
1017 1217 7 16 0.014029103 
581 123 13 39 0.014020227 
867 480 10 24 0.014016641 
985 247 7 28 0.014007545 
552 1032 6 17 0.013991689 
356 901 4 17 0.01398536 
302 131 9 26 0.013979714 
337 1062 6 21 0.0139778545 
968 297 11 26 0.013976619 
808 574 4 10 0.013951132 
201 551 8 21 0.013950475 
788 590 5 10 0.0139500685 
545 266 17 46 0.013947786 
146 241 14 37 0.013941618 
219 633 7 20 0.013940811 
781 678 10 24 0.013940208 
106 481 6 21 0.0139296185 
215 129 13 29 0.013927196 
803 115 8 25 0.013916767 
987 502 7 19 0.0139124505 
749 383 10 22 0.013911371 
578 300 16 50 0.013907681 
854 575 4 9 0.013902503 
838 621 4 11 0.013886653 
15 1275 11 33 0.013886576 
970 704 4 10 0.01386882 
344 289 15 37 0.013867405 
484 147 9 25 0.013867273 
68 1211 8 25 0.013859712 
87 481 7 22 0.013851528 
700 400 8 20 0.013850403 
804 607 5 10 0.013848181 
697 1308 11 34 0.013847751 
533 127 12 29 0.013847256 
597 305 15 40 0.013845486 
1004 638 5 12 0.013843949 
1017 1200 7 17 0.013835189 
45 -22 246 198 0.013827494 
921 401 7 24 0.013815982 
852 430 9 26 0.013807106 
667 298 9 21 0.0138036255 
135 313 10 27 0.013801102 
795 439 14 31 0.013799056 
839 560 3 9 0.013793729 
501 129 10 26 0.01378377 
402 1260 11 27 0.013781826 
168 349 8 24 0.0137781 
152 383 9 24 0.013766695 
306 1081 5 19 0.013766189 
163 288 13 39 0.013751339 
734 415 8 19 0.013751133 
1017 1167 6 17 0.0137379775 
189 637 6 16 0.013735653 
615 375 13 35 0.013727155 
965 133 8 24 0.013708226 
337 1131 7 21 0.013707536 
1004 271 7 19 0.013702658 
137 381 7 22 0.013698062 
887 303 25 37 0.013690867 
384 50 52 106 0.013680262 
795 509 12 26 0.013671732 
499 382 7 18 0.013662914 
838 607 4 10 0.013657568 
371 1164 7 23 0.013655474 
697 260 12 24 0.01364938 
733 314 11 24 0.013646799 
219 467 8 19 0.013637355 
-4 240 15 66 0.013636643 
530 212 15 30 0.013636373 
318 48 9 25 0.013629653 
412 -16 270 235 0.013628808 
203 618 7 20 0.013628295 
281 414 10 24 0.013609411 
648 527 11 31 0.013602347 
786 114 8 24 0.013601214 
702 342 11 25 0.013599416 
187 618 7 20 0.013598694 
832 328 14 31 0.013590808 
599 235 9 19 0.0135847945 
737 522 6 14 0.013570433 
166 236 13 38 0.01356807 
541 248 114 176 0.01355303 
685 402 7 17 0.013549957 
972 606 5 10 0.013544509 
570 433 9 26 0.013536192 
916 422 9 32 0.013533003 
219 552 7 17 0.013530697 
685 387 7 16 0.0135240685 
988 589 5 10 0.013514561 
987 139 6 15 0.013508948 
286 503 7 17 0.013503142 
807 150 20 60 0.013499145 
323 1050 5 17 0.013493058 
312 376 14 36 0.013477036 
555 917 5 21 0.013475753 
392 43 23 37 0.013465812 
1000 96 9 29 0.013462702 
799 499 9 19 0.0134572 
946 340 14 37 0.013450049 
752 429 9 22 0.013430479 
384 422 7 14 0.013420235 
267 1228 9 27 0.013418822 
884 452 8 18 0.0134123145 
263 567 9 22 0.01340537 
1004 537 5 12 0.013401377 
181 194 47 132 0.013392498 
549 199 11 23 0.01339249 
704 385 7 17 0.01338713 
286 1111 8 25 0.013385757 
850 718 8 17 0.013376126 
734 501 8 17 0.013375923 
635 411 11 25 0.013375458 
89 554 5 16 0.01337483 
955 623 5 11 0.01337354 
159 138 54 129 0.013362923 
915 443 10 29 0.013344786 
752 684 8 20 0.013342337 
682 1307 10 34 0.013330265 
550 391 12 31 0.013328886 
501 1257 11 30 0.013326314 
434 1165 7 19 0.0133034615 
855 558 4 10 0.013302798 
73 1147 6 20 0.013299912 
440 901 5 17 0.013292855 
502 147 10 25 0.013290536 
9 951 4 17 0.013288598 
167 527 10 29 0.01328269 
988 572 5 11 0.013269842 
423 885 6 18 0.013268207 
900 451 9 21 0.013263935 
764 1308 11 34 0.013262264 
613 308 11 31 0.013248742 
547 81 15 48 0.013240865 
636 398 9 22 0.013237264 
685 370 7 17 0.013237002 
790 606 4 10 0.013232046 
204 654 5 15 0.013227514 
237 633 6 19 0.013216167 
200 393 12 28 0.013211683 
548 1095 9 26 0.013200498 
1134 1184 44 137 0.01319245 
873 575 4 8 0.013187839 
696 247 142 129 0.013187021 
358 938 4 14 0.0131815355 
784 376 11 30 0.013160562 
953 720 5 12 0.013156934 
516 127 11 29 0.013134709 
20 982 6 20 0.013133435 
538 894 7 30 0.01312707 
813 1264 9 20 0.013125087 
234 566 8 20 0.013118023 
314 310 12 32 0.01311637 
314 293 13 32 0.013114741 
972 1000 6 21 0.013114272 
972 589 4 9 0.013114136 
68 331 9 25 0.013105116 
338 1048 6 19 0.013102112 
631 347 9 24 0.013098255 
36 -18 67 153 0.0130971195 
902 399 8 27 0.013089381 
834 684 8 21 0.013087052 
764 414 9 21 0.0130652 
103 582 7 25 0.01305796 
982 311 8 23 0.013055871 
567 144 11 29 0.01305474 
117 225 12 30 0.013052511 
860 847 19 58 0.013024449 
38 1050 5 18 0.013021588 
920 736 6 15 0.012997115 
153 584 7 23 0.012996932 
785 432 9 22 0.012991586 
882 495 11 25 0.012990045 
1003 555 5 10 0.012988688 
485 1277 8 25 0.012972279 
871 702 5 13 0.012971265 
579 1272 15 39 0.012963832 
183 564 10 29 0.012962203 
935 486 7 19 0.012959646 
69 1191 8 27 0.0129570365 
212 445 13 28 0.012934931 
386 1166 34 103 0.012930452 
122 516 6 20 0.012925694 
185 1159 8 26 0.012897324 
906 293 21 33 0.012895635 
102 567 7 22 0.012895623 
448 45 12 28 0.012891837 
386 444 10 22 0.012891139 
103 683 6 16 0.0128799975 
632 658 89 85 0.012878532 
197 1307 14 36 0.012874645 
170 618 6 20 0.012860702 
499 58 11 34 0.012858748 
31 182 55 133 0.012850978 
652 1166 7 19 0.012850699 
614 294 11 29 0.012847893 
523 251 40 106 0.012844786 
350 395 8 26 0.01284224 
983 356 12 34 0.0128414305 
128 155 15 38 0.012839519 
592 1247 16 45 0.012836142 
768 109 9 30 0.012829606 
387 1262 9 25 0.012825138 
567 460 11 29 0.012815984 
665 252 17 22 0.0128131965 
384 1312 11 26 0.012808866 
506 120 135 160 0.012802603 
273 300 7 22 0.012792398 
104 671 5 15 0.012788966 
533 1263 14 44 0.012771405 
394 337 16 40 0.0127561195 
515 70 13 39 0.012756113 
71 516 6 20 0.012748939 
335 884 5 17 0.012741601 
646 506 13 35 0.012734261 
687 416 6 19 0.012715241 
754 570 5 11 0.012714841 
902 498 9 22 0.012706308 
815 372 12 35 0.012704435 
213 163 14 28 0.0127030425 
488 1069 5 15 0.012694325 
983 333 8 21 0.012694134 
772 278 46 104 0.012692737 
753 589 5 10 0.012692305 
154 618 6 21 0.012691194 
364 313 12 30 0.012688758 
753 447 9 22 0.012666042 
616 1273 13 33 0.012657445 
853 130 66 138 0.012641317 
318 65 9 24 0.012618757 
333 326 11 31 0.012610768 
221 582 7 22 0.012609581 
157 108 136 136 0.012602584 
550 144 12 28 0.012602317 
611 440 14 36 0.012587391 
755 519 6 15 0.012579109 
783 190 11 36 0.012572761 
185 467 7 17 0.012561103 
421 745 7 25 0.012556883 
950 268 9 20 0.012553229 
219 784 8 21 0.012552873 
650 401 8 18 0.01255249 
72 601 5 14 0.01255213 
717 196 10 29 0.012551514 
387 1293 9 24 0.012551479 
967 247 9 27 0.0125456825 
667 1277 11 28 0.012531732 
916 469 8 23 0.012531207 
468 418 8 19 0.012497801 
733 445 9 26 0.012483885 
844 814 19 60 0.012479618 
650 1278 10 26 0.012479394 
745 295 44 102 0.012474026 
497 850 14 47 0.012470131 
952 872 10 33 0.012460956 
200 580 9 26 0.012460779 
204 348 7 21 0.012453905 
320 114 10 28 0.012426436 
284 148 8 23 0.012399739 
898 1267 10 19 0.012395255 
775 273 20 35 0.012387705 
873 559 4 9 0.012383996 
400 379 10 25 0.012376579 
848 470 12 22 0.012375413 
1027 932 244 504 0.01237007 
233 582 8 22 0.012368368 
575 381 16 43 0.012366737 
272 317 6 20 0.012366377 
451 885 5 18 0.0123662725 
667 387 8 17 0.012365596 
414 1136 10 17 0.012362307 
717 214 11 24 0.012338053 
332 463 11 28 0.0123378085 
766 380 11 24 0.012329271 
938 722 5 11 0.012316225 
301 144 10 29 0.012314949 
699 196 12 28 0.012310448 
931 434 12 39 0.012310194 
768 698 9 21 0.012294584 
336 428 9 25 0.012288285 
252 471 6 16 0.012285264 
21 966 5 19 0.012281192 
951 382 6 22 0.012278879 
200 133 11 26 0.012271583 
682 297 10 22 0.012268842 
546 48 17 53 0.012266959 
302 1292 9 31 0.012263931 
682 178 13 30 0.012257637 
532 200 12 23 0.012257159 
802 22 50 116 0.0122528 
726 5 54 140 0.012252523 
498 366 10 22 0.012248659 
314 190 15 40 0.012246707 
72 684 5 15 0.012230544 
333 77 14 35 0.012219535 
946 100 10 27 0.012216181 
937 606 5 10 0.012214839 
785 399 11 24 0.012213286 
338 952 5 17 0.012203063 
184 347 8 24 0.012199993 
387 1192 9 29 0.01217968 
680 720 278 392 0.0121775335 
302 1309 10 29 0.01217439 
630 293 11 27 0.012159364 
786 1294 7 25 0.01214637 
56 1066 5 18 0.0121438345 
518 414 9 23 0.012142057 
271 447 11 26 0.0121397115 
20 1165 5 19 0.012138717 
168 363 8 24 0.01213176 
697 251 11 18 0.012124309 
323 1035 4 15 0.012122569 
1019 815 7 27 0.012119952 
427 89 20 43 0.012108624 
232 1247 11 26 0.012104634 
21 1248 6 22 0.012085768 
87 586 5 18 0.012078239 
455 1101 5 16 0.012076525 
403 406 7 16 0.012076389 
454 418 9 20 0.012069485 
405 68 25 51 0.012069199 
755 499 8 19 0.012056994 
114 244 11 30 0.012053756 
684 434 8 19 0.012052814 
904 416 7 22 0.012046422 
550 1065 7 22 0.012044823 
970 312 10 23 0.012044505 
864 326 15 32 0.012042179 
562 48 17 55 0.012036025 
447 171 13 41 0.012034251 
704 370 7 18 0.012023704 
89 683 6 15 0.012018896 
498 743 12 37 0.012011912 
384 464 9 24 0.012010372 
1005 656 5 11 0.012010294 
681 448 9 22 0.011973052 
901 468 8 20 0.011972864 
972 1019 5 19 0.011970186 
832 694 10 23 0.01196138 
771 131 7 25 0.01195942 
128 179 17 49 0.011955758 
598 144 13 33 0.0119513925 
653 1144 7 23 0.011949328 
936 1268 8 16 0.011936037 
482 274 841 1387 0.011929874 
9 1134 4 21 0.011929829 
546 1262 15 47 0.011917257 
188 655 6 14 0.011905634 
88 600 5 17 0.011904652 
825 784 23 65 0.011900132 
280 179 12 28 0.011890823 
989 703 5 11 0.011883525 
564 318 15 44 0.01187683 
611 246 142 132 0.011857992 
167 397 10 23 0.011846438 
500 1291 9 32 0.011832267 
721 402 7 18 0.01182962 
847 747 11 24 0.011824299 
736 537 7 14 0.011822865 
1049 -15 154 148 0.011820949 
808 249 20 34 0.0118208 
514 200 12 23 0.011820726 
698 1162 9 23 0.011815787 
466 44 11 29 0.011804029 
910 322 16 33 0.011797222 
301 427 11 28 0.01179376 
602 519 7 21 0.011766237 
653 568 7 19 0.011754616 
801 261 45 94 0.011754125 
964 480 12 29 0.011752849 
566 409 11 31 0.0117494445 
664 269 15 31 0.011744633 
253 810 8 25 0.0117393 
151 437 8 18 0.011735073 
634 367 7 19 0.011728881 
652 387 7 17 0.011719838 
781 527 11 23 0.011717231 
232 291 11 33 0.011713636 
831 811 47 129 0.011685682 
871 433 6 19 0.01167714 
854 668 5 13 0.011675543 
567 198 10 23 0.011673877 
594 73 18 62 0.011672336 
721 414 7 20 0.011671649 
1003 736 6 15 0.011670426 
518 402 9 21 0.011662279 
1079 207 149 421 0.0116579 
968 328 9 23 0.0116544 
531 51 14 46 0.011648854 
350 50 12 24 0.011630111 
513 761 12 37 0.0116265975 
421 402 7 18 0.011620085 
319 96 10 28 0.011619202 
318 81 10 26 0.011610182 
222 483 7 17 0.011609372 
948 330 11 25 0.011606067 
654 1080 5 18 0.0116032995 
133 529 10 30 0.011594421 
376 54 24 44 0.011592193 
182 446 11 24 0.011590117 
874 300 39 92 0.011579937 
668 617 10 22 0.011572071 
812 423 18 37 0.011548223 
539 308 37 94 0.011542858 
35 381 10 23 0.011526709 
827 422 17 38 0.011507434 
887 780 30 115 0.011503714 
396 -12 137 121 0.011500384 
937 1033 6 22 0.011481698 
627 73 19 64 0.011480507 
318 127 11 31 0.011480074 
869 720 6 14 0.011478289 
906 779 29 119 0.011463879 
723 569 5 11 0.011455965 
426 936 5 12 0.011454427 
617 251 11 18 0.011454238 
903 722 5 11 0.011450825 
67 1101 7 20 0.011449805 
617 1310 11 32 0.01144326 
68 466 8 23 0.01143001 
270 876 8 36 0.011428974 
564 1204 13 40 0.011428069 
176 1288 13 39 0.011426404 
143 12 44 121 0.011426054 
364 1105 12 34 0.011425607 
412 33 14 24 0.0114243915 
965 181 12 55 0.011422753 
765 86 12 37 0.011420767 
610 74 19 62 0.011415563 
955 589 4 10 0.01140438 
663 161 14 34 0.011375038 
97 1303 12 35 0.011370651 
88 1146 7 23 0.011362329 
585 673 8 36 0.011361522 
516 164 11 24 0.011352811 
937 735 6 16 0.0113524515 
211 184 18 45 0.011351847 
35 399 10 29 0.011339257 
167 385 9 21 0.011332966 
205 334 7 21 0.011331659 
578 74 17 59 0.011319751 
69 482 7 22 0.011318887 
1004 702 5 13 0.011312687 
37 981 6 23 0.011305405 
563 76 15 55 0.011304963 
652 295 10 24 0.011302394 
352 448 9 23 0.0112963375 
516 146 11 26 0.011291204 
249 38 14 42 0.011286817 
283 164 9 25 0.011286744 
351 458 11 30 0.0112863025 
837 638 5 12 0.011273182 
82 348 9 24 0.011269654 
887 537 6 13 0.011262165 
251 860 8 34 0.011244296 
465 708 12 33 0.011244237 
583 196 11 24 0.011223274 
500 181 11 23 0.011220072 
853 700 7 17 0.011217486 
648 161 13 32 0.01121637 
428 185 17 48 0.011213262 
850 1249 8 18 0.011207008 
733 253 10 22 0.011191484 
311 423 14 37 0.01117626 
117 1149 8 23 0.011175728 
953 482 9 24 0.0111756185 
562 1268 15 42 0.011173832 
21 1262 8 25 0.011173142 
550 179 10 25 0.011168249 
498 251 14 43 0.01114825 
683 617 8 20 0.011147525 
269 412 9 25 0.0111369435 
749 313 13 27 0.011132628 
615 142 13 35 0.011132522 
933 267 10 20 0.01112634 
796 462 12 23 0.0111237075 
699 447 10 22 0.011103866 
780 322 14 32 0.01110082 
417 418 7 14 0.011094362 
646 268 17 32 0.011087793 
688 1131 6 20 0.011085085 
966 119 8 21 0.0110847 
73 1164 6 19 0.011082943 
517 434 14 28 0.011078093 
665 583 8 22 0.011066357 
102 600 6 21 0.01105851 
1121 982 42 146 0.011054453 
854 781 33 103 0.01105425 
503 967 6 20 0.011052255 
762 285 18 34 0.011049102 
281 193 13 32 0.01104767 
168 731 9 25 0.011043558 
867 1251 9 19 0.01104317 
220 652 6 16 0.011041767 
907 536 5 12 0.011036318 
617 1294 11 30 0.011036058 
323 951 5 20 0.011035423 
771 621 5 10 0.011032019 
366 451 10 21 0.01102727 
270 796 8 27 0.011014225 
360 60 19 36 0.011006744 
1122 1129 48 131 0.011005291 
672 1081 6 20 0.01099731 
956 1034 5 20 0.0109946765 
1002 332 7 19 0.010989607 
169 600 7 24 0.010985949 
829 392 13 37 0.010980488 
683 468 8 21 0.010978714 
787 574 4 10 0.010975259 
64 102 165 147 0.010967292 
849 450 11 25 0.010967158 
906 520 5 13 0.010964106 
846 265 15 28 0.010955535 
235 553 7 16 0.01094747 
836 1279 8 22 0.010946612 
433 935 6 15 0.010936879 
1004 623 5 11 0.010929856 
572 989 5 13 0.010921096 
690 5 57 137 0.010915544 
1018 795 8 31 0.010914114 
88 701 5 15 0.010908382 
370 480 10 25 0.010907712 
21 1233 6 21 0.0109064365 
335 446 10 24 0.010903978 
665 599 10 24 0.010900722 
669 1114 7 19 0.01089322 
722 538 6 12 0.010885418 
650 546 9 24 0.010882606 
722 523 6 12 0.0108787455 
403 420 7 14 0.010865476 
483 419 8 16 0.010849119 
980 202 11 48 0.010845875 
772 606 4 10 0.010844924 
119 696 8 25 0.010838 
71 535 6 17 0.010835791 
770 519 7 16 0.010830126 
454 1117 6 17 0.010817776 
237 797 7 24 0.010804782 
786 416 9 23 0.010799992 
1016 779 9 32 0.010791462 
540 948 5 23 0.010768626 
283 515 8 18 0.01076635 
167 1159 9 28 0.010761172 
647 486 14 39 0.010757076 
567 161 12 27 0.01074706 
699 1146 8 22 0.0107318405 
402 1137 10 16 0.0107300505 
540 1019 5 16 0.010724564 
567 178 11 25 0.010720517 
783 87 10 35 0.010714485 
716 252 10 20 0.0107098315 
34 1012 7 21 0.010706115 
517 1270 12 38 0.010700095 
81 962 15 52 0.010672827 
596 273 14 36 0.010667618 
8 936 5 15 0.010665757 
184 133 11 27 0.010664292 
999 76 10 31 0.0106615005 
853 688 5 14 0.010623253 
739 589 4 9 0.010623174 
504 405 6 15 0.010612252 
433 450 60 90 0.010600683 
49 420 14 41 0.010595279 
782 390 47 98 0.010592613 
251 431 8 21 0.010591545 
584 178 11 26 0.0105907265 
317 459 12 32 0.0105838915 
639 1083 5 15 0.010576196 
336 50 9 23 0.010573671 
3 361 7 28 0.0105657475 
151 730 9 27 0.010553232 
597 334 17 48 0.010549384 
1149 128 37 149 0.010547293 
433 965 7 16 0.010542056 
551 833 8 23 0.010524581 
621 534 6 17 0.010517418 
422 987 5 12 0.0105144605 
721 501 7 18 0.010509293 
359 952 5 14 0.010496533 
684 1264 9 23 0.010496131 
438 986 5 13 0.010487518 
802 680 9 22 0.010487107 
185 383 10 25 0.01048634 
1163 48 15 61 0.010486216 
534 145 11 27 0.010486013 
395 445 12 23 0.010485751 
678 272 14 30 0.010480731 
498 1308 12 35 0.01047986 
503 418 7 17 0.010478421 
183 394 13 28 0.010478169 
596 369 16 42 0.010476707 
284 436 9 21 0.01047212 
378 302 20 44 0.010468409 
100 240 11 32 0.010466982 
933 327 12 28 0.010465515 
551 162 10 26 0.010456705 
555 937 5 18 0.010448961 
1000 486 8 23 0.010446141 
2 381 7 23 0.010423137 
947 118 11 25 0.0104117375 
523 984 5 17 0.010406703 
922 774 30 117 0.010400244 
267 536 8 17 0.010380297 
120 570 6 19 0.010379269 
1003 719 6 14 0.010365721 
633 161 12 31 0.010364772 
105 636 4 14 0.010362747 
35 369 8 18 0.0103611965 
500 1272 10 31 0.010360053 
15 402 9 24 0.01035866 
68 931 9 28 0.0103581315 
201 596 9 27 0.010357967 
137 401 7 19 0.010353171 
202 780 9 25 0.010352531 
70 499 7 22 0.010342272 
185 362 9 25 0.010341467 
1158 1093 17 61 0.01032788 
633 316 10 23 0.010326525 
1135 168 34 162 0.0103213405 
1018 1289 9 27 0.010320045 
523 1001 4 15 0.010319081 
496 708 16 37 0.010312665 
584 161 12 28 0.010312329 
215 30 33 105 0.010310844 
269 1157 8 33 0.0103052845 
433 1150 8 18 0.010296335 
137 732 8 24 0.010289544 
652 582 9 20 0.0102892 
474 320 15 37 0.010282262 
199 501 7 19 0.010281768 
822 684 8 20 0.010279302 
881 266 13 23 0.010268724 
965 341 13 35 0.010268657 
987 721 6 11 0.010265448 
515 180 12 25 0.010261166 
385 480 8 21 0.010255701 
643 72 21 67 0.010246135 
751 698 10 21 0.010244014 
912 283 14 23 0.010237406 
496 343 15 34 0.010221884 
34 102 12 28 0.010211518 
214 219 15 41 0.010210356 
484 180 10 26 0.010207734 
84 1305 12 32 0.010200698 
266 550 8 20 0.0102002695 
768 535 7 16 0.010197352 
435 922 6 13 0.01019459 
454 1037 5 14 0.01018679 
1028 1295 17 44 0.010177788 
336 413 10 25 0.010173017 
540 1001 5 16 0.010161876 
55 602 5 14 0.010160551 
56 683 5 14 0.010159919 
425 965 6 16 0.010157981 
150 90 12 34 0.010157923 
764 1293 8 29 0.010155815 
985 484 8 23 0.010155719 
331 933 233 432 0.010146213 
237 520 7 13 0.01014404 
367 552 9 20 0.010132669 
534 180 11 24 0.010129116 
55 1049 6 20 0.010127599 
540 985 4 16 0.010126902 
255 636 5 16 0.010126807 
1142 260 18 78 0.010121121 
885 517 7 15 0.010119569 
599 216 10 21 0.010115885 
897 266 13 23 0.010092488 
199 1273 18 35 0.0100909155 
634 258 15 25 0.010082659 
396 462 12 28 0.010078948 
483 514 12 24 0.010076256 
456 1019 5 15 0.010075085 
198 153 13 21 0.010074105 
901 -26 149 176 0.010071734 
72 587 5 13 0.010069465 
2 401 7 22 0.010061397 
801 486 9 17 0.010059874 
220 668 6 16 0.0100492565 
102 615 6 18 0.010045329 
522 1020 5 15 0.010034633 
568 1014 9 19 0.010034633 
666 401 8 17 0.010034149 
749 214 11 25 0.010020839 
355 552 7 18 0.010018714 
699 179 11 30 0.010014289 
568 1130 12 25 0.010007352 
105 653 5 14 0.010006196 
40 621 5 15 0.010003545 
