36_Football_americanfootball_ball_36_111
1257
465 138 141 142 0.99529123 
511 683 258 354 0.33079544 
517 58 134 175 0.08676513 
-257 -118 272 730 0.06659546 
209 341 216 489 0.06358975 
996 1010 6 19 0.055140898 
977 1010 6 17 0.054091252 
163 523 12 43 0.050892863 
914 195 8 28 0.049974043 
997 1029 6 21 0.04967922 
996 993 7 18 0.049330544 
910 208 10 42 0.049126655 
977 1031 7 19 0.047405757 
959 989 7 21 0.04694519 
995 1111 6 17 0.04626044 
991 816 15 49 0.045917407 
975 992 6 19 0.045368537 
994 813 10 27 0.044624195 
123 505 11 40 0.043760147 
96 449 14 38 0.04348185 
981 1109 5 17 0.043390144 
630 101 17 68 0.04251729 
555 143 129 165 0.042320594 
975 970 8 21 0.042168584 
494 905 16 71 0.041762143 
995 970 7 20 0.03932828 
477 1534 12 28 0.03927344 
977 1152 7 18 0.038531493 
614 436 223 429 0.038236976 
997 1051 6 18 0.037905153 
614 1539 11 24 0.037273705 
106 310 7 36 0.037137475 
978 1049 6 18 0.036730003 
300 1462 11 28 0.036367204 
401 95 7 27 0.03603745 
400 77 8 28 0.0358564 
976 492 7 31 0.035822112 
960 1010 6 17 0.03559013 
492 413 18 34 0.0354793 
958 450 7 31 0.035372082 
272 1408 22 53 0.035037734 
124 643 10 42 0.034658868 
917 432 7 31 0.03461763 
978 1132 6 16 0.034241375 
996 1093 5 17 0.034017734 
341 1484 9 22 0.033984806 
323 1481 9 28 0.03394933 
999 492 6 28 0.03306815 
993 693 7 26 0.03290693 
979 694 6 22 0.03288099 
498 1557 12 28 0.032784205 
998 1152 6 17 0.032746717 
380 49 10 45 0.032722235 
574 15 16 32 0.032375973 
979 1169 6 15 0.031847797 
938 431 8 33 0.031658757 
385 1535 7 22 0.031602416 
975 474 7 28 0.031441815 
457 1378 13 30 0.031437673 
364 1537 6 23 0.031397812 
1011 1166 361 655 0.031384345 
978 512 7 28 0.03130281 
475 1556 13 31 0.031172916 
993 712 8 29 0.031131206 
363 1556 8 30 0.031130632 
379 1558 9 27 0.031045666 
751 267 14 33 0.03094195 
939 672 6 27 0.030780839 
124 528 9 28 0.030769002 
959 970 7 21 0.03074941 
107 298 6 26 0.030738616 
980 1094 5 16 0.030713212 
619 1403 9 19 0.030601747 
324 1465 8 22 0.030309897 
399 330 10 31 0.030129474 
126 551 7 23 0.030024089 
88 297 6 24 0.029808857 
339 1498 12 31 0.029676247 
499 886 10 42 0.029644268 
426 433 327 256 0.02963075 
631 139 17 56 0.029600414 
363 1499 10 28 0.029498976 
960 471 6 28 0.029439904 
974 450 8 33 0.029378964 
1016 -53 280 510 0.02902145 
997 1068 7 21 0.028892577 
919 669 6 27 0.028881604 
997 1131 6 17 0.028571192 
125 311 7 36 0.028509943 
149 692 7 26 0.028506229 
901 213 8 33 0.028399315 
994 669 8 31 0.028358513 
399 314 10 30 0.028250843 
456 1394 16 35 0.028248267 
341 1441 10 25 0.028231308 
88 313 6 28 0.028223524 
592 1399 14 24 0.02822099 
520 1308 19 50 0.02811273 
502 1501 10 22 0.028103316 
479 884 11 42 0.028061254 
954 713 7 24 0.028032023 
300 1474 11 37 0.027890833 
146 551 8 25 0.027805518 
1000 475 6 27 0.027545152 
384 93 8 29 0.027529122 
561 16 13 28 0.02748653 
149 571 5 22 0.02745774 
421 1409 7 17 0.02738392 
420 1423 8 19 0.027281957 
498 1544 8 21 0.027247468 
402 59 8 27 0.027243506 
381 312 11 32 0.027139142 
977 573 7 22 0.027130157 
109 609 6 29 0.026944652 
106 508 9 33 0.0268099 
475 1517 16 32 0.026768884 
460 1559 11 26 0.026767243 
454 110 14 39 0.02675222 
398 225 12 39 0.02662873 
125 296 7 29 0.02651139 
499 862 10 33 0.026463458 
126 575 6 21 0.026403394 
140 1438 15 35 0.026334362 
656 314 9 24 0.026186183 
127 594 6 25 0.026155427 
618 116 20 63 0.026082328 
980 712 6 23 0.026075175 
382 137 8 25 0.025954053 
918 388 8 36 0.025843982 
382 330 11 33 0.02579046 
701 793 7 23 0.025764156 
444 103 8 22 0.025693646 
458 99 9 28 0.025646614 
-375 1141 389 622 0.025566807 
417 226 12 40 0.025562644 
478 909 16 66 0.025541851 
916 811 8 26 0.025494996 
445 115 9 26 0.02536584 
442 1360 9 22 0.025313739 
439 1019 11 40 0.025108112 
364 1485 8 18 0.025032984 
994 652 8 31 0.0249603 
422 57 8 25 0.024787618 
12 1150 5 18 0.024772806 
995 727 8 30 0.024770742 
407 1410 6 16 0.02475349 
402 1558 9 27 0.024741337 
84 628 9 34 0.024733502 
597 1420 11 22 0.024727277 
282 1459 11 28 0.024690213 
107 628 8 31 0.024681209 
384 68 9 40 0.024619192 
676 292 10 29 0.024606083 
325 1436 10 29 0.024605216 
88 279 6 21 0.024578173 
601 1538 11 24 0.024569225 
400 115 8 26 0.024564533 
401 1538 7 20 0.024437103 
238 1263 354 460 0.024430806 
516 1420 12 25 0.024376268 
419 1559 10 26 0.024353303 
895 389 9 38 0.02427613 
457 306 13 40 0.024267651 
595 15 15 30 0.024243092 
382 115 8 26 0.02418541 
337 335 11 29 0.02417017 
380 1484 10 19 0.024166787 
22 666 10 34 0.024043817 
358 308 12 35 0.023957793 
940 447 7 34 0.023930728 
90 471 8 25 0.023901809 
974 556 7 24 0.023879323 
996 514 6 26 0.023820154 
124 495 9 27 0.023768574 
378 245 12 38 0.023746531 
514 938 10 39 0.023720471 
621 1421 10 22 0.023714464 
995 1427 6 17 0.023676815 
957 693 7 23 0.023608377 
975 953 6 18 0.023518829 
539 1400 12 23 0.02347903 
376 30 11 42 0.023466766 
145 531 10 29 0.023453958 
978 594 7 20 0.023445498 
457 132 16 42 0.023437811 
940 786 7 27 0.023399936 
106 496 8 25 0.023333887 
961 950 5 19 0.023320079 
654 333 11 29 0.023308568 
995 1171 6 16 0.023248646 
408 1425 6 17 0.023232946 
996 1507 7 19 0.023146575 
444 138 10 28 0.023106145 
566 35 25 42 0.023036445 
418 262 12 40 0.022937506 
482 861 10 35 0.022900466 
358 245 12 38 0.022893002 
958 1154 5 16 0.022891726 
501 1464 9 18 0.022838896 
91 449 11 35 0.022832373 
998 1346 7 18 0.022828363 
958 1030 7 19 0.022810506 
956 434 8 30 0.02281016 
598 1557 13 29 0.022803294 
315 340 254 283 0.022780068 
399 136 9 25 0.022757206 
956 1170 6 15 0.02272841 
994 792 8 25 0.022675293 
899 250 8 34 0.022654558 
164 289 9 41 0.022635698 
381 155 9 27 0.022588821 
337 1423 10 30 0.022561427 
913 244 10 44 0.022513943 
919 653 6 22 0.022473589 
97 1431 19 44 0.022465115 
79 661 13 52 0.022363227 
306 417 68 135 0.02233832 
573 1394 17 29 0.022310963 
634 331 13 30 0.022297671 
459 859 10 38 0.022295585 
321 272 9 28 0.022274178 
2 1536 9 35 0.022254528 
977 768 9 26 0.022226179 
143 650 8 30 0.022222258 
343 1465 8 20 0.02219636 
937 990 6 23 0.022166086 
632 314 13 28 0.022153797 
485 1464 8 18 0.022142675 
524 1384 9 21 0.022136945 
502 182 136 186 0.022123003 
205 1482 9 20 0.022113135 
422 99 7 23 0.022110928 
493 1516 12 27 0.022088349 
439 1343 10 23 0.022034638 
334 282 13 43 0.021952273 
996 952 6 18 0.021944849 
419 1435 12 27 0.021761337 
422 79 7 23 0.02175877 
556 1399 15 25 0.021756202 
164 515 9 27 0.021749105 
426 1346 8 19 0.02171998 
375 1499 13 28 0.02170342 
67 647 10 39 0.02169923 
695 281 15 46 0.021686643 
558 1420 12 22 0.021666113 
362 218 9 24 0.021605805 
458 1364 11 23 0.021603024 
69 666 9 36 0.021573568 
476 92 13 39 0.021533309 
996 595 7 24 0.021531904 
979 674 7 25 0.021506684 
402 199 8 21 0.02149996 
2 1549 13 45 0.021492628 
419 287 11 34 0.021467926 
108 530 8 25 0.02139169 
319 286 10 34 0.021374183 
454 324 14 39 0.021315444 
661 298 8 22 0.021284185 
602 1525 9 21 0.021253366 
44 418 8 26 0.021211209 
420 311 11 30 0.021210875 
105 277 7 26 0.021178871 
933 268 8 34 0.021163555 
385 1389 6 17 0.021143747 
444 172 13 36 0.021115437 
520 1404 11 23 0.02110766 
546 1450 27 53 0.021055134 
405 1366 7 21 0.021051822 
404 1345 7 17 0.021033116 
460 78 9 27 0.02101472 
701 263 12 37 0.020995688 
652 349 13 32 0.020990381 
618 58 13 29 0.020983957 
124 609 6 30 0.020966548 
420 332 10 28 0.02094974 
440 1559 10 25 0.020946914 
346 420 31 68 0.020934232 
106 732 8 29 0.020892475 
190 914 6 22 0.020856027 
479 1508 11 21 0.020827485 
357 329 12 34 0.020783557 
616 68 16 44 0.02064942 
363 1387 7 18 0.020637378 
707 251 15 42 0.020629404 
1227 972 57 170 0.020610569 
960 573 6 21 0.020610223 
400 288 11 34 0.020554889 
992 770 8 26 0.02054568 
441 328 12 33 0.020501615 
398 262 14 43 0.02050055 
187 1483 8 19 0.020480169 
443 59 8 24 0.020477764 
997 1445 6 18 0.020465638 
361 44 11 48 0.020394996 
440 310 12 34 0.020391572 
979 753 8 24 0.020388212 
1010 1550 12 39 0.02038705 
377 14 11 35 0.02035616 
373 425 18 47 0.020342827 
124 692 9 30 0.020295054 
498 74 13 37 0.020292398 
932 407 8 37 0.020289337 
140 510 11 32 0.02019021 
915 771 6 23 0.020181227 
337 309 11 37 0.020162955 
978 616 6 20 0.02016212 
461 284 12 40 0.020138904 
202 929 7 28 0.02013779 
478 74 11 33 0.020136638 
377 288 12 34 0.020066878 
979 634 5 21 0.02005756 
336 254 10 30 0.02001622 
977 427 10 39 0.020006793 
699 772 7 25 0.019986678 
85 611 7 29 0.019967573 
591 40 17 30 0.019890469 
915 753 6 23 0.019885477 
358 227 12 35 0.019881863 
614 1554 14 31 0.01986944 
878 374 7 29 0.01986258 
575 1419 13 23 0.019858565 
959 595 6 20 0.019845776 
502 1485 10 22 0.019840201 
959 613 6 21 0.01982895 
404 1329 8 18 0.019820394 
941 691 6 24 0.019813994 
106 665 9 37 0.019790094 
979 1073 6 17 0.019773668 
977 537 6 22 0.019761397 
281 1476 11 33 0.01970343 
998 1367 7 16 0.019653596 
881 944 7 32 0.019647526 
615 1528 10 19 0.019582119 
614 313 18 31 0.019580433 
148 630 6 25 0.019546805 
102 1421 14 31 0.01951958 
518 1440 12 22 0.019509114 
514 1555 15 34 0.019439971 
876 217 7 27 0.01940861 
126 727 8 28 0.01940096 
499 55 12 34 0.019379789 
560 3 12 26 0.019368261 
120 1435 14 35 0.019342888 
941 1152 6 17 0.019338429 
632 75 12 38 0.019322028 
110 554 6 21 0.019308226 
381 177 9 24 0.019244073 
107 647 9 37 0.01922285 
961 554 6 22 0.019205866 
383 1468 7 16 0.01919006 
994 1543 10 27 0.019188382 
936 654 6 22 0.019182038 
644 1448 6 16 0.01918002 
461 60 8 24 0.019150939 
461 1541 8 22 0.019133627 
461 1024 10 37 0.019119648 
609 156 24 64 0.019109266 
480 58 9 29 0.019099606 
595 1387 15 24 0.019087687 
995 633 7 25 0.019045824 
752 282 17 48 0.019006614 
334 350 14 37 0.01896944 
400 155 10 30 0.018910749 
24 684 12 41 0.018906971 
940 772 6 24 0.0188907 
718 219 9 23 0.018883798 
659 -59 225 302 0.018831024 
958 493 7 27 0.018815516 
342 1557 9 31 0.018805174 
958 1052 6 17 0.018804409 
364 202 8 19 0.018795272 
617 1389 9 17 0.018764446 
999 1308 5 16 0.01872206 
493 396 14 28 0.018721135 
703 808 8 24 0.018708374 
358 284 13 39 0.018669745 
425 1361 7 22 0.018665113 
517 963 9 33 0.018652283 
880 1089 5 18 0.01864811 
536 882 14 44 0.018642088 
146 669 8 30 0.018634625 
459 881 11 43 0.018628273 
997 576 6 22 0.018622698 
645 1091 6 20 0.01860808 
379 217 10 26 0.018605184 
518 885 10 37 0.0185964 
931 390 8 33 0.018582694 
67 629 9 31 0.018540945 
917 633 6 20 0.018534012 
897 1090 6 17 0.018504405 
69 687 8 33 0.018479763 
226 960 9 34 0.018450115 
21 1553 13 39 0.018448973 
515 1492 12 29 0.018434078 
324 1500 10 28 0.01839942 
295 1439 12 31 0.0183831 
997 609 7 25 0.018366214 
478 431 15 28 0.01834216 
441 862 10 34 0.018327553 
420 375 11 26 0.018321669 
103 685 10 38 0.018294118 
918 822 8 31 0.01826932 
167 572 7 23 0.018257376 
991 1553 15 39 0.018249312 
321 353 12 31 0.018220685 
915 792 6 24 0.018189037 
579 1494 13 30 0.01814835 
516 900 11 45 0.018137868 
441 224 13 42 0.018096726 
644 1070 5 19 0.01804036 
492 451 14 27 0.018040167 
143 1482 10 24 0.018003289 
224 1482 8 20 0.017982453 
421 118 8 23 0.017966302 
537 1486 15 35 0.01793986 
442 1540 8 20 0.01788807 
144 273 10 36 0.017873466 
941 1169 6 17 0.017869957 
527 323 18 36 0.017865716 
916 453 7 28 0.01779552 
955 675 6 24 0.017776476 
228 316 6 26 0.017764283 
401 350 10 29 0.017751584 
524 1366 10 24 0.017733576 
880 333 6 25 0.017731888 
480 1485 10 20 0.017690517 
421 38 8 25 0.01767151 
958 390 8 29 0.017648002 
70 318 6 22 0.017642744 
637 300 10 22 0.017638084 
643 1050 5 18 0.017634705 
534 92 15 40 0.017618356 
975 814 8 20 0.017613893 
900 1109 6 18 0.017612465 
960 1130 6 17 0.017607078 
455 162 19 48 0.017573293 
516 1543 10 22 0.017561805 
935 231 7 33 0.017553747 
382 202 8 19 0.01754015 
941 496 5 25 0.01751868 
203 944 8 30 0.017512903 
385 1365 7 19 0.017495371 
991 753 8 25 0.017468736 
10 1167 6 19 0.017457692 
977 932 7 20 0.017440997 
940 517 6 23 0.017414609 
616 299 13 24 0.017407354 
402 38 8 27 0.017400986 
402 177 9 27 0.017383758 
637 351 13 28 0.017366052 
996 554 7 24 0.017363423 
142 1418 12 29 0.017362611 
109 595 6 24 0.017357191 
382 1346 7 16 0.017352168 
537 1383 11 24 0.017332008 
901 194 7 28 0.01730046 
146 594 6 23 0.017291764 
550 372 18 35 0.017282207 
144 310 8 36 0.017247634 
363 1366 7 18 0.017224267 
66 610 8 30 0.017203778 
979 733 6 22 0.017179286 
797 374 8 28 0.017053556 
599 1460 9 25 0.017046757 
-6 1149 6 25 0.016961355 
956 198 7 25 0.01689591 
515 75 12 35 0.016881485 
999 536 6 23 0.016881326 
998 1330 6 15 0.01686976 
937 970 7 24 0.016867198 
422 565 11 38 0.016831808 
200 1554 11 32 0.016829971 
994 1480 9 28 0.016827581 
715 561 58 168 0.016813166 
222 1441 12 25 0.01678146 
717 237 10 25 0.01676776 
1015 1030 6 21 0.016756201 
85 595 7 23 0.016742984 
936 811 7 24 0.01672682 
67 596 7 21 0.01672461 
405 1387 7 18 0.016714497 
163 694 8 22 0.016679673 
208 274 7 24 0.016672919 
451 414 19 31 0.016662586 
247 336 6 23 0.016657086 
385 1407 6 18 0.016637456 
898 177 7 28 0.016616328 
957 1089 6 18 0.016608648 
84 829 8 26 0.016605135 
440 351 11 28 0.016593955 
455 349 13 31 0.016589474 
900 771 6 21 0.016574841 
25 651 8 30 0.016571982 
615 10 14 32 0.01651615 
957 274 6 25 0.016508037 
976 254 7 29 0.016506162 
386 568 8 28 0.016494239 
715 191 11 32 0.016486822 
635 1542 8 18 0.01648427 
421 354 9 26 0.01644611 
998 1289 6 17 0.016420536 
2 1475 9 35 0.016415408 
480 413 15 30 0.016400693 
327 1107 214 361 0.016398339 
443 209 12 35 0.016371481 
203 910 8 25 0.016357644 
552 414 16 28 0.016357336 
553 86 18 46 0.016349787 
365 1446 7 20 0.016339539 
693 368 15 46 0.016338114 
45 689 9 35 0.01632735 
677 277 8 25 0.016326185 
364 1467 7 17 0.016304113 
665 1047 6 23 0.016300492 
483 396 12 25 0.016298978 
917 615 6 21 0.016292548 
956 790 6 23 0.016292067 
9 1086 6 19 0.016279018 
599 1507 9 21 0.0162675 
324 339 9 24 0.016259613 
534 1457 19 38 0.016246157 
11 1129 5 20 0.016225835 
940 473 6 27 0.016221689 
875 231 7 29 0.01620697 
573 1458 17 36 0.01619471 
383 1427 7 17 0.016167527 
365 1330 6 17 0.016160097 
460 1508 8 16 0.016150251 
935 214 7 29 0.016110137 
104 745 11 37 0.01609643 
976 238 6 28 0.0160775 
444 81 7 22 0.01606727 
979 652 6 25 0.016059972 
633 57 11 29 0.015996939 
880 353 6 26 0.015996082 
342 1383 8 22 0.015995055 
937 573 6 22 0.01597347 
528 1328 21 45 0.015954638 
856 392 8 31 0.015949052 
366 1344 6 17 0.015910465 
816 398 7 26 0.015905034 
978 791 7 22 0.01589323 
821 277 7 25 0.015892126 
676 330 11 31 0.015890881 
821 296 7 23 0.015879335 
362 179 9 23 0.015876131 
836 969 8 31 0.015842477 
539 1423 10 20 0.015841806 
819 255 8 27 0.015840216 
204 292 7 30 0.015824769 
936 949 7 22 0.015814355 
229 334 6 25 0.015806688 
460 1004 10 35 0.015805315 
128 274 7 29 0.015796818 
439 289 13 38 0.01579667 
384 593 8 26 0.01579572 
914 1557 12 30 0.015788889 
304 1535 7 27 0.015778739 
615 548 15 30 0.015765533 
346 1534 7 25 0.015751906 
223 1464 10 21 0.015721409 
420 195 10 26 0.01572036 
637 1406 8 17 0.015699847 
88 494 7 21 0.01569579 
421 1320 11 24 0.015695015 
475 304 13 41 0.01566856 
162 253 9 29 0.015659267 
596 1480 10 26 0.015622208 
598 4 12 25 0.015608837 
496 846 12 32 0.01558475 
896 273 8 29 0.015570011 
665 1027 6 22 0.015556764 
168 651 6 25 0.015542845 
480 38 9 24 0.015533903 
141 1397 12 33 0.015509167 
420 138 9 26 0.015506478 
515 54 13 35 0.015501624 
861 295 7 23 0.015479359 
437 260 14 45 0.015472231 
958 1187 7 20 0.015469878 
471 1400 13 27 0.015450666 
364 1514 9 24 0.0154295005 
940 712 7 26 0.015399718 
473 1382 13 25 0.015395765 
900 333 6 24 0.015395461 
537 369 16 33 0.015384558 
718 812 7 21 0.015377884 
820 312 7 26 0.015360567 
517 1460 11 24 0.015348485 
557 37 20 36 0.015344983 
376 410 13 36 0.015341048 
260 1399 15 31 0.0153300315 
879 315 8 27 0.015307598 
881 928 7 26 0.015278609 
622 1444 7 20 0.015268913 
622 1461 8 19 0.015226298 
957 1073 7 17 0.015218691 
441 37 8 25 0.015178724 
479 448 15 31 0.015173194 
554 1440 18 31 0.015172411 
122 1420 11 27 0.015170003 
325 259 7 21 0.015168193 
896 376 7 30 0.015159981 
474 1365 12 22 0.015155241 
364 1427 7 18 0.015152829 
462 19 8 24 0.0151523175 
536 453 16 27 0.015144989 
384 1519 9 22 0.015139072 
576 217 136 173 0.015136172 
588 166 24 53 0.015108107 
516 93 13 35 0.015107184 
917 1089 7 18 0.01509213 
110 575 6 21 0.015080884 
225 949 7 26 0.015078908 
977 1189 6 18 0.015071063 
86 334 7 32 0.015068574 
877 388 9 35 0.015064334 
454 840 12 37 0.0150573235 
779 848 8 21 0.015043223 
642 1462 8 18 0.015036081 
7 1069 6 20 0.015033723 
204 1465 9 20 0.0150219 
219 810 12 32 0.015005113 
12 973 5 20 0.01498012 
863 234 6 25 0.0149492 
702 218 7 21 0.014941344 
958 928 7 23 0.014937864 
478 325 13 36 0.014935324 
441 840 11 32 0.014933739 
959 254 6 28 0.014929067 
938 555 7 23 0.01492458 
380 348 11 32 0.014923934 
422 1541 7 19 0.01491418 
859 376 6 28 0.014909066 
994 931 8 22 0.014877996 
653 410 10 28 0.014876047 
506 1420 9 22 0.014873763 
124 708 9 33 0.014872945 
419 176 11 30 0.014859272 
148 610 6 25 0.014852029 
362 1309 7 17 0.014849224 
998 1388 6 15 0.014829379 
577 1559 12 28 0.014786082 
294 1416 14 38 0.014783595 
955 773 6 22 0.014766402 
221 1558 9 29 0.014756235 
918 353 7 26 0.014706945 
653 112 11 38 0.014699959 
11 991 5 18 0.01465492 
26 1150 7 17 0.014639299 
978 198 6 23 0.014618444 
879 903 8 29 0.014617044 
396 726 13 40 0.014578851 
674 351 13 33 0.014553828 
168 633 6 22 0.0145484675 
978 173 7 29 0.0145361675 
424 1389 8 18 0.01452479 
-12 1527 11 48 0.014520793 
978 275 6 27 0.014518937 
207 252 8 26 0.014499505 
655 398 11 29 0.014475362 
462 38 8 24 0.014462934 
26 907 7 27 0.014458123 
661 1540 8 19 0.014457505 
698 122 7 18 0.014448933 
123 746 9 34 0.014446536 
126 1200 8 30 0.014433968 
584 773 73 136 0.01441851 
919 1231 5 17 0.014400848 
435 1436 13 29 0.014400618 
25 1537 9 28 0.01439461 
-40 1223 389 567 0.01439346 
1219 869 66 175 0.014392917 
46 671 7 26 0.014386981 
419 156 11 31 0.0143813165 
71 279 6 20 0.014370965 
996 1189 6 17 0.014364401 
223 1404 10 23 0.014349199 
916 1108 6 18 0.01432865 
500 952 11 48 0.014318762 
435 412 22 33 0.014304009 
997 455 7 28 0.014297408 
503 1445 9 19 0.014287996 
995 1521 9 21 0.014282492 
877 254 7 27 0.014278188 
184 291 8 35 0.014265712 
165 1485 8 19 0.01426236 
444 16 8 26 0.014259986 
321 310 10 32 0.014247967 
998 1459 8 28 0.014245442 
556 489 13 25 0.014237703 
497 370 11 28 0.01422823 
959 632 6 21 0.014205054 
12 1188 5 18 0.014186217 
343 180 7 21 0.01418395 
524 1426 55 103 0.01418051 
356 350 13 35 0.014165186 
341 238 8 21 0.014162076 
619 1507 10 20 0.014147019 
67 710 8 28 0.014134967 
482 1447 9 19 0.014129513 
737 848 8 23 0.014127773 
244 319 6 23 0.014116526 
366 1407 7 18 0.014111159 
684 791 7 23 0.014107251 
443 1381 10 23 0.014106356 
186 1465 9 19 0.014100172 
937 1131 6 17 0.014093292 
326 240 6 17 0.014083979 
244 1539 7 24 0.014055637 
500 38 9 27 0.01405489 
259 1411 18 44 0.014050932 
521 314 16 36 0.014046236 
1013 728 8 32 0.014044796 
184 275 7 27 0.014019654 
861 256 6 25 0.014014522 
918 1126 6 20 0.01396022 
664 278 7 22 0.013952916 
673 370 14 38 0.013951571 
517 985 9 31 0.013947341 
342 201 7 19 0.013946927 
735 833 8 22 0.013943433 
694 319 15 46 0.013943398 
324 1407 8 23 0.013923856 
536 72 14 38 0.0139178345 
958 212 7 29 0.013915623 
439 879 13 48 0.0139092645 
278 788 12 30 0.013889956 
978 157 6 27 0.013884041 
916 181 7 27 0.013878234 
721 830 8 22 0.013867183 
200 1440 13 26 0.013848077 
958 535 5 21 0.013845148 
957 1229 6 16 0.013842023 
637 1527 8 17 0.0138369985 
601 1438 10 24 0.0138296615 
383 1447 8 19 0.013826616 
540 20 11 24 0.01382228 
677 214 9 23 0.013819181 
368 733 6 21 0.013813958 
997 870 8 21 0.013810269 
400 1524 8 19 0.013804067 
960 1111 5 17 0.0138022695 
203 1541 8 26 0.013799596 
538 914 12 43 0.013796896 
398 529 13 37 0.013791687 
937 1107 5 17 0.013775036 
344 1366 7 20 0.013772964 
141 1384 11 26 0.013761994 
938 1229 6 18 0.013740912 
367 757 6 18 0.013730493 
634 1560 11 25 0.013725993 
636 1362 12 27 0.013711166 
698 745 10 35 0.013708104 
517 340 17 41 0.013700788 
705 274 20 57 0.013692079 
297 1403 10 28 0.013691686 
958 514 6 25 0.013685333 
176 525 13 39 0.013681472 
320 1536 7 26 0.013678846 
191 927 7 29 0.013673096 
8 1050 6 18 0.013656007 
560 478 11 21 0.013647372 
979 1290 5 15 0.013633487 
640 1428 8 17 0.013617607 
929 1558 12 29 0.013595195 
695 345 14 42 0.013586175 
89 259 6 20 0.013548964 
335 367 17 44 0.0135394 
373 504 172 173 0.0135379955 
998 1407 7 16 0.013527186 
958 411 7 31 0.013520518 
419 1247 65 102 0.013518496 
956 730 7 23 0.013511796 
402 1504 9 19 0.0134974895 
840 257 7 26 0.013496473 
437 396 15 27 0.013486383 
636 1203 9 25 0.013449688 
43 1557 11 32 0.013444994 
420 395 12 24 0.013443696 
474 108 19 51 0.0134368 
918 476 6 25 0.013428609 
973 1557 13 31 0.013426189 
159 1440 12 29 0.013419761 
900 753 6 21 0.013401781 
738 137 9 22 0.013383805 
979 1229 6 15 0.013382294 
555 1557 16 35 0.013372828 
937 1009 6 19 0.013364614 
283 1383 10 24 0.013363859 
179 514 10 28 0.013346783 
937 1092 6 17 0.013328874 
191 891 7 23 0.013326973 
838 334 7 26 0.013314908 
453 1334 16 30 0.013313054 
1015 1151 7 18 0.013298255 
247 354 7 23 0.013296491 
374 460 16 39 0.013288535 
976 1507 7 17 0.0132860225 
860 353 6 27 0.013281785 
384 1329 7 16 0.013274563 
-261 1463 21 66 0.013259931 
582 1544 8 20 0.013248007 
976 827 9 27 0.013213679 
28 1482 9 24 0.0132061895 
166 673 7 25 0.013188174 
595 369 14 27 0.013181803 
201 1405 9 21 0.013166373 
493 1292 17 38 0.013161975 
161 1403 10 26 0.01315314 
898 407 8 34 0.013150887 
46 1506 9 19 0.013143666 
488 1253 18 48 0.013136618 
636 41 10 25 0.013136198 
639 1487 8 18 0.013130666 
574 1440 13 26 0.013108336 
519 866 9 29 0.013105054 
712 696 18 54 0.01308877 
616 43 12 25 0.0130795175 
898 293 7 24 0.013067974 
70 493 6 20 0.013064673 
162 1419 11 27 0.0130641805 
481 21 8 24 0.013050711 
341 1407 8 22 0.013038322 
957 654 6 20 0.013036175 
1016 1012 6 21 0.013016606 
695 703 13 48 0.012980085 
550 434 16 26 0.012950153 
835 314 7 25 0.012941421 
519 1280 14 34 0.01293968 
69 476 6 19 0.01293498 
323 1515 8 26 0.012933908 
1015 1422 7 20 0.012929861 
914 334 7 26 0.012927074 
9 1030 6 20 0.012912047 
163 1541 7 23 0.012908712 
62 1557 12 32 0.012903851 
976 336 7 24 0.012901319 
262 1556 9 32 0.012887517 
363 16 10 33 0.012886317 
840 352 7 28 0.012875499 
614 369 12 26 0.012850566 
620 1486 8 19 0.012839937 
957 235 7 29 0.012829642 
699 416 59 157 0.012821853 
223 1421 11 23 0.012821648 
656 206 11 31 0.012801966 
840 235 7 25 0.012795314 
-7 1126 7 29 0.012789039 
344 1264 7 22 0.012775591 
737 239 9 22 0.012772829 
344 223 7 17 0.012727836 
502 549 74 126 0.012713955 
291 426 25 71 0.012708319 
182 1418 12 28 0.012703975 
896 353 7 26 0.012690018 
645 1110 6 18 0.012688769 
318 1557 10 32 0.012684529 
452 397 16 27 0.012683973 
1017 1476 7 28 0.012675241 
490 1033 28 66 0.012653834 
580 46 58 129 0.012648438 
957 174 8 28 0.012647522 
535 1440 15 26 0.012645414 
462 1059 11 39 0.012638123 
941 532 6 26 0.012621538 
1012 607 8 32 0.012620118 
184 1406 10 23 0.0126186805 
265 1540 6 24 0.012617699 
-5 1167 5 23 0.012595654 
443 1509 8 15 0.012590094 
614 355 12 25 0.012588505 
620 1321 10 21 0.012573085 
2 1452 9 38 0.012567865 
69 336 6 27 0.012566251 
401 394 11 25 0.012565139 
938 594 6 21 0.012560613 
535 1361 14 28 0.012548749 
257 784 17 38 0.012543527 
109 1204 7 24 0.012526954 
899 315 6 25 0.012521585 
1014 1461 7 25 0.012519783 
877 1106 6 20 0.012514131 
978 1309 5 15 0.012512992 
106 706 10 37 0.012492776 
1242 1295 47 138 0.012492236 
664 1067 6 20 0.012482975 
403 375 9 25 0.012480271 
552 61 22 47 0.012476603 
838 394 9 29 0.012472851 
241 1401 12 27 0.012471441 
438 373 14 29 0.012465733 
266 509 78 166 0.012452643 
182 1441 11 25 0.012449942 
899 615 5 18 0.012408969 
555 1234 16 39 0.012402799 
518 38 11 29 0.012391532 
242 1484 8 19 0.012381429 
660 254 9 28 0.012379423 
660 1485 8 17 0.012357745 
934 197 7 27 0.012352064 
239 1416 14 32 0.012340517 
654 371 13 34 0.01233323 
156 1456 13 27 0.012300294 
555 1384 16 25 0.012297816 
258 766 14 33 0.012287289 
142 495 10 27 0.012279745 
978 1212 6 16 0.012269953 
435 1317 18 30 0.012255526 
1015 1308 6 17 0.012249922 
779 196 8 24 0.012245418 
299 1554 11 35 0.012237644 
66 416 7 27 0.012229646 
957 1211 6 17 0.012207029 
367 715 7 20 0.012161002 
71 299 6 21 0.012158786 
44 1457 12 30 0.01215772 
184 635 7 21 0.012155653 
502 987 9 31 0.012146816 
439 828 12 27 0.012105848 
447 1309 25 40 0.012097513 
975 216 7 25 0.012086617 
933 377 7 28 0.012081874 
773 318 13 42 0.012074773 
720 122 7 20 0.012070234 
636 371 12 29 0.012066239 
591 1363 17 24 0.012063107 
126 1183 8 27 0.01206106 
550 1480 20 44 0.012058006 
71 1183 7 24 0.012055511 
571 370 15 31 0.012051474 
637 1379 11 22 0.012048909 
27 888 8 28 0.0120365415 
43 1536 8 25 0.012018035 
384 614 8 25 0.012016609 
934 927 8 27 0.012001769 
241 1463 9 22 0.011989217 
105 255 8 24 0.011986755 
699 102 8 21 0.011978045 
717 179 9 25 0.011976266 
654 167 12 40 0.011975375 
241 1558 9 31 0.011970558 
939 750 7 23 0.011967593 
819 235 7 26 0.011957064 
516 1006 10 32 0.011943834 
701 237 9 24 0.011943811 
404 1440 8 21 0.011940305 
978 1270 6 15 0.011939224 
959 810 7 22 0.01191499 
715 654 18 54 0.011906334 
230 982 7 32 0.011896837 
679 258 8 24 0.011889809 
88 731 7 28 0.011888128 
481 375 11 25 0.011872914 
498 1008 11 33 0.011862423 
692 681 13 42 0.011848626 
497 328 15 37 0.011839964 
683 849 8 23 0.011831237 
674 196 10 26 0.011819151 
1016 1111 6 17 0.011810656 
937 613 6 21 0.011809108 
82 1419 13 30 0.0118085295 
996 120 8 28 0.011804712 
45 393 9 30 0.011795788 
974 1486 9 25 0.011784583 
938 1186 6 20 0.011778508 
68 1167 7 22 0.011777965 
681 75 8 25 0.011773398 
798 256 7 23 0.011772045 
659 1561 11 25 0.011769594 
48 1168 7 20 0.011757297 
363 158 8 23 0.0117568495 
680 59 7 24 0.0117566725 
860 280 6 22 0.011729931 
779 213 9 27 0.011721068 
902 791 6 23 0.0117059825 
818 377 7 25 0.011701034 
26 707 9 28 0.011696438 
655 131 10 38 0.011690399 
25 830 8 22 0.011689011 
957 293 6 25 0.011675005 
352 370 16 41 0.011664798 
551 879 17 48 0.01166406 
68 539 7 20 0.01165205 
739 123 7 22 0.011636333 
459 1519 11 25 0.011633679 
977 312 7 26 0.011620956 
227 889 8 24 0.011614192 
549 453 16 27 0.011605804 
106 1402 10 24 0.011605153 
-285 914 95 209 0.011603322 
381 1263 12 25 0.011601648 
998 1271 6 16 0.011590553 
198 1419 12 26 0.011589089 
936 292 7 27 0.011585102 
680 832 9 23 0.0115797315 
859 338 6 23 0.011578431 
505 779 30 48 0.011565921 
229 376 5 21 0.011559838 
657 80 9 25 0.01155919 
798 1481 8 25 0.011555502 
997 1214 6 13 0.01155229 
472 1338 15 30 0.01153794 
635 1505 11 22 0.011535532 
513 431 14 25 0.01151408 
532 1538 14 31 0.011513271 
68 353 7 27 0.011511981 
327 226 5 15 0.01150702 
68 549 7 22 0.011506994 
719 664 54 132 0.011505611 
1015 1051 6 21 0.011501739 
642 1268 7 19 0.011483517 
11 1010 5 19 0.011472063 
594 392 14 26 0.011458547 
573 413 15 27 0.011458321 
637 14 11 28 0.0114551 
900 1124 6 23 0.011451224 
229 356 6 24 0.011450533 
636 201 13 39 0.011449185 
680 238 9 24 0.011447587 
264 1461 9 23 0.01144243 
12 669 6 26 0.011437382 
998 158 6 24 0.011436289 
550 109 19 44 0.011434428 
1013 1402 8 20 0.011429514 
11 951 5 21 0.011426539 
837 950 6 22 0.011419894 
726 649 27 70 0.011411036 
384 731 7 25 0.011399779 
238 1437 13 29 0.011389918 
839 410 8 26 0.011382144 
629 531 15 32 0.011367152 
661 61 7 22 0.011360853 
996 176 7 28 0.011358936 
976 848 8 22 0.011353882 
1016 749 8 31 0.011353491 
840 375 7 27 0.0113440165 
663 1092 5 18 0.011336323 
203 310 8 34 0.011335777 
478 952 14 49 0.011330931 
28 1132 6 17 0.011316587 
537 38 15 31 0.011307909 
1014 1386 6 17 0.011302238 
86 415 8 30 0.011285477 
644 415 8 21 0.01128469 
615 528 17 35 0.011279375 
1015 1445 6 19 0.011275713 
589 60 23 52 0.011272057 
899 1229 7 18 0.011267942 
25 867 9 28 0.011262049 
286 1208 6 22 0.011258645 
559 1540 12 28 0.011256019 
532 1516 15 32 0.011254406 
379 394 12 31 0.011251751 
422 16 9 27 0.011246078 
50 1151 6 16 0.011239234 
413 524 14 37 0.011232735 
105 329 8 38 0.011229007 
361 1287 8 19 0.011217556 
582 1520 10 24 0.0112169515 
918 266 9 36 0.011212135 
145 1498 8 22 0.01120656 
997 1229 6 15 0.011200939 
125 1484 10 22 0.01119587 
13 650 7 28 0.01118013 
855 968 7 29 0.011177662 
976 873 7 18 0.011159936 
876 296 7 23 0.011143783 
657 39 9 23 0.011142754 
380 375 10 28 0.011132807 
894 929 7 26 0.011130912 
521 493 11 25 0.0111171855 
914 316 7 24 0.011116555 
168 592 7 24 0.01110116 
957 337 7 22 0.011100249 
426 416 70 134 0.011097596 
741 257 10 26 0.011097197 
460 1438 11 25 0.011096026 
531 1283 14 31 0.01108725 
592 112 53 136 0.011086968 
203 961 9 36 0.01108589 
1239 1050 48 176 0.011079192 
440 1421 11 22 0.011060388 
386 712 7 22 0.011056268 
507 1409 8 18 0.011048753 
280 1556 10 33 0.01104319 
940 1210 6 18 0.01103715 
779 864 12 33 0.011021376 
928 5 16 26 0.011012023 
455 373 15 28 0.011011111 
700 850 8 25 0.010992883 
28 950 6 22 0.010991618 
880 961 7 33 0.010984829 
798 234 8 26 0.010972714 
899 634 6 18 0.010968533 
919 926 9 29 0.0109679755 
46 1481 11 26 0.010958926 
681 100 8 21 0.010948573 
972 16 14 35 0.010941956 
401 498 10 21 0.010928372 
-14 1473 10 44 0.010918377 
519 1261 13 30 0.0109179905 
44 1444 10 25 0.01091258 
457 205 15 37 0.010905038 
185 651 8 24 0.010895903 
795 216 9 26 0.010887986 
819 331 7 27 0.010876401 
684 811 7 22 0.010867289 
43 1520 10 27 0.010866012 
777 180 9 21 0.010848054 
387 693 6 21 0.010838776 
643 396 9 25 0.010834697 
661 1270 6 15 0.010827116 
1013 1326 7 17 0.01081194 
738 158 8 22 0.010801805 
857 1562 9 21 0.010775678 
442 1400 11 24 0.0107692955 
862 217 6 24 0.010766467 
107 1165 7 22 0.010760303 
656 827 14 32 0.0107570095 
476 1420 10 22 0.010751125 
190 871 7 27 0.010749007 
69 259 6 18 0.010748083 
398 1283 15 28 0.010741109 
878 890 8 26 0.010738987 
300 314 8 24 0.010730616 
958 316 6 23 0.010727629 
398 415 11 24 0.010727135 
529 342 19 40 0.010725767 
185 1502 9 21 0.010712309 
513 415 12 27 0.010707922 
423 413 13 24 0.010694434 
756 240 10 22 0.010692684 
47 608 8 28 0.010684551 
47 597 7 19 0.010664458 
26 849 8 23 0.010649466 
421 1302 14 25 0.010640668 
978 293 7 29 0.010637309 
165 1504 8 20 0.010634624 
899 653 6 20 0.010627358 
493 104 20 51 0.01061727 
10 907 6 27 0.01061084 
698 138 8 21 0.01061077 
84 1433 17 38 0.010602083 
225 293 6 26 0.010599993 
571 391 15 27 0.010594553 
979 1251 6 14 0.010589386 
733 218 10 25 0.010586308 
1012 790 9 30 0.010574599 
123 1142 10 27 0.010569481 
776 343 11 38 0.010552426 
306 1518 7 25 0.010548976 
501 20 9 25 0.010513321 
635 223 13 37 0.010510876 
611 194 19 52 0.010509963 
146 1543 6 20 0.010503571 
10 1108 5 19 0.010499826 
401 1302 12 24 0.010498727 
126 1166 7 23 0.010480962 
894 946 7 27 0.01047166 
286 399 7 21 0.010469867 
895 1557 10 27 0.010469447 
797 476 7 21 0.010466581 
899 434 7 26 0.010458273 
657 188 12 34 0.010446876 
556 -12 158 161 0.010443283 
636 516 12 21 0.010440681 
655 228 12 33 0.010440178 
85 1204 7 23 0.010434693 
305 296 7 24 0.010424426 
720 138 7 20 0.010409237 
537 1243 10 26 0.010404376 
167 612 7 23 0.010404337 
535 1556 16 36 0.010394552 
836 278 7 24 0.010388285 
28 1168 7 18 0.010378122 
794 353 8 29 0.0103704175 
1013 670 8 31 0.010369067 
701 196 10 26 0.010367403 
298 1383 10 23 0.010367344 
-4 1207 5 25 0.010365485 
222 1542 7 22 0.010361514 
8 1207 5 19 0.010360335 
-8 1105 7 26 0.01034756 
347 1284 6 23 0.0103379 
146 710 7 27 0.010337637 
141 1558 10 30 0.010336569 
602 71 133 190 0.010328582 
559 1206 10 26 0.010328416 
524 456 12 23 0.010321993 
998 333 7 25 0.010318546 
421 1485 10 20 0.010313799 
1016 1506 7 22 0.01031324 
28 353 8 27 0.010311399 
596 297 14 27 0.010310864 
203 890 8 27 0.010309784 
267 1206 6 25 0.010307527 
82 842 10 38 0.010306997 
989 17 11 30 0.010306934 
226 908 7 24 0.01030491 
435 1485 11 20 0.010296597 
539 439 14 23 0.010292546 
83 1186 7 26 0.010289578 
540 963 9 30 0.010276383 
277 503 17 42 0.01027585 
551 1353 24 36 0.01026509 
-79 1544 15 53 0.010262541 
145 257 9 29 0.01026197 
779 235 8 24 0.010249061 
861 314 6 25 0.010247644 
1260 1271 20 86 0.010239149 
1164 1447 66 109 0.010236207 
918 499 7 24 0.010228163 
633 177 15 46 0.010224818 
85 555 7 19 0.010223028 
476 1238 19 39 0.010219081 
69 572 7 24 0.010212895 
8 119 6 22 0.010192136 
591 550 18 31 0.0101768505 
956 753 6 21 0.010176275 
938 636 5 19 0.010166653 
674 403 13 40 0.010161942 
622 1306 10 23 0.010154156 
659 1448 7 15 0.010153849 
563 55 29 56 0.010150333 
857 948 6 26 0.010146807 
991 7 10 22 0.010144546 
460 988 9 31 0.01013175 
879 596 6 17 0.01013023 
913 1541 9 20 0.010121852 
494 1023 18 40 0.010117649 
537 471 12 23 0.010114139 
759 179 8 21 0.01010831 
858 1543 6 15 0.01010625 
338 28 13 48 0.010101867 
468 1313 21 34 0.0100972 
954 1558 13 30 0.010093555 
-258 -30 48 171 0.010093478 
1016 1134 6 16 0.0100893155 
997 137 7 25 0.010088991 
87 574 6 23 0.010086492 
312 383 19 54 0.010085144 
400 711 9 28 0.010061607 
917 596 7 20 0.010059119 
304 1499 9 25 0.0100522265 
418 544 11 36 0.010042091 
503 1369 9 19 0.0100402 
495 306 15 41 0.010035347 
478 349 12 32 0.01003028 
478 464 16 35 0.010022206 
1003 817 15 51 0.010019301 
1013 991 7 22 0.010015187 
676 1560 10 25 0.010014952 
1014 767 9 31 0.010012237 
66 727 7 28 0.010007408 
621 1049 8 21 0.010003332 
463 1486 10 19 0.010003299 
