27_Spa_Spa_27_168
2066
520 392 52 76 0.99948955 
459 362 53 92 0.9992335 
7 -143 326 124 0.16270086 
869 440 18 22 0.16011252 
3 176 7 19 0.118172824 
17 179 6 15 0.115609355 
6 162 6 18 0.11444317 
774 291 6 20 0.1002058 
182 164 6 12 0.09948272 
708 373 7 11 0.0973319 
172 166 5 11 0.09424807 
51 185 11 26 0.09234119 
877 437 17 18 0.09212534 
762 291 5 21 0.08817327 
15 166 6 14 0.08714962 
44 180 7 14 0.08649999 
708 379 9 18 0.08467182 
16 62 9 21 0.083441526 
753 323 12 34 0.08309363 
105 179 7 14 0.08097318 
786 293 6 18 0.07995933 
17 188 6 16 0.076314054 
106 169 6 12 0.0762353 
66 184 10 25 0.07530869 
787 280 4 19 0.074411474 
800 306 6 16 0.07378513 
1016 -2 8 23 0.07316384 
44 185 10 22 0.0720342 
848 188 8 17 0.0706001 
364 291 6 21 0.07040358 
554 586 7 15 0.07002812 
230 306 9 16 0.06904844 
170 131 6 13 0.06786242 
364 276 7 23 0.06601367 
375 292 7 21 0.06585901 
375 277 6 22 0.06540017 
390 280 5 17 0.06521765 
52 181 7 15 0.06366376 
785 303 7 19 0.06360341 
747 323 11 31 0.06333386 
174 160 5 10 0.063224085 
390 294 5 17 0.06302758 
75 182 12 26 0.06263372 
809 330 8 19 0.06263032 
799 316 8 20 0.062085792 
271 -147 345 117 0.061980154 
408 392 80 79 0.06182582 
773 302 7 20 0.061748773 
159 130 6 12 0.061673243 
1 187 7 19 0.061208624 
800 281 4 17 0.06049167 
362 303 8 22 0.060033966 
712 421 7 14 0.059747208 
614 398 9 15 0.05956112 
715 382 10 18 0.059315097 
184 179 6 15 0.05926103 
808 319 7 15 0.05924747 
237 559 5 20 0.059170287 
231 319 8 13 0.058967598 
1011 45 14 49 0.058759212 
278 347 17 35 0.05840864 
775 280 4 20 0.058167037 
95 181 8 14 0.05806409 
81 64 7 16 0.05786732 
146 168 5 11 0.057305533 
119 180 5 12 0.057256356 
301 559 5 19 0.057155054 
466 576 5 13 0.057100352 
444 590 13 42 0.056527384 
70 180 8 15 0.056495108 
26 89 8 18 0.05644652 
435 581 10 28 0.05624719 
402 294 5 16 0.05610315 
750 292 5 19 0.05547139 
26 97 9 22 0.055272594 
168 177 7 15 0.05488508 
735 410 6 14 0.05470696 
651 464 18 37 0.054636013 
581 512 6 16 0.05430194 
363 387 6 12 0.053731102 
799 294 5 17 0.05360852 
-39 689 287 322 0.053468756 
57 75 6 14 0.053438753 
14 155 6 17 0.053360786 
232 341 8 21 0.052976146 
551 608 9 25 0.05200046 
553 572 8 19 0.051940344 
568 574 6 16 0.051804684 
555 536 7 23 0.051741354 
767 324 12 31 0.051639583 
119 102 7 16 0.051494736 
41 95 10 26 0.051475752 
557 369 75 96 0.051413324 
837 341 10 22 0.051276885 
611 403 12 25 0.051007695 
19 97 7 21 0.05086413 
223 534 6 22 0.050146434 
66 111 8 19 0.049939815 
531 611 7 19 0.049919046 
314 559 5 19 0.049886137 
690 417 9 18 0.049630873 
608 400 7 13 0.04928343 
1004 9 6 22 0.048896674 
82 72 7 15 0.04871594 
144 158 6 13 0.048549894 
19 89 6 16 0.048383333 
633 281 4 17 0.04836183 
946 140 121 315 0.04825166 
235 534 6 24 0.04823792 
229 292 11 21 0.048046656 
50 96 9 22 0.047992088 
760 302 7 21 0.04798696 
172 142 6 11 0.04785923 
849 217 5 16 0.047788918 
838 333 7 15 0.047750726 
26 72 9 19 0.047715437 
464 -148 345 118 0.04755871 
4 99 7 24 0.047536783 
160 112 7 17 0.047463857 
579 497 6 18 0.04735163 
717 371 7 14 0.047314335 
650 351 10 27 0.047311198 
643 352 11 25 0.046914954 
683 317 6 17 0.04690103 
166 112 7 18 0.046602327 
160 101 6 18 0.046545137 
55 63 7 16 0.046525758 
290 307 14 18 0.04651364 
467 559 6 19 0.046250258 
622 280 5 17 0.04594827 
43 87 7 17 0.045878235 
162 171 4 9 0.045616783 
224 559 5 23 0.045605678 
352 291 6 19 0.04558746 
797 328 11 24 0.045443576 
39 268 11 15 0.04536911 
808 308 6 16 0.045363747 
42 64 7 14 0.045327738 
224 545 5 23 0.045169335 
688 410 5 14 0.04505943 
205 375 8 25 0.04475312 
42 75 7 14 0.044732995 
15 199 8 19 0.04469792 
427 582 8 25 0.044494506 
551 598 9 21 0.04439422 
118 110 7 16 0.04439258 
374 303 8 21 0.04435626 
54 87 7 17 0.04425912 
284 312 15 23 0.043941222 
315 574 4 19 0.043935377 
105 185 9 20 0.04377661 
18 53 6 14 0.04372198 
582 276 6 22 0.043565534 
567 588 5 15 0.043530267 
453 578 5 13 0.04343844 
236 545 6 23 0.043124434 
226 233 17 28 0.042957522 
501 612 6 15 0.042889804 
796 498 11 17 0.042853776 
53 154 10 19 0.042683836 
106 112 7 15 0.042527493 
465 588 6 16 0.04248899 
699 313 184 219 0.042441513 
490 561 7 20 0.042434566 
105 156 7 14 0.042408884 
436 533 11 28 0.042125575 
234 332 7 15 0.04202898 
54 165 8 15 0.04200654 
649 324 12 28 0.041852742 
835 350 10 24 0.041796714 
169 98 6 20 0.041763637 
364 393 7 15 0.041728552 
966 188 5 23 0.041476272 
750 303 5 19 0.041309163 
697 611 4 18 0.04125731 
360 416 103 86 0.041227087 
16 109 7 23 0.04121447 
248 534 6 24 0.041168306 
722 665 5 16 0.041049104 
488 331 80 89 0.04098336 
232 366 8 23 0.04094865 
621 269 5 16 0.040861115 
464 593 9 30 0.04074737 
55 50 6 14 0.0405872 
96 170 6 10 0.040535443 
491 526 5 16 0.040494043 
261 22 6 16 0.04040589 
757 373 11 32 0.040243935 
850 200 6 17 0.04001169 
565 534 8 23 0.039896224 
1004 -2 6 22 0.039855212 
363 265 7 20 0.039749384 
839 308 6 14 0.03923668 
805 338 10 23 0.039232735 
302 573 4 18 0.039224513 
580 533 7 22 0.03904328 
546 367 18 24 0.038819037 
594 512 6 15 0.03868497 
849 228 5 14 0.038677465 
853 126 5 15 0.038477957 
782 327 10 24 0.038448557 
732 381 9 21 0.038406204 
41 259 8 13 0.038309623 
709 392 8 17 0.038284253 
631 409 10 19 0.038238976 
760 689 7 19 0.0381909 
721 702 5 15 0.038156234 
31 181 5 11 0.038080532 
249 419 21 29 0.038042795 
1000 32 7 27 0.03801305 
448 584 8 23 0.03796424 
770 314 9 25 0.03791344 
577 316 7 20 0.037893496 
582 291 6 19 0.037853017 
160 178 6 14 0.037679754 
784 315 9 22 0.03765059 
966 239 4 21 0.03758458 
685 599 4 16 0.03748188 
543 586 7 15 0.037421014 
916 -141 121 97 0.03738907 
684 306 5 16 0.037329365 
134 169 5 10 0.037234094 
772 688 6 19 0.037223782 
734 418 7 16 0.03717807 
147 132 6 11 0.03713856 
490 533 6 19 0.037102718 
815 378 15 26 0.0370334 
734 394 7 16 0.037005905 
54 125 8 17 0.036923185 
582 573 6 18 0.036815803 
243 278 9 19 0.0367706 
64 121 9 20 0.036696196 
324 561 6 19 0.03665988 
449 533 9 25 0.03662707 
464 532 8 23 0.03659919 
145 180 6 11 0.036441732 
324 574 6 20 0.036387153 
593 574 6 17 0.03637697 
242 331 9 17 0.03635917 
145 142 6 12 0.03635008 
237 573 4 22 0.036264274 
712 412 6 13 0.036187373 
851 156 5 12 0.036158927 
966 175 5 23 0.036124017 
980 123 5 22 0.036092926 
476 560 7 20 0.036072627 
879 448 15 27 0.036004078 
221 367 6 21 0.03597774 
671 611 4 18 0.03596026 
455 267 5 15 0.03590862 
710 711 8 24 0.035856772 
55 111 8 18 0.03584449 
223 356 6 18 0.035836335 
779 422 13 37 0.03572633 
593 497 6 18 0.03568471 
539 610 8 21 0.03566453 
686 415 8 19 0.03555728 
412 253 9 21 0.03552044 
714 427 11 23 0.03550953 
696 665 5 17 0.035448696 
478 527 6 15 0.035404284 
455 255 4 15 0.03538559 
352 304 6 18 0.035352454 
415 294 6 15 0.03524111 
810 294 5 16 0.03518675 
1017 35 8 26 0.035173606 
719 412 7 14 0.035159692 
818 737 10 26 0.035150986 
476 532 7 21 0.035126872 
680 729 12 40 0.035115447 
697 624 5 20 0.035058543 
116 187 8 19 0.035025954 
569 512 6 16 0.034922067 
577 479 9 25 0.03489937 
350 278 6 19 0.034886237 
773 676 6 19 0.034807477 
184 130 6 14 0.034774505 
412 585 7 21 0.034767214 
108 104 6 13 0.034668915 
689 729 12 40 0.03456425 
-6 293 108 84 0.034541506 
772 -149 223 120 0.034516342 
292 362 12 29 0.03450481 
68 167 7 13 0.03449472 
967 200 4 21 0.03449072 
134 180 5 12 0.034490068 
762 281 5 20 0.034479305 
348 265 8 19 0.034478366 
805 355 11 22 0.034464967 
851 10 5 18 0.034429166 
812 282 4 15 0.03442274 
504 563 6 18 0.03436902 
6 75 6 15 0.034197003 
737 292 4 18 0.034091134 
634 292 4 16 0.034087744 
595 280 5 18 0.03405046 
580 559 7 20 0.033988148 
17 121 7 21 0.033978 
429 578 5 14 0.033950232 
81 87 7 16 0.033919934 
579 307 6 18 0.03390155 
69 77 5 12 0.033831444 
646 318 7 19 0.033775277 
244 292 7 17 0.033703957 
744 499 10 18 0.03365028 
639 406 12 24 0.033611942 
335 392 11 24 0.033604003 
672 600 4 16 0.033513784 
570 290 5 21 0.03338316 
842 217 5 15 0.033267286 
966 229 4 19 0.033220466 
582 526 5 16 0.033130232 
709 365 6 9 0.033056833 
986 742 9 17 0.033054218 
721 690 5 16 0.033002667 
478 599 7 19 0.03299741 
288 557 5 21 0.03288321 
44 40 6 13 0.032847296 
965 164 5 21 0.032838665 
759 665 6 18 0.032765567 
579 546 7 22 0.032759346 
206 393 7 20 0.032747883 
121 171 4 10 0.032739762 
719 394 8 16 0.032717895 
375 266 6 19 0.032701842 
518 562 6 18 0.032691255 
622 291 5 17 0.032686338 
245 320 7 13 0.03266489 
828 269 4 15 0.032660868 
439 557 7 18 0.032644078 
301 587 4 19 0.032613777 
609 280 5 17 0.032598104 
695 305 6 16 0.03258476 
590 479 9 25 0.032576337 
568 275 6 24 0.03256878 
693 710 8 22 0.032523233 
721 677 5 15 0.032480758 
492 602 6 14 0.032466017 
334 275 8 24 0.032463383 
710 701 5 17 0.03243197 
684 710 7 21 0.03242182 
402 279 5 17 0.032361485 
196 377 8 23 0.032313794 
966 253 5 21 0.032297377 
165 17 8 22 0.03224153 
784 189 6 19 0.032220244 
986 728 8 17 0.032195855 
651 414 12 29 0.032142747 
503 603 5 13 0.03212472 
412 243 9 16 0.032031946 
631 398 9 14 0.032021746 
2 197 8 21 0.03196955 
852 167 5 12 0.03196635 
475 548 7 20 0.031939972 
671 625 4 18 0.031880185 
828 281 4 15 0.031872556 
493 610 7 17 0.03181693 
717 710 8 25 0.031812284 
-5 103 182 170 0.031806216 
842 230 4 13 0.03177372 
748 689 6 18 0.031746127 
839 321 6 12 0.03169099 
800 269 4 15 0.03168956 
594 585 5 18 0.031663593 
594 563 5 17 0.03163026 
442 279 5 16 0.031610753 
245 307 7 14 0.03154997 
16 141 6 18 0.031533234 
695 699 7 20 0.03151943 
96 157 7 12 0.03147358 
583 587 6 15 0.031463012 
95 74 6 14 0.031439926 
220 378 8 22 0.031432055 
741 378 11 27 0.031402048 
104 124 8 18 0.03135898 
673 306 5 15 0.031353336 
68 102 6 15 0.031328756 
5 64 6 14 0.031312797 
749 665 5 17 0.0313041 
852 139 5 15 0.0312679 
595 292 5 17 0.031264644 
69 88 7 15 0.031245561 
680 699 8 22 0.03124345 
67 155 7 15 0.03123577 
530 548 7 24 0.03123342 
246 267 9 18 0.031226065 
396 203 18 25 0.031197485 
260 278 8 18 0.031106742 
736 665 5 15 0.031098653 
15 279 25 20 0.030978093 
160 141 5 11 0.030939303 
582 266 5 20 0.030935684 
44 51 6 14 0.030933784 
732 368 9 19 0.030889314 
292 343 11 20 0.030854901 
696 677 6 14 0.030845193 
697 653 5 18 0.030802112 
184 144 5 11 0.030793829 
30 191 6 14 0.03078702 
594 534 6 19 0.030778443 
566 556 7 23 0.030667337 
532 575 7 16 0.030665439 
339 388 7 13 0.030614758 
552 550 10 31 0.03052781 
130 101 7 16 0.030527307 
44 171 6 12 0.030462384 
492 590 6 13 0.030416977 
197 393 7 19 0.030414244 
685 610 4 18 0.030337814 
492 550 5 18 0.030292062 
172 88 5 18 0.030273603 
840 170 4 11 0.030213226 
80 170 7 13 0.030188944 
685 677 5 15 0.030174429 
723 653 4 17 0.03016554 
817 367 12 23 0.030165303 
736 303 5 19 0.030135756 
411 606 8 27 0.030128706 
979 111 5 21 0.030125253 
465 546 8 23 0.030070025 
736 676 5 16 0.030057587 
504 550 5 17 0.03004769 
250 559 5 20 0.030043785 
173 37 5 17 0.029954206 
787 269 5 17 0.02993012 
56 41 5 13 0.029881068 
850 183 6 12 0.029874153 
480 514 5 12 0.02984067 
569 498 6 17 0.029830448 
161 160 5 9 0.029796995 
710 677 6 15 0.02975694 
172 77 4 16 0.029740578 
806 366 13 25 0.029720912 
742 417 9 21 0.029633839 
506 500 5 14 0.029562905 
560 368 13 20 0.029457798 
296 297 8 14 0.029451786 
38 278 14 17 0.029444989 
426 542 9 28 0.029420706 
741 424 12 32 0.029386912 
455 279 5 16 0.02938621 
387 305 8 17 0.029384267 
607 574 5 15 0.029383877 
672 678 5 14 0.029377336 
862 435 13 16 0.029333763 
428 557 6 19 0.029302392 
518 572 6 18 0.029281925 
531 587 6 14 0.029246313 
81 98 7 17 0.029234985 
131 114 7 15 0.029219938 
288 574 4 19 0.029216595 
966 216 4 19 0.029207673 
117 90 7 15 0.029173285 
241 342 10 21 0.02916319 
786 676 5 18 0.029134845 
480 590 4 13 0.029107705 
991 11 6 23 0.029107042 
492 513 5 13 0.029070726 
609 267 5 17 0.029051108 
557 291 5 19 0.029039234 
505 587 6 16 0.029027585 
837 268 6 16 0.028973894 
757 499 10 17 0.028942894 
161 18 6 20 0.028934289 
516 498 6 16 0.028921278 
361 314 8 21 0.028849643 
702 496 12 21 0.02882672 
441 267 5 15 0.028822696 
660 601 4 16 0.02879625 
773 665 6 18 0.028785933 
827 257 4 14 0.028782466 
567 253 6 20 0.028777128 
573 452 16 33 0.028775202 
812 399 17 27 0.028676197 
439 529 7 15 0.028637718 
-20 227 198 159 0.028556816 
648 294 4 15 0.028556662 
79 112 8 17 0.028556624 
225 310 7 13 0.028538566 
235 664 6 23 0.028529506 
569 600 6 17 0.028506137 
556 513 6 17 0.028504763 
917 538 4 14 0.028500775 
467 267 4 14 0.028498823 
670 696 8 24 0.028463358 
568 528 6 17 0.028452413 
824 191 5 16 0.028428648 
821 333 7 13 0.02840267 
981 139 4 20 0.028313732 
734 316 7 23 0.028309943 
299 545 6 24 0.028296383 
760 676 6 17 0.028270107 
27 121 9 20 0.028264644 
505 279 6 17 0.028254576 
285 535 7 19 0.02821192 
1017 18 8 26 0.028200371 
413 577 6 15 0.028139018 
771 178 7 18 0.028134508 
516 279 5 16 0.02812026 
349 533 7 26 0.028114969 
543 599 7 18 0.028110964 
733 358 9 17 0.02807633 
608 293 5 16 0.028066488 
55 257 8 14 0.028057555 
51 136 10 20 0.028033476 
350 387 6 13 0.028032435 
812 270 4 14 0.028024415 
721 593 6 24 0.028020374 
192 334 12 13 0.028010571 
155 300 845 835 0.028002279 
373 315 9 21 0.027987562 
106 75 7 14 0.027987374 
30 202 7 15 0.027985144 
617 387 8 13 0.027976317 
785 178 6 17 0.027974049 
987 718 7 16 0.027968667 
669 329 7 20 0.027964856 
840 257 4 15 0.027950138 
504 535 5 17 0.027915593 
710 609 5 19 0.027885936 
337 343 7 17 0.027843183 
743 410 8 15 0.027834771 
551 360 11 15 0.027828908 
595 266 5 19 0.027770467 
733 721 8 29 0.02774822 
312 544 7 25 0.027670464 
220 392 10 24 0.027650854 
232 279 10 19 0.027609712 
542 574 7 18 0.027553823 
799 353 9 21 0.027510714 
672 318 6 17 0.027464908 
557 276 5 21 0.027423836 
698 639 4 20 0.027415317 
181 270 8 14 0.027402662 
249 665 4 18 0.027348215 
97 115 6 13 0.027345607 
105 141 8 17 0.027328739 
619 734 307 274 0.02731873 
336 265 8 19 0.027282538 
753 425 13 32 0.027216537 
826 230 4 14 0.027167713 
771 499 10 17 0.027106002 
541 537 7 22 0.027101228 
762 701 5 15 0.027084477 
289 351 13 25 0.0270712 
719 584 6 23 0.027066993 
466 529 5 13 0.026991539 
748 676 5 16 0.026960442 
243 364 10 26 0.026926342 
260 534 7 21 0.026923295 
425 623 7 20 0.026922097 
593 305 6 16 0.026885133 
661 294 4 15 0.026882045 
480 575 6 14 0.026881915 
657 640 5 17 0.026843147 
453 559 6 18 0.026833776 
262 561 5 19 0.026819652 
799 492 7 11 0.026812471 
135 158 5 12 0.026770674 
700 372 6 12 0.026747623 
694 399 7 13 0.026738057 
566 200 7 25 0.026719555 
709 304 6 17 0.026694993 
441 257 5 14 0.026691105 
864 27 5 13 0.026663637 
796 531 8 28 0.026639441 
710 689 6 17 0.026632493 
4 89 7 18 0.026622692 
43 124 8 17 0.026612895 
834 760 8 32 0.026549552 
965 154 5 20 0.026526427 
360 354 102 99 0.02649157 
404 585 6 17 0.026483916 
503 623 7 19 0.026478421 
543 280 5 17 0.02647774 
262 427 17 27 0.026447363 
568 263 6 23 0.026428647 
92 65 6 14 0.026399182 
844 329 9 23 0.026394442 
977 201 5 20 0.02636326 
895 445 9 16 0.02636228 
810 734 10 28 0.026344353 
67 13 6 15 0.026342815 
197 159 5 10 0.026280396 
848 -1 7 14 0.026262056 
825 202 4 16 0.026225025 
847 393 10 23 0.026223248 
288 587 5 19 0.026217561 
197 408 6 16 0.026135549 
476 660 9 22 0.026085526 
533 280 4 16 0.026084535 
811 728 7 16 0.025988977 
134 129 6 13 0.025974 
504 526 6 16 0.025965737 
773 585 4 20 0.025950512 
571 306 6 18 0.025920771 
453 530 6 13 0.025862176 
710 625 4 19 0.025854219 
17 39 6 15 0.025833096 
428 279 5 16 0.025812393 
504 571 7 20 0.025796251 
286 545 6 24 0.025776682 
1016 -18 8 26 0.025764318 
838 279 6 17 0.025737531 
606 534 7 19 0.025705235 
770 187 8 24 0.025675882 
260 14 6 16 0.025624033 
570 317 7 19 0.025607185 
841 190 5 16 0.025598552 
834 365 10 24 0.025588853 
594 600 5 16 0.025559288 
232 390 11 26 0.025539866 
786 689 6 17 0.025509657 
711 638 4 20 0.02550216 
427 607 7 22 0.025423007 
766 375 12 31 0.025414383 
978 186 6 26 0.025411768 
793 425 12 31 0.025397714 
313 586 5 18 0.025369473 
641 396 10 16 0.025367208 
723 303 6 19 0.025343828 
160 89 5 16 0.025340786 
797 701 296 252 0.02531868 
580 601 6 17 0.025290826 
787 664 5 19 0.025278041 
842 348 11 30 0.025265763 
515 269 5 15 0.025231682 
350 333 6 14 0.025215011 
272 280 7 17 0.025181394 
607 585 4 17 0.02511678 
661 473 13 32 0.025113162 
530 601 7 18 0.025105061 
438 637 8 20 0.02508273 
297 535 7 21 0.025065958 
641 382 10 19 0.025055531 
25 269 16 16 0.025030246 
348 255 8 18 0.025025183 
364 376 5 10 0.024996556 
672 294 5 15 0.024988633 
467 280 5 16 0.024983002 
894 436 9 15 0.024968075 
568 622 7 22 0.0249662 
564 176 11 22 0.024961831 
697 599 4 16 0.0249614 
300 600 5 17 0.02495478 
682 687 7 20 0.024953282 
207 406 8 20 0.024927687 
261 51 6 13 0.024921743 
426 293 7 15 0.024919221 
835 749 6 21 0.024857866 
571 419 71 90 0.024811473 
694 315 8 19 0.02478573 
289 599 4 19 0.024751188 
639 385 83 111 0.024732556 
592 379 80 101 0.02468633 
258 266 8 18 0.024657223 
694 689 7 18 0.02464572 
65 257 8 15 0.024633782 
746 581 6 27 0.024607748 
243 248 11 25 0.024602113 
580 201 8 24 0.024581328 
653 381 8 19 0.024573026 
543 292 5 17 0.024561591 
373 384 8 14 0.024554763 
658 626 5 17 0.024537612 
734 714 6 17 0.024536256 
697 383 7 14 0.024534665 
530 536 7 21 0.024527138 
1002 755 7 14 0.024526162 
55 242 7 15 0.024523294 
722 609 5 21 0.024523145 
955 345 4 19 0.024518952 
558 263 6 21 0.024513496 
660 613 4 16 0.024501966 
3 142 6 18 0.024433136 
553 199 10 26 0.02439273 
92 38 7 16 0.02438994 
700 363 5 10 0.024387982 
411 542 9 30 0.024370939 
334 255 10 17 0.024353184 
735 704 5 13 0.024342619 
210 561 6 22 0.024325546 
977 728 9 16 0.02432308 
119 127 7 16 0.024314111 
506 512 5 14 0.02431173 
370 204 13 21 0.024294537 
363 589 6 12 0.024287578 
198 101 5 15 0.024273455 
806 438 12 30 0.024254285 
70 65 6 14 0.024247004 
476 605 8 26 0.024245294 
711 653 4 17 0.024245115 
802 497 11 19 0.024224054 
743 393 9 20 0.024175463 
965 140 5 20 0.024110692 
631 384 9 16 0.024102967 
326 292 7 16 0.024094332 
671 639 5 18 0.024078373 
185 98 6 18 0.024024988 
981 89 4 17 0.024007902 
607 514 6 14 0.023976732 
967 266 5 20 0.02397035 
249 649 5 20 0.023940606 
822 358 8 17 0.023904633 
965 290 6 25 0.023891421 
682 329 6 16 0.023887668 
814 231 3 15 0.023857841 
402 607 7 23 0.023848357 
493 280 5 16 0.023831641 
480 281 5 15 0.023822129 
250 638 5 19 0.023820788 
748 702 5 15 0.023789406 
206 418 9 20 0.023788441 
263 640 5 16 0.023768885 
173 48 5 18 0.023757923 
1001 40 9 35 0.023754824 
955 371 4 16 0.023705307 
374 329 10 18 0.023691522 
32 171 5 11 0.023658512 
400 367 8 20 0.023653068 
556 528 6 19 0.023611108 
761 595 5 24 0.023595845 
594 613 6 17 0.023566026 
363 577 5 15 0.023561584 
736 653 4 18 0.02351435 
731 425 10 26 0.023505272 
404 576 5 15 0.023489527 
282 191 8 12 0.023486847 
719 362 8 12 0.023479564 
27 52 7 15 0.02346113 
531 514 5 15 0.023427961 
518 551 6 19 0.023400858 
594 547 6 18 0.023375874 
569 611 6 19 0.023325572 
980 101 4 18 0.02332311 
461 636 9 24 0.023276439 
671 665 5 17 0.023262052 
965 126 5 20 0.023244012 
304 683 13 30 0.023241108 
95 141 7 16 0.023233095 
602 409 15 35 0.023189362 
685 624 4 19 0.023181027 
234 675 7 23 0.02316287 
95 125 7 16 0.023132509 
819 752 11 44 0.023108598 
454 244 5 14 0.023107931 
668 354 8 20 0.023103772 
289 326 15 24 0.023096686 
964 331 6 22 0.023078037 
389 266 5 16 0.023072181 
147 116 6 14 0.023035213 
69 39 5 14 0.022997549 
477 634 9 29 0.02298069 
869 424 15 16 0.022970656 
336 289 7 20 0.022961779 
608 562 5 16 0.022960596 
224 320 7 12 0.02295616 
975 238 7 25 0.022920128 
733 500 9 16 0.022916337 
452 635 8 24 0.022911824 
848 773 9 32 0.022847582 
52 268 9 14 0.022820665 
169 755 8 14 0.022818526 
274 536 6 18 0.022817146 
416 278 5 16 0.022809198 
402 357 7 19 0.022789795 
826 220 3 13 0.022786142 
14 224 9 24 0.022776248 
440 619 8 22 0.022774665 
964 315 6 23 0.022768836 
916 549 5 20 0.022768112 
185 90 4 16 0.022762131 
840 182 5 11 0.022761926 
69 51 6 12 0.022758303 
685 652 5 19 0.022743253 
693 427 10 22 0.022709867 
711 665 5 16 0.022707565 
387 608 8 23 0.02270312 
232 266 9 17 0.022700578 
481 268 4 13 0.02267824 
413 558 7 20 0.022677204 
3 120 7 23 0.022651853 
859 125 7 18 0.022619817 
218 125 8 21 0.022608465 
839 296 5 14 0.022604205 
184 187 6 15 0.022604076 
85 38 5 14 0.022601122 
404 647 245 154 0.022588363 
275 559 5 19 0.022567902 
311 535 7 22 0.022554042 
353 374 5 12 0.022526706 
647 308 5 13 0.022512538 
844 362 11 32 0.022512412 
426 256 6 16 0.022497984 
633 614 4 16 0.022487598 
721 316 8 20 0.022481257 
824 324 5 10 0.022475505 
415 263 6 17 0.022474417 
197 167 5 11 0.022462258 
372 395 8 16 0.022454603 
261 293 7 17 0.02244932 
362 254 8 19 0.02241532 
992 30 7 30 0.022412892 
57 11 6 15 0.02240194 
863 13 5 14 0.022399433 
15 211 9 22 0.0223668 
135 143 6 11 0.022356957 
755 177 10 22 0.02234006 
93 11 5 16 0.02233569 
616 778 8 20 0.022304697 
685 640 4 18 0.022300264 
823 557 5 24 0.022260616 
966 280 5 20 0.022254597 
145 191 5 16 0.02222156 
210 535 6 20 0.022196189 
783 722 9 29 0.0221732 
427 529 7 15 0.02216922 
289 614 4 17 0.022168934 
32 260 8 12 0.022157196 
84 24 6 15 0.02215463 
66 139 9 18 0.0220918 
735 689 5 16 0.022086397 
403 599 6 16 0.022081738 
327 585 5 18 0.022079403 
607 306 6 15 0.022076651 
552 626 10 30 0.022066668 
82 52 6 14 0.022059938 
81 155 7 14 0.022057401 
181 279 9 15 0.022054838 
697 293 5 15 0.022053255 
748 653 5 19 0.022043549 
237 650 5 24 0.022025079 
839 154 5 14 0.022010509 
847 419 10 19 0.022002444 
647 282 5 16 0.022000493 
219 110 9 20 0.021992825 
784 201 6 21 0.021987155 
607 389 7 11 0.021981932 
848 252 6 20 0.02192034 
309 296 7 13 0.021905765 
842 244 4 13 0.02190422 
517 616 5 12 0.021897571 
28 212 8 19 0.021872021 
353 576 5 15 0.021862978 
518 526 5 17 0.02185533 
531 292 6 17 0.021826092 
68 1 6 11 0.021780998 
196 113 6 17 0.021776859 
385 330 10 19 0.02175947 
358 638 16 37 0.02175727 
774 493 6 10 0.021752566 
703 728 13 40 0.021746706 
80 125 8 16 0.021733997 
957 740 17 22 0.021682294 
760 585 5 20 0.021673705 
264 627 4 17 0.021648303 
263 573 5 21 0.02164707 
440 293 6 16 0.02161729 
784 166 7 17 0.02160685 
92 23 6 18 0.021605209 
955 383 4 15 0.021594493 
774 559 6 20 0.021574346 
518 512 5 15 0.02157045 
108 88 7 14 0.021569602 
672 588 5 16 0.021556288 
607 421 85 105 0.021554448 
453 293 6 16 0.021544315 
977 717 7 17 0.021537278 
723 638 5 20 0.02152933 
926 431 7 19 0.02149735 
186 113 5 17 0.021485819 
120 157 6 12 0.021454705 
826 308 5 14 0.021442322 
710 596 6 20 0.021435823 
813 256 4 15 0.021413546 
670 653 5 17 0.02140864 
849 432 10 18 0.021405015 
38 12 8 15 0.021396298 
516 587 6 16 0.02138154 
556 500 6 16 0.021381117 
742 355 10 21 0.021363296 
991 -1 6 21 0.021348653 
339 602 5 16 0.021324055 
686 664 5 17 0.021323211 
685 294 5 15 0.021310423 
633 269 5 18 0.021308698 
796 438 11 28 0.0212729 
518 535 5 18 0.021256093 
543 514 6 16 0.0212469 
29 13 9 15 0.021233154 
964 344 6 21 0.021198234 
822 536 6 20 0.02118574 
659 306 5 15 0.021182587 
605 497 7 18 0.021165993 
979 175 5 23 0.021145888 
578 327 8 19 0.021123612 
580 612 6 18 0.021081181 
724 292 5 17 0.021061175 
249 572 5 22 0.021054646 
505 293 6 16 0.02102662 
565 360 9 14 0.020988809 
646 628 5 15 0.020988772 
607 600 5 15 0.020957572 
771 702 6 16 0.020953907 
293 402 12 26 0.020946415 
147 101 5 14 0.020946035 
876 537 5 18 0.020944871 
400 543 9 29 0.02091708 
428 266 6 15 0.020908881 
827 294 5 15 0.020886738 
814 218 3 14 0.020868141 
631 368 10 19 0.02085979 
795 733 10 32 0.02081939 
68 22 6 17 0.020818453 
736 583 6 22 0.02081683 
799 190 5 15 0.020802971 
847 317 7 19 0.020798173 
980 61 5 19 0.020795556 
539 555 9 26 0.020791415 
479 293 6 16 0.020760473 
1001 153 36 97 0.020753777 
668 339 8 23 0.020747533 
131 91 7 14 0.020740725 
309 371 8 17 0.020738795 
594 624 6 17 0.02070849 
670 366 7 19 0.02069156 
568 226 7 23 0.020683123 
977 229 6 20 0.02067263 
402 307 7 14 0.020616775 
390 590 5 12 0.020606564 
361 329 9 18 0.020590344 
352 317 6 18 0.02056241 
353 562 5 19 0.02056215 
813 244 4 15 0.020561678 
821 343 8 16 0.020554308 
300 628 5 13 0.020547058 
981 152 5 20 0.020546935 
262 38 5 14 0.02052547 
306 307 10 14 0.020507284 
979 217 5 18 0.020493867 
860 774 8 27 0.02047694 
742 176 12 24 0.020469978 
797 725 8 21 0.020468598 
147 90 5 14 0.020467049 
441 246 5 12 0.02045115 
850 764 7 23 0.020448603 
374 254 8 20 0.020433478 
119 142 7 13 0.020406121 
669 710 8 21 0.020404246 
475 333 10 16 0.020402176 
637 423 16 34 0.020399824 
351 116 7 14 0.020370932 
826 244 4 13 0.020359535 
848 243 6 15 0.020359516 
217 63 8 16 0.020321768 
210 157 5 11 0.020321544 
359 607 13 31 0.020318218 
364 403 9 23 0.020293372 
219 139 7 15 0.020290617 
260 306 7 15 0.020290213 
361 533 7 24 0.020273037 
210 546 6 23 0.020266436 
43 138 9 17 0.020246126 
782 404 12 26 0.020246046 
479 500 5 14 0.020241939 
706 315 8 20 0.02022662 
635 306 5 14 0.020202339 
398 381 10 20 0.020167917 
466 514 6 13 0.02015082 
783 532 8 26 0.020140842 
362 114 7 14 0.020114787 
846 305 8 19 0.020103334 
685 588 4 16 0.020097012 
798 179 5 15 0.020077055 
898 457 9 18 0.02002776 
778 201 191 296 0.0200189 
248 677 6 19 0.02001014 
159 36 6 17 0.019959956 
653 396 8 17 0.019955184 
590 198 12 30 0.019951241 
420 325 14 24 0.01994655 
44 154 8 16 0.019941788 
505 268 6 16 0.019938622 
832 378 12 25 0.01993227 
313 101 5 14 0.019917779 
735 594 6 25 0.019914847 
350 345 6 15 0.019912845 
799 571 5 23 0.019885318 
361 563 6 19 0.019880373 
772 533 8 23 0.01986462 
322 545 7 23 0.019854855 
596 254 5 19 0.019849584 
15 239 8 20 0.019849058 
1001 -20 8 29 0.019833295 
106 66 7 13 0.019832674 
840 202 5 16 0.019822083 
387 318 9 17 0.01980845 
745 723 8 24 0.01980694 
798 166 6 14 0.01980282 
288 629 4 14 0.019801876 
620 560 6 18 0.019797323 
977 742 9 17 0.019783773 
1015 744 8 15 0.019722141 
169 688 6 21 0.019699678 
807 392 16 24 0.019658454 
711 293 5 15 0.019655738 
616 373 9 16 0.019645117 
370 607 10 30 0.019641345 
558 378 16 27 0.019635145 
500 628 10 29 0.019634038 
1012 709 11 29 0.019604068 
465 256 5 14 0.019570483 
799 559 5 19 0.019552352 
287 296 9 15 0.0195241 
224 294 8 15 0.019520795 
591 317 7 17 0.019490728 
264 663 5 18 0.01948259 
772 166 7 18 0.01947242 
135 189 5 16 0.01946889 
53 206 10 26 0.019459007 
96 102 6 13 0.019454364 
261 59 7 18 0.019452808 
748 493 5 11 0.01945237 
273 50 7 13 0.019451253 
437 207 11 13 0.019442406 
769 435 13 35 0.019439472 
467 293 5 17 0.019437676 
528 501 6 14 0.0194152 
717 499 9 17 0.019400353 
333 239 11 18 0.01938048 
4 13 6 14 0.019377932 
632 355 9 19 0.019357627 
254 410 13 19 0.01935524 
242 394 11 23 0.019325411 
980 164 5 21 0.019316165 
980 74 5 18 0.01931083 
433 454 17 21 0.019302076 
57 23 6 16 0.019264927 
5 26 6 14 0.019251348 
264 613 5 19 0.019232217 
300 616 5 15 0.019193348 
517 293 6 16 0.019192358 
286 280 8 18 0.019186739 
327 387 6 12 0.01916926 
660 587 4 16 0.019163635 
529 305 7 17 0.019139543 
787 584 5 22 0.01912681 
686 400 6 12 0.019108916 
492 622 8 20 0.019104747 
542 305 7 17 0.019064974 
84 12 5 15 0.019060554 
569 241 5 17 0.019060517 
355 208 18 33 0.019060044 
288 651 5 17 0.019038962 
375 374 7 12 0.019033568 
526 624 12 34 0.019029632 
581 255 5 18 0.019028477 
1003 746 5 12 0.019027835 
197 325 7 9 0.019023322 
412 367 7 19 0.019019794 
629 777 8 20 0.019007951 
39 22 7 16 0.01899812 
337 356 7 16 0.018994562 
579 189 8 19 0.018993925 
198 424 5 12 0.018985553 
552 187 10 23 0.018959917 
412 355 7 21 0.018943382 
785 492 7 10 0.01891247 
925 418 8 21 0.018911047 
275 628 4 15 0.018899858 
810 535 8 21 0.018885933 
300 279 7 17 0.018875282 
618 546 8 21 0.018848741 
314 601 4 15 0.018841678 
853 23 5 16 0.018828029 
92 50 7 14 0.018814065 
288 639 5 15 0.018795451 
217 72 9 19 0.018784264 
916 575 3 15 0.018783007 
348 241 10 16 0.018781036 
371 405 10 20 0.01874324 
260 545 6 22 0.01874106 
363 599 8 16 0.018733796 
294 416 11 25 0.01873254 
207 359 7 16 0.018727407 
173 63 5 17 0.018726146 
578 623 7 20 0.018713908 
771 403 12 26 0.018710433 
651 443 12 23 0.018707773 
29 22 8 17 0.018701442 
340 576 5 16 0.018689746 
770 595 6 26 0.018644115 
607 615 5 15 0.018621903 
309 355 9 16 0.01861302 
65 240 9 18 0.01858295 
466 245 5 13 0.018550908 
760 493 6 11 0.018516444 
607 547 7 19 0.018505061 
-35 465 148 190 0.0184929 
386 381 10 19 0.018491069 
423 321 10 15 0.018464716 
264 651 5 18 0.01845507 
198 92 5 13 0.018426318 
427 245 6 13 0.018418591 
427 369 7 18 0.018409146 
188 339 15 18 0.018375007 
489 631 10 29 0.018370643 
799 690 6 15 0.018370247 
838 560 5 21 0.018345281 
620 255 6 19 0.018331725 
345 393 9 20 0.018325545 
859 309 11 30 0.018316576 
723 623 5 22 0.018292686 
575 407 12 23 0.018274095 
213 141 6 13 0.018263903 
543 359 9 14 0.018259004 
514 622 8 20 0.018253418 
975 750 10 18 0.018248593 
439 600 11 33 0.018240584 
339 562 5 17 0.01822086 
926 538 4 14 0.018198172 
665 730 13 38 0.018192243 
413 328 10 21 0.018184781 
619 306 6 16 0.018179253 
977 704 6 16 0.01816964 
683 371 7 14 0.018148195 
516 305 7 17 0.018141268 
966 372 5 17 0.018137345 
567 326 9 21 0.018135468 
749 281 5 21 0.01811859 
297 434 8 17 0.018111851 
328 603 4 15 0.01809064 
335 116 7 13 0.018082673 
647 614 4 16 0.018075474 
339 377 6 13 0.018075434 
207 446 8 18 0.018064264 
863 537 5 18 0.018046359 
263 138 5 18 0.018032473 
493 268 5 14 0.01802389 
401 330 8 19 0.01802339 
810 454 9 22 0.018015789 
646 639 5 16 0.018015098 
29 136 7 17 0.01800474 
825 183 5 12 0.018001392 
600 198 13 30 0.018001221 
863 36 5 14 0.018000988 
241 238 11 23 0.017991517 
4 37 7 16 0.017983219 
224 345 6 14 0.017969852 
881 424 13 15 0.017940426 
773 571 5 21 0.017934587 
758 354 8 22 0.01788811 
441 370 8 19 0.017887877 
338 307 6 16 0.017865505 
834 392 11 22 0.01784344 
9 270 22 18 0.017842673 
400 338 8 24 0.017840631 
857 394 12 24 0.017821077 
275 545 6 22 0.017800646 
294 358 99 105 0.017799055 
513 317 10 18 0.017793493 
491 502 5 15 0.017787661 
979 49 5 20 0.017777234 
193 179 7 14 0.017756023 
884 771 10 31 0.017753154 
684 359 6 14 0.017740145 
552 177 11 19 0.017706433 
768 350 10 26 0.01768456 
966 385 5 14 0.017676404 
567 482 7 18 0.017674774 
27 225 8 21 0.017657991 
758 406 8 19 0.017646985 
117 77 6 13 0.017643256 
816 427 12 29 0.01763806 
812 702 6 15 0.017635524 
249 583 5 23 0.017621344 
875 11 7 17 0.017620644 
389 601 5 14 0.01762043 
271 342 16 26 0.017603885 
617 345 8 15 0.01759232 
424 208 11 12 0.017587617 
783 559 6 19 0.017566906 
695 496 13 19 0.017553046 
861 767 6 18 0.017551525 
945 -43 132 304 0.017545573 
589 415 10 26 0.017537223 
274 614 5 17 0.017517738 
143 12 7 16 0.017512873 
814 558 5 21 0.017508835 
509 416 81 100 0.017508548 
276 640 4 15 0.01750585 
697 587 5 16 0.017483262 
629 424 12 30 0.017477954 
626 183 12 28 0.017477283 
56 2 6 10 0.017424906 
5 51 6 15 0.01741863 
376 588 5 13 0.01741383 
51 282 10 13 0.017401075 
517 485 6 15 0.017364644 
287 28 5 11 0.017358089 
80 140 8 17 0.017336646 
630 330 8 18 0.017311383 
617 535 8 20 0.017283162 
832 402 14 26 0.01727754 
801 216 4 18 0.017268267 
1013 752 9 19 0.017248515 
492 293 5 16 0.017225003 
273 295 7 14 0.01721939 
212 103 5 14 0.01720718 
769 721 10 29 0.017202102 
734 346 7 16 0.017196123 
391 577 4 13 0.017190857 
43 245 7 14 0.017180914 
324 307 8 14 0.017164411 
954 398 4 14 0.01713845 
65 269 9 14 0.017127039 
167 730 7 15 0.017123612 
207 431 9 21 0.01712058 
364 516 6 12 0.017113743 
747 714 6 15 0.017110977 
336 534 6 22 0.017084107 
414 309 7 12 0.017076401 
862 153 6 16 0.017054908 
403 558 6 20 0.01704675 
321 341 11 18 0.017039165 
684 347 5 13 0.017034214 
326 103 6 12 0.01702207 
634 626 4 16 0.01700608 
353 362 5 13 0.017005919 
697 349 6 12 0.016978718 
518 603 6 13 0.016969075 
274 574 5 19 0.01695839 
939 447 7 20 0.016953325 
-2 -137 88 101 0.016941926 
260 321 8 13 0.0169391 
146 22 6 19 0.016936827 
579 229 7 20 0.016931525 
16 450 9 10 0.01692708 
169 717 6 15 0.016912377 
576 178 10 19 0.016906193 
543 268 5 15 0.016891839 
904 538 4 17 0.016888916 
862 138 7 16 0.016884731 
169 678 6 19 0.016802166 
861 426 11 14 0.016797086 
976 268 6 21 0.016793998 
641 186 11 25 0.016791385 
461 413 89 82 0.01678055 
535 524 27 74 0.016776646 
632 345 7 15 0.016774917 
385 393 11 19 0.016763195 
658 678 6 15 0.016761772 
359 242 9 17 0.01675478 
421 507 11 20 0.016747521 
761 713 7 18 0.016730132 
196 127 6 15 0.016712617 
621 615 4 15 0.016707445 
861 165 6 15 0.016702324 
659 650 5 17 0.016698688 
963 678 7 20 0.016695933 
800 204 5 16 0.016692951 
422 339 10 22 0.016674606 
840 11 4 17 0.016659714 
756 166 9 18 0.016656665 
556 305 6 17 0.01664957 
412 338 9 24 0.01664896 
308 675 9 20 0.016647467 
351 516 5 12 0.016634796 
414 383 7 18 0.016617052 
1014 725 10 23 0.016588215 
170 186 7 17 0.016584994 
388 255 6 17 0.016570373 
607 452 19 34 0.016552733 
364 501 6 13 0.01654925 
442 385 8 18 0.01654336 
532 269 5 15 0.016529527 
672 575 4 16 0.01650347 
28 36 8 16 0.016493816 
618 331 9 19 0.016490286 
782 500 10 15 0.016483018 
647 600 4 17 0.016482746 
858 345 12 38 0.016478721 
606 528 6 14 0.016476402 
836 741 6 17 0.01646826 
425 310 7 12 0.016458942 
426 497 158 196 0.016437193 
763 328 108 108 0.016435916 
808 526 8 18 0.016425712 
178 293 12 17 0.0164224 
807 490 7 13 0.016407043 
17 27 6 13 0.016394202 
711 584 5 21 0.016383534 
314 92 5 13 0.016366255 
376 576 5 16 0.01636346 
545 256 5 15 0.016333586 
620 575 5 15 0.01633311 
603 478 10 25 0.016319526 
913 473 6 15 0.016308077 
827 169 4 11 0.016279887 
95 89 6 14 0.016279407 
428 634 7 22 0.016278364 
336 203 10 17 0.016273484 
539 413 29 34 0.016236737 
929 524 5 15 0.01623057 
838 537 5 18 0.016229626 
925 444 8 19 0.016229413 
965 115 5 19 0.016228545 
592 408 9 19 0.01622582 
30 154 7 15 0.016200263 
197 145 5 11 0.016175803 
264 597 5 21 0.01617261 
209 168 6 11 0.016172184 
786 572 5 20 0.016166722 
487 333 10 16 0.016155979 
105 11 6 17 0.016155586 
801 255 4 17 0.01614191 
386 370 9 17 0.016135506 
769 712 8 21 0.01609814 
54 225 9 22 0.016093155 
896 769 11 35 0.01608612 
463 616 9 26 0.016081758 
256 253 9 19 0.016078219 
551 346 9 15 0.016071528 
269 408 11 18 0.016059605 
899 466 10 21 0.016054273 
606 317 7 17 0.01604744 
586 465 13 28 0.016025554 
259 342 11 22 0.016021147 
115 196 10 23 0.016019551 
671 381 7 18 0.016012385 
244 406 13 21 0.016003486 
167 763 10 24 0.015993958 
182 427 5 9 0.015978144 
273 27 6 13 0.015974607 
414 527 6 17 0.01594339 
4 295 34 18 0.015898185 
760 654 5 18 0.015894992 
374 534 7 21 0.015882613 
634 600 4 16 0.015881674 
404 210 17 22 0.015847085 
1013 -40 11 38 0.015837733 
800 679 6 14 0.015834687 
835 416 11 22 0.015818873 
810 716 6 13 0.015817977 
651 186 13 26 0.015790762 
413 195 9 12 0.015779538 
170 269 9 15 0.015777793 
705 436 12 25 0.015757103 
351 124 8 18 0.015755268 
813 545 6 24 0.015743256 
344 210 17 27 0.015727393 
596 399 6 13 0.015723422 
910 461 8 17 0.015722709 
272 327 14 22 0.015705096 
14 258 10 16 0.015676232 
911 431 9 19 0.015669053 
798 365 12 25 0.015659409 
733 457 8 19 0.015650082 
44 209 8 22 0.01564707 
952 420 6 20 0.015634576 
285 14 6 12 0.015627276 
665 461 10 19 0.015623176 
890 538 4 17 0.0156150805 
337 610 6 18 0.01560339 
470 343 17 23 0.015602478 
973 -132 40 94 0.015601477 
851 537 5 18 0.015593915 
433 319 10 16 0.015592668 
953 333 5 19 0.015591703 
774 546 6 23 0.015591593 
668 420 8 18 0.0155866025 
313 116 5 14 0.015575213 
988 -23 8 28 0.015568476 
937 419 7 21 0.015555135 
745 455 8 22 0.015553568 
274 652 5 16 0.015552992 
746 524 7 18 0.015530259 
363 362 6 12 0.015527429 
634 586 4 16 0.015512725 
326 268 6 14 0.015508925 
465 306 8 16 0.015507368 
503 305 8 17 0.015487951 
275 586 5 20 0.015485303 
377 562 6 19 0.015471838 
607 374 7 13 0.0154696675 
375 244 7 15 0.015460656 
874 23 7 18 0.015457884 
427 356 6 17 0.015456433 
805 408 15 31 0.015453103 
168 428 7 9 0.015427522 
917 563 4 17 0.015394725 
249 612 5 21 0.0153942555 
847 442 11 20 0.01538614 
170 282 9 12 0.015380579 
389 562 6 18 0.015380469 
167 437 11 12 0.0153749185 
91 194 12 24 0.015358331 
185 396 6 15 0.015354192 
1 281 18 14 0.01532034 
618 318 8 17 0.015317807 
660 282 5 17 0.015313501 
538 321 157 180 0.015300204 
402 319 9 16 0.015279083 
326 278 7 18 0.015276717 
438 196 9 10 0.015237456 
359 719 312 283 0.015236111 
780 450 10 27 0.015232863 
965 689 8 21 0.015228508 
286 51 5 12 0.015221895 
683 428 9 21 0.0152206635 
274 664 5 17 0.015220136 
996 -60 15 53 0.015216706 
580 358 7 14 0.015210132 
659 575 5 16 0.015207291 
633 575 5 16 0.015204749 
185 757 4 12 0.015198281 
340 590 4 13 0.015179116 
939 537 5 15 0.015175232 
1003 84 26 84 0.015160502 
646 574 4 17 0.01515117 
590 189 11 22 0.015148817 
3 331 127 93 0.015135163 
66 205 10 27 0.0151151465 
928 548 4 18 0.015100417 
811 168 5 12 0.015091229 
478 620 7 21 0.015059644 
43 3 6 9 0.015036654 
197 271 6 12 0.015032062 
469 197 6 10 0.015026868 
632 561 5 16 0.015012162 
44 226 8 20 0.015008007 
398 393 10 20 0.014999305 
619 516 6 13 0.014998368 
735 493 6 11 0.014996113 
620 600 5 16 0.014995452 
409 628 11 30 0.01499015 
310 267 7 16 0.0149851935 
447 217 11 15 0.014983187 
223 281 9 16 0.014966272 
819 443 9 21 0.014958373 
734 621 6 24 0.014952507 
785 715 7 18 0.014949669 
412 321 9 14 0.014946412 
593 358 7 13 0.014933978 
917 628 4 13 0.014929209 
447 208 10 12 0.014924833 
733 534 8 21 0.014908183 
617 356 8 15 0.0148875695 
606 625 6 17 0.014886729 
823 460 7 16 0.01487384 
160 51 5 16 0.014863 
600 391 32 61 0.014850144 
824 703 6 15 0.0148276165 
746 474 8 15 0.014826556 
639 456 18 29 0.014826418 
684 383 7 15 0.01481491 
161 76 4 16 0.014811005 
659 689 5 15 0.014798388 
466 662 7 18 0.014795851 
401 198 9 12 0.014782136 
803 506 11 21 0.014749319 
473 672 11 22 0.014744365 
427 383 7 18 0.014743672 
159 189 6 15 0.01474124 
951 602 7 13 0.014735591 
476 320 8 16 0.0147218825 
309 382 8 16 0.014718128 
477 305 7 18 0.014687581 
58 172 28 62 0.014684214 
979 36 5 19 0.014680738 
593 348 6 13 0.014673109 
646 587 4 16 0.014666617 
208 272 7 12 0.014665542 
161 428 7 7 0.014661154 
912 420 9 18 0.014650961 
734 526 8 17 0.014650901 
204 334 8 12 0.014649772 
543 347 8 14 0.01463681 
270 61 7 15 0.014617854 
990 119 8 28 0.014614126 
260 332 9 17 0.01461293 
960 727 13 21 0.014607967 
310 257 8 14 0.0145956185 
309 343 11 17 0.014595275 
629 442 12 24 0.014594026 
286 448 7 14 0.014592401 
54 298 10 12 0.014582606 
527 318 9 17 0.014580283 
262 678 5 16 0.014570018 
376 515 6 13 0.014559027 
250 626 5 19 0.014551448 
735 637 5 23 0.014527276 
107 197 9 21 0.014524109 
978 280 6 20 0.014481983 
607 358 6 13 0.014480554 
93 1 7 14 0.014467285 
2 212 8 21 0.014452512 
821 729 6 14 0.014451866 
531 527 6 18 0.014451078 
336 334 8 16 0.014448927 
718 728 12 37 0.014443848 
222 154 6 14 0.01443652 
180 438 8 11 0.014435814 
671 397 6 14 0.014424459 
353 588 5 13 0.014418584 
305 316 13 18 0.014418564 
552 329 9 20 0.014410333 
489 665 6 17 0.014401329 
811 691 6 14 0.014400186 
542 319 7 17 0.0143686 
158 755 8 13 0.014354344 
438 308 7 14 0.014351297 
299 451 6 11 0.014348639 
249 596 5 23 0.014347844 
402 266 6 16 0.014343959 
465 644 8 24 0.014335851 
953 409 5 16 0.014334456 
802 229 4 19 0.014293302 
440 359 7 15 0.014284162 
370 635 11 28 0.014274082 
275 597 5 20 0.014273908 
798 716 6 15 0.014256956 
695 331 7 15 0.014254196 
813 571 5 23 0.01424705 
633 638 6 17 0.01424388 
938 432 7 21 0.014234405 
608 254 6 19 0.014231219 
388 546 7 23 0.01422151 
284 402 11 24 0.0142198 
620 587 4 15 0.0142127015 
400 617 9 29 0.014190466 
235 582 6 27 0.014178756 
157 280 10 13 0.014173338 
999 760 11 30 0.014172667 
720 328 9 20 0.014161298 
397 646 13 28 0.014144733 
432 328 12 21 0.014141328 
29 243 7 16 0.014111218 
812 181 5 13 0.014106125 
836 431 10 23 0.014095478 
951 433 6 21 0.014092511 
54 306 12 13 0.014070611 
698 560 5 18 0.014067965 
386 357 9 19 0.014063515 
169 746 7 13 0.014042967 
760 722 8 24 0.014042261 
157 764 10 21 0.0140248295 
937 520 7 22 0.014022022 
91 284 12 10 0.013988972 
503 319 8 17 0.013967277 
223 269 8 14 0.013941519 
375 359 8 15 0.013941138 
771 474 9 17 0.013934591 
183 256 7 16 0.01393338 
285 433 8 17 0.0139219975 
421 428 97 100 0.013916135 
287 267 8 15 0.013913973 
412 505 9 22 0.013896085 
419 491 14 27 0.013891787 
337 545 6 21 0.013888548 
258 393 10 22 0.013884826 
720 347 7 16 0.013879669 
910 444 9 19 0.013877626 
326 374 6 14 0.013876928 
659 561 5 17 0.013855359 
474 203 10 14 0.0138465 
811 680 6 13 0.013831657 
617 638 7 20 0.013828749 
465 333 9 16 0.013825082 
979 14 5 18 0.013822912 
997 -94 14 52 0.013797785 
274 40 6 12 0.013796869 
385 205 13 20 0.013781139 
824 679 6 14 0.013762234 
300 268 7 17 0.013755938 
475 197 7 11 0.013749677 
1013 73 13 41 0.01372301 
346 227 12 20 0.013721127 
169 700 6 21 0.013714146 
236 511 6 19 0.01370557 
756 453 10 25 0.013703752 
453 359 10 19 0.013699383 
160 63 5 17 0.0136991 
581 242 6 17 0.013696531 
813 190 5 16 0.01369503 
824 715 6 13 0.0136948945 
273 14 6 14 0.013691848 
671 562 5 16 0.013688654 
372 599 8 16 0.01367945 
299 639 5 15 0.013676401 
541 330 9 18 0.013671149 
607 346 7 14 0.013664327 
862 1 6 13 0.013657324 
826 483 7 14 0.013641941 
802 243 4 17 0.013634668 
557 242 6 17 0.013617774 
274 308 8 14 0.013572156 
554 319 7 18 0.013566157 
465 320 8 15 0.013559923 
326 240 9 16 0.013554611 
500 346 10 16 0.013546504 
182 50 5 16 0.013546338 
784 351 10 25 0.013543146 
543 527 6 20 0.013527612 
667 431 9 19 0.013518496 
860 178 7 13 0.013506589 
325 168 8 16 0.013506038 
287 41 5 10 0.013489999 
448 612 12 32 0.01348764 
759 525 7 18 0.013487199 
142 312 9 9 0.013458992 
485 640 11 32 0.0134434495 
539 627 10 29 0.01342775 
966 91 5 16 0.013424693 
870 410 14 18 0.013424062 
213 127 7 17 0.013418769 
156 238 9 29 0.013415665 
141 279 11 15 0.013412849 
755 191 12 35 0.01340745 
633 320 7 15 0.0134053305 
266 342 32 69 0.01339815 
225 335 6 10 0.0133965295 
646 651 5 17 0.013393252 
118 10 6 16 0.013392699 
799 154 5 15 0.013371124 
452 306 7 15 0.01336733 
221 660 8 27 0.013361659 
315 127 5 16 0.013337768 
286 258 8 13 0.013334355 
745 533 7 22 0.0133224465 
82 2 6 12 0.013304863 
223 571 6 27 0.013296076 
693 375 93 121 0.013289335 
941 458 8 21 0.013260517 
963 666 6 18 0.01325133 
646 561 5 16 0.013229619 
786 213 5 25 0.013215091 
199 537 5 18 0.013214823 
5 448 7 12 0.01321361 
362 345 8 16 0.013186747 
991 54 8 29 0.013172335 
436 215 12 15 0.013170519 
275 190 8 13 0.013163647 
950 445 7 23 0.013163015 
374 341 10 19 0.013153845 
928 631 4 10 0.013148435 
123 340 18 14 0.013139054 
657 712 7 20 0.013116776 
537 176 13 19 0.013098372 
617 498 9 18 0.01309582 
401 528 7 15 0.013069789 
497 695 18 27 0.013067857 
858 114 8 17 0.013064524 
917 669 4 13 0.013059625 
692 441 11 22 0.013053708 
705 328 9 20 0.013044374 
709 574 6 16 0.013044214 
205 343 7 14 0.0130418325 
824 528 6 16 0.013038481 
979 24 5 19 0.013037746 
542 501 6 15 0.0130261965 
106 53 7 14 0.013025112 
784 476 8 15 0.013024099 
309 278 8 17 0.01301973 
699 575 4 15 0.013019105 
860 451 16 24 0.013016526 
930 577 4 13 0.013011755 
871 783 11 32 0.012994718 
300 76 5 14 0.012992456 
797 455 9 21 0.012956847 
813 205 4 14 0.012956014 
402 254 8 19 0.012938573 
758 474 8 16 0.012912084 
858 189 7 16 0.012879058 
184 408 6 15 0.01287644 
213 112 7 17 0.012869914 
798 381 37 54 0.012851171 
984 781 39 106 0.012847174 
252 25 5 15 0.012846334 
18 13 6 11 0.0128421 
4 2 7 12 0.0128334835 
575 427 13 25 0.012826684 
28 4 7 9 0.012814457 
234 497 6 19 0.012807136 
233 484 6 18 0.012805725 
436 510 10 17 0.012792175 
388 535 7 21 0.012791549 
976 342 8 23 0.01277606 
209 324 6 9 0.012746688 
606 633 9 23 0.012746666 
615 184 13 25 0.0127454065 
963 716 10 18 0.012735527 
170 666 5 18 0.01272384 
490 305 7 17 0.012722564 
161 690 5 18 0.012715229 
497 357 13 21 0.012694188 
413 394 8 19 0.012692605 
199 549 5 19 0.012686368 
66 222 10 25 0.012679298 
659 700 7 19 0.0126740355 
17 463 9 12 0.012662208 
799 703 6 14 0.012616583 
275 318 11 18 0.012611089 
256 312 96 102 0.012608744 
839 140 5 15 0.012601242 
693 458 10 18 0.01259678 
452 514 7 13 0.012576757 
407 422 15 20 0.012575295 
257 350 15 31 0.012570091 
592 331 7 16 0.012558763 
825 154 5 14 0.01255028 
936 510 8 22 0.01250835 
350 528 6 16 0.012506243 
847 263 8 25 0.012505106 
463 499 8 15 0.012488542 
485 345 14 19 0.012475222 
79 258 10 15 0.012466932 
6 755 74 81 0.0124623645 
824 691 6 13 0.0124601945 
195 437 6 12 0.012459719 
964 440 8 30 0.0124555 
228 221 10 15 0.012446488 
212 74 7 16 0.012442252 
966 104 5 16 0.012441128 
742 166 11 18 0.012428445 
326 612 6 18 0.012410396 
1012 761 11 28 0.012402076 
594 228 7 21 0.012394753 
424 195 9 11 0.012393442 
184 765 6 21 0.012377919 
836 443 9 21 0.012374266 
616 766 8 17 0.012367165 
105 21 7 21 0.012350575 
588 443 12 27 0.0123369945 
974 352 10 30 0.01233379 
450 229 9 14 0.012331698 
787 257 5 17 0.012326821 
350 101 7 13 0.012318319 
595 243 6 19 0.012316816 
334 105 8 11 0.0123162875 
1002 691 7 17 0.012314936 
579 347 7 14 0.012301812 
501 331 10 16 0.0122785885 
990 135 7 25 0.012270911 
323 356 8 16 0.012265134 
861 216 7 16 0.012260883 
142 322 11 9 0.012241598 
131 282 9 12 0.012240763 
319 381 36 69 0.01222657 
223 39 5 13 0.012223789 
628 534 9 21 0.012222044 
314 615 5 16 0.012219052 
991 153 5 18 0.0122166695 
576 630 11 27 0.012215265 
720 575 6 16 0.012194318 
786 703 5 14 0.01217126 
276 184 5 11 0.012169105 
387 636 8 21 0.012146341 
327 116 6 13 0.01214344 
684 576 5 15 0.012126475 
602 188 12 22 0.012125218 
566 470 9 21 0.012121267 
708 347 7 15 0.0121091325 
886 765 8 19 0.012105642 
795 401 14 26 0.012105233 
3 227 8 22 0.012105095 
186 538 5 20 0.012103054 
488 319 9 16 0.012098971 
835 483 8 15 0.012093833 
838 548 5 20 0.012087636 
927 641 6 14 0.012086764 
837 477 6 11 0.012078437 
247 686 7 22 0.012075353 
153 265 12 19 0.012075233 
593 632 9 23 0.012071708 
81 283 10 11 0.012069172 
163 679 4 14 0.012053394 
436 345 8 18 0.0120478645 
1003 715 6 18 0.012036279 
811 154 5 14 0.012034109 
967 77 4 17 0.012024741 
671 410 6 14 0.012020302 
357 123 10 20 0.01201832 
704 493 9 13 0.0120138815 
339 625 6 17 0.012008941 
705 456 9 20 0.0120047955 
605 331 9 17 0.011990844 
539 187 11 20 0.011967593 
65 283 9 12 0.011959972 
348 89 9 13 0.011958383 
117 65 8 15 0.011953318 
-31 -102 164 284 0.011951139 
301 89 5 16 0.011939928 
375 545 6 22 0.011935749 
146 198 7 20 0.011922907 
555 211 9 24 0.011919469 
938 407 5 20 0.011897229 
897 425 10 13 0.0118946945 
335 125 8 15 0.011882416 
994 200 43 124 0.011875818 
234 737 8 24 0.011853836 
442 439 18 29 0.01184387 
2 240 8 21 0.0118419165 
222 739 8 23 0.011829848 
363 527 6 16 0.011826214 
171 255 8 18 0.011795322 
313 141 5 15 0.011789892 
224 228 11 19 0.011786133 
435 311 84 88 0.011763899 
527 331 10 17 0.011762713 
210 179 7 14 0.011758756 
859 379 10 27 0.011747794 
919 754 19 19 0.011742369 
195 282 7 12 0.011737884 
851 115 6 15 0.0117291305 
850 752 6 17 0.011727799 
45 176 25 55 0.011717479 
283 781 9 16 0.011701983 
617 651 7 19 0.011700402 
2 255 8 18 0.011688602 
671 436 77 118 0.011687716 
312 151 6 16 0.0116834575 
746 606 6 27 0.011676512 
761 574 5 18 0.011664105 
198 563 5 17 0.011632099 
619 757 6 12 0.011618523 
436 431 16 25 0.011583509 
798 582 6 26 0.011559315 
747 639 5 21 0.011552937 
133 312 9 9 0.011552747 
623 397 30 59 0.011549447 
965 702 8 18 0.0115332855 
642 777 8 23 0.011525717 
629 545 7 22 0.011519741 
823 -137 61 102 0.011513808 
863 742 6 16 0.01151001 
529 257 6 14 0.011509441 
273 269 6 15 0.0115062455 
451 196 7 10 0.011490853 
210 91 6 14 0.011482748 
630 753 7 15 0.011479836 
65 320 125 85 0.011479771 
576 397 10 21 0.011468316 
336 196 8 14 0.011466469 
734 476 7 13 0.011464587 
327 256 7 14 0.011437544 
170 656 5 15 0.011436218 
941 474 8 17 0.011433263 
851 547 5 23 0.0114324875 
463 343 14 21 0.011430311 
924 478 7 14 0.011428361 
372 113 8 15 0.011410758 
952 293 6 20 0.011380417 
850 559 5 24 0.011379956 
209 9 7 15 0.011371816 
77 204 12 28 0.011366407 
659 665 5 16 0.011363508 
338 638 9 20 0.011357876 
346 637 10 25 0.011350713 
579 369 9 17 0.0113464175 
105 37 7 18 0.011340744 
252 52 5 13 0.01133985 
161 701 5 18 0.011321587 
81 272 10 12 0.011316154 
224 220 7 13 0.011307361 
566 345 8 16 0.011293792 
797 476 8 15 0.011292534 
438 422 13 20 0.01129097 
983 759 15 30 0.01128965 
615 477 13 27 0.011287797 
310 452 10 12 0.011284999 
957 753 18 32 0.011280998 
991 102 5 19 0.011270919 
424 216 11 14 0.011266095 
539 364 37 57 0.011257887 
115 187 44 102 0.011256665 
596 389 5 11 0.011247096 
718 456 9 20 0.011245489 
875 545 6 27 0.011241857 
249 511 6 18 0.011241678 
860 203 6 15 0.011233545 
668 448 9 17 0.011230991 
134 9 6 17 0.011221967 
184 78 5 16 0.01121396 
131 324 10 8 0.011206887 
311 666 6 13 0.011204245 
991 87 6 20 0.011199967 
863 435 32 48 0.0111986045 
192 355 11 18 0.011195712 
890 743 7 15 0.011185918 
426 410 9 15 0.011181416 
918 642 4 14 0.011175386 
285 419 9 19 0.011167285 
952 317 6 21 0.011157947 
335 659 9 22 0.011155538 
287 461 7 15 0.011139202 
929 563 4 16 0.011126236 
651 178 12 19 0.011109649 
914 589 4 14 0.01109879 
678 188 12 22 0.0110881645 
261 128 5 17 0.011077362 
863 547 5 23 0.011054073 
850 704 5 13 0.011041643 
237 711 7 19 0.011039899 
654 733 13 32 0.011035047 
784 153 7 16 0.011032218 
730 179 12 20 0.0110310735 
480 257 5 12 0.011030594 
431 491 16 23 0.011026496 
628 788 10 29 0.011007746 
402 243 9 15 0.010994738 
197 27 6 13 0.010987491 
236 726 7 19 0.010983301 
209 714 6 17 0.010979443 
620 626 6 15 0.010971426 
720 535 7 21 0.010969785 
917 655 4 14 0.010966475 
617 665 6 16 0.01095095 
258 374 11 27 0.010948109 
685 560 5 18 0.010936199 
53 -6 8 10 0.010935878 
644 715 7 18 0.010927072 
989 224 8 21 0.010921364 
529 667 7 14 0.010913341 
939 649 7 20 0.010909205 
668 188 11 23 0.010902589 
-2 231 95 97 0.01089527 
212 63 6 14 0.010885522 
387 246 8 13 0.0108851 
862 242 6 16 0.0108779045 
212 51 5 13 0.01086338 
222 27 6 13 0.010852865 
210 281 7 13 0.010838449 
282 384 13 32 0.010835173 
1002 730 6 15 0.010828251 
465 232 6 11 0.010825881 
180 335 15 13 0.010813909 
601 439 16 32 0.010790286 
633 746 5 13 0.010788881 
526 370 13 20 0.010781967 
302 688 8 20 0.010781699 
387 196 7 12 0.01077304 
274 677 5 17 0.010758635 
327 396 7 16 0.010746304 
862 230 6 14 0.010744479 
160 717 5 14 0.010741615 
180 447 7 12 0.010724968 
469 204 7 12 0.0107248565 
195 191 6 13 0.010723016 
297 651 6 16 0.010715512 
412 409 10 17 0.010707114 
234 49 5 14 0.010707003 
132 295 9 12 0.010706144 
386 406 49 62 0.010700449 
503 666 7 16 0.010697289 
539 200 11 23 0.010696074 
863 754 5 15 0.0106924055 
305 461 20 18 0.010689874 
220 477 7 14 0.010680337 
265 673 281 218 0.010675803 
941 592 5 10 0.010663302 
300 258 7 13 0.010657618 
425 394 9 19 0.010645443 
979 2 5 18 0.01064354 
274 227 9 18 0.010641577 
890 548 5 22 0.010639814 
968 395 5 17 0.010637802 
224 513 5 15 0.010636316 
565 452 14 29 0.010636011 
514 329 10 17 0.010632749 
682 443 9 19 0.010626667 
736 573 6 19 0.010624175 
179 304 12 15 0.010622571 
555 487 7 13 0.010606947 
183 63 5 16 0.010604935 
466 183 6 11 0.010598452 
618 528 7 14 0.010587478 
1003 702 7 20 0.010577278 
134 -2 7 14 0.010571198 
990 270 48 115 0.010555254 
313 627 5 14 0.010551295 
195 449 7 13 0.010543045 
657 725 8 21 0.010534273 
844 419 32 53 0.010522878 
1002 60 10 39 0.010516465 
553 647 8 18 0.010512289 
926 651 6 18 0.010511088 
951 610 9 19 0.010505376 
975 379 9 28 0.0104912 
220 463 8 14 0.01048591 
222 727 7 17 0.010475331 
647 679 5 15 0.010474412 
223 716 5 14 0.010466997 
462 673 13 27 0.010460189 
165 445 12 14 0.010454652 
790 -127 72 61 0.010453482 
371 124 10 19 0.010450361 
41 678 11 18 0.010447019 
989 706 5 15 0.010442868 
460 485 11 17 0.0104426425 
212 294 6 13 0.010439549 
507 488 5 13 0.010432339 
605 241 7 22 0.010427094 
557 225 8 21 0.010426905 
186 551 6 19 0.010420675 
259 0 6 13 0.010407656 
236 639 5 23 0.010404195 
492 257 6 13 0.010395273 
172 240 7 22 0.010390912 
900 766 8 19 0.010390189 
283 218 10 19 0.010389584 
846 469 11 17 0.010384143 
334 214 13 20 0.010371518 
903 546 5 24 0.01036618 
708 561 6 17 0.01036598 
1001 118 14 48 0.010339057 
156 212 7 24 0.010333949 
874 743 6 16 0.010326101 
182 39 5 15 0.010325375 
3 316 34 20 0.010322861 
187 565 5 14 0.010292449 
489 677 8 15 0.010279157 
211 191 6 13 0.01027009 
156 202 7 17 0.010267774 
419 698 56 59 0.010262227 
398 407 11 19 0.010259976 
320 320 11 15 0.010256533 
197 256 6 16 0.010256198 
385 406 11 20 0.01025233 
875 2 6 13 0.010249913 
916 615 4 16 0.010247432 
602 178 12 17 0.010245478 
218 415 13 26 0.010242886 
976 287 9 27 0.010237459 
307 434 10 18 0.010228587 
17 3 7 11 0.010218093 
141 296 9 12 0.010208404 
325 141 7 16 0.010196578 
988 261 10 34 0.010177918 
400 430 25 27 0.010163832 
297 41 6 10 0.010141071 
641 787 10 31 0.01013421 
169 293 12 14 0.01013011 
978 -19 6 23 0.010128964 
224 249 12 21 0.010127409 
303 101 5 18 0.010118732 
967 63 5 18 0.010112974 
526 484 7 14 0.010105368 
552 517 26 72 0.010103545 
36 293 17 15 0.010075152 
884 9 10 18 0.010072926 
863 718 5 12 0.01006172 
860 250 9 23 0.010049332 
875 753 6 15 0.010046467 
592 372 7 13 0.010044656 
653 785 11 32 0.0100445235 
249 13 6 15 0.010043224 
839 -1 5 14 0.010039237 
605 779 8 18 0.010031502 
634 651 5 17 0.010025839 
372 696 15 22 0.010016871 
273 154 5 14 0.010010145 
991 -112 23 38 0.010008647 
195 710 7 22 0.010003092 
287 662 5 16 0.01000132 
141 755 11 13 0.010000826 
