27_Spa_Spa_27_38
198
506 146 208 306 0.9995252 
110 70 138 217 0.07002287 
842 223 261 232 0.04894818 
-33 642 282 332 0.041557282 
839 598 242 308 0.04113449 
268 148 13 39 0.04079144 
83 164 87 110 0.038976986 
626 98 183 244 0.03776833 
-6 429 64 113 0.03581101 
22 -187 220 137 0.03517594 
260 153 9 30 0.03516838 
16 36 12 34 0.03390852 
875 99 165 219 0.0337674 
257 139 10 31 0.032183837 
195 153 82 126 0.032147896 
440 405 7 12 0.031914722 
36 239 191 256 0.03075452 
347 96 26 36 0.030565249 
21 8 153 267 0.029851653 
240 191 85 116 0.028883368 
252 397 19 35 0.027948195 
-23 380 185 246 0.027437335 
3 -131 73 126 0.02710698 
304 164 188 244 0.02603198 
396 139 16 36 0.025147084 
130 197 91 112 0.02437459 
726 100 104 159 0.022990711 
440 398 7 11 0.022854507 
226 132 158 214 0.022757798 
928 122 53 101 0.022524381 
273 129 83 125 0.02217011 
298 124 23 42 0.02213066 
375 405 7 21 0.02189262 
847 62 9 31 0.02040339 
244 139 10 28 0.020246936 
449 156 9 23 0.020101791 
437 179 11 30 0.019763729 
373 152 86 150 0.019742444 
434 213 12 33 0.019490153 
824 -203 214 167 0.019394584 
360 54 9 26 0.01937014 
311 49 136 216 0.01900224 
240 397 20 37 0.0188564 
867 88 12 40 0.018732643 
100 -184 337 104 0.018071722 
998 691 11 33 0.017928043 
872 680 9 25 0.017360525 
270 407 12 29 0.017339343 
438 255 7 30 0.016913246 
804 48 11 36 0.016791606 
210 13 150 228 0.016779738 
448 405 8 12 0.01668397 
769 672 9 24 0.016669739 
65 55 9 26 0.01664263 
139 -22 153 222 0.016595108 
409 241 11 34 0.016547652 
332 142 12 31 0.01641239 
451 258 6 26 0.016314512 
860 678 10 28 0.016247023 
371 52 10 29 0.016018832 
788 5 20 20 0.015982853 
91 27 9 27 0.015978122 
423 142 11 27 0.015972808 
363 403 8 23 0.015929062 
-12 159 151 250 0.015708126 
271 177 11 29 0.015637768 
407 149 12 30 0.015518066 
719 672 7 25 0.015216191 
258 177 9 29 0.015205077 
485 372 17 34 0.015008656 
852 636 5 17 0.014851889 
422 241 9 31 0.014831588 
425 193 10 27 0.0147273075 
835 62 10 36 0.014692191 
447 168 10 29 0.014658214 
844 243 98 129 0.014632477 
960 204 10 33 0.014598827 
1000 604 8 32 0.014597714 
12 64 80 159 0.014582414 
51 66 13 35 0.014534569 
461 154 10 26 0.014519619 
762 157 98 161 0.014428134 
862 90 10 35 0.0143880965 
432 407 5 11 0.0142797595 
848 674 8 19 0.014239879 
154 167 11 31 0.014144159 
121 648 316 335 0.014132038 
835 674 8 20 0.014067014 
500 166 9 37 0.013977249 
218 42 10 28 0.013862592 
891 145 16 43 0.013797674 
709 672 7 25 0.013631641 
440 157 8 20 0.01354581 
305 672 335 302 0.013503376 
439 316 7 17 0.0134997815 
244 154 9 24 0.013451676 
463 63 10 32 0.013340692 
506 248 7 22 0.013333979 
388 404 7 20 0.013245737 
432 398 4 10 0.013048353 
987 575 9 27 0.013030918 
862 636 6 16 0.0130153075 
408 298 11 22 0.012903724 
1013 6 11 19 0.012899132 
435 145 11 24 0.012853882 
759 672 8 24 0.012802006 
529 84 6 20 0.012697361 
79 80 8 25 0.012679489 
794 48 13 36 0.012596154 
822 674 8 20 0.012581857 
425 255 7 31 0.012564334 
930 62 15 39 0.012550948 
438 177 92 138 0.012545849 
961 682 10 23 0.012539889 
871 64 8 26 0.012382123 
784 674 8 21 0.01235239 
226 398 18 37 0.012289026 
695 662 299 302 0.012282058 
397 244 11 31 0.0122407675 
169 668 9 28 0.0121691 
316 137 16 36 0.0121627785 
368 277 168 228 0.012127903 
820 51 9 31 0.01210927 
82 27 8 24 0.0120422235 
167 146 12 39 0.012025794 
796 674 9 22 0.0120230755 
489 667 333 302 0.012016365 
363 45 7 20 0.012014384 
505 259 10 28 0.011983847 
245 170 9 23 0.011908365 
809 674 8 22 0.011896152 
0 -178 105 114 0.0118564 
503 157 6 27 0.011853848 
79 105 9 26 0.011800998 
516 68 7 24 0.011768722 
492 248 6 20 0.011705195 
208 671 8 24 0.011704305 
475 151 10 33 0.011683469 
887 682 8 22 0.01160923 
515 82 7 22 0.011600319 
220 679 11 28 0.011469095 
794 592 13 40 0.011456323 
389 386 7 23 0.0114477435 
876 635 5 16 0.011376007 
589 22 13 37 0.011257355 
900 63 9 30 0.011198255 
97 48 96 141 0.011174228 
987 592 8 29 0.011162662 
358 65 13 34 0.011160315 
253 56 83 116 0.0111522665 
885 39 9 25 0.011150532 
282 408 12 27 0.011121699 
280 252 94 122 0.011115172 
90 103 10 29 0.011090434 
837 616 6 30 0.011082629 
709 634 7 22 0.011037327 
242 179 12 31 0.011034569 
402 406 5 16 0.011030848 
735 673 6 22 0.010984901 
449 243 8 31 0.010946849 
161 5 27 27 0.010935549 
215 293 14 41 0.010899043 
995 145 19 34 0.010887134 
422 225 11 32 0.010830217 
530 141 9 27 0.010788456 
77 66 9 27 0.010774052 
948 201 12 37 0.0107571315 
746 673 8 23 0.010738591 
575 539 13 32 0.010714724 
528 94 8 20 0.010712621 
861 65 8 25 0.010648341 
834 594 10 43 0.010641601 
997 10 14 36 0.010615427 
333 413 11 25 0.010585455 
298 425 9 22 0.010559802 
489 271 8 28 0.010544469 
83 262 94 133 0.010534402 
515 129 8 28 0.010509016 
695 673 6 23 0.01049517 
502 231 7 23 0.0104934275 
130 130 9 29 0.01046164 
142 130 10 29 0.010460682 
839 636 5 18 0.010450593 
65 46 8 19 0.010387422 
206 48 12 32 0.010382761 
780 596 12 35 0.010369556 
103 88 10 31 0.01033297 
861 646 6 16 0.010298882 
411 168 9 22 0.010294017 
819 37 11 28 0.010285413 
120 364 118 122 0.010198205 
797 633 8 23 0.010165774 
272 423 9 21 0.010142352 
293 94 13 24 0.010109489 
439 289 6 18 0.010105016 
52 55 11 27 0.010069128 
92 78 9 26 0.010048079 
410 184 9 23 0.010036424 
