27_Spa_Spa_27_360
1495
105 232 335 230 0.90317655 
-24 226 721 427 0.195288 
361 51 8 24 0.080382615 
165 344 305 214 0.07933238 
590 255 10 25 0.071919024 
561 301 11 37 0.068703644 
349 53 7 22 0.06692033 
374 49 7 28 0.065926634 
515 231 8 28 0.06465524 
539 545 9 15 0.06313871 
337 54 7 22 0.06165371 
784 64 10 28 0.057833485 
283 148 271 244 0.057224102 
551 292 12 30 0.0566589 
92 157 11 17 0.056495856 
487 158 11 47 0.055738956 
527 231 8 25 0.05556484 
388 50 7 27 0.05512083 
629 265 10 26 0.054948702 
424 364 7 15 0.054932907 
561 328 13 36 0.054216366 
589 283 9 23 0.05416845 
788 508 5 10 0.05383026 
514 216 9 28 0.053498793 
886 362 8 20 0.052941464 
336 65 8 24 0.05268424 
578 283 10 23 0.052285668 
500 156 10 45 0.052206337 
800 497 5 10 0.05180318 
801 507 5 10 0.05148282 
435 298 13 41 0.050812155 
542 231 8 23 0.05075586 
361 65 7 22 0.05006888 
427 571 5 15 0.049785122 
441 546 4 11 0.049030017 
53 198 6 13 0.048766036 
465 464 30 21 0.04847651 
772 74 8 25 0.048473198 
525 242 9 26 0.047693737 
618 268 12 26 0.047593947 
474 166 12 48 0.04738609 
442 556 4 12 0.047331203 
101 155 14 20 0.04699354 
455 521 4 12 0.046730436 
577 257 10 23 0.04670918 
102 149 11 14 0.04657802 
606 307 10 23 0.046504993 
4 547 5 14 0.045875207 
512 252 11 30 0.04566495 
899 364 8 17 0.04553361 
578 242 10 23 0.045447394 
348 65 7 23 0.04493953 
79 169 9 17 0.044874627 
454 579 6 23 0.04470313 
616 298 8 19 0.044556372 
46 202 4 9 0.04436397 
887 568 7 23 0.044201832 
114 155 16 21 0.044138175 
238 13 5 24 0.043883193 
249 14 5 22 0.04372931 
550 272 10 19 0.04371729 
510 280 13 32 0.043658946 
124 156 15 21 0.043651767 
180 270 11 26 0.043578696 
573 331 12 31 0.043338194 
499 202 11 30 0.04319958 
404 556 5 13 0.04314995 
375 64 7 23 0.043063655 
414 366 7 13 0.04284964 
248 27 5 25 0.042769346 
421 371 11 23 0.042757317 
442 570 4 16 0.042573817 
394 363 14 20 0.042234305 
519 549 5 8 0.042105127 
67 186 7 13 0.04209444 
511 268 11 26 0.041944128 
550 259 9 19 0.04189334 
351 40 7 22 0.04186058 
488 117 9 21 0.041821998 
540 243 10 24 0.04172895 
589 243 10 24 0.041566506 
551 311 15 46 0.041356713 
454 571 5 15 0.04129206 
501 226 10 33 0.04099383 
166 304 13 46 0.04076526 
326 66 7 21 0.0407126 
377 545 5 14 0.040594913 
455 533 5 11 0.04023059 
400 51 8 26 0.04001216 
774 509 5 9 0.039673425 
327 79 6 19 0.039625745 
506 550 4 8 0.03959236 
540 256 10 23 0.039559484 
462 268 11 28 0.039459687 
483 288 15 42 0.03934571 
132 123 222 242 0.03927818 
552 244 9 21 0.03917456 
81 570 6 21 0.03907276 
56 190 5 10 0.03888166 
122 535 4 9 0.038593642 
116 151 11 13 0.038522966 
641 269 9 24 0.0384834 
603 281 10 24 0.03839402 
314 93 5 18 0.038349167 
487 199 11 32 0.03809196 
389 557 5 14 0.037933066 
237 5 5 19 0.037911415 
513 150 9 40 0.03785817 
927 26 4 7 0.03767384 
566 284 9 22 0.037618835 
378 557 5 14 0.037574884 
543 537 6 9 0.03748432 
761 76 6 22 0.03730446 
773 56 7 18 0.037260402 
264 421 24 38 0.037080824 
94 150 9 13 0.03707466 
710 536 4 8 0.03699423 
430 558 4 11 0.03699262 
220 181 9 20 0.03697377 
792 63 12 28 0.03694283 
456 545 4 12 0.036894355 
377 571 5 15 0.036874197 
141 -196 1374 640 0.036823835 
366 545 4 13 0.036779806 
566 244 9 20 0.03672447 
526 203 9 30 0.036645386 
415 570 6 17 0.036569323 
644 279 9 25 0.036376763 
772 89 8 25 0.03631739 
575 302 11 31 0.03622841 
52 208 8 19 0.03619619 
485 128 10 22 0.03612646 
211 508 5 12 0.035979684 
424 353 9 16 0.035978753 
456 556 4 13 0.035845477 
109 535 4 10 0.035753522 
466 547 4 11 0.035734426 
276 179 23 20 0.035715744 
590 303 10 29 0.035705574 
71 545 5 13 0.03570394 
413 557 6 13 0.03565036 
231 193 10 23 0.035570595 
441 581 5 19 0.035459824 
41 219 9 26 0.035294577 
83 162 6 14 0.035235718 
25 89 12 26 0.035076384 
68 195 7 17 0.03502437 
71 175 5 11 0.035020366 
423 289 12 38 0.03494871 
478 127 9 23 0.034928437 
29 -238 316 130 0.03482538 
493 549 4 9 0.03457436 
127 150 11 14 0.034473363 
44 210 5 14 0.03434463 
58 536 4 10 0.034308203 
501 269 11 25 0.034191005 
91 166 12 23 0.0341588 
232 183 8 18 0.03411453 
5 553 5 16 0.034026522 
485 224 12 34 0.034022234 
476 118 9 21 0.03398802 
350 94 6 17 0.033975992 
900 570 6 21 0.033848155 
435 280 11 34 0.033841044 
474 281 12 29 0.033794105 
84 534 4 11 0.033708163 
247 182 9 18 0.0336798 
873 362 9 21 0.033517342 
499 113 9 23 0.033442922 
493 535 5 9 0.03327629 
56 495 4 11 0.03325951 
676 341 13 32 0.03320857 
389 65 7 21 0.033119462 
445 301 13 38 0.033117615 
313 81 5 18 0.033099152 
467 556 5 13 0.03300017 
51 217 10 28 0.032938372 
389 571 5 16 0.032880235 
502 253 11 29 0.032837376 
220 173 8 16 0.032815915 
403 546 6 13 0.032774035 
254 218 13 27 0.03262157 
338 94 7 17 0.03251917 
81 66 1009 927 0.032505766 
208 173 9 16 0.032321926 
835 70 7 16 0.032315124 
219 191 10 26 0.032308407 
682 86 7 32 0.03214241 
242 216 13 30 0.03212011 
477 141 8 23 0.032013115 
842 363 14 26 0.031986654 
290 282 19 25 0.031896435 
435 240 11 29 0.031839482 
787 496 5 11 0.031780228 
362 572 6 17 0.031714294 
436 358 11 23 0.031687915 
389 546 5 13 0.03164462 
363 81 6 18 0.03162198 
491 447 6 8 0.03160766 
614 309 9 20 0.031562272 
700 536 4 8 0.03135342 
71 535 4 11 0.0313489 
513 186 10 37 0.031246958 
436 332 13 30 0.031222742 
911 363 8 17 0.031182636 
447 330 13 29 0.031131174 
117 328 8 33 0.031129632 
523 281 11 27 0.031121077 
567 272 9 19 0.031075783 
526 268 11 24 0.031053958 
725 537 4 8 0.031044604 
466 535 5 8 0.031041592 
148 545 4 12 0.031035557 
473 151 10 38 0.030941777 
876 571 6 20 0.030846078 
859 316 226 388 0.030839678 
45 548 4 10 0.030819729 
800 -6 5 11 0.030771168 
366 522 4 12 0.030721474 
403 571 5 15 0.030614566 
685 537 4 8 0.030547887 
36 29 11 17 0.030546192 
480 558 5 11 0.030540029 
179 307 12 40 0.030460326 
653 279 9 28 0.030418426 
812 -5 5 10 0.03038987 
78 179 10 23 0.03038397 
280 219 14 22 0.03037548 
763 524 4 7 0.030310903 
487 139 8 27 0.03028758 
475 225 11 32 0.030273087 
412 265 8 29 0.030038401 
208 180 9 23 0.03000622 
134 534 4 11 0.029956851 
502 144 7 28 0.02993987 
57 504 5 13 0.029926416 
694 87 8 32 0.029918646 
569 499 7 9 0.029902192 
567 258 9 20 0.029901972 
787 522 4 10 0.029890453 
57 545 4 12 0.029889291 
539 269 11 22 0.029888215 
96 570 5 19 0.0298865 
24 66 14 22 0.029832963 
95 535 5 10 0.029793626 
502 379 9 14 0.029667446 
105 138 8 11 0.029536596 
836 368 11 29 0.029529292 
504 534 5 8 0.029514067 
326 93 6 17 0.029482564 
497 288 15 42 0.029453062 
134 544 4 12 0.029399421 
155 155 13 24 0.029363703 
644 309 8 20 0.029172087 
745 76 8 23 0.029169973 
507 557 5 10 0.029145496 
11 320 10 34 0.02908108 
70 118 6 19 0.02905891 
140 158 12 20 0.029039813 
466 579 7 23 0.02899514 
736 549 4 9 0.028965272 
44 554 5 13 0.02890238 
225 3 5 21 0.028886586 
268 426 74 69 0.028768996 
83 118 6 18 0.02873979 
179 291 13 32 0.02869572 
466 523 5 8 0.028642235 
857 -267 210 319 0.02864146 
244 190 11 24 0.028499778 
250 5 4 19 0.02848376 
475 255 10 26 0.028461011 
315 108 5 16 0.028412 
167 145 9 17 0.028402984 
347 103 9 22 0.028385218 
602 257 10 24 0.028365204 
424 268 9 27 0.028335596 
743 93 10 25 0.028329723 
586 346 13 28 0.02831637 
23 54 16 19 0.028307987 
366 534 3 11 0.028298926 
83 496 4 11 0.028272249 
780 330 10 27 0.028261214 
488 358 237 154 0.028180052 
158 306 10 38 0.028169194 
38 103 10 24 0.02814777 
787 -6 5 11 0.028116006 
825 -5 5 10 0.028113432 
725 547 4 10 0.028080113 
211 497 4 10 0.02802735 
256 208 11 22 0.027995063 
362 93 7 18 0.027971184 
269 220 12 23 0.027935514 
165 155 12 24 0.027820917 
460 315 11 33 0.027789349 
527 151 8 37 0.027785819 
838 -6 5 11 0.027770828 
953 27 5 7 0.027756773 
195 171 9 18 0.027711844 
493 435 5 6 0.027695896 
365 557 5 14 0.027585449 
467 571 5 16 0.027581599 
508 324 15 38 0.02756191 
859 363 11 21 0.027559154 
286 120 6 18 0.027550973 
503 392 6 10 0.027522968 
82 545 4 13 0.027514637 
761 57 6 16 0.027463418 
488 253 10 28 0.027462633 
797 159 9 23 0.027450252 
671 88 7 31 0.02740742 
84 520 5 12 0.027270393 
274 118 6 20 0.027268128 
16 452 7 15 0.02719563 
644 294 9 23 0.027165836 
315 244 20 24 0.027129596 
707 96 10 39 0.027111363 
326 109 5 15 0.026931498 
801 522 4 9 0.026888188 
510 295 15 43 0.026865192 
814 496 4 10 0.026834268 
349 79 7 20 0.026831238 
488 271 10 24 0.026829949 
55 130 7 19 0.026808135 
338 106 7 18 0.02674497 
389 581 7 18 0.02671821 
67 208 8 22 0.026712518 
669 334 10 23 0.026628971 
310 202 26 29 0.026624516 
493 558 4 10 0.02662035 
84 505 4 13 0.026596826 
762 535 4 8 0.026548568 
542 570 6 13 0.026464866 
234 173 7 14 0.02633448 
427 578 7 21 0.026307309 
376 581 6 19 0.026298767 
810 185 7 16 0.026223563 
70 105 6 22 0.026222818 
542 408 6 8 0.026206532 
443 535 4 11 0.026201606 
95 496 4 10 0.026139993 
38 233 13 40 0.026102357 
58 519 5 13 0.026054878 
16 467 6 15 0.0259702 
17 555 5 13 0.02595867 
115 178 42 112 0.02591398 
107 570 6 21 0.025902834 
18 548 4 11 0.025880573 
69 568 7 25 0.025866153 
505 322 105 95 0.02579873 
461 126 11 25 0.025758406 
249 174 7 13 0.025750378 
494 424 3 5 0.025702575 
72 505 4 12 0.025694799 
53 118 8 21 0.025691455 
52 103 9 24 0.025634358 
668 64 10 27 0.025627224 
480 549 4 9 0.02560793 
39 20 8 14 0.025550257 
301 91 5 20 0.025544299 
350 571 7 19 0.025473647 
16 480 6 15 0.025464049 
886 192 9 23 0.025443938 
338 42 6 19 0.025382055 
194 180 9 24 0.025380982 
680 64 9 27 0.025370162 
319 185 13 14 0.025347846 
-55 582 319 331 0.025319554 
422 252 11 31 0.025312835 
447 241 10 28 0.02515927 
783 90 8 24 0.0251424 
154 292 40 119 0.02513722 
619 255 12 25 0.025112659 
630 296 8 21 0.025034936 
423 334 12 24 0.025018914 
476 199 10 32 0.024972696 
787 532 5 12 0.024915649 
378 280 201 178 0.024908653 
795 181 10 21 0.024856536 
415 357 6 11 0.024856184 
122 545 4 13 0.024825353 
941 27 5 7 0.024815327 
498 343 12 28 0.024795694 
397 356 10 12 0.024777362 
147 534 4 11 0.02477581 
97 138 6 12 0.024755346 
461 214 10 29 0.024717586 
899 194 9 19 0.024672566 
484 344 12 28 0.024642352 
104 328 9 36 0.024639249 
378 522 4 12 0.02463387 
378 533 5 12 0.024597833 
35 53 14 19 0.02459574 
391 382 19 34 0.024575338 
24 41 15 19 0.024557982 
824 57 6 14 0.024556497 
760 91 8 23 0.024543036 
96 543 6 16 0.02453678 
996 615 13 52 0.02451546 
237 25 6 30 0.024495773 
716 63 12 30 0.024458349 
518 558 4 10 0.024442527 
709 545 5 12 0.024430437 
796 43 7 15 0.024423484 
66 217 10 29 0.024418969 
862 571 6 20 0.024392866 
355 361 18 18 0.024338841 
926 32 6 9 0.024284523 
556 584 6 14 0.02425054 
774 -6 5 11 0.024247117 
134 510 3 9 0.024239227 
363 581 7 19 0.024231087 
776 522 4 9 0.024230987 
463 139 10 26 0.024167094 
693 361 9 22 0.024117367 
413 547 6 14 0.024070973 
449 256 10 26 0.024066575 
402 67 7 18 0.024063721 
326 55 6 20 0.02404911 
374 80 8 19 0.02397444 
94 505 5 12 0.023951367 
169 137 8 15 0.02388834 
540 282 11 22 0.023887329 
168 204 10 32 0.023868501 
117 138 9 11 0.023850143 
632 512 26 21 0.023840766 
625 330 14 30 0.023818292 
451 267 10 29 0.02380962 
362 30 7 20 0.023796594 
504 525 6 8 0.023759127 
313 67 5 20 0.023718692 
34 39 14 20 0.023699509 
69 132 6 17 0.023664031 
578 506 11 11 0.023511296 
589 331 11 29 0.023488628 
122 507 4 10 0.023480074 
71 520 4 12 0.0234742 
785 43 7 15 0.023470689 
555 571 5 11 0.023454744 
180 204 11 31 0.02342468 
141 150 10 14 0.023413206 
431 546 4 12 0.023353916 
421 315 14 34 0.023344442 
750 536 4 8 0.023297256 
505 436 4 6 0.023213299 
717 361 11 23 0.02319357 
918 25 4 8 0.023175808 
533 547 6 10 0.023164324 
234 216 11 29 0.023143522 
293 248 12 18 0.02312795 
324 121 6 16 0.023071228 
281 203 15 23 0.02305056 
293 232 12 18 0.023026576 
107 544 5 16 0.02302528 
501 363 10 18 0.022983579 
48 78 15 27 0.022979 
181 192 9 26 0.022934996 
183 146 8 15 0.022910561 
351 559 5 15 0.022905892 
274 299 56 72 0.02289162 
736 558 4 11 0.022872165 
196 162 7 14 0.02283117 
269 204 13 23 0.022830209 
-1 -266 134 327 0.022804806 
737 536 4 8 0.02279727 
513 377 10 15 0.022774357 
158 147 10 18 0.022771351 
108 506 4 10 0.022755418 
54 19 8 15 0.022717344 
462 167 13 46 0.022710502 
-35 373 175 317 0.022680745 
13 283 8 24 0.022668889 
511 246 195 172 0.022651974 
542 420 6 8 0.022638671 
629 324 9 19 0.022621829 
465 448 113 84 0.022610936 
631 312 8 19 0.022557953 
209 163 7 12 0.022540191 
206 190 10 27 0.022534588 
691 342 11 27 0.022513408 
173 281 8 25 0.022480102 
412 373 10 19 0.022412384 
867 175 16 26 0.022389233 
261 26 6 27 0.022376947 
755 -241 246 149 0.022293385 
936 348 7 20 0.022284806 
360 102 10 24 0.022276344 
181 158 10 19 0.022257995 
926 351 8 16 0.02225164 
314 121 5 15 0.022249304 
46 494 5 12 0.022234078 
638 507 18 14 0.022199035 
653 309 9 21 0.022195011 
134 521 4 11 0.022174492 
72 495 4 11 0.022158066 
557 592 5 17 0.022130817 
502 445 7 7 0.022127189 
409 240 11 31 0.022111814 
357 258 15 27 0.022100806 
812 509 4 10 0.022098457 
438 587 9 27 0.022079466 
488 363 8 15 0.022071445 
78 192 10 24 0.022065174 
484 457 12 11 0.022059625 
35 78 14 25 0.022056894 
796 197 10 16 0.022044074 
32 550 5 8 0.021984613 
71 555 5 16 0.021976072 
848 72 6 13 0.021963665 
998 576 11 30 0.021937408 
693 75 8 27 0.021876814 
506 425 3 5 0.021864224 
434 370 12 23 0.021858154 
836 59 6 13 0.021855768 
877 -5 5 10 0.02183528 
410 279 9 31 0.02183244 
82 555 5 15 0.021802783 
260 182 9 15 0.021782545 
129 317 9 28 0.021772875 
243 237 48 69 0.021750145 
94 520 5 13 0.021742953 
91 328 9 36 0.021738384 
736 571 5 14 0.02172128 
329 286 61 74 0.02171759 
749 548 4 9 0.02171351 
280 294 15 21 0.021688439 
512 343 13 29 0.02168301 
134 555 5 15 0.021646794 
180 169 10 22 0.021625092 
798 141 8 28 0.021610608 
307 199 16 17 0.021605879 
893 -226 132 93 0.021605361 
605 509 9 12 0.0215943 
236 573 6 14 0.021592736 
543 591 6 19 0.021582128 
133 571 7 20 0.02154628 
513 361 12 19 0.021541966 
810 57 7 14 0.021454602 
528 393 8 10 0.021437932 
287 106 5 19 0.021433232 
463 150 11 37 0.021405062 
638 256 9 24 0.021387761 
475 342 12 29 0.021352924 
520 299 14 38 0.021325538 
746 56 7 18 0.021318026 
584 474 23 20 0.021310512 
570 506 7 10 0.02115132 
148 557 4 13 0.021151014 
851 -6 5 11 0.021090196 
997 596 13 44 0.021067536 
17 246 6 22 0.021044664 
448 213 12 33 0.021029312 
704 344 12 22 0.021010878 
725 557 5 12 0.020994926 
773 494 6 16 0.020977607 
839 496 3 9 0.020965211 
462 289 13 34 0.020929458 
434 138 14 30 0.02092236 
539 292 12 30 0.020918868 
56 556 5 14 0.020891393 
543 583 5 15 0.020882983 
492 524 6 9 0.020873046 
519 536 5 8 0.020850303 
517 392 7 10 0.02084288 
223 574 6 14 0.020828253 
898 583 10 28 0.020808887 
48 192 4 9 0.020795507 
301 80 5 19 0.020784361 
529 536 6 8 0.020747177 
110 523 4 10 0.020722354 
90 582 12 31 0.020697538 
903 -3 4 9 0.02069258 
554 558 8 11 0.02068947 
192 318 11 35 0.020674992 
15 272 7 23 0.020655174 
471 374 118 98 0.020599617 
320 172 14 18 0.020596975 
258 193 11 19 0.02059305 
192 201 12 31 0.020519435 
822 70 326 268 0.020506257 
461 240 11 29 0.020491425 
154 175 12 33 0.020458182 
366 499 3 9 0.020453312 
773 43 7 14 0.020388732 
717 89 11 30 0.020387556 
550 338 17 35 0.020331033 
330 334 15 19 0.020315623 
531 407 6 8 0.020270322 
890 -5 5 11 0.020270215 
385 365 13 15 0.020267252 
20 225 4 14 0.020219399 
685 546 5 11 0.02020412 
814 522 4 10 0.02019939 
72 164 6 12 0.020192182 
323 130 8 21 0.020190408 
698 546 4 11 0.020180004 
567 521 11 12 0.020179667 
129 137 10 12 0.020179167 
524 358 14 21 0.020137314 
643 497 12 11 0.020136813 
52 27 11 22 0.020130824 
222 162 7 14 0.020130668 
16 92 13 23 0.02010047 
339 559 4 13 0.020081041 
261 175 8 11 0.020078572 
901 383 7 33 0.020071466 
701 332 13 24 0.019983163 
528 591 7 20 0.019976329 
3 533 6 15 0.019954724 
368 257 13 27 0.019915795 
223 497 4 9 0.0199138 
938 33 8 9 0.019913636 
807 67 9 21 0.01990427 
423 229 11 30 0.019867286 
734 92 10 27 0.019834686 
846 193 11 23 0.019758197 
122 522 4 10 0.01973317 
212 521 5 12 0.019724991 
303 283 15 22 0.019687723 
912 576 8 28 0.019660903 
649 505 20 15 0.019645497 
222 556 6 14 0.019602563 
823 68 8 18 0.019594328 
926 360 8 20 0.019591725 
302 120 5 16 0.019583944 
313 523 4 9 0.019578949 
352 30 6 19 0.019519033 
101 152 41 81 0.019496733 
301 107 5 17 0.01948927 
209 542 8 18 0.019467657 
330 173 15 17 0.0194529 
733 75 9 24 0.019419828 
93 471 6 9 0.01941388 
56 145 6 16 0.019410953 
384 393 15 26 0.019405171 
499 320 14 43 0.019403633 
31 557 5 11 0.019386841 
28 20 9 14 0.019381022 
615 321 11 24 0.01937594 
569 592 5 16 0.01935867 
309 313 52 61 0.019306444 
500 129 8 21 0.019290732 
5 469 6 16 0.019262066 
19 236 5 17 0.01924264 
808 358 12 26 0.01924029 
525 378 12 14 0.019224735 
695 332 10 24 0.019210221 
293 261 13 19 0.019203175 
473 459 15 12 0.019194577 
25 30 13 18 0.019164974 
751 525 4 7 0.019162552 
16 257 7 23 0.019145884 
366 509 4 10 0.019128723 
699 525 4 10 0.01908904 
412 49 9 27 0.019082898 
447 137 11 28 0.019056875 
1002 31 8 11 0.019041812 
261 13 6 26 0.019029016 
775 535 4 9 0.01902114 
670 327 7 15 0.01899349 
443 521 4 14 0.018984856 
771 101 9 26 0.018965444 
533 555 6 13 0.018963704 
872 192 10 24 0.018956786 
353 523 4 11 0.018951448 
822 181 11 20 0.018950036 
10 -92 12 37 0.01893725 
271 192 14 19 0.018897153 
292 197 15 14 0.018880276 
335 390 235 153 0.018848874 
954 -2 5 7 0.018840795 
570 529 28 18 0.01883135 
506 410 4 6 0.018819762 
35 64 15 23 0.018796008 
168 179 10 27 0.018774973 
864 -6 5 11 0.01876727 
762 -5 4 10 0.018756473 
807 196 10 16 0.018745622 
889 557 5 13 0.018744595 
121 497 3 10 0.018732736 
811 44 7 15 0.018714476 
278 190 19 19 0.018688185 
576 520 17 14 0.018679198 
453 509 6 12 0.018669436 
811 172 7 18 0.018639578 
777 166 18 34 0.018628813 
238 559 5 12 0.01859895 
555 420 6 9 0.018597042 
862 73 7 12 0.018586507 
337 118 8 20 0.018570144 
220 545 6 14 0.01855935 
833 194 12 20 0.018543063 
207 580 11 23 0.018538244 
912 194 9 17 0.018448997 
187 266 19 29 0.018443283 
6 480 5 16 0.01844276 
274 104 6 24 0.018407313 
474 296 13 40 0.018407287 
29 485 6 11 0.018393498 
25 113 12 27 0.01838489 
314 535 3 9 0.018381447 
733 55 8 19 0.018334392 
143 306 9 29 0.018331585 
211 484 5 9 0.018299246 
916 14 4 7 0.018293697 
810 156 7 23 0.0182932 
672 534 5 9 0.018281544 
914 571 5 19 0.018280342 
862 83 8 16 0.018248178 
16 493 7 16 0.018223496 
222 509 4 10 0.018195411 
109 497 4 10 0.018193124 
521 327 17 38 0.018178064 
553 407 6 10 0.018159568 
94 120 7 16 0.018153196 
154 204 11 33 0.018147826 
460 342 11 26 0.018128794 
822 44 9 16 0.018087225 
516 571 6 13 0.018085936 
70 147 5 14 0.018068748 
903 12 4 9 0.018068265 
516 524 7 9 0.018058194 
820 196 12 17 0.018035427 
195 148 7 14 0.018027108 
708 73 9 28 0.018023856 
774 571 5 16 0.018020306 
668 355 12 25 0.01798858 
859 193 10 22 0.017949633 
590 507 11 12 0.017948803 
85 151 6 12 0.01792008 
562 355 13 26 0.017914675 
6 454 5 15 0.01788547 
783 199 9 15 0.017871212 
83 134 6 14 0.017870886 
858 326 9 13 0.017865866 
400 267 8 28 0.01783699 
50 232 13 42 0.017817838 
278 244 15 23 0.01779852 
954 -12 4 7 0.017789353 
762 44 5 13 0.017740272 
357 112 14 28 0.01773532 
541 392 8 12 0.017726758 
316 269 17 26 0.017722018 
294 217 16 22 0.017692823 
118 356 9 31 0.017663691 
532 276 97 101 0.017654527 
966 26 4 7 0.017614445 
159 135 9 15 0.017607342 
29 239 9 32 0.017595273 
587 520 19 15 0.017572323 
287 92 6 21 0.017554082 
307 259 15 20 0.017547635 
514 112 8 26 0.01754646 
588 419 15 11 0.017535975 
531 421 5 7 0.017527014 
445 355 15 27 0.017523583 
669 589 357 291 0.017517928 
966 -3 5 8 0.017512873 
619 510 9 11 0.017489152 
414 579 8 21 0.017454945 
646 514 21 17 0.017448941 
15 296 7 24 0.017426865 
538 314 14 40 0.017395196 
211 286 43 79 0.017388778 
707 361 11 23 0.01737018 
209 535 7 14 0.017363073 
282 418 11 20 0.017345292 
763 546 4 10 0.017291505 
926 579 8 24 0.017286206 
249 162 6 12 0.017243506 
519 424 4 5 0.017233908 
121 571 6 20 0.017232986 
345 115 11 25 0.01722338 
539 376 11 15 0.017222751 
261 117 6 23 0.017220836 
568 587 5 12 0.017210584 
79 205 10 26 0.017197257 
453 492 8 13 0.01716304 
313 132 6 18 0.017142547 
220 581 11 22 0.017099274 
327 547 4 10 0.017096268 
539 356 14 22 0.017066615 
524 167 13 47 0.017037643 
65 347 10 31 0.017034033 
137 377 46 99 0.017030567 
856 338 14 16 0.017025707 
326 257 17 23 0.017020568 
326 584 5 15 0.017005855 
315 226 19 25 0.016931413 
653 496 14 12 0.01689209 
794 109 11 41 0.016890507 
260 48 8 33 0.016866475 
925 40 87 73 0.016857948 
742 334 13 25 0.016825892 
286 580 7 20 0.016796667 
408 381 14 29 0.01679126 
530 573 5 11 0.016775781 
401 582 7 17 0.016774632 
1014 23 8 12 0.01675979 
519 435 5 7 0.016745748 
647 449 21 19 0.016743502 
176 290 33 79 0.016736021 
655 325 8 16 0.0167285 
159 121 8 16 0.016685596 
327 345 20 20 0.016677806 
289 194 42 51 0.016675325 
953 13 5 7 0.016668048 
783 127 9 32 0.016647406 
2 273 101 161 0.016633283 
142 175 12 34 0.016631395 
928 -2 4 7 0.01663126 
580 496 9 11 0.016624533 
801 533 4 10 0.016610086 
820 31 11 17 0.016608056 
479 537 4 8 0.016603414 
824 372 9 23 0.016583998 
639 334 12 25 0.016555374 
761 572 5 15 0.016540645 
79 217 11 30 0.01654035 
941 -3 5 7 0.016530083 
810 333 12 25 0.016484935 
838 -14 4 10 0.016482137 
626 246 12 24 0.016482014 
825 -14 4 10 0.01647665 
272 580 8 21 0.016468462 
222 523 4 10 0.016465448 
277 303 19 29 0.016457113 
40 9 8 13 0.016442891 
490 106 9 20 0.01643078 
478 571 5 17 0.016425341 
327 559 4 12 0.016418895 
435 214 13 34 0.016395463 
551 370 12 19 0.016376657 
886 581 10 29 0.016367704 
89 245 37 95 0.016352396 
937 195 8 18 0.016337378 
400 242 9 24 0.01631778 
916 -2 4 7 0.01631175 
643 323 8 16 0.016298035 
575 355 16 31 0.016264929 
483 271 89 98 0.016260391 
290 352 19 29 0.016257072 
57 568 5 21 0.016243892 
323 589 9 21 0.016243793 
874 73 7 11 0.016241278 
799 571 5 16 0.016205313 
308 188 12 13 0.016189128 
247 47 8 35 0.016181458 
46 485 4 10 0.016177185 
747 572 5 15 0.016166814 
952 33 7 9 0.016139366 
491 381 6 10 0.016127702 
711 525 4 9 0.016126538 
49 66 15 22 0.016106986 
878 556 5 13 0.016101401 
716 347 11 19 0.01609844 
360 590 10 21 0.016092036 
249 560 5 11 0.016083922 
242 422 58 56 0.016074093 
544 525 6 8 0.01606087 
80 344 10 33 0.01605791 
122 553 6 16 0.016038513 
370 364 13 15 0.01601847 
270 399 12 27 0.015999565 
28 280 10 33 0.015991827 
221 535 5 10 0.015989425 
927 14 4 7 0.01598857 
492 409 4 7 0.01598503 
599 362 15 24 0.015980395 
10 -118 11 40 0.015979629 
812 -14 4 10 0.01597927 
603 243 10 23 0.015978461 
528 523 7 9 0.01597489 
833 177 14 25 0.015964266 
633 596 6 13 0.015951963 
911 374 7 22 0.015946876 
159 546 5 14 0.015918247 
28 302 10 34 0.01590854 
274 129 7 19 0.01590802 
219 219 11 25 0.015900392 
327 534 3 10 0.015899213 
560 522 63 39 0.015891664 
314 583 5 16 0.01584322 
557 523 6 9 0.015837518 
432 381 13 26 0.015824197 
980 25 6 8 0.015823694 
299 581 7 19 0.015817128 
374 589 9 22 0.015805094 
29 495 7 11 0.015783492 
193 581 11 22 0.015780864 
158 285 8 21 0.015770765 
953 446 4 7 0.015765978 
884 353 9 15 0.015748644 
764 511 5 8 0.015748555 
848 81 8 18 0.015746458 
94 484 5 10 0.015746 
3 502 7 20 0.015738832 
344 205 15 21 0.015737915 
222 484 5 8 0.01573697 
966 -14 4 8 0.015735203 
588 487 15 17 0.01572306 
468 461 8 9 0.015721763 
125 231 40 94 0.015716597 
318 346 17 21 0.015709436 
104 354 10 32 0.015689543 
477 478 23 15 0.015684204 
477 359 8 17 0.015684027 
825 523 4 10 0.015680596 
192 294 13 25 0.015652286 
261 418 11 24 0.015651274 
179 581 12 22 0.015632669 
236 161 6 14 0.015629 
801 547 4 10 0.015627151 
31 229 7 25 0.015595254 
52 261 12 42 0.015572042 
978 -2 6 8 0.015562674 
144 572 7 19 0.015541167 
313 547 4 10 0.015538433 
353 534 4 10 0.015538198 
745 227 9 29 0.0154988235 
838 508 4 11 0.015494 
28 452 6 14 0.015464779 
348 590 10 21 0.015459156 
283 267 47 63 0.015446276 
70 484 4 11 0.015436049 
377 508 4 11 0.015408195 
149 155 37 88 0.015406025 
1003 25 6 8 0.0153903365 
127 174 15 35 0.015389252 
307 246 16 22 0.015384536 
662 454 16 17 0.015383185 
517 131 6 21 0.01537227 
772 35 8 12 0.0153698735 
36 258 15 45 0.015365343 
278 259 16 24 0.015364808 
519 409 5 6 0.015324197 
13 42 19 19 0.01532034 
1014 31 9 13 0.015292755 
478 435 5 7 0.0152916 
326 229 19 24 0.015278701 
697 323 8 19 0.015271824 
826 497 4 9 0.015264948 
205 218 12 28 0.015235803 
328 268 16 27 0.015210132 
943 446 4 7 0.015209491 
924 195 9 16 0.015205242 
215 224 52 78 0.0151969185 
530 583 6 14 0.015167667 
446 181 13 41 0.015165771 
881 183 12 19 0.015118908 
45 537 5 9 0.015106701 
347 186 12 12 0.01508335 
10 -71 18 39 0.015076352 
114 598 339 327 0.015073903 
385 375 14 20 0.015055493 
373 92 11 20 0.015045667 
14 113 13 28 0.01504424 
200 497 3 9 0.015028804 
669 310 8 20 0.015020278 
781 100 9 28 0.015009474 
979 12 5 7 0.015005288 
528 434 7 8 0.015001574 
820 363 11 23 0.014995467 
84 483 4 11 0.0149734635 
209 572 7 17 0.014944867 
792 204 15 25 0.014917263 
660 503 18 17 0.0149158975 
263 241 19 30 0.014899798 
378 497 4 9 0.014889996 
654 334 11 23 0.014885331 
941 -12 4 8 0.014853788 
902 556 5 13 0.014852294 
800 -14 4 10 0.014850396 
844 178 14 24 0.014848979 
772 332 9 23 0.014846714 
456 471 8 9 0.014831419 
301 66 6 21 0.014828912 
199 485 4 8 0.014809056 
90 187 12 32 0.014799598 
784 35 9 13 0.014787394 
344 259 15 23 0.01477741 
787 571 6 17 0.014762295 
319 139 13 28 0.014750371 
286 131 6 17 0.014742716 
589 459 13 10 0.014737724 
478 449 7 8 0.014737696 
135 496 3 9 0.014728699 
595 468 21 16 0.0147280665 
15 503 8 18 0.014725486 
3 306 30 93 0.014694967 
635 585 4 13 0.014690149 
592 526 24 19 0.014690011 
31 223 6 17 0.014687898 
1001 571 7 18 0.014683606 
857 175 16 26 0.014650834 
339 573 5 15 0.01464563 
458 154 28 80 0.0146400705 
852 485 4 8 0.014630277 
347 375 50 86 0.014597223 
390 533 5 12 0.014579604 
16 440 9 16 0.014578659 
554 545 9 12 0.014572442 
55 9 7 14 0.014563166 
357 370 16 21 0.014552583 
260 164 7 10 0.0145501485 
491 395 5 9 0.01454885 
4 281 8 26 0.014548166 
695 312 7 17 0.01454311 
62 26 13 27 0.0145223895 
188 250 53 70 0.014518869 
43 569 6 16 0.0144939255 
478 423 5 6 0.01448993 
656 65 9 25 0.014467109 
102 175 14 31 0.014450326 
96 553 6 16 0.014445097 
621 596 5 14 0.014416585 
338 546 5 12 0.014407983 
823 20 7 13 0.014406196 
517 444 7 8 0.014391862 
115 364 44 101 0.014387602 
710 573 5 12 0.014355493 
813 547 4 9 0.014352944 
82 108 6 19 0.014350648 
17 536 6 11 0.014349623 
810 33 9 14 0.014341963 
802 556 4 13 0.014337327 
823 -27 281 197 0.014336149 
796 34 8 13 0.01432875 
340 524 4 10 0.014326832 
300 343 22 26 0.01432088 
967 13 4 7 0.014318977 
383 407 14 27 0.014308212 
847 337 15 18 0.014302652 
454 482 9 11 0.014300246 
497 43 298 228 0.014274754 
352 546 5 13 0.014263351 
739 526 3 7 0.01425953 
335 591 9 19 0.014251972 
681 326 8 16 0.01422385 
130 343 8 31 0.014222982 
663 492 16 18 0.014221844 
183 135 8 17 0.014209276 
836 77 9 23 0.014204996 
372 376 12 17 0.014183743 
141 279 9 25 0.014182108 
851 -14 4 10 0.014157345 
553 468 10 8 0.014153658 
167 118 9 20 0.014147365 
887 72 8 13 0.014140563 
57 485 4 11 0.014138125 
2 514 8 20 0.014123164 
273 175 13 13 0.01410145 
928 -12 4 8 0.014090841 
698 573 5 14 0.01408419 
861 90 9 23 0.014074211 
683 311 8 18 0.014060552 
589 429 13 11 0.014057235 
572 352 45 68 0.014043153 
67 247 34 99 0.014039186 
353 348 22 21 0.014029855 
69 457 5 10 0.014020565 
937 579 10 22 0.014017723 
630 509 12 12 0.0140175065 
92 461 7 9 0.014013236 
442 460 5 6 0.014006366 
328 204 18 25 0.013994926 
748 -5 5 11 0.01399407 
140 260 12 33 0.013989675 
85 154 33 69 0.013979707 
812 9 5 12 0.013979038 
771 197 10 16 0.013978985 
387 590 10 21 0.0139689585 
964 340 9 21 0.013963796 
115 175 15 33 0.013947511 
346 198 15 17 0.013925356 
976 339 9 19 0.0139189735 
787 545 5 12 0.013903001 
668 293 8 24 0.013902288 
411 -251 391 139 0.013898739 
146 523 4 10 0.013879563 
424 587 11 28 0.0138751855 
647 442 20 16 0.013868304 
176 219 16 40 0.013862292 
754 335 11 23 0.013855059 
693 375 9 17 0.0138424905 
598 520 17 15 0.013842478 
167 202 41 86 0.013802099 
796 342 11 28 0.013796779 
865 557 4 12 0.013767884 
558 533 8 11 0.013767252 
869 349 12 18 0.013748383 
941 14 5 6 0.013743924 
850 571 6 20 0.01372902 
772 478 7 24 0.013706035 
319 308 14 24 0.013696664 
726 526 3 7 0.013664725 
116 305 10 26 0.013645138 
429 462 5 6 0.013631366 
167 581 12 22 0.013629449 
310 587 9 25 0.0135877915 
811 20 6 12 0.013584993 
989 25 7 8 0.013578049 
5 320 8 28 0.0135741215 
21 212 4 13 0.013573381 
126 148 38 74 0.013565875 
353 509 4 10 0.013551731 
619 498 8 9 0.013546179 
817 335 11 20 0.013535363 
580 418 10 11 0.013521796 
260 283 47 65 0.01349669 
307 227 16 22 0.013477207 
749 557 4 11 0.013475438 
334 128 10 23 0.013475025 
449 127 13 26 0.013474683 
628 362 10 18 0.013456597 
57 445 5 11 0.0134534845 
250 239 19 34 0.013438581 
289 175 14 15 0.013436368 
52 286 13 40 0.013435155 
912 385 7 30 0.013415626 
505 490 26 13 0.013413394 
27 228 33 95 0.013398667 
294 205 19 21 0.013394205 
557 510 6 8 0.013391237 
44 441 6 12 0.0133911995 
345 175 13 14 0.013362237 
370 102 14 25 0.013362005 
747 44 6 14 0.01335993 
84 469 4 11 0.01335124 
915 33 6 10 0.013345954 
17 570 5 18 0.013345954 
467 449 6 7 0.013337215 
825 9 5 12 0.013328961 
59 453 5 13 0.01330619 
200 507 4 13 0.013305357 
755 224 10 31 0.013302654 
796 357 10 28 0.013300506 
933 44 14 14 0.013282265 
614 364 12 19 0.0132680945 
225 13 6 26 0.01324484 
261 573 6 15 0.013239955 
987 31 10 11 0.013214251 
343 359 17 20 0.013210067 
744 327 8 15 0.013190234 
785 480 7 17 0.013184562 
343 348 19 19 0.013131605 
873 327 7 11 0.013128015 
325 523 5 10 0.013126355 
282 401 10 23 0.013123963 
826 509 4 10 0.0131082 
58 179 5 9 0.013100627 
338 583 6 15 0.013094685 
248 573 6 14 0.0130809015 
761 35 7 12 0.013051663 
153 251 12 32 0.013048169 
475 589 9 25 0.013034554 
745 359 13 20 0.013031937 
526 442 11 10 0.013016225 
874 82 9 17 0.013015834 
35 214 3 11 0.013010102 
102 302 10 30 0.013010078 
1003 558 4 10 0.012999544 
717 108 13 39 0.012987159 
758 105 9 22 0.012962782 
30 570 5 16 0.01295339 
505 571 6 15 0.012945407 
118 576 11 27 0.012937776 
317 155 16 26 0.01293067 
46 503 6 13 0.012924999 
223 471 5 9 0.012894712 
155 580 11 23 0.01288215 
902 23 5 11 0.01285827 
453 460 6 7 0.0128509905 
873 583 10 28 0.0128220115 
259 129 7 20 0.012801013 
300 509 6 9 0.012800023 
66 200 35 86 0.012797206 
407 159 43 89 0.012794614 
850 326 9 12 0.012762293 
142 136 9 13 0.012746666 
298 232 41 51 0.01274015 
540 431 8 9 0.01274012 
318 330 18 26 0.012706475 
27 437 9 16 0.012705673 
733 325 9 15 0.012703676 
993 179 20 20 0.012701965 
232 581 11 21 0.012680229 
864 -14 4 10 0.012674387 
967 436 4 6 0.012654894 
617 330 14 29 0.012645854 
211 2 6 24 0.012642997 
672 547 5 9 0.0126425205 
733 43 7 15 0.012639033 
619 418 25 15 0.012618271 
28 8 9 14 0.01261653 
720 336 10 18 0.012609491 
49 252 185 227 0.012584878 
800 9 5 12 0.012581927 
80 314 9 33 0.012578824 
273 90 7 26 0.012575614 
752 360 14 21 0.012573163 
46 521 5 12 0.01257105 
440 483 6 10 0.012542877 
782 355 10 29 0.012537823 
27 505 8 14 0.012525313 
511 472 16 10 0.012522865 
600 458 15 12 0.012520142 
542 508 7 9 0.012509559 
217 359 39 80 0.012508893 
772 205 9 22 0.012493588 
616 544 9 11 0.012461841 
274 572 6 17 0.012460333 
179 -229 408 97 0.012456638 
92 299 11 34 0.012453928 
911 355 8 13 0.012446013 
461 448 52 45 0.012428854 
899 186 10 15 0.012400768 
498 493 19 11 0.012395944 
529 131 6 25 0.012377553 
813 374 8 20 0.012356941 
936 357 9 26 0.012332175 
135 486 3 8 0.0123304315 
979 -15 5 9 0.012325392 
209 148 7 15 0.012318132 
37 287 14 39 0.012314497 
288 80 5 20 0.012312361 
581 594 5 14 0.012308981 
567 486 9 9 0.012301145 
353 498 4 8 0.012281401 
501 506 11 9 0.012276068 
206 309 11 21 0.012271986 
339 534 4 10 0.012269755 
554 497 8 9 0.012258436 
987 684 37 107 0.012243075 
142 295 9 24 0.012240549 
488 507 11 10 0.012234761 
416 470 4 8 0.012228062 
23 139 10 22 0.012220766 
924 44 10 14 0.012212447 
601 493 11 12 0.012211376 
590 444 12 11 0.0122041665 
654 254 10 27 0.012194589 
957 -230 57 67 0.012185004 
301 524 4 8 0.01216362 
296 417 10 18 0.012153443 
373 109 269 176 0.012150998 
632 500 8 9 0.012150141 
616 517 14 16 0.012148452 
633 573 5 13 0.012148115 
15 152 9 24 0.012132771 
45 178 5 11 0.012131776 
269 363 11 31 0.012131119 
343 336 17 19 0.012130519 
459 358 12 23 0.01212725 
862 316 7 10 0.012122066 
41 205 30 87 0.012117551 
929 459 3 7 0.012110148 
387 81 11 18 0.01207965 
948 338 10 20 0.01207837 
78 582 11 32 0.012051373 
312 510 6 8 0.012048034 
271 298 10 15 0.012045803 
358 186 13 13 0.012038855 
735 314 7 16 0.012037323 
66 17 8 18 0.01203713 
949 196 9 18 0.012019576 
723 314 6 15 0.012013971 
354 276 19 33 0.012010282 
433 172 16 40 0.012004398 
723 573 4 12 0.011988777 
274 66 6 24 0.0119870035 
16 79 14 22 0.011981652 
15 139 10 24 0.011977056 
104 581 12 32 0.011963365 
128 370 10 31 0.0119600175 
118 379 12 36 0.011959367 
309 260 42 69 0.011945353 
877 -14 4 10 0.011938731 
29 537 6 10 0.011925228 
411 305 12 33 0.011923624 
774 547 4 10 0.011922244 
326 575 4 12 0.01191821 
986 115 31 72 0.011899213 
988 578 10 25 0.0118894605 
317 294 16 25 0.01188847 
57 160 6 14 0.011886089 
118 124 8 11 0.01187968 
839 522 4 10 0.011879607 
160 558 5 13 0.011870839 
369 387 16 22 0.011870374 
313 55 6 21 0.011860143 
770 342 11 28 0.011836372 
24 154 10 21 0.0118332375 
259 580 9 22 0.011774302 
499 456 11 9 0.011768318 
773 21 6 11 0.011745862 
15 31 14 17 0.01174283 
465 434 6 8 0.011717385 
66 285 13 40 0.011713207 
412 340 9 16 0.011708483 
297 498 8 9 0.0117038265 
441 493 5 14 0.011688427 
65 312 12 37 0.011681455 
1017 556 6 13 0.011677821 
43 159 7 16 0.011668326 
332 310 12 20 0.011664302 
331 297 13 23 0.011604081 
205 322 10 26 0.011600478 
107 554 6 16 0.011595558 
376 30 6 20 0.011593941 
785 21 7 12 0.011590936 
755 441 10 18 0.011588183 
66 262 12 39 0.011565479 
15 65 16 21 0.011559033 
428 483 4 10 0.011555764 
255 198 36 62 0.011544756 
190 226 16 35 0.011539523 
934 339 10 19 0.011532133 
90 353 11 34 0.011521784 
70 468 4 11 0.011521208 
414 461 5 8 0.011520556 
441 473 5 8 0.011512446 
51 49 15 23 0.011504478 
385 269 10 26 0.011503312 
29 585 7 16 0.011477613 
916 -12 4 8 0.011472178 
960 592 12 18 0.011471063 
950 346 8 26 0.011469435 
278 273 14 20 0.011464252 
423 148 16 35 0.011463992 
798 20 7 13 0.011458547 
730 437 14 22 0.011457504 
367 156 124 104 0.011454475 
166 221 15 40 0.011445699 
657 89 8 32 0.011443686 
274 445 28 28 0.01143888 
269 344 13 29 0.011429319 
668 98 8 35 0.011400564 
428 472 4 7 0.011397593 
733 334 12 21 0.011390443 
157 269 9 22 0.011388231 
735 -5 5 11 0.011385451 
17 585 6 19 0.011313914 
948 589 12 19 0.011310148 
50 326 14 40 0.0113089755 
64 233 14 43 0.011307696 
696 506 7 17 0.0113053825 
983 136 17 46 0.011302335 
412 68 10 19 0.011285446 
671 574 5 13 0.01122709 
859 582 12 31 0.011215171 
890 -14 4 9 0.011214804 
262 560 5 12 0.011202983 
950 292 43 60 0.011199914 
614 526 14 16 0.011196784 
698 558 5 12 0.011185697 
471 488 22 15 0.011178558 
107 472 5 8 0.011153029 
564 468 10 8 0.01114392 
1015 44 9 13 0.011128299 
478 581 6 20 0.011123387 
773 465 6 23 0.011122187 
550 389 10 15 0.011116576 
175 260 31 61 0.0111134 
17 22 10 14 0.011112006 
666 443 11 12 0.011078738 
29 467 6 13 0.011078272 
811 557 4 11 0.011076459 
601 348 13 24 0.011075982 
681 440 10 13 0.011071586 
233 183 33 65 0.011057822 
492 571 4 14 0.011041378 
295 585 11 28 0.011038389 
364 485 5 7 0.011032435 
787 -14 4 11 0.011009823 
310 213 42 49 0.01100635 
236 547 4 10 0.010977221 
292 426 17 21 0.010956465 
618 557 6 11 0.01094464 
18 201 5 13 0.010936498 
1012 -196 14 36 0.010935183 
452 448 6 6 0.01090292 
484 492 18 12 0.010892834 
710 558 5 11 0.010883796 
436 169 30 76 0.010879962 
199 236 24 40 0.010874212 
34 159 92 116 0.010872252 
984 179 17 20 0.010855763 
345 280 14 25 0.010843308 
722 325 7 15 0.010817153 
36 205 3 9 0.01081198 
147 269 30 77 0.010801698 
378 485 4 8 0.010800858 
121 487 4 8 0.010793586 
390 523 4 13 0.010785991 
356 131 647 288 0.010781892 
276 353 17 32 0.010779289 
403 214 30 71 0.01077135 
154 324 11 44 0.010749679 
850 555 4 14 0.010745493 
787 9 5 11 0.010729585 
874 317 6 10 0.010729442 
196 166 31 68 0.010726223 
131 123 8 12 0.01072072 
366 350 21 20 0.010712964 
822 326 7 14 0.010709802 
478 521 6 9 0.010707892 
16 515 7 18 0.010681777 
774 9 5 11 0.010671211 
679 454 10 15 0.010628621 
870 339 11 14 0.0106216185 
248 143 7 19 0.010617967 
615 456 14 12 0.010615286 
323 353 55 88 0.010612021 
46 453 5 12 0.010596334 
140 584 15 29 0.0105928 
707 314 8 17 0.010590395 
581 313 30 61 0.010586669 
963 33 8 9 0.010578162 
274 51 7 27 0.01056856 
16 168 6 21 0.0105594825 
346 296 13 24 0.010544508 
639 244 11 21 0.010534263 
481 219 25 62 0.01053397 
141 380 13 39 0.0105333105 
664 517 12 14 0.010527984 
131 294 9 23 0.010522084 
953 436 4 8 0.010520099 
668 55 9 21 0.010510681 
326 42 6 19 0.0105075035 
655 54 8 21 0.0105029335 
81 459 6 10 0.010484702 
38 -6 9 13 0.010481551 
681 374 10 21 0.010479231 
782 589 12 20 0.010474136 
340 229 17 24 0.01047093 
-4 357 95 163 0.010470182 
313 561 4 11 0.010461205 
757 206 10 26 0.010449927 
129 276 11 28 0.010438453 
158 537 5 10 0.010434762 
69 168 34 70 0.010434303 
42 144 8 16 0.010429001 
467 193 27 62 0.010421869 
812 325 8 16 0.010421288 
282 164 9 12 0.010419006 
991 571 6 15 0.01041616 
271 311 10 16 0.010413276 
60 468 4 13 0.010412029 
107 124 7 12 0.01040942 
286 574 6 15 0.01038823 
354 196 16 17 0.010387276 
622 586 4 12 0.010385835 
280 460 18 18 0.010336061 
109 486 4 8 0.010335144 
41 128 9 20 0.010321711 
23 -50 14 21 0.010313389 
603 328 13 28 0.0103099 
399 590 10 22 0.010306885 
15 427 12 21 0.010300922 
814 533 4 9 0.010292288 
974 590 10 19 0.010291496 
977 33 9 10 0.010285859 
566 421 7 9 0.010274337 
899 356 8 13 0.010244975 
838 572 5 17 0.010244395 
623 467 17 15 0.010242542 
117 292 9 25 0.01023531 
729 363 10 18 0.010233647 
554 429 7 9 0.010227087 
847 584 11 27 0.010215234 
457 281 28 68 0.010211267 
24 -61 12 19 0.010190818 
634 429 18 12 0.010188549 
706 594 10 16 0.01016648 
146 510 4 10 0.010148311 
236 499 5 9 0.010141477 
139 319 36 99 0.010136774 
175 522 44 68 0.010136199 
449 192 29 67 0.010132134 
682 524 6 10 0.0101300245 
128 584 14 28 0.010127988 
850 60 8 12 0.010126692 
302 536 3 8 0.010112161 
379 216 15 23 0.010094231 
913 556 5 12 0.010091976 
833 47 9 15 0.010068762 
289 67 5 21 0.010067983 
311 143 9 21 0.010067807 
633 472 53 50 0.010066452 
475 107 9 18 0.010060045 
927 572 5 15 0.010049428 
146 122 7 13 0.010047719 
900 73 8 12 0.010028018 
903 -13 4 9 0.010014431 
342 247 15 22 0.010000382 
