27_Spa_Spa_27_728
1468
214 137 594 357 0.97025317 
220 92 408 191 0.62543815 
593 277 5 9 0.17047085 
760 163 21 24 0.16654234 
607 275 7 12 0.14040533 
106 205 6 23 0.12383964 
107 217 5 26 0.11980111 
900 208 11 17 0.11446516 
95 230 6 25 0.11028185 
691 186 14 19 0.10899468 
272 600 229 182 0.10866937 
143 610 9 39 0.10785728 
95 206 6 21 0.10756009 
95 218 6 23 0.10536282 
108 230 5 25 0.100374885 
1011 194 13 21 0.09988498 
131 313 9 16 0.097595654 
858 157 10 15 0.09624117 
89 565 9 21 0.09578742 
714 170 19 24 0.095005386 
832 157 12 16 0.09280263 
642 92 245 161 0.09249941 
96 194 6 22 0.092471965 
90 575 10 27 0.091398746 
849 122 184 150 0.0900537 
195 184 7 20 0.09004626 
154 610 10 37 0.088499 
123 262 4 15 0.087909006 
122 219 5 22 0.08746865 
187 198 5 15 0.087142825 
80 565 9 21 0.08678348 
347 122 12 16 0.08624301 
121 207 5 21 0.08497224 
104 584 9 35 0.083610505 
96 244 5 25 0.08291398 
595 270 4 8 0.08283476 
124 249 4 17 0.08208277 
123 233 4 20 0.08144395 
136 252 4 13 0.079108045 
186 186 5 15 0.078201815 
846 151 10 13 0.077472284 
81 556 8 15 0.07676943 
123 276 4 13 0.07653029 
131 593 9 42 0.07633489 
91 555 8 15 0.07510376 
899 201 11 14 0.074872665 
834 152 10 12 0.07421365 
110 246 4 22 0.073267795 
-17 621 318 304 0.07285636 
232 611 10 39 0.07207038 
135 264 4 12 0.070841156 
106 577 8 24 0.06934327 
81 193 7 23 0.06852419 
82 207 6 19 0.06843261 
119 196 6 19 0.068367615 
843 157 13 16 0.06802488 
593 178 6 9 0.06749661 
97 259 5 21 0.06629877 
193 581 9 42 0.06600498 
860 151 8 12 0.06501644 
66 565 10 21 0.06497555 
173 226 5 13 0.06493342 
905 198 17 20 0.064738885 
971 174 13 20 0.06436169 
361 124 8 13 0.06426205 
116 584 9 33 0.06405857 
389 603 7 21 0.063901365 
593 291 5 10 0.06389946 
135 277 4 12 0.063610286 
606 268 6 11 0.0632654 
896 220 12 17 0.06321765 
762 682 5 23 0.06312484 
206 582 10 41 0.0629647 
111 261 3 18 0.062480107 
180 581 9 39 0.062217318 
735 153 45 40 0.061742123 
759 177 23 29 0.061500657 
269 584 10 36 0.060819622 
144 312 9 18 0.060719136 
198 173 5 15 0.06016645 
218 581 10 40 0.060154147 
792 158 14 17 0.059960317 
134 224 4 15 0.059830524 
587 279 4 8 0.05977383 
79 178 8 28 0.059639722 
231 570 11 37 0.05947818 
207 167 8 23 0.05910997 
178 560 11 33 0.05782535 
146 266 4 10 0.057710476 
208 156 8 20 0.057599697 
246 177 8 28 0.057439324 
774 680 5 24 0.057433564 
152 640 11 30 0.057422556 
68 555 8 15 0.057318628 
146 279 4 10 0.057141546 
160 265 4 11 0.057088785 
173 238 5 13 0.05688329 
186 175 4 13 0.056336105 
285 585 9 33 0.056171745 
122 289 5 12 0.055289872 
210 146 7 17 0.054682836 
68 176 9 33 0.05456596 
222 134 7 14 0.05439206 
146 303 6 12 0.054265674 
185 210 6 17 0.054247983 
172 214 5 12 0.053869843 
220 609 9 36 0.053767234 
136 239 3 13 0.053438425 
95 183 6 20 0.053423412 
1014 161 8 13 0.053327594 
218 558 11 33 0.05330287 
551 686 9 35 0.05322006 
80 583 10 36 0.053153664 
134 211 4 15 0.053105786 
108 565 8 18 0.05307274 
219 143 10 21 0.053051513 
132 304 6 12 0.053050686 
173 252 4 13 0.05292269 
525 664 9 32 0.052707262 
204 638 11 37 0.052215207 
106 184 6 19 0.05210419 
806 160 12 15 0.05209259 
147 199 4 14 0.051875222 
211 135 5 13 0.051812902 
244 584 10 37 0.051759094 
142 585 9 33 0.05171691 
247 558 9 33 0.05151831 
146 254 4 11 0.051343463 
258 584 10 36 0.051217962 
207 180 8 23 0.051171847 
840 163 17 24 0.05086707 
999 185 12 18 0.050709702 
160 277 5 12 0.05070308 
590 181 9 16 0.050582096 
342 579 11 22 0.05014078 
160 201 4 12 0.05008975 
825 158 9 12 0.049990494 
242 622 12 43 0.04995694 
284 640 7 29 0.049783938 
160 255 4 10 0.049681805 
207 623 8 34 0.049406044 
775 167 17 21 0.049362913 
1004 164 6 10 0.04935725 
199 161 5 14 0.049092356 
168 582 9 36 0.048978787 
171 263 5 14 0.048941113 
173 201 4 12 0.0488418 
910 187 11 13 0.048721667 
297 625 9 33 0.048607662 
761 693 5 23 0.048157137 
194 641 9 30 0.048128046 
701 179 19 25 0.04811903 
881 118 18 25 0.047981143 
295 588 9 29 0.047932256 
860 134 8 13 0.04783164 
234 178 8 25 0.04779022 
920 124 14 28 0.047657058 
605 658 9 41 0.047518592 
198 148 5 14 0.047033884 
160 290 5 12 0.0469913 
145 290 6 11 0.046232212 
145 639 8 26 0.04620087 
862 218 22 24 0.04614329 
515 653 8 26 0.045934524 
255 141 13 24 0.04587665 
749 682 5 25 0.045842327 
65 585 11 34 0.0456948 
91 588 11 43 0.04563466 
106 556 8 16 0.045629036 
398 603 8 20 0.045580138 
698 190 18 26 0.045568224 
147 212 4 14 0.045539256 
389 593 7 18 0.0455282 
207 193 8 22 0.045497514 
859 124 8 14 0.04525194 
618 660 8 39 0.045213357 
110 276 4 15 0.045018133 
53 585 10 33 0.044948343 
182 223 7 19 0.044912394 
134 198 4 15 0.04483941 
99 274 3 16 0.044806764 
160 228 4 11 0.044574603 
577 658 10 40 0.04456981 
518 664 8 32 0.044567965 
117 566 8 19 0.0445131 
121 315 6 12 0.044258595 
147 226 4 13 0.04423778 
119 556 7 15 0.044231214 
792 151 12 13 0.044105962 
670 692 7 28 0.04408847 
81 245 6 24 0.043978978 
804 166 17 23 0.04394549 
194 608 9 36 0.043839872 
160 214 4 11 0.04364749 
16 760 10 11 0.043643188 
160 241 4 10 0.043506708 
82 221 5 19 0.04346051 
787 667 5 27 0.043357246 
155 583 9 35 0.043342326 
877 28 5 25 0.043251626 
389 616 7 19 0.043243263 
374 580 7 17 0.043179873 
887 224 11 15 0.043148484 
219 167 9 24 0.04308364 
632 662 7 35 0.043043792 
693 285 10 22 0.042997934 
587 271 4 7 0.0429371 
944 234 15 18 0.04282059 
645 677 7 32 0.042750094 
708 171 14 18 0.042712267 
167 610 9 34 0.04267883 
119 185 6 18 0.04262496 
81 233 6 22 0.042554483 
147 240 4 11 0.04241885 
862 26 6 30 0.042317595 
133 621 8 38 0.042281095 
835 565 244 313 0.042258546 
960 180 15 24 0.04214255 
874 161 8 12 0.04203912 
567 662 8 32 0.042036515 
1011 50 11 26 0.04191315 
190 558 11 36 0.041872043 
186 162 4 13 0.041834466 
198 134 5 15 0.041817315 
185 147 5 15 0.041678604 
174 188 4 12 0.04167599 
692 296 9 22 0.04163463 
158 542 7 17 0.04159553 
337 579 10 21 0.04149559 
592 658 9 39 0.04147494 
813 167 121 89 0.04129345 
169 540 6 19 0.04104356 
607 440 5 17 0.04101489 
516 643 7 20 0.040854853 
344 149 15 32 0.040827777 
694 276 9 18 0.040817767 
158 301 7 13 0.04079318 
518 632 5 16 0.04069254 
864 54 6 23 0.040595658 
501 655 6 21 0.040496342 
186 134 4 16 0.040377147 
184 537 7 23 0.040337153 
703 286 8 18 0.04001005 
37 573 10 28 0.039865457 
789 165 21 25 0.039862603 
158 530 6 18 0.03976801 
183 522 9 27 0.03969309 
220 180 8 23 0.039574668 
688 202 17 28 0.03936141 
672 680 6 27 0.03928942 
232 165 9 26 0.039105035 
885 171 10 13 0.039041862 
134 186 4 16 0.039014403 
526 629 8 21 0.03890205 
309 577 8 20 0.03888944 
887 95 8 14 0.038845606 
900 95 8 13 0.038758025 
729 205 16 25 0.03874714 
715 164 13 14 0.038622227 
55 565 10 22 0.03860741 
170 562 8 27 0.038479023 
257 164 9 28 0.03834848 
362 132 9 17 0.03830703 
160 146 5 18 0.038301505 
1001 176 7 11 0.038289282 
175 175 4 12 0.03826042 
899 191 9 11 0.03825981 
949 223 11 13 0.03818954 
145 187 5 15 0.0381854 
11 553 10 52 0.038066022 
274 641 8 28 0.038037483 
374 590 7 20 0.0378288 
775 119 129 91 0.037748683 
208 558 10 32 0.037480727 
850 137 7 11 0.037383404 
170 553 7 21 0.03732711 
578 687 10 38 0.037236374 
338 590 10 21 0.03719528 
341 615 18 23 0.037173238 
877 53 5 23 0.03710416 
174 146 4 16 0.037060913 
374 128 7 9 0.036990564 
356 614 14 24 0.036965944 
749 668 5 25 0.03695896 
121 303 6 12 0.036951672 
299 577 7 21 0.03693915 
223 122 6 14 0.036936495 
929 193 21 22 0.03682177 
392 134 21 18 0.036808442 
604 685 9 37 0.03680578 
905 218 14 19 0.036537535 
180 233 8 21 0.03637336 
617 637 8 38 0.036328714 
659 705 5 27 0.035977047 
797 138 8 10 0.0359226 
751 187 21 27 0.03592219 
695 177 9 11 0.03590773 
949 210 12 18 0.035771854 
564 697 10 40 0.035635725 
110 288 4 14 0.03562681 
194 205 8 23 0.035624016 
233 132 9 17 0.035591953 
375 138 7 10 0.035560403 
684 681 6 25 0.035545472 
722 666 6 27 0.03548412 
258 178 7 26 0.035476796 
553 664 8 30 0.035472482 
883 236 13 19 0.035463102 
480 618 6 16 0.0354275 
881 106 17 22 0.03540156 
398 128 9 8 0.035297267 
592 685 9 40 0.03518558 
373 142 11 19 0.035144944 
134 290 5 11 0.03512636 
819 168 14 20 0.035099838 
540 677 8 30 0.035048865 
713 155 228 182 0.03500292 
525 638 9 28 0.035001285 
853 125 5 11 0.034960207 
871 170 11 16 0.034940075 
849 206 28 28 0.034934573 
243 152 12 27 0.034921188 
736 682 5 25 0.034767274 
174 161 4 14 0.034753717 
594 168 5 7 0.034741163 
632 689 7 32 0.03470562 
528 112 7 11 0.034686506 
464 609 6 15 0.034640815 
349 113 8 11 0.034596264 
856 166 14 20 0.03449283 
620 440 5 16 0.03441836 
131 575 8 24 0.03438718 
270 153 11 27 0.034230355 
155 554 8 19 0.034216933 
728 195 17 19 0.03418083 
706 244 9 21 0.034050062 
528 619 6 17 0.034000486 
912 128 10 21 0.033990975 
129 317 13 31 0.03397345 
180 607 9 36 0.033955604 
232 630 12 43 0.03392241 
388 582 7 16 0.033903092 
489 607 7 19 0.033876717 
516 113 8 10 0.033847872 
605 636 8 37 0.033714473 
1002 51 11 26 0.03359049 
799 680 6 25 0.033588056 
883 162 10 12 0.03352366 
714 163 46 43 0.03351935 
387 634 7 15 0.033516325 
809 152 10 12 0.03350335 
862 113 6 11 0.033496 
928 114 17 34 0.0334653 
517 619 6 16 0.033403903 
962 105 8 21 0.033382077 
889 86 6 13 0.033118322 
529 607 6 16 0.033095766 
464 617 6 17 0.032973915 
391 129 6 8 0.032939997 
541 112 7 11 0.03283132 
1016 176 8 13 0.03276655 
563 636 10 33 0.03273713 
693 258 10 21 0.03273503 
872 185 11 14 0.032732755 
146 543 6 15 0.032718696 
-26 386 159 362 0.03257276 
344 606 12 20 0.03253058 
154 563 9 25 0.03250418 
888 191 7 10 0.032359466 
480 609 6 16 0.032338247 
723 680 5 26 0.032332323 
383 141 18 22 0.03231853 
309 592 7 20 0.03229853 
12 197 11 50 0.03218818 
382 656 15 26 0.032100827 
704 275 8 16 0.03207206 
161 189 4 12 0.032069165 
873 148 9 14 0.031974785 
603 176 6 11 0.031922918 
724 709 4 22 0.031915206 
286 629 8 29 0.031904332 
949 183 13 18 0.0318947 
148 159 4 16 0.031861577 
889 30 5 22 0.03183687 
889 198 9 13 0.03181213 
173 133 5 18 0.031772222 
525 146 308 193 0.031648435 
794 259 13 16 0.031621438 
132 556 7 14 0.031529732 
339 122 10 14 0.031524893 
756 149 15 17 0.03148289 
986 182 12 18 0.031457912 
842 209 117 96 0.03141693 
857 184 12 15 0.031407587 
259 561 9 27 0.031389143 
705 259 8 18 0.03136177 
27 567 9 39 0.031332504 
169 274 7 17 0.03133034 
287 613 7 30 0.03129443 
160 160 5 15 0.03127458 
659 692 7 30 0.031265736 
399 595 7 16 0.031262524 
920 155 13 20 0.031160424 
192 535 8 29 0.03111159 
312 607 7 17 0.031104833 
984 176 11 14 0.03108592 
70 208 7 18 0.031076591 
779 246 15 18 0.031059518 
210 123 5 13 0.03104176 
801 178 20 25 0.030995425 
811 138 7 10 0.030919844 
37 243 11 25 0.030912131 
255 133 12 18 0.030831922 
182 506 9 22 0.03080065 
710 680 6 25 0.030667534 
38 594 12 39 0.03053519 
682 196 11 16 0.030530138 
683 706 6 25 0.030511701 
147 655 9 21 0.03048709 
698 680 6 26 0.03045591 
909 291 9 12 0.03043459 
736 667 5 26 0.030427124 
710 165 9 11 0.030383999 
478 630 7 19 0.03037757 
668 208 10 18 0.0303611 
179 654 9 25 0.03030883 
541 606 7 17 0.03027702 
170 530 6 19 0.030258609 
871 236 12 15 0.030240713 
153 310 11 23 0.030216604 
131 356 10 34 0.030155217 
889 55 6 21 0.030069305 
922 91 11 21 0.030023025 
679 205 14 24 0.029980822 
894 130 13 20 0.029941186 
963 99 6 15 0.029930875 
595 440 6 17 0.029924253 
335 607 12 18 0.029898627 
603 187 8 13 0.0298416 
398 615 9 22 0.029680768 
502 596 6 14 0.029635591 
767 153 13 13 0.02963516 
220 193 7 21 0.02958704 
881 243 18 28 0.02958105 
824 150 40 49 0.02957245 
724 695 5 24 0.029407945 
925 85 7 14 0.029380655 
229 142 13 23 0.029344594 
935 185 14 15 0.029319054 
614 275 9 13 0.029305033 
234 122 7 14 0.02923402 
517 608 6 15 0.029211186 
68 545 7 15 0.02918452 
816 193 16 22 0.02915575 
910 176 10 13 0.029146971 
161 174 4 13 0.029146792 
488 616 7 17 0.029060807 
723 178 22 22 0.029054696 
852 54 6 26 0.028995488 
576 633 10 39 0.02893397 
696 693 6 26 0.028894104 
11 298 10 47 0.028884342 
669 201 9 12 0.028855925 
255 624 11 40 0.028854385 
920 221 14 16 0.028852653 
822 272 9 16 0.028831538 
658 679 7 29 0.028820608 
1011 218 14 22 0.028819205 
706 301 7 16 0.028762454 
618 687 8 36 0.02865358 
976 106 7 20 0.028651197 
517 595 5 14 0.02860349 
687 188 8 12 0.02852881 
8 -142 300 153 0.028512595 
974 117 9 25 0.028459968 
999 41 12 25 0.028455393 
960 115 11 29 0.02842425 
338 570 7 13 0.028417025 
538 651 10 32 0.02839306 
1000 192 16 25 0.02838073 
737 204 19 28 0.02835908 
308 615 12 26 0.028341258 
554 137 7 13 0.028339794 
283 165 10 25 0.028321562 
645 651 7 34 0.028223442 
711 668 5 25 0.028189182 
516 130 21 25 0.028179016 
488 643 8 20 0.028174266 
632 637 7 35 0.028174188 
373 602 8 22 0.028167075 
890 41 5 23 0.028082518 
732 274 8 16 0.028062979 
924 312 162 251 0.028040785 
500 605 7 17 0.02803013 
146 173 5 14 0.027967889 
877 14 5 21 0.0279654 
900 86 7 15 0.027931266 
271 576 9 25 0.027921585 
974 222 10 14 0.027891016 
732 176 45 47 0.027886616 
138 318 14 33 0.027875263 
874 120 14 20 0.027845146 
273 562 9 24 0.027807157 
800 192 22 26 0.02778822 
863 68 6 18 0.027761007 
918 138 17 30 0.027760325 
718 260 9 17 0.027755732 
606 289 5 11 0.02769862 
133 656 6 21 0.02766803 
148 146 5 18 0.027617944 
768 244 16 20 0.027532645 
83 258 6 20 0.027477039 
962 222 11 14 0.027476627 
898 176 10 12 0.02738119 
57 555 7 16 0.02736764 
413 116 7 9 0.027363924 
339 157 8 19 0.027267579 
158 518 5 16 0.027239779 
1002 206 12 20 0.027223688 
55 179 8 27 0.02712835 
616 198 10 13 0.027094143 
841 238 53 50 0.027073497 
590 636 9 37 0.027073303 
749 707 5 22 0.027038883 
793 249 14 17 0.027023377 
359 139 14 28 0.027023342 
921 106 14 25 0.02699026 
16 755 9 9 0.02696699 
775 693 5 23 0.026925158 
245 132 11 18 0.026912948 
757 156 43 47 0.02688904 
528 99 7 12 0.026879009 
867 249 18 19 0.026871007 
935 223 12 15 0.026866302 
719 324 7 21 0.026853288 
873 201 10 13 0.026792204 
541 616 8 19 0.026731381 
845 197 14 15 0.02671774 
646 706 6 28 0.026705466 
760 139 8 12 0.026704248 
364 579 7 17 0.026672313 
168 287 8 18 0.02661939 
734 287 5 16 0.02661415 
181 642 10 28 0.026595565 
181 248 7 21 0.026544642 
843 181 14 18 0.026512884 
775 656 5 26 0.026465297 
145 556 7 15 0.02633109 
140 353 12 40 0.026285924 
511 122 14 15 0.026285833 
864 13 5 24 0.026280275 
919 187 17 15 0.02627142 
182 260 8 21 0.026269542 
544 702 7 26 0.026263013 
975 163 10 13 0.026248036 
143 565 8 21 0.026227247 
762 709 5 21 0.026226485 
324 594 7 16 0.026223732 
218 633 11 41 0.026182156 
799 126 6 11 0.026175786 
882 144 13 17 0.02616485 
567 109 6 15 0.02614032 
503 126 10 11 0.02612646 
552 124 8 12 0.026114106 
799 158 46 55 0.0261116 
818 179 15 21 0.026101649 
554 111 7 12 0.02602837 
491 595 6 14 0.025978023 
877 68 6 18 0.025976304 
832 197 11 15 0.025950212 
1003 153 7 12 0.02594113 
394 661 16 27 0.025906457 
502 645 6 17 0.02589274 
825 96 6 16 0.025828945 
878 86 5 12 0.025761167 
455 608 5 15 0.025732046 
517 98 7 12 0.02572283 
951 693 6 32 0.02567113 
235 191 7 25 0.025665818 
855 198 16 17 0.025654446 
838 97 5 14 0.025640031 
693 244 10 23 0.025635174 
147 531 5 16 0.025604052 
294 644 11 39 0.025583979 
166 656 11 25 0.025579492 
768 -139 290 146 0.02556134 
322 580 8 17 0.025515538 
543 593 6 16 0.02550922 
208 536 12 33 0.025494086 
284 567 7 18 0.025471475 
874 109 11 15 0.025466666 
607 430 5 14 0.025440404 
911 159 11 16 0.025394147 
714 191 18 26 0.025380244 
539 627 9 23 0.025375262 
109 302 5 13 0.02529825 
936 234 13 17 0.025295554 
741 192 18 20 0.0252434 
583 167 5 7 0.025242766 
168 298 8 16 0.025197553 
943 244 16 21 0.025181891 
98 286 5 16 0.02515534 
709 314 7 17 0.02514794 
813 681 5 24 0.025099417 
837 140 7 10 0.025056096 
244 644 11 39 0.02497806 
806 261 12 15 0.024954969 
199 121 5 16 0.024932789 
299 569 7 15 0.024847437 
872 131 12 17 0.024831092 
402 117 6 9 0.024816645 
452 618 8 17 0.024782997 
760 656 6 26 0.024697827 
913 95 7 13 0.024642238 
852 114 5 11 0.02458343 
553 638 9 29 0.024489598 
323 608 10 16 0.02448256 
161 133 4 18 0.024470571 
310 570 6 14 0.024465032 
568 123 6 13 0.024460448 
890 231 17 26 0.024444494 
603 195 11 17 0.024440957 
838 112 5 12 0.024408467 
744 272 9 20 0.02439535 
839 83 6 16 0.024379432 
134 173 5 14 0.024376925 
326 125 6 10 0.024318958 
933 94 10 19 0.024286162 
864 100 5 10 0.024231885 
384 646 10 17 0.024214853 
363 115 6 9 0.024210393 
285 191 9 31 0.024186037 
221 107 7 16 0.02416468 
347 569 7 14 0.024164217 
552 626 9 24 0.024162024 
888 67 7 19 0.024161883 
527 688 8 28 0.024148066 
1001 570 8 16 0.02413363 
269 605 10 40 0.024115175 
731 259 10 20 0.024099154 
876 98 7 10 0.024079511 
798 110 7 13 0.02404987 
93 546 7 13 0.024023583 
936 83 7 14 0.024009166 
770 139 8 12 0.024006372 
818 179 47 60 0.02397223 
716 244 10 21 0.023885904 
216 536 15 36 0.023871807 
838 126 6 10 0.023858763 
552 712 8 28 0.023854446 
82 546 6 13 0.023851233 
851 83 6 16 0.023823261 
271 177 8 28 0.023787258 
583 154 5 9 0.023727903 
896 108 12 18 0.023598094 
825 140 6 8 0.02358853 
373 618 8 20 0.023537459 
780 258 15 20 0.023517566 
747 284 6 19 0.023453306 
410 126 10 9 0.023441767 
722 288 5 15 0.023441508 
812 97 6 15 0.023434682 
1002 223 10 16 0.023430688 
616 208 11 17 0.023389243 
491 653 7 22 0.023347259 
914 86 7 14 0.02324858 
799 98 6 14 0.023218997 
584 177 6 10 0.023206068 
172 504 6 17 0.02315567 
811 126 6 10 0.023105321 
736 708 5 22 0.023027092 
530 335 56 67 0.022972923 
522 122 13 15 0.022951 
923 300 8 13 0.022908853 
231 548 11 33 0.02289318 
787 694 5 23 0.022884807 
977 97 6 16 0.022846313 
911 299 8 12 0.022804437 
967 185 19 32 0.022800539 
708 121 8 15 0.022766832 
417 684 18 23 0.022704327 
605 166 6 9 0.022689288 
708 323 8 23 0.022638582 
617 189 9 12 0.022616558 
207 206 8 21 0.022606786 
894 141 14 21 0.022598926 
284 663 7 26 0.022587845 
740 179 24 23 0.022587482 
903 56 5 19 0.022577895 
736 109 6 16 0.022491544 
338 627 23 25 0.022483211 
426 114 7 10 0.022466531 
971 207 13 22 0.022376476 
316 638 56 64 0.022375852 
761 405 5 11 0.022348652 
656 201 10 13 0.022344412 
499 698 11 38 0.022325628 
462 667 8 21 0.022311917 
501 675 9 31 0.022306582 
108 316 6 12 0.02226689 
583 292 5 8 0.02225372 
360 607 9 20 0.022233872 
400 631 9 18 0.02222702 
337 166 9 21 0.022226894 
383 99 161 105 0.022198405 
614 265 10 16 0.0221709 
896 159 11 16 0.022142416 
786 111 6 12 0.022067301 
540 123 9 13 0.022037422 
863 84 6 14 0.022024676 
479 639 7 21 0.021991214 
567 138 6 11 0.021988222 
14 221 11 43 0.02197719 
697 707 5 25 0.021976443 
41 553 8 21 0.021925177 
756 270 10 23 0.021915657 
607 450 5 21 0.021904275 
70 222 6 17 0.021872055 
909 139 15 25 0.02184685 
67 235 8 20 0.021845434 
66 244 9 26 0.021760872 
312 147 188 117 0.02173986 
607 596 5 13 0.021662375 
683 177 36 47 0.021644905 
233 107 8 17 0.021639025 
577 616 9 22 0.021621753 
965 354 6 8 0.021614682 
838 300 6 13 0.021606201 
319 615 19 24 0.0215972 
811 111 6 12 0.021595716 
720 275 7 15 0.021558069 
851 98 5 13 0.021497061 
761 96 6 17 0.021491675 
627 198 11 14 0.021471223 
-13 256 936 466 0.021417724 
748 109 6 16 0.021382611 
256 646 10 35 0.021302965 
931 205 18 20 0.021302339 
931 426 17 48 0.021273933 
307 146 8 18 0.021265268 
710 694 5 24 0.021264248 
271 628 9 33 0.021263778 
709 109 7 16 0.021253446 
825 82 6 18 0.021209296 
349 644 24 27 0.02120405 
173 516 6 18 0.021200519 
169 433 7 31 0.021192504 
922 291 8 12 0.02117378 
821 265 9 13 0.021141922 
257 121 10 15 0.02110608 
246 122 8 15 0.021101069 
273 661 8 29 0.021082489 
486 688 11 32 0.021078805 
904 96 107 109 0.021045461 
849 23 7 36 0.021044904 
154 412 11 41 0.02101902 
744 150 12 13 0.021010024 
528 595 6 15 0.021003699 
704 230 12 25 0.020997183 
364 592 7 18 0.020975549 
554 145 9 15 0.020972654 
620 451 5 20 0.020972572 
551 617 9 19 0.020960508 
53 236 10 20 0.020818822 
387 136 11 11 0.020810591 
747 139 7 11 0.020803647 
722 109 6 16 0.0207776 
517 685 8 34 0.020706829 
761 110 6 14 0.020702293 
492 665 7 23 0.02066895 
773 111 6 13 0.020606756 
406 664 16 22 0.020603562 
734 300 6 15 0.020532962 
687 178 6 10 0.020519603 
721 121 7 15 0.020496778 
606 605 6 17 0.020452794 
594 258 6 11 0.020402748 
28 775 7 10 0.020395707 
916 206 18 19 0.020393683 
921 174 13 14 0.020379314 
826 111 5 12 0.02030971 
340 149 8 16 0.02030542 
988 103 9 25 0.020303993 
935 245 14 18 0.020244764 
654 209 10 15 0.02024437 
748 96 6 18 0.020230575 
695 121 8 15 0.02020241 
19 774 6 11 0.02019495 
304 156 10 22 0.020193161 
825 125 6 11 0.020174237 
988 225 8 13 0.020157812 
1013 0 8 10 0.020147448 
772 177 22 26 0.020126026 
773 97 6 15 0.020085206 
10 590 10 54 0.020057311 
28 229 8 28 0.020031627 
66 156 9 31 0.020029925 
903 31 5 19 0.020027217 
692 310 10 26 0.020014105 
489 632 6 16 0.019982342 
695 109 8 16 0.019954115 
503 633 6 14 0.019935165 
459 133 73 79 0.019928401 
786 97 6 15 0.01992739 
332 283 8 22 0.01985122 
515 700 8 33 0.019837596 
363 569 7 15 0.019814549 
567 150 6 11 0.019764354 
747 404 5 11 0.019763868 
804 249 14 16 0.019759426 
1015 152 6 12 0.019730154 
325 159 7 17 0.019729372 
553 592 7 17 0.0197269 
889 254 18 29 0.019704096 
1013 72 12 31 0.019657856 
627 209 12 16 0.019648246 
830 179 14 20 0.01962979 
30 551 6 27 0.019611225 
808 271 11 18 0.019610722 
504 98 7 12 0.019557014 
927 135 20 35 0.019551946 
618 107 9 21 0.019521553 
961 208 12 22 0.019521335 
754 242 16 23 0.019511312 
794 188 48 53 0.019494172 
623 162 149 92 0.01947016 
985 116 11 26 0.01946307 
941 694 5 28 0.01946205 
786 124 7 12 0.01945567 
763 724 4 17 0.019445952 
741 223 18 29 0.019426677 
853 254 28 21 0.01938639 
324 148 7 15 0.019336088 
375 633 8 15 0.019324165 
755 177 59 73 0.019311778 
950 176 11 14 0.019288836 
324 136 6 12 0.019282287 
964 366 6 9 0.019280331 
203 660 13 33 0.019259773 
191 514 9 25 0.01925674 
719 315 6 15 0.019251816 
295 204 9 35 0.019248804 
486 234 12 17 0.019240022 
911 110 9 17 0.019239208 
505 114 7 9 0.01923829 
462 94 9 16 0.019214282 
958 234 14 16 0.019170951 
988 164 8 10 0.0191578 
780 237 14 17 0.019155918 
951 107 9 19 0.019150684 
42 541 8 21 0.019133134 
798 655 6 27 0.019119876 
784 152 10 11 0.019117495 
132 545 7 13 0.019079385 
794 270 12 21 0.0190761 
760 124 7 13 0.01904901 
641 209 10 14 0.019048782 
183 271 9 24 0.019044742 
25 763 10 8 0.01903252 
721 301 6 14 0.019022757 
306 225 12 37 0.019005656 
339 133 9 15 0.018978694 
811 205 22 25 0.018978486 
567 619 8 17 0.018962586 
355 631 15 19 0.018954987 
1012 5 10 14 0.018952515 
581 138 6 11 0.01890755 
595 154 5 9 0.018900018 
786 140 7 10 0.01889305 
602 208 11 19 0.018892106 
399 645 13 21 0.018866515 
701 215 15 27 0.01884341 
769 258 13 20 0.018824149 
901 66 7 20 0.01877549 
120 545 7 13 0.018765237 
755 228 15 24 0.018753422 
285 120 8 14 0.018748334 
999 84 12 32 0.018725004 
936 388 7 17 0.01871923 
939 303 6 12 0.01868971 
369 132 60 70 0.018631369 
889 214 9 13 0.018624036 
1000 33 8 15 0.018586855 
766 233 14 19 0.018576672 
769 268 12 25 0.018535214 
631 108 9 18 0.018525502 
719 188 38 56 0.018520689 
954 166 36 59 0.018517796 
605 613 8 25 0.01849029 
26 753 11 8 0.01848312 
710 709 5 23 0.018479658 
581 122 6 14 0.018466543 
477 96 8 14 0.018465012 
998 310 10 20 0.018442031 
947 116 12 28 0.018424697 
542 99 6 12 0.018418213 
849 235 13 13 0.018373426 
295 165 11 25 0.018358858 
592 303 6 12 0.018333629 
743 257 12 23 0.018332027 
453 595 5 15 0.018328147 
465 629 7 19 0.01832552 
901 293 7 9 0.018318761 
57 543 6 17 0.018280586 
151 320 15 32 0.018278373 
729 224 15 28 0.01827134 
953 98 7 16 0.018213958 
954 302 5 14 0.018164342 
887 272 9 13 0.018163716 
54 208 8 18 0.018163465 
939 288 7 15 0.018107528 
568 162 7 13 0.018106842 
642 200 10 13 0.018101526 
691 229 13 23 0.0180871 
588 190 13 23 0.017995115 
836 290 8 14 0.017961154 
801 216 227 221 0.017905435 
312 137 5 12 0.01789489 
122 172 5 16 0.017864026 
775 709 4 20 0.017861098 
984 191 15 26 0.017851815 
298 124 6 11 0.017841619 
771 123 8 13 0.017838378 
478 111 8 13 0.017833138 
710 153 7 10 0.017758552 
717 204 15 25 0.017735425 
965 644 8 19 0.01773085 
339 126 35 60 0.017724963 
409 643 16 24 0.017716886 
976 352 6 11 0.01771668 
193 666 10 26 0.017695755 
620 430 5 15 0.017688047 
781 269 13 24 0.017659247 
1000 304 10 15 0.017658792 
683 109 7 16 0.01765854 
285 107 8 18 0.017638216 
371 646 12 18 0.017631715 
681 121 9 16 0.017606387 
973 669 8 18 0.017604705 
735 122 7 15 0.017601404 
40 208 8 20 0.017588375 
771 190 22 28 0.017574199 
118 726 8 13 0.017566148 
270 134 10 15 0.017557463 
950 715 46 80 0.01754317 
38 222 8 19 0.017527087 
491 98 7 13 0.017519806 
582 181 10 18 0.017514225 
628 187 9 11 0.017485032 
932 407 12 32 0.01747332 
914 68 6 16 0.017454632 
373 571 7 15 0.017440712 
838 68 7 20 0.017405871 
545 719 5 18 0.017402265 
504 620 6 15 0.017378725 
954 348 4 6 0.017316792 
951 287 7 17 0.017310856 
961 163 12 18 0.01730269 
451 94 10 15 0.017178284 
529 706 6 22 0.017114962 
742 242 14 24 0.017113889 
976 149 10 18 0.017109524 
720 153 8 10 0.017018422 
735 150 9 11 0.01695947 
582 108 6 17 0.016958872 
476 694 10 24 0.016938845 
337 181 8 21 0.016904274 
604 105 10 22 0.016902866 
7 750 8 11 0.016889354 
856 234 18 16 0.016870858 
498 36 248 221 0.016841011 
731 160 17 16 0.016834367 
774 407 5 11 0.016820505 
680 256 12 25 0.016819945 
697 166 7 10 0.016760413 
873 -44 214 242 0.016758062 
42 195 7 22 0.016751235 
297 221 11 41 0.016746791 
350 286 6 18 0.016718416 
367 651 18 29 0.016713917 
671 109 8 16 0.016700506 
800 695 5 22 0.016698737 
594 430 6 14 0.01665986 
296 193 8 26 0.016656501 
616 613 8 27 0.016630746 
186 121 5 16 0.016615165 
730 244 12 22 0.016590161 
815 359 3 8 0.01656188 
922 234 14 16 0.016558712 
903 43 5 20 0.016556451 
323 570 7 13 0.016555294 
419 642 15 24 0.016548008 
969 665 6 13 0.01652768 
924 408 11 28 0.016517492 
938 177 10 13 0.016515665 
301 634 18 38 0.016494911 
715 230 13 25 0.016487293 
296 690 9 29 0.016461927 
462 109 9 14 0.016390497 
736 138 7 12 0.016374853 
272 676 9 30 0.016362423 
183 418 8 31 0.016338823 
119 321 9 22 0.01631469 
819 247 13 16 0.016314274 
479 126 7 12 0.01629647 
552 605 8 18 0.016287161 
153 665 14 22 0.016236661 
954 725 5 17 0.016215472 
591 614 9 24 0.0162096 
284 692 9 26 0.016187577 
350 296 6 23 0.016160468 
952 84 6 13 0.016147347 
554 733 6 19 0.016114514 
594 606 6 16 0.016097428 
38 257 10 22 0.01608393 
755 257 13 22 0.016076514 
451 629 8 19 0.01606099 
906 179 48 45 0.01602942 
633 443 5 14 0.015998019 
97 300 5 16 0.015968591 
159 507 5 15 0.015944624 
747 124 7 13 0.015915383 
128 386 12 44 0.01590672 
963 84 6 14 0.015869122 
987 208 12 19 0.015841257 
-12 -13 161 306 0.015825802 
424 126 8 9 0.015809553 
954 355 5 7 0.015800096 
55 156 8 26 0.01578502 
847 220 19 18 0.015764328 
990 91 8 23 0.015753878 
1007 227 16 29 0.015726559 
500 134 13 15 0.015725113 
825 682 6 24 0.015723497 
604 254 7 14 0.015720816 
595 449 5 22 0.015719816 
349 274 6 18 0.015682083 
544 737 4 13 0.015655505 
375 116 6 9 0.015654365 
194 218 9 24 0.015650699 
477 83 8 16 0.015646469 
1016 570 8 17 0.015641872 
124 676 19 38 0.015606127 
942 347 4 6 0.015587838 
998 574 10 28 0.015586786 
735 96 6 19 0.015581841 
55 224 7 16 0.01556014 
499 710 345 304 0.015545635 
462 83 9 18 0.01554116 
646 108 7 17 0.015536907 
84 273 5 17 0.015528908 
464 657 7 19 0.0154811395 
825 285 8 16 0.015437048 
968 684 5 17 0.015392839 
925 389 9 16 0.015361699 
627 220 12 19 0.015339997 
976 362 7 15 0.015325716 
491 113 7 10 0.015322922 
28 589 11 45 0.015319305 
889 16 5 19 0.015312983 
914 56 6 17 0.01529845 
630 118 10 20 0.015292864 
246 108 8 17 0.015291053 
721 332 7 22 0.015288599 
390 117 6 9 0.015285018 
875 227 35 57 0.0152352955 
708 134 8 15 0.015210812 
42 182 8 25 0.015185141 
952 630 7 24 0.015165808 
737 723 4 17 0.015151918 
135 160 5 16 0.015111583 
966 348 5 7 0.015096609 
371 149 15 28 0.015066861 
594 106 8 19 0.015051039 
984 170 37 53 0.015050685 
816 233 15 18 0.015016257 
953 368 6 8 0.015012632 
658 108 8 17 0.014993437 
435 618 10 20 0.014980133 
615 221 10 19 0.0149473315 
774 422 5 10 0.014932672 
141 668 11 21 0.014928991 
748 642 6 26 0.01492402 
711 723 5 20 0.014922295 
606 151 7 11 0.014917277 
118 604 9 43 0.014872185 
106 545 7 13 0.014858267 
679 187 162 104 0.014822504 
669 121 8 17 0.014789813 
492 127 8 11 0.014787729 
758 282 7 22 0.014779159 
671 719 6 24 0.01477761 
438 112 8 11 0.0147723975 
999 561 9 11 0.014756443 
489 248 9 17 0.014746435 
720 137 8 12 0.014740383 
897 276 11 14 0.01467342 
682 246 9 22 0.014672985 
747 396 5 10 0.014665971 
962 704 8 31 0.014619228 
906 234 14 18 0.014601037 
407 683 19 23 0.0145968245 
31 789 6 11 0.014593217 
394 678 19 26 0.014563892 
838 683 5 22 0.014534583 
735 419 5 12 0.01452759 
845 249 17 16 0.014500064 
418 666 16 22 0.014499888 
437 126 8 10 0.014499811 
682 274 10 20 0.014490541 
1015 33 9 18 0.014472601 
671 191 7 9 0.014468619 
400 583 7 15 0.014455255 
130 670 10 22 0.014437943 
811 82 7 20 0.014433059 
595 596 5 13 0.014422128 
149 133 4 20 0.014411628 
-11 148 149 362 0.014390768 
934 259 12 20 0.014364994 
750 724 4 17 0.014355344 
735 429 5 12 0.014341203 
604 302 6 12 0.014329755 
952 379 6 12 0.014301078 
900 302 7 9 0.014299385 
619 177 7 11 0.014279806 
424 615 13 22 0.014268126 
325 169 7 19 0.014237744 
462 678 9 22 0.014193888 
661 255 16 27 0.014193793 
633 453 5 17 0.014129461 
491 83 7 15 0.014120508 
737 405 5 12 0.014083304 
616 289 8 10 0.014058901 
725 724 4 17 0.014056092 
1014 20 9 16 0.014051374 
801 217 21 23 0.014041806 
947 271 12 25 0.014034909 
684 719 6 25 0.014012695 
169 312 10 20 0.014006715 
555 98 6 13 0.013980905 
478 682 7 20 0.013973103 
591 238 9 20 0.013965846 
480 594 6 15 0.013941952 
772 80 8 22 0.013924001 
747 300 5 17 0.013922685 
217 659 12 35 0.013896955 
977 301 8 15 0.013896477 
963 378 7 14 0.01385143 
1014 303 8 15 0.013834831 
667 215 12 26 0.013832867 
734 315 5 14 0.013820896 
93 728 7 10 0.013806917 
466 642 7 19 0.013801919 
684 296 9 22 0.01379508 
1014 312 9 18 0.013779582 
642 185 10 13 0.013776 
272 121 9 14 0.013775036 
363 274 5 19 0.013756158 
695 133 8 15 0.013738366 
788 709 4 20 0.013731222 
672 193 35 59 0.013697953 
977 82 6 17 0.013696833 
246 203 8 31 0.013695164 
339 114 7 10 0.0136744715 
927 317 5 10 0.013663942 
965 301 6 15 0.013654619 
297 146 10 18 0.013649643 
221 206 7 21 0.013645485 
774 724 4 17 0.013614501 
451 109 9 13 0.013605795 
640 220 12 19 0.013592087 
594 119 7 18 0.013587127 
833 274 9 14 0.013570041 
466 597 5 14 0.013556097 
680 132 9 16 0.013532633 
851 12 5 27 0.013520873 
922 427 14 41 0.013512209 
797 82 7 20 0.013495751 
109 728 6 11 0.013486624 
448 138 11 14 0.013433309 
6 -143 62 115 0.013431225 
785 81 7 21 0.013417654 
987 151 9 15 0.0134065915 
902 217 113 115 0.013350688 
760 395 5 10 0.013340048 
972 559 41 90 0.013311132 
644 627 7 31 0.013293988 
696 152 7 11 0.01326629 
478 654 7 20 0.0132540595 
362 285 6 20 0.013252457 
762 419 5 12 0.013242087 
182 433 8 32 0.013239694 
653 218 13 22 0.013236991 
656 174 8 12 0.013231448 
603 237 9 19 0.013224689 
645 120 9 17 0.013199063 
834 248 12 15 0.013189701 
657 120 9 18 0.013181896 
446 144 14 17 0.013171937 
602 219 10 24 0.013161169 
731 327 7 17 0.01315465 
128 713 10 14 0.01314989 
941 318 5 10 0.013147589 
299 138 7 13 0.013132217 
183 298 9 20 0.013123224 
929 165 42 53 0.013120109 
962 68 7 15 0.013118271 
827 347 4 9 0.013117289 
477 236 10 15 0.013114512 
956 203 43 54 0.013099875 
984 589 12 30 0.01309969 
315 127 4 9 0.013086714 
1001 21 8 13 0.013085483 
412 631 11 17 0.013066905 
682 229 11 23 0.013040347 
657 188 8 11 0.013018554 
43 792 6 9 0.012948019 
30 527 6 27 0.012947638 
117 356 9 35 0.0129125705 
115 678 14 32 0.012903747 
480 221 22 17 0.012874288 
971 234 14 16 0.012853693 
578 712 10 36 0.012846617 
463 124 8 13 0.012830621 
963 389 8 19 0.012818052 
888 295 7 8 0.012787317 
951 389 7 17 0.012778628 
736 644 5 23 0.012756377 
182 311 10 22 0.012720583 
605 314 5 11 0.012704155 
825 695 5 22 0.012688714 
551 219 9 27 0.012677126 
478 249 8 18 0.012662083 
773 393 5 12 0.012606062 
803 233 16 18 0.012592928 
990 301 10 17 0.012592416 
555 582 6 14 0.012578292 
116 711 10 16 0.012545435 
579 607 7 16 0.012543904 
617 130 11 21 0.012539618 
170 162 214 349 0.0125181675 
285 135 9 14 0.012514961 
618 161 9 14 0.012509624 
941 356 4 6 0.01248826 
962 288 9 20 0.01246213 
437 627 10 20 0.012451308 
762 193 23 39 0.012436136 
439 610 6 13 0.0124347415 
827 358 3 7 0.012422147 
812 696 5 22 0.012419697 
498 232 14 21 0.012415615 
167 321 13 29 0.012410675 
903 346 4 7 0.012394352 
1000 229 12 26 0.012391053 
540 208 10 17 0.012366174 
504 84 7 14 0.012360328 
451 81 10 19 0.012355363 
964 693 6 25 0.01235459 
791 236 15 16 0.012352645 
988 287 12 21 0.012344167 
747 430 55 70 0.012341448 
344 175 13 30 0.012314925 
594 137 7 13 0.012290508 
131 726 7 12 0.012284962 
932 157 14 21 0.012282649 
323 767 8 10 0.012271918 
232 658 11 35 0.012251312 
18 788 5 15 0.0122342445 
878 696 5 21 0.012223968 
279 167 25 78 0.012212251 
385 116 50 47 0.012211198 
107 323 7 17 0.01220957 
133 534 6 12 0.012187174 
895 190 36 44 0.012180797 
945 258 14 23 0.012169639 
594 94 8 20 0.012167499 
942 726 4 13 0.012163283 
32 321 7 28 0.012153787 
667 132 10 17 0.012153712 
29 206 7 26 0.012145809 
655 131 11 19 0.01214229 
439 96 9 15 0.012133171 
770 280 9 25 0.012131137 
849 5 6 17 0.012127937 
996 317 13 32 0.012102062 
845 292 9 11 0.0121007385 
434 641 12 22 0.012093809 
451 125 8 12 0.012089629 
913 317 5 9 0.012064112 
65 604 10 44 0.012042144 
1000 776 7 14 0.012034794 
731 214 38 61 0.012032028 
630 174 9 12 0.012024888 
877 709 5 20 0.012005734 
953 335 5 7 0.011998157 
635 739 5 13 0.01199528 
619 594 6 15 0.011987066 
152 337 16 42 0.011983824 
172 493 6 19 0.011977744 
39 333 9 28 0.011929537 
628 130 12 21 0.011907367 
452 641 8 19 0.011895436 
941 369 5 8 0.011883761 
956 245 15 20 0.011852166 
538 133 10 16 0.011842787 
530 800 6 14 0.01183597 
939 383 5 10 0.0118347425 
658 655 7 29 0.011803149 
584 257 5 11 0.011787281 
973 52 10 19 0.011765496 
951 556 43 67 0.011739222 
542 801 6 13 0.011722366 
930 347 4 6 0.011722329 
960 612 11 25 0.011697567 
530 721 5 17 0.011690866 
836 261 10 14 0.011673232 
617 126 53 73 0.011640156 
682 310 10 24 0.011631487 
974 287 11 22 0.011630583 
55 116 8 30 0.011625238 
849 682 6 23 0.011603213 
614 249 10 20 0.011588811 
1000 289 11 19 0.011585518 
687 82 38 75 0.01158377 
654 158 10 16 0.0115761515 
325 276 9 20 0.011555263 
321 775 11 12 0.011539208 
618 765 7 10 0.011524157 
584 305 5 11 0.011521544 
847 150 42 53 0.011520981 
997 111 14 33 0.0115171615 
779 66 35 74 0.011505546 
642 131 12 19 0.011496721 
426 97 7 15 0.0114725325 
788 724 5 18 0.011461204 
606 418 6 15 0.011458459 
620 776 6 11 0.011449433 
143 365 28 86 0.01144845 
625 262 13 19 0.01144756 
617 602 8 20 0.011432886 
975 684 6 18 0.0114324875 
760 80 7 23 0.011413577 
587 205 12 25 0.01138046 
878 725 4 16 0.011356109 
953 317 5 11 0.011345941 
923 399 34 80 0.011340079 
567 606 7 16 0.011321971 
594 800 6 13 0.011317286 
1003 8 7 11 0.0113125695 
426 608 9 18 0.0113068335 
115 383 12 49 0.011305097 
988 60 35 85 0.011297264 
689 218 32 60 0.011290869 
52 254 11 25 0.011289117 
658 101 46 77 0.011280637 
682 148 7 13 0.011271205 
16 801 5 20 0.011268464 
915 30 5 19 0.011268385 
852 89 38 56 0.011260848 
976 347 5 9 0.011259744 
775 230 44 51 0.011254766 
442 595 5 13 0.011248612 
862 6 6 17 0.011247276 
989 42 9 17 0.0112244915 
918 104 33 58 0.011219269 
961 627 11 28 0.011192999 
258 109 8 17 0.011191046 
694 97 9 20 0.01116916 
357 128 37 56 0.011166043 
51 607 11 40 0.011163925 
437 138 11 13 0.011153477 
945 136 16 33 0.011153256 
642 172 10 14 0.0111487545 
951 73 29 63 0.011147977 
746 431 5 12 0.011144835 
721 96 7 21 0.011137826 
476 138 11 15 0.011134191 
592 313 6 14 0.011129033 
847 258 17 17 0.011109125 
927 72 6 13 0.011104086 
707 96 8 21 0.011098161 
119 733 6 13 0.011071304 
490 137 10 14 0.01106467 
975 68 7 18 0.011055664 
646 738 5 14 0.011044043 
70 533 6 15 0.011038805 
746 419 4 12 0.011037942 
477 668 7 20 0.011036025 
986 568 11 15 0.011033726 
635 722 5 22 0.011029066 
938 73 7 12 0.011011749 
6 762 8 10 0.011007325 
906 275 13 17 0.011003691 
43 117 8 28 0.010997331 
12 435 8 67 0.010945879 
837 696 6 21 0.010939427 
118 304 34 71 0.010937013 
728 662 285 322 0.010927393 
327 183 6 18 0.01092499 
532 737 4 13 0.01090904 
564 197 40 76 0.010882886 
566 583 6 13 0.010882595 
654 144 11 17 0.010880193 
1012 316 13 31 0.010873657 
990 78 8 23 0.010870186 
949 160 13 20 0.010863507 
928 335 5 8 0.010816162 
413 98 7 15 0.010810949 
140 397 13 45 0.010802819 
580 239 8 18 0.010782807 
826 301 5 15 0.010777987 
572 284 4 7 0.010764878 
917 346 4 7 0.010740612 
941 335 5 7 0.01073811 
865 210 39 47 0.010727068 
602 101 43 74 0.010703271 
616 96 10 21 0.0106860325 
841 75 105 86 0.010678201 
902 16 5 19 0.0106757535 
838 315 4 12 0.010668231 
317 620 45 44 0.01063737 
953 663 5 14 0.010609354 
606 134 8 16 0.010607057 
952 646 5 18 0.010594823 
826 315 4 14 0.010569481 
960 141 12 25 0.010552511 
930 711 4 17 0.010524865 
721 348 6 19 0.010523435 
698 722 5 22 0.010510414 
869 269 14 14 0.010499103 
782 150 42 47 0.01049623 
928 382 5 11 0.0104741845 
990 336 7 18 0.010432121 
668 145 9 15 0.010427781 
915 335 5 7 0.010411959 
272 692 8 27 0.010393297 
97 314 5 16 0.010389457 
990 202 35 60 0.0103889415 
872 97 38 46 0.010376533 
509 229 15 30 0.010371082 
923 262 11 17 0.0103710005 
1002 188 33 52 0.010316003 
989 50 11 23 0.010315873 
908 381 11 12 0.010314174 
1015 777 7 14 0.010308475 
501 245 10 21 0.010295738 
944 432 18 39 0.010292604 
787 644 6 26 0.01027941 
62 150 25 66 0.010262455 
807 65 33 73 0.0102284625 
234 205 7 27 0.010213373 
829 204 18 21 0.010201877 
566 594 7 16 0.01017222 
706 345 7 23 0.010149608 
413 596 6 13 0.010129986 
823 67 8 25 0.010126453 
836 4 7 18 0.010126075 
306 686 14 37 0.010122323 
566 96 7 16 0.0101176435 
764 216 17 27 0.010101391 
899 317 6 8 0.010093254 
292 179 25 80 0.0100928405 
414 606 9 17 0.010092706 
939 606 6 21 0.010073973 
619 722 6 24 0.010072936 
342 636 298 228 0.010062861 
117 670 8 20 0.01005478 
28 307 8 30 0.010047634 
