54_Rescue_rescuepeople_54_325
3313
366 155 71 105 0.9981395 
555 298 56 79 0.925407 
613 241 75 98 0.8844519 
146 278 58 65 0.85554695 
855 231 87 86 0.826026 
64 150 86 99 0.59983134 
596 309 38 55 0.59500253 
577 263 78 87 0.53269315 
644 222 80 99 0.38285348 
841 326 21 41 0.37847286 
57 348 171 138 0.29249752 
805 96 18 29 0.2894118 
575 139 16 26 0.2869335 
583 140 18 29 0.22456151 
264 205 25 35 0.20909785 
1011 306 15 24 0.2007402 
872 190 92 81 0.17870228 
89 197 50 71 0.1696066 
231 271 29 32 0.16810933 
30 243 95 91 0.15844634 
524 194 10 18 0.15405573 
286 286 23 47 0.14993283 
599 142 17 26 0.1410955 
514 392 10 15 0.12972149 
190 183 13 23 0.12684718 
260 246 73 102 0.12675153 
185 182 11 18 0.12584272 
121 139 89 92 0.12008978 
761 442 128 200 0.11791902 
957 283 18 24 0.11521375 
232 216 76 95 0.114614904 
626 137 11 15 0.11063254 
171 285 85 99 0.11036432 
771 249 82 99 0.10891489 
218 458 15 28 0.10869153 
894 45 17 22 0.10793494 
923 22 9 12 0.106528684 
190 235 79 82 0.1043896 
414 583 56 87 0.103848435 
36 505 11 19 0.10274723 
182 606 10 20 0.09898489 
908 34 10 13 0.09855829 
173 333 99 111 0.09721998 
839 224 41 87 0.0963267 
508 253 127 135 0.096212655 
859 61 9 13 0.09607724 
22 256 37 65 0.09454522 
700 371 81 104 0.0943679 
468 422 19 37 0.09403258 
202 188 13 26 0.093926735 
215 476 14 28 0.09369601 
868 444 88 101 0.092345975 
217 43 17 16 0.0920435 
250 360 15 24 0.091732785 
215 283 90 115 0.09055311 
765 295 16 27 0.090049185 
187 564 14 21 0.0897412 
490 400 12 20 0.08874364 
111 233 21 38 0.08861183 
645 135 9 15 0.087701164 
653 449 15 28 0.08526362 
728 319 78 107 0.08469226 
485 551 11 25 0.082901075 
860 69 9 14 0.08253927 
214 346 12 21 0.08233113 
782 166 14 24 0.08164741 
824 267 82 90 0.08043499 
719 247 11 22 0.080029726 
781 439 8 16 0.079159245 
41 497 8 11 0.07900133 
163 173 16 23 0.07887127 
297 438 13 23 0.07866721 
523 393 9 15 0.07839761 
873 70 9 14 0.0777458 
651 275 81 110 0.07749418 
457 422 17 32 0.07733652 
905 43 15 19 0.07732158 
799 331 23 39 0.07665106 
652 136 9 15 0.07647464 
511 398 14 22 0.076001994 
492 420 18 38 0.07559482 
801 174 123 160 0.07553426 
603 139 11 14 0.074692406 
406 458 15 30 0.07381368 
71 272 111 86 0.073795415 
610 144 13 21 0.072870076 
815 608 259 298 0.07257665 
967 284 14 20 0.071574755 
33 511 18 31 0.07146901 
-39 666 300 292 0.07062407 
769 134 13 19 0.07055112 
226 363 16 24 0.07045864 
210 411 80 96 0.0703854 
728 249 10 18 0.07024244 
931 474 22 34 0.07015576 
773 307 77 92 0.06996188 
357 172 12 24 0.06951339 
279 198 17 25 0.068949044 
903 474 90 89 0.06863026 
382 503 13 23 0.06845404 
512 383 8 12 0.0680487 
125 198 81 96 0.06782286 
14 218 10 28 0.06695043 
514 131 9 21 0.06649592 
918 64 15 29 0.066485025 
480 348 87 99 0.06615855 
841 545 204 146 0.06610727 
118 167 26 38 0.06602975 
149 169 20 30 0.06591011 
55 69 21 21 0.06563179 
126 159 36 60 0.0651716 
47 538 19 35 0.0649397 
45 265 49 54 0.064920895 
209 340 12 21 0.06482538 
288 269 19 32 0.06456836 
688 322 75 106 0.06444279 
226 451 16 31 0.06404799 
922 43 11 16 0.06397301 
902 36 8 13 0.0639066 
259 541 12 23 0.06389799 
619 138 9 13 0.06333844 
899 449 23 29 0.06306592 
146 227 19 29 0.06302205 
1012 233 12 24 0.062653646 
819 431 89 113 0.062234156 
177 614 12 23 0.06220213 
723 154 17 29 0.061716776 
540 198 9 16 0.06153091 
857 82 10 16 0.06116262 
684 160 7 15 0.06108311 
310 164 9 13 0.060759142 
669 145 8 15 0.060672794 
882 103 12 26 0.06047293 
178 508 15 27 0.060280245 
772 123 9 14 0.059852354 
726 260 81 108 0.059666634 
145 242 21 30 0.059551317 
923 30 10 15 0.05894533 
370 468 10 15 0.05893871 
954 482 26 42 0.058860634 
32 500 6 10 0.0588421 
488 413 12 25 0.058743432 
187 605 12 20 0.0585633 
963 280 11 15 0.05839776 
854 94 12 20 0.058024786 
727 257 12 22 0.05755117 
449 88 11 30 0.0575105 
898 405 84 104 0.05741145 
207 463 10 20 0.05722792 
43 77 48 53 0.057136342 
775 296 15 26 0.057095803 
500 128 10 27 0.05707045 
374 504 10 21 0.056732137 
782 433 7 14 0.05669844 
502 378 10 14 0.05650845 
348 68 7 27 0.056406047 
5 558 190 130 0.056247048 
348 531 8 20 0.056132436 
524 145 11 21 0.055625428 
32 505 9 15 0.055484824 
873 115 11 23 0.055410977 
290 207 13 22 0.055301957 
962 66 15 25 0.055231076 
216 589 14 21 0.055170417 
146 161 41 56 0.055097554 
897 239 90 98 0.055060536 
369 477 12 21 0.05494388 
183 598 9 15 0.054680176 
283 269 14 26 0.05460752 
1001 323 10 19 0.05445984 
670 138 7 13 0.054341987 
207 205 12 24 0.054327838 
801 295 16 25 0.05427551 
259 414 74 93 0.054183543 
262 489 17 27 0.054029282 
728 273 13 22 0.05402089 
276 187 69 101 0.053944435 
570 431 102 121 0.05374209 
541 210 10 18 0.053541318 
753 145 13 19 0.0534303 
229 352 12 19 0.05341579 
487 391 13 21 0.053409033 
217 7 12 15 0.05334002 
346 504 10 22 0.05313465 
524 134 9 18 0.053117253 
397 122 77 116 0.05279144 
718 239 10 17 0.05278431 
126 606 12 14 0.05268945 
313 271 82 133 0.052558728 
923 111 9 17 0.052459687 
971 279 11 14 0.052404266 
551 199 8 14 0.05239006 
201 5 17 20 0.05222566 
617 294 44 76 0.052137554 
779 135 12 19 0.051751554 
14 57 7 19 0.051745564 
336 64 7 31 0.051724233 
470 387 15 27 0.051708393 
245 354 12 18 0.051699184 
292 198 11 19 0.05161351 
13 523 12 27 0.051542196 
652 365 86 113 0.051461995 
181 578 10 15 0.05122366 
838 348 21 36 0.050862554 
513 143 10 24 0.050841644 
487 127 11 28 0.05082301 
137 255 23 32 0.050786816 
645 127 7 11 0.050657447 
226 471 14 27 0.05055016 
229 358 85 114 0.050527908 
432 177 14 34 0.050422333 
487 314 9 18 0.050393056 
15 197 8 23 0.050342396 
609 163 17 36 0.050275393 
879 113 13 28 0.050191015 
574 277 13 17 0.05008899 
547 276 16 21 0.050071772 
998 335 12 21 0.050064255 
294 219 12 23 0.050033275 
895 90 12 25 0.049972832 
778 309 15 29 0.049835276 
194 598 8 14 0.049763482 
688 514 14 24 0.04970248 
882 303 93 89 0.049577404 
264 564 16 27 0.049400073 
395 538 15 29 0.049385794 
13 40 8 24 0.049373332 
743 596 9 15 0.049317595 
362 517 8 22 0.04930791 
422 83 11 24 0.049284022 
344 441 10 16 0.04919264 
201 539 11 21 0.049145583 
457 87 12 30 0.0491009 
249 284 21 24 0.04891665 
451 413 13 20 0.0489108 
475 170 9 18 0.0488409 
752 607 16 23 0.048799768 
374 493 9 18 0.04875596 
362 81 7 23 0.048732504 
874 63 8 11 0.048652135 
78 -16 11 34 0.048595 
957 248 11 20 0.048582587 
809 73 8 13 0.048522938 
883 80 10 19 0.04846004 
809 319 87 93 0.04834896 
523 204 13 21 0.048313 
361 503 9 21 0.04826488 
551 210 10 17 0.048253786 
474 414 14 26 0.04813743 
14 106 8 21 0.047929257 
591 506 51 80 0.047879636 
98 557 15 17 0.047826678 
746 146 12 17 0.047671992 
320 165 8 12 0.047640383 
948 248 11 21 0.047384962 
15 96 7 19 0.047370177 
438 -8 106 101 0.047333505 
420 484 16 33 0.04730156 
489 409 147 177 0.046887007 
868 580 17 23 0.046858884 
241 536 13 24 0.046823204 
362 69 7 22 0.046757564 
832 95 10 18 0.04646236 
295 605 11 23 0.046457693 
343 451 14 22 0.046382282 
90 -16 13 34 0.04624113 
318 172 11 15 0.046036586 
256 297 15 21 0.046010602 
294 162 13 16 0.04599315 
797 427 8 17 0.045979947 
892 459 22 28 0.045951203 
524 156 11 22 0.04587507 
502 119 9 22 0.04585399 
518 600 21 35 0.045846827 
321 506 9 21 0.04580608 
86 555 18 18 0.04579396 
15 85 7 18 0.045773815 
547 630 12 23 0.045710508 
683 150 7 12 0.04558659 
9 153 14 31 0.045579493 
458 398 14 24 0.04552965 
215 321 16 29 0.04546701 
372 514 11 23 0.045462355 
765 261 14 22 0.045461692 
951 429 84 98 0.045368902 
180 169 93 102 0.0452567 
947 144 9 22 0.04525544 
947 29 12 22 0.045093782 
726 147 16 20 0.045075487 
677 459 13 24 0.04507471 
949 10 8 12 0.04501215 
937 107 9 18 0.044981718 
338 121 6 20 0.04495137 
806 258 11 21 0.044928245 
820 85 11 17 0.044904992 
294 590 14 28 0.0448774 
1005 312 9 17 0.044870768 
562 606 10 23 0.044826563 
250 373 17 26 0.04481962 
461 259 10 19 0.044800296 
482 3 17 19 0.04467314 
806 86 13 20 0.044621933 
747 138 8 11 0.044532996 
488 373 13 23 0.044438154 
349 123 6 17 0.04430836 
338 506 7 18 0.04429991 
1014 290 13 21 0.044265192 
477 554 11 23 0.044258226 
667 157 11 21 0.04423727 
875 79 9 17 0.044194225 
199 54 21 24 0.044165283 
824 74 8 12 0.043958254 
777 438 7 15 0.04393645 
54 15 8 25 0.04389847 
915 24 8 12 0.04388315 
475 119 10 24 0.043838654 
199 284 21 30 0.04378761 
765 273 15 23 0.043721277 
267 186 16 22 0.04371977 
456 396 89 101 0.043685008 
362 478 10 19 0.043640077 
782 146 11 17 0.04363561 
832 158 15 25 0.043603543 
533 422 19 29 0.04358909 
67 15 9 25 0.043560192 
717 515 12 18 0.043546125 
614 322 78 120 0.04352826 
882 70 11 17 0.04347932 
102 -15 13 32 0.04338643 
577 164 133 184 0.043372903 
702 235 16 23 0.043288864 
835 85 9 13 0.043278754 
179 559 16 21 0.043253794 
501 8 11 14 0.043182988 
792 162 11 17 0.043155625 
214 206 12 26 0.043123 
690 621 15 19 0.04309265 
833 104 11 19 0.043065824 
739 310 13 24 0.043045875 
735 411 24 33 0.043017447 
65 -14 10 30 0.042933762 
13 179 10 26 0.042917795 
520 189 8 16 0.042913906 
291 394 14 31 0.04285434 
349 89 8 27 0.042836156 
182 189 13 25 0.04283319 
545 408 51 83 0.042775676 
597 427 15 30 0.042722378 
566 280 11 14 0.042646363 
30 -187 227 145 0.042641092 
985 334 12 24 0.042625405 
105 360 25 28 0.042546935 
367 281 18 36 0.042499386 
361 529 9 21 0.042456757 
310 171 11 16 0.042443294 
678 212 12 19 0.042420793 
283 163 11 15 0.04238559 
742 262 11 17 0.042375702 
185 498 17 33 0.042331327 
914 119 8 19 0.042269543 
305 431 11 21 0.042194843 
885 93 12 24 0.042188883 
257 338 12 20 0.042142667 
948 282 17 27 0.04213161 
827 508 97 121 0.04211212 
345 464 11 18 0.041993517 
490 263 9 16 0.041975338 
123 414 109 108 0.041938893 
13 412 9 26 0.041911516 
346 492 10 19 0.04184911 
361 493 9 19 0.041840065 
499 551 11 24 0.04168249 
1015 245 9 20 0.04167253 
307 398 11 26 0.041644078 
85 530 16 19 0.041570283 
933 19 10 13 0.04149965 
248 5 18 20 0.041469604 
54 0 9 27 0.041394264 
364 517 141 178 0.041330423 
264 346 14 27 0.041327644 
515 696 339 257 0.04127367 
295 577 12 22 0.04124795 
100 381 63 70 0.041231584 
404 538 16 32 0.041132092 
15 71 7 18 0.04108183 
836 75 7 11 0.04101722 
940 144 8 20 0.040975843 
197 530 10 18 0.04097502 
525 123 8 17 0.040929135 
619 602 20 35 0.04089226 
14 121 9 20 0.0408444 
691 159 9 17 0.040785667 
119 648 26 22 0.04076514 
768 590 11 20 0.040701944 
231 148 10 16 0.04070052 
935 31 11 18 0.04068402 
346 479 10 18 0.040609606 
19 593 8 19 0.04055409 
912 129 8 23 0.04054875 
1011 332 13 23 0.04044973 
950 16 9 15 0.040318124 
756 139 10 13 0.0402985 
805 271 12 21 0.040255338 
541 221 10 17 0.04020732 
801 309 16 27 0.04020721 
539 189 9 16 0.040194508 
513 105 9 22 0.040189303 
720 150 10 14 0.040172245 
60 373 19 31 0.040168907 
528 66 8 22 0.0400946 
323 52 8 30 0.040092036 
551 619 10 18 0.040014338 
515 158 8 21 0.039942965 
309 50 9 32 0.039903186 
19 499 6 11 0.039882883 
855 386 12 23 0.039879344 
850 72 8 12 0.039838366 
79 14 10 27 0.039837115 
6 -185 73 106 0.03978493 
363 468 9 14 0.039783858 
653 194 11 17 0.039767448 
937 119 9 18 0.039747078 
803 352 15 27 0.039720844 
855 373 12 22 0.039720286 
485 342 12 25 0.039685782 
988 328 10 18 0.03967537 
513 295 10 21 0.039521463 
950 157 8 19 0.03950494 
394 285 12 23 0.039446387 
576 222 10 20 0.039436337 
814 235 42 77 0.039431076 
538 145 11 21 0.039411187 
796 288 11 18 0.03939432 
463 387 13 24 0.039370824 
474 637 8 13 0.03933342 
836 291 33 63 0.039327387 
265 510 16 26 0.03931951 
861 51 7 12 0.039308812 
345 541 13 29 0.039231442 
14 389 8 22 0.039229285 
144 249 44 52 0.039198052 
654 143 9 16 0.03913838 
243 147 10 17 0.039115787 
534 469 45 94 0.039086796 
778 120 12 19 0.039082773 
397 336 9 17 0.0390765 
15 377 7 19 0.0390666 
525 175 9 17 0.039042227 
446 117 11 25 0.039041672 
893 439 19 29 0.038998295 
501 391 11 17 0.038997464 
571 286 18 25 0.03899321 
687 626 22 31 0.038932435 
384 494 10 19 0.038824722 
192 580 11 17 0.03872906 
827 593 17 22 0.038708348 
527 94 8 20 0.038689263 
539 273 16 25 0.038687438 
937 160 9 18 0.038670577 
667 368 13 29 0.038668253 
805 492 17 37 0.03865675 
112 319 20 26 0.03864541 
508 408 15 25 0.03863914 
835 118 10 18 0.03859596 
261 549 17 26 0.03853994 
840 157 15 25 0.038538013 
273 164 9 14 0.03849345 
294 378 11 22 0.038474336 
353 174 8 16 0.038411364 
503 371 7 12 0.03839892 
227 593 12 20 0.0383936 
692 213 10 18 0.038338583 
816 364 81 113 0.038311645 
733 312 9 20 0.038310625 
282 189 13 20 0.038305327 
588 274 12 18 0.03828637 
513 91 10 24 0.03823687 
459 102 12 29 0.038232412 
855 357 15 26 0.038134195 
960 28 10 22 0.038125753 
767 169 13 24 0.038082246 
926 162 8 16 0.038079973 
259 500 13 20 0.03803947 
435 93 11 25 0.0380199 
218 149 11 16 0.03800431 
800 86 8 14 0.03795234 
792 308 16 30 0.037897587 
700 621 14 18 0.037880093 
85 615 19 22 0.037850376 
758 262 11 18 0.037814196 
230 365 40 60 0.037802245 
54 492 9 17 0.03776126 
733 137 9 12 0.037670013 
795 358 11 21 0.03762085 
224 33 18 18 0.037617836 
686 164 85 108 0.03750974 
486 272 13 24 0.03743145 
52 502 11 20 0.037420563 
918 593 19 26 0.0374015 
924 91 10 20 0.03737647 
731 530 12 22 0.037352 
690 407 18 38 0.037300516 
432 304 89 126 0.03727409 
374 107 9 22 0.037258465 
813 644 23 25 0.037238337 
852 61 7 12 0.03721349 
226 336 14 23 0.03718383 
938 95 8 19 0.03710982 
848 106 10 17 0.03710774 
720 608 9 14 0.037103415 
25 593 10 19 0.037081096 
693 152 7 12 0.037023142 
643 144 9 15 0.037020683 
207 593 11 16 0.036972333 
896 372 54 61 0.036944497 
593 263 11 18 0.03693423 
386 325 11 21 0.03688571 
205 553 10 20 0.036850635 
1 147 10 21 0.036832325 
337 516 8 19 0.036823045 
98 308 19 25 0.036822144 
395 515 13 23 0.03682125 
580 128 9 12 0.036757022 
59 61 15 18 0.036626324 
30 250 25 36 0.036578245 
696 394 38 69 0.036492024 
412 81 10 22 0.03649091 
897 116 9 24 0.03647532 
567 222 8 18 0.03646992 
242 460 12 23 0.036432415 
784 360 11 20 0.03639995 
857 134 11 21 0.03638701 
359 165 10 17 0.036374792 
630 129 8 11 0.036370367 
638 426 13 23 0.036322262 
303 446 14 25 0.036267117 
552 91 10 25 0.036237344 
211 460 34 63 0.03623101 
974 326 11 20 0.03611309 
729 239 10 17 0.036098987 
337 531 8 19 0.036055848 
212 295 19 28 0.036042638 
666 396 12 28 0.0360262 
808 251 10 17 0.03599414 
977 174 7 16 0.03596036 
515 173 8 18 0.03591029 
113 -12 15 27 0.0358561 
87 545 14 15 0.035843734 
2 210 7 22 0.03578409 
385 527 12 23 0.035704393 
247 138 7 14 0.03569382 
549 220 11 19 0.035662312 
934 67 11 22 0.035642337 
435 3 11 17 0.03561252 
305 589 13 26 0.035611283 
267 293 14 27 0.03559734 
235 451 85 107 0.035582326 
2 165 136 141 0.035581145 
962 238 8 15 0.03551758 
169 594 9 15 0.03549763 
133 60 102 102 0.035497464 
913 144 8 20 0.03549266 
740 275 11 19 0.03547969 
318 632 14 20 0.035459522 
486 171 10 20 0.035445444 
527 383 7 12 0.03541731 
475 143 8 20 0.035413045 
295 232 12 22 0.0354016 
513 370 7 12 0.035397522 
863 334 18 26 0.03537744 
337 492 7 17 0.03533183 
526 39 168 176 0.03532108 
498 562 12 29 0.03532031 
503 158 8 19 0.035305757 
868 349 14 23 0.03527233 
226 582 12 21 0.035268873 
204 319 15 27 0.035264198 
122 616 18 20 0.035251047 
309 541 11 23 0.03521276 
785 449 7 17 0.035195656 
850 85 7 13 0.035190996 
349 106 6 22 0.035184547 
778 288 13 20 0.03517757 
527 106 8 20 0.035138506 
871 360 13 21 0.035111416 
680 138 7 12 0.03510037 
769 161 10 17 0.035070818 
759 290 12 18 0.035056457 
422 307 12 24 0.035015844 
498 64 13 27 0.035013042 
179 275 42 59 0.03498285 
977 185 9 18 0.034976736 
929 498 107 100 0.034969833 
39 608 10 19 0.03492557 
561 285 18 24 0.034864027 
166 164 12 14 0.03482232 
309 529 10 20 0.034804936 
661 591 20 33 0.034759637 
569 142 13 23 0.034723643 
48 516 12 24 0.034721337 
411 285 9 20 0.034703463 
627 156 11 21 0.034638114 
729 332 13 27 0.034634884 
207 445 10 18 0.03460491 
178 627 13 26 0.034590643 
228 295 18 21 0.034585986 
819 298 14 22 0.03458317 
879 359 14 23 0.034564316 
274 137 7 14 0.03454647 
878 577 16 24 0.034542564 
49 609 52 67 0.03453597 
265 333 15 25 0.034529593 
511 78 11 25 0.0345183 
259 515 12 20 0.034482837 
259 188 12 17 0.034459617 
590 234 11 23 0.03444095 
541 106 8 20 0.034423348 
445 179 12 28 0.03442029 
875 49 7 12 0.034420095 
898 162 9 15 0.03441839 
130 125 11 17 0.034332704 
757 597 11 16 0.03431521 
473 643 9 15 0.034313165 
1003 237 8 17 0.034294937 
462 118 9 23 0.03428298 
224 320 17 27 0.03426984 
920 439 14 23 0.034266543 
315 324 160 250 0.03422423 
363 107 7 20 0.034197398 
845 120 10 18 0.03418666 
527 79 8 22 0.034099042 
480 313 8 18 0.0340939 
463 265 92 114 0.034014072 
500 272 11 19 0.033994302 
540 94 8 21 0.033977743 
927 207 23 28 0.033974197 
687 500 15 24 0.033972163 
213 192 13 23 0.0339482 
162 220 13 23 0.033945587 
946 438 11 19 0.033940826 
276 223 19 33 0.03392182 
260 137 7 15 0.033880696 
948 236 10 21 0.033831768 
805 144 13 20 0.033815358 
537 586 13 25 0.033811595 
513 260 10 18 0.033797555 
180 717 11 30 0.03378718 
480 503 17 42 0.03370447 
474 275 12 23 0.03368517 
12 2 10 27 0.033672336 
327 508 81 119 0.033648103 
679 477 11 22 0.033641722 
298 647 9 17 0.033633042 
273 175 9 13 0.03360841 
1010 345 14 27 0.033485025 
552 313 96 119 0.03348295 
831 307 19 34 0.03347023 
706 159 9 15 0.03346668 
841 368 17 29 0.033416886 
850 96 9 16 0.03339802 
944 467 16 26 0.03339194 
120 607 10 12 0.03339097 
402 455 11 21 0.033375844 
515 248 9 18 0.033363342 
217 541 12 22 0.03336102 
14 249 11 23 0.033337817 
464 170 9 20 0.03331689 
1003 248 7 15 0.03327629 
688 222 16 24 0.033274096 
160 230 17 27 0.033262562 
148 481 16 16 0.033251714 
796 439 9 18 0.033251606 
436 81 10 23 0.033197362 
169 618 12 22 0.03314647 
487 161 9 18 0.033145554 
926 13 7 10 0.033131965 
118 632 23 21 0.033117495 
150 -6 15 16 0.033113662 
134 477 22 21 0.03311293 
959 263 10 15 0.03309379 
420 437 13 24 0.0330687 
935 78 11 22 0.033060316 
396 504 12 22 0.033052836 
179 170 34 54 0.033045463 
450 361 12 23 0.03304307 
396 328 9 17 0.033025164 
99 130 19 25 0.033019494 
786 98 8 13 0.032987345 
473 180 12 23 0.032940168 
139 -9 17 20 0.032936044 
26 207 11 26 0.03293239 
307 513 12 24 0.03292759 
548 575 16 33 0.0329173 
182 165 10 13 0.032907326 
510 552 11 25 0.032901976 
239 295 20 22 0.03288517 
757 157 12 22 0.032872546 
717 225 10 17 0.032867245 
208 585 10 15 0.032769408 
795 145 11 18 0.032767862 
67 597 8 12 0.032726303 
733 495 10 15 0.03271744 
699 434 93 127 0.032682538 
52 480 9 17 0.032674514 
394 654 16 23 0.03265536 
312 633 10 16 0.032630377 
564 388 12 21 0.03261248 
940 134 8 18 0.03260854 
194 707 10 25 0.032564964 
744 251 8 15 0.032559708 
491 368 8 16 0.0325567 
321 17 12 20 0.032529097 
871 414 9 23 0.032528624 
231 7 14 14 0.032518923 
383 294 13 26 0.032514166 
854 301 16 40 0.03250823 
653 127 8 12 0.03250699 
45 487 6 12 0.032480266 
323 493 8 18 0.032467052 
256 526 13 26 0.03246015 
31 283 54 73 0.032426797 
560 575 13 31 0.03242611 
796 259 12 22 0.032398015 
1017 263 8 17 0.032390606 
796 132 11 19 0.03232148 
501 78 11 24 0.03229662 
498 320 11 24 0.03229611 
899 127 10 26 0.032271553 
202 173 17 25 0.03226994 
321 26 11 27 0.03226549 
988 25 12 31 0.032234002 
278 426 16 26 0.032220148 
495 442 18 34 0.032192037 
414 53 8 23 0.032185633 
511 309 11 22 0.032177184 
409 484 14 29 0.032172825 
782 111 10 14 0.032074746 
643 159 8 17 0.03205814 
258 194 15 24 0.03205635 
424 66 10 23 0.032055315 
886 450 42 56 0.03204943 
465 161 8 17 0.03204317 
190 618 10 17 0.03204061 
888 408 46 68 0.032039654 
791 -198 231 164 0.032035895 
318 394 13 31 0.032011356 
776 176 18 33 0.031956416 
504 184 9 20 0.03194622 
831 294 15 28 0.031923607 
252 16 15 17 0.031919576 
41 14 10 27 0.03191226 
384 104 12 28 0.031910934 
307 377 10 21 0.031882755 
793 589 55 55 0.031846568 
773 114 7 11 0.031827103 
287 137 6 14 0.031765725 
717 271 12 24 0.03176261 
636 410 16 30 0.0317581 
656 158 9 19 0.031691264 
195 47 46 60 0.031683493 
531 3 18 25 0.03167768 
412 311 10 19 0.031633455 
1016 277 10 18 0.031622477 
395 395 16 33 0.03158209 
652 412 12 25 0.031571727 
998 526 14 26 0.03151824 
13 134 11 22 0.031505767 
45 235 21 24 0.031479504 
311 625 9 15 0.031472087 
14 362 8 21 0.031445805 
703 225 13 20 0.031441476 
734 596 9 15 0.031407833 
552 74 11 30 0.031404663 
412 300 9 19 0.03136688 
1000 2 13 23 0.03135471 
909 88 11 23 0.031341862 
601 272 12 22 0.03133718 
521 474 161 206 0.031287555 
411 69 9 21 0.03128733 
500 0 11 10 0.031245947 
139 214 36 52 0.031216906 
290 244 16 27 0.031208362 
616 231 12 28 0.031188428 
551 188 9 16 0.03117563 
680 200 10 18 0.031155745 
796 451 8 18 0.031152738 
870 126 13 26 0.03112508 
364 123 6 16 0.031122243 
846 131 11 21 0.031116093 
691 481 10 18 0.031115815 
1014 401 12 24 0.031088786 
417 457 17 34 0.031069385 
498 642 14 21 0.031059245 
470 642 7 16 0.031059198 
308 412 11 23 0.03104721 
940 209 16 22 0.031023057 
213 55 19 19 0.031018222 
91 14 11 27 0.030999191 
361 458 9 15 0.030990513 
870 372 12 22 0.030958693 
243 18 15 15 0.030950552 
539 618 12 21 0.030940328 
474 262 10 19 0.030930799 
924 147 7 17 0.030929646 
729 517 11 19 0.03090803 
336 636 12 15 0.030899037 
705 213 9 17 0.030849228 
201 468 7 13 0.030837864 
486 182 11 22 0.030831033 
481 62 20 30 0.030830583 
502 105 9 22 0.030821195 
306 220 66 99 0.030815199 
882 410 13 26 0.030810658 
306 606 11 21 0.03080808 
257 478 15 23 0.030778322 
913 160 8 17 0.030756794 
346 431 8 15 0.030724118 
371 460 8 13 0.030712316 
82 279 21 29 0.030709479 
27 399 10 25 0.03069782 
317 643 18 26 0.030664388 
1015 208 10 21 0.030632088 
640 385 14 34 0.030603815 
219 443 13 26 0.03059052 
57 619 20 29 0.030582573 
765 607 13 21 0.030580962 
423 428 11 18 0.03057716 
859 118 10 19 0.030560372 
932 449 13 20 0.030556427 
626 452 14 21 0.030544866 
917 548 18 37 0.030510254 
911 74 14 26 0.030495392 
59 430 17 33 0.03047509 
65 27 11 26 0.030464433 
410 439 13 24 0.030441 
423 323 11 22 0.030423429 
337 105 7 25 0.030412788 
591 128 9 12 0.030402575 
947 103 10 22 0.030369017 
1006 436 24 34 0.030368065 
41 398 11 26 0.030359386 
216 282 19 24 0.030356685 
1000 289 10 16 0.030323043 
95 130 45 62 0.03030439 
216 551 12 24 0.030281404 
164 5 17 20 0.030277751 
959 9 9 13 0.030270968 
959 398 12 23 0.030220123 
309 152 9 13 0.030218897 
794 344 16 27 0.030194404 
727 344 15 32 0.03015802 
915 108 8 20 0.030144462 
602 233 12 24 0.030138865 
651 396 12 28 0.030118845 
720 478 10 15 0.0300974 
336 89 7 30 0.0300955 
963 223 8 16 0.03004087 
661 458 15 27 0.030007368 
542 122 8 17 0.029992402 
565 151 14 29 0.029985666 
245 478 11 19 0.029957872 
68 81 24 31 0.029928323 
796 276 10 16 0.029921262 
830 365 19 34 0.029919725 
739 330 14 28 0.029915638 
198 254 22 34 0.02991406 
338 603 20 28 0.029912071 
164 624 15 28 0.029859995 
663 196 14 19 0.029859733 
760 297 37 68 0.02982439 
202 16 14 18 0.029787242 
664 186 12 19 0.029777393 
625 169 12 22 0.029769843 
334 38 9 29 0.029759748 
894 59 18 25 0.029747183 
563 71 12 32 0.029746301 
675 381 14 32 0.02974461 
387 285 12 25 0.029742694 
858 197 50 56 0.029709151 
205 47 17 17 0.029701035 
294 -4 13 14 0.029697903 
429 483 17 36 0.029682847 
12 304 14 31 0.029672718 
504 173 8 18 0.029661238 
217 528 12 22 0.02966075 
709 153 7 11 0.029660448 
473 249 11 18 0.029659277 
500 311 10 21 0.02965907 
964 173 7 16 0.029642435 
938 12 8 10 0.029640118 
783 347 12 22 0.02962888 
384 535 38 82 0.029614734 
343 634 15 18 0.0296114 
732 505 11 16 0.029601866 
923 131 8 20 0.029592285 
312 136 7 15 0.02958621 
886 162 10 15 0.02958023 
553 107 9 20 0.029526006 
544 153 85 127 0.029516933 
806 411 12 25 0.02949721 
278 2 16 21 0.029492242 
321 532 9 17 0.029485138 
324 121 7 22 0.0294808 
664 328 13 27 0.029478496 
959 16 9 19 0.029462982 
526 414 13 19 0.02945694 
218 18 14 16 0.029411722 
889 47 10 15 0.029410427 
739 285 14 22 0.029382477 
527 547 13 29 0.029379226 
618 522 26 32 0.02935826 
13 444 201 160 0.029355107 
612 592 17 23 0.029353123 
438 102 11 27 0.029320074 
260 123 8 18 0.029313121 
424 54 8 23 0.029299144 
230 21 13 14 0.029292513 
115 123 15 22 0.02928702 
170 720 9 24 0.029277757 
897 175 12 14 0.029273855 
553 146 10 19 0.029270926 
285 151 8 14 0.029270735 
718 468 10 17 0.029263524 
139 133 13 18 0.029261585 
337 174 9 14 0.029255657 
27 69 91 92 0.029255621 
203 566 12 20 0.029236361 
303 562 15 30 0.02922802 
759 275 11 17 0.029194241 
292 525 15 25 0.02918548 
358 471 80 126 0.029183034 
866 185 19 22 0.029182892 
964 188 7 14 0.029181872 
19 585 6 17 0.029176591 
822 286 11 20 0.029172283 
360 55 9 23 0.029166171 
491 646 9 14 0.029165545 
513 10 10 14 0.029085167 
267 316 88 138 0.029077118 
233 537 13 23 0.029066943 
181 221 11 20 0.029023265 
282 172 11 16 0.028993126 
807 464 45 77 0.028977938 
422 387 13 22 0.028976418 
34 108 52 93 0.028967462 
190 6 20 21 0.028963957 
186 258 21 28 0.028957777 
206 705 12 29 0.028951054 
374 70 7 19 0.028947342 
475 106 9 23 0.028947063 
234 139 7 14 0.02894355 
337 165 7 11 0.028937023 
17 509 7 13 0.028936796 
766 248 11 20 0.028935613 
182 205 11 21 0.028935537 
1011 427 16 27 0.028933948 
420 357 15 26 0.028933547 
294 360 12 23 0.02892941 
230 168 87 91 0.02892825 
617 246 14 30 0.028897043 
170 583 9 12 0.028872348 
863 586 9 13 0.028868105 
234 123 8 18 0.028865851 
302 269 16 29 0.028834144 
246 123 8 18 0.02879532 
37 533 17 36 0.028788788 
555 393 8 14 0.02876082 
750 414 15 23 0.028746072 
274 122 7 19 0.028744742 
502 91 9 22 0.02873424 
813 506 17 34 0.028730022 
778 276 13 19 0.028724115 
54 607 11 18 0.028685296 
446 142 12 26 0.028678428 
384 358 12 24 0.028672542 
320 572 14 32 0.028669098 
119 235 37 51 0.02866378 
744 606 16 21 0.028633706 
899 145 8 19 0.028609158 
1000 183 10 23 0.028597925 
246 522 8 14 0.02858506 
375 97 7 19 0.02858124 
872 389 9 18 0.028565641 
554 607 10 21 0.02855264 
509 600 18 31 0.02854845 
463 273 9 19 0.02854664 
383 309 11 22 0.028545825 
205 33 13 14 0.028539676 
1014 387 11 22 0.028530812 
623 459 20 31 0.028516492 
880 540 14 23 0.028513687 
500 264 9 16 0.028478036 
702 256 16 28 0.02847223 
815 335 17 28 0.028466322 
799 95 12 21 0.028466087 
180 424 156 199 0.028463656 
434 157 13 29 0.028443502 
375 82 7 19 0.028443353 
352 167 7 12 0.028437752 
587 477 11 21 0.028434306 
802 74 6 12 0.028423017 
422 285 10 20 0.028345762 
664 562 13 32 0.028323332 
730 580 11 20 0.028278243 
539 78 9 24 0.028277785 
908 602 18 25 0.028259942 
845 143 12 22 0.028256752 
163 190 15 25 0.028254313 
256 469 41 59 0.028235741 
786 87 7 13 0.028229378 
522 248 12 20 0.028224261 
349 136 6 15 0.028208528 
128 -10 15 23 0.028204633 
538 173 10 17 0.028201208 
215 565 13 22 0.028194278 
529 367 7 13 0.028193127 
871 402 9 19 0.028188257 
665 209 17 24 0.028184658 
461 181 11 22 0.028168613 
154 163 13 17 0.02815496 
692 169 9 20 0.02815154 
192 198 14 28 0.028146446 
464 146 8 19 0.028140234 
999 412 12 24 0.02813575 
986 184 10 21 0.02811751 
758 248 10 18 0.02810522 
873 572 11 17 0.028098036 
53 29 9 24 0.028093752 
867 321 14 23 0.028080031 
934 440 11 19 0.028076494 
715 333 14 27 0.02805991 
932 255 16 29 0.028037874 
682 170 8 18 0.028014118 
1000 278 9 15 0.028006852 
665 491 11 20 0.028003614 
177 525 13 20 0.02799867 
940 496 27 33 0.027965447 
670 127 7 12 0.02796369 
662 501 15 27 0.027955227 
164 205 13 22 0.027942045 
446 157 11 23 0.027939104 
552 157 11 21 0.02792267 
305 233 13 20 0.027903005 
976 238 8 14 0.027896063 
167 124 9 16 0.02787954 
1012 195 12 23 0.027865443 
1008 526 15 27 0.0278473 
499 460 13 28 0.027824564 
623 577 16 24 0.027815653 
488 105 9 22 0.027812326 
435 0 9 11 0.027801486 
267 321 15 24 0.02779289 
476 236 9 17 0.027756246 
306 358 11 25 0.027752496 
283 386 14 26 0.027739612 
372 527 12 23 0.027719904 
918 594 52 70 0.027719904 
536 604 14 25 0.027711798 
99 568 13 17 0.027708689 
12 332 12 30 0.027696904 
150 1 17 23 0.027676335 
565 212 8 16 0.027673338 
536 65 10 26 0.027671983 
351 181 11 20 0.027660426 
869 174 13 17 0.027638352 
341 553 21 45 0.027617775 
718 188 88 118 0.0276145 
215 492 15 27 0.027605472 
466 140 80 134 0.027583584 
541 136 8 17 0.027580934 
760 85 7 15 0.027564337 
646 114 6 11 0.02754953 
220 122 9 19 0.027505198 
623 405 82 130 0.027504526 
840 604 14 20 0.02750021 
204 428 11 19 0.027499763 
337 441 9 15 0.027498994 
161 245 21 30 0.027497403 
524 284 14 23 0.027485697 
220 140 9 14 0.02748105 
282 361 11 21 0.027480375 
634 461 19 30 0.027478375 
651 426 12 24 0.02745635 
834 186 12 18 0.027448341 
524 296 12 23 0.027445273 
488 250 10 16 0.027430743 
251 498 38 68 0.027410325 
56 598 8 12 0.027407348 
855 206 20 27 0.02739267 
438 117 10 25 0.027390955 
547 477 17 24 0.027368091 
217 516 11 19 0.027343724 
538 403 11 17 0.027328555 
357 539 13 30 0.02732637 
817 310 16 23 0.027315898 
950 173 8 17 0.02731409 
807 475 14 35 0.027309682 
756 517 10 18 0.027295917 
547 260 15 25 0.027293665 
284 379 10 19 0.027290726 
890 36 7 13 0.027279487 
182 709 9 21 0.02727611 
526 235 9 17 0.027273502 
961 40 10 22 0.027244322 
153 126 12 15 0.027232163 
307 223 10 18 0.027209997 
1 134 9 21 0.027208697 
973 211 9 16 0.02719609 
141 127 10 13 0.027182955 
654 499 14 31 0.027162326 
157 609 8 12 0.0271517 
715 630 13 21 0.027100442 
619 129 8 11 0.027095996 
975 225 8 14 0.027095249 
821 270 12 22 0.02708552 
357 633 12 17 0.02705277 
321 544 9 18 0.027050303 
512 54 11 23 0.027046094 
86 293 19 27 0.02701851 
674 360 15 30 0.026987849 
193 491 11 23 0.026974244 
69 387 59 80 0.026966276 
434 427 13 20 0.026960215 
703 609 12 15 0.026946798 
31 488 6 11 0.026908135 
360 657 12 15 0.026906043 
63 609 12 17 0.026897099 
409 270 11 21 0.026895756 
959 410 12 23 0.026885238 
336 477 10 21 0.026873697 
220 0 11 10 0.026873527 
14 261 13 26 0.026873307 
386 94 9 22 0.026872134 
422 412 13 22 0.026871568 
722 140 7 10 0.026852408 
947 428 10 19 0.026814375 
741 388 14 24 0.026812598 
123 468 23 20 0.0267855 
949 453 10 18 0.026762655 
771 558 10 17 0.026755048 
758 166 13 29 0.026753299 
1012 367 14 29 0.026739758 
283 -3 11 12 0.026732534 
816 145 13 19 0.026695797 
858 410 11 26 0.026694488 
419 511 13 27 0.026689358 
156 628 12 21 0.026641821 
644 196 9 16 0.026630614 
742 583 11 19 0.026624924 
337 152 7 12 0.026619745 
745 127 8 11 0.026614293 
780 259 14 23 0.026614241 
785 466 7 15 0.026613249 
961 323 12 23 0.026605243 
959 426 11 21 0.026605101 
686 556 302 191 0.026602397 
369 648 11 15 0.026589874 
741 347 13 28 0.026567422 
213 157 16 21 0.026555648 
299 619 8 16 0.02654175 
467 559 9 18 0.02653647 
719 599 10 15 0.026526134 
947 276 13 19 0.02652126 
335 618 13 20 0.02651793 
204 -1 14 13 0.026516812 
437 545 9 17 0.026516575 
360 647 12 15 0.026514761 
835 131 11 19 0.026514323 
542 383 7 12 0.026510563 
791 179 14 24 0.02649765 
332 643 13 18 0.026483655 
519 204 9 20 0.026457764 
218 608 11 16 0.026449047 
888 56 11 17 0.026440386 
783 401 9 19 0.026439028 
258 325 12 18 0.026420956 
321 623 11 17 0.026407897 
400 69 9 21 0.026407463 
408 515 12 25 0.026376437 
171 608 9 16 0.026371375 
293 344 13 25 0.026300928 
53 46 11 17 0.026297202 
210 287 41 57 0.02629622 
168 528 11 19 0.026284715 
207 150 11 16 0.026266392 
206 241 16 30 0.026265597 
602 250 11 22 0.026259141 
338 135 6 16 0.02623769 
995 430 47 66 0.026235493 
432 226 14 32 0.026230462 
217 259 15 24 0.026228264 
576 578 11 24 0.026217839 
273 150 8 14 0.026208408 
227 262 20 27 0.02618864 
991 318 8 13 0.026187362 
18 486 6 13 0.026178122 
88 565 17 18 0.026153002 
935 173 10 18 0.026149474 
211 63 21 27 0.026122937 
857 159 12 20 0.026096959 
308 29 10 24 0.026089106 
385 298 87 133 0.026082193 
770 482 7 16 0.026079621 
975 198 9 17 0.026045186 
54 376 11 21 0.026036667 
331 27 12 25 0.026021862 
873 95 9 18 0.026006097 
859 188 13 17 0.025999008 
265 376 13 22 0.025990482 
624 204 13 25 0.025980588 
906 429 16 25 0.025973361 
177 233 14 21 0.025968932 
452 72 7 20 0.025958901 
179 545 11 16 0.025943318 
100 547 12 15 0.025936473 
523 10 16 25 0.02593146 
141 29 48 95 0.025921417 
654 170 10 19 0.025907574 
756 580 12 20 0.025902048 
61 498 14 22 0.02589166 
297 152 9 13 0.025855847 
884 606 51 62 0.02585356 
976 267 8 13 0.02585285 
3 106 7 21 0.025820637 
205 359 14 21 0.025815906 
499 654 14 22 0.025815737 
729 480 11 17 0.025805222 
308 184 11 17 0.025767159 
323 134 7 17 0.025719326 
3 96 7 20 0.025711602 
412 341 8 18 0.025706608 
944 268 89 98 0.02570645 
845 596 10 15 0.025703836 
931 455 41 61 0.025683345 
259 572 12 26 0.02568111 
526 273 13 20 0.02565699 
759 69 7 19 0.02564956 
720 311 10 19 0.025644157 
546 424 18 27 0.025621532 
26 90 13 27 0.025601376 
474 376 13 25 0.025600731 
537 54 10 23 0.025589019 
525 259 11 20 0.025587834 
567 230 10 22 0.025578426 
457 549 82 105 0.025575241 
475 224 9 17 0.025568493 
43 28 9 24 0.025560463 
152 207 14 23 0.02555337 
487 442 15 29 0.025548471 
438 457 86 120 0.025548076 
694 198 9 19 0.025541302 
336 670 12 15 0.025531169 
756 307 13 25 0.025519967 
105 610 10 12 0.025517453 
832 584 12 18 0.025514102 
184 125 7 16 0.025489016 
807 372 12 24 0.025484681 
394 641 15 23 0.025478706 
915 557 48 70 0.025477039 
539 337 11 21 0.025469646 
604 128 9 11 0.025447257 
987 288 10 15 0.02542667 
871 542 11 22 0.025425924 
300 137 6 14 0.025424141 
307 208 11 20 0.025417568 
416 369 43 62 0.025408965 
297 655 12 19 0.025392294 
770 400 10 20 0.025387272 
971 296 12 19 0.025372066 
196 131 92 89 0.025368528 
787 295 37 61 0.025366502 
771 491 8 17 0.025364324 
635 346 16 24 0.025357412 
622 355 17 28 0.025354037 
529 339 9 18 0.025349295 
282 576 12 22 0.02531623 
329 16 14 20 0.025304636 
293 1 15 21 0.025303053 
730 298 12 23 0.02529252 
786 397 76 117 0.025284028 
195 124 8 16 0.025280474 
420 267 12 26 0.025272997 
526 309 11 22 0.025272513 
186 56 119 102 0.025270911 
496 333 12 26 0.0252576 
774 86 6 14 0.025231306 
336 545 9 20 0.025226532 
583 286 18 24 0.025225902 
804 423 12 24 0.025218891 
915 321 23 29 0.025213338 
949 398 12 21 0.025209349 
818 194 14 24 0.025206732 
62 43 13 21 0.025203172 
862 593 11 16 0.025193237 
399 349 10 17 0.02517277 
437 23 14 33 0.025167478 
653 566 12 27 0.025165405 
945 320 14 26 0.025156897 
1001 -2 9 13 0.025156192 
52 465 10 19 0.0251513 
399 79 11 23 0.025145408 
675 617 17 20 0.025131434 
708 517 9 17 0.025099948 
1000 428 13 22 0.025080027 
513 272 10 19 0.025060466 
676 220 17 26 0.025053848 
690 450 11 23 0.0250413 
78 532 14 18 0.02502843 
800 483 7 18 0.02502484 
259 147 8 15 0.025007524 
462 376 10 20 0.02500432 
462 607 10 17 0.025002588 
746 84 7 16 0.024995811 
488 237 9 16 0.02499565 
682 185 9 17 0.024992937 
58 -19 187 172 0.024984833 
29 604 10 20 0.024977883 
333 236 11 17 0.024968656 
319 183 11 18 0.02494821 
760 99 7 12 0.024947045 
928 193 86 103 0.024938121 
533 531 16 42 0.024932705 
330 584 20 36 0.024931159 
885 438 12 25 0.024918603 
578 480 12 21 0.024916017 
929 591 19 28 0.024912504 
987 250 8 15 0.024908384 
414 44 7 18 0.024896001 
435 141 12 28 0.02489524 
435 557 11 20 0.024894318 
105 227 152 131 0.024886398 
553 123 9 16 0.024884151 
8 274 37 73 0.02487356 
804 311 38 56 0.024873178 
2 120 7 21 0.024871306 
503 285 10 22 0.024843877 
323 152 7 14 0.024820598 
184 494 9 18 0.024790926 
399 313 9 17 0.02478685 
751 398 16 28 0.0247793 
240 437 16 30 0.024777608 
421 375 12 20 0.024764754 
406 395 16 30 0.024756256 
360 425 10 20 0.024740454 
574 72 14 32 0.024726009 
234 530 11 18 0.024721807 
578 266 10 15 0.0247098 
422 241 12 30 0.024705114 
622 592 16 25 0.024676096 
292 537 14 28 0.024674397 
994 547 18 29 0.02465971 
870 141 11 22 0.024635525 
462 208 10 20 0.024633966 
15 427 7 21 0.024632167 
359 441 10 17 0.02461501 
806 173 11 17 0.024610667 
53 386 13 25 0.024595847 
783 420 8 14 0.02459422 
555 137 8 16 0.02458651 
566 200 8 15 0.024585042 
540 395 8 12 0.024582634 
434 321 12 24 0.024573738 
883 174 14 15 0.02455973 
332 259 13 24 0.024543282 
428 0 8 10 0.024541344 
337 432 9 15 0.024539389 
499 349 9 19 0.024525516 
832 196 13 21 0.024518663 
54 584 10 15 0.024515972 
524 565 12 24 0.024483401 
192 634 10 18 0.024479454 
168 153 10 14 0.024467377 
965 213 8 15 0.024467023 
321 9 10 14 0.02446051 
412 328 9 17 0.02445417 
959 441 11 17 0.024444196 
27 181 11 26 0.024420932 
625 233 15 31 0.024418011 
569 126 8 13 0.024406224 
88 133 18 22 0.024387535 
564 91 11 25 0.024381999 
474 194 10 21 0.024377404 
756 538 10 20 0.024374137 
333 246 12 22 0.02437247 
396 418 14 28 0.024372227 
990 240 8 13 0.02437001 
363 297 40 65 0.024361381 
517 240 7 14 0.024357237 
350 151 7 13 0.024344414 
193 164 10 13 0.02433953 
1003 229 7 14 0.024328867 
375 121 8 19 0.024327926 
551 233 10 20 0.024307884 
819 256 14 24 0.024307221 
369 393 15 33 0.024302948 
1013 -3 10 17 0.02428609 
706 528 9 19 0.02425934 
205 161 14 19 0.024257017 
73 349 16 23 0.024243232 
820 157 14 23 0.024222055 
885 146 9 18 0.024210284 
26 521 16 33 0.024199026 
17 442 6 17 0.024198327 
502 637 10 14 0.024190124 
902 627 19 23 0.024188453 
666 167 10 21 0.024185138 
239 306 19 26 0.02417497 
170 257 25 29 0.024168752 
207 517 9 19 0.024160122 
920 466 15 22 0.024157584 
1 231 9 28 0.024150157 
412 351 10 18 0.0241479 
332 380 13 32 0.024145288 
742 375 12 23 0.024144884 
995 11 17 34 0.024143444 
227 464 41 65 0.024142304 
411 426 11 21 0.024141364 
740 153 17 26 0.0241372 
987 265 8 14 0.02413594 
571 522 15 32 0.024134465 
522 588 17 28 0.02412824 
919 578 16 26 0.02412696 
457 362 11 21 0.024122458 
39 207 13 25 0.02411935 
853 551 15 26 0.024117116 
504 299 8 18 0.024110628 
292 170 14 18 0.024080861 
987 279 9 13 0.02405951 
322 73 9 38 0.024056079 
765 226 13 30 0.024046266 
866 580 50 63 0.024042923 
295 38 11 27 0.024023501 
856 531 13 20 0.024017083 
462 195 10 20 0.024012763 
307 6 11 15 0.02400333 
705 169 11 21 0.023983235 
269 5 13 17 0.023980275 
881 373 13 22 0.023961442 
719 496 10 15 0.023956448 
229 158 13 19 0.023952061 
447 230 13 27 0.023948623 
533 239 39 64 0.0239364 
246 340 11 17 0.023929542 
528 322 10 21 0.023907673 
831 244 17 33 0.023905853 
201 459 7 14 0.023895519 
902 25 6 11 0.023870835 
857 675 14 14 0.023857465 
997 438 19 28 0.023849046 
469 635 7 15 0.023841806 
113 283 15 25 0.023827896 
581 410 35 65 0.02381889 
399 363 10 19 0.023816256 
858 174 12 17 0.02381563 
864 197 24 23 0.023804117 
974 16 9 21 0.023796849 
688 464 12 21 0.023793848 
677 510 17 30 0.023768136 
446 205 13 27 0.023753395 
253 440 16 25 0.023749944 
895 607 17 20 0.023748502 
501 17 12 20 0.023748256 
17 602 8 21 0.023740256 
41 378 9 20 0.023725685 
804 514 50 77 0.02371802 
665 475 12 23 0.023705104 
885 401 11 21 0.023701314 
524 28 11 21 0.023693895 
705 181 9 22 0.023691224 
807 196 11 22 0.023689471 
418 163 20 38 0.023687867 
817 112 15 23 0.023683881 
734 127 8 12 0.023673758 
717 323 11 21 0.02366536 
453 259 10 20 0.023660595 
445 604 16 26 0.023655396 
413 361 10 20 0.02364896 
461 221 11 20 0.02362628 
448 385 14 26 0.023618398 
437 586 12 20 0.023604432 
461 70 10 22 0.023598503 
304 244 16 26 0.023596568 
514 355 8 14 0.02359542 
947 120 10 19 0.023592021 
768 565 11 21 0.02357216 
944 199 13 17 0.023552105 
333 8 10 14 0.023541536 
573 158 15 34 0.023541449 
872 435 11 25 0.023538474 
655 113 8 12 0.023517456 
755 437 12 20 0.023513636 
537 564 13 25 0.023498429 
43 252 23 30 0.023498023 
950 57 10 18 0.023490109 
910 175 12 16 0.023487275 
883 461 16 25 0.0234799 
385 481 8 17 0.023479532 
818 133 12 19 0.023474086 
394 103 16 31 0.02347097 
460 233 12 23 0.023467615 
745 69 8 20 0.02346141 
431 151 70 116 0.02343478 
387 81 8 20 0.023430416 
227 565 13 23 0.023426654 
188 642 14 25 0.02341856 
190 414 16 18 0.023418326 
156 151 11 16 0.023404602 
539 294 14 23 0.023404473 
402 554 19 42 0.02339937 
433 253 13 29 0.023394398 
949 190 8 14 0.023391051 
420 98 15 33 0.02338787 
102 671 14 19 0.023380574 
37 597 11 16 0.023369586 
933 278 15 29 0.023340983 
425 719 8 24 0.023332251 
157 600 7 11 0.023315618 
448 557 12 21 0.023304803 
950 68 11 20 0.023289585 
282 347 11 22 0.023281924 
783 493 8 17 0.023281394 
631 426 12 22 0.023271311 
25 165 12 27 0.023270516 
106 598 10 14 0.02326832 
321 442 10 15 0.023268234 
154 111 11 17 0.023243792 
872 161 10 16 0.023242861 
21 475 96 96 0.023227327 
586 489 13 23 0.023226904 
973 400 10 21 0.02321225 
739 493 13 19 0.023178888 
746 97 7 14 0.023174014 
27 27 9 26 0.023163855 
256 464 14 23 0.023151698 
115 272 13 22 0.02314841 
989 228 8 12 0.02314304 
357 267 16 32 0.02312473 
370 422 12 26 0.023121478 
769 332 37 66 0.023119539 
529 353 8 16 0.023113914 
412 719 9 26 0.023110924 
841 537 19 29 0.023107344 
976 250 9 16 0.02310323 
845 185 12 18 0.02309695 
241 323 13 20 0.023088682 
68 594 50 55 0.02308608 
242 160 12 17 0.023083543 
846 199 13 19 0.02306642 
371 -6 13 15 0.02305384 
880 604 17 22 0.023052122 
425 230 12 29 0.023049716 
28 45 8 19 0.023047175 
667 355 34 71 0.023042096 
769 466 7 16 0.023012625 
422 338 12 26 0.023001794 
98 462 59 56 0.02299094 
421 543 10 20 0.022974908 
181 152 10 14 0.022952842 
483 385 37 51 0.022946544 
22 498 33 54 0.022945205 
708 481 8 14 0.022930263 
562 630 12 23 0.022905383 
211 171 18 22 0.022901056 
1 168 10 25 0.022899676 
202 412 15 21 0.022895835 
212 228 15 33 0.02289575 
99 284 15 25 0.022894943 
103 14 13 27 0.022889197 
925 173 10 18 0.022876643 
704 539 11 24 0.022869859 
42 230 55 58 0.022868754 
86 667 17 25 0.022860745 
549 403 13 19 0.02285538 
541 232 9 19 0.022854444 
842 391 16 34 0.022849742 
881 423 15 29 0.022841834 
782 384 10 24 0.02283632 
854 684 17 21 0.02282579 
990 305 9 14 0.022809498 
733 95 8 16 0.022808366 
525 39 11 23 0.0228016 
665 613 15 22 0.02279451 
449 244 13 25 0.022789476 
432 203 14 32 0.022771621 
526 414 42 67 0.022767691 
401 440 10 23 0.022764947 
433 415 13 20 0.022762412 
127 255 17 24 0.022761531 
654 331 14 25 0.02275093 
334 659 11 14 0.02274117 
300 288 20 43 0.022731708 
810 368 37 71 0.022731408 
924 384 25 30 0.02271826 
385 467 9 18 0.022712404 
974 28 9 25 0.02270627 
753 384 14 27 0.02270367 
819 185 12 20 0.022670357 
948 414 10 19 0.022669317 
1002 265 8 14 0.022655265 
940 269 36 58 0.022632306 
540 247 11 20 0.022627635 
152 133 15 19 0.022626616 
207 121 8 19 0.022623751 
101 531 12 17 0.022619363 
730 375 12 22 0.02261603 
662 437 16 28 0.02261287 
477 297 10 21 0.022609945 
145 208 11 20 0.022605203 
371 440 9 18 0.022600753 
604 224 9 20 0.022592992 
546 548 15 34 0.022592306 
691 428 14 30 0.022581097 
2 84 7 19 0.022575999 
279 408 16 31 0.022568211 
329 269 15 29 0.02256625 
812 590 26 31 0.022564244 
489 575 13 30 0.02256031 
1000 159 9 21 0.022542793 
773 100 7 11 0.02253325 
427 4 9 13 0.022520965 
527 425 15 23 0.02250736 
664 347 13 25 0.022502815 
1005 298 31 48 0.022498224 
470 313 37 70 0.022489822 
386 439 10 22 0.022480272 
70 358 21 29 0.022467997 
552 169 11 22 0.02246719 
986 174 9 18 0.022464594 
435 337 12 25 0.022451624 
845 516 12 20 0.022443658 
936 56 10 18 0.022435918 
771 453 7 14 0.02241942 
731 610 11 15 0.022410665 
512 339 10 17 0.022389952 
282 591 13 25 0.022379408 
321 431 9 16 0.022350425 
99 620 15 16 0.022331418 
549 246 12 22 0.022321165 
358 622 13 18 0.022320893 
973 412 11 20 0.022316204 
833 148 12 19 0.022312686 
681 519 38 78 0.02229 
433 297 13 27 0.02228832 
565 265 10 17 0.022284556 
230 502 10 19 0.022278147 
87 336 15 22 0.022274816 
732 84 9 17 0.02226919 
422 553 11 23 0.022264274 
884 390 11 19 0.02226207 
526 220 10 18 0.022247707 
577 557 83 103 0.022242408 
507 422 17 31 0.022239687 
78 519 13 20 0.022230407 
349 196 11 21 0.022229815 
807 182 11 19 0.02222062 
399 491 11 20 0.022211794 
975 316 9 16 0.022210807 
193 -1 13 11 0.02220847 
639 448 17 28 0.022198942 
39 223 14 22 0.022197863 
539 258 14 24 0.022185061 
383 580 45 85 0.022180712 
384 420 12 28 0.022174705 
264 271 36 58 0.02217309 
251 -4 16 16 0.022166727 
388 456 8 18 0.022147706 
807 157 12 19 0.022144347 
182 138 10 15 0.022132268 
449 544 11 19 0.022122504 
163 22 114 90 0.022121755 
807 451 11 23 0.022112418 
1010 598 13 17 0.022093365 
714 358 15 28 0.022064807 
702 342 15 30 0.022063956 
272 183 36 57 0.022061419 
731 549 11 25 0.022058057 
541 364 9 16 0.022051789 
558 266 44 55 0.022047527 
318 690 353 265 0.022039365 
680 125 9 13 0.02202414 
807 440 11 21 0.021997418 
782 368 11 25 0.021992274 
718 295 12 24 0.021982193 
515 41 10 20 0.021981362 
466 367 36 57 0.021977607 
814 393 18 37 0.02196681 
268 18 14 19 0.021952825 
680 489 13 23 0.02195175 
992 31 19 45 0.021945436 
930 550 16 30 0.021940755 
993 562 17 25 0.021933718 
321 451 11 18 0.021926334 
515 16 10 17 0.021923294 
268 588 12 24 0.021908738 
939 223 36 63 0.021880088 
665 426 12 23 0.021875054 
41 581 11 19 0.021852259 
72 71 17 20 0.021850405 
920 427 15 22 0.02184052 
293 14 13 24 0.021837818 
463 283 12 23 0.021828597 
768 383 12 26 0.021822724 
795 400 11 21 0.021814283 
584 143 38 79 0.021810655 
293 548 35 66 0.021809097 
850 338 40 58 0.021803942 
320 234 11 19 0.021796102 
277 12 17 27 0.021784278 
820 358 14 24 0.02177515 
488 88 10 24 0.0217732 
819 220 14 27 0.021759704 
947 305 14 28 0.021759422 
514 688 10 16 0.02175907 
713 639 16 26 0.021758128 
247 506 10 16 0.021752967 
232 106 10 21 0.021741936 
770 521 7 13 0.021740835 
873 533 10 17 0.02173733 
256 591 11 21 0.021719683 
1010 2 14 24 0.021719413 
921 504 38 76 0.021703552 
197 480 8 15 0.021687867 
119 573 8 12 0.02168647 
322 372 11 26 0.021686163 
958 309 12 22 0.021683486 
820 170 11 18 0.021659719 
244 105 10 24 0.021648211 
718 526 11 21 0.021646334 
724 399 22 32 0.021607844 
77 543 16 17 0.02160482 
999 401 10 20 0.021603597 
26 233 15 24 0.021598414 
929 309 18 28 0.02159307 
509 654 12 21 0.021568552 
48 305 20 24 0.021566702 
384 393 17 35 0.021547943 
50 225 15 20 0.021546733 
309 16 10 20 0.02151835 
691 608 15 18 0.021512656 
695 139 8 12 0.021511465 
800 493 9 21 0.021506973 
474 659 9 16 0.021504784 
685 230 22 34 0.021504197 
76 58 13 18 0.021502923 
882 338 13 18 0.021486897 
606 594 38 68 0.021484235 
127 271 18 24 0.021475827 
147 603 7 10 0.021474553 
629 438 12 22 0.021464981 
741 537 11 21 0.021460725 
44 469 7 15 0.021457924 
589 462 12 25 0.021453777 
229 609 12 18 0.021452945 
591 578 12 22 0.02145071 
902 471 21 32 0.02144677 
99 258 45 67 0.02143958 
246 594 9 19 0.021436336 
44 47 8 16 0.02142111 
210 626 7 12 0.02141713 
535 274 38 59 0.02139336 
383 597 15 35 0.021384668 
0 311 11 24 0.021362655 
540 349 11 19 0.021360673 
85 89 17 29 0.021352217 
702 279 16 33 0.021349635 
247 491 11 19 0.02133625 
928 330 19 30 0.021325758 
699 398 19 33 0.021308219 
54 447 12 24 0.021303946 
448 432 16 28 0.021299226 
76 337 15 22 0.021281153 
60 394 20 34 0.021272734 
438 69 8 21 0.021252587 
50 400 12 25 0.021232383 
636 550 15 26 0.021217555 
279 550 15 25 0.021213524 
760 126 8 12 0.021209436 
229 552 12 22 0.021207688 
492 638 7 12 0.021205902 
679 59 13 34 0.021201648 
60 234 24 24 0.021191016 
25 57 171 166 0.021181326 
997 514 13 23 0.02117976 
1013 171 13 25 0.021175787 
709 141 7 10 0.021172881 
419 526 12 25 0.021170251 
721 210 9 18 0.021168983 
140 184 17 31 0.021168252 
841 331 154 166 0.02115659 
741 504 12 20 0.021153579 
172 442 97 105 0.021150427 
845 672 12 15 0.021145338 
267 422 18 34 0.02112757 
146 389 54 74 0.02112619 
758 557 10 19 0.021120528 
639 372 13 27 0.02111311 
767 314 17 35 0.02111001 
475 209 9 18 0.021108584 
435 374 12 21 0.021091482 
515 29 10 19 0.021080948 
333 345 13 30 0.021079838 
503 238 8 14 0.021073876 
193 137 10 15 0.021067861 
941 601 24 29 0.021052927 
784 485 6 14 0.02104782 
261 177 9 13 0.021038417 
161 640 16 30 0.021028578 
347 5 13 16 0.021025987 
771 509 7 13 0.021010349 
936 427 11 19 0.02100316 
284 604 12 24 0.020993067 
846 583 10 14 0.02099022 
509 447 16 29 0.020983951 
771 531 8 16 0.020982487 
1 181 8 25 0.020981085 
892 619 19 21 0.020966752 
704 194 10 22 0.020954205 
470 483 18 33 0.020944329 
820 582 16 21 0.020934684 
140 147 14 22 0.020933025 
882 555 12 22 0.02093107 
431 397 16 25 0.02092866 
430 515 174 203 0.020922482 
653 554 11 22 0.020919079 
30 470 7 16 0.020918917 
837 64 7 11 0.020913891 
436 50 10 26 0.020903297 
321 356 12 28 0.02089911 
934 508 16 25 0.02089555 
171 571 11 16 0.020886356 
774 419 7 15 0.020875013 
363 139 7 13 0.02086614 
729 221 10 20 0.020855024 
346 41 10 26 0.020851789 
103 78 12 26 0.02085116 
765 185 17 39 0.02083737 
829 219 18 29 0.02083658 
963 160 7 18 0.020827489 
1000 388 9 19 0.020825634 
820 206 44 64 0.02082345 
307 196 11 20 0.020819621 
715 374 13 25 0.020814307 
266 28 17 22 0.020811932 
491 658 9 16 0.020808572 
318 244 14 24 0.02079967 
693 80 12 24 0.020797728 
725 174 15 32 0.020778341 
168 109 10 20 0.020772653 
66 377 25 39 0.02076529 
76 40 13 24 0.020758426 
475 90 9 25 0.020753719 
773 71 6 16 0.020752825 
28 377 10 21 0.02075155 
101 330 44 60 0.020742374 
383 371 13 25 0.0207316 
718 175 12 29 0.020729192 
563 244 11 22 0.020722197 
276 445 21 35 0.020719325 
217 426 14 26 0.020713503 
895 378 15 19 0.020691304 
634 487 38 65 0.020685457 
494 452 42 91 0.02068402 
718 82 11 21 0.020666478 
743 479 11 18 0.020654114 
867 300 17 35 0.020648912 
719 623 11 17 0.020643314 
17 470 6 16 0.020642262 
987 401 11 20 0.02063348 
435 283 12 22 0.020619012 
90 308 16 23 0.020612305 
412 376 11 18 0.020606976 
4 509 7 16 0.020603146 
116 588 10 13 0.020601146 
641 206 12 22 0.020577462 
757 461 11 23 0.020572927 
398 374 11 20 0.020559523 
456 482 36 67 0.020556824 
637 539 14 22 0.020524634 
322 554 10 21 0.020510988 
1008 550 15 25 0.020508561 
204 333 32 50 0.020505998 
970 473 18 32 0.020499311 
590 557 15 34 0.020493828 
632 114 7 12 0.020493397 
350 222 11 19 0.020489495 
485 298 11 21 0.020487798 
422 143 14 28 0.020467002 
242 198 37 64 0.020449104 
973 387 10 20 0.020447472 
139 162 15 23 0.020445509 
335 461 11 22 0.020441372 
191 681 11 24 0.02043427 
794 221 11 21 0.02042457 
128 111 12 18 0.02042428 
402 56 7 18 0.020418055 
677 436 12 25 0.020416982 
614 430 43 62 0.020416727 
511 575 14 30 0.020415539 
576 212 10 19 0.020411355 
615 204 11 25 0.020395145 
-19 -66 182 192 0.020393498 
296 667 13 21 0.020391073 
166 136 12 17 0.020377822 
839 461 17 29 0.02037716 
588 77 12 28 0.020369377 
590 110 10 18 0.02036169 
755 319 13 28 0.020360744 
433 384 15 25 0.020358926 
624 181 13 25 0.0203416 
310 643 13 22 0.020338576 
234 519 9 16 0.020337787 
308 621 42 58 0.020336209 
666 78 11 27 0.020324169 
17 456 6 17 0.02032083 
118 561 8 12 0.02031401 
384 130 14 26 0.020307569 
498 522 13 33 0.020301158 
786 505 7 17 0.020289967 
7 641 21 34 0.020289665 
436 530 10 21 0.020274008 
707 494 9 15 0.020273983 
53 412 13 27 0.02027013 
691 533 13 32 0.020257663 
745 515 13 23 0.02025566 
345 345 13 30 0.020208457 
346 661 11 13 0.020208366 
858 451 12 23 0.020189557 
435 509 12 27 0.02018693 
208 138 9 15 0.020174153 
44 53 40 46 0.020165285 
792 368 13 26 0.02016467 
102 272 14 23 0.020145493 
761 112 7 11 0.020139059 
173 479 32 59 0.020137662 
882 472 18 35 0.02013385 
243 287 39 57 0.020126896 
179 7 17 18 0.0201217 
172 94 179 170 0.020117356 
797 121 9 16 0.020105336 
26 362 11 20 0.020103192 
960 467 14 22 0.020099347 
333 413 12 23 0.020099085 
634 562 16 27 0.020096283 
435 567 13 24 0.020093434 
608 328 43 69 0.020092752 
347 328 36 74 0.020080935 
87 348 16 22 0.020073298 
645 190 8 14 0.020073054 
742 672 14 17 0.020067804 
969 55 14 27 0.020054646 
511 201 42 72 0.02005309 
474 606 9 19 0.020045258 
825 655 18 23 0.02002975 
3 484 6 15 0.020006826 
168 543 11 16 0.019994847 
782 249 11 20 0.019994792 
501 250 10 16 0.01999254 
256 238 15 31 0.01998334 
13 637 11 20 0.019977234 
104 586 10 13 0.019976165 
406 652 18 27 0.019965913 
599 283 16 24 0.019957341 
300 638 7 12 0.019948471 
150 490 14 16 0.019935697 
858 464 13 23 0.01993493 
794 385 11 24 0.019927822 
894 580 13 19 0.019924805 
515 462 44 74 0.019917056 
895 411 16 23 0.01991341 
715 254 34 57 0.0199051 
671 212 43 65 0.019902982 
280 240 16 29 0.019902851 
272 275 12 18 0.019901678 
703 80 13 24 0.01990155 
141 111 11 16 0.019895852 
448 296 42 82 0.019894948 
643 172 9 16 0.019891962 
126 283 16 25 0.019891648 
345 268 14 30 0.019890066 
402 474 11 22 0.01988253 
661 519 17 30 0.019877559 
832 208 15 24 0.019863945 
41 68 19 21 0.019862851 
961 375 11 23 0.01982729 
116 109 13 21 0.019813744 
567 110 9 18 0.019811586 
636 498 18 38 0.019800937 
114 678 14 20 0.019797137 
513 522 12 33 0.01979022 
798 464 9 20 0.019783124 
333 562 13 32 0.019782228 
674 604 21 24 0.019782187 
195 153 9 13 0.019776784 
286 122 7 20 0.019772096 
426 714 7 14 0.019767579 
730 308 38 67 0.019767422 
779 590 13 20 0.019764934 
1001 173 10 19 0.01974854 
191 425 13 20 0.01973999 
716 420 45 77 0.019730987 
796 238 9 17 0.019730419 
509 641 13 23 0.019729704 
987 387 10 20 0.019727334 
755 243 39 62 0.01972658 
692 61 13 30 0.019715741 
963 200 8 14 0.019709738 
80 611 14 17 0.01970176 
3 495 7 15 0.01969631 
829 389 18 37 0.019694308 
375 55 7 20 0.01969259 
879 188 20 18 0.019683901 
910 461 39 58 0.019683672 
275 483 20 32 0.019671408 
727 388 16 27 0.019670684 
858 436 12 25 0.01967 
191 220 11 22 0.01966011 
143 609 9 12 0.01965992 
219 624 12 13 0.01965087 
112 490 44 76 0.019648848 
757 230 12 26 0.019646268 
616 450 13 22 0.019646212 
113 425 53 71 0.019645762 
90 322 15 21 0.019645648 
48 563 16 23 0.019634029 
675 330 14 28 0.019629078 
681 411 11 26 0.01962222 
719 501 38 71 0.019619333 
1 298 11 22 0.019617617 
394 562 19 45 0.019612527 
985 547 17 29 0.019611748 
143 -184 295 111 0.019597903 
710 467 9 16 0.019597368 
448 527 13 25 0.019592544 
214 522 251 244 0.01959172 
328 291 16 32 0.019588184 
53 -27 11 29 0.019581461 
676 346 14 27 0.019581283 
598 458 15 25 0.019577708 
183 380 51 60 0.019569967 
240 245 16 32 0.01955588 
512 670 10 17 0.019551717 
503 196 9 18 0.019549336 
65 519 12 19 0.019543795 
62 529 15 24 0.019539002 
275 490 86 124 0.019526267 
704 357 14 29 0.019513104 
776 213 15 32 0.01949032 
917 613 19 27 0.019477692 
677 561 14 32 0.019471304 
5 518 8 21 0.019458812 
111 297 15 24 0.019456228 
909 578 15 24 0.019451445 
512 699 13 17 0.019448208 
355 355 16 34 0.019438155 
471 668 11 19 0.019418068 
65 586 10 14 0.019416887 
16 282 14 26 0.019409776 
462 597 10 18 0.019402694 
895 337 15 20 0.0193957 
466 14 43 68 0.01937462 
929 228 17 29 0.019367378 
942 586 55 55 0.019364495 
258 213 18 30 0.019342521 
350 209 10 18 0.019340275 
587 158 16 36 0.019338338 
893 252 172 181 0.019321097 
426 701 7 15 0.019316347 
1002 209 9 18 0.019308668 
567 139 32 65 0.01930613 
540 641 12 23 0.019305082 
439 715 7 13 0.019295711 
709 508 9 16 0.019274864 
701 531 38 73 0.019273767 
52 211 12 22 0.019273138 
653 346 13 24 0.019260205 
488 194 9 20 0.019257693 
950 320 91 100 0.019248184 
989 431 10 17 0.019221082 
51 396 43 78 0.019216105 
580 112 8 16 0.019211713 
247 551 10 20 0.01920914 
463 564 11 24 0.019185945 
516 296 37 65 0.019178262 
603 581 14 23 0.019171285 
458 476 19 31 0.01916128 
969 563 17 28 0.01916113 
164 -2 13 11 0.019153405 
491 294 41 69 0.019147642 
281 251 35 59 0.01914169 
259 164 10 15 0.01912341 
478 344 11 25 0.019118853 
448 334 12 27 0.019102165 
981 563 19 27 0.019083498 
904 382 154 182 0.019082703 
362 151 8 15 0.019076891 
307 488 11 22 0.019066626 
489 224 8 16 0.019062506 
871 555 11 20 0.019061422 
359 408 12 27 0.019055262 
473 515 15 36 0.019055026 
590 439 17 33 0.019044323 
817 437 14 27 0.019041188 
878 339 50 67 0.019040283 
25 141 14 27 0.019028412 
536 -3 12 13 0.019010415 
752 194 38 76 0.019001221 
627 412 14 27 0.018997312 
921 476 18 27 0.018988373 
579 244 10 20 0.018983187 
818 451 14 26 0.018981757 
209 636 9 12 0.018977953 
207 495 12 28 0.018976925 
693 181 9 22 0.018971823 
757 477 11 21 0.018947884 
457 442 17 30 0.018942129 
616 428 10 20 0.018936535 
461 258 38 69 0.018923799 
600 414 12 24 0.018915484 
345 240 16 33 0.018913895 
992 581 17 20 0.01891218 
43 62 12 15 0.018894624 
79 598 10 13 0.018881721 
776 116 90 93 0.018881202 
337 187 8 15 0.018869942 
781 565 104 102 0.018861534 
500 591 12 26 0.01885997 
321 475 9 20 0.018857209 
197 440 9 17 0.018838054 
979 578 22 27 0.018828478 
375 137 8 17 0.018826196 
867 597 18 26 0.018812936 
972 342 16 34 0.018812522 
958 345 14 28 0.01880668 
428 43 94 131 0.018793337 
335 226 9 15 0.018787885 
878 199 25 20 0.018786417 
705 597 12 17 0.018783947 
102 349 18 25 0.01878247 
424 42 7 19 0.018770041 
41 456 8 16 0.018769767 
527 -1 11 11 0.018768055 
247 189 10 14 0.018768042 
894 593 16 20 0.018766416 
149 468 16 17 0.018764187 
576 549 11 27 0.018759944 
691 385 14 30 0.018759876 
282 331 12 25 0.018753424 
342 365 16 35 0.018749649 
638 615 13 26 0.018738441 
337 271 43 69 0.018731385 
321 223 10 18 0.018731333 
123 311 19 25 0.01872312 
578 643 12 24 0.018706683 
485 484 14 33 0.018705882 
601 367 42 73 0.018699132 
745 110 8 14 0.018694468 
450 586 10 18 0.018687954 
745 236 9 20 0.018677078 
613 439 12 23 0.018667981 
392 613 15 30 0.018658433 
371 300 15 32 0.018657852 
813 481 20 43 0.018657032 
803 514 18 40 0.018655434 
127 455 13 19 0.018621016 
653 371 13 29 0.018613497 
159 529 10 20 0.01859608 
158 -169 93 56 0.018571537 
432 447 16 31 0.018568601 
511 630 13 21 0.018563023 
89 122 13 20 0.018559888 
59 119 59 80 0.018533407 
644 99 8 14 0.018533261 
818 369 15 29 0.018522095 
564 180 11 24 0.018521091 
100 631 19 21 0.01851712 
122 264 47 61 0.018512486 
994 596 18 20 0.01850364 
226 50 40 77 0.018500963 
190 231 14 25 0.018456236 
322 605 13 24 0.018455688 
862 312 49 66 0.018449096 
718 565 14 29 0.018438308 
313 122 6 21 0.018438142 
655 96 9 17 0.018428603 
0 288 10 18 0.018427033 
559 477 16 24 0.018424567 
327 558 42 68 0.01840324 
573 413 16 24 0.01840253 
60 455 17 34 0.018401545 
452 270 10 21 0.018395906 
169 483 8 12 0.018389672 
552 53 10 26 0.01833888 
503 382 37 53 0.01833772 
239 30 19 19 0.018320149 
490 500 81 131 0.018304624 
690 357 15 30 0.018302703 
654 613 14 22 0.018297829 
824 63 6 13 0.01829673 
122 377 23 23 0.018296357 
987 414 11 20 0.018290922 
230 208 13 23 0.018281413 
908 535 15 33 0.018281244 
64 226 16 18 0.018273326 
439 0 35 74 0.01827225 
253 543 35 58 0.018266832 
182 698 8 20 0.018265296 
780 231 12 25 0.018264476 
975 430 9 17 0.018261343 
756 567 12 21 0.018259587 
605 152 34 60 0.018256323 
319 259 14 24 0.018255435 
465 545 9 19 0.018252607 
989 444 12 17 0.018250065 
92 598 11 15 0.018238202 
503 224 8 16 0.018234232 
894 578 42 57 0.018216902 
108 138 23 34 0.018214162 
834 140 106 87 0.018205162 
573 496 17 33 0.01820483 
738 599 39 54 0.018188782 
247 210 12 20 0.018186692 
151 185 19 31 0.018173376 
987 211 10 17 0.018164594 
166 38 43 94 0.018141456 
908 56 169 203 0.018138276 
842 615 14 20 0.018137021 
907 534 37 66 0.018132834 
577 91 11 25 0.018120397 
572 298 19 29 0.018113399 
124 347 17 27 0.018110327 
937 -176 79 75 0.018109385 
571 395 17 30 0.018106028 
812 241 7 14 0.018099792 
614 186 15 32 0.018099304 
229 57 15 17 0.018077113 
804 276 42 58 0.01806481 
661 521 35 73 0.018054686 
450 283 12 25 0.018037312 
515 -1 8 10 0.018035708 
76 500 14 23 0.018032482 
847 208 15 24 0.01802896 
272 -3 11 11 0.018022968 
418 224 35 72 0.018022515 
474 687 10 16 0.018021416 
985 60 15 29 0.018020954 
871 477 14 30 0.01801414 
336 450 11 20 0.017994635 
579 660 9 15 0.017987762 
358 381 13 31 0.017986873 
119 20 41 86 0.017984442 
794 628 47 50 0.01797565 
115 77 13 28 0.017959448 
517 251 37 57 0.017950736 
336 197 10 18 0.01794387 
991 315 33 58 0.017930372 
347 413 10 22 0.017923387 
451 52 9 24 0.01792331 
218 103 10 24 0.017923027 
611 351 18 31 0.017921967 
538 311 12 22 0.01790016 
703 305 13 30 0.01789876 
128 93 13 24 0.01788787 
874 454 11 21 0.017884417 
90 38 13 27 0.017878622 
783 553 11 24 0.017868124 
947 379 12 20 0.017867196 
772 344 13 27 0.017865298 
821 236 12 22 0.017863506 
896 363 13 19 0.017862728 
535 310 39 63 0.017845461 
700 561 17 33 0.0178272 
125 205 14 24 0.017826525 
39 180 12 27 0.017824614 
370 370 13 28 0.017820016 
843 233 18 33 0.01781444 
241 90 13 27 0.01780257 
200 180 33 62 0.01780142 
116 93 13 23 0.017797885 
126 143 17 28 0.017797146 
229 249 14 25 0.01779377 
916 12 6 11 0.017773798 
382 -2 11 11 0.017771756 
967 506 19 31 0.017768217 
102 698 12 18 0.017764848 
372 154 13 27 0.017744236 
549 657 11 19 0.01773827 
448 446 14 29 0.017733783 
13 -13 12 25 0.017725794 
732 66 10 24 0.017719377 
989 372 38 72 0.017716067 
906 331 20 26 0.01770412 
114 14 16 28 0.017696617 
123 217 16 28 0.017686797 
891 477 21 37 0.017676478 
588 415 15 24 0.017655676 
248 197 10 17 0.017638763 
411 387 13 22 0.017638473 
910 314 39 61 0.017624887 
897 658 11 14 0.017622542 
229 193 14 21 0.017618611 
896 349 13 19 0.01761792 
433 357 16 28 0.017615149 
255 260 14 25 0.017614082 
577 561 12 28 0.017600086 
464 620 10 18 0.017596096 
874 375 44 70 0.017589947 
698 125 86 93 0.017589008 
421 564 13 26 0.017585384 
576 195 10 20 0.01756908 
830 526 13 21 0.017560882 
245 581 10 19 0.017557593 
445 30 14 32 0.017553413 
595 242 38 66 0.017550258 
467 659 8 15 0.017546041 
772 544 8 15 0.017542152 
112 301 48 67 0.017538965 
61 476 17 26 0.017537354 
430 164 28 60 0.017531693 
140 94 12 22 0.017530505 
784 531 9 17 0.01752996 
652 542 11 19 0.017522473 
24 68 39 64 0.017521432 
477 363 10 21 0.01752038 
316 301 17 31 0.017516833 
89 68 13 22 0.017508237 
257 107 10 24 0.017507482 
78 585 11 14 0.0174815 
230 184 12 18 0.017475188 
811 224 9 19 0.017472675 
605 594 11 18 0.017458312 
232 -1 12 11 0.017443636 
409 334 42 66 0.017432068 
28 1 10 25 0.017428638 
385 111 446 415 0.017428296 
359 40 12 26 0.01742262 
653 206 15 24 0.017416108 
799 78 35 52 0.017397538 
287 288 41 83 0.017369023 
538 323 12 22 0.017362252 
118 545 10 17 0.017352859 
828 450 17 28 0.017349452 
982 482 43 78 0.01734004 
844 665 12 13 0.017338483 
193 330 14 27 0.017334428 
667 110 10 16 0.017324764 
236 397 41 65 0.01731212 
488 208 9 19 0.017306816 
392 128 17 30 0.017302867 
292 499 17 28 0.017302737 
986 450 17 27 0.017296415 
568 361 45 82 0.017292963 
136 80 44 68 0.0172899 
716 656 11 19 0.017289389 
744 551 10 23 0.017279832 
734 109 8 14 0.017275305 
975 327 36 70 0.017268894 
641 363 30 66 0.017265433 
265 234 19 35 0.017264752 
566 646 9 18 0.01726359 
336 519 33 69 0.01726092 
607 106 192 191 0.017251039 
479 72 31 69 0.017250502 
503 209 9 18 0.017241292 
1011 567 13 19 0.017240403 
112 664 22 24 0.01722736 
109 465 24 23 0.017218685 
317 282 17 30 0.017214997 
843 420 14 30 0.017202592 
923 509 13 25 0.01719765 
437 719 9 23 0.017197328 
252 28 19 21 0.017192911 
711 215 37 63 0.0171578 
856 516 12 21 0.017157393 
449 418 38 62 0.017147576 
537 27 12 23 0.017143076 
250 420 21 34 0.017141415 
756 490 11 20 0.017136745 
792 550 14 31 0.017135574 
856 477 15 30 0.017132282 
37 424 103 105 0.017128073 
103 107 14 23 0.0171231 
372 356 13 28 0.017122554 
354 239 19 36 0.017119521 
693 123 9 14 0.017112462 
123 680 16 19 0.01711016 
5 309 33 83 0.017107042 
593 553 43 62 0.017093 
409 101 15 30 0.017075967 
611 393 17 34 0.01707418 
560 462 15 26 0.01707375 
965 602 27 27 0.017069295 
180 -1 13 10 0.017064774 
321 464 10 21 0.017063925 
388 130 43 71 0.017052295 
83 642 22 26 0.017048625 
986 367 14 28 0.017047333 
394 273 13 21 0.017023409 
118 532 9 17 0.017020408 
94 -170 91 62 0.01701579 
636 334 14 23 0.017000867 
339 7 32 77 0.016979609 
157 722 9 22 0.016967062 
973 372 12 24 0.016941808 
489 702 8 12 0.016939877 
229 174 12 17 0.016936367 
630 97 9 17 0.016934343 
27 635 10 17 0.016933281 
441 334 39 71 0.01692643 
539 659 11 19 0.016911836 
491 691 7 12 0.016901439 
976 162 8 18 0.016881691 
828 512 14 26 0.016881326 
666 538 11 24 0.01686481 
26 425 9 21 0.016844343 
29 456 7 16 0.016832141 
475 75 13 28 0.016832093 
836 363 35 60 0.016829003 
295 60 11 36 0.01682496 
548 445 17 30 0.016817683 
257 611 9 15 0.016811132 
700 275 40 76 0.01680765 
29 60 9 17 0.016803576 
292 481 17 30 0.016802292 
465 668 10 19 0.016788669 
704 1 38 82 0.016780345 
146 347 70 78 0.016780062 
571 448 38 68 0.01677737 
592 593 11 21 0.016776819 
659 454 173 196 0.016772432 
832 267 15 29 0.016761467 
816 419 15 32 0.016758537 
373 317 15 31 0.016757075 
124 13 18 29 0.016732262 
102 333 15 21 0.01673162 
208 609 9 14 0.016713908 
638 220 15 27 0.016703505 
813 629 21 25 0.016687334 
766 365 41 76 0.01667639 
670 0 36 86 0.016669707 
76 486 15 24 0.016667143 
913 255 23 37 0.016665917 
960 361 12 24 0.016656581 
478 471 34 78 0.016655853 
447 476 14 26 0.016651386 
247 565 10 19 0.01665095 
85 628 21 24 0.0166501 
973 464 14 23 0.016642379 
367 332 39 66 0.016641911 
455 36 36 71 0.016635552 
243 229 15 28 0.016621245 
122 117 43 56 0.016608546 
703 63 14 28 0.016591247 
751 278 35 52 0.016575338 
277 509 19 30 0.016572569 
173 515 11 20 0.016568873 
895 570 13 19 0.01656457 
445 497 17 31 0.016563186 
557 18 33 83 0.016558759 
217 427 35 65 0.016547652 
302 459 17 31 0.016543405 
320 195 10 20 0.016522443 
23 219 36 59 0.016516492 
231 518 36 56 0.01650994 
284 315 13 28 0.016506372 
40 365 10 17 0.016504321 
640 604 15 24 0.016503321 
793 203 12 26 0.016502062 
655 80 10 24 0.016496722 
168 492 8 14 0.016491478 
447 294 14 29 0.016481502 
538 41 11 23 0.016481418 
284 649 11 15 0.016479509 
75 321 14 23 0.0164668 
217 698 14 22 0.016466081 
326 11 27 74 0.016464446 
141 619 12 17 0.016459396 
27 313 106 104 0.016456377 
959 454 12 19 0.016449703 
3 246 9 24 0.016448239 
931 294 40 68 0.01643687 
216 537 40 64 0.016424257 
449 569 11 22 0.016423617 
517 107 82 126 0.016419504 
266 459 20 30 0.016416917 
115 68 40 69 0.016404802 
185 482 7 13 0.016403802 
585 128 38 43 0.016403701 
304 327 15 32 0.016399926 
616 461 15 24 0.016397756 
502 575 38 68 0.01638916 
370 657 11 15 0.016382128 
464 686 9 16 0.016374577 
613 202 38 78 0.016363928 
882 323 12 19 0.016362324 
549 293 19 28 0.016348034 
26 118 14 27 0.01633832 
422 211 65 114 0.016315674 
987 160 8 19 0.016312307 
55 346 39 58 0.016306018 
491 -2 116 110 0.01628784 
996 351 16 33 0.016268317 
374 40 10 25 0.016262455 
852 50 6 13 0.01625001 
565 3 14 23 0.016233798 
959 303 41 65 0.016230904 
102 50 14 29 0.01622878 
27 443 7 16 0.016227769 
786 74 6 14 0.01620694 
17 184 34 71 0.016206803 
146 713 8 14 0.016204294 
574 177 13 27 0.01620069 
680 535 12 30 0.016196648 
73 446 16 29 0.016195258 
177 213 39 63 0.016185861 
452 715 7 13 0.016178029 
564 549 13 29 0.016176516 
572 600 13 29 0.016153479 
920 520 16 32 0.016153077 
75 297 44 58 0.016145175 
131 588 8 12 0.01614434 
86 360 19 25 0.01613758 
53 548 25 29 0.016132614 
2 70 7 21 0.016106086 
942 623 20 28 0.016105624 
820 569 12 18 0.016102767 
944 533 16 30 0.016090473 
35 88 23 30 0.016085304 
130 545 9 16 0.016076876 
288 451 24 44 0.01607407 
190 668 11 22 0.016065987 
313 271 40 71 0.016058475 
0 777 76 70 0.016051123 
945 344 15 28 0.016047636 
151 450 14 23 0.016020698 
72 111 19 31 0.016017314 
139 633 15 19 0.01601034 
197 48 12 15 0.015996419 
526 687 12 18 0.015990963 
716 144 35 60 0.01598902 
859 569 10 16 0.015974464 
853 231 22 37 0.015974449 
2 54 7 25 0.015966468 
229 90 12 24 0.015964821 
76 568 17 16 0.015957879 
565 50 12 33 0.015936142 
484 429 37 65 0.01591744 
841 436 15 27 0.015913825 
808 206 11 23 0.01590678 
714 408 20 33 0.01590317 
458 349 12 24 0.015897825 
976 444 9 16 0.015894298 
615 412 13 24 0.015884506 
137 280 25 27 0.015883358 
732 621 13 19 0.015876355 
823 606 24 29 0.01587312 
560 413 16 25 0.015868854 
957 564 17 28 0.015860388 
429 407 40 60 0.015858594 
345 395 12 28 0.01585782 
556 382 8 12 0.01585707 
921 628 16 23 0.015851252 
892 187 21 18 0.015834197 
716 326 36 65 0.015830645 
357 255 36 66 0.015828898 
945 567 15 24 0.015818167 
253 311 36 59 0.01581652 
215 -168 106 54 0.015801651 
832 518 41 65 0.015794639 
487 598 13 28 0.015793001 
523 520 15 41 0.015791541 
875 35 8 15 0.015786355 
11 690 12 34 0.015777422 
212 609 53 58 0.015775748 
942 578 20 28 0.01576549 
722 126 7 12 0.015763601 
176 664 15 28 0.015755113 
63 347 15 23 0.015749427 
785 522 8 16 0.015743662 
477 0 15 13 0.015713522 
131 316 56 83 0.015709504 
729 269 40 63 0.015707254 
41 562 13 23 0.015706789 
451 382 34 53 0.015703458 
617 112 9 15 0.015680978 
1 275 10 19 0.015680714 
130 533 9 17 0.015663914 
38 78 19 24 0.015660342 
196 30 12 16 0.015659533 
402 105 917 1101 0.01565029 
894 387 19 23 0.015645947 
881 628 22 22 0.015639808 
651 517 16 32 0.015634349 
75 457 18 34 0.015620493 
592 446 41 72 0.0156164 
504 603 10 22 0.015595254 
896 557 12 20 0.01558462 
728 464 12 21 0.0155818695 
238 64 19 24 0.015576662 
81 474 24 31 0.015570755 
994 630 26 29 0.01556241 
226 65 19 23 0.01556166 
603 111 9 16 0.015548909 
171 711 7 16 0.015543379 
62 331 16 26 0.015540001 
783 541 10 21 0.015523815 
458 496 18 35 0.015522744 
54 366 10 18 0.0155113 
59 317 18 26 0.015504048 
324 104 8 29 0.0154781155 
5 -126 79 138 0.015476633 
589 209 10 21 0.015475703 
30 617 10 20 0.01547086 
86 261 18 23 0.0154642435 
319 669 13 18 0.015462631 
284 618 9 18 0.015445429 
270 260 12 21 0.01543499 
770 358 13 25 0.015434123 
511 471 13 29 0.01543274 
37 163 14 30 0.015432231 
845 291 15 35 0.015430954 
246 611 10 16 0.01542997 
994 498 16 30 0.015423967 
502 687 10 15 0.015419571 
332 318 14 29 0.015418687 
334 351 35 77 0.015414367 
362 371 35 66 0.015413505 
15 622 9 18 0.015397767 
545 490 20 36 0.015394371 
982 499 19 32 0.015390049 
59 568 16 18 0.015355901 
895 539 13 25 0.015349654 
652 630 14 26 0.015341105 
463 714 10 14 0.015326663 
895 399 17 23 0.015321376 
118 636 339 340 0.015321218 
726 205 12 23 0.015321015 
43 435 37 68 0.015318167 
414 701 7 15 0.015304199 
905 378 23 24 0.015278802 
601 396 14 28 0.015275036 
515 221 9 18 0.015266411 
229 340 36 51 0.015262606 
186 149 43 57 0.015256285 
931 624 20 28 0.015239545 
320 210 10 17 0.0152272 
447 318 13 28 0.015224798 
756 183 16 41 0.015220721 
305 -4 12 14 0.015208685 
57 301 23 29 0.015184207 
908 644 12 16 0.015171122 
190 470 33 62 0.015166299 
424 583 11 22 0.015156324 
998 339 37 72 0.015137559 
716 65 13 26 0.015134161 
778 617 15 25 0.015112584 
605 206 9 23 0.015100446 
651 467 16 32 0.015096028 
742 461 13 24 0.015075799 
273 567 35 65 0.015074802 
400 717 10 30 0.015058929 
322 146 75 100 0.015058506 
244 176 11 15 0.015054687 
841 395 36 71 0.015045759 
210 29 45 45 0.01503962 
38 188 43 68 0.015032826 
943 399 37 65 0.0150279775 
250 388 20 34 0.015025443 
699 59 37 69 0.015018838 
830 418 16 33 0.015011955 
602 93 11 21 0.014990051 
733 673 10 15 0.01498694 
744 659 12 20 0.01498501 
29 72 11 18 0.01498347 
718 671 12 19 0.01498209 
319 430 40 66 0.014981745 
719 106 10 17 0.014975413 
351 159 30 52 0.014967754 
216 541 103 104 0.0149671715 
846 686 14 19 0.014951524 
168 469 10 15 0.014949262 
416 177 149 239 0.014929137 
427 191 37 69 0.014922455 
540 671 12 20 0.01491334 
73 444 49 64 0.014904845 
719 191 11 26 0.014898279 
387 56 8 19 0.014895894 
560 507 35 69 0.014889289 
7 503 32 71 0.014880752 
474 622 9 16 0.014880389 
82 489 47 67 0.014875222 
680 91 12 23 0.014875167 
414 714 7 14 0.0148745235 
277 129 90 99 0.014873239 
171 286 28 29 0.014870738 
404 142 21 33 0.014862017 
50 194 13 26 0.014849051 
707 124 8 13 0.0148377195 
24 645 15 24 0.014824544 
988 6 10 18 0.014819176 
460 319 12 28 0.014818577 
230 230 13 30 0.014790895 
320 369 33 71 0.014790397 
349 600 22 31 0.014784754 
789 506 38 70 0.014779477 
867 620 19 22 0.014770496 
804 629 18 23 0.014767082 
274 505 40 64 0.0147667965 
1014 584 11 16 0.014755701 
976 592 27 28 0.014754032 
380 511 38 61 0.014750135 
525 464 12 22 0.014739273 
502 701 10 14 0.014725888 
625 368 16 29 0.014722015 
858 621 16 20 0.014713634 
779 605 15 23 0.014701437 
40 -15 11 29 0.014698682 
477 564 34 71 0.014688217 
344 292 16 29 0.014684207 
501 262 36 63 0.014676937 
299 122 7 21 0.014676606 
109 211 23 41 0.014656071 
370 585 17 34 0.014637759 
371 617 12 22 0.01463443 
657 564 37 65 0.0146066025 
696 503 35 65 0.0145931905 
663 230 19 32 0.014592051 
842 249 20 42 0.014590503 
534 442 19 33 0.014583209 
93 585 11 14 0.014573413 
372 633 11 17 0.014571783 
941 541 44 68 0.014566128 
444 159 34 65 0.014563172 
704 104 11 20 0.014555701 
460 579 11 21 0.014551435 
402 45 7 17 0.014548004 
708 452 10 20 0.014534966 
336 211 9 16 0.014517053 
863 411 37 73 0.014510772 
153 500 12 18 0.0145105 
428 599 25 40 0.014477602 
859 631 59 56 0.014470303 
91 25 38 74 0.0144654205 
360 -5 12 15 0.014464491 
184 472 7 12 0.014457227 
625 383 17 34 0.014450502 
17 139 37 73 0.014450229 
701 428 16 32 0.014427173 
384 364 43 68 0.014417006 
638 201 43 69 0.014411024 
860 603 12 19 0.014409702 
388 384 99 129 0.014406413 
740 138 95 105 0.014395787 
895 325 14 19 0.014393391 
752 673 13 17 0.01436077 
549 671 12 22 0.014358448 
188 309 21 35 0.014352961 
89 696 14 19 0.0143493805 
805 580 16 22 0.014348247 
567 663 8 13 0.014346413 
687 558 18 35 0.014344824 
461 76 31 68 0.014325526 
755 360 13 25 0.014320013 
450 687 9 15 0.0143179465 
236 41 21 22 0.014303714 
983 525 16 25 0.014303263 
8 213 30 67 0.014295734 
718 553 38 60 0.014277545 
279 655 14 21 0.0142771145 
70 243 23 25 0.014268347 
188 273 20 25 0.01425232 
49 680 16 24 0.014251074 
128 699 12 16 0.0142462775 
116 699 11 16 0.014230309 
626 124 102 105 0.014213919 
280 332 35 67 0.014210458 
411 258 11 22 0.014190086 
278 -169 108 55 0.01418275 
551 4 12 20 0.014174472 
853 374 36 68 0.01417386 
39 666 13 23 0.014154251 
558 493 19 37 0.014152466 
12 667 12 21 0.014135945 
319 329 14 31 0.0141164595 
680 108 10 18 0.014113474 
653 222 14 23 0.014098078 
522 626 15 23 0.014086058 
279 37 16 28 0.014082131 
397 478 35 60 0.014081782 
406 129 17 29 0.014077347 
178 416 16 17 0.014070882 
332 -4 11 13 0.014068614 
748 156 34 71 0.014063159 
797 516 11 25 0.014061908 
522 519 36 72 0.014059416 
310 329 34 72 0.014056793 
553 -4 10 12 0.0140544595 
265 393 18 31 0.014052412 
975 9 7 13 0.014044024 
976 455 12 20 0.014044004 
505 617 10 18 0.014039851 
230 425 15 28 0.014035674 
25 613 49 69 0.0140325865 
343 668 12 16 0.014031596 
62 -38 13 34 0.014024315 
450 8 11 17 0.014023195 
477 702 9 13 0.014020887 
698 633 21 32 0.014014796 
945 551 15 26 0.014009461 
374 271 38 67 0.014008394 
305 390 36 66 0.013994683 
815 534 18 29 0.013990031 
86 502 15 21 0.013980806 
810 562 46 62 0.013979656 
692 106 11 19 0.0139631005 
528 673 9 15 0.013961434 
858 665 12 12 0.013958506 
835 699 10 19 0.013954523 
714 384 17 30 0.013949989 
593 673 8 15 0.013911908 
50 165 14 29 0.013905576 
907 363 16 22 0.013904916 
346 28 12 24 0.013900608 
640 328 39 70 0.013881926 
728 31 16 37 0.013857508 
356 603 45 67 0.013844118 
641 593 13 22 0.013832911 
744 565 13 26 0.013813542 
165 661 16 30 0.013800874 
71 422 17 26 0.013774606 
288 480 36 64 0.013770877 
310 541 37 69 0.013764079 
629 673 8 14 0.013763652 
538 461 17 29 0.013760417 
489 461 12 25 0.013757621 
1 654 13 21 0.013754023 
935 411 13 22 0.013742762 
845 698 14 21 0.013735989 
277 466 24 36 0.013732805 
616 94 10 20 0.013730654 
497 24 17 29 0.013726831 
4 154 30 74 0.013716803 
358 190 15 27 0.013690354 
239 420 18 32 0.013686762 
718 537 12 24 0.01367918 
103 519 11 17 0.013671558 
51 181 12 25 0.013670343 
666 660 11 19 0.013658943 
639 579 12 21 0.013630193 
635 528 36 65 0.013618631 
412 0 9 9 0.0136184525 
671 482 37 56 0.013607479 
576 462 15 25 0.013605302 
305 458 35 69 0.013603139 
901 40 31 49 0.013602666 
590 539 13 26 0.013601656 
908 656 12 17 0.013593956 
664 627 18 26 0.013585146 
873 511 11 25 0.01358406 
421 283 38 67 0.013577494 
952 615 24 25 0.013576408 
445 80 29 64 0.0135755725 
216 83 14 31 0.013564113 
630 494 93 107 0.013553456 
993 618 21 22 0.013551195 
638 424 36 59 0.013546581 
573 44 17 45 0.013534975 
586 395 16 31 0.013524029 
905 393 25 29 0.013516308 
48 666 16 25 0.013493578 
381 569 18 42 0.013487664 
294 -181 330 108 0.013485449 
217 373 16 25 0.013473574 
596 541 22 45 0.013466984 
207 684 11 21 0.013466767 
904 409 20 26 0.013462024 
956 518 19 29 0.013460169 
514 12 34 72 0.0134569025 
178 27 48 58 0.013435256 
18 373 29 71 0.013435207 
97 483 23 27 0.013429998 
179 90 35 71 0.013426613 
247 345 33 52 0.013425754 
551 40 11 25 0.013425185 
882 306 13 24 0.013411293 
102 252 17 28 0.013381148 
341 -169 108 55 0.013381091 
1 715 71 102 0.013373106 
566 -5 11 14 0.013369162 
971 523 16 26 0.013354546 
112 453 16 21 0.01333682 
497 68 30 66 0.013327544 
531 191 38 56 0.0133208735 
488 622 10 17 0.013304388 
173 590 30 50 0.013281066 
254 91 13 29 0.01327445 
571 486 42 71 0.013250282 
206 99 11 27 0.013248966 
699 238 33 57 0.013235191 
347 235 71 126 0.013231317 
922 643 13 20 0.0132291885 
841 483 16 31 0.013224571 
130 572 9 14 0.013216963 
542 50 29 67 0.013208916 
564 528 15 36 0.013193177 
972 537 16 27 0.01316996 
229 76 14 22 0.013163411 
373 491 33 52 0.013162297 
827 629 19 24 0.013158488 
561 434 17 28 0.013113604 
591 659 8 18 0.013111049 
3 262 9 20 0.013106264 
582 308 24 32 0.013105141 
160 586 7 12 0.013104549 
387 41 9 23 0.0130991675 
142 507 37 61 0.013084035 
181 107 9 22 0.013082736 
114 49 14 32 0.013082514 
790 629 18 26 0.013080939 
277 379 30 55 0.013075117 
638 592 41 60 0.013070747 
473 152 35 61 0.013059041 
500 531 31 67 0.013056122 
743 51 11 28 0.013046952 
537 681 17 24 0.013035414 
349 399 35 68 0.013018186 
159 712 7 14 0.0130096115 
101 401 19 24 0.01300881 
161 119 41 61 0.013005461 
188 402 19 19 0.012993103 
608 529 24 36 0.012988187 
218 636 17 14 0.012987602 
953 592 24 27 0.012986566 
451 0 9 10 0.012977696 
611 368 16 29 0.0129755465 
357 3 16 19 0.0129746245 
347 -3 10 13 0.012973874 
534 543 34 68 0.012962557 
957 652 14 25 0.012961074 
497 479 14 33 0.01295016 
599 299 18 28 0.01294994 
692 596 14 21 0.01294283 
573 426 18 28 0.012928223 
829 539 17 24 0.012908008 
954 370 40 72 0.012907295 
137 11 17 29 0.012906828 
907 495 17 31 0.012904124 
70 261 23 25 0.012903554 
655 386 34 65 0.012886971 
138 452 15 22 0.012880132 
196 105 8 22 0.012877857 
738 298 141 178 0.012870677 
419 474 36 66 0.012864377 
421 547 40 71 0.012863336 
1005 243 34 66 0.012851898 
795 401 36 68 0.012843674 
110 419 21 26 0.012842984 
401 -1 9 9 0.012837097 
511 498 14 32 0.012806063 
942 518 19 29 0.012803 
643 662 7 13 0.012783212 
89 88 40 65 0.012780824 
323 -4 10 12 0.012779457 
573 2 16 24 0.0127763655 
623 503 20 34 0.012775266 
827 472 19 35 0.012764559 
475 712 11 16 0.012755428 
640 640 12 25 0.012755079 
462 525 12 28 0.01274565 
130 559 8 13 0.012736522 
2 5 7 24 0.012723911 
347 233 35 65 0.012715211 
756 446 13 23 0.012711208 
870 674 12 13 0.01270742 
208 648 9 13 0.01270507 
412 6 10 15 0.012700513 
106 604 46 47 0.012696837 
25 331 13 27 0.012682892 
739 130 38 50 0.01265984 
308 667 12 20 0.01261353 
599 405 38 72 0.012611321 
157 518 10 17 0.012594558 
72 304 19 26 0.012582248 
846 597 50 59 0.012580956 
74 627 19 26 0.012569658 
475 575 11 24 0.01255991 
676 424 33 63 0.012555511 
75 350 45 55 0.012551893 
63 559 49 67 0.0125464685 
994 451 23 37 0.012543787 
588 502 14 26 0.012530612 
616 327 21 34 0.0125179505 
734 660 8 14 0.012511484 
366 114 37 65 0.012504158 
436 683 11 18 0.0125034405 
895 646 13 14 0.012492507 
523 447 15 26 0.012491094 
574 630 14 27 0.012484709 
470 458 16 30 0.012479424 
844 630 16 20 0.012468022 
866 512 40 68 0.012452112 
340 186 35 60 0.012451976 
882 508 14 28 0.012431025 
170 559 12 16 0.012419386 
793 109 36 55 0.012412838 
844 648 13 15 0.012411588 
166 451 12 21 0.012407409 
170 699 7 17 0.012387669 
826 491 20 37 0.0123669645 
741 175 16 38 0.012357311 
878 180 55 48 0.012348215 
492 669 8 15 0.012330886 
352 568 20 38 0.012322392 
955 666 15 26 0.012320482 
523 695 16 21 0.012307126 
990 274 38 60 0.012306692 
791 455 33 71 0.012292615 
344 15 16 22 0.012279664 
898 671 11 15 0.012268566 
962 216 87 107 0.012254508 
43 -26 25 64 0.01225093 
656 29 31 76 0.01220941 
458 198 37 63 0.012208863 
547 135 32 58 0.012199052 
514 182 31 50 0.012196379 
831 669 13 18 0.012195816 
28 -49 33 75 0.0121790245 
992 -171 42 98 0.01217609 
47 149 18 32 0.012163867 
215 406 16 28 0.012162366 
947 362 12 22 0.0121583445 
34 139 20 32 0.0121567985 
605 673 7 14 0.012153959 
426 31 8 18 0.01214225 
687 264 19 36 0.0121346 
447 225 35 61 0.012129718 
383 545 16 37 0.0121232765 
1015 161 10 22 0.012119479 
483 13 18 27 0.0121113695 
527 489 13 25 0.012104525 
45 516 40 55 0.012101817 
212 580 35 57 0.0120910015 
602 514 18 31 0.01208911 
989 706 35 112 0.01208529 
895 523 15 28 0.012084994 
979 466 22 40 0.012079307 
833 686 11 17 0.012065061 
143 529 11 20 0.012054597 
1006 651 20 24 0.012047739 
663 643 15 25 0.012043607 
153 94 12 23 0.012038832 
140 683 13 18 0.012028231 
761 590 48 72 0.012026329 
659 606 39 58 0.012021853 
86 452 14 21 0.012020997 
793 534 15 32 0.012016303 
293 383 83 129 0.012001413 
462 52 12 23 0.0119918 
154 664 16 26 0.011991336 
376 393 33 66 0.011986349 
233 681 66 80 0.011977249 
601 490 13 26 0.011975975 
957 533 17 30 0.011956411 
981 618 20 20 0.011956407 
153 434 13 24 0.011945724 
195 348 13 21 0.011943759 
419 665 16 24 0.0119272 
572 90 39 64 0.011912911 
833 708 12 22 0.011912529 
570 46 35 73 0.011909992 
489 190 41 71 0.011902083 
171 505 10 19 0.011883234 
144 701 9 14 0.011882036 
352 42 25 74 0.011876718 
122 327 20 29 0.011875096 
769 628 12 21 0.011864811 
649 469 42 69 0.011836199 
16 567 9 21 0.011831939 
421 680 13 21 0.011825618 
718 449 13 23 0.011817496 
853 696 19 24 0.011814029 
752 684 14 18 0.011812859 
561 199 33 61 0.011808396 
907 345 17 26 0.011802933 
917 407 20 27 0.011793293 
411 19 10 19 0.011792749 
564 588 40 75 0.011791221 
486 710 13 17 0.0117896525 
369 548 16 34 0.011779686 
436 494 40 74 0.011776949 
508 -168 108 54 0.0117698815 
202 400 17 22 0.011752052 
425 17 10 19 0.011736535 
839 184 38 55 0.011733365 
39 680 14 23 0.0117264725 
1 333 10 27 0.011717026 
868 686 15 17 0.011707031 
623 638 15 25 0.011699194 
894 485 42 80 0.011682544 
986 635 16 18 0.0116796205 
4 79 31 69 0.011673045 
589 190 12 26 0.011668118 
163 421 17 25 0.011660708 
31 -42 86 115 0.011659349 
271 607 10 19 0.011656082 
667 672 11 18 0.01164808 
679 71 38 66 0.011640051 
978 541 39 57 0.011631481 
35 301 20 28 0.011617127 
877 244 21 34 0.011612786 
890 57 31 50 0.011602359 
116 517 11 18 0.011592509 
980 619 46 57 0.011581346 
610 125 34 48 0.011579999 
599 472 14 26 0.011576664 
411 420 37 61 0.011563926 
250 48 126 116 0.011563828 
207 505 36 62 0.011562193 
737 526 39 72 0.0115596475 
2 469 7 19 0.011548979 
160 572 8 13 0.01152249 
168 -5 45 51 0.011512708 
540 374 39 56 0.011512174 
644 -179 303 101 0.011499831 
252 178 36 49 0.011498119 
879 549 46 64 0.011493193 
470 226 42 65 0.011462706 
802 196 37 69 0.011461615 
100 386 18 23 0.011459805 
333 456 34 55 0.01145732 
229 624 16 16 0.011441815 
439 703 6 12 0.011438557 
804 565 14 23 0.011406478 
65 212 14 19 0.011400881 
648 180 38 55 0.011382124 
13 541 14 36 0.011378498 
781 229 38 64 0.011376846 
498 29 33 63 0.011368578 
174 551 31 45 0.011364012 
933 187 15 18 0.011352051 
704 656 13 19 0.0113518955 
50 696 16 23 0.011346641 
602 355 16 28 0.011327854 
305 17 24 68 0.011324811 
22 297 19 37 0.011314457 
198 424 34 65 0.0113067785 
286 638 9 14 0.0113021955 
627 656 10 17 0.011299426 
526 477 13 21 0.011298979 
443 -168 109 54 0.011269671 
57 258 26 26 0.011265839 
521 568 36 63 0.011263684 
63 697 15 21 0.011259012 
589 199 36 67 0.011237746 
757 56 9 24 0.011221539 
467 -7 44 43 0.011221496 
471 521 28 60 0.011219279 
894 506 15 30 0.011216201 
661 441 33 58 0.011210111 
732 644 11 17 0.011200928 
205 375 14 21 0.011177978 
137 668 16 21 0.011176355 
318 73 139 181 0.011167933 
907 672 14 18 0.011164356 
529 660 8 16 0.011163051 
23 324 42 75 0.011152729 
602 604 15 28 0.011123125 
615 541 39 59 0.011110294 
85 244 20 26 0.011106427 
414 34 6 16 0.011088306 
139 77 14 29 0.011070729 
974 645 12 18 0.011056737 
3 594 8 20 0.011054381 
225 636 24 17 0.011038607 
407 -177 75 94 0.011030251 
75 -35 14 33 0.011019842 
957 83 15 30 0.011016823 
431 108 32 60 0.011009361 
889 22 6 14 0.011005378 
82 7 33 66 0.011000046 
105 7 38 70 0.010997809 
550 15 14 24 0.010987699 
182 457 9 15 0.01098283 
0 -141 41 103 0.010980583 
286 651 53 63 0.010970655 
656 663 9 15 0.010967312 
343 317 15 30 0.0109621 
138 39 15 34 0.010959855 
690 331 15 29 0.010944553 
3 548 33 74 0.010933439 
650 235 18 30 0.01092753 
144 555 9 17 0.010925862 
1015 -15 8 16 0.010918285 
2 38 8 30 0.01090262 
24 668 12 21 0.010891653 
490 122 29 59 0.010890605 
308 72 10 39 0.010888026 
682 661 11 15 0.0108751645 
624 391 36 64 0.010858591 
434 457 37 62 0.0108576575 
1010 496 16 31 0.010850244 
553 68 31 67 0.010848944 
802 547 16 32 0.010848156 
75 127 17 27 0.010845149 
487 533 27 58 0.010838987 
71 224 21 23 0.010828383 
435 596 16 23 0.0108124595 
214 711 18 37 0.010808124 
748 621 20 30 0.0108046075 
1 412 8 27 0.010801489 
895 683 16 19 0.010795081 
223 376 27 39 0.010784791 
398 81 37 66 0.010783844 
358 450 35 51 0.010783031 
704 671 14 19 0.010776435 
620 672 8 15 0.010774753 
2 -7 8 19 0.0107745705 
780 423 34 69 0.01076601 
863 240 25 42 0.010758188 
633 274 23 53 0.010757528 
331 681 15 18 0.010742867 
561 553 31 64 0.0107312845 
386 626 15 27 0.010730156 
179 435 13 21 0.010715031 
998 143 11 26 0.010672148 
575 -6 14 16 0.0106614195 
119 533 45 69 0.010651406 
773 191 40 72 0.010650708 
516 130 30 52 0.010648687 
15 588 37 70 0.010643585 
469 109 27 59 0.010642073 
60 476 41 62 0.0106385555 
933 639 15 23 0.010621779 
933 361 15 25 0.010621409 
29 -6 28 66 0.010620741 
972 631 15 20 0.010614646 
214 191 39 72 0.010581451 
705 461 37 54 0.010568773 
526 40 31 70 0.01056315 
217 684 16 18 0.010562562 
744 216 12 28 0.010561257 
714 31 16 35 0.010555109 
144 545 9 17 0.010546517 
905 683 20 22 0.010514326 
845 565 13 19 0.01051083 
986 593 51 58 0.010507428 
60 -25 23 64 0.010503711 
613 487 16 30 0.010502814 
157 541 11 19 0.01050272 
77 697 14 19 0.010496834 
79 665 14 23 0.0104921805 
886 669 56 60 0.010486417 
406 258 37 65 0.010484959 
106 174 28 48 0.010460514 
336 93 30 69 0.010454124 
71 -3 27 61 0.010452482 
573 442 19 30 0.010419617 
26 -13 12 25 0.010419509 
917 361 19 26 0.0103839515 
63 682 15 20 0.01037403 
702 181 38 71 0.010354891 
49 -48 17 28 0.010347755 
101 502 15 19 0.010345303 
974 658 11 19 0.010341365 
144 723 10 21 0.010313155 
815 662 18 24 0.010303636 
679 176 36 64 0.010302266 
812 178 39 59 0.0102743935 
693 658 12 17 0.010272107 
419 126 32 65 0.010270997 
67 49 42 66 0.010268525 
155 680 12 21 0.010268175 
749 447 39 74 0.01026213 
409 591 14 28 0.010251118 
579 672 9 17 0.010244428 
962 417 43 66 0.01023975 
322 115 31 61 0.010231243 
726 40 32 71 0.010228757 
526 642 10 19 0.010228443 
886 658 13 13 0.010214943 
494 344 40 60 0.01020811 
567 671 9 18 0.010206501 
994 62 14 30 0.010202081 
127 62 14 32 0.010200712 
202 89 33 67 0.01019822 
386 670 10 16 0.0101891635 
3 389 7 23 0.010186088 
423 14 33 76 0.010183106 
368 256 18 32 0.010179703 
358 330 16 30 0.010176524 
386 223 76 141 0.0101521965 
603 185 14 33 0.010142372 
2 673 8 18 0.010128536 
356 12 17 29 0.0101189045 
358 222 13 23 0.010113771 
900 636 55 72 0.010112668 
561 -177 75 94 0.010106217 
794 579 15 23 0.010102873 
945 329 41 74 0.010096232 
34 388 35 73 0.010076817 
206 675 11 15 0.010076698 
402 714 7 14 0.0100670885 
84 150 23 32 0.010063121 
395 304 38 66 0.010058121 
4 359 29 77 0.010057837 
617 266 15 31 0.010041669 
111 434 18 23 0.010035764 
895 310 13 20 0.010033831 
740 680 17 21 0.010031748 
726 472 43 64 0.010017613 
110 158 22 33 0.010016011 
361 510 36 61 0.010010579 
1002 154 35 65 0.01000253 
552 364 10 20 0.010001222 
