13_Interview_Interview_Sequences_13_929
2587
490 152 51 82 0.99932253 
787 159 102 114 0.9964007 
177 162 74 87 0.9935468 
63 151 101 117 0.9929547 
842 277 160 167 0.5797554 
707 128 9 19 0.24222401 
664 154 10 19 0.22772704 
846 177 88 112 0.2000231 
74 274 21 27 0.15964648 
694 155 9 20 0.15029632 
92 100 93 98 0.14964014 
622 328 97 73 0.12268929 
869 221 108 120 0.119738914 
714 127 11 25 0.11530409 
937 324 96 135 0.108412616 
603 289 8 14 0.10695824 
-8 217 150 231 0.10529016 
186 121 24 22 0.10406283 
675 178 13 27 0.10350347 
922 74 11 34 0.102014855 
234 309 186 157 0.09925211 
735 263 24 33 0.098675214 
335 131 9 17 0.098257475 
624 326 12 16 0.097818725 
667 169 10 18 0.09476667 
276 132 15 19 0.09448765 
135 130 87 98 0.09347893 
138 323 110 87 0.09307298 
556 299 6 10 0.09069175 
912 73 10 36 0.09057261 
624 333 14 20 0.09018713 
604 299 10 16 0.08899967 
604 313 10 14 0.087741084 
179 111 13 12 0.087542094 
618 324 11 16 0.087527655 
746 251 96 76 0.08746424 
592 314 8 12 0.08179035 
25 26 13 22 0.08143131 
853 145 15 18 0.08092685 
63 239 100 128 0.079940826 
16 27 12 23 0.073595226 
615 317 9 13 0.073271565 
698 124 6 12 0.072834745 
661 151 7 13 0.07279049 
792 145 54 68 0.07231625 
960 535 11 34 0.072232 
691 171 11 28 0.070210844 
35 26 13 21 0.06971455 
26 17 11 16 0.06963521 
545 152 12 27 0.06945568 
615 333 15 22 0.068729796 
565 301 7 11 0.06830325 
1000 15 9 18 0.06762135 
680 170 9 20 0.067384906 
38 16 11 16 0.06726222 
130 165 50 94 0.06697327 
588 248 9 19 0.0669239 
407 280 13 24 0.06671633 
593 263 7 14 0.066345155 
839 123 103 107 0.0661952 
400 301 158 165 0.06571676 
2 190 10 25 0.06542118 
594 276 7 14 0.06499186 
604 194 9 19 0.063465215 
705 140 11 22 0.06287642 
614 299 10 16 0.062665805 
544 299 6 10 0.06243732 
646 277 99 90 0.062197622 
696 133 6 13 0.061890546 
696 149 6 14 0.061471257 
933 76 12 30 0.061350685 
521 420 19 29 0.06116718 
338 142 7 16 0.060695443 
855 137 11 13 0.060399417 
51 17 11 15 0.06031372 
1014 68 10 20 0.059946164 
422 376 10 16 0.059781615 
72 313 96 115 0.05957443 
596 288 6 12 0.059460238 
144 6 7 16 0.059421267 
308 26 11 24 0.05932295 
847 137 12 13 0.05910057 
132 19 7 13 0.05902941 
132 6 7 16 0.058847364 
321 26 11 24 0.05884722 
974 26 10 23 0.05880811 
245 330 30 33 0.058752373 
701 151 11 26 0.058139347 
93 30 7 16 0.05813521 
949 536 10 33 0.058021095 
209 -6 6 14 0.05789852 
269 140 14 22 0.05775922 
780 300 50 47 0.057747524 
106 18 7 14 0.05759833 
733 94 7 18 0.057513878 
660 72 5 14 0.057508342 
157 5 7 17 0.057405803 
435 246 10 18 0.05738943 
144 18 7 15 0.05736244 
16 19 9 16 0.05718716 
394 121 14 19 0.057161443 
183 -7 7 15 0.057106927 
66 18 9 14 0.0568415 
196 -7 7 15 0.056614283 
529 360 9 18 0.05631389 
50 96 11 16 0.056307983 
79 18 8 14 0.05621438 
92 18 8 14 0.056158725 
687 136 5 11 0.055883463 
119 6 7 16 0.05568363 
680 157 9 17 0.05564064 
170 -7 7 16 0.055545878 
119 18 7 14 0.055491976 
898 77 10 31 0.055384036 
170 5 7 17 0.055267885 
105 30 8 16 0.05517051 
270 123 12 16 0.055161305 
922 104 10 21 0.055034272 
188 110 14 14 0.05500458 
1002 6 8 16 0.054412 
183 4 7 18 0.05428209 
593 305 7 10 0.054233868 
779 265 36 36 0.054136407 
62 119 14 18 0.053934377 
79 29 9 17 0.05374303 
741 248 19 22 0.053649176 
157 -7 7 16 0.053643268 
51 28 11 18 0.05357374 
503 506 7 14 0.053090844 
59 127 20 26 0.05303642 
748 82 6 16 0.0530277 
529 335 8 16 0.052635215 
222 -6 6 14 0.05228281 
846 527 10 31 0.05221549 
972 537 11 29 0.052116044 
386 68 10 18 0.051889915 
53 118 12 17 0.051815324 
931 116 14 23 0.051766388 
106 6 7 15 0.051702414 
144 31 7 15 0.051655594 
581 250 8 16 0.05148248 
963 27 10 22 0.05141256 
483 272 12 21 0.05129613 
254 154 14 24 0.051237244 
999 26 11 22 0.051132523 
475 270 13 21 0.05057126 
607 129 7 22 0.0505319 
854 497 208 297 0.050497737 
1017 58 8 17 0.05042508 
768 183 8 15 0.050310444 
834 516 7 20 0.050228626 
353 277 101 103 0.049934633 
529 350 8 17 0.049832985 
164 124 20 23 0.04962596 
132 31 7 14 0.049583755 
687 313 104 79 0.049527638 
610 377 21 18 0.049244452 
1014 4 10 19 0.0489982 
154 122 16 17 0.048936203 
144 -6 8 15 0.04876346 
66 29 10 17 0.04871764 
334 27 10 22 0.04867092 
191 501 11 24 0.048490018 
505 286 7 14 0.04840925 
618 130 6 20 0.048136596 
196 4 7 17 0.048101965 
190 309 101 78 0.048036367 
618 116 6 23 0.04796877 
234 -6 7 14 0.047898177 
49 104 12 18 0.047715142 
747 242 9 13 0.047662403 
835 138 10 12 0.04765671 
920 116 15 23 0.047593426 
835 528 8 25 0.047538817 
821 504 9 16 0.04751072 
426 274 10 17 0.047496103 
157 18 7 15 0.047118228 
92 6 8 15 0.0471054 
759 70 6 16 0.046943262 
284 70 8 15 0.04692154 
682 148 7 14 0.046738088 
477 145 12 18 0.046681 
734 105 6 18 0.046671283 
914 106 8 18 0.046655405 
7 66 41 80 0.046537973 
749 72 5 12 0.04641974 
605 324 10 15 0.046401687 
837 67 7 19 0.04635662 
642 355 128 77 0.046287805 
618 291 7 13 0.04623028 
590 324 9 19 0.04621176 
119 31 7 14 0.045850355 
1015 183 8 19 0.045821745 
935 106 10 19 0.045819554 
283 208 9 23 0.045812685 
541 145 12 20 0.045758553 
279 124 12 14 0.04558214 
404 285 8 16 0.045450073 
764 185 6 12 0.045172505 
232 288 10 12 0.045150712 
629 316 8 12 0.045119286 
398 68 12 18 0.045039203 
432 260 11 19 0.04498127 
602 278 8 14 0.044853378 
574 470 16 30 0.044789884 
70 128 21 27 0.044741806 
747 92 6 19 0.044735424 
667 185 17 28 0.044728246 
670 125 6 10 0.044655375 
286 59 7 13 0.04462378 
986 26 10 22 0.044554226 
475 352 9 16 0.044320315 
686 127 5 9 0.044292316 
1000 538 10 24 0.044284847 
297 28 10 20 0.044273466 
66 -5 9 14 0.04409074 
247 -6 7 14 0.044020217 
340 68 17 20 0.043906208 
345 143 10 17 0.043841213 
471 362 12 19 0.043718565 
350 232 7 21 0.043554865 
172 112 9 10 0.043533344 
202 336 15 15 0.043533236 
158 31 6 15 0.04350498 
74 120 14 18 0.04347015 
923 311 8 15 0.04335174 
285 181 7 21 0.04325427 
132 69 8 15 0.043254085 
170 32 7 15 0.04307715 
347 28 10 21 0.043001994 
822 28 9 21 0.042913545 
209 3 6 17 0.04290256 
736 361 22 18 0.042838946 
283 4 9 17 0.042728692 
913 119 11 18 0.04270765 
935 537 10 31 0.042699292 
447 238 11 14 0.04269503 
383 118 15 20 0.042614654 
209 332 8 10 0.042578414 
512 123 11 13 0.04257212 
170 18 7 15 0.04252762 
271 4 8 16 0.042515222 
79 6 8 16 0.042497914 
537 363 9 15 0.042454183 
285 195 7 21 0.042364445 
343 131 12 20 0.04233026 
173 124 57 62 0.042304803 
296 3 9 18 0.042299397 
834 28 9 21 0.042242337 
117 81 8 17 0.042168047 
266 151 12 23 0.04215777 
347 -7 9 16 0.042129043 
788 316 27 24 0.04211394 
440 240 7 12 0.041990206 
133 43 6 14 0.041954905 
606 142 7 21 0.04195246 
133 57 6 14 0.041943014 
848 28 9 22 0.04194041 
51 6 11 17 0.0418802 
766 191 12 23 0.041776538 
222 4 7 16 0.041758165 
131 -6 7 15 0.041691758 
144 42 7 15 0.04165526 
120 71 6 14 0.041593347 
259 -6 8 15 0.04156478 
612 365 15 15 0.041551016 
234 4 7 16 0.041540798 
908 534 12 37 0.041485477 
254 315 14 15 0.041435316 
657 158 74 109 0.041289877 
668 139 7 12 0.041276477 
308 2 9 19 0.041187786 
260 4 7 16 0.041186564 
604 436 15 21 0.041147754 
165 499 13 26 0.041099183 
661 81 5 15 0.04104339 
297 193 7 21 0.0410426 
350 220 7 21 0.04091891 
612 376 108 84 0.040863067 
247 4 7 16 0.040800173 
11 294 10 29 0.040767394 
183 31 7 16 0.04062738 
530 294 5 9 0.040607926 
361 -7 8 16 0.040586706 
117 505 9 16 0.04057709 
603 432 12 14 0.04050505 
729 223 10 16 0.040410317 
373 -7 9 16 0.040367924 
66 6 9 16 0.040352512 
196 31 7 16 0.0402929 
754 241 11 13 0.040283926 
860 28 8 22 0.04028182 
144 122 10 13 0.04027723 
788 440 17 16 0.040275104 
321 188 10 33 0.040268652 
490 265 8 12 0.04024001 
308 15 10 19 0.04023439 
386 -7 8 16 0.04023362 
15 5 9 17 0.04020595 
1006 70 5 13 0.040133037 
66 109 9 14 0.04003345 
599 376 18 18 0.04000848 
823 18 7 15 0.039998583 
26 6 12 17 0.039968606 
670 232 92 91 0.03981554 
116 121 9 15 0.039777756 
3 28 9 22 0.03969553 
722 97 7 15 0.03969459 
184 18 6 15 0.039608445 
296 53 11 20 0.03960365 
988 18 8 16 0.039594337 
37 5 12 18 0.03957602 
759 79 6 17 0.039572097 
620 145 5 17 0.039556712 
897 536 11 33 0.03953753 
218 302 11 15 0.039521717 
669 72 5 12 0.039516788 
360 246 8 18 0.03946515 
628 347 13 17 0.039388847 
335 -7 8 16 0.03937193 
360 230 9 23 0.039345652 
975 18 8 17 0.03932026 
271 -6 8 15 0.039270822 
453 387 106 96 0.03925254 
615 197 7 17 0.039241362 
348 2 8 19 0.039202135 
196 337 10 13 0.039167266 
2 294 9 30 0.03910816 
282 78 10 20 0.03903837 
361 29 9 19 0.039019637 
825 67 6 18 0.0390166 
374 58 8 14 0.039014693 
421 147 14 15 0.038969282 
845 143 15 18 0.03895737 
698 115 6 10 0.038908068 
308 -7 10 16 0.03890608 
399 -7 8 16 0.038883567 
603 335 14 20 0.038880255 
912 310 10 17 0.03882096 
222 30 7 17 0.038798258 
361 2 8 18 0.038687557 
306 37 12 25 0.038638216 
519 301 5 10 0.038636673 
874 28 8 22 0.038543355 
425 -7 8 16 0.038480606 
321 16 9 19 0.038474597 
949 28 10 22 0.03844787 
227 142 18 25 0.038426716 
770 177 6 12 0.038418353 
721 109 6 14 0.03838931 
412 -7 8 16 0.038345337 
603 367 11 14 0.038326945 
833 504 8 17 0.03829176 
3 18 8 18 0.03827571 
810 29 8 18 0.038151648 
438 -7 8 16 0.038149063 
321 210 11 41 0.038143203 
921 536 11 33 0.038124364 
372 67 12 18 0.03808574 
321 -7 9 16 0.038082596 
326 147 6 12 0.038067713 
360 42 9 19 0.0380391 
1014 27 10 23 0.037939087 
209 30 7 17 0.037843883 
707 3 7 17 0.03784181 
451 -7 8 16 0.037807748 
387 59 7 13 0.03779024 
408 135 12 14 0.037747953 
407 66 13 19 0.037731055 
384 131 15 17 0.037719976 
335 2 8 19 0.03763822 
321 2 9 19 0.03762051 
695 4 7 16 0.03760232 
14 171 45 98 0.037595052 
296 41 10 20 0.037516546 
748 105 5 18 0.03751209 
306 53 12 21 0.03748309 
724 353 20 16 0.037466284 
52 -5 10 15 0.037413154 
529 301 6 10 0.037405495 
594 130 6 21 0.037393287 
194 513 8 18 0.037380468 
717 351 16 15 0.03732604 
15 -6 11 15 0.037320636 
891 353 169 249 0.037316747 
218 329 10 11 0.037302632 
3 170 8 20 0.037292276 
374 2 8 18 0.03729147 
691 190 10 24 0.037218187 
823 5 7 17 0.037142653 
283 -6 9 15 0.03712753 
232 298 12 17 0.03702565 
611 346 15 18 0.03695681 
24 -7 13 17 0.03694572 
730 239 11 16 0.03694165 
944 77 13 27 0.036931854 
798 30 8 16 0.036912356 
423 281 13 25 0.03686976 
810 18 7 14 0.036693342 
424 368 8 12 0.036680277 
832 440 14 14 0.036671933 
796 301 51 90 0.036658682 
349 206 8 22 0.036630113 
3 5 8 17 0.0365947 
181 500 10 24 0.03658818 
296 -6 9 15 0.03657613 
332 214 10 33 0.036558744 
70 259 37 50 0.036558706 
849 67 7 19 0.0365427 
987 539 9 26 0.036502082 
716 149 11 27 0.036391973 
260 145 11 18 0.036349636 
296 16 9 17 0.036339458 
798 19 7 13 0.036338337 
406 281 6 11 0.036267877 
262 325 19 21 0.03623502 
2 324 9 25 0.036212966 
859 329 71 74 0.036162872 
197 18 6 15 0.0361001 
660 249 6 15 0.036088295 
836 5 7 17 0.0360148 
61 394 19 27 0.03597383 
1016 42 9 20 0.03596604 
847 517 8 23 0.03595129 
519 507 6 13 0.035945803 
464 -6 7 14 0.03594401 
658 263 6 14 0.03592444 
367 369 124 101 0.035895396 
720 3 7 17 0.03587954 
709 114 6 10 0.035872567 
246 318 10 12 0.035857353 
761 196 7 15 0.035838056 
374 44 8 16 0.035775162 
408 123 10 15 0.03576252 
477 -6 7 14 0.035751894 
1015 174 8 16 0.03572573 
393 245 82 103 0.03568349 
791 431 14 12 0.035636887 
824 136 8 12 0.03563453 
620 158 6 16 0.035633806 
233 281 7 10 0.03560552 
585 315 6 10 0.03560335 
763 177 5 11 0.035601605 
295 351 11 17 0.035568707 
518 293 5 10 0.03553419 
542 138 8 13 0.0354962 
319 38 12 24 0.035470635 
723 224 7 12 0.035450842 
618 278 7 13 0.035413932 
118 -6 8 15 0.03539564 
119 111 6 13 0.035379812 
272 30 8 18 0.03533064 
531 330 6 13 0.0353114 
997 226 11 30 0.03531085 
682 4 7 16 0.035256 
67 96 8 15 0.035170082 
285 28 9 19 0.03516605 
243 325 19 18 0.035155132 
348 168 9 24 0.03513686 
346 41 10 21 0.035099544 
386 1 8 18 0.035037998 
823 -6 7 14 0.03501592 
144 112 7 9 0.03500723 
1014 527 9 24 0.035004023 
947 120 11 16 0.034990914 
490 -6 7 14 0.034973398 
885 537 10 31 0.03496901 
962 123 9 13 0.034944937 
158 114 9 9 0.034926537 
661 124 5 11 0.034916896 
116 234 51 79 0.034902576 
310 193 8 22 0.034887474 
960 131 13 19 0.03488495 
465 158 9 18 0.0348723 
104 504 10 19 0.03484824 
234 29 8 18 0.0348078 
502 123 10 12 0.03479322 
335 16 8 19 0.034744125 
79 -6 9 16 0.0347399 
501 276 8 14 0.03471593 
311 181 7 20 0.034712553 
120 43 7 14 0.03470286 
836 53 7 21 0.03469979 
660 110 5 14 0.034688387 
58 224 56 71 0.034670636 
345 55 12 17 0.0346513 
11 322 11 27 0.034615733 
107 113 7 11 0.03456022 
241 300 14 17 0.034546178 
94 41 6 16 0.034532804 
901 68 6 18 0.034521803 
1000 203 9 27 0.034520667 
509 132 15 18 0.034440912 
646 291 6 12 0.034411363 
329 135 6 13 0.03440715 
13 157 10 23 0.034365192 
647 148 6 13 0.034329843 
733 3 7 17 0.03428774 
975 6 8 16 0.034285452 
503 -6 7 14 0.034224708 
810 -6 7 14 0.034207463 
798 -6 6 14 0.03419891 
275 73 6 12 0.03413513 
394 75 15 27 0.034083623 
10 190 12 30 0.03406967 
606 19 6 12 0.034052625 
210 141 26 27 0.034021445 
528 -6 7 14 0.03401521 
849 4 7 18 0.033999972 
234 327 12 12 0.033875078 
296 67 12 20 0.033872437 
93 112 8 11 0.033864114 
836 18 7 15 0.033857398 
516 -6 7 14 0.03379796 
348 16 8 18 0.03377268 
580 118 7 20 0.033771764 
333 39 11 23 0.033770893 
760 59 6 14 0.033757452 
475 266 9 12 0.033742707 
887 157 9 19 0.03371673 
810 5 7 16 0.033679754 
284 16 8 16 0.033679146 
158 43 7 14 0.033674076 
360 56 10 15 0.03366094 
105 527 8 22 0.03363657 
36 39 12 19 0.033622902 
733 -7 7 15 0.03360943 
772 5 7 15 0.033590678 
705 338 11 17 0.033583213 
825 129 6 10 0.033543844 
720 -7 7 15 0.033525437 
707 -7 7 15 0.033508334 
148 365 106 98 0.033492573 
541 -5 7 13 0.033487573 
886 28 8 23 0.03346085 
75 134 52 82 0.03345851 
728 249 18 23 0.033281703 
210 18 6 15 0.033260155 
858 528 10 28 0.03325183 
1002 -3 7 12 0.03314084 
647 158 6 15 0.0331149 
657 279 6 11 0.033106375 
798 5 7 16 0.033098634 
111 72 5 14 0.033094753 
973 133 10 17 0.033081386 
963 18 8 16 0.033079974 
728 277 21 26 0.033078674 
749 61 5 11 0.033077553 
731 215 6 13 0.03306515 
629 300 7 13 0.03305059 
223 18 6 15 0.033022597 
618 -5 7 13 0.03301859 
594 143 7 19 0.03301731 
305 65 15 21 0.033012416 
632 504 8 14 0.03300485 
760 4 6 16 0.032930635 
1005 60 6 12 0.0329152 
669 5 7 15 0.032894846 
709 61 6 11 0.032886814 
533 415 14 19 0.032869503 
524 136 12 15 0.032862455 
964 110 7 13 0.032851152 
361 16 8 18 0.032825217 
267 165 11 26 0.032802552 
936 27 10 23 0.032786474 
1000 552 9 19 0.03276104 
631 -5 7 13 0.03275212 
605 -5 7 13 0.032748554 
335 189 9 29 0.032747492 
593 18 7 13 0.03273958 
466 374 9 15 0.032687817 
715 338 15 20 0.03267613 
272 17 7 14 0.03267201 
554 -5 7 13 0.032639258 
746 -7 7 15 0.032613404 
361 218 9 22 0.03261061 
0 306 43 80 0.032586068 
824 53 7 20 0.032555547 
270 110 10 17 0.0325323 
691 288 13 15 0.032530278 
823 39 8 21 0.032515567 
731 118 8 18 0.032508377 
1014 202 10 28 0.032435153 
747 3 6 16 0.032418687 
593 116 7 24 0.03240471 
29 -265 228 277 0.0323996 
696 45 6 13 0.03238833 
81 41 7 16 0.03238528 
282 152 10 22 0.032367192 
311 206 8 26 0.03233357 
643 -6 7 13 0.03229704 
695 -7 7 15 0.032256145 
811 138 7 13 0.03223487 
785 5 7 15 0.032232173 
567 -5 7 13 0.032225188 
639 339 12 15 0.03221336 
104 121 11 14 0.032211903 
197 531 6 16 0.032198615 
330 74 19 25 0.032192457 
122 57 5 14 0.032187138 
105 -6 8 15 0.032185916 
106 41 7 16 0.032153893 
15 540 8 22 0.032075383 
296 208 7 21 0.032059576 
350 247 7 17 0.032016728 
36 -6 12 16 0.03197807 
669 -6 7 14 0.031953648 
323 167 8 23 0.031947996 
592 -5 7 13 0.031925593 
684 60 5 11 0.03190366 
348 192 8 24 0.031888403 
999 244 9 23 0.031885173 
606 157 6 18 0.031879406 
18 89 89 102 0.031871695 
248 29 7 17 0.031839065 
661 170 7 15 0.031815257 
579 -5 7 13 0.031801175 
78 111 8 13 0.03178813 
924 28 9 23 0.03178775 
171 43 6 15 0.031756096 
217 122 85 100 0.031729463 
825 83 6 16 0.031722244 
118 527 7 22 0.031674996 
409 146 13 16 0.03165659 
619 104 6 23 0.031641204 
566 295 5 9 0.031613834 
683 46 6 12 0.031610124 
785 -6 6 14 0.031593993 
702 322 14 25 0.031593185 
258 110 8 15 0.031579953 
671 61 5 11 0.03156424 
145 57 7 14 0.031545483 
809 151 30 38 0.031527597 
343 117 14 23 0.031524237 
682 -7 7 15 0.03152395 
885 290 11 25 0.031523857 
616 206 7 17 0.03145112 
131 528 7 20 0.031419046 
273 82 7 16 0.0313906 
276 60 5 12 0.031383574 
950 108 8 15 0.03138264 
786 108 5 13 0.031355523 
656 -6 7 14 0.03133873 
52 128 16 22 0.031322416 
710 73 5 11 0.0312987 
385 76 13 26 0.031283166 
656 6 7 14 0.031268317 
260 120 10 15 0.031250004 
374 29 8 18 0.031245269 
118 516 7 16 0.031225456 
235 18 6 14 0.031209737 
368 115 17 23 0.031207846 
93 -6 7 16 0.031201614 
759 -7 7 15 0.031174341 
770 68 8 17 0.03117259 
835 -7 7 15 0.031166062 
225 155 18 27 0.031151095 
284 168 8 21 0.031129258 
786 18 6 14 0.031117497 
886 167 10 26 0.031111991 
312 171 5 16 0.031109404 
399 1 8 18 0.031055458 
285 44 8 17 0.031046713 
693 221 8 14 0.031020626 
899 456 8 10 0.03099032 
709 45 6 13 0.03098283 
518 327 6 12 0.030947248 
374 17 7 16 0.030917505 
15 527 9 23 0.030911157 
660 63 4 11 0.030900177 
811 40 7 20 0.030889463 
580 19 7 12 0.030871375 
914 56 6 18 0.030839493 
348 155 9 18 0.03082669 
937 72 8 17 0.030810708 
118 93 8 16 0.030804485 
871 146 8 14 0.030803084 
433 146 13 17 0.030789856 
261 30 7 17 0.030779662 
631 292 6 12 0.030778632 
647 136 5 13 0.030766267 
702 308 15 25 0.030728769 
618 6 7 14 0.030712439 
401 60 8 13 0.030691931 
678 289 15 15 0.03068739 
745 256 187 146 0.030679075 
603 264 7 14 0.030666346 
849 18 7 15 0.030664247 
145 69 7 15 0.03063554 
477 137 9 13 0.030625422 
775 109 5 12 0.030599913 
605 6 7 14 0.030583033 
247 18 7 14 0.030546162 
132 517 6 14 0.03054515 
661 138 5 11 0.030537345 
812 68 6 16 0.030522756 
886 147 7 15 0.0305213 
198 332 6 10 0.030519482 
183 43 7 15 0.030505268 
567 19 7 12 0.03049236 
606 205 7 17 0.030454392 
617 183 6 17 0.030417802 
474 154 15 26 0.030398188 
41 94 13 20 0.03031264 
862 4 6 18 0.030237788 
333 168 10 25 0.030232057 
827 282 16 26 0.0302237 
912 28 9 23 0.030216949 
619 19 6 12 0.03021461 
144 129 15 21 0.030213524 
871 267 10 21 0.030198105 
113 129 14 22 0.030178014 
639 358 24 24 0.03017789 
654 290 7 12 0.030161219 
774 98 5 12 0.030150395 
1016 500 8 24 0.030141681 
593 7 6 13 0.030136606 
95 55 6 15 0.030130992 
580 133 7 16 0.03013052 
555 19 6 12 0.03011532 
88 501 12 21 0.03009616 
631 6 7 14 0.03008606 
395 104 12 22 0.030069511 
3 159 7 20 0.030034337 
749 173 5 12 0.030013321 
503 5 7 15 0.030009115 
86 131 19 23 0.02998792 
575 453 13 18 0.02993989 
387 17 8 16 0.029936602 
749 120 5 16 0.029930325 
1003 41 8 18 0.029917702 
646 262 6 15 0.029862082 
772 -6 7 14 0.029857012 
822 516 7 17 0.029833332 
797 41 8 18 0.029778218 
898 131 10 18 0.029745549 
108 56 6 15 0.029732239 
477 343 7 12 0.029730495 
644 6 7 14 0.02972891 
808 504 11 17 0.02969942 
644 302 7 12 0.02969802 
74 304 15 32 0.029675439 
324 157 6 15 0.029636005 
697 61 5 10 0.02960318 
554 7 7 13 0.029579354 
671 47 5 11 0.02956071 
567 7 7 13 0.029541155 
419 154 16 21 0.02953657 
144 529 7 19 0.02951354 
90 121 12 15 0.02949779 
841 441 13 16 0.029478809 
333 54 13 19 0.02947793 
260 17 7 14 0.029476877 
242 156 15 24 0.029472766 
-54 574 306 335 0.029457629 
870 537 11 31 0.029454796 
584 307 5 8 0.029447746 
282 91 10 20 0.029438581 
451 3 8 16 0.029398935 
677 203 12 21 0.029392412 
897 156 10 21 0.029384049 
543 375 8 16 0.029372668 
439 2 7 17 0.02935398 
105 515 8 18 0.029326575 
964 5 7 17 0.029312605 
912 455 7 11 0.029287243 
516 5 7 15 0.029285869 
467 365 9 17 0.029246269 
647 278 5 12 0.029213054 
617 504 8 16 0.029188152 
565 157 8 19 0.029175848 
923 299 9 17 0.02916518 
860 517 8 22 0.02913183 
320 68 15 20 0.02912603 
196 42 6 16 0.029101724 
580 7 7 13 0.029098686 
411 60 9 14 0.029071262 
541 6 7 14 0.029064007 
542 19 7 12 0.029056542 
393 144 16 18 0.029028319 
298 181 7 20 0.029022451 
786 99 5 11 0.029004544 
490 4 7 16 0.029003747 
902 59 5 17 0.029001394 
631 19 6 12 0.028970333 
14 127 10 25 0.02895705 
692 207 9 16 0.028950227 
849 54 7 20 0.028944803 
723 210 83 79 0.028914776 
659 332 8 11 0.028903104 
266 314 13 15 0.028881375 
1016 514 8 23 0.028871346 
11 265 12 36 0.02886935 
529 261 6 15 0.028865192 
728 129 9 22 0.028860606 
273 44 7 16 0.028813092 
386 45 8 15 0.028813075 
477 4 7 15 0.028795527 
798 274 29 33 0.02878912 
220 290 9 12 0.028755542 
465 167 11 24 0.028737446 
813 128 6 11 0.028725872 
569 312 6 12 0.028720142 
632 247 6 16 0.028702505 
464 3 8 16 0.028702075 
529 6 7 14 0.028693918 
900 28 8 22 0.02869009 
912 41 8 23 0.028688869 
771 56 7 17 0.028653607 
586 414 13 18 0.02862655 
902 107 6 16 0.02862383 
163 113 43 45 0.028618868 
910 129 13 21 0.028573401 
683 31 7 15 0.028543374 
724 216 5 11 0.02853209 
615 428 16 16 0.028518485 
740 355 16 13 0.028515553 
695 16 7 16 0.028488867 
773 18 6 14 0.028481731 
862 17 6 16 0.028475223 
696 31 7 15 0.028449295 
525 372 10 19 0.028439762 
337 276 7 12 0.028420419 
441 231 5 9 0.028381886 
633 146 6 15 0.028321803 
606 502 8 17 0.028320072 
184 544 6 19 0.02828452 
319 53 13 21 0.028264947 
761 108 5 14 0.028223524 
707 16 8 16 0.02821637 
811 53 7 19 0.028206894 
18 506 6 18 0.028190479 
989 6 8 16 0.028189039 
607 103 6 26 0.028181523 
170 542 7 21 0.028178923 
541 401 11 17 0.028176324 
798 108 6 13 0.028118078 
875 17 7 16 0.028110372 
1015 -5 9 16 0.028097937 
862 68 6 18 0.028084148 
242 144 13 20 0.028074933 
723 61 5 11 0.028048698 
760 45 6 14 0.02803812 
385 90 12 25 0.028021568 
117 278 99 95 0.028018735 
972 140 13 24 0.027986623 
862 126 6 10 0.02797268 
207 500 10 23 0.027947895 
518 315 5 11 0.027941963 
1002 196 7 19 0.027910624 
631 236 6 16 0.027877485 
746 227 8 13 0.027852427 
900 123 7 14 0.027846223 
583 351 6 14 0.027844977 
801 138 6 13 0.027836865 
786 31 7 15 0.027832234 
214 133 18 18 0.02783126 
325 289 6 11 0.027822914 
618 223 7 19 0.027820349 
813 84 5 14 0.027781283 
708 31 7 16 0.027775388 
426 2 7 17 0.027761754 
925 54 7 19 0.027725944 
606 444 21 24 0.027672881 
644 19 7 12 0.027605364 
771 44 7 15 0.02760488 
645 169 7 18 0.027600534 
295 218 8 23 0.027599357 
92 525 9 24 0.02759921 
362 205 8 21 0.027583685 
9 96 16 31 0.02758351 
107 95 7 16 0.027529482 
722 45 5 13 0.027503656 
701 286 13 17 0.02749735 
924 445 7 13 0.027479488 
270 179 10 23 0.027472232 
705 173 10 26 0.027462425 
272 93 7 18 0.02744998 
735 86 6 14 0.027445879 
654 503 10 19 0.02742956 
582 280 101 87 0.027407143 
838 81 6 18 0.027399626 
669 278 8 11 0.027381856 
619 171 6 15 0.027376357 
644 347 30 27 0.027369622 
964 93 6 17 0.027347716 
580 145 7 16 0.027346186 
516 363 8 16 0.027326202 
567 119 7 17 0.027303578 
255 301 12 16 0.027293492 
100 332 14 25 0.027197137 
306 350 9 16 0.027179647 
913 445 7 13 0.027178787 
502 364 9 14 0.027152995 
371 228 12 25 0.02713009 
874 138 6 10 0.02711084 
851 82 6 17 0.027105456 
437 388 9 13 0.027077993 
634 133 6 17 0.027062284 
348 275 7 15 0.027052581 
331 242 11 25 0.027038833 
555 310 6 13 0.027032256 
923 40 8 24 0.027020384 
730 195 8 17 0.027004624 
211 531 6 15 0.026999718 
51 39 11 18 0.026973134 
337 154 8 18 0.026927833 
423 68 10 16 0.026908943 
729 141 9 22 0.02686444 
172 58 6 14 0.026836952 
550 136 8 14 0.026828809 
721 16 7 16 0.026822397 
1003 78 9 21 0.02681969 
144 541 8 22 0.026815359 
219 314 9 12 0.026807345 
314 160 5 12 0.02679936 
734 17 7 15 0.02678369 
751 278 17 25 0.026781285 
785 43 7 16 0.026734147 
209 42 6 16 0.026730234 
895 166 12 26 0.026706818 
529 19 7 12 0.026705466 
407 156 17 21 0.026676392 
426 192 9 26 0.026666574 
695 328 9 14 0.0266592 
760 122 5 14 0.02664254 
400 17 7 17 0.026616214 
722 73 5 11 0.026614044 
853 357 58 90 0.026608393 
682 17 7 15 0.026608178 
510 285 88 102 0.026607271 
667 263 8 13 0.026590522 
666 249 7 15 0.02658877 
157 541 8 22 0.026575439 
831 144 15 19 0.026533745 
527 123 8 12 0.0265247 
656 19 7 12 0.026518855 
986 241 11 27 0.026501525 
721 194 7 17 0.026493013 
760 18 7 14 0.026483376 
574 410 15 24 0.026479231 
1014 261 12 19 0.026447354 
2 143 7 22 0.026445758 
2 82 11 24 0.026426507 
566 92 7 20 0.02642415 
737 287 18 27 0.026409881 
34 192 49 96 0.0263747 
99 130 18 22 0.026374608 
210 300 9 15 0.026356908 
875 4 7 18 0.026352478 
850 128 6 9 0.02632874 
732 169 7 19 0.026293537 
432 271 11 19 0.026268022 
430 251 8 15 0.026234487 
552 391 9 14 0.026228739 
511 422 50 89 0.026213447 
858 284 10 17 0.026213434 
655 302 9 13 0.02618589 
760 96 5 14 0.026185684 
52 85 9 15 0.02610405 
873 529 8 24 0.026082616 
282 109 11 16 0.026078884 
846 501 9 20 0.026075589 
436 378 8 14 0.026070198 
76 263 14 18 0.026036937 
668 503 9 19 0.02603441 
82 55 6 16 0.02602184 
565 169 8 20 0.026019376 
747 17 6 15 0.026004042 
90 320 14 27 0.02600292 
67 39 8 18 0.025948972 
296 109 9 15 0.025945153 
974 362 42 92 0.025939273 
383 143 16 18 0.025933027 
465 149 8 14 0.025928559 
500 264 7 13 0.025917515 
78 98 8 15 0.025913727 
276 79 1140 900 0.025901448 
671 32 7 14 0.02590008 
669 18 7 14 0.025869519 
606 32 7 13 0.0258624 
1004 103 7 22 0.025859138 
996 465 11 20 0.025828483 
3 526 8 25 0.02578738 
184 529 6 18 0.025747567 
594 157 6 17 0.025723439 
711 319 18 30 0.025717579 
14 53 11 20 0.025685688 
554 93 8 18 0.02568143 
631 363 16 17 0.025681015 
387 30 8 16 0.025642326 
721 283 14 19 0.025637846 
42 253 50 75 0.025628505 
538 351 8 16 0.025600886 
730 155 8 20 0.02559727 
197 545 6 17 0.025590932 
645 251 5 14 0.025587842 
25 526 12 25 0.025574926 
708 226 7 10 0.02555317 
749 133 5 15 0.025524264 
731 182 8 18 0.025522849 
760 135 5 13 0.025473896 
209 515 8 17 0.025455635 
349 262 7 14 0.025452122 
371 245 11 21 0.025448125 
591 500 9 18 0.025418963 
159 58 6 13 0.025368236 
634 118 5 20 0.025363602 
424 136 10 13 0.02535931 
735 45 5 13 0.025327476 
632 158 6 16 0.025319483 
679 277 11 13 0.025292626 
662 339 16 16 0.025273724 
1013 84 12 31 0.025264204 
706 192 9 20 0.02525569 
774 122 5 13 0.025245378 
406 77 14 23 0.025239421 
184 58 6 14 0.025218109 
683 73 6 11 0.025215331 
87 308 14 28 0.025206713 
3 -4 7 15 0.025200091 
985 214 13 35 0.025146164 
69 284 45 76 0.025143873 
416 376 9 16 0.025143774 
646 121 5 16 0.025143376 
703 300 12 18 0.025132464 
722 86 5 12 0.025115754 
136 111 6 10 0.025114775 
181 102 10 11 0.025100071 
780 428 14 12 0.025084337 
887 136 7 13 0.025038451 
131 80 8 17 0.025029508 
889 57 6 18 0.02502845 
210 291 8 12 0.02502822 
580 32 7 13 0.025019273 
437 366 7 13 0.025019174 
219 178 72 97 0.025009753 
1 98 12 29 0.02500327 
696 339 9 12 0.024995644 
860 499 9 21 0.024990408 
299 170 6 17 0.02498344 
14 145 9 21 0.024951613 
221 40 7 18 0.024941308 
567 31 8 14 0.024940845 
974 39 10 22 0.024924954 
212 315 7 11 0.024908546 
722 32 6 15 0.02490544 
642 504 9 16 0.02485889 
668 82 5 14 0.024857778 
593 32 7 13 0.024851913 
747 46 6 13 0.024837922 
501 132 14 18 0.02483428 
566 105 8 19 0.024790714 
929 139 17 28 0.024789369 
735 61 5 10 0.024784867 
133 100 7 12 0.024775596 
130 133 12 18 0.024774926 
775 149 5 11 0.024770007 
788 224 62 72 0.024750201 
666 332 9 11 0.024744349 
307 361 9 16 0.02473649 
719 176 9 23 0.024721457 
774 163 5 12 0.024717199 
90 513 10 20 0.024706323 
963 82 7 18 0.024702813 
618 264 6 14 0.024701366 
478 68 7 16 0.024695978 
1003 116 8 24 0.02468459 
15 477 9 18 0.02467264 
907 152 94 122 0.024671104 
564 196 9 20 0.024658164 
705 349 11 15 0.024656732 
298 289 9 14 0.024644623 
541 261 6 16 0.024616603 
477 29 8 19 0.024615698 
311 341 8 11 0.024610018 
1016 489 8 21 0.02460903 
313 329 7 9 0.024595695 
668 113 6 12 0.024586989 
356 114 16 25 0.024553219 
542 67 6 18 0.024550686 
296 146 7 14 0.024548184 
799 68 6 16 0.024540877 
465 29 8 18 0.024530387 
542 31 7 14 0.024527514 
528 314 7 11 0.024507888 
766 206 12 22 0.024503762 
950 17 8 17 0.02446901 
144 102 7 9 0.024464047 
619 234 7 18 0.024450446 
843 453 13 17 0.024448648 
370 143 14 17 0.024442252 
173 104 6 8 0.024417827 
229 134 14 17 0.024417102 
770 238 10 14 0.024402298 
898 144 10 19 0.024397345 
769 417 11 10 0.024382578 
698 74 4 10 0.024381395 
555 31 7 14 0.024362253 
133 122 9 12 0.024360837 
585 327 7 14 0.024310838 
775 138 4 12 0.024285723 
971 225 14 37 0.024277028 
920 323 12 20 0.024272569 
862 457 10 15 0.02426942 
888 3 6 19 0.024258146 
920 138 16 27 0.024253033 
359 260 9 17 0.02424397 
131 507 7 14 0.024243722 
10 210 15 38 0.02422503 
658 33 7 12 0.024221592 
10 79 16 26 0.02421474 
358 67 13 18 0.024199069 
235 317 8 10 0.02419541 
937 445 8 12 0.024194898 
707 212 7 12 0.024153115 
759 226 9 14 0.024152085 
378 329 7 11 0.024147356 
85 291 15 28 0.024139898 
579 159 7 15 0.024127498 
295 78 12 21 0.024110135 
605 171 7 16 0.024103126 
346 286 9 15 0.024093684 
1016 553 8 20 0.024074864 
822 439 13 11 0.024064947 
833 450 14 17 0.024063272 
132 541 7 21 0.024056572 
13 -20 13 16 0.024009243 
748 161 5 13 0.024009094 
298 157 7 16 0.023980267 
949 53 9 19 0.023957966 
761 163 5 12 0.023929173 
974 123 8 13 0.023927176 
438 192 8 23 0.023916733 
491 124 8 10 0.023888394 
369 132 16 18 0.023885308 
592 427 10 16 0.02387039 
18 494 6 17 0.023856271 
157 103 7 9 0.023855383 
948 70 9 19 0.02384652 
17 557 7 21 0.023841076 
659 183 9 18 0.02383716 
584 334 8 17 0.023811845 
322 327 9 12 0.023810709 
937 312 9 16 0.023794152 
659 47 5 11 0.023791123 
322 238 12 30 0.023789018 
489 136 11 15 0.023784047 
690 300 14 17 0.023780134 
1004 184 7 16 0.02376172 
516 18 7 13 0.023757525 
30 495 7 16 0.023731804 
872 158 8 15 0.023721194 
373 339 11 16 0.02371506 
301 103 91 116 0.023671545 
215 337 14 14 0.023642486 
759 209 8 16 0.02364134 
467 136 7 12 0.023640366 
578 442 11 17 0.023625547 
310 228 10 26 0.023615181 
848 -7 8 15 0.023608405 
914 3 6 18 0.023599064 
772 32 8 14 0.02359601 
555 251 6 13 0.023588458 
242 288 13 15 0.023580633 
412 17 8 17 0.023576353 
908 325 12 20 0.023574157 
337 286 7 14 0.023563799 
721 238 8 14 0.023561483 
660 236 6 15 0.023551464 
806 431 14 13 0.023540244 
632 170 7 17 0.023532666 
909 141 13 22 0.023525896 
645 33 6 12 0.023523748 
440 212 6 15 0.023505962 
642 313 8 14 0.023504807 
555 367 7 12 0.023482062 
632 181 7 18 0.023445116 
24 175 17 39 0.02342133 
735 32 6 15 0.023405328 
491 253 7 14 0.023392303 
886 40 7 21 0.02335599 
555 67 6 18 0.023339944 
552 121 8 15 0.02330484 
745 252 25 33 0.023292517 
466 273 11 16 0.023245692 
194 137 29 25 0.023245467 
567 45 7 13 0.023226343 
736 73 5 11 0.023217842 
156 529 8 20 0.023215763 
260 134 11 16 0.023214899 
504 519 6 14 0.02318987 
718 267 19 26 0.023185646 
517 336 8 17 0.023170296 
646 107 5 17 0.0231098 
632 33 7 12 0.02310679 
937 17 8 17 0.023097437 
106 540 8 21 0.023077505 
490 67 7 17 0.02305273 
298 343 8 11 0.023037506 
451 93 8 17 0.023014026 
144 517 7 15 0.023013525 
37 527 11 24 0.023005787 
554 45 7 14 0.022976063 
824 542 7 21 0.02295258 
748 186 5 13 0.022940522 
923 248 111 125 0.022927277 
295 228 10 27 0.022915961 
724 337 17 21 0.022906138 
785 181 10 20 0.022896515 
889 68 6 17 0.022893552 
580 45 6 13 0.022886138 
107 361 48 71 0.022844043 
157 69 7 15 0.022841673 
325 364 8 14 0.022832971 
52 540 10 22 0.022831704 
359 169 9 19 0.02282353 
550 213 10 26 0.022804497 
110 82 6 16 0.022781646 
0 209 12 35 0.022767028 
183 67 8 17 0.022741018 
473 373 13 17 0.022737097 
327 278 6 11 0.022736365 
798 54 7 18 0.022733066 
415 367 8 11 0.022731459 
21 272 55 86 0.022717366 
219 499 11 25 0.022716751 
593 46 6 13 0.022710077 
450 150 9 14 0.022704318 
464 41 7 19 0.022700587 
320 72 96 91 0.022700084 
632 262 6 14 0.022687742 
479 57 6 17 0.022676539 
112 143 39 93 0.022669753 
603 250 7 16 0.022649052 
530 31 7 14 0.022637242 
503 18 7 14 0.022620287 
946 310 13 21 0.022617463 
693 236 8 13 0.022616705 
156 501 12 22 0.02260984 
693 278 11 13 0.022577003 
465 57 7 16 0.022563212 
769 250 15 16 0.022556873 
938 54 8 19 0.022556493 
619 33 7 12 0.022547096 
541 123 8 13 0.022546837 
361 193 8 21 0.022532882 
840 423 17 23 0.022498172 
567 68 7 17 0.0224951 
300 330 7 10 0.022494398 
802 144 20 28 0.022488846 
772 82 6 16 0.022454465 
999 262 11 17 0.022446452 
428 211 7 18 0.022437623 
862 54 7 20 0.02243024 
394 156 16 20 0.022422547 
785 68 7 16 0.022393454 
786 171 8 18 0.022385063 
788 450 19 19 0.022382926 
786 123 5 13 0.022381652 
261 43 6 16 0.022379028 
101 380 91 114 0.022367638 
804 440 16 13 0.022360105 
490 30 8 17 0.02235309 
681 216 9 18 0.022352712 
505 298 7 14 0.022350863 
358 143 12 17 0.022348776 
606 46 6 12 0.022342706 
436 354 8 14 0.02231768 
329 125 7 13 0.022316867 
1004 516 6 21 0.022308234 
452 69 7 15 0.022294572 
297 298 9 14 0.022268957 
708 408 9 12 0.022240845 
831 429 16 17 0.022217827 
753 292 16 24 0.022214266 
476 41 8 19 0.02220437 
579 91 8 22 0.022198161 
751 362 16 16 0.022185018 
961 39 10 23 0.022171266 
306 106 12 18 0.022166464 
-5 358 103 128 0.022154458 
900 42 6 20 0.02214475 
835 128 7 9 0.02212929 
644 181 8 17 0.022118734 
925 17 7 17 0.022118626 
537 334 9 18 0.022116331 
926 4 7 17 0.0221159 
514 376 11 16 0.022115342 
541 44 7 15 0.022106798 
875 125 5 10 0.02210414 
140 139 16 26 0.022098482 
335 111 10 18 0.0220979 
420 353 11 15 0.022074705 
987 41 9 19 0.022073276 
438 17 8 16 0.022061268 
39 516 9 19 0.022038812 
886 88 9 24 0.021998396 
554 379 8 14 0.021997571 
935 40 10 23 0.021997541 
477 18 8 15 0.021995893 
426 17 8 16 0.02199224 
798 99 6 11 0.021985862 
748 198 6 14 0.021985471 
81 69 6 18 0.021984499 
951 313 53 86 0.021981815 
778 250 16 19 0.021975387 
530 278 6 11 0.021974495 
234 40 7 19 0.021970764 
586 472 13 27 0.021958211 
768 219 12 19 0.021955963 
699 597 331 285 0.021945817 
785 55 6 17 0.021944324 
695 352 10 14 0.02192363 
149 276 192 150 0.021920923 
119 541 8 20 0.021913506 
452 29 8 18 0.021902082 
624 377 20 14 0.021882398 
586 104 128 190 0.021871747 
530 67 6 18 0.021867413 
503 30 8 16 0.021856364 
951 5 7 17 0.021854354 
452 17 7 16 0.021852925 
620 247 6 17 0.021849612 
591 240 7 13 0.021838954 
450 157 10 16 0.021833058 
719 295 13 21 0.021819556 
924 456 9 11 0.02181165 
490 18 7 14 0.021804338 
770 260 17 20 0.021802774 
438 68 8 15 0.021798076 
869 457 11 14 0.021756334 
172 69 6 14 0.021750621 
541 250 6 16 0.021747189 
747 32 7 14 0.021736745 
409 105 11 18 0.021711143 
296 94 10 17 0.02169833 
464 18 8 15 0.021683035 
948 40 10 23 0.0216778 
67 84 7 15 0.021659838 
1003 173 7 15 0.021652019 
419 164 15 26 0.021644803 
335 146 146 191 0.021621311 
29 554 7 19 0.021618016 
539 328 6 13 0.021600828 
989 531 8 20 0.021589886 
452 58 7 15 0.021577932 
619 518 6 14 0.021575818 
541 205 10 26 0.021571929 
409 123 100 91 0.021546291 
9 -90 15 31 0.02153556 
710 84 6 12 0.02151409 
434 155 13 18 0.021511465 
60 315 18 38 0.021500247 
588 464 11 20 0.021479104 
975 530 9 22 0.021465896 
1002 89 9 24 0.02143516 
356 130 15 21 0.021421317 
93 539 8 22 0.021421025 
596 369 7 11 0.02141378 
346 505 12 14 0.021411652 
149 177 18 34 0.021409595 
599 401 17 18 0.021407353 
423 177 11 28 0.021405788 
401 29 8 17 0.021385027 
797 474 21 23 0.02138006 
16 397 23 23 0.021345645 
786 149 6 12 0.021338979 
630 224 7 17 0.02131593 
295 119 10 15 0.021301404 
191 98 13 16 0.021291284 
804 452 16 16 0.021285089 
579 103 7 23 0.021280596 
516 31 8 15 0.021279743 
246 119 10 16 0.021270907 
867 307 14 24 0.021266336 
848 283 10 19 0.021260303 
633 518 6 14 0.021252207 
988 -4 8 12 0.021227276 
658 96 5 15 0.021226408 
727 139 92 112 0.021215253 
138 155 16 33 0.021198608 
513 347 9 18 0.02119676 
567 146 7 15 0.021175934 
760 32 7 14 0.021175014 
953 458 35 93 0.021168848 
680 264 9 12 0.021156995 
495 378 15 17 0.021152657 
180 324 53 54 0.021151803 
1015 246 10 21 0.021128533 
169 529 8 19 0.021112205 
306 94 12 18 0.021104338 
463 93 8 17 0.021094084 
887 456 9 11 0.021091899 
860 256 11 23 0.021090021 
465 69 7 15 0.021070413 
85 491 14 18 0.021068135 
12 237 12 34 0.021038359 
657 315 8 13 0.021037385 
305 78 14 21 0.021004625 
359 350 14 18 0.020996097 
75 491 16 20 0.020970225 
947 128 14 22 0.020966029 
449 388 11 14 0.020916285 
382 155 17 20 0.020894354 
486 354 9 15 0.02089131 
210 545 6 16 0.020813681 
259 342 20 27 0.020804472 
670 289 11 12 0.020791648 
564 183 9 18 0.02077904 
901 3 6 18 0.020772718 
425 59 8 14 0.020761685 
8 356 15 31 0.020754158 
645 237 6 14 0.020739516 
714 305 17 30 0.020709353 
10 342 15 28 0.020707583 
589 403 13 18 0.020689512 
94 69 6 17 0.020678762 
887 17 7 17 0.020654539 
972 202 12 30 0.020646863 
617 495 8 15 0.020633295 
567 134 7 14 0.0206252 
451 42 7 18 0.020602137 
491 58 6 16 0.020596765 
567 378 7 16 0.02057632 
760 148 5 13 0.020557996 
959 216 13 31 0.020521618 
899 467 7 11 0.02051128 
489 42 7 18 0.020507162 
861 269 9 19 0.02047966 
283 226 10 27 0.02043273 
232 501 10 24 0.020420894 
567 81 6 19 0.020412276 
542 311 7 13 0.020402411 
913 17 7 17 0.020367926 
294 133 9 14 0.020336684 
30 503 8 18 0.020329751 
488 365 10 14 0.02030697 
3 233 33 92 0.020305432 
452 278 8 13 0.020304475 
157 513 9 19 0.020300958 
416 266 7 10 0.020299481 
908 153 14 24 0.02029054 
800 126 6 12 0.020279003 
224 531 5 14 0.02027854 
528 504 8 16 0.020273084 
267 302 12 15 0.020270273 
799 84 6 14 0.020269483 
247 42 7 17 0.02026823 
975 -6 8 14 0.020260463 
45 160 55 85 0.020255702 
583 243 6 12 0.020243635 
936 324 11 19 0.020215288 
333 327 11 12 0.020214656 
529 44 7 15 0.020212362 
176 280 14 25 0.020205794 
224 281 7 10 0.020204788 
812 110 6 12 0.020185824 
747 212 6 14 0.020184891 
450 229 7 10 0.020153293 
952 131 90 120 0.020140188 
432 240 6 13 0.020136708 
748 146 6 14 0.020134037 
438 94 8 17 0.020122377 
711 324 43 54 0.020118989 
399 43 8 17 0.020107055 
987 263 10 16 0.020099152 
128 140 16 31 0.020080972 
177 268 13 22 0.020049999 
335 261 8 15 0.020049691 
114 336 14 20 0.020035224 
502 43 7 17 0.019999918 
603 414 14 16 0.01998081 
555 82 6 17 0.019980136 
49 397 17 23 0.019967914 
976 109 6 14 0.019960525 
938 4 7 17 0.019939318 
784 466 26 25 0.019939305 
875 67 6 18 0.01992329 
307 289 9 14 0.019878332 
936 298 9 18 0.019830404 
876 55 6 19 0.01980844 
578 171 7 16 0.019806314 
8 -118 15 37 0.019803487 
988 168 10 21 0.019798962 
889 124 6 12 0.019796241 
273 194 9 21 0.019786132 
350 351 9 12 0.019780213 
821 496 9 13 0.019777216 
597 379 9 13 0.01977329 
871 297 11 20 0.019760424 
962 53 9 18 0.019719286 
467 277 81 103 0.019714534 
427 193 78 101 0.019707121 
631 194 7 18 0.01969545 
594 170 7 16 0.019678477 
809 515 9 16 0.019665185 
1012 114 11 32 0.019655857 
633 409 25 20 0.019655213 
68 542 8 19 0.019651217 
668 200 13 23 0.019644834 
711 100 6 12 0.019630358 
577 198 9 15 0.01961119 
823 530 7 18 0.01959169 
700 348 222 145 0.019562218 
822 431 14 14 0.019560114 
551 400 9 16 0.019558989 
468 369 59 63 0.019522812 
580 67 7 18 0.019521056 
782 192 12 24 0.019518284 
634 105 5 20 0.019518249 
448 167 13 22 0.019506129 
24 154 15 27 0.019500343 
451 83 8 16 0.0194868 
80 540 8 21 0.019482076 
439 58 7 15 0.019479955 
644 518 7 14 0.01947053 
641 330 8 12 0.019459518 
991 108 6 15 0.019453108 
144 506 8 15 0.019432139 
83 312 43 71 0.019430576 
787 160 7 15 0.019429559 
708 239 8 12 0.019414 
503 493 7 15 0.019413158 
578 185 7 15 0.019409897 
577 389 9 16 0.019378556 
592 438 11 18 0.019372892 
708 265 10 15 0.019355742 
809 385 11 21 0.019327028 
987 156 10 20 0.019318705 
148 134 23 31 0.01931295 
413 29 8 17 0.019311262 
987 192 10 26 0.019287629 
359 156 10 17 0.019284343 
755 355 11 12 0.019283991 
334 316 9 12 0.019276198 
146 554 6 16 0.019271577 
66 272 17 21 0.019267004 
815 257 20 26 0.019261409 
134 404 19 32 0.019255409 
619 384 29 20 0.019253941 
479 126 6 10 0.019247659 
605 492 8 17 0.019243734 
788 139 4 11 0.019243706 
23 79 17 23 0.019239852 
897 309 11 18 0.019233314 
1009 271 17 22 0.01922364 
874 172 9 20 0.019210644 
332 363 11 15 0.019190034 
874 518 7 19 0.019184535 
79 525 9 23 0.019156825 
282 328 8 12 0.019155638 
518 520 5 13 0.019126128 
908 208 47 96 0.019125095 
692 311 13 18 0.01911921 
596 196 7 16 0.01911769 
793 164 21 34 0.019116143 
242 135 11 16 0.019099498 
1015 231 9 24 0.019072654 
296 255 10 23 0.019072168 
737 301 17 30 0.019055653 
706 276 12 16 0.019050084 
946 321 15 24 0.01904657 
615 415 17 17 0.019046329 
515 44 7 15 0.01900919 
369 77 14 24 0.018982636 
685 114 6 11 0.018969942 
921 467 11 15 0.018927667 
987 179 10 23 0.018926641 
423 94 10 18 0.018919267 
862 81 6 19 0.018908098 
622 424 23 18 0.018883985 
884 306 12 23 0.018855413 
813 96 5 13 0.018853988 
678 300 16 17 0.01885174 
605 518 7 14 0.018826496 
323 318 8 10 0.018816562 
435 136 10 14 0.01881637 
952 518 7 19 0.018811999 
592 517 8 16 0.018795382 
366 189 43 77 0.018791161 
542 93 7 18 0.018783376 
543 57 5 16 0.018768212 
439 29 8 18 0.01875287 
50 51 12 22 0.018730612 
586 417 94 95 0.018722067 
555 57 6 16 0.018708654 
475 234 11 19 0.018704435 
936 456 8 12 0.018685872 
491 338 7 14 0.018672043 
884 270 11 24 0.018660044 
38 502 10 19 0.01865921 
324 301 9 13 0.018656813 
452 382 7 11 0.018656079 
1002 157 7 19 0.018636087 
719 408 8 10 0.018598774 
54 356 57 78 0.018590543 
41 115 11 19 0.018576862 
887 466 9 12 0.018562464 
114 347 14 21 0.018559873 
133 554 6 17 0.018555654 
989 121 7 15 0.018543804 
645 47 5 11 0.018539898 
432 228 5 14 0.018530298 
371 156 13 17 0.018527573 
335 339 11 12 0.018518845 
372 202 12 26 0.018518828 
989 55 8 16 0.018515661 
1016 477 9 20 0.018514631 
593 225 7 13 0.018508991 
630 435 29 24 0.018507784 
55 554 7 17 0.01850085 
780 205 14 25 0.018490024 
463 83 8 17 0.01848445 
937 517 8 20 0.018478585 
779 418 12 9 0.01847156 
217 122 12 13 0.018459795 
542 391 11 16 0.018456023 
554 280 6 11 0.018451683 
424 123 9 14 0.018436294 
552 323 9 17 0.018434178 
798 260 26 26 0.018433305 
581 368 6 12 0.01843248 
958 238 15 33 0.018431699 
504 336 8 17 0.018428147 
757 304 49 63 0.01841815 
859 490 9 17 0.01840442 
566 464 11 18 0.01835733 
593 91 7 23 0.018354183 
80 81 7 19 0.01833546 
589 486 10 21 0.01832589 
206 112 10 12 0.018324053 
262 59 5 13 0.018307993 
146 428 53 86 0.018294556 
23 -20 13 18 0.018292746 
359 180 9 22 0.01826675 
125 347 16 25 0.018265106 
566 387 8 16 0.01826386 
606 543 7 19 0.018235778 
1003 499 7 22 0.018221797 
337 97 41 59 0.018218698 
36 51 14 22 0.018202811 
784 290 27 29 0.018188862 
725 278 39 64 0.018183194 
919 334 15 22 0.018135022 
867 228 43 86 0.018131295 
426 29 8 18 0.018126851 
632 278 5 12 0.018103568 
986 144 9 18 0.01808583 
321 338 10 12 0.018084737 
161 155 19 28 0.018071448 
2 360 12 24 0.018068898 
437 42 9 18 0.018067852 
94 97 6 16 0.018059082 
409 91 12 22 0.018054835 
657 517 7 16 0.01802895 
434 284 12 19 0.018019458 
667 234 8 17 0.018007623 
39 155 14 26 0.017993782 
411 43 9 17 0.01799267 
692 248 9 15 0.017957242 
694 174 80 99 0.017938072 
490 502 9 17 0.017933361 
720 249 10 16 0.017925048 
765 424 16 15 0.017917613 
284 340 8 12 0.017917195 
42 553 8 17 0.017913878 
68 53 8 18 0.017913135 
87 336 19 39 0.017911522 
619 543 7 19 0.017909335 
1015 157 9 22 0.017903237 
680 502 10 20 0.017895292 
602 470 12 27 0.017867565 
120 554 7 17 0.017862555 
821 454 14 14 0.017860856 
816 382 15 27 0.017856697 
102 311 13 23 0.017853318 
579 81 7 19 0.017838325 
155 258 12 21 0.01782301 
38 83 14 17 0.01779988 
69 554 7 17 0.017796045 
222 515 7 17 0.01778608 
887 516 8 20 0.01778414 
570 253 6 12 0.017762711 
987 134 8 17 0.017760664 
1001 140 9 24 0.017753687 
122 401 22 33 0.017751997 
450 263 8 13 0.017744659 
543 279 6 12 0.017733311 
194 286 9 16 0.01768321 
790 250 18 21 0.017676378 
159 554 6 16 0.017674303 
963 513 8 25 0.017672388 
167 258 9 19 0.017672107 
903 333 18 26 0.017670186 
963 70 7 15 0.017669193 
781 237 11 16 0.017666634 
568 57 6 15 0.017644752 
843 487 11 18 0.017633937 
583 274 7 13 0.017633228 
860 -7 8 16 0.017631533 
517 278 6 11 0.017623706 
425 401 8 15 0.017614841 
618 46 6 12 0.017606212 
27 77 38 55 0.017593304 
506 314 6 13 0.017582849 
770 269 20 23 0.017582089 
246 278 9 13 0.01756842 
530 57 6 16 0.017564043 
372 260 10 19 0.01755293 
350 343 7 9 0.017550925 
632 46 6 11 0.017524302 
477 83 7 16 0.01752185 
631 209 7 16 0.017509444 
261 96 6 16 0.017504178 
25 -36 13 17 0.017501472 
411 354 12 13 0.017501421 
494 352 86 97 0.01745792 
186 329 7 12 0.017442368 
135 346 17 27 0.017436929 
770 294 16 21 0.017424027 
974 260 10 20 0.017417481 
901 17 6 17 0.017412502 
323 352 8 12 0.0174075 
897 514 9 23 0.017404199 
40 131 11 17 0.017402634 
468 356 7 13 0.017388254 
422 80 11 17 0.017385403 
324 109 9 16 0.01738222 
107 553 7 18 0.017379416 
543 82 6 17 0.01735782 
136 258 17 25 0.01733779 
505 350 9 18 0.017337605 
770 410 9 8 0.01732422 
259 134 104 132 0.017320275 
178 380 17 28 0.017317688 
437 402 9 15 0.017299496 
806 415 14 15 0.017287284 
990 70 7 14 0.017276537 
309 244 10 23 0.017276457 
581 227 7 12 0.01727246 
591 348 9 15 0.017261842 
785 84 6 14 0.017249096 
644 195 8 18 0.017246697 
859 476 9 17 0.01723394 
594 58 6 15 0.017187823 
682 516 7 18 0.01718376 
24 51 15 22 0.0171748 
593 66 8 19 0.017167406 
996 272 17 20 0.01711996 
720 359 19 18 0.017085228 
328 460 22 29 0.017083244 
948 205 11 24 0.017079353 
282 314 10 12 0.017079208 
53 530 9 19 0.017062057 
819 411 15 22 0.017060809 
581 58 6 15 0.017033387 
976 53 8 18 0.017032348 
325 377 8 12 0.017016094 
73 476 20 24 0.016993662 
335 299 8 14 0.01699039 
386 335 12 16 0.01696532 
172 409 23 26 0.016943578 
975 95 6 15 0.016939329 
842 250 44 71 0.016931525 
842 153 19 24 0.01692927 
708 251 9 14 0.01692632 
554 106 7 17 0.01691998 
845 294 11 21 0.01690965 
172 555 6 15 0.016909428 
734 370 25 22 0.01690446 
425 42 8 18 0.016889399 
584 293 5 9 0.016877567 
602 376 52 46 0.016876958 
42 382 44 75 0.01686163 
28 477 10 18 0.01685105 
896 328 14 19 0.016850403 
611 471 13 23 0.016845593 
39 142 13 21 0.016838228 
224 339 49 67 0.016827509 
578 209 8 16 0.016820468 
226 359 20 21 0.016811108 
670 516 7 17 0.016805105 
396 364 12 14 0.016800394 
265 355 14 25 0.016795803 
747 460 54 61 0.016780848 
94 553 7 18 0.016740708 
309 299 9 13 0.016735245 
45 309 41 79 0.01672864 
911 516 8 21 0.016728053 
503 67 6 18 0.016721953 
435 178 12 26 0.016698064 
667 216 10 19 0.01669501 
434 415 12 17 0.016688375 
552 233 8 19 0.016652228 
5 145 35 76 0.016651005 
85 473 18 24 0.016627964 
468 267 7 11 0.016608201 
556 263 6 13 0.016599935 
935 205 11 24 0.016598158 
478 326 7 15 0.016594702 
899 444 8 15 0.01658879 
325 376 77 67 0.016584558 
196 57 6 16 0.016582927 
914 468 8 13 0.0165711 
298 316 8 11 0.016570434 
503 57 6 16 0.016567785 
551 336 9 17 0.016564196 
25 143 12 21 0.016559688 
371 168 13 21 0.016553681 
658 221 7 15 0.016535768 
975 83 6 14 0.016533077 
846 466 10 15 0.016508982 
8 -144 15 39 0.016508138 
113 357 16 27 0.016504135 
696 85 5 10 0.01649314 
192 271 10 20 0.016486041 
529 520 6 13 0.016451694 
1001 569 8 17 0.016448531 
223 546 6 15 0.01643116 
517 67 6 18 0.016426915 
401 354 10 11 0.016424524 
604 222 8 17 0.016423253 
847 542 11 29 0.01641603 
683 85 6 11 0.016393626 
776 185 41 65 0.01639279 
836 492 9 14 0.01637381 
41 391 11 16 0.016371867 
524 405 13 17 0.016353622 
554 353 7 14 0.016347611 
283 258 9 20 0.016325766 
566 411 12 20 0.016322035 
24 138 46 72 0.016307754 
951 444 8 13 0.01630771 
145 83 7 14 0.016306978 
857 440 12 17 0.016297234 
935 218 47 89 0.01629572 
680 249 10 15 0.016288858 
274 205 10 24 0.016261153 
570 260 6 14 0.01625037 
531 430 19 29 0.0162349 
891 336 21 26 0.016224923 
521 398 88 98 0.016205274 
797 146 11 20 0.01617472 
919 156 43 78 0.016152577 
389 316 8 13 0.016151076 
463 235 10 15 0.016124444 
257 276 9 15 0.016102595 
150 154 19 31 0.016089492 
646 224 6 15 0.01608013 
568 368 5 12 0.016078996 
791 418 14 12 0.01607696 
393 294 6 11 0.016052313 
434 167 13 23 0.01604653 
197 145 45 56 0.016022004 
632 531 6 16 0.016018907 
936 501 8 19 0.016016157 
727 417 15 13 0.01601578 
945 144 44 83 0.016012173 
335 354 10 12 0.0159659 
504 325 7 13 0.015955407 
386 324 11 18 0.015953902 
976 69 7 15 0.015944969 
935 193 11 22 0.015931712 
325 259 8 18 0.015925124 
946 138 16 29 0.015901214 
1 54 10 22 0.015892321 
957 182 37 86 0.015870536 
359 275 8 15 0.015839532 
232 123 10 13 0.015833097 
78 510 12 23 0.015825 
984 398 41 97 0.015806548 
244 503 10 21 0.015797146 
998 384 14 38 0.015796982 
832 -285 226 354 0.015790205 
577 492 12 26 0.015781227 
335 503 12 17 0.015764039 
226 371 19 21 0.01576137 
81 554 7 17 0.015753714 
516 110 7 13 0.015751926 
24 -47 13 17 0.01574375 
370 92 14 24 0.015740914 
697 101 6 10 0.015731212 
486 379 14 16 0.01572248 
913 298 10 21 0.015718907 
136 237 18 34 0.015711686 
438 83 8 15 0.015704866 
461 387 14 17 0.015667649 
-28 366 192 257 0.015661443 
619 530 6 17 0.015661119 
384 247 10 18 0.015651478 
168 349 11 18 0.015642093 
11 333 53 87 0.015638802 
50 69 11 21 0.015632888 
184 312 9 18 0.01562635 
726 301 17 31 0.015625523 
503 112 7 12 0.015622091 
804 490 14 18 0.0156161655 
596 185 7 17 0.015585161 
768 364 10 13 0.015565494 
447 177 13 27 0.0155567 
843 475 13 22 0.015555742 
948 300 11 18 0.0155534735 
804 268 47 66 0.015552196 
871 181 13 26 0.015532277 
154 336 11 19 0.01552071 
490 82 7 17 0.015503495 
592 542 8 20 0.015500782 
693 263 8 14 0.015492881 
590 315 37 49 0.015491972 
12 68 15 24 0.015487493 
946 333 17 28 0.015483443 
230 334 20 19 0.015483181 
12 -38 16 20 0.015478021 
823 110 8 14 0.015477737 
54 125 40 54 0.01547524 
844 311 11 22 0.015469711 
452 136 8 14 0.015466813 
824 95 6 15 0.015464686 
448 282 13 20 0.015457217 
648 82 4 17 0.015451281 
73 324 17 40 0.015443891 
781 407 9 9 0.015434418 
955 328 21 33 0.015428869 
360 508 10 11 0.015425654 
381 166 17 24 0.015409337 
924 515 9 21 0.0154091725 
992 96 6 15 0.015401751 
36 321 18 29 0.015397839 
934 167 13 23 0.015395728 
346 297 8 15 0.015377944 
235 516 7 17 0.015374132 
150 220 18 36 0.015373827 
97 352 20 35 0.015373648 
236 178 20 27 0.015372196 
460 281 13 20 0.015363683 
185 557 6 14 0.015357596 
378 320 5 9 0.01532878 
159 175 22 35 0.015326216 
477 250 8 15 0.015285971 
596 387 11 16 0.0152732935 
175 396 19 25 0.015248679 
49 320 18 34 0.01524042 
934 217 12 26 0.015223532 
286 362 9 14 0.015220936 
50 295 17 28 0.015213719 
742 404 13 12 0.015195185 
893 280 14 29 0.015184955 
882 187 15 34 0.015182204 
523 389 12 17 0.015179245 
631 543 8 20 0.015178084 
812 287 25 31 0.015177385 
859 307 13 25 0.015168292 
412 206 10 22 0.015156558 
367 358 17 21 0.015145075 
401 269 37 66 0.015127716 
873 284 10 19 0.0151264295 
844 322 13 25 0.015120698 
423 104 10 18 0.01511523 
308 377 8 13 0.015108049 
553 531 8 18 0.015102815 
186 339 7 13 0.015097878 
156 84 7 13 0.0150952125 
769 307 17 23 0.015090605 
68 529 8 19 0.01508704 
996 629 14 53 0.015080446 
576 378 8 16 0.015068381 
4 507 6 19 0.015062927 
647 95 5 18 0.0150511945 
1 185 27 73 0.01504374 
253 176 15 26 0.01503294 
167 281 12 22 0.01501857 
236 532 5 13 0.015016129 
36 68 15 22 0.015014156 
3 -235 77 94 0.014999227 
888 109 6 16 0.014996657 
810 317 26 31 0.0149783185 
2 70 11 20 0.014978178 
948 217 11 27 0.014969668 
391 303 6 11 0.014950105 
322 504 10 16 0.014945415 
837 549 8 21 0.014939252 
517 57 6 16 0.014926109 
449 210 8 16 0.014908284 
151 266 14 24 0.014904971 
959 191 12 25 0.014903941 
0 128 10 28 0.014903605 
3 492 6 19 0.014889485 
742 340 14 18 0.0148874 
986 464 13 23 0.014886141 
270 256 10 23 0.0148844775 
745 506 11 14 0.01488173 
999 452 8 20 0.014880436 
440 545 7 15 0.014876621 
529 94 7 17 0.014873853 
605 530 7 18 0.014872708 
566 473 13 23 0.014867846 
922 423 11 21 0.014846301 
679 340 12 12 0.014800316 
321 92 12 19 0.014798611 
879 280 40 69 0.014787048 
540 231 8 22 0.014776673 
861 295 11 20 0.014776575 
297 404 10 12 0.014774021 
162 252 43 75 0.0147631345 
210 57 6 15 0.014734178 
347 498 10 12 0.014710453 
933 466 11 15 0.01470436 
102 294 13 25 0.014701789 
720 418 11 12 0.014699061 
11 -63 16 25 0.014690714 
38 168 17 29 0.014680427 
833 410 14 24 0.014656174 
870 238 14 33 0.014653958 
463 224 10 15 0.014646414 
566 221 7 16 0.014624175 
682 233 8 16 0.014614845 
196 342 25 24 0.01459129 
545 323 88 96 0.014589255 
605 58 7 15 0.014555236 
725 320 16 25 0.014546273 
828 304 18 27 0.014538271 
491 325 6 14 0.014517327 
659 206 8 17 0.014512743 
542 520 6 15 0.014501399 
313 320 7 9 0.014498646 
1010 411 15 42 0.014495785 
566 442 10 16 0.014492571 
760 409 8 9 0.014488089 
922 205 12 25 0.01448753 
283 302 10 13 0.014479609 
550 194 10 24 0.014466952 
540 502 7 18 0.014450502 
168 268 10 20 0.014440319 
349 362 10 14 0.014439056 
948 193 11 23 0.014437224 
285 407 8 12 0.014417833 
770 282 18 22 0.014410867 
153 242 14 27 0.014365926 
168 338 9 14 0.01436054 
36 -20 12 17 0.014352982 
779 308 25 27 0.014351661 
439 535 7 12 0.014347282 
643 531 8 18 0.014328731 
1012 136 12 32 0.014327108 
731 405 12 12 0.014307129 
473 177 14 27 0.014293242 
832 153 43 57 0.014275504 
735 383 23 22 0.01427036 
629 371 53 50 0.014259476 
361 342 10 12 0.014257735 
298 377 8 12 0.014252916 
437 106 8 17 0.014240641 
1017 569 7 18 0.014233334 
34 -36 15 16 0.014230612 
26 129 11 22 0.014226577 
467 341 7 15 0.014206918 
693 519 8 16 0.014200568 
476 94 8 15 0.014196211 
1005 149 34 65 0.014187484 
462 191 13 24 0.014183691 
453 355 7 15 0.014181117 
993 85 6 14 0.01417827 
25 296 11 23 0.0141623095 
894 189 15 31 0.0141526405 
-2 274 27 84 0.014138211 
803 327 19 26 0.014132881 
62 462 17 25 0.014121982 
528 108 7 15 0.014114442 
255 287 12 16 0.014111921 
958 272 60 68 0.014088019 
309 277 8 14 0.014067827 
35 185 19 40 0.014064097 
987 682 39 109 0.014059014 
724 355 49 47 0.01404683 
492 113 6 11 0.014044282 
360 289 7 12 0.014037165 
452 544 8 18 0.014015139 
246 517 8 17 0.014002244 
935 426 12 20 0.013979306 
1012 385 13 32 0.013951669 
795 406 10 11 0.013951316 
854 167 40 75 0.013933765 
591 530 9 19 0.013929777 
566 422 11 17 0.013923883 
567 277 6 12 0.013920662 
548 180 11 24 0.01391313 
372 179 13 24 0.013887985 
594 210 7 15 0.013878402 
299 396 7 9 0.013859907 
61 291 18 31 0.01385205 
769 443 11 12 0.013848422 
288 394 7 10 0.013846852 
400 293 11 21 0.013841761 
427 535 6 10 0.013838506 
566 530 8 20 0.013831304 
908 179 13 25 0.013825069 
959 443 12 16 0.01382431 
65 260 14 18 0.013823658 
923 181 12 23 0.013823411 
364 330 6 10 0.013815828 
592 80 7 20 0.013782519 
78 465 15 20 0.013778987 
467 126 6 12 0.013771688 
648 60 4 13 0.013766578 
451 106 8 16 0.01376127 
411 191 11 25 0.013755875 
887 326 11 18 0.013746186 
93 80 7 19 0.01373533 
850 94 6 16 0.013728511 
195 318 7 11 0.013723282 
591 450 12 18 0.013714257 
103 494 10 16 0.0137124425 
179 359 52 58 0.013711514 
634 94 5 19 0.013710031 
923 166 12 24 0.013695531 
409 176 13 28 0.013687381 
594 556 7 16 0.01366605 
643 541 9 23 0.013652288 
565 455 11 16 0.013646742 
393 409 55 62 0.013644363 
286 380 6 10 0.013634629 
607 557 7 15 0.0136320265 
835 464 11 15 0.013608412 
193 237 89 97 0.013570968 
683 531 6 17 0.0135698505 
844 250 14 26 0.013568568 
164 399 17 22 0.013567115 
178 294 12 23 0.013566871 
566 324 9 15 0.013563617 
125 370 18 28 0.013551424 
308 119 10 17 0.013546676 
604 235 7 16 0.013541051 
719 519 9 15 0.01350788 
331 88 16 24 0.013501108 
37 477 11 19 0.013495775 
929 334 38 75 0.013495255 
308 259 9 19 0.013487487 
454 263 44 87 0.0134718735 
487 143 14 22 0.013469479 
528 253 7 14 0.013466907 
257 214 12 28 0.01345106 
241 222 15 31 0.013440712 
518 425 11 21 0.013437203 
1002 -16 6 14 0.013436254 
464 250 9 13 0.013416093 
404 268 6 11 0.013389423 
384 363 14 16 0.013381059 
694 530 8 18 0.013380306 
962 423 48 85 0.013377977 
881 251 15 34 0.013377536 
668 95 6 14 0.013375195 
135 372 19 27 0.013367355 
401 535 6 8 0.013358856 
410 491 12 17 0.013357045 
334 378 11 13 0.013343428 
374 -17 7 14 0.013339737 
234 492 9 20 0.013338458 
919 474 13 20 0.013333389 
946 251 15 31 0.013333337 
671 302 10 13 0.013323099 
68 69 8 18 0.013318116 
124 323 17 27 0.013289598 
518 264 7 13 0.013285128 
516 95 7 16 0.013283054 
836 109 7 14 0.013281345 
236 547 5 14 0.013278185 
649 69 4 16 0.013270466 
172 85 6 11 0.013250063 
529 81 7 18 0.013249278 
336 -33 7 13 0.013222548 
755 338 11 17 0.013220582 
423 419 12 16 0.01321348 
198 558 5 12 0.013199716 
607 457 19 27 0.013179508 
373 276 8 15 0.013171145 
688 291 38 56 0.013170352 
1016 -19 8 18 0.0131596215 
348 -17 7 14 0.01315353 
951 564 8 21 0.013146494 
322 405 13 12 0.0131380325 
656 531 8 18 0.013096283 
361 -17 7 14 0.013076114 
645 208 7 16 0.013075331 
872 499 10 21 0.013068732 
185 84 8 14 0.01306718 
757 506 12 15 0.013025639 
621 414 58 48 0.013014805 
383 231 11 22 0.013011534 
249 533 5 13 0.013007139 
348 -33 8 13 0.012985615 
669 531 7 18 0.012984081 
1001 486 8 22 0.012979438 
935 337 13 21 0.012970864 
387 -17 7 14 0.012961356 
821 466 12 13 0.012958757 
2 270 9 31 0.012957915 
949 286 10 18 0.012955184 
606 92 6 25 0.012947222 
796 504 13 17 0.012930121 
986 272 16 19 0.012927165 
335 390 14 13 0.012916863 
175 134 25 30 0.012898951 
948 179 11 24 0.012896097 
553 541 9 22 0.012888197 
731 504 11 16 0.012886772 
704 361 14 16 0.012883714 
417 427 19 25 0.012882532 
576 512 11 21 0.012859342 
428 546 6 13 0.012852746 
540 107 8 16 0.012848625 
298 279 7 15 0.012842069 
749 372 19 21 0.012829219 
923 498 10 22 0.012824667 
517 169 23 28 0.012817305 
125 262 20 33 0.012802489 
857 238 13 28 0.012801435 
600 354 42 44 0.012800555 
690 151 27 63 0.0127986865 
681 327 11 13 0.01278488 
148 195 21 41 0.012779446 
492 519 7 14 0.01275149 
961 272 10 19 0.012750337 
457 422 16 24 0.012748273 
455 435 21 25 0.01273558 
310 -16 7 13 0.012728093 
771 355 8 12 0.0127263265 
249 547 5 14 0.012722866 
465 108 7 15 0.012722361 
24 110 14 27 0.012717677 
323 -33 7 13 0.012712274 
958 176 13 27 0.012706451 
24 322 15 25 0.01269851 
657 181 35 70 0.0126934415 
553 518 7 17 0.012682158 
512 597 338 326 0.012679394 
144 496 8 14 0.012675992 
553 501 8 18 0.0126601625 
218 363 15 17 0.012655151 
504 532 7 14 0.012652209 
972 176 12 27 0.012640926 
363 520 7 11 0.012640271 
374 522 8 10 0.0126336785 
896 499 12 22 0.012633589 
995 403 17 49 0.012631329 
436 122 8 15 0.012619174 
203 370 59 61 0.012611308 
151 418 19 31 0.012611221 
954 307 21 29 0.012606565 
858 544 11 28 0.012605539 
626 325 39 49 0.012595358 
850 300 45 64 0.0125937695 
141 400 42 61 0.012589357 
755 338 119 94 0.012588742 
339 91 19 26 0.012570027 
489 296 7 16 0.012567813 
335 -17 8 14 0.0125571955 
972 465 14 21 0.012543764 
989 568 8 18 0.012536872 
911 500 10 20 0.012535107 
215 371 20 24 0.012531426 
669 315 10 14 0.012524382 
390 534 5 9 0.012506915 
53 374 11 20 0.012502704 
168 327 8 16 0.012500108 
655 541 9 23 0.012500037 
861 94 7 16 0.012497672 
354 75 18 26 0.01246182 
288 352 8 13 0.01245686 
988 514 9 23 0.012450585 
932 250 15 33 0.012448916 
895 265 14 31 0.012448564 
553 415 9 14 0.012445979 
854 421 15 25 0.012436944 
901 265 38 69 0.012427156 
947 378 13 31 0.0124232415 
322 -16 8 13 0.012416008 
168 245 11 18 0.012410675 
50 154 17 27 0.012403222 
685 392 142 78 0.012394169 
452 123 7 14 0.012392864 
672 166 30 62 0.012389069 
180 258 12 20 0.012371964 
309 597 351 327 0.012366382 
874 -7 7 16 0.012354112 
256 256 11 24 0.012337785 
885 442 10 16 0.012329549 
568 356 5 11 0.012318209 
932 281 13 26 0.012315459 
922 130 38 58 0.012309469 
77 452 13 21 0.012297658 
413 221 8 18 0.012295986 
831 383 13 24 0.012285515 
578 529 9 20 0.012280694 
400 -17 7 14 0.012278387 
552 488 10 20 0.012273454 
453 366 8 13 0.012267422 
225 162 36 52 0.012264828 
708 520 7 15 0.01226347 
948 269 11 23 0.012263377 
344 440 15 15 0.0122569455 
568 238 7 14 0.012251265 
310 -33 7 13 0.012246571 
54 518 9 16 0.012246346 
155 325 11 20 0.012233229 
187 373 18 23 0.012201062 
908 92 96 100 0.012196459 
207 278 9 14 0.012190423 
270 237 11 33 0.012184907 
910 424 10 21 0.012184613 
847 270 11 20 0.012184166 
195 68 8 18 0.012150878 
250 96 94 98 0.012130085 
373 508 9 10 0.012127605 
69 384 21 31 0.012122791 
503 82 6 17 0.012116653 
270 373 9 18 0.012110924 
992 283 21 23 0.012103681 
3 552 7 23 0.012103281 
991 187 28 71 0.012102222 
297 -16 7 13 0.012101679 
880 218 19 47 0.01209994 
393 177 16 28 0.01207243 
309 393 8 11 0.012070485 
719 504 11 16 0.0120692225 
224 383 21 25 0.012050611 
215 350 18 17 0.012034625 
620 556 6 16 0.012024928 
243 257 12 20 0.012015726 
99 119 41 58 0.0120138815 
659 155 29 51 0.012013128 
692 359 13 18 0.012009852 
361 -33 8 13 0.012006931 
855 322 14 26 0.011990686 
40 583 11 18 0.011981831 
875 80 7 21 0.011966272 
337 495 9 14 0.011958473 
823 316 56 82 0.011948887 
24 373 14 23 0.011941425 
841 394 17 34 0.011940245 
828 270 18 23 0.011911204 
957 147 16 32 0.011909992 
871 475 12 20 0.011904271 
284 -16 7 13 0.01188142 
382 200 14 28 0.011870459 
398 234 10 18 0.011866727 
64 337 14 30 0.011859239 
24 309 14 24 0.0118494965 
1 -21 9 18 0.011837866 
43 570 7 15 0.011836216 
464 544 9 19 0.011816098 
635 385 28 23 0.011814907 
183 102 39 46 0.011810689 
316 152 4 11 0.011796005 
238 307 41 43 0.011788469 
973 457 13 17 0.011780508 
272 -16 7 13 0.011766926 
100 278 16 29 0.011760285 
374 -33 8 13 0.0117583675 
541 532 7 16 0.011757071 
282 411 9 17 0.011743489 
1016 467 9 19 0.011741358 
718 425 13 18 0.011711015 
934 -227 82 66 0.011707302 
740 319 14 24 0.01169995 
63 372 14 25 0.011689848 
879 163 39 77 0.011682732 
20 33 39 58 0.011680761 
966 241 44 65 0.011679582 
463 207 11 21 0.011673209 
962 565 8 21 0.011672395 
137 334 17 24 0.011660652 
51 -18 11 15 0.011647692 
385 352 11 14 0.011629562 
497 111 80 101 0.011623994 
368 93 109 97 0.011620341 
236 351 25 32 0.011619224 
974 274 11 17 0.011603901 
413 -16 7 13 0.011602315 
168 294 11 21 0.0115984 
870 441 12 17 0.011597548 
920 228 15 30 0.011595547 
439 -16 7 13 0.011590651 
896 477 11 18 0.011588992 
176 154 19 25 0.011587166 
566 514 9 20 0.0115832025 
308 244 103 111 0.01158115 
414 547 6 11 0.011574914 
349 517 9 14 0.011561004 
809 397 12 19 0.011545866 
331 403 17 15 0.011543423 
37 310 15 24 0.011538695 
535 140 27 54 0.011525096 
353 127 46 51 0.011516778 
754 442 12 12 0.011509712 
579 541 9 21 0.0114931865 
327 67 39 49 0.011488968 
387 -33 7 13 0.011485547 
362 302 6 10 0.01147974 
426 -16 7 14 0.011461085 
323 515 9 16 0.011455944 
627 477 12 18 0.011442753 
52 338 15 30 0.0114357425 
823 227 48 76 0.011428188 
262 72 5 13 0.011413952 
297 -33 8 13 0.011410714 
324 392 10 11 0.011409553 
619 396 29 23 0.011401457 
249 110 7 14 0.011388199 
375 290 7 12 0.011378369 
684 97 6 13 0.011370603 
742 442 14 12 0.011364886 
113 307 15 27 0.011342486 
39 373 12 21 0.011337808 
581 555 7 16 0.011332287 
839 338 22 36 0.011330012 
452 -16 6 13 0.011328672 
231 261 9 15 0.011327102 
447 454 55 58 0.01132274 
565 541 9 21 0.011297051 
24 -59 12 15 0.011296858 
476 310 9 18 0.011294483 
459 292 12 21 0.011284914 
478 112 7 12 0.011281253 
604 66 8 20 0.011279381 
837 95 7 16 0.011274799 
476 293 9 19 0.01127077 
151 346 14 22 0.011270707 
936 490 9 17 0.01126541 
972 164 37 78 0.011265255 
180 442 48 67 0.011247344 
1012 -54 10 32 0.011246004 
376 534 6 9 0.011232946 
38 339 15 30 0.011224772 
704 378 14 16 0.011220359 
364 318 6 10 0.011217164 
932 406 15 30 0.011216625 
669 542 8 21 0.011215058 
501 252 8 13 0.011209139 
816 338 17 32 0.011206856 
947 426 14 19 0.01120095 
23 196 20 45 0.011197054 
1014 -37 9 23 0.011194175 
920 487 12 20 0.011177852 
449 334 11 21 0.011167842 
312 135 8 12 0.0111562265 
679 311 15 19 0.011106904 
555 554 7 16 0.011101149 
477 221 11 19 0.0111007355 
396 216 12 23 0.011096408 
408 152 33 69 0.011079097 
861 109 7 15 0.01106762 
682 542 9 21 0.011063998 
517 532 6 14 0.011054423 
922 409 11 25 0.011043387 
947 164 13 27 0.0110426275 
330 438 17 20 0.011032154 
960 286 12 18 0.0110114 
636 155 32 66 0.011010642 
963 457 11 14 0.011008328 
126 326 52 77 0.011003712 
490 534 7 13 0.011003433 
988 456 11 19 0.011003333 
285 277 7 14 0.0109997075 
262 547 5 14 0.010996123 
516 82 6 18 0.010994252 
725 426 18 16 0.0109871505 
896 348 47 88 0.010960554 
937 303 41 58 0.010954007 
975 509 10 29 0.010945465 
503 95 7 15 0.010940294 
257 238 12 31 0.01093112 
756 426 16 15 0.01092898 
284 -33 8 13 0.010917604 
400 -33 7 13 0.010909461 
623 446 24 21 0.010891632 
540 542 9 21 0.010885183 
675 351 16 16 0.010884695 
269 385 10 18 0.010883591 
55 568 8 16 0.010880932 
919 263 15 33 0.010846551 
386 216 44 74 0.01084056 
284 287 10 15 0.010837744 
244 492 10 20 0.010831826 
275 412 7 17 0.010822532 
315 186 25 73 0.010807846 
248 57 6 17 0.010782416 
39 398 17 19 0.010778887 
874 111 7 14 0.010769026 
362 155 42 67 0.010767265 
-1 386 47 64 0.01075567 
849 109 7 14 0.010755119 
905 213 17 34 0.010741333 
2 480 8 20 0.0107385265 
542 555 7 15 0.010737027 
568 554 7 17 0.010736676 
943 351 19 35 0.01073575 
540 447 35 77 0.0107338615 
562 456 31 66 0.010721538 
263 86 5 14 0.010716705 
730 442 13 12 0.01071155 
963 -7 8 15 0.0106981015 
47 167 20 32 0.010694046 
907 262 16 35 0.010693123 
568 496 9 22 0.0106915785 
831 320 17 28 0.010683946 
39 297 14 24 0.010682806 
741 417 15 12 0.010680196 
885 474 12 22 0.010661163 
890 308 42 66 0.01064591 
191 360 15 19 0.010637475 
718 236 39 54 0.010636442 
152 279 14 24 0.010628465 
829 365 43 76 0.010619223 
960 381 14 29 0.010619184 
707 531 8 17 0.01060987 
952 455 10 13 0.010601344 
342 475 15 17 0.010595948 
875 93 7 18 0.010591135 
259 -16 7 13 0.010585761 
416 253 8 13 0.010568904 
758 173 33 58 0.010557904 
470 135 31 45 0.010553426 
55 502 9 17 0.010522719 
440 523 7 12 0.0105186 
272 425 8 19 0.010498727 
402 547 6 11 0.010497735 
-4 94 29 82 0.0104889525 
545 436 87 106 0.010484164 
340 399 81 85 0.010482095 
476 544 10 19 0.010477299 
2 716 41 72 0.010474952 
697 258 40 50 0.0104586 
975 566 8 20 0.010458298 
707 423 58 53 0.0104520675 
694 541 10 22 0.010450262 
1 240 10 32 0.01045009 
798 516 9 14 0.010439677 
107 595 350 333 0.010430487 
1017 448 9 23 0.010428692 
705 390 13 16 0.010423959 
430 426 17 23 0.010422991 
886 -7 7 17 0.010412056 
935 392 12 29 0.010407411 
963 467 11 16 0.010404145 
211 558 5 12 0.01040014 
388 523 7 10 0.010385089 
447 424 15 22 0.010382076 
443 448 18 23 0.0103717055 
767 377 13 16 0.010364518 
451 166 37 64 0.010359481 
446 467 18 18 0.010347481 
131 499 8 12 0.010327548 
491 312 7 16 0.010319373 
691 113 74 106 0.010318117 
69 404 21 37 0.01031712 
744 494 11 11 0.010312284 
390 280 6 12 0.0103109125 
272 -33 7 13 0.010291579 
354 179 30 66 0.010277556 
464 -16 7 13 0.010270226 
985 395 15 38 0.010267395 
309 405 12 12 0.010255638 
597 287 33 49 0.010244578 
165 361 14 22 0.010215195 
890 220 20 45 0.010196333 
510 387 15 21 0.010194542 
741 427 18 15 0.010183092 
955 350 19 34 0.010165968 
996 104 32 79 0.010162965 
414 535 5 9 0.010146705 
413 -33 7 13 0.010137242 
462 320 11 23 0.010132075 
2 345 11 24 0.010130315 
993 -227 39 91 0.010113195 
394 200 15 28 0.010105414 
496 124 43 46 0.010104061 
711 149 32 71 0.010091263 
424 414 42 62 0.010085782 
491 95 6 14 0.010084991 
386 71 31 57 0.010078315 
488 412 44 74 0.010075598 
731 518 10 16 0.010075523 
447 292 15 26 0.010044391 
139 110 36 44 0.010027817 
434 221 41 54 0.01002618 
528 532 7 15 0.0100087775 
