13_Interview_Interview_Sequences_13_189
188
279 -10 447 568 0.9958786 
168 123 162 268 0.06755122 
-55 603 319 300 0.046515476 
781 113 10 30 0.034732062 
-22 301 207 296 0.034469876 
5 82 9 17 0.030952625 
682 2 162 284 0.030414952 
796 132 7 20 0.030265145 
795 113 8 27 0.02775088 
14 143 10 20 0.027724389 
986 107 14 22 0.026321035 
65 207 10 19 0.026020313 
831 319 163 290 0.025865395 
973 354 10 39 0.025633482 
964 357 8 33 0.025179919 
885 -12 169 232 0.024360886 
136 -15 159 263 0.023753222 
1015 420 8 29 0.022733774 
824 116 7 25 0.022610378 
677 421 197 242 0.022508513 
54 156 8 17 0.022402665 
4 133 8 16 0.022154046 
747 149 7 16 0.020896494 
993 116 13 22 0.020886645 
755 158 9 19 0.020555034 
809 128 8 23 0.020456605 
92 385 9 25 0.020083504 
68 169 6 16 0.019925533 
878 480 186 343 0.019690322 
102 387 9 21 0.019678732 
49 167 11 22 0.019641684 
951 4 6 17 0.019559603 
798 143 8 23 0.01950472 
811 41 6 27 0.019333182 
746 158 8 16 0.01928963 
54 147 7 14 0.019132698 
79 271 13 23 0.01901191 
14 136 9 16 0.01895291 
64 260 11 17 0.018464675 
786 479 7 17 0.01845976 
760 430 214 356 0.018290034 
785 467 6 18 0.018286103 
648 3 15 16 0.018265253 
76 260 10 15 0.017959429 
54 135 7 12 0.017199721 
85 278 13 24 0.017085597 
725 151 143 263 0.016790653 
856 334 11 29 0.016376466 
810 98 9 32 0.01624509 
835 40 10 33 0.015891654 
81 169 7 16 0.015794469 
1016 401 7 21 0.015790444 
5 143 10 19 0.01571148 
77 382 11 30 0.015694397 
80 208 7 16 0.01568603 
15 81 10 18 0.015623821 
736 150 6 13 0.015605247 
80 199 7 17 0.0155447945 
870 244 11 32 0.015345176 
39 132 10 17 0.015217485 
837 116 6 24 0.015188578 
911 265 9 35 0.01504527 
178 605 357 313 0.014933389 
156 349 7 21 0.014916703 
807 143 9 25 0.014829817 
53 261 12 18 0.014778261 
912 -8 6 13 0.014748724 
965 6 6 14 0.0145588685 
53 335 10 21 0.014367994 
907 41 12 33 0.014361295 
952 -5 6 12 0.014340657 
797 36 8 32 0.014276739 
1002 413 7 22 0.014207972 
40 122 10 17 0.014017829 
348 -45 8 19 0.013959938 
938 -5 7 12 0.013948055 
640 96 152 329 0.0139100235 
40 143 9 17 0.013764169 
106 416 7 17 0.013742683 
811 605 8 18 0.013733379 
849 349 7 20 0.013715874 
11 -101 14 27 0.013699539 
67 160 7 13 0.013657592 
848 332 9 29 0.013636297 
950 346 9 28 0.013622219 
900 -8 7 14 0.013615288 
846 318 9 31 0.013566678 
69 182 6 17 0.013554919 
53 205 12 23 0.013384183 
82 158 8 15 0.013288036 
1016 390 7 17 0.013207557 
833 292 12 42 0.0131164305 
811 614 9 25 0.012970289 
1001 400 6 20 0.012943274 
43 167 10 21 0.012879586 
785 90 7 27 0.012877209 
866 -267 183 296 0.012873199 
770 266 10 29 0.012862779 
825 52 6 25 0.012691344 
938 1 8 23 0.012636224 
66 219 10 21 0.012586548 
55 249 9 13 0.012578007 
337 -46 7 20 0.012544265 
861 233 7 26 0.012503547 
848 126 9 23 0.012483226 
808 267 36 112 0.012472691 
119 109 7 15 0.012463539 
859 346 10 27 0.012451817 
53 123 7 14 0.012450844 
965 333 7 28 0.012404307 
642 20 12 34 0.012375367 
861 221 7 23 0.012362529 
770 170 7 18 0.012302404 
65 251 9 13 0.012288342 
109 107 6 16 0.0122381635 
16 -238 295 138 0.012183369 
773 116 9 26 0.012177787 
964 318 8 29 0.012173979 
669 39 7 21 0.012160717 
361 -46 8 21 0.012156923 
821 103 8 25 0.012136373 
720 150 7 15 0.012127821 
665 595 329 330 0.012121003 
140 485 15 19 0.012075273 
4 123 8 15 0.012073909 
848 191 8 25 0.011964841 
69 237 208 254 0.011962666 
746 283 8 24 0.011941998 
119 283 8 20 0.011891725 
4 90 9 19 0.011887876 
257 478 10 38 0.011829949 
773 104 7 25 0.011829292 
836 92 6 23 0.011784728 
154 10 12 23 0.011774269 
986 354 10 33 0.011747191 
928 -6 5 12 0.01173054 
757 147 8 17 0.011704924 
757 282 8 27 0.011661521 
706 79 7 20 0.01153279 
965 -5 6 11 0.011527606 
706 68 7 20 0.01151643 
836 105 7 21 0.011510325 
849 139 8 25 0.011419588 
53 181 8 17 0.011397516 
25 79 11 19 0.011334532 
821 616 9 25 0.0112965545 
156 369 8 27 0.011225736 
324 -45 6 18 0.011208282 
136 157 6 17 0.011205234 
30 132 9 17 0.011164747 
70 132 8 15 0.011114244 
823 65 7 22 0.011109157 
114 67 12 17 0.011070459 
132 109 7 15 0.010819629 
104 398 8 22 0.010818509 
1001 424 7 25 0.010757346 
862 171 8 20 0.010751512 
786 172 6 15 0.010742863 
889 -8 7 13 0.010718271 
66 373 8 23 0.010674097 
811 -4 7 15 0.01065346 
810 62 8 27 0.010648395 
950 364 9 37 0.010623077 
1001 389 6 16 0.010615421 
106 378 7 17 0.010602363 
730 54 9 24 0.010558856 
993 29 17 22 0.010552072 
458 594 354 332 0.010548617 
835 57 8 31 0.01054597 
847 294 8 32 0.010512586 
821 143 8 23 0.010483401 
43 370 11 26 0.010471685 
-40 70 150 246 0.010438396 
70 124 7 14 0.010424196 
146 345 8 27 0.010368207 
41 182 10 17 0.0103445025 
135 173 5 15 0.010321448 
79 68 9 16 0.010305736 
822 606 8 17 0.01028685 
981 203 19 27 0.010243186 
966 17 6 16 0.010180454 
351 -34 6 16 0.010167546 
841 75 172 310 0.010130161 
156 313 9 18 0.010116364 
26 69 12 16 0.010100174 
93 413 8 20 0.010092931 
775 479 7 16 0.010059279 
835 77 8 25 0.010042532 
