13_Interview_Interview_Sequences_13_1032
863
383 128 222 284 0.999653 
77 688 8 33 0.06951096 
520 -39 232 278 0.050283942 
74 705 9 40 0.04850497 
770 187 221 316 0.04796407 
59 705 8 43 0.045598384 
754 1187 9 28 0.043983225 
595 481 12 47 0.043873575 
804 494 10 28 0.042968012 
773 496 9 26 0.04134978 
405 528 9 46 0.040825773 
584 1389 6 23 0.03925722 
66 1211 463 506 0.036590517 
462 591 7 32 0.03644921 
76 671 7 31 0.03607085 
17 521 9 30 0.036016524 
447 572 7 36 0.035565663 
620 1217 5 18 0.03512569 
595 1390 7 23 0.033407677 
405 567 10 48 0.033339266 
1004 1240 7 23 0.03316395 
337 -16 187 146 0.032784004 
794 495 8 26 0.032673832 
644 1214 6 22 0.03243629 
140 560 5 19 0.03183131 
712 323 8 34 0.031338155 
460 576 7 31 0.031218916 
794 654 7 25 0.031185072 
73 726 10 42 0.030862447 
795 636 7 22 0.030702854 
150 563 7 20 0.03067247 
386 430 9 41 0.030360166 
136 547 6 16 0.030327665 
87 2 17 30 0.030304212 
618 1239 6 18 0.030189587 
643 1197 5 19 0.029930355 
812 1349 10 33 0.029816115 
448 552 8 35 0.029758107 
951 542 6 21 0.029453743 
210 535 11 35 0.029190335 
329 497 6 27 0.029008165 
580 459 9 35 0.028759677 
730 1135 8 31 0.028576877 
309 134 7 28 0.028514044 
114 93 9 39 0.028486848 
330 168 8 33 0.027915755 
59 667 8 36 0.027871517 
641 1182 5 19 0.027792439 
101 709 7 32 0.027646955 
349 496 6 25 0.027121067 
423 550 9 40 0.026914777 
619 1199 5 18 0.02646986 
307 167 10 38 0.02639854 
810 1361 10 35 0.02633332 
426 569 9 43 0.026297182 
5 1506 5 24 0.026249276 
608 146 15 50 0.026113203 
310 1197 8 20 0.02610514 
824 1363 12 38 0.026040403 
909 516 7 26 0.02602634 
382 547 11 54 0.025962494 
288 152 8 32 0.025943363 
906 502 6 24 0.025719011 
651 1213 8 25 0.02570697 
998 670 11 32 0.025670778 
791 485 8 23 0.025571417 
331 185 8 34 0.025358379 
3 1519 7 30 0.025356248 
387 529 9 45 0.02529818 
697 323 7 30 0.025193173 
120 547 5 17 0.025117125 
577 437 8 36 0.025117038 
634 1078 6 26 0.02509578 
76 788 8 28 0.02506995 
716 303 6 28 0.0249454 
694 339 8 30 0.024912694 
609 488 11 39 0.02467627 
94 94 9 40 0.024517993 
795 621 6 21 0.02447567 
907 482 7 23 0.02428488 
188 -20 160 154 0.024166184 
1007 542 6 19 0.024104089 
57 647 9 35 0.023931766 
397 414 13 52 0.023852708 
1004 1255 6 23 0.023801517 
792 674 8 26 0.023679098 
98 690 7 26 0.023623813 
101 729 7 33 0.023620626 
349 481 5 24 0.023591647 
44 601 19 55 0.02353257 
790 692 12 34 0.023331769 
458 554 8 31 0.023287417 
6 598 16 57 0.023196232 
-232 -28 256 415 0.023187215 
446 607 9 42 0.02302425 
676 1423 8 33 0.023006035 
39 669 8 36 0.02298696 
771 637 6 22 0.022972934 
385 1503 6 24 0.022833813 
176 540 7 24 0.022670075 
718 1152 7 29 0.022667987 
598 1371 7 23 0.022537159 
99 421 7 28 0.02253157 
98 443 7 27 0.022518722 
617 828 7 22 0.022504753 
757 637 6 22 0.022433123 
308 152 8 30 0.022412691 
562 461 8 31 0.022359917 
78 541 6 22 0.02226689 
659 1406 7 32 0.022104356 
194 537 8 29 0.022043563 
68 217 16 50 0.022025492 
291 726 8 35 0.021946985 
91 923 10 32 0.021874126 
488 612 7 30 0.021872982 
41 687 7 40 0.021852419 
458 611 9 37 0.021796875 
777 440 7 25 0.021779848 
657 1389 6 27 0.021703096 
772 652 6 24 0.021690179 
348 461 6 25 0.021570997 
328 382 8 28 0.021518113 
331 483 5 24 0.021396598 
751 1137 7 25 0.021380972 
113 -23 151 198 0.021350777 
736 1116 7 27 0.0213105 
866 478 9 27 0.021243475 
592 237 19 79 0.02121766 
904 433 11 37 0.021009369 
998 1521 14 29 0.020986458 
-356 1134 422 563 0.020985475 
40 652 8 30 0.020959888 
654 517 9 32 0.020905128 
192 521 8 31 0.02080551 
75 768 9 33 0.020799149 
582 1375 6 19 0.020770416 
716 287 5 26 0.020711226 
50 7 16 42 0.020630052 
270 767 8 30 0.02058041 
850 481 8 25 0.02056893 
786 516 9 29 0.020563984 
118 694 6 23 0.020535892 
327 113 8 27 0.020503085 
94 84 228 358 0.02049226 
1054 -133 252 766 0.020444175 
207 906 15 26 0.020431798 
59 766 9 36 0.02041642 
909 455 8 28 0.02040686 
388 509 8 40 0.020379752 
149 572 8 25 0.02035083 
10 6 16 43 0.020329691 
619 927 6 22 0.020284496 
365 509 8 41 0.020187343 
366 423 10 32 0.020130431 
401 1522 9 27 0.020100009 
345 511 8 40 0.020092817 
591 454 13 51 0.020085944 
603 926 6 24 0.020031728 
386 492 7 31 0.020021372 
326 295 11 51 0.020000894 
775 514 9 29 0.019977625 
345 264 12 44 0.019914055 
603 248 18 64 0.01988318 
290 742 8 33 0.019879919 
204 3 16 24 0.019863075 
758 622 5 21 0.0197881 
32 -17 155 159 0.019740911 
674 1407 8 32 0.019640584 
626 256 18 57 0.01948569 
827 1376 13 40 0.019485584 
638 1059 5 23 0.019434545 
347 186 9 36 0.019378956 
594 1402 8 30 0.019331457 
745 441 11 27 0.019324526 
73 652 8 30 0.019322133 
715 383 8 29 0.019315943 
1017 1522 14 28 0.019285103 
369 495 6 29 0.01928292 
904 659 9 22 0.019210264 
80 557 7 24 0.01920722 
41 705 9 45 0.01914164 
291 136 7 30 0.019112187 
653 1197 7 21 0.019057442 
656 119 231 379 0.019046132 
811 1219 7 22 0.01896359 
620 1076 7 30 0.018921703 
787 427 9 28 0.01891487 
715 335 7 34 0.018814739 
114 713 8 25 0.018814318 
77 808 8 27 0.018756542 
694 363 7 28 0.018708728 
285 164 10 44 0.018706955 
652 471 12 41 0.018685697 
172 494 11 44 0.018662646 
174 518 9 33 0.018604256 
583 1404 6 25 0.018570736 
605 1198 5 20 0.018556107 
12 642 12 49 0.018552301 
342 356 10 37 0.018513655 
615 810 8 24 0.018489035 
762 1191 10 30 0.018460415 
605 1518 19 34 0.018439088 
1003 662 8 20 0.018376473 
526 42 60 152 0.018374532 
1006 529 5 15 0.018324122 
772 622 5 20 0.01831984 
776 486 6 21 0.018319232 
579 1335 6 19 0.018312398 
153 547 6 18 0.018311346 
657 1428 8 29 0.018279862 
310 112 8 32 0.018276304 
749 1153 9 31 0.018267984 
713 997 10 36 0.018210862 
649 1515 17 36 0.018096713 
4 1448 5 21 0.018036535 
754 1205 10 32 0.017983085 
718 1137 7 27 0.0179524 
332 209 7 25 0.017951468 
745 455 12 33 0.017872805 
673 904 8 29 0.017861323 
596 145 15 51 0.017837256 
21 852 27 63 0.017819488 
1008 558 5 18 0.017781889 
696 307 6 25 0.017620098 
345 379 8 32 0.017529437 
713 975 9 35 0.017517548 
404 608 10 44 0.017492702 
326 508 9 41 0.017463336 
811 1232 10 30 0.017421428 
267 -7 173 220 0.017419584 
631 372 16 51 0.017414493 
95 397 9 37 0.017400114 
307 204 9 33 0.017377919 
384 1521 9 29 0.017352924 
636 517 9 31 0.017348021 
332 464 6 24 0.0173374 
755 577 6 26 0.017325876 
286 593 10 30 0.017283728 
329 136 7 25 0.017272126 
110 182 20 46 0.017259754 
718 364 6 26 0.017203473 
850 500 8 25 0.017176725 
712 399 8 27 0.01716822 
732 363 8 28 0.017035931 
603 1217 5 20 0.016976252 
888 478 8 25 0.016969122 
98 524 7 21 0.016957317 
363 544 12 62 0.016884437 
269 741 8 35 0.016876563 
659 -14 153 189 0.016860383 
131 87 10 43 0.016838819 
939 975 14 45 0.016804207 
653 494 10 37 0.016787222 
656 1181 5 19 0.016761426 
713 1175 8 27 0.016699605 
596 507 11 43 0.016670018 
732 328 7 27 0.016630441 
727 1 18 29 0.016579358 
948 521 6 20 0.016578447 
289 384 8 26 0.016568942 
619 1095 7 30 0.016535085 
676 977 8 31 0.016524343 
776 461 6 22 0.01649601 
97 791 6 22 0.016488709 
715 1192 7 27 0.016484834 
962 543 6 21 0.01648104 
79 443 7 26 0.01644482 
227 3 13 21 0.016436655 
732 382 8 29 0.016393365 
71 309 12 57 0.016295917 
406 494 8 33 0.016289681 
657 1099 6 24 0.01625088 
175 561 7 20 0.016225697 
678 1081 6 23 0.016204644 
100 747 7 31 0.016184565 
601 827 6 24 0.016163962 
738 575 7 28 0.01614089 
289 767 8 31 0.016124895 
582 489 9 35 0.016107913 
534 2 18 26 0.016077863 
119 529 6 17 0.016062837 
796 598 6 22 0.016031291 
655 1235 6 20 0.01602613 
788 1344 10 38 0.015984416 
636 927 7 22 0.015977373 
603 946 5 21 0.01597247 
-240 1432 16 62 0.015964719 
206 918 17 31 0.015947346 
678 342 8 28 0.015933359 
636 495 10 32 0.015913617 
3 1413 5 18 0.015913216 
95 900 10 31 0.015853938 
632 1521 14 27 0.015822431 
637 1121 6 23 0.015817752 
404 1505 6 21 0.015816513 
6 519 7 29 0.015801437 
329 359 9 35 0.015798375 
326 99 8 26 0.015791925 
821 1348 13 34 0.015762383 
1002 718 9 21 0.015751703 
291 533 7 29 0.015728856 
27 353 19 65 0.0157053 
674 1446 10 35 0.015703546 
711 495 10 34 0.01569556 
659 786 8 29 0.015690742 
698 384 7 29 0.015640741 
249 821 9 32 0.015640205 
677 1100 7 24 0.01563512 
658 1081 6 25 0.015627598 
668 514 10 35 0.015624275 
673 921 9 29 0.015622428 
419 512 10 42 0.015620191 
870 79 6 19 0.015614348 
4 1027 5 18 0.015589199 
680 1235 6 20 0.015580304 
405 397 11 37 0.015571918 
604 1239 5 19 0.015570083 
641 1162 5 19 0.015555627 
74 93 9 38 0.015526744 
717 1119 6 26 0.015478886 
3 1431 5 19 0.015473537 
932 482 7 24 0.015452944 
680 1217 6 22 0.01544793 
11 340 40 156 0.015420395 
562 441 9 33 0.0154196285 
426 892 7 19 0.01536563 
81 466 6 24 0.015360611 
346 249 9 34 0.015358813 
884 730 10 23 0.015353356 
93 576 8 25 0.015353039 
777 427 6 21 0.0153320255 
350 445 6 23 0.015319052 
40 625 10 35 0.015292209 
54 518 10 29 0.0152825415 
76 367 11 48 0.0152810635 
192 498 8 37 0.0152336005 
70 259 12 48 0.015215298 
621 1183 4 17 0.0152123915 
76 4 12 26 0.015185669 
807 599 7 24 0.015162838 
967 521 6 19 0.015115714 
620 1057 6 25 0.0151043385 
678 360 8 29 0.015079992 
864 500 9 26 0.015070165 
756 598 6 23 0.015058733 
684 2 19 26 0.015055126 
346 99 9 26 0.015045887 
467 754 5 20 0.01504417 
1008 1084 6 17 0.015036428 
987 674 9 26 0.0150112305 
488 629 8 30 0.014997381 
210 573 11 31 0.014994409 
658 772 7 24 0.014985524 
13 1518 11 36 0.0149694905 
808 618 8 25 0.014958288 
366 1334 7 20 0.014941527 
619 1260 6 16 0.014938706 
458 536 9 29 0.014918805 
312 1141 9 22 0.014911974 
791 461 7 24 0.01487046 
96 560 6 20 0.01487001 
524 1296 5 18 0.014847961 
97 811 6 23 0.014841915 
64 869 21 56 0.014837272 
580 1217 6 20 0.014835824 
206 587 13 48 0.014831851 
656 1372 6 25 0.014831225 
721 20 20 60 0.014770864 
5 967 5 20 0.0147646 
16 683 9 49 0.014757879 
539 1295 6 21 0.014757427 
671 475 10 35 0.014757151 
108 216 17 49 0.014734221 
697 1195 7 23 0.01470458 
748 1048 14 52 0.014690163 
949 556 6 22 0.014653028 
676 1180 5 20 0.014649414 
577 398 10 38 0.014642738 
113 752 8 26 0.014634512 
511 97 134 223 0.014617071 
598 1334 6 20 0.014570963 
772 1095 10 33 0.01455798 
716 957 8 34 0.014543115 
362 376 11 37 0.014527495 
5 947 5 20 0.014516385 
288 200 9 37 0.014513118 
639 1043 5 22 0.014481243 
-15 1354 5 20 0.014465054 
704 167 886 2022 0.014449523 
4 1392 4 19 0.014446741 
289 483 7 25 0.01444059 
593 128 12 42 0.014428908 
-103 -22 157 148 0.01441607 
343 524 12 59 0.014409011 
-15 1334 5 21 0.014404653 
16 1026 7 21 0.014385432 
124 11 26 64 0.014383951 
735 516 9 32 0.014335008 
540 1255 6 19 0.014332961 
54 217 16 52 0.014331944 
322 518 13 60 0.014319044 
96 501 9 27 0.014290421 
2 1374 5 19 0.014281652 
289 401 8 27 0.014260924 
340 284 15 63 0.014251478 
272 485 7 21 0.0142475385 
883 425 15 50 0.014236144 
548 68 21 48 0.014228557 
312 1183 8 20 0.0142211355 
988 522 5 18 0.014219826 
868 457 10 30 0.014217112 
733 499 9 30 0.014209977 
77 922 11 32 0.014205837 
303 529 10 40 0.014197611 
98 545 6 18 0.014185929 
350 205 7 29 0.014184456 
332 447 6 24 0.01417821 
619 944 6 22 0.014174818 
990 544 4 17 0.014162442 
681 1058 6 25 0.0141439475 
852 462 8 26 0.014136389 
776 676 7 24 0.014125727 
834 635 8 22 0.01409736 
466 773 5 19 0.014094656 
5 985 5 21 0.014075169 
639 849 6 20 0.01406823 
426 827 7 28 0.014038102 
902 674 11 26 0.01403586 
641 1141 5 19 0.013983382 
85 11 21 60 0.013969155 
328 248 10 31 0.01396356 
637 943 7 22 0.013962654 
307 400 8 30 0.01395756 
928 1059 8 25 0.013951007 
733 344 8 28 0.013944901 
679 308 8 23 0.013925349 
699 283 7 26 0.013910584 
911 538 6 25 0.013907361 
267 726 8 37 0.0139022805 
195 555 8 25 0.013894581 
309 1217 7 19 0.013883618 
831 483 8 22 0.013871284 
330 229 8 23 0.0138705475 
1006 1276 6 21 0.013841514 
639 985 6 19 0.013833017 
613 134 11 33 0.013832834 
643 1235 5 20 0.0138299195 
711 1016 9 35 0.013822845 
74 138 132 203 0.013822833 
751 431 8 20 0.013817998 
750 1117 7 25 0.0138071645 
1 1354 5 20 0.013798648 
118 671 7 25 0.013776085 
697 1077 7 27 0.013759134 
289 787 8 30 0.013737061 
785 532 9 30 0.013697502 
14 104 9 39 0.013687599 
719 921 8 27 0.0136831505 
38 5 10 23 0.013676126 
346 113 9 29 0.013673289 
692 1215 7 22 0.013673031 
348 227 7 27 0.013666377 
496 534 13 34 0.013658493 
598 1351 7 20 0.013643931 
692 972 9 35 0.013642468 
677 1198 6 20 0.013632198 
619 1118 7 26 0.013631986 
308 384 8 26 0.01361926 
614 510 11 40 0.01353332 
-3 301 9 42 0.013506025 
22 276 45 167 0.013488463 
420 1521 11 29 0.013458434 
36 586 13 48 0.013439169 
892 501 6 24 0.01343762 
271 788 7 28 0.013432186 
-3 266 8 33 0.013383527 
618 110 11 31 0.013377125 
715 1075 7 30 0.013374276 
139 572 7 25 0.013364225 
540 1312 6 22 0.0133518 
292 706 8 35 0.013337636 
692 476 9 31 0.01328051 
675 1392 6 26 0.013279372 
308 245 12 36 0.013252489 
924 437 11 36 0.013248007 
928 543 6 21 0.013243663 
651 356 10 37 0.013239469 
245 2 15 23 0.013236406 
96 615 11 31 0.013222169 
693 1427 9 30 0.013213791 
312 808 7 28 0.013205046 
673 461 8 26 0.013203544 
602 906 5 22 0.013179577 
-26 19 211 396 0.013176979 
762 1205 11 37 0.01317438 
3 931 6 19 0.013141304 
330 827 8 29 0.013129615 
250 505 8 20 0.01311848 
112 123 11 41 0.01310883 
79 416 8 32 0.013068768 
18 129 7 30 0.013065422 
652 1447 11 31 0.01305474 
657 1161 6 19 0.013054704 
793 577 7 24 0.013040293 
601 968 6 19 0.013039354 
13 61 11 50 0.0130391745 
493 518 13 26 0.013027858 
99 673 7 25 0.013026791 
309 516 7 30 0.013026116 
933 500 6 21 0.01302532 
699 1180 6 22 0.013009067 
136 710 7 23 0.01300824 
350 425 7 24 0.012994638 
270 151 8 35 0.012992026 
692 496 10 32 0.012981575 
1 887 8 26 0.01297802 
710 1445 10 28 0.012966602 
156 693 8 23 0.012907576 
224 551 14 40 0.012903603 
987 690 9 25 0.012901077 
143 22 17 48 0.012898927 
192 443 7 27 0.012892554 
114 69 9 41 0.0128837805 
581 1354 6 16 0.012881719 
71 612 11 34 0.012859716 
117 556 6 20 0.012851013 
1005 1107 6 16 0.012832771 
98 627 12 40 0.012824831 
0 66 8 44 0.012810204 
676 942 8 27 0.012797519 
636 1101 6 26 0.012785967 
4 1043 5 20 0.012783008 
930 1045 7 25 0.012766951 
732 306 7 27 0.012749496 
80 574 8 26 0.01272641 
693 1443 11 32 0.012718576 
312 1123 8 22 0.012717079 
324 1198 7 20 0.01270425 
343 165 10 40 0.012703676 
94 373 10 37 0.012702246 
616 1004 6 21 0.012696022 
785 382 11 31 0.012688626 
369 479 6 26 0.012673963 
621 908 6 22 0.01265176 
425 607 9 42 0.012642723 
310 787 8 30 0.012628482 
90 222 12 39 0.012627524 
1004 1219 7 23 0.012613185 
383 404 10 34 0.012604619 
678 887 6 26 0.012597849 
1 851 7 25 0.012563221 
553 2 15 23 0.01254999 
849 517 9 25 0.012545395 
308 1098 10 35 0.012522731 
331 843 8 28 0.012501744 
245 619 14 53 0.012499338 
601 889 6 21 0.012490305 
696 887 6 24 0.0124840215 
720 -40 284 220 0.012474436 
449 535 9 34 0.012470037 
328 401 8 29 0.012446757 
568 134 21 60 0.0124340635 
484 719 6 21 0.012430433 
681 325 6 25 0.012420779 
73 291 10 36 0.012402566 
713 603 9 21 0.01237148 
869 98 7 23 0.0123525765 
587 106 13 38 0.012350378 
4 531 7 30 0.012345841 
631 332 16 48 0.012315434 
503 1220 6 18 0.0123149315 
1008 1067 6 18 0.012310633 
756 652 7 25 0.012304668 
329 425 7 26 0.012278544 
634 475 11 38 0.012231282 
807 634 8 24 0.012224521 
32 276 14 52 0.012209374 
878 1518 16 33 0.012205839 
15 1504 8 28 0.012204667 
618 1333 7 20 0.012202489 
730 978 9 32 0.012184075 
440 428 13 43 0.012177028 
539 1275 7 19 0.012163856 
1005 986 7 19 0.012161994 
-16 1317 5 18 0.012159508 
347 402 8 27 0.01214538 
734 1177 8 27 0.012114108 
303 4 13 24 0.012109977 
737 553 8 32 0.0120943915 
656 1141 6 21 0.012092715 
604 809 6 23 0.012090221 
810 1409 10 37 0.01208984 
735 404 8 24 0.012087014 
39 765 9 36 0.012085438 
774 382 10 27 0.012073772 
1003 730 9 24 0.012058493 
602 846 6 25 0.012041782 
425 813 6 23 0.012040488 
775 577 6 23 0.012011448 
618 1280 7 16 0.012005722 
869 1021 7 23 0.012001097 
811 1327 12 32 0.012000169 
977 1521 18 33 0.011999523 
330 811 7 25 0.011996507 
127 187 12 34 0.011967558 
136 530 6 17 0.011951561 
0 1334 6 20 0.011948526 
559 418 12 40 0.011947947 
0 47 9 40 0.011913765 
618 1045 6 21 0.011909489 
677 962 8 31 0.011902869 
426 871 7 21 0.011893708 
281 2 17 27 0.011883985 
652 380 10 36 0.01188189 
679 287 8 24 0.011864303 
603 983 5 20 0.011863503 
738 439 9 24 0.011856706 
306 275 14 55 0.011846012 
582 539 7 24 0.011818695 
268 440 10 30 0.0118082175 
151 84 12 45 0.011804273 
367 457 7 28 0.011788815 
675 1161 6 19 0.011782451 
329 1055 8 35 0.011777066 
735 1195 7 23 0.011774874 
76 525 7 21 0.011773942 
210 459 10 34 0.011752861 
448 792 6 21 0.011747302 
1263 1249 18 73 0.0117452545 
328 336 11 42 0.011735731 
96 883 9 29 0.011723676 
366 405 8 28 0.011709597 
136 363 228 376 0.011709022 
1024 1124 5 14 0.011692057 
711 268 7 27 0.01166428 
654 533 11 33 0.011661422 
212 441 8 28 0.011659389 
289 809 8 31 0.011647136 
1 726 7 40 0.01164667 
541 982 7 21 0.011637353 
909 172 7 24 0.01163243 
831 463 8 25 0.011630154 
0 786 8 38 0.011621832 
657 1120 6 24 0.011598138 
617 1349 7 24 0.011597979 
38 517 10 31 0.011597379 
56 255 12 48 0.0115960715 
224 582 15 50 0.0115887625 
869 135 7 26 0.011577199 
676 1373 6 26 0.011574204 
95 466 7 24 0.0115729 
186 2 19 29 0.011558432 
717 1096 7 29 0.011554381 
594 1517 20 38 0.01154836 
618 847 7 22 0.011497859 
775 404 8 24 0.011492527 
717 905 6 24 0.011488227 
1021 1069 6 15 0.01147751 
559 492 10 31 0.011464603 
1025 1143 5 16 0.011457381 
786 401 10 29 0.011456354 
269 463 9 26 0.011453901 
6 572 16 48 0.011452716 
602 1182 6 18 0.011436962 
0 867 9 28 0.011426894 
1022 1086 6 15 0.011414723 
485 756 5 20 0.011409311 
77 850 10 26 0.011409263 
4 1066 5 17 0.011407778 
57 784 10 36 0.011397077 
461 630 8 29 0.01139358 
773 599 6 20 0.011389653 
767 1176 8 29 0.011381147 
4 1005 5 20 0.011380181 
153 525 6 23 0.011376543 
602 870 5 21 0.011373016 
830 276 79 177 0.0113723725 
134 695 7 21 0.011367034 
709 511 11 36 0.011361968 
793 1364 9 36 0.011353978 
826 1219 12 26 0.011336761 
763 1050 13 44 0.011334601 
-289 -86 180 667 0.011328934 
266 711 8 28 0.0113185765 
211 524 9 26 0.011316827 
594 441 10 37 0.011311626 
312 465 6 24 0.011306076 
1269 44 16 53 0.011303209 
265 2 16 23 0.011288233 
729 924 8 24 0.011285796 
428 904 7 22 0.01127817 
675 792 6 23 0.0112744905 
1003 1513 9 20 0.011271715 
676 999 8 27 0.011270084 
830 438 9 31 0.0112590855 
1 693 7 37 0.011257319 
173 465 8 32 0.0112545425 
94 259 11 42 0.011236686 
600 715 6 22 0.011233587 
92 484 8 27 0.01123077 
559 1200 6 18 0.011219575 
169 83 13 46 0.011210744 
776 533 7 30 0.011204382 
580 1199 5 19 0.011198023 
674 385 8 27 0.011191141 
53 92 12 43 0.011186532 
694 1060 8 27 0.011179191 
93 63 11 45 0.011177958 
677 1021 6 25 0.011176757 
749 476 9 28 0.011173678 
96 122 11 40 0.011144308 
626 297 18 48 0.011140562 
619 1390 6 25 0.011131515 
30 310 16 59 0.011129484 
540 1242 6 18 0.011117284 
1035 1519 19 33 0.011116828 
956 973 15 43 0.011111676 
287 603 13 45 0.011108873 
1004 1007 8 21 0.011067098 
309 422 7 28 0.011059313 
358 352 16 47 0.011058302 
944 503 7 21 0.011057885 
387 35 81 147 0.011051077 
751 31 13 44 0.011044517 
311 1023 6 23 0.01104371 
579 1320 6 16 0.011037234 
112 733 8 26 0.01103497 
455 429 15 43 0.011028097 
639 968 6 20 0.011009869 
708 2 12 21 0.011000268 
1243 1243 18 82 0.010984187 
635 908 7 23 0.01097451 
2 907 6 23 0.010974453 
385 1489 7 23 0.010972693 
156 499 8 28 0.010970706 
0 827 8 30 0.010958342 
885 453 11 33 0.010957221 
1005 1121 7 18 0.010955644 
439 905 7 24 0.0109542245 
655 985 6 22 0.0109506445 
81 481 7 25 0.01094747 
2 604 10 39 0.010945904 
846 420 11 35 0.010944272 
210 477 9 33 0.010943128 
405 789 6 25 0.010918665 
39 535 9 28 0.010913492 
-243 -35 48 190 0.010912776 
518 577 8 26 0.010905726 
291 504 7 24 0.010904062 
654 1058 7 25 0.010896873 
503 1236 6 16 0.010886968 
325 1179 7 22 0.010873858 
730 997 10 32 0.010872341 
980 979 12 31 0.010872016 
592 1417 11 44 0.010862883 
312 1154 10 25 0.010852292 
485 733 6 22 0.010841722 
659 809 7 26 0.010835358 
327 263 11 39 0.010825932 
524 1238 5 17 0.010809599 
-4 332 10 55 0.010793671 
719 1214 7 24 0.0107924845 
890 519 6 23 0.010788062 
541 968 6 19 0.010781578 
870 154 7 24 0.010777408 
717 942 8 29 0.010766401 
5 624 9 36 0.01075904 
697 1022 8 28 0.0107544325 
15 723 9 47 0.0107282065 
501 550 12 35 0.010722104 
221 534 13 35 0.010718565 
677 1139 7 23 0.010715816 
678 1038 7 27 0.010704983 
696 904 7 25 0.010703181 
736 599 7 23 0.01069403 
30 238 17 56 0.010693656 
449 1220 4 14 0.010690756 
844 634 9 23 0.010689496 
138 1196 7 21 0.010688805 
929 522 5 20 0.010687252 
738 456 10 28 0.010682242 
656 852 7 20 0.010667199 
736 479 9 26 0.010655496 
581 1239 6 20 0.010631787 
1023 1108 6 14 0.010630628 
808 1243 16 40 0.010621063 
584 846 7 28 0.010608518 
847 1405 11 32 0.010595563 
-244 1496 23 62 0.010592184 
-23 489 12 55 0.010566918 
223 923 14 26 0.010563156 
639 1385 6 27 0.010551724 
678 1118 7 28 0.01055021 
96 829 7 23 0.010545637 
520 598 8 25 0.010537953 
20 1390 6 22 0.01053404 
747 517 9 29 0.010515363 
793 558 6 26 0.010512393 
37 89 10 41 0.010507012 
440 892 7 18 0.010500296 
187 282 16 51 0.010481992 
1263 1193 18 72 0.010480295 
307 228 10 31 0.01045049 
824 1230 16 33 0.010438653 
0 25 10 42 0.010435446 
635 540 8 25 0.010433487 
752 1093 8 30 0.010431857 
522 697 7 22 0.010428274 
656 1022 7 22 0.010426936 
4 1466 6 22 0.010426532 
638 1370 6 25 0.010426355 
604 1280 5 16 0.010424451 
752 498 8 28 0.010409233 
77 593 10 29 0.010399665 
1005 1046 7 21 0.0103852665 
219 291 22 64 0.010379709 
54 460 9 30 0.010374902 
656 445 9 23 0.0103475405 
420 406 13 52 0.010336335 
90 356 11 44 0.01033489 
423 847 9 29 0.010333662 
1003 5 13 22 0.0103261545 
484 599 6 27 0.010325589 
735 1099 7 28 0.01032352 
751 1019 11 41 0.01032324 
271 523 7 21 0.010316336 
844 807 9 26 0.010313973 
443 732 7 22 0.01030996 
580 930 6 22 0.010308178 
1022 1509 8 20 0.010306253 
95 868 7 24 0.010305182 
989 562 4 18 0.010300203 
694 945 7 28 0.010283796 
14 333 15 60 0.0102793425 
732 288 7 25 0.010259539 
464 1222 5 14 0.010251108 
54 533 11 31 0.0102482475 
763 25 18 59 0.010244752 
464 793 5 19 0.010240982 
379 380 11 34 0.010231601 
694 512 10 35 0.010228907 
79 828 8 24 0.010220369 
832 652 11 30 0.010220316 
1227 1270 44 134 0.010207935 
618 968 5 19 0.010198647 
466 735 5 20 0.01019651 
698 1095 7 28 0.010164772 
0 767 8 37 0.010153467 
387 789 7 27 0.010152872 
640 1412 7 24 0.010148713 
795 1197 7 22 0.010147761 
695 868 6 22 0.010132124 
638 834 6 21 0.01011413 
676 429 8 22 0.010100675 
-19 1504 7 30 0.010099006 
288 556 7 26 0.010074753 
713 575 10 30 0.0100621395 
91 587 12 36 0.010052501 
774 559 7 24 0.010032596 
50 323 16 62 0.010032056 
403 772 6 24 0.010020655 
287 368 9 29 0.0100109 
617 1366 7 28 0.010006776 
