13_Interview_Interview_On_Location_13_539
975
418 668 478 562 0.99885535 
-209 -107 245 643 0.093786515 
5 364 8 32 0.08113253 
17 473 10 31 0.06834652 
19 453 10 30 0.06461053 
10 419 7 29 0.06324131 
44 373 8 24 0.055205937 
18 437 10 31 0.053498134 
46 388 8 25 0.053138174 
979 1228 7 24 0.05175715 
6 408 7 26 0.051069815 
12 473 8 31 0.049458906 
347 1117 9 39 0.04940843 
961 867 14 26 0.048487335 
19 424 8 26 0.048450127 
12 436 7 28 0.048319206 
293 436 10 32 0.0480291 
42 424 8 26 0.047792498 
223 1141 14 52 0.04748779 
207 315 11 42 0.047337025 
343 245 12 38 0.04654588 
418 457 6 25 0.04643783 
177 142 10 41 0.045953788 
981 1243 6 23 0.04574354 
973 1289 13 41 0.044414546 
326 201 10 25 0.04424623 
39 500 10 33 0.044170074 
982 981 29 54 0.043908995 
276 502 10 32 0.043767232 
329 589 8 36 0.04353375 
22 356 9 27 0.043319516 
865 608 7 22 0.042472143 
554 257 7 20 0.04200416 
964 1280 7 21 0.04176987 
536 1294 9 29 0.041227 
980 1264 6 22 0.04095329 
316 586 9 38 0.039863873 
516 1290 10 36 0.039461713 
420 474 5 26 0.038328268 
263 374 6 22 0.038322937 
961 1290 11 35 0.038174614 
19 366 9 30 0.037875395 
979 1280 8 23 0.03787119 
309 403 11 36 0.037586853 
399 468 8 40 0.037232317 
41 360 7 19 0.03706902 
5 346 7 23 0.036702245 
-251 1036 298 464 0.036532536 
358 457 14 58 0.036310583 
402 453 7 34 0.03543773 
39 471 9 25 0.03513196 
186 144 12 38 0.03509696 
6 389 6 25 0.035092834 
50 658 11 32 0.03505796 
873 611 8 21 0.03477787 
191 162 10 31 0.034563698 
158 870 12 45 0.03448959 
54 389 10 24 0.034444485 
343 457 12 55 0.03436 
310 942 12 55 0.033933546 
379 461 12 53 0.033920158 
38 460 9 22 0.033911817 
45 404 7 24 0.033807825 
294 522 10 35 0.03371442 
299 405 8 26 0.033707593 
25 346 7 19 0.03357219 
1162 1157 13 64 0.033058207 
276 740 126 169 0.032990746 
965 1266 6 18 0.03298104 
327 213 11 29 0.03282348 
151 46 16 62 0.032721084 
327 234 12 34 0.03256464 
919 899 16 30 0.03228703 
966 1226 7 27 0.03225281 
174 1325 8 25 0.032187525 
27 684 6 17 0.031943344 
296 421 9 28 0.031914312 
246 604 9 42 0.031768784 
300 389 7 25 0.031723924 
928 1330 7 20 0.031590573 
333 1135 8 36 0.03137992 
313 551 10 44 0.031338066 
945 1330 7 23 0.031260088 
360 251 9 31 0.031173887 
278 469 9 32 0.031172039 
1160 1206 15 70 0.03111179 
53 377 10 21 0.031100258 
773 682 11 44 0.031078707 
658 270 5 23 0.030870331 
282 439 8 26 0.030784795 
191 308 12 49 0.030728761 
551 1324 8 30 0.03068292 
281 452 9 30 0.030614417 
1003 926 16 45 0.030528024 
569 1327 7 24 0.030389896 
230 318 7 34 0.03036433 
1161 1122 14 63 0.030190652 
8 306 6 24 0.029956741 
9 323 6 21 0.029883001 
924 916 12 25 0.029849138 
997 1229 6 20 0.029764716 
995 1316 11 47 0.029761428 
1011 1306 9 36 0.02974564 
330 1085 8 33 0.029643396 
15 518 14 45 0.029612884 
238 1165 14 53 0.029576218 
902 895 21 37 0.029466996 
102 863 12 31 0.029448142 
349 1085 8 38 0.029425172 
658 235 6 22 0.029351763 
637 1330 8 19 0.028939381 
368 556 8 31 0.028848855 
997 1189 9 32 0.02879625 
90 237 7 23 0.028763268 
12 452 9 31 0.028744742 
617 1328 9 22 0.028694259 
316 201 8 23 0.028549006 
369 573 7 30 0.028541569 
152 0 18 27 0.028533 
159 1324 9 27 0.028489245 
76 253 7 23 0.02842264 
310 384 10 36 0.028347526 
229 389 7 31 0.028245876 
653 1331 9 20 0.028169027 
998 1243 6 23 0.028128099 
943 1340 12 34 0.028116057 
290 939 14 60 0.02804348 
91 253 6 23 0.028042408 
8 688 6 16 0.027969211 
325 938 13 55 0.027893366 
127 252 7 25 0.02784502 
211 347 10 43 0.02780102 
965 1243 7 23 0.027774993 
535 1319 10 38 0.027770057 
981 1211 6 22 0.02776796 
497 1289 11 38 0.02776048 
657 255 5 21 0.027692115 
263 389 7 23 0.027551793 
922 884 16 28 0.027513424 
419 489 6 27 0.027402421 
871 598 8 23 0.027355788 
676 272 6 23 0.027323022 
416 442 6 25 0.027249161 
36 515 12 43 0.02724503 
602 1327 9 22 0.027190406 
552 1310 9 28 0.027048476 
260 608 8 35 0.026955549 
990 971 19 32 0.026930092 
384 576 6 26 0.02692277 
365 201 10 24 0.026909202 
309 426 12 45 0.026878497 
160 133 8 32 0.02682475 
229 355 7 27 0.026814414 
251 374 6 22 0.02668638 
174 1311 10 26 0.0266847 
248 320 6 26 0.026678868 
-3 356 6 25 0.026566435 
51 486 12 34 0.026484875 
552 264 11 28 0.02634043 
249 339 6 24 0.026232885 
998 1264 7 23 0.026132809 
157 1308 11 29 0.025958668 
22 410 7 24 0.025956191 
156 91 10 39 0.025933292 
1159 1070 16 66 0.025904091 
185 109 13 37 0.0258847 
41 676 8 23 0.025876658 
178 995 9 44 0.025837021 
314 607 10 34 0.025754198 
229 373 7 27 0.02572654 
45 662 8 25 0.025606433 
999 1208 7 21 0.025568048 
246 170 8 21 0.025535615 
775 602 205 367 0.025470395 
84 846 15 32 0.025459789 
1009 1335 12 44 0.025381882 
120 831 10 26 0.025375545 
156 1295 10 26 0.025162095 
672 1332 8 20 0.02513339 
227 406 8 33 0.025094086 
245 136 8 20 0.02506003 
997 1175 9 28 0.025018333 
144 1326 8 24 0.024996312 
77 236 7 23 0.024976425 
57 921 9 23 0.024935717 
91 869 13 27 0.024865586 
107 852 11 27 0.024825862 
-4 369 6 26 0.024804227 
994 1292 10 35 0.024792304 
944 920 11 24 0.024769371 
119 845 12 34 0.024709415 
639 270 6 24 0.024668701 
466 255 9 30 0.02464309 
913 1331 5 17 0.024585469 
569 1311 9 23 0.024539052 
552 1296 8 23 0.024484415 
349 592 7 31 0.024412721 
996 1280 8 25 0.024389751 
281 391 8 22 0.024365088 
570 1296 9 23 0.02432564 
1075 1007 15 55 0.024279058 
363 1068 10 41 0.024244314 
755 671 11 45 0.024238888 
327 557 9 41 0.024233304 
24 389 7 25 0.02418174 
347 576 8 33 0.024150006 
230 303 8 31 0.024003211 
295 608 10 32 0.023983067 
293 204 8 20 0.023911634 
995 771 11 47 0.023718711 
772 709 10 44 0.023645513 
738 671 10 45 0.023639014 
973 1314 15 49 0.023622792 
676 256 5 19 0.023613771 
366 214 9 25 0.023509989 
961 1323 10 33 0.023500178 
282 425 8 22 0.023478823 
245 150 9 22 0.023369133 
586 1328 8 22 0.023362203 
231 419 8 33 0.023304917 
140 48 12 55 0.023290103 
368 594 6 26 0.023247607 
161 162 7 34 0.023162631 
161 980 9 42 0.02308298 
296 591 10 33 0.023072105 
211 1343 11 28 0.023008242 
281 201 9 21 0.022997096 
356 429 18 53 0.02298101 
158 247 14 34 0.022813454 
928 1343 10 29 0.022749148 
249 389 7 24 0.022743577 
345 1170 10 40 0.02263236 
1150 1125 11 52 0.02262476 
483 255 7 25 0.0225798 
940 930 15 33 0.022506557 
960 1339 13 37 0.022488033 
111 252 7 23 0.022407228 
279 520 10 32 0.022372212 
82 469 17 35 0.022267532 
214 693 8 32 0.022164566 
158 115 9 33 0.022123102 
434 257 7 23 0.022026606 
940 880 13 28 0.022010144 
174 284 10 28 0.021980092 
315 216 10 24 0.021898901 
178 97 10 34 0.021870768 
111 238 6 21 0.021863848 
959 772 13 52 0.021843806 
364 236 8 25 0.021808375 
244 492 7 28 0.021753402 
1010 779 10 39 0.021736322 
329 431 12 48 0.021735566 
16 543 16 53 0.021691531 
785 666 15 51 0.021683872 
25 304 8 22 0.021642152 
250 358 7 23 0.021603538 
1113 1042 13 54 0.021590078 
192 181 12 35 0.0215598 
226 725 11 41 0.021558672 
1062 1009 14 49 0.021459874 
365 1135 9 39 0.021395564 
556 243 6 17 0.021373475 
334 1170 9 37 0.021369277 
8 699 6 17 0.021357303 
244 304 8 28 0.021300614 
61 1331 5 18 0.021293467 
37 303 10 22 0.021284014 
570 1283 7 17 0.021268928 
1158 1018 17 67 0.021255983 
1016 106 5 17 0.021236222 
1114 1010 12 49 0.02121701 
1002 155 4 18 0.021208473 
290 461 12 43 0.021182226 
1060 959 16 47 0.021145668 
143 1305 12 29 0.021143705 
126 239 7 23 0.021110881 
176 1297 7 20 0.021048864 
175 1342 9 28 0.021031331 
58 456 11 23 0.021002414 
125 819 8 19 0.020987615 
346 216 9 25 0.020985518 
449 257 8 27 0.020872489 
942 901 12 28 0.020855764 
55 361 8 19 0.020830223 
344 423 14 38 0.020826247 
41 346 6 15 0.020819996 
994 1155 9 32 0.020812932 
745 68 5 18 0.02077477 
261 168 9 23 0.02070707 
282 408 8 23 0.020661237 
567 1341 10 33 0.020626629 
805 1 17 24 0.0206041 
74 470 13 30 0.020591483 
76 305 9 21 0.020585777 
21 504 9 32 0.020517668 
478 1289 14 41 0.020499984 
144 251 9 27 0.02045955 
12 321 220 475 0.020456398 
775 654 12 39 0.02044565 
191 98 10 29 0.020436734 
313 184 9 24 0.020304928 
77 323 8 19 0.020283673 
820 413 220 271 0.020249795 
158 1340 10 30 0.020248806 
24 325 7 19 0.020216048 
197 1327 7 24 0.020193681 
247 185 8 20 0.020159109 
947 1282 7 18 0.020133434 
230 493 7 30 0.02012216 
170 3 13 21 0.020110874 
1074 974 16 53 0.020107782 
1158 967 17 66 0.020089732 
345 204 9 21 0.020071402 
1052 -57 214 679 0.020016827 
175 75 12 37 0.01999248 
1010 1174 8 27 0.019979585 
628 530 256 438 0.01997225 
70 459 13 24 0.01996436 
333 1101 8 33 0.019932464 
378 218 9 23 0.019890193 
1010 1138 8 30 0.019883813 
954 964 21 39 0.019875124 
328 188 10 22 0.0198284 
263 624 8 33 0.01977812 
343 957 13 53 0.019743986 
86 883 13 28 0.019710116 
790 708 10 39 0.019706802 
674 238 6 19 0.019701669 
263 343 6 20 0.019669643 
-60 -32 305 442 0.019638252 
281 374 7 22 0.019587435 
308 168 12 27 0.019567814 
175 301 11 31 0.019546995 
8 1328 6 21 0.019530201 
895 1330 6 17 0.019479813 
279 189 9 20 0.019460605 
213 1324 8 27 0.019445721 
383 559 7 28 0.019412821 
995 929 15 38 0.019400869 
228 84 9 22 0.019390969 
653 1342 11 30 0.0193876 
1010 1122 9 30 0.019353542 
743 87 6 18 0.01933853 
312 366 12 36 0.01933697 
973 772 13 50 0.019226879 
1015 123 5 17 0.019212449 
59 1345 8 22 0.019199533 
230 97 9 24 0.019195192 
386 595 5 23 0.019188626 
22 607 12 39 0.019187193 
73 483 12 34 0.019154612 
229 712 8 27 0.019137887 
1016 88 5 17 0.01913097 
1011 1158 8 30 0.018981896 
909 705 13 42 0.018953323 
41 256 8 21 0.01890588 
156 240 11 26 0.018803833 
54 474 12 27 0.01874554 
143 94 8 32 0.018743549 
768 22 17 36 0.01872608 
211 404 8 31 0.018716153 
170 248 13 31 0.018701836 
143 1343 9 25 0.018665314 
171 877 10 34 0.018660173 
59 342 7 19 0.018608822 
1002 138 4 19 0.018586637 
670 1343 11 29 0.018550443 
75 930 8 24 0.018545093 
-173 -17 128 175 0.018532287 
264 474 7 27 0.018459544 
243 101 9 22 0.018439755 
261 150 9 24 0.018381516 
1177 1143 13 54 0.01838088 
549 1339 11 37 0.01837668 
1157 915 18 67 0.01837375 
814 6 24 38 0.018353656 
294 553 10 39 0.018348338 
-83 -12 135 123 0.018304799 
382 255 7 24 0.01828267 
24 1329 6 19 0.018245608 
299 372 9 25 0.018238697 
126 59 9 36 0.018226918 
227 695 8 27 0.018162489 
181 1015 8 36 0.018100303 
173 985 9 38 0.018091243 
43 1330 6 18 0.018082548 
210 80 9 25 0.01807151 
210 169 8 23 0.018045759 
1067 -12 142 132 0.017997786 
1003 963 16 37 0.017969223 
194 79 10 30 0.017944247 
331 402 10 35 0.017940896 
58 256 7 19 0.017904745 
266 491 7 27 0.01789296 
515 1317 12 42 0.017862953 
263 187 8 19 0.017847754 
195 283 10 28 0.017815817 
399 256 7 23 0.01780509 
823 63 10 28 0.017756192 
246 118 8 21 0.017739331 
344 383 11 38 0.01769734 
780 15 25 46 0.017677737 
59 306 8 19 0.017675195 
22 636 12 35 0.017615067 
636 1343 10 30 0.017576844 
585 1343 11 30 0.017563893 
1177 1108 14 57 0.017556679 
641 255 6 21 0.017492684 
1074 1037 17 60 0.017446343 
1148 1092 14 57 0.017439183 
1150 1161 12 51 0.017437663 
1013 1282 7 20 0.017420776 
996 737 11 46 0.017383905 
1061 1040 14 52 0.017381787 
973 1135 14 43 0.017371593 
552 82 8 20 0.017353486 
332 381 10 37 0.017312324 
1093 1024 15 55 0.017308302 
484 269 6 24 0.017297462 
946 1295 9 25 0.017296867 
456 513 273 392 0.017262537 
107 60 10 35 0.017262034 
1012 901 8 24 0.017236428 
40 326 8 18 0.017230483 
967 1215 6 23 0.017204294 
689 274 7 23 0.01718762 
975 971 17 30 0.017173668 
688 1331 8 21 0.017168477 
36 290 10 24 0.017163722 
821 657 15 36 0.0171514 
145 135 6 27 0.017132973 
312 238 10 23 0.017079832 
923 703 15 47 0.017070102 
1157 865 18 66 0.017058872 
239 707 12 38 0.017040117 
911 286 7 31 0.016979314 
264 204 8 18 0.016945843 
18 1070 13 25 0.016945127 
786 2 18 23 0.016923763 
365 542 8 33 0.016920473 
195 1344 9 25 0.016919997 
146 116 6 26 0.016886946 
1127 1029 13 46 0.016876744 
723 658 8 34 0.016862424 
488 355 5 22 0.016845569 
817 3 18 20 0.01684357 
56 672 8 25 0.016834304 
327 364 12 41 0.016824245 
53 444 10 24 0.016816422 
875 627 8 24 0.0168076 
603 1342 11 32 0.016761757 
155 280 13 33 0.016754638 
437 543 6 22 0.016720938 
787 117 11 26 0.016694682 
10 508 7 26 0.016693914 
241 423 8 29 0.016662994 
77 270 6 21 0.016635278 
362 938 11 46 0.016629586 
9 521 9 34 0.016601702 
263 362 6 20 0.016572569 
350 557 7 33 0.016503848 
996 869 10 21 0.01648155 
586 1298 8 20 0.016467765 
139 862 13 40 0.016418397 
1043 1028 13 47 0.016402464 
72 1346 9 21 0.016339937 
953 896 17 35 0.016339201 
195 747 198 322 0.016317595 
265 505 8 28 0.01631074 
180 1038 7 26 0.016296942 
25 666 8 20 0.016272055 
190 672 12 41 0.016197607 
276 940 13 54 0.016165199 
416 257 7 23 0.016149933 
37 580 14 46 0.016110832 
266 441 7 23 0.016101584 
144 238 8 24 0.016066946 
931 270 6 24 0.016003417 
911 271 6 25 0.015951598 
226 1120 13 34 0.015932657 
1013 1229 7 18 0.015930735 
31 1102 16 35 0.015927156 
842 615 8 22 0.01592409 
1003 68 4 17 0.015858753 
209 151 8 23 0.015843831 
144 272 7 24 0.015825624 
40 885 8 20 0.015825216 
1127 1062 13 48 0.01572391 
231 172 8 19 0.015714377 
963 309 5 21 0.015699597 
204 282 12 34 0.015677491 
230 439 7 26 0.015638143 
379 1081 11 41 0.015634084 
827 84 8 22 0.015604766 
1113 869 15 54 0.0155924205 
1148 1054 14 62 0.015571399 
420 510 5 23 0.015565597 
76 293 7 21 0.015562339 
282 594 7 28 0.015555238 
731 947 220 368 0.0155463405 
1177 1175 14 60 0.0155413635 
911 1345 8 24 0.015531934 
160 197 9 31 0.015530571 
89 920 10 22 0.01552778 
212 731 8 28 0.015504966 
294 187 9 21 0.015503772 
36 269 10 24 0.015494561 
363 1100 8 40 0.015440709 
324 910 13 38 0.015433578 
1002 86 5 17 0.01542461 
541 263 5 14 0.0154241035 
757 66 7 23 0.015395121 
68 844 18 32 0.015353083 
1114 978 12 46 0.015350691 
802 16 21 43 0.015350546 
785 131 12 28 0.015340299 
-164 267 219 507 0.015289559 
953 928 18 35 0.015288225 
786 99 11 25 0.015287859 
160 966 8 33 0.015266512 
59 327 7 17 0.015254594 
943 869 13 22 0.015251961 
208 132 9 25 0.015235768 
495 1317 14 45 0.015189536 
741 103 6 20 0.015188379 
756 202 9 23 0.0151316095 
39 606 9 31 0.01510934 
931 846 204 283 0.015091959 
202 801 12 23 0.015080169 
971 877 13 26 0.015078958 
1013 1265 7 21 0.0150687145 
929 286 7 30 0.015009319 
837 644 11 32 0.014960206 
25 696 6 19 0.014930406 
113 833 8 21 0.014913957 
239 736 15 50 0.014867028 
209 97 9 24 0.014864353 
262 324 6 21 0.014862651 
618 1341 12 33 0.014846078 
59 957 8 23 0.014833475 
539 73 6 14 0.014830194 
1094 992 14 51 0.014805524 
1014 1247 6 19 0.014801227 
169 650 17 48 0.014798312 
587 1312 8 21 0.0147799 
964 292 5 21 0.014769808 
246 408 7 24 0.014767248 
555 73 6 14 0.014760528 
438 460 5 21 0.014714007 
58 612 8 20 0.014702163 
677 289 6 22 0.014680075 
231 476 6 27 0.014670077 
179 1285 5 16 0.01466564 
1029 1119 9 30 0.014656188 
946 1311 8 24 0.014626876 
995 916 12 30 0.014622869 
174 179 10 36 0.014595248 
244 438 7 26 0.014595042 
1147 1020 16 63 0.014584333 
5 1341 9 30 0.014579714 
176 1061 7 22 0.014519237 
757 707 10 44 0.014515866 
22 1344 8 25 0.014494151 
1011 1190 8 27 0.014481406 
722 644 8 31 0.014467162 
297 165 11 27 0.014463301 
787 148 11 27 0.014445517 
75 1129 9 20 0.014440143 
1012 746 7 34 0.014412243 
1043 1060 14 49 0.014394387 
833 671 15 39 0.014345531 
245 477 7 26 0.014344783 
376 939 12 45 0.014338135 
260 135 9 21 0.01433261 
554 1282 7 20 0.014329027 
367 611 7 26 0.01431967 
247 206 7 16 0.0143126715 
1002 104 4 18 0.01430955 
692 288 6 21 0.014256877 
265 458 7 24 0.014200021 
440 530 5 18 0.014179783 
128 1330 8 21 0.014173627 
947 271 5 23 0.014158023 
927 930 13 34 0.014149228 
206 64 12 28 0.014138775 
170 892 13 46 0.014126039 
1012 888 7 20 0.014122426 
309 522 11 42 0.01411788 
1028 968 12 32 0.014108088 
181 1123 232 343 0.014084198 
401 502 8 34 0.014081066 
654 1315 9 19 0.014031939 
437 478 5 19 0.014027988 
214 713 7 25 0.0140205445 
935 963 23 42 0.01401479 
947 288 6 26 0.013999953 
21 1159 9 20 0.013990689 
93 270 6 22 0.013976763 
1002 122 5 19 0.013975022 
1178 1074 14 57 0.013971823 
1029 1138 9 28 0.01396752 
153 672 16 38 0.013963573 
1127 994 13 47 0.0139425285 
722 674 9 39 0.013921853 
790 168 10 24 0.013878494 
117 871 17 44 0.013874128 
381 234 7 24 0.013859654 
433 558 6 25 0.013822495 
41 1345 8 24 0.013809787 
400 597 6 21 0.013808866 
313 882 12 28 0.013800194 
958 1085 11 38 0.013775864 
1015 139 4 17 0.013758177 
539 1280 7 25 0.013753492 
1147 985 16 64 0.013748876 
6 288 7 24 0.013719591 
314 914 9 33 0.01371394 
805 59 12 32 0.013696382 
228 680 8 28 0.013664617 
1113 837 15 51 0.013642763 
374 202 11 22 0.013592317 
132 661 16 30 0.013585747 
100 910 16 35 0.013568044 
975 735 15 52 0.013546937 
804 667 16 49 0.013498467 
206 184 10 26 0.013497641 
8 535 12 42 0.013489213 
126 1346 9 23 0.013483668 
502 1279 8 27 0.013473682 
881 1331 7 17 0.013471623 
141 995 11 39 0.0134710325 
374 436 14 40 0.013465122 
233 151 7 20 0.013464057 
1175 1207 17 65 0.013456433 
224 599 14 53 0.013440199 
265 645 7 25 0.0134322345 
233 137 7 19 0.013429001 
23 566 13 38 0.013428785 
345 402 12 38 0.013420464 
829 611 8 26 0.013393417 
1029 1101 10 32 0.013389914 
1045 961 14 40 0.013351506 
686 1344 11 30 0.013329683 
209 1146 12 46 0.013323956 
74 1332 7 16 0.013308156 
282 611 8 27 0.0132736815 
862 626 9 25 0.013270298 
58 293 7 19 0.013261764 
851 827 105 178 0.013252184 
488 373 6 23 0.0132336905 
263 407 8 22 0.013232705 
191 1023 7 25 0.013204562 
1010 1107 8 26 0.013194916 
997 884 9 19 0.013180407 
759 188 8 21 0.013158426 
341 350 14 43 0.013151635 
842 100 7 20 0.013131475 
948 1269 6 16 0.013122815 
192 797 14 26 0.013110926 
1026 1336 14 43 0.0131034395 
464 1291 13 36 0.013100676 
895 272 7 27 0.013093404 
151 10 20 53 0.013049003 
1133 652 44 156 0.013038286 
586 1283 8 16 0.013026718 
39 765 8 25 0.013023015 
280 573 8 30 0.013014204 
124 34 13 45 0.013011559 
82 836 15 25 0.012975284 
483 1281 9 26 0.012953189 
773 167 11 25 0.012952818 
538 271 7 18 0.012941898 
69 388 18 27 0.0129350405 
399 219 8 22 0.012927968 
345 989 13 50 0.012914576 
26 288 9 24 0.012912035 
413 218 9 22 0.012909908 
657 291 6 21 0.012900688 
110 222 7 21 0.012875125 
889 703 14 41 0.012859668 
7 713 7 22 0.012853985 
767 39 16 37 0.012853029 
1136 744 41 141 0.01282317 
1158 814 17 66 0.01281313 
248 641 8 32 0.012801362 
276 1169 14 41 0.0128008425 
36 1092 10 23 0.01279238 
1013 1090 8 26 0.012753021 
772 7 11 15 0.01272737 
740 639 9 34 0.01272692 
205 1088 12 29 0.012717625 
-5 -19 140 145 0.01270742 
55 775 11 32 0.012705937 
941 741 13 43 0.012698809 
245 695 8 26 0.012682725 
104 40 12 36 0.012663931 
820 38 15 36 0.0126592815 
860 643 11 30 0.012655824 
326 970 13 55 0.012635821 
296 217 8 20 0.012628896 
1027 928 11 38 0.012617439 
538 81 7 19 0.012600549 
755 82 8 22 0.012592975 
24 270 9 23 0.012586496 
47 514 17 42 0.012583006 
503 256 7 21 0.012575815 
246 460 6 25 0.012570996 
691 258 6 17 0.012552844 
258 726 12 36 0.012524106 
41 646 8 26 0.012499731 
1028 1060 11 44 0.012477567 
892 1346 9 24 0.012476111 
1043 994 14 44 0.012446623 
143 286 9 25 0.012436874 
706 608 7 26 0.012428772 
225 1344 13 30 0.012424429 
72 338 11 21 0.012375552 
100 670 25 35 0.012355731 
996 902 11 23 0.012355544 
349 1054 8 35 0.012348027 
437 442 6 23 0.012303435 
619 1281 10 17 0.012298904 
125 79 8 32 0.012296426 
198 1062 5 19 0.012289066 
196 60 11 33 0.012278196 
1014 1212 7 19 0.012268519 
209 116 9 24 0.012259024 
260 541 9 29 0.012247158 
891 676 13 32 0.012205074 
422 561 5 22 0.012201372 
1178 990 15 52 0.012197637 
24 154 6 17 0.012192905 
522 261 6 15 0.012185733 
329 458 11 53 0.012180533 
172 266 12 28 0.012168312 
1043 1097 13 40 0.01214934 
85 464 12 21 0.012144607 
1031 1156 8 27 0.012139391 
707 595 7 24 0.012111164 
227 458 7 26 0.012108483 
256 1170 14 42 0.012099988 
470 371 7 31 0.012098778 
1139 854 37 131 0.01209177 
10 107 5 18 0.012080133 
928 1316 8 19 0.01206001 
112 660 23 34 0.0120581295 
162 1285 7 17 0.012034414 
1179 940 14 51 0.012031479 
208 6 16 19 0.012016411 
189 872 12 39 0.012016167 
6 258 6 19 0.01197735 
520 412 6 16 0.011963094 
162 1073 7 23 0.011962328 
958 737 15 50 0.0119606815 
981 1190 9 30 0.011883015 
344 926 12 44 0.011881962 
336 789 118 210 0.011878907 
1178 1042 14 53 0.01187165 
34 552 13 44 0.011834532 
844 89 7 19 0.011823996 
11 138 4 17 0.011818526 
359 981 11 44 0.011817012 
421 531 5 19 0.011802622 
673 1315 8 19 0.011801554 
263 523 8 29 0.011774081 
21 1056 10 22 0.011772183 
91 225 7 19 0.011755724 
775 132 11 26 0.011746206 
40 238 8 22 0.011745053 
59 239 7 21 0.011736931 
1112 903 16 55 0.011726971 
58 269 7 21 0.01172065 
603 1312 10 22 0.01171739 
292 912 12 39 0.011713786 
36 1055 9 21 0.011704174 
10 124 5 16 0.0116900895 
992 1093 10 32 0.011672556 
68 721 15 47 0.011642965 
440 515 5 18 0.011636926 
362 183 12 24 0.0116068 
1015 70 5 18 0.011592056 
773 147 12 29 0.011587664 
-3 346 4 20 0.011587309 
54 593 12 30 0.011582848 
175 242 10 23 0.011570348 
438 494 4 19 0.011558165 
167 704 19 46 0.011557039 
92 292 8 22 0.011550585 
446 1339 12 38 0.011532808 
24 259 8 19 0.0115303565 
1113 941 14 49 0.01151199 
994 853 11 20 0.011501598 
1073 938 18 55 0.011492829 
1179 905 14 52 0.011491942 
977 1166 11 37 0.011480043 
573 222 7 17 0.011436788 
278 553 10 33 0.011425883 
691 240 6 16 0.011399345 
879 886 122 177 0.011398209 
807 119 10 22 0.011387362 
326 264 13 31 0.011382536 
828 101 8 20 0.011380836 
488 392 6 21 0.01135825 
471 390 7 28 0.011353689 
5 613 7 28 0.011348221 
88 304 10 23 0.011346926 
261 220 9 20 0.011346839 
773 185 10 23 0.011345257 
977 934 14 26 0.011344979 
786 81 13 28 0.011333912 
92 59 8 31 0.011326755 
310 627 12 27 0.0113172 
40 874 7 17 0.011314128 
260 947 13 40 0.011310545 
144 222 8 25 0.01130371 
756 7 11 13 0.011289585 
69 819 14 24 0.011284243 
1024 720 190 374 0.011282376 
976 1091 12 38 0.011263237 
982 85 5 19 0.011262081 
893 285 9 33 0.011258705 
279 218 9 20 0.011239711 
144 148 7 28 0.011214088 
994 1137 9 32 0.011199261 
24 711 8 26 0.011196937 
6 664 7 21 0.011195982 
212 422 8 26 0.01119493 
1179 872 14 51 0.011183188 
878 582 5 19 0.011164093 
1114 1074 13 55 0.011162599 
346 185 10 22 0.011151625 
431 1225 10 29 0.011140152 
807 102 10 22 0.011135084 
44 920 6 19 0.011114051 
739 187 9 26 0.011111283 
941 -42 255 240 0.011094969 
142 1 14 22 0.011091762 
104 1037 230 298 0.01108679 
194 13 14 26 0.011077028 
857 671 15 36 0.011063043 
478 1315 15 46 0.011056633 
858 659 13 28 0.011055443 
540 243 5 15 0.011017571 
566 255 8 21 0.011014926 
40 625 9 28 0.011009775 
1130 1117 11 44 0.010965286 
381 547 8 27 0.010954886 
828 628 9 26 0.010932712 
739 613 9 26 0.010928547 
206 812 11 25 0.010920668 
124 223 8 23 0.010903814 
421 576 5 23 0.010891823 
231 118 8 20 0.010889875 
249 662 7 27 0.01088738 
212 492 8 27 0.010886497 
193 849 10 26 0.010886363 
1113 802 15 51 0.010861817 
158 220 10 26 0.010849241 
325 882 13 27 0.010839861 
1146 934 17 65 0.010816832 
207 1077 9 21 0.010814209 
1179 837 15 52 0.010802814 
937 702 18 50 0.010795072 
1031 1176 7 24 0.010794288 
41 1315 7 18 0.010793819 
256 707 13 37 0.010791538 
315 798 9 27 0.010779873 
158 954 9 27 0.010773661 
177 492 8 23 0.010769388 
261 120 9 20 0.0107590705 
1093 1054 15 59 0.01073814 
840 791 11 43 0.010714507 
618 1297 10 21 0.010713156 
956 947 16 31 0.010711392 
291 741 14 44 0.010674061 
74 902 9 20 0.01066148 
810 594 7 30 0.01066145 
384 610 6 23 0.010655899 
-5 325 5 21 0.010655839 
841 626 9 26 0.010649506 
214 445 6 21 0.010648194 
167 611 20 54 0.010644925 
232 186 7 19 0.010644489 
877 1346 10 24 0.010623633 
486 234 7 23 0.010614505 
804 37 15 38 0.01060522 
279 627 9 28 0.010589495 
227 66 11 24 0.010581086 
738 166 9 28 0.010577513 
111 823 9 18 0.010573242 
138 14 18 52 0.010544737 
1145 866 19 65 0.010537087 
570 240 7 18 0.01053326 
342 26 18 31 0.010528639 
913 1316 7 18 0.010528332 
421 547 5 19 0.010525519 
100 844 193 310 0.010524398 
1058 922 18 50 0.010521796 
173 973 8 26 0.010519333 
374 186 14 21 0.010518585 
777 121 10 22 0.010502106 
502 237 7 20 0.010501015 
140 961 12 39 0.010482015 
-87 1251 56 91 0.010477961 
739 117 7 21 0.010465658 
692 224 5 16 0.010463189 
243 285 8 25 0.010455047 
1143 926 34 125 0.010442189 
311 871 11 24 0.010437352 
242 85 11 24 0.010436899 
834 3 22 20 0.010435963 
236 1133 13 41 0.010416344 
256 693 11 29 0.010410245 
744 406 7 21 0.010408197 
753 101 9 24 0.01039769 
757 169 10 24 0.0103933355 
277 170 10 22 0.01038955 
136 688 18 45 0.0103828255 
602 1300 9 19 0.01035046 
128 270 6 24 0.010345812 
706 658 9 37 0.010339759 
74 953 9 26 0.010329127 
191 729 11 31 0.010327674 
806 79 11 26 0.0103079695 
50 423 11 25 0.010305615 
1179 802 15 53 0.010304453 
144 1079 9 24 0.010288491 
4 639 9 33 0.010281296 
1038 922 18 50 0.010270438 
43 1283 6 16 0.010270331 
7 271 6 20 0.010261578 
360 489 13 56 0.010260488 
737 135 8 23 0.010258823 
431 574 7 26 0.010252781 
400 269 7 25 0.010251843 
150 705 20 48 0.010246841 
276 723 13 40 0.01023989 
265 426 7 21 0.010234565 
37 795 12 32 0.010231416 
184 628 20 61 0.010229303 
76 224 7 19 0.010221939 
467 1282 8 24 0.01021021 
313 1133 9 39 0.010199325 
403 527 7 28 0.010197872 
963 274 5 20 0.010170163 
45 906 6 17 0.010165411 
41 779 9 24 0.01016341 
464 1323 11 34 0.010159304 
756 48 9 23 0.010147702 
817 675 21 51 0.010147601 
807 133 9 22 0.01013616 
524 273 5 18 0.010134524 
139 816 9 21 0.010134304 
362 1032 11 40 0.010133324 
22 1089 12 25 0.010124423 
205 220 11 22 0.010124299 
448 1331 8 25 0.010120351 
26 1285 6 15 0.010115643 
942 771 15 54 0.010092288 
1001 53 5 17 0.010090368 
26 1314 7 19 0.010083297 
400 578 6 24 0.010083211 
955 704 37 115 0.010077584 
262 967 9 31 0.010068838 
38 221 8 20 0.010065929 
71 712 10 31 0.010064561 
736 150 10 28 0.010060334 
471 353 7 29 0.010058995 
932 999 22 40 0.010058914 
218 -32 275 208 0.01004584 
430 1341 12 35 0.010032089 
34 1072 10 25 0.010028528 
976 901 12 27 0.010005123 
382 268 8 27 0.010003441 
318 21 25 42 0.010002752 
