35_Basketball_basketballgame_ball_35_423
160
389 134 324 396 0.9985857 
607 38 159 288 0.14032145 
925 5 126 279 0.1399701 
-51 610 309 319 0.05400286 
814 582 242 299 0.044330377 
885 441 202 320 0.036174025 
633 653 328 269 0.036127206 
379 650 364 280 0.03523207 
662 152 154 302 0.033454947 
730 111 11 22 0.030877851 
315 80 122 214 0.02900748 
260 110 6 24 0.028760536 
152 648 373 282 0.027321389 
873 37 8 26 0.02658665 
249 110 6 27 0.026577573 
1007 496 16 29 0.025482383 
247 138 6 25 0.023900805 
885 66 8 25 0.022973025 
256 446 12 47 0.020727912 
995 281 15 52 0.020406062 
862 31 9 37 0.020098178 
899 13 8 21 0.019835131 
916 191 4 17 0.019798303 
917 410 4 18 0.019505652 
347 98 211 292 0.01942803 
245 417 8 40 0.019324057 
669 226 78 158 0.019198561 
155 625 13 19 0.019135928 
886 52 7 21 0.019117676 
236 402 7 35 0.018562267 
929 474 5 18 0.018540917 
603 48 8 17 0.018317008 
247 153 5 21 0.018174542 
929 461 4 19 0.01792102 
759 5 8 36 0.017695697 
941 460 5 18 0.017677613 
166 626 13 19 0.017543945 
928 410 5 17 0.017473305 
286 114 7 23 0.017437426 
885 18 10 30 0.017272003 
222 392 7 27 0.017252339 
917 425 4 16 0.01703911 
769 5 10 37 0.016920576 
915 182 5 18 0.01676449 
916 577 18 26 0.016744522 
300 93 5 16 0.016718574 
260 126 6 23 0.016556306 
299 101 6 22 0.01652489 
680 588 10 18 0.01641895 
939 476 5 16 0.016282072 
275 127 6 22 0.016171519 
274 102 5 20 0.01595677 
246 447 10 45 0.01569606 
224 205 4 19 0.015687428 
940 446 6 20 0.01567558 
286 102 6 19 0.01559589 
226 191 4 19 0.015563756 
872 9 9 29 0.015549311 
929 424 4 16 0.015509611 
283 122 10 30 0.015400782 
940 436 5 19 0.015355209 
915 218 5 18 0.015190518 
914 437 5 19 0.015126359 
273 114 6 21 0.014961077 
310 90 7 21 0.014788479 
247 166 5 18 0.014685035 
260 141 6 20 0.014651678 
915 208 5 17 0.01464962 
914 473 6 20 0.014457864 
928 437 5 17 0.014444105 
17 -214 293 130 0.014291563 
927 218 5 19 0.01413627 
929 447 4 19 0.014114941 
261 152 6 22 0.014004469 
313 79 5 16 0.013949544 
590 46 10 20 0.01383675 
286 582 22 30 0.013788411 
927 206 5 20 0.013762946 
234 190 5 20 0.013685075 
683 302 165 294 0.013611601 
927 193 5 18 0.013568198 
235 182 5 19 0.013545337 
245 478 9 37 0.013461702 
199 349 5 13 0.013230813 
945 577 18 27 0.013061955 
297 110 8 30 0.013027172 
248 90 5 21 0.012974087 
859 5 12 34 0.012913142 
929 335 4 18 0.012845002 
929 399 4 15 0.012651643 
746 -1 8 24 0.012372174 
818 -228 230 162 0.012370647 
264 396 5 20 0.012332953 
237 139 5 25 0.012325218 
914 461 5 20 0.012226708 
238 153 5 20 0.0120899305 
937 146 143 365 0.012024006 
199 313 4 12 0.012013202 
656 58 10 25 0.011979523 
694 91 102 169 0.011929267 
211 373 5 15 0.01191216 
258 479 9 34 0.01186025 
235 204 5 20 0.011768629 
915 168 5 18 0.011768313 
916 399 3 14 0.011761958 
-11 -262 145 367 0.011754445 
885 85 8 27 0.0117318565 
263 90 5 18 0.011687648 
747 484 6 26 0.011648996 
810 236 8 30 0.011631958 
248 179 5 20 0.0116060125 
141 624 14 22 0.011601425 
779 588 14 21 0.011505373 
238 164 4 21 0.011390148 
679 489 159 157 0.011334223 
874 60 6 25 0.01131577 
209 384 6 20 0.0111825755 
578 45 11 22 0.011175058 
757 26 9 34 0.011170961 
927 179 5 21 0.011108889 
723 104 8 15 0.011087856 
839 -54 281 473 0.011073288 
1010 8 13 28 0.01107275 
916 388 4 14 0.011020528 
210 313 5 12 0.011020512 
351 321 5 22 0.010999302 
234 383 6 27 0.010975643 
915 311 4 14 0.010895651 
199 324 4 12 0.01087811 
326 64 5 19 0.010852271 
272 138 8 25 0.010822562 
763 579 18 21 0.010821705 
200 372 5 16 0.010772041 
864 57 7 27 0.010707236 
213 206 4 19 0.010705331 
930 309 5 16 0.010703608 
340 269 5 22 0.010691336 
904 410 4 17 0.010598802 
221 371 6 20 0.010564192 
178 636 15 24 0.010527536 
917 117 5 19 0.010521647 
929 387 4 14 0.010472099 
180 630 11 14 0.010461877 
988 278 13 50 0.010401648 
928 166 5 21 0.010338452 
268 454 11 41 0.010319096 
336 37 6 24 0.010285514 
735 498 6 23 0.010272097 
234 443 8 34 0.010259883 
897 74 7 26 0.010257535 
928 487 5 18 0.010247973 
928 232 5 17 0.010230225 
940 423 5 17 0.010227419 
286 90 6 19 0.010210386 
953 445 5 21 0.010202168 
210 324 5 12 0.010163332 
916 156 5 17 0.010131152 
929 322 4 16 0.010107953 
338 50 6 21 0.010065056 
336 62 6 21 0.01001083 
