35_Basketball_playingbasketball_35_127
1767
889 63 20 37 0.99902344 
598 179 49 72 0.99841523 
534 162 33 53 0.99371123 
1005 114 15 37 0.990669 
321 55 26 38 0.99047285 
494 114 30 44 0.9807053 
638 29 29 46 0.9796362 
852 0 21 27 0.9603769 
14 61 14 23 0.93640643 
421 73 17 30 0.9311972 
762 14 16 22 0.9281045 
168 3 14 20 0.9255993 
93 21 13 19 0.9164251 
50 123 14 22 0.71508586 
372 71 9 20 0.6495983 
155 120 14 27 0.5454653 
820 64 14 31 0.5343439 
401 9 12 17 0.48666313 
866 144 15 24 0.48249158 
972 223 17 26 0.44698104 
831 20 10 18 0.43007225 
46 140 17 32 0.39901173 
27 96 11 25 0.3588041 
142 99 10 21 0.3403065 
405 17 12 20 0.31446502 
464 201 22 35 0.2794174 
124 67 11 27 0.2752425 
168 40 13 28 0.2716049 
179 93 11 23 0.2616604 
127 3 12 12 0.22350639 
321 141 14 22 0.22287111 
129 167 9 24 0.20890678 
372 148 12 24 0.19864659 
683 11 21 29 0.19770493 
466 135 12 26 0.18390924 
128 120 9 19 0.17036998 
617 105 12 25 0.16929315 
345 125 10 21 0.16235465 
827 54 12 26 0.14668363 
269 74 9 19 0.14598474 
113 148 11 21 0.1443775 
292 104 13 26 0.14394361 
170 82 11 20 0.14266327 
119 7 10 13 0.14155596 
168 75 10 17 0.14036496 
228 67 15 23 0.13955294 
541 380 10 16 0.13682115 
58 121 12 22 0.13502303 
76 62 9 20 0.13452515 
424 58 13 25 0.13338771 
107 158 10 18 0.13295262 
101 13 11 12 0.13199684 
143 9 10 12 0.1288603 
411 72 12 22 0.12885757 
695 47 12 20 0.12566736 
102 126 8 17 0.12557136 
227 96 11 18 0.12003031 
94 126 9 17 0.1191878 
395 46 10 18 0.118737005 
390 46 8 17 0.11871719 
913 216 9 20 0.1169579 
174 29 13 26 0.115799226 
385 5 12 16 0.11533664 
937 70 9 20 0.11393219 
439 53 11 24 0.10936266 
355 201 13 19 0.10685368 
919 8 15 20 0.1054702 
169 17 12 20 0.10527986 
410 133 15 26 0.105112016 
11 309 13 27 0.10475904 
446 52 11 23 0.10372001 
1001 191 9 19 0.10165286 
114 43 14 30 0.10148685 
936 85 10 23 0.099993505 
133 113 8 19 0.09923779 
388 59 8 17 0.09831206 
426 11 9 14 0.09778631 
190 196 13 23 0.09613647 
332 135 12 24 0.094420485 
366 72 8 18 0.094044305 
375 10 9 16 0.09366432 
116 138 10 18 0.093083926 
374 125 10 20 0.092787035 
381 132 11 20 0.092057295 
281 49 11 17 0.09019444 
79 100 8 18 0.090088144 
14 124 9 21 0.089718185 
437 10 14 17 0.08934674 
142 3 9 11 0.089145645 
443 9 18 21 0.08911533 
153 99 9 17 0.08905727 
33 93 13 29 0.08854722 
89 110 9 19 0.08764901 
420 122 14 23 0.087384574 
216 171 18 27 0.08657812 
742 36 10 18 0.08551385 
381 70 12 20 0.08497339 
831 46 10 22 0.08458091 
83 185 14 24 0.084243536 
543 391 8 15 0.08369468 
176 17 12 22 0.08295319 
786 143 9 29 0.08271308 
397 57 10 20 0.08236824 
51 184 11 21 0.08222591 
242 68 11 19 0.08154418 
880 213 16 28 0.08091052 
178 160 10 19 0.08084724 
282 96 12 21 0.07966119 
673 233 19 30 0.079077385 
179 74 9 16 0.07876834 
925 81 10 20 0.07793923 
11 75 13 26 0.07785204 
374 19 9 15 0.07738638 
901 66 16 30 0.07499712 
935 60 10 19 0.07480007 
142 118 11 23 0.07461848 
606 64 9 15 0.07460386 
90 99 9 17 0.074590325 
282 86 10 16 0.07432774 
18 187 7 19 0.074243665 
228 83 12 19 0.07374465 
171 93 12 23 0.07313687 
825 29 11 22 0.07210608 
1011 196 10 22 0.07207314 
72 66 8 21 0.07175294 
575 111 11 23 0.071339466 
615 70 11 21 0.0713313 
25 186 12 21 0.070587404 
914 27 10 28 0.070570104 
614 130 15 31 0.06980166 
470 82 14 20 0.06908445 
403 73 9 17 0.069060735 
230 52 11 14 0.06850028 
845 21 13 19 0.06802634 
178 174 11 18 0.06781134 
793 47 10 21 0.06780476 
271 63 8 14 0.06710127 
613 63 11 17 0.0669816 
845 30 11 19 0.06697237 
66 111 9 16 0.06685792 
389 38 7 15 0.06665207 
122 123 9 16 0.06641052 
411 61 11 19 0.06631468 
26 199 13 21 0.066242896 
540 163 68 68 0.06623288 
63 145 12 25 0.06610091 
960 122 9 22 0.06606954 
102 44 14 27 0.06529307 
179 151 10 18 0.06520671 
1015 7 8 20 0.06519158 
920 43 12 27 0.06490881 
425 45 13 24 0.0645694 
47 196 15 25 0.06448998 
158 9 10 14 0.06443477 
425 19 10 15 0.06438743 
25 173 11 22 0.06413632 
571 132 14 25 0.06366068 
18 173 8 21 0.06355767 
669 143 11 23 0.06352743 
983 233 13 20 0.06336196 
1003 18 8 24 0.06325306 
962 188 11 21 0.06319725 
825 73 16 33 0.062876984 
18 202 8 17 0.06280668 
613 82 15 29 0.06270756 
62 132 12 23 0.062396564 
90 43 13 24 0.062369302 
170 164 9 16 0.062244385 
157 84 10 18 0.062181324 
948 83 9 20 0.06171241 
143 89 9 16 0.061681848 
330 162 11 18 0.061607294 
158 75 10 16 0.06139128 
913 44 10 23 0.061341323 
875 146 15 24 0.061226305 
548 404 13 26 0.06104392 
918 156 12 28 0.060892384 
450 201 12 22 0.060822137 
158 2 9 11 0.060455404 
623 115 13 29 0.060420536 
67 158 11 23 0.060416218 
524 368 14 18 0.060415685 
183 188 10 21 0.06025803 
283 74 9 16 0.060220644 
408 28 11 20 0.060099628 
821 50 11 19 0.060003664 
964 97 8 18 0.059759315 
189 95 10 22 0.05937945 
248 109 10 17 0.059362505 
163 107 15 27 0.059303056 
90 55 11 23 0.059054695 
755 214 11 24 0.05900848 
372 113 10 16 0.058976777 
1015 212 9 21 0.058436524 
297 46 13 20 0.05841966 
980 160 9 19 0.058364913 
399 34 9 17 0.0582566 
118 78 12 24 0.05805957 
244 187 11 18 0.05746332 
998 172 11 20 0.05737157 
15 94 10 22 0.057333503 
948 72 8 18 0.057160247 
78 45 10 21 0.056958187 
919 26 13 28 0.056586523 
261 73 10 19 0.056508094 
843 43 12 24 0.056292936 
945 94 11 22 0.05612028 
16 108 9 20 0.056109317 
1016 101 8 19 0.055789903 
775 -192 232 152 0.05566236 
157 21 10 16 0.055588186 
961 109 9 20 0.055495664 
424 112 12 21 0.055407863 
575 179 17 33 0.05540341 
194 30 11 26 0.055377465 
208 134 11 19 0.055153087 
106 5 8 9 0.05513623 
400 84 11 17 0.05487961 
15 145 11 25 0.054860894 
837 211 8 17 0.054708555 
243 134 13 23 0.05461214 
378 144 13 27 0.05434203 
194 20 9 17 0.054326095 
563 262 12 29 0.054146957 
998 241 8 13 0.05404227 
297 84 10 17 0.053999767 
949 191 10 18 0.053993527 
827 168 13 32 0.053947028 
985 160 10 20 0.05365636 
276 49 8 14 0.053269777 
965 85 8 18 0.05285848 
425 33 10 20 0.05269136 
126 132 10 21 0.052583333 
322 158 12 18 0.05230501 
331 173 10 16 0.051754292 
120 171 9 21 0.05158916 
117 185 9 20 0.05154974 
783 57 10 23 0.05152483 
922 2 12 12 0.05135775 
194 162 10 18 0.051274553 
918 213 11 25 0.051108632 
945 163 11 24 0.05072676 
44 132 14 23 0.050690174 
408 0 12 15 0.05058919 
219 167 11 14 0.05050546 
91 70 8 18 0.05043913 
73 50 7 16 0.050415352 
623 97 11 25 0.0501121 
298 74 9 15 0.04984883 
260 62 9 15 0.049754575 
179 54 10 22 0.04972646 
154 138 13 26 0.049541652 
785 44 10 20 0.04953561 
934 213 11 23 0.049293693 
592 293 10 17 0.04902415 
122 114 7 16 0.04897258 
828 14 7 15 0.048968125 
228 107 12 19 0.04892903 
565 137 12 21 0.048817553 
780 9 10 17 0.048776854 
406 167 15 31 0.048771493 
44 154 11 23 0.048722744 
145 21 10 15 0.04867146 
535 96 11 22 0.04850604 
455 17 18 23 0.04846791 
388 198 9 22 0.04817202 
360 136 10 19 0.04814748 
878 157 15 25 0.047958255 
17 158 10 23 0.047700066 
297 36 10 15 0.04769394 
432 119 12 22 0.047484614 
934 44 11 22 0.047441773 
80 87 7 15 0.047422662 
859 154 13 23 0.047398336 
673 129 17 28 0.047386575 
106 85 9 17 0.047174867 
317 123 14 25 0.047150847 
674 144 15 26 0.047116976 
168 146 11 20 0.047019064 
41 199 11 19 0.046889033 
206 165 12 17 0.046729397 
28 122 10 20 0.04664913 
363 147 11 19 0.04660805 
25 83 12 23 0.046595674 
1005 10 6 15 0.04648532 
383 81 12 21 0.046233162 
1014 15 10 29 0.046180233 
53 115 10 18 0.046075948 
347 142 11 20 0.046060417 
792 72 10 22 0.045956004 
260 83 9 16 0.045940794 
254 111 10 17 0.0458485 
568 122 10 18 0.045792885 
117 98 9 18 0.04571031 
548 381 8 14 0.04566535 
333 187 10 19 0.04566338 
987 173 11 21 0.04561766 
209 129 8 14 0.045567673 
977 176 9 18 0.045554753 
900 216 9 18 0.04551258 
147 133 10 18 0.045421585 
551 395 7 14 0.04533357 
192 150 10 19 0.045320395 
467 107 10 22 0.045298476 
488 71 10 18 0.045290202 
134 100 9 18 0.045280937 
581 367 7 14 0.045217693 
386 22 9 14 0.045211513 
136 158 12 25 0.04516712 
919 128 12 32 0.04498047 
131 153 8 16 0.044974696 
972 186 11 20 0.044776477 
472 99 12 21 0.044741135 
70 101 7 15 0.04459138 
127 45 10 25 0.044511966 
553 112 9 17 0.04448089 
727 177 13 38 0.044360247 
859 121 13 25 0.044212226 
398 2 12 14 0.043968245 
1016 228 8 18 0.04376905 
65 199 11 21 0.04371432 
908 106 14 29 0.04368331 
248 102 9 14 0.043545194 
983 214 13 22 0.043518353 
396 94 13 21 0.04336018 
860 111 11 21 0.043205354 
65 172 10 18 0.043152902 
849 158 10 20 0.043078154 
766 25 14 25 0.04297565 
912 240 9 20 0.042847298 
782 35 9 17 0.042512044 
65 213 13 25 0.042435095 
937 161 11 26 0.04233332 
107 72 9 18 0.0422324 
42 187 10 19 0.042121988 
910 131 13 31 0.04209251 
104 114 8 16 0.042055346 
141 184 10 22 0.04205529 
359 192 10 14 0.042051725 
937 132 9 24 0.04186758 
685 157 15 27 0.041843623 
228 178 15 25 0.04182127 
291 134 16 23 0.041713957 
693 211 11 25 0.041691635 
864 15 15 26 0.041686054 
312 145 14 18 0.041579813 
63 187 10 17 0.041549496 
924 56 10 21 0.041438628 
488 59 10 20 0.04129974 
526 96 13 22 0.041205246 
847 203 7 16 0.041204676 
1017 69 9 26 0.041157715 
129 22 9 14 0.040966313 
386 187 10 19 0.040922716 
469 152 15 29 0.040893257 
843 209 10 22 0.040851943 
594 51 7 12 0.040849976 
73 158 11 22 0.0408451 
144 147 9 19 0.040735845 
813 58 11 19 0.040672258 
305 95 12 25 0.04065368 
178 118 12 25 0.04060401 
95 16 10 13 0.040555663 
657 239 12 18 0.040531594 
537 88 9 17 0.040402982 
679 168 14 27 0.04034876 
158 58 9 17 0.040329296 
831 94 12 25 0.040261827 
259 166 8 14 0.040239822 
447 112 11 21 0.040203724 
431 423 5 12 0.040162858 
999 256 8 14 0.039996095 
1018 87 8 19 0.039860487 
221 60 13 17 0.039847113 
254 185 13 24 0.039811168 
1017 0 6 16 0.03976912 
870 167 14 27 0.039752156 
142 59 9 17 0.039504558 
797 20 9 18 0.03943927 
948 107 10 20 0.03942406 
195 175 10 17 0.039396096 
541 48 8 16 0.039297383 
965 72 8 19 0.039074976 
404 551 5 11 0.039067153 
231 38 9 13 0.039052367 
385 95 12 20 0.03903658 
267 187 11 20 0.039021246 
93 89 8 15 0.038974587 
290 116 15 28 0.038934406 
411 111 13 21 0.03891707 
284 38 8 13 0.03887382 
467 125 9 20 0.038857084 
574 146 14 24 0.038838558 
180 135 10 20 0.03880938 
899 -12 8 13 0.038594756 
1001 208 9 21 0.038526222 
857 29 12 21 0.03849559 
488 48 9 17 0.038491618 
910 57 10 20 0.038364697 
448 0 11 13 0.0382947 
593 111 9 20 0.03825231 
270 123 12 23 0.038235255 
950 134 10 21 0.038194764 
965 214 12 21 0.03815974 
75 148 10 21 0.03813467 
75 211 16 28 0.038133822 
106 97 9 17 0.038026538 
463 188 14 28 0.037960954 
142 73 9 19 0.0379383 
316 239 16 16 0.03788629 
412 47 10 18 0.03777738 
795 11 10 17 0.03761194 
756 27 14 23 0.03748784 
790 130 10 29 0.03740809 
246 51 7 13 0.03737778 
566 257 8 16 0.03723119 
833 160 11 23 0.037202466 
44 172 9 20 0.037190158 
116 22 10 15 0.037127987 
438 32 10 19 0.036920186 
294 23 11 14 0.036910888 
83 36 7 13 0.036850654 
481 552 4 10 0.036801215 
938 104 10 22 0.036790583 
26 148 12 23 0.036750354 
325 173 9 15 0.036707122 
795 35 9 17 0.03668446 
363 125 10 17 0.03668357 
495 219 14 24 0.03645003 
131 197 9 19 0.03640872 
304 45 14 22 0.0363885 
808 48 10 17 0.03629165 
82 122 8 18 0.036286816 
846 168 11 27 0.03627879 
246 85 8 14 0.036276888 
920 108 11 24 0.036227502 
232 167 9 12 0.03614725 
1002 144 10 22 0.036023207 
256 133 10 20 0.035997894 
254 102 10 14 0.035952896 
340 126 9 18 0.035944305 
24 160 11 22 0.03578806 
541 71 8 16 0.03578723 
620 567 6 8 0.03577797 
950 61 7 16 0.035766583 
934 20 13 17 0.0356669 
971 85 8 18 0.03562948 
224 85 9 17 0.035626914 
584 172 17 29 0.03562111 
206 144 13 20 0.035579532 
771 -14 8 15 0.035548612 
924 -10 10 11 0.035515394 
448 157 13 26 0.035387233 
373 98 10 17 0.035335936 
808 213 8 18 0.03533552 
856 42 14 27 0.03531577 
965 177 8 15 0.035284728 
797 -14 8 15 0.03527532 
476 46 10 18 0.03525086 
499 74 10 16 0.035228096 
80 177 10 17 0.035228025 
989 186 11 19 0.03522573 
312 22 163 190 0.03502837 
377 36 7 13 0.035013232 
159 45 12 23 0.034955587 
278 143 17 24 0.034891628 
528 88 11 18 0.034825232 
42 38 6 13 0.03482264 
364 82 9 18 0.034767415 
231 22 12 18 0.034753963 
389 178 9 15 0.03472211 
298 192 7 13 0.034669682 
553 123 9 17 0.034634277 
553 49 7 15 0.034629293 
584 156 17 28 0.034545016 
738 34 9 18 0.034542203 
669 125 12 23 0.03453725 
47 212 16 25 0.034505792 
931 11 14 15 0.03444093 
3 96 8 20 0.03442287 
202 34 10 21 0.034415994 
1006 2 5 13 0.03437029 
419 140 14 28 0.0343657 
55 98 9 17 0.03429532 
908 81 11 21 0.034278832 
694 66 13 30 0.03419239 
298 59 10 19 0.034187682 
372 213 10 19 0.03414704 
465 72 12 21 0.034045264 
607 93 12 28 0.03402543 
499 59 10 21 0.034014117 
261 -192 314 131 0.0339771 
88 179 10 17 0.03397335 
567 61 7 15 0.033959154 
651 142 15 33 0.033934463 
554 100 7 15 0.033898003 
595 62 7 13 0.0338517 
923 201 8 19 0.033790804 
668 180 11 25 0.033751827 
866 106 14 27 0.033736397 
433 134 12 24 0.033704773 
622 136 15 33 0.033699922 
461 53 13 24 0.033673972 
463 293 8 16 0.0336239 
939 201 8 16 0.0336193 
767 0 11 15 0.03361493 
689 148 13 23 0.033601396 
530 49 7 15 0.03358036 
277 38 6 13 0.033425093 
116 199 9 17 0.03333348 
667 87 13 28 0.033308297 
747 22 10 16 0.03323845 
970 198 13 24 0.03318339 
142 33 10 17 0.03318018 
170 187 10 20 0.033169582 
420 156 13 26 0.033082798 
534 107 12 24 0.033050064 
180 -13 9 14 0.0330432 
598 292 12 18 0.032962482 
95 2 9 11 0.03279465 
690 119 14 26 0.032763347 
843 68 12 27 0.032736793 
848 135 12 21 0.03272103 
365 66 6 14 0.032714732 
808 22 7 16 0.0326652 
731 158 11 27 0.032596722 
934 1 11 10 0.032546207 
880 230 15 31 0.03253396 
602 18 13 20 0.032514498 
142 47 10 20 0.032439828 
474 57 12 20 0.032397244 
817 108 14 25 0.032361288 
798 169 10 26 0.032339264 
952 121 9 23 0.03229547 
859 183 11 27 0.03224797 
554 139 11 17 0.03223171 
108 171 9 19 0.032196805 
144 201 10 17 0.032175165 
281 131 17 25 0.0321388 
243 178 9 16 0.032129604 
553 60 8 17 0.03211459 
494 234 13 23 0.032081276 
425 0 9 13 0.03207143 
530 59 8 18 0.03200484 
436 1 11 13 0.031996697 
693 105 13 28 0.031883392 
364 113 8 15 0.031762194 
961 1 11 11 0.03173404 
78 137 9 17 0.031721838 
881 199 13 24 0.031648304 
436 146 11 25 0.031647235 
880 181 15 29 0.03161484 
159 161 9 19 0.031547263 
157 30 11 20 0.031533856 
580 61 8 14 0.031481322 
857 -11 14 19 0.03141821 
963 -10 8 10 0.031407956 
448 84 11 19 0.031365287 
218 151 11 15 0.031358782 
690 0 13 14 0.031337164 
401 173 11 23 0.031250484 
4 81 10 21 0.031249277 
17 457 7 15 0.031214228 
261 54 6 10 0.031211914 
105 200 10 16 0.03121146 
415 538 6 15 0.031191677 
17 601 7 13 0.031092903 
448 68 11 21 0.031083548 
395 199 10 24 0.030931707 
412 91 13 23 0.030919386 
397 109 12 20 0.030916343 
187 206 17 26 0.030891279 
260 125 9 18 0.030871952 
450 -12 9 13 0.030699521 
734 9 9 18 0.0306948 
515 58 9 19 0.030609457 
688 131 13 24 0.03059099 
721 171 9 25 0.030554678 
245 165 9 14 0.030536028 
244 22 10 17 0.03052754 
591 18 11 19 0.030499192 
1016 41 9 31 0.030497486 
462 0 10 11 0.03047634 
603 51 9 14 0.03043793 
471 20 13 18 0.030425115 
737 49 17 35 0.030418083 
4 188 7 19 0.030367972 
843 97 12 21 0.030350292 
34 26 175 189 0.03026084 
693 -13 9 14 0.030253902 
463 -12 9 12 0.030232778 
913 -11 9 11 0.030165976 
680 214 13 23 0.030149836 
768 41 13 22 0.030129787 
823 161 10 23 0.030125126 
735 19 8 19 0.030121414 
272 165 7 14 0.030114364 
107 189 8 17 0.030082481 
376 50 7 13 0.030066814 
154 201 9 17 0.030061854 
575 158 16 28 0.030051166 
22 -179 313 141 0.030034158 
780 20 10 18 0.030008351 
420 170 12 25 0.03000342 
591 93 72 93 0.029987408 
269 177 8 15 0.02995462 
810 -14 8 15 0.02990579 
936 -10 9 10 0.029883072 
566 74 7 14 0.0298699 
681 48 11 21 0.02985177 
849 124 10 19 0.02984961 
871 -13 10 14 0.029822659 
951 2 10 9 0.029819423 
897 31 10 25 0.029781057 
276 100 8 13 0.02977988 
310 121 13 24 0.029738253 
999 231 8 15 0.029710451 
84 210 17 25 0.029705428 
686 237 13 22 0.029686753 
805 169 12 27 0.029675687 
526 362 10 11 0.029675586 
964 163 8 17 0.029646618 
582 359 6 11 0.029577889 
821 86 14 29 0.029523514 
578 100 9 18 0.029502051 
755 40 12 25 0.029436668 
796 224 9 21 0.029424556 
208 172 16 23 0.02936207 
972 71 8 20 0.029359957 
794 156 10 27 0.029304877 
910 185 10 20 0.029292742 
516 49 7 16 0.029261103 
30 39 7 13 0.029232506 
732 79 11 29 0.029226633 
347 118 8 14 0.029182224 
155 189 9 19 0.029153455 
858 168 13 26 0.029149448 
374 201 9 17 0.029127467 
493 550 4 11 0.029067347 
554 88 7 15 0.029048787 
247 126 10 17 0.028989248 
915 0 9 12 0.02895206 
287 205 6 12 0.02885261 
499 87 13 18 0.028816216 
742 129 12 31 0.028793864 
417 418 5 17 0.02878038 
822 179 11 24 0.028778907 
417 549 4 12 0.028702345 
940 189 8 17 0.028660296 
834 222 11 22 0.028658377 
246 38 7 12 0.028644813 
116 34 10 17 0.028594641 
614 19 15 21 0.02856617 
674 76 14 34 0.02854919 
94 147 8 19 0.028523639 
286 -12 7 13 0.028492413 
808 105 13 28 0.028469421 
27 134 11 19 0.028460618 
873 196 12 25 0.028452244 
171 -12 9 13 0.02843886 
808 36 8 15 0.028438251 
649 167 17 30 0.028258568 
823 211 8 18 0.028256048 
259 176 8 14 0.028239014 
211 74 9 14 0.028169667 
567 87 6 13 0.028146753 
214 134 13 19 0.028125767 
922 187 9 19 0.028074754 
823 -14 8 15 0.028069273 
17 447 6 13 0.028067997 
825 -1 8 13 0.028043082 
287 213 7 15 0.028013753 
720 162 9 18 0.027974717 
990 197 11 22 0.027949074 
995 682 14 33 0.027936019 
404 539 5 13 0.027914163 
973 1 9 11 0.027890928 
972 97 8 17 0.027838454 
848 187 8 21 0.02781695 
360 178 8 13 0.027791653 
835 151 9 18 0.02777894 
294 160 11 18 0.027777692 
195 124 8 16 0.027756516 
964 58 9 20 0.027707212 
692 357 9 14 0.02768974 
638 139 17 37 0.02764342 
37 84 10 21 0.027622284 
438 -12 9 13 0.027597805 
441 203 11 20 0.027584862 
18 -25 5 14 0.02754062 
219 127 8 13 0.02752468 
526 21 9 17 0.027503496 
747 13 9 15 0.027417632 
5 61 10 17 0.027383626 
488 88 12 16 0.027325513 
848 111 10 17 0.02730601 
475 32 10 17 0.027286656 
340 65 15 27 0.027266975 
704 150 10 17 0.027242439 
403 561 6 15 0.027230976 
580 51 7 13 0.027205806 
312 241 10 12 0.027171351 
66 -2 10 14 0.027168706 
807 222 10 22 0.027163409 
1018 -29 7 21 0.027127516 
503 47 8 17 0.027122205 
383 111 11 19 0.027097216 
784 -16 8 16 0.027036244 
956 10 18 20 0.027010845 
593 97 8 20 0.026974786 
348 163 9 15 0.026967114 
480 207 19 31 0.026965553 
273 148 11 18 0.026933102 
541 35 7 15 0.02688286 
448 26 13 23 0.026879197 
1016 176 8 17 0.026782637 
951 -10 8 10 0.026762437 
699 7 13 22 0.02675395 
729 116 12 35 0.026727324 
1005 -12 5 13 0.026664888 
823 149 8 17 0.026660573 
296 203 7 13 0.026639756 
1018 -12 7 15 0.026609294 
2 111 9 18 0.02660808 
1005 89 6 15 0.026576659 
783 74 13 29 0.026542129 
679 110 14 24 0.026531454 
349 190 10 16 0.026452234 
607 120 11 21 0.026446959 
1001 266 6 13 0.026432153 
908 167 13 26 0.026389465 
650 258 15 36 0.026329342 
225 51 8 13 0.026321774 
800 213 7 18 0.026286393 
44 24 5 13 0.026281266 
306 38 11 15 0.026276192 
553 35 7 15 0.026265988 
568 51 7 13 0.026250718 
1017 241 8 14 0.026208691 
131 34 8 16 0.026206838 
747 211 12 26 0.02616395 
835 0 9 14 0.02613223 
810 13 7 14 0.026093228 
29 -25 7 15 0.026082091 
912 204 9 19 0.026068585 
594 87 8 16 0.026052045 
202 199 13 20 0.025997294 
655 299 10 22 0.02599101 
736 44 10 21 0.025978148 
887 -14 9 14 0.025935894 
489 98 14 20 0.025927313 
433 91 12 24 0.025909266 
85 24 7 12 0.025836589 
760 -14 8 15 0.025835127 
312 176 8 14 0.025749464 
1015 -48 9 31 0.025746811 
195 138 9 17 0.025743583 
813 69 11 23 0.025717467 
311 189 7 14 0.025668154 
665 152 15 30 0.025644863 
925 95 10 19 0.025641873 
4 177 7 19 0.025577227 
934 32 11 20 0.025508227 
16 -42 7 18 0.025496509 
-45 610 290 369 0.025389038 
474 289 8 16 0.02537706 
765 210 12 27 0.025371088 
578 -12 9 13 0.025364274 
938 235 11 23 0.025327582 
960 145 10 24 0.025320766 
451 409 6 11 0.025265794 
326 187 9 17 0.025223583 
56 -26 6 16 0.025220044 
464 302 7 13 0.025199948 
552 72 8 16 0.02519849 
377 2 8 13 0.025102062 
233 -2 9 13 0.025067683 
700 53 11 23 0.025060497 
972 58 8 22 0.02502758 
437 172 11 25 0.024953313 
314 214 8 13 0.024896344 
540 19 9 17 0.024887811 
15 53 10 15 0.024872044 
871 96 10 22 0.02482376 
615 194 68 82 0.024812324 
1013 144 10 24 0.024801057 
190 55 11 22 0.024740707 
744 213 308 152 0.024690283 
364 158 10 19 0.02464667 
761 0 9 13 0.024621213 
799 200 7 20 0.024607945 
375 191 8 15 0.02460574 
654 250 12 24 0.0246021 
844 220 12 25 0.024595378 
593 384 6 14 0.024569158 
448 97 10 17 0.024545679 
193 108 9 19 0.02451475 
56 -11 7 11 0.024495795 
555 256 6 14 0.0244892 
1002 -30 7 21 0.024456494 
157 171 9 19 0.024455136 
1002 40 8 27 0.024444824 
570 397 5 13 0.024410676 
948 211 10 23 0.024392309 
824 203 8 17 0.024386788 
445 399 4 10 0.024381652 
732 57 12 25 0.024341147 
850 -13 9 14 0.024324972 
362 98 10 17 0.024310842 
578 17 11 21 0.024310175 
833 121 11 21 0.024300251 
683 -13 10 13 0.024183823 
665 243 16 29 0.024105288 
450 134 11 23 0.0240992 
576 9 11 19 0.02408134 
41 48 7 16 0.024052534 
45 226 21 25 0.024050532 
459 28 14 22 0.024024723 
248 -13 7 14 0.024012538 
258 149 8 15 0.023926852 
212 30 181 169 0.023905486 
275 -13 6 13 0.023901112 
130 -9 9 9 0.023885205 
234 -13 7 14 0.023865623 
691 199 11 23 0.023847919 
444 408 5 12 0.023840416 
897 47 11 20 0.023818545 
582 383 6 14 0.023773821 
596 75 7 13 0.023764612 
312 160 11 16 0.023755193 
96 161 8 16 0.023748219 
946 239 10 19 0.02372077 
896 183 11 24 0.023699488 
55 -1 8 13 0.023694089 
516 20 8 17 0.023687068 
260 -13 7 14 0.023685737 
781 168 10 25 0.023680214 
688 181 13 27 0.02367839 
1004 71 7 20 0.023670236 
527 294 7 16 0.02361967 
787 124 9 22 0.023576686 
770 57 14 26 0.023560435 
390 551 4 13 0.023517214 
287 25 9 13 0.02351596 
44 -25 5 14 0.02348569 
796 -1 8 13 0.023408609 
769 185 9 22 0.023402404 
54 -58 9 24 0.02337092 
40 -57 9 23 0.023349468 
455 563 5 11 0.023344485 
211 61 9 16 0.02334205 
170 201 9 16 0.023301894 
27 -42 8 19 0.02329441 
529 34 7 16 0.023287388 
899 147 12 21 0.023282172 
638 121 12 26 0.023239855 
543 401 10 22 0.023202976 
566 -12 8 13 0.023182986 
667 197 11 22 0.023170527 
884 130 190 190 0.023136873 
72 37 7 15 0.02311883 
796 184 9 24 0.023112647 
416 406 6 19 0.023074036 
387 -11 8 12 0.023066672 
647 305 8 14 0.02304419 
70 85 7 16 0.023030568 
314 208 6 11 0.022941355 
895 170 13 24 0.022912785 
349 177 8 14 0.02291247 
552 -12 9 13 0.022896515 
153 215 14 16 0.022832174 
592 -12 8 12 0.022808427 
271 200 8 15 0.022806956 
881 17 12 25 0.022730866 
741 157 11 26 0.02267315 
989 254 9 15 0.022658877 
626 11 14 17 0.022655843 
870 45 13 25 0.022633871 
68 -26 7 16 0.022613635 
485 234 16 23 0.022602292 
540 -12 9 13 0.022575041 
4 202 6 20 0.022562915 
909 96 11 21 0.02255364 
945 226 11 22 0.022536801 
989 -31 7 21 0.022522666 
283 157 12 21 0.022518557 
950 48 9 15 0.02250532 
55 22 7 15 0.022502046 
579 74 7 14 0.022386441 
476 382 10 17 0.022375563 
803 237 14 24 0.022372859 
412 -11 9 12 0.022364918 
898 203 9 19 0.022355463 
900 0 8 11 0.022295538 
624 328 18 19 0.022240194 
669 228 13 20 0.022228459 
908 -184 129 101 0.022225143 
233 123 10 16 0.022203024 
425 -11 9 12 0.022202136 
922 239 8 18 0.022194328 
603 32 9 17 0.022157393 
642 261 14 28 0.022156226 
366 549 5 14 0.022142159 
39 -69 10 22 0.022112722 
274 114 8 14 0.022089077 
645 567 6 8 0.02207704 
3 -2 6 16 0.022057604 
476 -12 8 12 0.022050863 
896 157 14 24 0.022041664 
16 472 6 12 0.022019142 
4 123 9 19 0.021930093 
3 -13 6 14 0.021896485 
68 -11 7 11 0.021891663 
208 -13 8 13 0.021885598 
306 26 11 13 0.021874513 
233 147 12 17 0.021861948 
67 -45 8 24 0.021860749 
1006 101 7 16 0.021817213 
367 9 7 16 0.021815287 
591 133 13 22 0.021808034 
999 678 9 16 0.02179597 
900 238 9 20 0.021764658 
990 72 7 19 0.021751095 
566 17 10 20 0.021736512 
809 203 7 18 0.02171391 
318 110 10 21 0.021697976 
623 577 4 7 0.021697424 
206 184 13 20 0.021695532 
613 353 14 21 0.02168294 
526 393 9 14 0.021678632 
821 138 8 17 0.02166552 
969 10 14 18 0.021654747 
655 124 10 20 0.021652473 
481 561 4 11 0.02164923 
862 100 9 19 0.021629546 
770 173 9 21 0.021628791 
551 372 7 12 0.021621097 
470 169 16 32 0.021598993 
836 135 9 20 0.021590464 
401 125 10 17 0.02157941 
289 74 90 95 0.021565814 
692 349 7 10 0.021548873 
980 670 5 9 0.02152477 
15 -54 7 19 0.02145038 
529 73 8 16 0.021448188 
246 -3 9 14 0.021427926 
444 334 4 11 0.021418035 
740 196 12 30 0.021363962 
466 321 5 11 0.021338245 
578 275 9 22 0.02132107 
5 446 5 14 0.021310262 
115 214 12 17 0.021291554 
593 34 8 16 0.02123173 
231 11 11 14 0.021177517 
819 224 11 22 0.021166395 
591 371 7 13 0.02116392 
622 337 22 22 0.021140853 
430 433 6 12 0.021111121 
654 314 11 17 0.021107446 
539 11 10 16 0.021102361 
158 -11 8 11 0.021100951 
45 -11 6 11 0.021022834 
383 157 9 20 0.021012172 
778 90 14 26 0.021003114 
699 89 13 34 0.02097333 
378 551 6 14 0.020971872 
577 265 9 21 0.020969516 
975 -11 7 11 0.020964202 
6 459 5 14 0.02092686 
339 76 93 100 0.020918937 
492 540 5 10 0.020903502 
512 88 12 18 0.020891398 
730 204 12 31 0.020866754 
664 294 12 30 0.020861814 
375 174 8 16 0.020814857 
962 686 10 21 0.020792611 
2 162 8 18 0.020791203 
567 101 7 14 0.020771518 
41 -44 8 22 0.020769248 
785 199 8 21 0.020749813 
258 -44 9 23 0.02071619 
964 46 9 18 0.020632938 
516 396 9 12 0.020594625 
561 146 14 23 0.020579476 
475 303 7 14 0.020576786 
950 13 14 14 0.020565506 
362 530 7 19 0.020565081 
18 39 6 15 0.02055995 
1003 56 7 25 0.02055384 
234 135 14 22 0.020538816 
120 -9 7 9 0.020523457 
2 -109 172 255 0.020515434 
702 210 11 27 0.02050471 
794 91 11 25 0.02046648 
101 214 15 20 0.020458212 
580 89 6 13 0.020405969 
667 20 16 21 0.020377547 
628 367 29 26 0.020280806 
244 -44 9 23 0.020262007 
973 44 8 22 0.02024437 
982 410 3 12 0.020225294 
402 416 6 20 0.020218575 
811 146 8 21 0.020151434 
580 396 7 12 0.02014274 
802 251 14 22 0.02012261 
1003 670 5 10 0.020108666 
595 393 7 15 0.020102771 
494 526 5 8 0.020095382 
442 425 5 11 0.020095343 
69 23 7 15 0.020088155 
284 -1 10 15 0.020088095 
680 197 12 22 0.020055521 
756 134 8 21 0.020029329 
719 210 9 25 0.019996358 
568 32 8 17 0.01999384 
981 396 3 13 0.01998302 
287 333 5 12 0.0199825 
222 -12 7 12 0.019971231 
899 9 9 17 0.019949993 
296 215 8 14 0.019900564 
488 291 7 14 0.019870458 
401 -11 8 11 0.01986339 
616 243 86 99 0.019848494 
644 318 10 13 0.019842302 
720 151 9 18 0.019836526 
321 232 12 14 0.019826641 
54 35 7 15 0.019813972 
603 355 11 19 0.019807968 
551 9 10 17 0.019788994 
604 397 7 13 0.019762902 
859 209 11 23 0.01975563 
964 680 7 14 0.019737579 
604 -12 9 12 0.019690951 
554 20 8 16 0.019675862 
275 25 7 14 0.01966441 
622 605 3 8 0.01965696 
39 -82 10 22 0.019651841 
461 169 15 28 0.019641584 
669 315 9 18 0.019638088 
410 201 11 20 0.01963773 
610 565 4 8 0.019594274 
654 112 9 17 0.019593813 
24 213 17 26 0.019590326 
668 110 11 20 0.019563774 
705 173 10 22 0.019554816 
683 0 12 13 0.01953309 
426 186 9 20 0.019518532 
450 219 11 22 0.019517321 
769 200 9 21 0.019517059 
973 32 9 20 0.019454183 
604 385 6 13 0.019415218 
764 80 18 28 0.019413004 
897 18 10 24 0.019397007 
438 432 8 14 0.019395871 
978 679 7 11 0.01938301 
-22 126 241 255 0.01936369 
989 58 8 22 0.019360054 
601 301 10 16 0.019357964 
457 294 5 13 0.01934718 
641 251 11 21 0.019346261 
527 12 8 15 0.019321969 
456 305 5 11 0.019316105 
881 121 12 22 0.019312447 
624 82 12 26 0.01930988 
527 -12 9 12 0.01927312 
554 169 21 35 0.019238954 
861 -199 193 316 0.019231347 
964 255 8 13 0.019196112 
618 329 12 14 0.019188737 
53 10 9 16 0.019184783 
463 376 10 21 0.019169746 
55 -45 7 23 0.019159947 
988 -47 8 28 0.019090638 
511 210 12 25 0.01908138 
981 423 3 11 0.019073628 
53 -70 11 22 0.01907179 
6 600 5 14 0.019049788 
646 285 10 22 0.019047396 
721 195 10 27 0.01902377 
734 -14 7 15 0.019011242 
467 563 4 10 0.018992912 
79 -45 9 24 0.018986948 
579 33 8 17 0.018983986 
861 82 10 22 0.018982498 
427 203 8 17 0.018974869 
194 74 8 15 0.018953077 
656 230 10 18 0.018942788 
999 -49 8 32 0.018934423 
615 12 14 16 0.018930586 
7 303 10 19 0.018895155 
887 -1 8 12 0.018890364 
655 -14 10 14 0.01888752 
840 254 17 22 0.018836709 
2 151 8 17 0.018820895 
403 135 11 19 0.018816214 
796 108 10 21 0.018804934 
144 -10 8 10 0.01877017 
524 107 14 25 0.018744163 
514 73 9 16 0.018734522 
739 78 14 31 0.018686553 
577 303 9 18 0.01862422 
287 344 5 13 0.018609231 
699 117 13 27 0.018608635 
782 106 11 21 0.018597497 
871 -31 10 20 0.018585442 
629 -12 9 12 0.018577611 
501 397 10 11 0.018544272 
998 -132 12 45 0.01853997 
706 -13 8 14 0.018536685 
453 346 4 13 0.018525908 
513 11 9 16 0.018518707 
654 98 10 19 0.018500715 
605 135 67 93 0.018492535 
606 131 13 24 0.018475309 
989 32 8 22 0.018474115 
477 318 6 12 0.018433832 
810 135 9 20 0.018431123 
25 -55 9 21 0.01842315 
603 342 10 18 0.0183995 
454 335 4 11 0.018338853 
18 23 6 18 0.018306486 
970 688 42 110 0.018300682 
168 215 11 16 0.018289322 
773 157 10 22 0.018285884 
765 105 14 22 0.01825844 
181 -28 8 16 0.018246355 
293 12 12 15 0.01821957 
498 248 9 18 0.018188508 
454 358 5 13 0.018179774 
225 38 7 13 0.018139793 
808 184 8 21 0.01810551 
844 240 12 19 0.018098975 
476 393 9 14 0.018098755 
39 214 15 20 0.018093469 
453 424 7 11 0.01808315 
526 234 10 20 0.018042294 
554 276 9 22 0.018041551 
543 254 6 14 0.018028371 
244 11 9 14 0.018024884 
991 87 7 17 0.018022798 
232 -44 9 23 0.018004814 
986 684 14 28 0.017994903 
722 -14 7 14 0.017986521 
463 284 7 15 0.017965637 
783 0 8 12 0.017962415 
192 88 8 16 0.017958378 
142 213 16 18 0.017956898 
208 116 7 13 0.017952316 
620 556 5 8 0.017894404 
1014 162 10 20 0.017885646 
195 -13 8 13 0.017885448 
222 -1 8 12 0.017884526 
444 387 4 11 0.01788383 
724 59 7 17 0.017876854 
989 678 9 13 0.01787631 
488 35 8 15 0.017864142 
473 12 10 13 0.017855518 
700 75 11 29 0.017853236 
835 -13 8 14 0.017850794 
753 233 14 27 0.017815402 
569 384 6 12 0.017796678 
298 -11 7 11 0.017792244 
519 267 6 15 0.017788094 
66 9 9 17 0.017786797 
723 48 7 16 0.017772024 
44 13 7 13 0.017756673 
556 267 7 17 0.017746279 
285 173 8 17 0.01772802 
703 136 10 19 0.017708004 
13 524 16 12 0.01770301 
631 -186 266 113 0.017699927 
514 -12 9 13 0.017685307 
389 536 6 15 0.017684784 
990 -12 6 12 0.017677704 
320 216 8 13 0.017656956 
685 344 7 13 0.01765614 
693 34 10 17 0.017647762 
746 -14 8 15 0.017644051 
31 -11 5 11 0.01763122 
570 370 6 12 0.017630963 
193 13 9 14 0.017627249 
4 -28 6 18 0.017621139 
519 253 6 15 0.017609388 
608 556 4 7 0.017594209 
783 187 9 22 0.017577104 
785 212 8 21 0.017571136 
884 30 11 25 0.017548028 
981 383 4 13 0.01752103 
297 176 8 15 0.017516794 
16 9 6 17 0.017514298 
285 9 11 15 0.017510215 
475 0 9 11 0.017494101 
469 554 4 10 0.01742386 
351 208 14 22 0.01738454 
416 435 5 11 0.017340465 
430 410 5 13 0.017300518 
651 281 11 30 0.017293416 
796 236 10 21 0.017281946 
783 225 10 21 0.017275361 
769 122 9 18 0.017256957 
859 -30 11 19 0.017233722 
559 279 16 34 0.01723218 
321 205 8 13 0.017216222 
811 79 11 24 0.01720994 
1017 258 6 11 0.01716862 
484 262 11 18 0.01714589 
757 124 9 20 0.017127546 
437 -185 288 113 0.017126407 
607 408 7 14 0.017105479 
591 355 7 15 0.017070806 
516 33 7 16 0.017066535 
720 116 11 30 0.01705538 
623 354 18 19 0.017053995 
617 -12 9 12 0.017024485 
45 0 6 11 0.016995369 
389 560 5 13 0.016994579 
455 554 4 10 0.016970659 
834 241 10 17 0.016950998 
27 50 8 15 0.016907549 
377 560 5 13 0.016903799 
170 -27 8 16 0.016899412 
17 574 6 13 0.016885513 
81 -27 6 16 0.01688297 
604 365 10 21 0.016876578 
639 171 14 24 0.016861262 
992 100 6 15 0.01684564 
542 292 8 15 0.01684418 
593 282 7 14 0.016824907 
1011 -80 11 44 0.016823636 
648 240 32 72 0.016816776 
29 600 7 14 0.016811509 
454 383 5 13 0.016808098 
15 -67 7 19 0.016794842 
489 -12 8 12 0.016789196 
705 368 10 14 0.016788725 
502 -12 8 13 0.01677306 
668 -14 9 14 0.01674041 
705 159 9 18 0.016705267 
610 605 3 8 0.016697468 
520 294 7 17 0.016688678 
721 37 7 15 0.016681395 
670 213 10 20 0.016663313 
19 -13 5 12 0.016640842 
756 202 10 23 0.016639398 
3 8 7 21 0.016627122 
485 249 12 18 0.016616957 
5 573 5 15 0.016613109 
640 112 10 18 0.016599465 
538 237 8 17 0.016576279 
550 -2 10 15 0.01657512 
609 617 4 9 0.016495802 
232 199 10 16 0.016494658 
627 156 15 25 0.016478226 
490 396 8 13 0.016477568 
308 388 11 27 0.016466795 
617 32 12 20 0.016456556 
642 -13 9 13 0.01645072 
591 264 9 18 0.016412836 
618 50 9 17 0.016389351 
518 279 7 16 0.01638019 
4 -43 6 20 0.01635756 
535 116 67 77 0.016354606 
539 -2 10 15 0.01635063 
592 346 8 14 0.016342811 
812 -1 7 12 0.016340787 
949 19 15 18 0.016337821 
5 523 10 12 0.016334135 
680 333 8 13 0.016329862 
276 -2 8 14 0.01630729 
311 234 9 11 0.016290814 
975 699 10 17 0.016288737 
21 224 41 46 0.016204689 
5 472 6 14 0.016193738 
194 -31 9 18 0.016178355 
66 -57 9 24 0.01617683 
4 587 6 14 0.016169205 
270 -44 9 22 0.016154941 
439 223 9 19 0.016140822 
993 113 7 16 0.016117861 
757 145 9 22 0.01610796 
456 573 5 13 0.016093034 
526 331 8 14 0.016080897 
754 52 14 28 0.016055085 
519 371 9 12 0.016030239 
259 -3 8 14 0.016022772 
530 282 6 14 0.016003536 
820 237 11 20 0.015991181 
990 21 8 19 0.015981333 
364 0 8 14 0.015945835 
492 562 5 11 0.01593439 
3 137 8 17 0.015924016 
506 528 6 9 0.015912753 
94 -9 8 10 0.015896637 
979 371 4 13 0.015894579 
287 390 7 23 0.01585085 
486 278 9 16 0.015830228 
169 -43 11 20 0.015829323 
619 323 8 10 0.015822016 
973 109 8 18 0.015788242 
203 21 9 17 0.015760487 
884 93 11 22 0.015754735 
608 324 6 9 0.015734509 
427 138 84 87 0.015674284 
520 120 16 27 0.01564901 
975 689 10 18 0.015630687 
514 220 12 24 0.015622061 
207 -31 8 18 0.015602436 
18 435 6 12 0.015593299 
529 268 5 13 0.015590649 
54 47 8 18 0.015586389 
275 216 5 12 0.015579966 
525 400 12 19 0.015579894 
860 69 10 24 0.015579061 
975 -31 8 22 0.015531103 
260 -32 7 20 0.01550092 
560 299 14 27 0.015453871 
578 254 9 17 0.015432202 
634 568 4 8 0.015426985 
181 -43 10 21 0.015425553 
130 214 13 18 0.015379992 
390 415 6 21 0.01537468 
653 11 15 15 0.015367319 
601 281 9 15 0.015364757 
487 21 9 15 0.0153617645 
330 238 13 14 0.015332228 
757 185 10 23 0.015326398 
296 0 9 12 0.015317555 
55 85 8 18 0.015294041 
504 36 7 14 0.015288749 
513 -1 10 13 0.015286129 
987 267 9 14 0.015270281 
208 -2 8 13 0.015255283 
577 -1 10 14 0.015254975 
481 541 5 11 0.015254709 
25 -69 9 22 0.015253191 
18 588 6 14 0.015253177 
630 -7 146 204 0.01524079 
429 552 5 11 0.015208882 
860 224 10 21 0.015190603 
528 254 6 14 0.015187309 
758 173 10 21 0.015157577 
452 401 4 9 0.015151206 
651 198 14 26 0.015137906 
30 26 6 14 0.015118398 
743 234 14 28 0.015107652 
897 107 12 27 0.015104615 
628 322 10 13 0.015100318 
884 -31 10 19 0.01509349 
399 76 88 101 0.015092172 
476 282 8 15 0.01508648 
537 122 10 20 0.015065283 
734 0 8 13 0.015029833 
706 240 8 15 0.015006317 
219 197 12 19 0.015006076 
15 -80 7 19 0.015006048 
551 301 13 21 0.014987452 
677 318 9 15 0.014969457 
16 214 11 22 0.014965689 
993 397 4 12 0.014946425 
367 23 7 14 0.014943701 
884 10 10 18 0.014927791 
221 11 9 13 0.014917361 
758 160 8 20 0.014916277 
504 337 5 10 0.014914608 
17 0 6 14 0.014908836 
755 87 19 31 0.014907562 
205 12 9 14 0.014892359 
771 135 9 20 0.014883708 
5 435 5 13 0.014857681 
504 369 6 11 0.014853328 
336 198 9 17 0.014842558 
656 0 10 13 0.014816036 
991 -151 20 31 0.014789459 
288 376 5 22 0.014787556 
472 124 12 23 0.0147697665 
2 21 7 21 0.014754779 
503 361 6 10 0.014750899 
506 536 5 11 0.014733238 
444 344 4 13 0.014710427 
246 -32 8 19 0.014686532 
5 50 8 15 0.014673394 
681 28 13 21 0.014621233 
490 601 6 12 0.01459869 
571 480 19 23 0.014597284 
363 -12 6 12 0.014588034 
403 146 10 19 0.014587637 
567 243 8 14 0.014569074 
619 651 5 10 0.014559068 
565 -2 10 15 0.014533204 
578 205 15 28 0.014532343 
443 321 4 12 0.014528395 
649 282 326 247 0.014526281 
771 -15 198 208 0.014526274 
402 162 9 19 0.014509777 
504 550 6 12 0.014504699 
81 -11 7 11 0.014503452 
504 21 8 15 0.014501917 
1017 271 6 11 0.014494272 
676 255 15 38 0.014489874 
107 -9 7 9 0.014478977 
456 321 4 12 0.014470576 
618 341 13 18 0.014466802 
365 37 7 13 0.01446133 
544 269 5 12 0.014444702 
210 86 8 14 0.014440224 
503 280 7 15 0.014433521 
316 250 16 17 0.014421227 
276 10 8 15 0.014412595 
489 304 7 14 0.014409568 
976 134 8 21 0.01440082 
39 60 9 17 0.014371477 
208 100 8 15 0.014370572 
979 437 4 12 0.014352807 
527 -1 9 13 0.014345969 
364 51 8 14 0.014334969 
743 106 11 27 0.01433274 
919 247 10 19 0.0143264225 
16 -164 9 15 0.014285607 
616 409 8 14 0.01426889 
721 90 10 31 0.014258968 
418 817 20 32 0.014235615 
568 407 6 13 0.014227126 
272 -31 7 19 0.014218374 
808 -33 9 22 0.014185176 
873 68 12 26 0.014175005 
300 233 7 11 0.014171333 
516 237 9 18 0.014126578 
582 408 6 12 0.014120628 
18 192 30 51 0.014117727 
377 -11 7 11 0.014068859 
1003 398 4 12 0.014038051 
338 115 8 17 0.014028787 
201 211 15 19 0.014024302 
490 359 7 12 0.014020149 
627 19 14 20 0.014015727 
693 364 10 17 0.014010409 
882 108 11 23 0.014008788 
527 319 8 13 0.014001323 
277 358 4 13 0.013984955 
593 411 6 12 0.013983206 
450 240 8 20 0.013977802 
724 69 8 20 0.013968104 
431 817 19 32 0.01394513 
580 290 8 18 0.013944219 
998 -96 11 50 0.013943747 
442 554 4 10 0.013930188 
1017 281 6 14 0.013904282 
465 334 6 11 0.013901498 
1013 -137 10 31 0.013868407 
796 -33 9 22 0.01385902 
374 223 8 15 0.013848299 
194 -43 11 21 0.013823183 
504 386 7 10 0.013823146 
6 295 6 13 0.013820338 
377 533 7 15 0.013786441 
39 72 10 18 0.013761618 
54 72 9 18 0.013745786 
505 347 5 10 0.013743173 
444 817 19 32 0.01374081 
705 40 8 14 0.013738211 
670 324 11 19 0.0137352655 
333 232 11 13 0.013730158 
470 817 18 32 0.013705751 
568 435 6 14 0.013698688 
645 575 6 8 0.013676929 
592 320 9 13 0.013666821 
580 238 11 19 0.013660182 
457 817 18 32 0.013632673 
17 611 7 12 0.013627326 
287 229 7 14 0.01362288 
646 377 24 24 0.013619349 
30 0 6 12 0.013611332 
220 -31 8 18 0.013606825 
82 0 8 12 0.013598552 
606 331 8 12 0.013563093 
405 817 20 32 0.013560968 
641 236 10 21 0.013557736 
366 563 5 15 0.013552162 
784 -34 8 24 0.013529234 
757 68 13 24 0.013523457 
51 -84 13 26 0.013522897 
543 283 6 12 0.013518992 
501 0 9 13 0.013495128 
974 122 8 20 0.013483909 
259 39 7 12 0.013480002 
467 397 6 12 0.013474943 
92 -44 9 23 0.013411298 
403 405 6 19 0.013393593 
15 -93 7 21 0.013374691 
964 265 8 15 0.013358241 
552 242 8 15 0.013354822 
618 307 8 12 0.013352591 
287 370 5 18 0.013323745 
705 185 9 22 0.013322591 
465 356 8 16 0.013277685 
518 380 9 15 0.013258321 
649 390 20 20 0.013226332 
502 10 9 15 0.013223744 
664 256 15 37 0.013215569 
502 265 7 16 0.01320374 
597 620 3 7 0.01320002 
392 817 20 32 0.013189663 
219 -44 11 23 0.013133201 
765 251 14 22 0.013122808 
520 362 6 10 0.013111389 
193 -2 9 14 0.013078274 
939 200 94 93 0.013069358 
664 393 12 14 0.01306664 
565 418 7 16 0.013065964 
487 382 8 16 0.013061635 
821 -32 9 21 0.013017916 
108 678 7 13 0.013003808 
950 684 10 24 0.012997464 
285 262 5 8 0.012956494 
24 133 28 50 0.012952768 
94 -28 7 17 0.012951282 
621 592 4 8 0.012950329 
620 616 4 8 0.0129471 
482 818 19 31 0.01294191 
704 198 9 22 0.012933731 
287 192 7 14 0.01291274 
503 304 7 15 0.012911969 
477 355 8 14 0.012903397 
855 253 12 19 0.012901548 
990 2 7 10 0.012813142 
488 0 9 12 0.012794565 
514 182 13 28 0.012792001 
309 252 13 15 0.012769811 
441 628 5 10 0.012757218 
694 -33 9 22 0.01275606 
27 -47 84 139 0.012753387 
366 817 21 32 0.012752655 
989 13 8 14 0.012750614 
518 335 6 12 0.012745308 
590 418 8 14 0.012741841 
379 817 20 32 0.012727513 
552 287 11 22 0.0127255125 
408 213 9 17 0.01270909 
156 -43 10 20 0.012703306 
276 270 5 9 0.012690872 
483 180 14 31 0.012685854 
607 592 4 7 0.012678618 
206 -43 10 22 0.012667509 
1011 -105 11 45 0.012665838 
503 293 7 16 0.012660359 
579 221 13 22 0.012659913 
676 293 12 30 0.012649594 
962 342 9 15 0.01260935 
908 255 14 27 0.012570291 
872 84 9 21 0.012552603 
308 269 14 17 0.012541986 
299 324 6 10 0.012536518 
747 0 8 12 0.012529366 
454 370 5 14 0.012513535 
581 347 7 11 0.012477467 
617 280 8 14 0.012467412 
30 588 6 14 0.0124632735 
568 359 6 11 0.01245081 
351 532 7 18 0.012430668 
495 818 19 31 0.012430339 
708 361 7 10 0.012427625 
858 238 10 20 0.012421656 
771 -33 9 23 0.012410804 
287 288 10 17 0.012393068 
703 0 8 12 0.012344399 
665 11 17 16 0.012343203 
2 216 8 21 0.012324179 
310 112 28 47 0.0122967195 
667 0 11 13 0.0122623965 
131 -26 8 14 0.012258585 
286 359 5 12 0.012251259 
489 12 8 12 0.012239764 
1003 411 4 11 0.012173188 
898 -30 9 19 0.012151659 
54 60 8 17 0.012150878 
633 356 20 20 0.012150341 
613 152 17 29 0.012148154 
499 180 13 27 0.012142313 
594 330 9 14 0.01212732 
353 817 21 32 0.0121176 
25 -81 9 21 0.012097571 
689 250 10 20 0.012080652 
640 11 14 17 0.012069325 
452 255 7 17 0.012063101 
423 143 163 183 0.012060902 
276 345 5 12 0.012059891 
847 -32 10 21 0.012058948 
633 327 19 22 0.012047739 
508 818 18 30 0.012043823 
707 383 9 12 0.012032912 
299 390 8 22 0.012014787 
283 280 13 16 0.0120092295 
307 58 16 25 0.0120064905 
632 536 6 11 0.012006412 
288 324 5 10 0.012002329 
484 156 15 30 0.011977198 
991 670 5 10 0.011974992 
610 643 4 8 0.011971031 
307 11 11 13 0.011962259 
15 -106 7 23 0.011946039 
400 433 7 17 0.0119234575 
5 422 5 13 0.011919851 
636 184 17 27 0.01191958 
284 270 7 9 0.01191427 
341 817 20 32 0.01190748 
15 -158 10 20 0.011888778 
591 251 11 19 0.011857992 
768 632 272 354 0.01184532 
521 818 18 30 0.011836087 
315 818 21 31 0.01179107 
350 563 6 15 0.011789869 
722 22 7 17 0.011787581 
120 -26 7 14 0.011778198 
427 212 7 15 0.0117763765 
328 817 20 32 0.011762291 
275 336 4 11 0.011751604 
302 818 21 31 0.011749888 
257 23 8 16 0.011735234 
347 97 10 17 0.011710414 
289 818 21 31 0.011697805 
489 367 8 14 0.011681224 
641 98 10 19 0.0116780475 
608 581 4 6 0.011654252 
619 645 5 7 0.01164584 
286 -29 6 18 0.01162806 
476 408 9 13 0.011608485 
768 239 11 21 0.011598772 
448 176 88 81 0.01159127 
632 409 8 13 0.011590041 
4 613 6 12 0.011576129 
463 267 7 17 0.011570141 
478 264 9 16 0.011549704 
578 189 33 57 0.011546878 
276 817 22 32 0.011529139 
629 1 10 11 0.011488145 
992 384 4 13 0.011480789 
298 331 6 12 0.0114795985 
278 262 3 7 0.011472106 
567 346 7 12 0.011452434 
637 387 21 21 0.011427412 
638 222 14 26 0.011426136 
543 303 10 16 0.0113962125 
979 267 8 13 0.011395245 
963 -28 8 19 0.0113947615 
301 243 7 10 0.011378454 
85 223 20 25 0.011372899 
534 818 18 30 0.011369906 
600 157 17 26 0.011367609 
167 57 1293 1236 0.011347422 
977 254 8 14 0.011337044 
157 -27 7 15 0.011329212 
555 206 167 176 0.011316207 
491 319 6 12 0.011307366 
3 -56 7 21 0.011297534 
390 397 5 14 0.01127347 
442 563 5 12 0.011240437 
969 435 4 14 0.011227789 
3 -69 6 21 0.011224814 
731 234 12 25 0.011201003 
106 -27 7 16 0.011199381 
845 36 92 99 0.011179577 
559 818 19 30 0.01116799 
547 818 18 30 0.0111641465 
591 0 10 12 0.011159672 
583 620 4 7 0.011123488 
4 484 6 16 0.011122585 
223 23 9 14 0.011114166 
618 294 8 13 0.011113919 
756 104 14 24 0.01111207 
660 38 18 31 0.011083821 
552 423 11 21 0.011078443 
8 828 19 34 0.011062849 
263 818 22 31 0.011062787 
910 -29 9 18 0.011059272 
8 700 77 80 0.01105338 
541 362 7 11 0.011051911 
952 251 8 14 0.01103175 
892 10 84 114 0.011014168 
633 576 5 8 0.011012008 
89 17 25 41 0.011004771 
556 362 6 10 0.010974431 
389 407 7 17 0.010923043 
685 355 10 16 0.010910924 
173 815 22 35 0.01089861 
603 0 10 12 0.010895363 
454 284 6 13 0.010888345 
39 -95 10 24 0.010887235 
718 239 9 17 0.010886717 
574 315 12 19 0.010879956 
370 393 11 21 0.010864706 
311 -11 7 11 0.01085901 
565 225 11 19 0.010828659 
186 816 22 33 0.010824365 
467 408 6 11 0.010805535 
18 387 6 8 0.010805337 
461 254 9 18 0.010791977 
61 235 12 22 0.010788729 
250 817 22 32 0.010777062 
584 420 7 12 0.010760071 
514 528 7 11 0.01075737 
452 430 8 13 0.010746502 
322 389 9 25 0.010742249 
885 45 12 23 0.010691841 
143 -43 10 20 0.01068692 
840 4 28 37 0.010681889 
314 265 17 22 0.010673528 
641 0 10 12 0.0106728785 
572 818 18 30 0.010643529 
18 422 6 12 0.010597873 
111 228 18 20 0.010595363 
473 233 16 23 0.010582305 
18 375 7 9 0.010581057 
475 369 10 16 0.010565713 
74 30 25 50 0.0105503695 
875 248 9 19 0.010548136 
352 -12 5 12 0.010533792 
160 815 23 35 0.010528837 
181 226 13 17 0.010522356 
3 -82 6 22 0.010513856 
352 549 5 17 0.010508153 
199 816 22 33 0.010506001 
300 258 7 11 0.010460544 
833 -32 9 21 0.010450095 
667 69 14 30 0.010445628 
99 226 21 23 0.010430582 
310 0 8 12 0.010425647 
284 -43 8 20 0.010423817 
56 9 90 119 0.010419346 
453 268 6 16 0.010403002 
967 668 5 11 0.010401172 
237 817 22 32 0.010396768 
630 292 8 14 0.010388275 
954 681 6 14 0.010386946 
993 704 19 47 0.010382924 
969 536 4 14 0.01037422 
297 306 7 12 0.010364121 
617 1 9 11 0.010361603 
1017 291 7 17 0.010353758 
967 239 9 15 0.01033688 
529 498 8 10 0.010335916 
681 -32 9 21 0.0103207035 
277 381 5 16 0.010308101 
147 814 23 36 0.010288407 
3 -95 6 22 0.0102817295 
864 166 27 52 0.010281361 
143 -27 8 15 0.0102377115 
512 403 12 16 0.010234073 
224 817 23 32 0.010227506 
402 396 6 16 0.010222956 
299 382 6 17 0.010222507 
1018 434 5 15 0.010222217 
559 51 141 173 0.010219477 
1017 652 6 15 0.010200511 
416 398 5 16 0.010162642 
310 335 8 10 0.010138505 
212 817 22 32 0.010133956 
444 360 3 11 0.01011474 
11 783 17 30 0.0101139285 
676 50 28 55 0.010102163 
540 139 10 18 0.010092278 
566 470 53 59 0.010090535 
710 424 5 11 0.010078871 
493 577 4 9 0.010070863 
1003 425 4 10 0.010066467 
259 214 7 14 0.010064724 
625 68 12 27 0.010063607 
5 563 6 14 0.010038133 
