35_Basketball_basketballgame_ball_35_64
3490
954 177 82 110 0.99958056 
32 243 52 70 0.99928635 
477 221 59 85 0.99883133 
299 231 53 91 0.9986632 
688 211 83 93 0.9980507 
588 201 72 93 0.9979533 
103 199 37 52 0.99795073 
389 67 21 32 0.99781835 
127 280 54 87 0.9977986 
97 126 23 34 0.99660033 
907 166 52 98 0.99548197 
807 184 35 48 0.9943165 
142 108 23 32 0.9923408 
623 7 20 27 0.99184376 
400 144 25 37 0.991501 
344 155 22 30 0.9893388 
415 10 21 32 0.9888904 
468 62 21 32 0.98822045 
274 129 23 30 0.9878592 
594 78 25 32 0.9846356 
537 15 22 37 0.9844766 
442 108 26 40 0.9828997 
657 106 31 41 0.9824865 
415 112 25 34 0.97875094 
33 155 23 28 0.9784226 
196 219 23 31 0.9686326 
452 4 20 29 0.9630801 
301 93 19 26 0.96291685 
493 156 29 42 0.95461696 
240 246 29 41 0.95286703 
246 164 23 32 0.9486507 
527 92 24 35 0.9485426 
208 8 15 26 0.948069 
870 61 21 32 0.9440332 
1 103 18 38 0.94245595 
213 105 24 29 0.9383922 
282 219 28 43 0.9363984 
24 77 19 26 0.93515545 
56 191 20 30 0.933926 
1 241 27 44 0.9297625 
89 38 17 25 0.91944015 
49 40 14 24 0.91534275 
152 141 22 31 0.91151077 
238 188 24 33 0.89529073 
453 45 17 29 0.88987994 
296 1 11 17 0.866025 
339 -2 18 23 0.8565767 
271 4 16 27 0.83220756 
183 78 24 30 0.82377064 
76 209 21 33 0.8152692 
202 49 18 23 0.81110936 
689 63 16 26 0.80754375 
265 96 20 29 0.80227774 
249 71 21 27 0.80022293 
493 7 16 26 0.7762216 
356 213 20 29 0.7182743 
191 169 18 29 0.69921833 
161 7 15 21 0.69392115 
68 -3 12 17 0.6574883 
444 206 15 22 0.5992267 
573 122 20 31 0.5822783 
279 289 19 27 0.5704481 
726 105 22 31 0.5680564 
567 197 30 46 0.55655533 
691 193 34 42 0.5335739 
583 137 21 33 0.4815512 
789 160 20 31 0.42679265 
613 33 21 30 0.42570695 
377 172 19 26 0.4029383 
212 120 25 31 0.39987096 
372 71 20 29 0.39494887 
240 65 18 24 0.38520837 
295 39 12 20 0.36240697 
7 216 18 29 0.34919018 
541 159 20 34 0.34751588 
153 72 19 28 0.31702852 
381 0 14 19 0.29411387 
341 38 15 23 0.28376308 
605 131 24 33 0.2783374 
209 56 21 29 0.2731789 
558 609 16 32 0.25255919 
72 111 19 28 0.22409043 
772 74 21 27 0.21285371 
496 123 20 30 0.21202426 
659 224 19 35 0.19596829 
737 118 24 32 0.18933198 
84 654 18 23 0.1849503 
632 132 20 31 0.17609297 
810 404 28 32 0.17267975 
429 9 18 25 0.17265713 
505 432 20 32 0.16777907 
623 145 20 32 0.16263178 
177 123 16 28 0.16071463 
651 37 14 28 0.15764059 
397 -1 13 18 0.15734759 
378 606 14 28 0.1564237 
428 481 21 35 0.15490882 
320 610 12 20 0.15300232 
153 46 15 23 0.15157208 
595 383 21 26 0.15050958 
893 381 17 23 0.14669938 
531 116 20 32 0.1439162 
198 184 19 29 0.1428529 
317 159 20 32 0.13812935 
274 113 20 30 0.13277961 
950 79 10 17 0.13208954 
121 9 16 26 0.13082413 
0 501 13 40 0.1277853 
160 46 17 26 0.12456816 
326 126 19 27 0.123614356 
140 74 16 23 0.118038565 
217 228 68 81 0.115628645 
230 3 10 17 0.114938684 
789 470 19 34 0.11450369 
961 -3 12 14 0.11415513 
646 56 17 32 0.11380181 
179 239 17 27 0.11280298 
843 50 15 19 0.112277605 
420 84 19 27 0.11124441 
316 135 18 28 0.108194746 
9 86 20 28 0.10755386 
621 126 20 30 0.10746766 
787 -1 15 22 0.10738632 
433 278 16 22 0.10703659 
327 1 10 14 0.10670954 
186 235 21 28 0.10571279 
695 68 20 30 0.10539976 
820 52 11 17 0.10438609 
303 8 13 20 0.10213527 
478 162 71 74 0.10108459 
328 202 21 27 0.10015944 
733 89 25 31 0.09973813 
0 303 17 35 0.099172 
349 167 22 30 0.09848171 
777 153 21 29 0.09733273 
195 71 23 28 0.09707606 
160 62 18 25 0.09693425 
733 582 58 86 0.09636581 
775 197 19 33 0.09482605 
87 448 20 24 0.094587654 
1015 2 10 18 0.09363279 
264 50 15 21 0.09357773 
882 302 11 19 0.09331521 
86 173 20 30 0.0929933 
904 382 17 24 0.0898421 
499 480 17 37 0.08965043 
48 57 17 25 0.08903859 
289 205 17 26 0.08843191 
655 669 11 14 0.087958984 
305 670 16 23 0.08698069 
956 76 13 23 0.08687782 
997 423 10 15 0.08592913 
224 86 19 27 0.08554109 
364 199 21 30 0.08538334 
164 237 72 77 0.08444364 
723 431 15 26 0.08386796 
998 684 9 10 0.08368387 
8 164 16 29 0.08297986 
209 247 23 35 0.08276926 
594 142 22 30 0.08201199 
296 -3 10 11 0.081940465 
0 164 14 28 0.08171167 
536 177 20 35 0.08156801 
428 73 17 28 0.08058641 
857 130 12 19 0.08012392 
97 657 15 20 0.07955378 
187 592 22 37 0.0785832 
96 454 22 29 0.07851284 
676 35 17 27 0.07843947 
800 165 21 26 0.07822493 
352 0 16 21 0.07817428 
685 36 17 27 0.07811406 
61 205 22 31 0.077841625 
985 1 12 16 0.07782505 
774 92 22 33 0.07779983 
989 684 10 10 0.07739109 
286 649 18 29 0.077372596 
550 600 19 31 0.077317156 
509 423 13 21 0.07702341 
1 446 9 23 0.0768407 
5 743 71 79 0.07626677 
755 -159 276 145 0.07623099 
972 0 11 14 0.07618636 
543 124 19 28 0.07614888 
610 116 19 25 0.07613211 
649 185 81 102 0.07519175 
513 87 14 24 0.075032696 
761 23 19 23 0.07498606 
381 123 19 29 0.07491555 
57 46 14 25 0.074625656 
309 86 20 28 0.07409504 
368 184 22 31 0.0740293 
8 502 13 39 0.07348743 
304 161 20 28 0.073007785 
916 382 17 27 0.0728999 
240 78 24 31 0.07222143 
509 38 14 20 0.071377754 
44 46 13 23 0.071329825 
708 170 90 89 0.071255 
201 483 21 38 0.07093383 
334 387 9 20 0.0706105 
259 62 20 24 0.070390165 
1013 85 13 25 0.0703877 
255 106 22 33 0.07027537 
816 156 15 19 0.06974017 
833 51 15 19 0.06962224 
33 662 19 32 0.06955989 
282 638 15 25 0.06943382 
384 585 13 32 0.0691745 
63 139 14 22 0.068998285 
699 1 18 21 0.068991326 
13 433 11 25 0.06873621 
330 405 14 27 0.06864247 
760 148 25 32 0.06824659 
799 87 17 27 0.067761354 
487 18 15 24 0.067269355 
637 32 18 32 0.06720425 
430 288 19 26 0.06703502 
383 281 12 21 0.066805996 
307 23 13 23 0.06677303 
188 64 20 25 0.0665534 
173 259 22 37 0.06644751 
508 9 14 22 0.06637104 
343 52 17 28 0.06629132 
849 224 22 30 0.066208236 
340 210 27 33 0.066181354 
1012 37 13 23 0.06603082 
394 459 13 20 0.06595191 
765 66 22 22 0.06590644 
597 176 24 33 0.06568916 
662 10 14 21 0.06558305 
136 481 20 37 0.06543706 
832 749 13 33 0.06539486 
686 75 22 32 0.06521873 
614 23 17 24 0.06509996 
1009 151 18 24 0.06508255 
565 114 17 27 0.0649692 
886 250 24 28 0.06484863 
432 62 15 23 0.06467413 
115 18 14 22 0.064301185 
790 679 19 20 0.064300716 
258 1 12 18 0.06384714 
390 197 19 35 0.0638461 
112 86 18 27 0.06335145 
71 85 19 30 0.063284494 
304 79 18 23 0.06323066 
55 13 10 17 0.06299107 
354 37 14 23 0.062960766 
290 175 19 29 0.06294813 
382 20 15 26 0.06290791 
218 271 14 28 0.06275684 
673 195 32 54 0.06267796 
631 1 20 25 0.062398322 
65 98 18 27 0.06231359 
789 94 19 30 0.062212545 
163 18 15 23 0.062117342 
179 36 13 20 0.06197202 
650 396 16 18 0.061572023 
461 213 16 25 0.06152759 
329 298 38 60 0.061420083 
50 29 12 20 0.060829904 
320 204 17 23 0.06080032 
330 160 21 28 0.060797874 
49 71 16 24 0.06072889 
857 53 14 18 0.0605951 
558 627 19 32 0.06056934 
662 668 13 18 0.060141128 
12 445 11 25 0.0598247 
343 28 12 17 0.059696585 
869 129 12 20 0.059527837 
198 203 21 29 0.059311163 
303 34 13 23 0.059230626 
245 2 11 18 0.059147228 
341 111 18 25 0.059135128 
777 54 14 19 0.05903754 
379 264 16 28 0.058878783 
1014 26 11 20 0.058851913 
39 -25 195 229 0.058821946 
560 57 15 30 0.058803786 
520 43 17 30 0.058646403 
562 524 14 32 0.0585932 
84 643 16 20 0.058487024 
317 24 13 21 0.058418345 
502 35 12 21 0.058386065 
291 76 16 23 0.05826629 
126 3 13 18 0.05819557 
300 226 19 29 0.058174532 
363 262 19 31 0.0580161 
557 438 27 32 0.058014195 
508 487 16 35 0.058008343 
97 87 20 27 0.0579451 
13 420 10 24 0.057867788 
319 678 11 17 0.057551213 
637 21 14 23 0.057475634 
386 457 14 23 0.057347514 
748 130 22 33 0.057264905 
819 692 12 17 0.05712952 
678 3 12 18 0.057112698 
1000 2 8 15 0.05706483 
819 751 14 32 0.056948785 
667 422 31 31 0.056934528 
604 35 18 25 0.0566616 
73 71 17 29 0.056629736 
787 76 17 25 0.056622766 
512 46 16 26 0.056205556 
201 455 17 27 0.05610304 
688 180 22 24 0.05589296 
125 413 17 33 0.055764783 
983 10 12 20 0.055670023 
505 408 9 19 0.055542525 
441 279 17 25 0.055404384 
934 11 11 23 0.055287834 
897 162 15 28 0.05527628 
395 654 14 21 0.055209544 
764 190 20 30 0.05519486 
284 -4 10 11 0.055059493 
788 393 89 92 0.054884695 
270 295 33 50 0.05487622 
63 8 12 19 0.05481628 
508 111 17 28 0.05478339 
657 676 11 17 0.054419067 
9 615 14 41 0.054357905 
179 26 11 18 0.054254808 
354 127 16 24 0.054189738 
407 -8 14 18 0.05414515 
238 285 77 86 0.053994544 
366 241 17 27 0.053922463 
323 436 26 26 0.053899944 
9 186 16 31 0.05382905 
562 683 9 12 0.053741526 
231 62 17 23 0.053495266 
100 526 37 61 0.053401414 
398 12 13 18 0.053370025 
473 591 12 17 0.05334614 
503 373 8 17 0.053257994 
460 506 12 27 0.053225737 
392 596 13 27 0.05318567 
938 88 12 20 0.053178366 
110 335 20 39 0.052999757 
314 76 16 22 0.052956417 
17 54 9 17 0.052878954 
866 509 213 206 0.052821655 
1017 639 10 20 0.05281335 
820 705 10 14 0.052782338 
693 3 13 19 0.052724194 
85 84 18 29 0.052717738 
11 484 11 28 0.052630797 
647 189 19 26 0.05258833 
356 60 16 26 0.052530054 
713 12 16 18 0.052525163 
509 409 11 22 0.052446295 
190 576 15 25 0.05239677 
653 11 13 21 0.052358426 
662 34 15 28 0.052343838 
899 617 9 18 0.052239053 
713 1 16 19 0.05223081 
637 199 41 69 0.052222323 
466 314 19 27 0.052099995 
925 13 11 21 0.052040294 
697 49 17 27 0.051980164 
740 368 16 25 0.05180772 
316 216 21 25 0.05153017 
77 437 14 20 0.051511247 
1 487 10 26 0.051510666 
278 189 20 28 0.051480968 
436 3 13 18 0.051442873 
125 89 16 22 0.051382102 
180 226 19 27 0.051376212 
852 249 25 29 0.05125403 
987 693 11 12 0.05116483 
187 107 21 29 0.051160686 
776 122 18 29 0.05111714 
179 126 87 87 0.051011432 
231 75 17 22 0.05099267 
79 454 16 27 0.050894737 
56 1 11 16 0.05084093 
328 113 19 26 0.050833367 
334 -4 13 15 0.05049496 
1 611 12 33 0.050481405 
378 194 20 34 0.050467823 
282 578 11 20 0.0503307 
991 424 10 14 0.050286092 
843 713 15 24 0.05024909 
384 448 12 20 0.050236385 
316 618 16 28 0.050024092 
213 136 20 35 0.049974944 
843 750 16 29 0.04988726 
829 157 13 18 0.049881905 
102 15 14 19 0.049863297 
99 144 82 79 0.049761184 
-8 -169 345 179 0.04972685 
15 23 9 23 0.049699135 
844 11 12 22 0.049522944 
14 -38 9 21 0.049453035 
472 39 14 21 0.049406834 
180 94 18 26 0.049380846 
1000 418 7 12 0.04937263 
13 10 9 25 0.049198687 
23 433 14 24 0.049009025 
305 65 15 20 0.049000025 
660 384 18 22 0.048936054 
34 64 16 22 0.048898645 
293 63 14 21 0.04879869 
472 576 14 24 0.048744142 
281 520 13 28 0.048666194 
76 9 12 20 0.04864293 
550 495 11 27 0.048594974 
676 176 20 28 0.048399847 
1016 667 9 16 0.048368506 
482 36 15 22 0.0483141 
14 1 10 20 0.04814442 
609 391 17 22 0.048142318 
662 174 18 27 0.048074495 
683 149 20 30 0.048058268 
334 681 9 13 0.04801355 
393 253 14 24 0.047993552 
778 223 16 31 0.047965333 
317 64 13 20 0.04793342 
342 394 11 24 0.0478111 
952 72 8 13 0.04774851 
387 419 10 24 0.047745757 
126 37 12 22 0.04773685 
1010 57 17 31 0.04773462 
269 41 12 17 0.04773137 
369 90 18 30 0.04762035 
7 292 17 28 0.04761736 
764 126 18 26 0.047603942 
16 -12 9 16 0.047559638 
80 27 11 19 0.04740546 
-29 678 308 328 0.047357112 
806 707 12 13 0.04725213 
242 11 11 17 0.047154296 
317 187 18 26 0.04707942 
13 472 9 24 0.04707348 
861 680 11 14 0.046929266 
2 79 11 20 0.04685794 
60 59 15 25 0.046847064 
60 71 17 28 0.04677898 
86 51 18 28 0.046743177 
15 -62 7 20 0.046724416 
361 73 15 23 0.046657875 
820 717 11 16 0.0466518 
314 728 23 20 0.046605397 
394 283 13 20 0.04659141 
805 690 14 16 0.046501964 
1007 308 22 30 0.046367098 
354 100 16 26 0.046364658 
6 315 19 40 0.04635729 
736 718 15 18 0.04635181 
481 620 16 26 0.04634196 
126 101 17 23 0.046341654 
293 658 18 28 0.04632412 
834 737 11 26 0.046297945 
551 681 13 14 0.046256356 
679 253 14 22 0.04624516 
181 457 11 21 0.046181105 
532 677 20 19 0.04612921 
205 517 84 126 0.04612117 
20 216 17 28 0.046099585 
85 72 15 26 0.046083577 
17 131 96 86 0.045970988 
262 374 21 41 0.04587652 
294 25 14 22 0.04578346 
996 431 13 24 0.04576846 
241 54 15 22 0.045700066 
1001 -5 7 11 0.045694083 
971 363 14 34 0.045597356 
354 234 20 29 0.045496963 
961 329 10 24 0.045481022 
15 -74 8 19 0.045454044 
370 446 12 19 0.04543762 
644 670 9 12 0.04532699 
919 371 12 21 0.045277946 
16 66 11 17 0.045191184 
187 152 18 30 0.04514931 
549 587 16 28 0.0450788 
882 12 10 18 0.045033265 
468 10 14 22 0.044950146 
823 412 24 33 0.04493585 
827 454 45 79 0.044889543 
931 126 12 21 0.044827644 
2 89 15 27 0.04480913 
64 127 14 22 0.044793155 
626 -6 12 13 0.04475407 
98 26 14 22 0.04469215 
16 380 9 26 0.04468887 
840 311 17 33 0.044670857 
395 243 13 21 0.044595886 
148 625 18 27 0.044592455 
580 669 8 12 0.044548996 
278 14 17 28 0.044494383 
23 629 14 29 0.044468783 
203 591 12 21 0.044438735 
24 -23 12 20 0.044400606 
924 128 10 18 0.04437191 
59 349 16 38 0.044286277 
961 625 12 19 0.04427191 
330 613 12 19 0.044242986 
662 189 17 26 0.044218235 
293 164 18 26 0.044214357 
950 329 9 24 0.04420459 
857 1 10 17 0.04415811 
525 1 16 20 0.044136316 
472 598 15 26 0.04413025 
383 436 12 22 0.044086672 
615 318 14 23 0.044037335 
659 203 20 34 0.044032376 
359 84 16 26 0.044023246 
138 87 16 22 0.043941043 
130 -7 9 12 0.043921847 
726 457 16 26 0.0438889 
507 470 16 31 0.043860044 
314 111 19 26 0.04385059 
271 -6 11 13 0.043822005 
29 209 79 73 0.043810647 
424 281 16 20 0.043806225 
521 437 15 22 0.04374413 
878 479 101 108 0.04372279 
409 461 12 19 0.043699786 
588 679 14 16 0.043685164 
753 36 18 22 0.043683082 
657 662 7 10 0.043659173 
166 576 13 22 0.04358624 
179 50 15 21 0.043434214 
832 305 15 25 0.043429974 
389 409 8 20 0.043390796 
767 54 16 18 0.043386865 
29 54 9 17 0.043363977 
737 728 17 19 0.04334186 
327 -3 8 10 0.04333428 
367 491 17 33 0.043329176 
360 439 13 17 0.04330837 
161 595 22 34 0.043270037 
871 280 13 17 0.043256015 
501 306 30 33 0.043250497 
949 342 10 24 0.04324456 
14 -49 8 20 0.043242272 
281 739 13 26 0.043147728 
737 707 14 18 0.043096002 
314 665 15 22 0.04305075 
976 13 11 18 0.043018784 
937 343 9 24 0.04300094 
505 383 8 19 0.04297455 
582 682 8 11 0.042927817 
322 690 11 16 0.042901915 
128 78 14 20 0.04286262 
280 558 12 25 0.042791132 
794 705 13 14 0.042790625 
16 -22 9 18 0.042774737 
739 0 16 19 0.042696625 
187 650 21 27 0.042684037 
159 154 19 30 0.042643774 
305 656 16 24 0.04263511 
318 705 18 21 0.04262912 
806 2 10 16 0.04261692 
959 314 13 28 0.042584848 
191 456 14 27 0.042575948 
15 -86 8 19 0.042575344 
897 42 9 13 0.04254676 
328 731 16 15 0.04250814 
649 419 51 64 0.04250617 
532 212 19 32 0.042425454 
89 441 14 17 0.04240108 
810 50 11 17 0.042354997 
160 79 20 29 0.042335495 
999 153 15 21 0.04229949 
804 682 12 15 0.042286243 
81 48 14 22 0.04222239 
883 139 10 17 0.04222042 
462 306 16 24 0.042187985 
382 244 14 21 0.042168237 
561 148 14 26 0.04208455 
1013 112 13 25 0.042046394 
409 667 14 15 0.041987453 
156 23 12 19 0.041975494 
868 678 16 20 0.041940313 
267 519 15 31 0.041926216 
881 438 17 38 0.04192409 
962 345 9 21 0.041811597 
804 11 11 20 0.041806195 
540 95 21 31 0.041788485 
390 120 82 66 0.04178626 
88 2 11 16 0.041709755 
308 602 16 22 0.041667823 
789 124 15 25 0.041632216 
568 609 17 31 0.041597422 
393 266 14 23 0.041588083 
728 1 16 18 0.04154485 
730 412 10 18 0.04152281 
893 356 14 26 0.041501604 
857 42 12 15 0.041469187 
795 52 11 17 0.04145617 
727 13 17 18 0.041381847 
619 383 21 24 0.041379604 
834 13 12 20 0.041333057 
583 187 40 57 0.041270506 
320 49 12 20 0.041241698 
714 440 18 26 0.04122263 
686 603 93 108 0.041219972 
192 38 15 21 0.04120277 
146 221 19 33 0.04116258 
229 193 68 79 0.041130524 
778 37 14 20 0.04112032 
140 634 19 25 0.04103842 
961 25 10 20 0.0410262 
598 161 21 29 0.04101882 
17 40 7 18 0.0409982 
719 354 10 25 0.04099802 
510 382 10 23 0.040980417 
778 25 14 20 0.040978458 
121 671 22 28 0.04096845 
912 43 9 12 0.040956147 
753 1 15 17 0.040917736 
599 471 14 28 0.040897865 
808 713 12 16 0.040888116 
3 425 7 19 0.040749725 
146 748 26 34 0.04072538 
4 207 11 20 0.040710382 
741 359 12 20 0.040584534 
934 355 11 25 0.040554143 
336 29 11 16 0.040510736 
1 474 8 23 0.04047915 
293 586 15 27 0.040470865 
507 458 15 23 0.040408097 
884 130 10 16 0.04032666 
289 626 16 26 0.040303882 
957 637 13 22 0.040237665 
836 454 21 34 0.04021465 
280 509 11 24 0.04013199 
901 629 7 17 0.040043876 
573 328 14 33 0.04001399 
834 647 10 31 0.03993548 
961 365 13 32 0.039867193 
329 722 14 15 0.03984524 
710 72 19 28 0.039825317 
973 38 11 20 0.039820954 
919 652 15 22 0.039801538 
157 -7 12 14 0.039787933 
322 396 12 20 0.0397527 
772 249 18 31 0.039745037 
921 291 10 20 0.03974149 
212 459 16 24 0.03970284 
997 691 11 12 0.039650112 
824 399 21 23 0.03962993 
961 68 9 17 0.039615195 
972 21 12 23 0.039614778 
854 266 18 20 0.039548688 
358 23 12 20 0.039541714 
425 657 9 13 0.039501224 
163 -6 14 16 0.039499734 
90 15 12 17 0.039486606 
959 393 13 26 0.03948004 
395 417 11 27 0.0394762 
431 303 16 24 0.03946536 
344 386 9 19 0.039437845 
619 -8 11 14 0.03943696 
147 252 20 30 0.03940992 
218 29 209 182 0.03940821 
984 708 12 12 0.039396495 
204 575 12 23 0.039318155 
423 -5 11 14 0.039293926 
575 159 16 27 0.03925726 
335 667 11 14 0.039246675 
741 408 12 18 0.03922336 
645 661 7 10 0.03920948 
404 516 21 42 0.039163504 
267 691 11 15 0.039151356 
422 292 17 23 0.039145436 
736 419 133 210 0.039076418 
395 226 14 24 0.03905172 
744 449 12 17 0.039027024 
968 122 15 28 0.039017323 
1007 292 22 30 0.039005756 
81 632 9 16 0.038935915 
731 357 10 19 0.038911425 
290 528 16 37 0.038896795 
1017 -7 8 15 0.038863257 
844 665 11 22 0.038834825 
849 4 7 13 0.03880468 
608 156 24 32 0.038801927 
738 13 18 19 0.03875595 
34 128 17 25 0.038716316 
219 99 92 89 0.038678665 
975 50 9 17 0.038650475 
373 7 14 20 0.038635544 
304 48 12 20 0.038603798 
962 549 51 76 0.038597357 
87 631 12 20 0.03853186 
358 266 76 100 0.038527172 
797 574 9 17 0.038460724 
116 192 70 76 0.038419068 
88 593 13 35 0.03839858 
526 614 13 22 0.03836565 
354 254 20 28 0.038293462 
301 185 20 29 0.03827063 
885 4 8 16 0.038269047 
141 10 12 20 0.03824892 
552 691 11 12 0.038244274 
149 483 14 31 0.038223177 
699 95 19 31 0.038127325 
920 303 11 24 0.038109545 
269 508 14 26 0.038102627 
99 440 15 19 0.038099714 
25 503 15 40 0.03809956 
183 485 9 22 0.038099192 
858 279 13 18 0.038064696 
76 580 13 34 0.038050205 
111 360 17 34 0.038047526 
702 621 31 69 0.03803437 
949 316 11 24 0.038032092 
344 667 11 15 0.03795689 
645 403 24 27 0.0379282 
777 601 17 27 0.037869643 
885 163 14 27 0.03783512 
1012 125 14 25 0.037827615 
145 39 11 20 0.03781185 
1 187 12 25 0.03778462 
869 152 12 23 0.03772392 
790 66 12 17 0.03771185 
819 724 13 26 0.037620943 
1015 685 8 11 0.037599225 
482 601 13 21 0.03759214 
1 2 8 20 0.037588276 
918 407 16 26 0.037545457 
35 433 13 23 0.03754437 
486 116 16 22 0.03753736 
673 162 22 28 0.03752284 
77 425 11 20 0.037484948 
394 469 14 25 0.0374641 
395 433 12 24 0.03745499 
715 455 14 23 0.03744875 
728 78 16 22 0.037442535 
269 443 18 25 0.037414283 
648 160 20 31 0.03738016 
819 75 11 21 0.037374467 
385 -5 12 15 0.037368488 
240 458 19 25 0.037359346 
13 -131 13 24 0.037355207 
753 51 17 20 0.037321627 
214 41 15 20 0.037311967 
341 125 20 26 0.037304405 
24 -38 12 21 0.0372405 
1014 694 11 14 0.03720702 
753 15 16 17 0.037191536 
433 654 11 17 0.03716264 
34 501 18 44 0.037153777 
921 138 14 22 0.037087575 
50 207 17 29 0.037077297 
194 482 12 29 0.037056018 
909 615 10 19 0.03705292 
141 -38 12 21 0.0370244 
65 432 15 27 0.036996253 
634 155 20 33 0.036976926 
204 436 13 22 0.03697377 
984 155 16 21 0.036959022 
715 116 20 32 0.036920372 
319 407 16 26 0.03687559 
820 684 10 13 0.036852933 
240 23 12 22 0.03684786 
992 466 16 32 0.03684258 
85 461 22 38 0.03682342 
182 468 10 24 0.036816377 
858 152 12 20 0.03681105 
908 313 11 24 0.036809787 
909 277 13 23 0.03680799 
562 650 13 20 0.036804862 
442 482 16 30 0.03675839 
1017 651 9 21 0.03672617 
860 102 11 20 0.03668262 
652 26 12 20 0.03667248 
411 657 11 15 0.036665507 
780 564 13 22 0.0366616 
437 -5 10 13 0.036611166 
300 431 48 52 0.036594912 
9 526 14 42 0.03658863 
599 115 18 26 0.03656106 
59 150 16 25 0.03653322 
742 475 14 39 0.0365327 
141 -24 11 18 0.036529165 
971 623 13 18 0.03652766 
793 7 13 21 0.036463935 
741 455 17 28 0.036463514 
224 139 19 34 0.036454637 
622 742 15 25 0.03644649 
959 165 17 28 0.036432676 
833 510 40 90 0.03642552 
153 -39 13 21 0.036404572 
857 112 13 22 0.036367733 
0 522 14 41 0.036364976 
204 333 11 19 0.03634859 
448 448 13 20 0.036347106 
153 165 78 84 0.0363361 
457 446 14 23 0.03628131 
394 174 17 25 0.036280345 
177 667 17 19 0.036278587 
933 96 12 23 0.03621211 
848 216 71 88 0.036203865 
868 484 45 94 0.036100596 
622 53 20 29 0.036098443 
583 116 20 28 0.036085393 
43 2 10 16 0.036071587 
185 271 18 33 0.036045134 
14 -101 8 21 0.03602182 
141 147 20 29 0.03601069 
1014 424 10 16 0.03600587 
804 78 14 22 0.035999395 
589 669 11 14 0.035956975 
303 586 18 27 0.035940483 
136 740 21 27 0.035866316 
963 35 10 20 0.03586167 
641 397 16 17 0.035857674 
699 36 16 25 0.035849545 
13 366 10 28 0.035844687 
22 185 18 32 0.03584398 
837 617 7 14 0.035841525 
275 92 18 22 0.035834026 
501 360 9 19 0.035818327 
425 272 12 18 0.03580367 
831 59 14 20 0.035794977 
178 2 11 17 0.035789695 
460 291 17 27 0.03578829 
185 137 17 26 0.03576202 
866 218 13 20 0.035761345 
509 370 11 23 0.0357522 
833 682 9 14 0.035700984 
886 153 11 22 0.035690445 
436 450 11 19 0.035667814 
728 25 16 18 0.035666034 
408 293 14 20 0.035636544 
510 23 14 23 0.035616487 
911 1 9 18 0.035592385 
637 111 17 28 0.03559152 
154 -23 11 17 0.0355907 
552 509 10 24 0.03553832 
329 420 16 22 0.03549753 
742 438 11 17 0.03549247 
215 363 16 31 0.03548318 
191 279 67 92 0.035475634 
454 426 17 33 0.035446107 
923 44 8 12 0.03544304 
320 653 12 20 0.03544141 
714 84 20 29 0.035403315 
779 4 17 23 0.03539277 
420 503 17 29 0.035387415 
883 315 11 21 0.035351492 
321 563 12 25 0.035343397 
913 645 8 14 0.035300694 
249 469 20 29 0.035279654 
763 170 22 33 0.035253663 
936 23 10 19 0.03525315 
218 723 9 12 0.035203483 
328 706 15 18 0.035195515 
305 396 14 23 0.035186004 
454 380 26 38 0.03516639 
213 448 15 22 0.03516212 
252 446 19 26 0.035147496 
859 60 18 27 0.035143618 
885 30 9 14 0.035100125 
317 633 15 25 0.035083834 
444 219 19 31 0.03508156 
116 5 13 16 0.035073616 
973 64 10 18 0.03506209 
936 319 9 22 0.03505802 
640 388 14 17 0.035044976 
25 -49 10 19 0.035040155 
203 147 17 30 0.03500857 
754 65 18 21 0.034985986 
269 711 9 11 0.03497936 
326 240 66 97 0.034973707 
181 67 15 20 0.03496843 
204 416 13 27 0.03495198 
937 332 8 21 0.03492141 
109 445 18 25 0.034898724 
341 406 13 24 0.03486272 
862 228 20 25 0.034860842 
666 61 15 25 0.034857344 
211 470 19 29 0.034839265 
199 652 16 20 0.03481188 
382 493 13 28 0.034763932 
794 673 11 13 0.034751847 
368 126 18 26 0.034733858 
306 -5 10 12 0.03471695 
590 49 13 21 0.03465551 
615 636 18 26 0.034631975 
182 498 10 24 0.034628354 
159 111 17 27 0.034621984 
98 670 20 27 0.034617282 
922 317 9 23 0.034610033 
920 279 12 22 0.034579974 
238 480 23 31 0.034540866 
679 756 11 20 0.0345343 
167 399 15 33 0.034519996 
420 304 17 24 0.034511924 
199 607 17 30 0.034507558 
261 9 12 20 0.034491837 
851 130 10 17 0.034474906 
123 636 47 61 0.03446367 
793 714 13 15 0.03446337 
636 176 19 27 0.03446318 
291 557 15 28 0.034443263 
377 592 10 21 0.03443409 
410 270 12 18 0.034407664 
30 41 9 17 0.034390878 
740 24 17 20 0.0343908 
280 50 14 18 0.034341183 
667 659 9 13 0.034334444 
24 -63 11 19 0.034313954 
565 693 10 10 0.034253843 
343 88 15 24 0.034228407 
787 426 9 15 0.034224436 
892 449 19 36 0.034191765 
808 756 12 23 0.034168143 
431 505 16 27 0.03416811 
848 410 89 91 0.034129415 
921 50 10 16 0.034124795 
898 141 9 15 0.03411245 
1001 675 8 10 0.03409702 
497 -6 13 16 0.03408984 
205 393 11 26 0.03408755 
663 263 19 34 0.034070976 
61 371 16 41 0.03406275 
323 387 10 19 0.03404847 
941 427 19 32 0.034046285 
499 101 17 27 0.03402929 
394 624 13 23 0.03402236 
76 60 15 24 0.034020744 
603 25 15 21 0.034009296 
485 472 11 23 0.03394994 
199 14 10 15 0.033921897 
716 -9 13 16 0.033912394 
969 74 12 21 0.03390463 
994 165 19 22 0.033892997 
688 383 15 24 0.033877607 
243 405 173 137 0.033874325 
619 655 10 14 0.03385124 
179 204 15 25 0.033821765 
394 222 73 100 0.03381959 
388 397 8 18 0.033811 
803 253 18 28 0.033805054 
699 164 20 26 0.03379518 
262 164 16 25 0.03378784 
280 75 17 23 0.033776607 
1017 632 8 14 0.03375846 
165 470 11 23 0.03374697 
819 88 11 20 0.03371374 
855 11 12 22 0.033697486 
588 372 19 25 0.03369417 
703 340 13 29 0.03366375 
900 3 7 16 0.033657942 
254 82 28 35 0.03365721 
48 481 17 32 0.03365486 
702 -8 14 17 0.033594675 
405 199 16 30 0.03358867 
931 418 18 29 0.03358306 
128 -25 12 20 0.033571307 
409 284 12 17 0.03355881 
177 14 11 16 0.033525895 
911 29 8 14 0.033520382 
34 446 14 23 0.033506785 
281 597 12 25 0.03349823 
628 658 9 12 0.03348691 
24 171 17 28 0.033486184 
950 27 9 17 0.03345456 
162 187 18 29 0.033405326 
957 651 14 22 0.033403132 
742 509 12 30 0.03338949 
792 265 15 25 0.033384003 
108 688 24 26 0.03338226 
950 39 8 15 0.03337112 
231 331 12 19 0.033368748 
949 396 12 22 0.033331245 
228 52 15 21 0.033325642 
690 504 131 187 0.03331928 
895 297 10 17 0.033308398 
423 216 14 22 0.03325367 
373 619 13 24 0.03324757 
930 382 14 26 0.0332212 
834 725 11 22 0.033189837 
61 490 14 35 0.033189744 
881 281 13 18 0.033171527 
242 315 16 29 0.033142406 
144 -8 9 12 0.033089526 
844 264 17 24 0.03308828 
22 660 19 33 0.033088002 
408 481 20 31 0.033084974 
89 290 14 28 0.033078354 
933 114 11 19 0.03304227 
249 208 19 31 0.033037517 
712 147 19 32 0.033032626 
419 326 17 33 0.033022314 
282 616 10 17 0.033013657 
50 403 13 30 0.032986905 
78 611 10 26 0.032961294 
973 345 10 20 0.032932326 
571 104 16 24 0.032921016 
161 741 24 28 0.032913305 
738 78 19 24 0.03290729 
843 216 17 25 0.032867447 
702 589 12 23 0.032844223 
741 51 17 21 0.03283847 
714 769 17 21 0.032827426 
741 345 10 19 0.032815922 
805 143 13 17 0.032812398 
419 223 15 26 0.03279933 
37 423 12 22 0.032799065 
973 332 10 20 0.032798287 
867 269 16 17 0.03279646 
902 453 20 32 0.032773703 
846 70 14 24 0.03277192 
1002 14 8 14 0.03272058 
331 690 12 16 0.032679386 
144 4 10 15 0.032668266 
592 39 12 20 0.032661263 
878 415 18 34 0.032651458 
885 43 10 14 0.032647077 
439 613 13 21 0.03264344 
720 189 26 28 0.032632604 
837 45 10 13 0.03263214 
357 679 11 18 0.032621842 
705 385 10 21 0.032620706 
973 411 11 18 0.03259486 
409 433 11 23 0.032585427 
561 667 13 18 0.032521397 
162 620 16 27 0.032512035 
257 41 13 18 0.032478783 
739 743 16 21 0.032442484 
924 91 13 21 0.032426015 
342 439 18 18 0.032425497 
102 610 11 24 0.032417733 
588 316 12 27 0.032407224 
897 102 10 19 0.032380484 
344 73 15 22 0.03237774 
204 319 12 23 0.03236562 
753 448 14 20 0.032363992 
561 509 13 31 0.032359313 
76 376 13 34 0.03235866 
407 225 14 25 0.032355927 
11 658 16 34 0.032350827 
738 756 18 24 0.032340486 
383 522 11 29 0.032340206 
149 167 18 30 0.032288186 
999 112 12 24 0.03225723 
339 478 21 38 0.032247845 
668 730 10 16 0.032223582 
741 -9 14 16 0.03220889 
930 138 14 24 0.032204397 
855 740 17 24 0.032167144 
520 492 13 29 0.03216564 
434 49 15 24 0.03216482 
352 139 19 27 0.03215122 
985 23 10 19 0.03210517 
554 527 9 21 0.032091506 
36 653 14 24 0.032072533 
897 604 10 22 0.03206935 
129 66 12 18 0.03206283 
303 204 16 22 0.032061514 
558 160 15 29 0.03202772 
801 455 18 32 0.03200715 
1003 90 9 17 0.032000482 
179 576 15 23 0.031999346 
970 392 12 26 0.031995326 
924 116 10 16 0.031973287 
175 147 16 28 0.031953897 
422 461 14 20 0.03194479 
43 14 10 17 0.03192329 
407 337 17 35 0.031898785 
484 637 13 19 0.031891722 
138 702 14 19 0.03187949 
642 683 10 12 0.031876583 
166 484 10 24 0.031853538 
216 733 13 15 0.031844754 
11 594 14 39 0.031831544 
702 25 14 18 0.031812765 
801 107 16 28 0.031781953 
858 30 10 16 0.031778943 
911 650 13 22 0.03176929 
410 420 10 23 0.031708315 
860 -6 7 11 0.031698942 
795 26 10 16 0.031683642 
986 51 9 18 0.03165004 
910 140 11 17 0.03164959 
886 355 13 24 0.03163233 
910 52 10 14 0.031627484 
870 208 10 15 0.031623553 
789 601 13 21 0.03160169 
615 -22 12 18 0.03159995 
32 620 16 32 0.031591628 
203 342 13 23 0.031586792 
397 355 11 24 0.03157751 
317 588 14 25 0.031577047 
894 329 11 26 0.031575244 
9 562 16 45 0.03156661 
897 305 10 20 0.03149084 
37 -24 11 19 0.03147616 
1003 50 11 20 0.0314757 
131 111 16 24 0.031443305 
425 450 10 18 0.031424217 
533 194 19 32 0.031405903 
924 25 9 16 0.031388592 
472 2 12 19 0.031383764 
628 734 9 14 0.03137171 
626 581 10 15 0.03135541 
141 613 15 24 0.031341042 
445 416 18 32 0.031334057 
935 303 10 23 0.03132268 
23 648 14 27 0.03129604 
986 431 14 23 0.031291593 
887 344 10 22 0.031280987 
396 21 14 23 0.031236034 
266 481 14 30 0.031222168 
48 664 14 24 0.031219833 
164 376 17 35 0.031217493 
364 288 18 28 0.031217223 
750 729 19 20 0.031214109 
22 375 15 35 0.031189682 
237 525 24 41 0.031180622 
739 62 18 23 0.031180296 
754 -8 13 15 0.031175703 
691 369 11 23 0.031172255 
153 558 14 28 0.031146608 
991 677 6 8 0.031104397 
306 561 14 29 0.031101946 
373 -5 12 14 0.03109318 
805 575 10 17 0.03108523 
839 410 16 20 0.031077487 
152 606 18 32 0.031054882 
203 303 13 27 0.031045454 
911 131 10 15 0.031029833 
558 311 18 34 0.03102757 
380 93 16 27 0.030998616 
157 590 13 22 0.030998368 
388 382 9 20 0.030990835 
23 455 15 26 0.030990005 
870 165 11 22 0.030969761 
40 -9 10 14 0.03095081 
670 754 9 22 0.030946445 
897 131 9 15 0.030939747 
562 48 94 96 0.030928833 
591 145 74 78 0.030925674 
766 15 14 17 0.03089113 
322 536 11 26 0.030887743 
833 694 9 14 0.030881213 
729 -9 14 16 0.030869363 
470 508 13 27 0.03086079 
732 348 9 17 0.030840516 
986 40 10 18 0.030835256 
782 -5 13 15 0.030821484 
317 422 19 25 0.030817384 
489 484 11 27 0.030778658 
215 203 15 24 0.03075709 
396 482 13 27 0.030725066 
640 -8 11 14 0.03071578 
285 734 8 13 0.030714938 
716 746 13 15 0.030710595 
740 392 14 22 0.03069285 
783 717 11 14 0.030687502 
114 663 20 26 0.030673716 
1001 101 11 18 0.030671788 
933 277 12 24 0.030668847 
729 757 13 20 0.030650118 
793 -6 11 13 0.03064176 
447 338 13 32 0.030640492 
822 14 10 17 0.030628067 
153 472 11 23 0.030623008 
660 409 21 24 0.030622182 
115 -26 12 21 0.03060436 
784 459 13 25 0.03059698 
1011 434 12 23 0.030578868 
163 251 21 32 0.030561417 
573 302 14 26 0.030544927 
382 228 15 22 0.030535216 
888 618 7 14 0.030534327 
51 375 13 36 0.030524205 
85 497 18 44 0.030517133 
387 357 10 20 0.030511333 
209 215 20 30 0.030502774 
750 155 23 35 0.030488225 
435 240 13 25 0.030483263 
164 560 15 28 0.030472556 
26 0 11 19 0.030467961 
792 432 17 23 0.030463822 
850 139 10 17 0.030445542 
612 480 13 33 0.030441204 
102 323 19 38 0.030436039 
411 453 9 16 0.03041536 
124 651 21 28 0.030406015 
123 364 18 32 0.030405372 
165 -39 13 21 0.030400854 
626 -22 13 18 0.030384786 
205 459 90 101 0.030381102 
517 197 21 32 0.030353488 
449 74 13 23 0.030351156 
991 417 8 13 0.030323466 
897 316 10 21 0.03032294 
189 615 18 30 0.030294107 
612 56 18 28 0.030293444 
886 330 9 20 0.030289372 
63 25 10 19 0.03028153 
832 143 10 15 0.030279163 
255 365 17 34 0.03027429 
129 -38 12 22 0.0302614 
590 480 13 29 0.030260801 
168 509 10 24 0.03025522 
438 605 11 18 0.03025358 
799 477 18 35 0.03025088 
288 308 19 32 0.030248886 
2 -37 8 20 0.030248014 
923 67 10 17 0.030234195 
753 409 12 18 0.030227702 
795 41 10 16 0.030217027 
38 471 14 23 0.030198878 
797 204 73 90 0.030187074 
139 503 15 25 0.030164773 
831 72 13 23 0.030151729 
271 735 9 13 0.030144462 
292 107 18 26 0.030143531 
837 5 8 12 0.030135132 
612 455 15 28 0.030128626 
13 -117 10 22 0.030110795 
156 577 11 20 0.030084157 
229 36 13 22 0.030071918 
473 23 12 22 0.030066501 
240 97 19 27 0.030065622 
134 172 19 30 0.030061996 
293 392 16 30 0.030059993 
835 130 9 16 0.030026054 
12 151 15 27 0.030020894 
230 21 12 21 0.030020533 
910 91 10 17 0.030013995 
701 117 86 80 0.030004721 
284 39 14 19 0.029993463 
73 138 15 23 0.02999204 
923 361 9 18 0.029991029 
306 382 12 25 0.029984083 
664 22 13 25 0.029968683 
922 643 11 16 0.029965471 
912 632 7 15 0.029963344 
99 388 17 36 0.029936247 
962 114 12 22 0.02993602 
871 444 15 29 0.029915199 
574 638 12 21 0.029902237 
803 442 18 28 0.029898295 
52 461 12 20 0.029872812 
964 619 11 16 0.029862646 
146 202 19 29 0.02985127 
124 609 20 31 0.029822612 
424 418 10 26 0.029802766 
770 0 16 20 0.029793954 
984 356 13 26 0.029775186 
157 464 9 15 0.02977454 
751 395 13 20 0.02973887 
82 38 13 19 0.029737331 
335 59 13 22 0.02972557 
922 630 46 65 0.029712904 
621 171 22 31 0.02968722 
962 51 10 18 0.029686067 
621 406 24 28 0.029685393 
819 101 11 19 0.029639542 
589 695 15 14 0.029606912 
419 666 15 18 0.029605001 
792 591 11 18 0.029595722 
450 -6 12 16 0.02958917 
369 456 15 25 0.029573087 
47 129 15 22 0.029569048 
36 480 17 31 0.02956588 
912 293 9 17 0.029549645 
252 520 19 35 0.029534109 
972 432 15 24 0.029512985 
971 155 16 22 0.029507723 
387 368 10 23 0.029495621 
229 418 14 22 0.029445669 
371 166 16 24 0.02944442 
962 155 13 21 0.029439012 
89 391 14 31 0.029438842 
354 147 89 91 0.029431848 
584 339 16 34 0.029420212 
163 225 17 31 0.029413301 
47 499 18 45 0.029402122 
957 418 16 27 0.029391455 
706 367 9 24 0.029382821 
995 292 21 30 0.029379057 
320 12 11 16 0.029366605 
177 561 15 27 0.029363152 
264 227 28 47 0.029355953 
803 127 14 22 0.0293547 
27 25 10 22 0.029334843 
213 433 16 25 0.02933172 
562 132 16 28 0.029322855 
718 574 13 24 0.029322693 
471 633 16 23 0.02931335 
845 638 9 25 0.029292138 
716 24 14 19 0.029287133 
795 759 13 18 0.029248446 
511 522 16 33 0.02924372 
986 114 12 23 0.029223109 
877 675 20 29 0.02921735 
890 427 21 38 0.029213527 
243 449 16 21 0.029202547 
201 470 162 224 0.029198114 
37 -37 12 20 0.029189503 
105 630 10 18 0.029146567 
773 473 36 87 0.029139666 
752 75 25 27 0.029120887 
1003 39 11 20 0.029116217 
22 402 15 31 0.029108513 
211 174 19 29 0.029096156 
941 82 9 14 0.02909271 
618 109 76 72 0.029075159 
293 738 13 29 0.02905318 
395 642 12 19 0.029049547 
947 366 12 28 0.029047638 
614 549 9 26 0.0290387 
295 610 14 23 0.029037813 
100 297 18 35 0.029037403 
946 406 14 24 0.02903321 
694 591 9 19 0.02901263 
459 322 16 32 0.029001636 
559 423 23 27 0.028997568 
118 -7 9 13 0.028989429 
1003 61 10 21 0.028988037 
786 437 10 17 0.028972032 
792 444 17 27 0.028969172 
580 695 10 11 0.028958604 
431 519 17 34 0.028958563 
1010 324 17 27 0.02894702 
909 601 11 23 0.028937092 
355 482 18 31 0.028926047 
980 164 22 27 0.028910913 
675 383 17 23 0.02890989 
482 326 16 28 0.028882302 
951 720 22 16 0.02887234 
536 690 16 13 0.028872257 
850 -3 6 9 0.028862862 
725 768 20 26 0.02883642 
218 509 40 76 0.028821629 
875 295 11 20 0.028810112 
194 26 11 17 0.028786339 
24 -75 11 19 0.02878528 
143 25 10 18 0.02877025 
841 168 12 19 0.028737906 
194 437 11 19 0.028737828 
911 14 9 16 0.028722893 
766 562 17 26 0.028705897 
807 26 10 16 0.028695004 
132 342 79 106 0.028694877 
563 351 13 32 0.02868568 
974 422 13 20 0.028683186 
674 227 17 29 0.028661614 
102 -25 12 19 0.028651077 
354 183 21 29 0.02864827 
308 637 13 23 0.028647002 
476 471 12 23 0.028632466 
650 370 17 23 0.02862976 
988 -4 9 11 0.028620265 
359 429 10 16 0.028617335 
836 627 8 19 0.028600652 
882 263 17 22 0.028600022 
407 363 15 33 0.028589632 
292 365 14 31 0.028588971 
751 742 17 20 0.028578192 
605 15 12 18 0.028565798 
372 23 15 22 0.028562259 
716 756 13 17 0.028561277 
741 422 11 19 0.028557787 
909 327 11 27 0.028547114 
573 48 15 27 0.028533895 
867 355 14 28 0.028521504 
34 335 17 34 0.028520215 
136 405 17 35 0.028484125 
167 461 10 17 0.02848214 
1 22 8 25 0.028479269 
854 753 16 24 0.028477117 
880 96 14 25 0.028458554 
451 511 10 22 0.028428985 
717 328 14 25 0.028410086 
484 653 13 17 0.028403157 
463 576 12 21 0.028395941 
924 331 9 20 0.028369844 
981 473 19 38 0.028349876 
957 94 14 26 0.028344557 
92 378 85 106 0.028321272 
742 39 16 20 0.028309407 
561 587 13 28 0.028307818 
756 438 10 16 0.028300676 
396 393 10 23 0.028299296 
895 88 12 19 0.028298886 
552 667 14 18 0.02829848 
435 254 13 23 0.02826405 
679 732 10 14 0.028257234 
691 -25 13 19 0.028211651 
765 107 20 28 0.02820399 
752 479 14 35 0.028195007 
137 690 17 20 0.028163778 
445 239 16 29 0.02813673 
909 102 10 17 0.028135845 
448 459 13 20 0.028092256 
571 523 14 30 0.028071214 
970 140 14 23 0.028061671 
815 263 92 113 0.028048309 
350 682 8 13 0.028027026 
306 352 14 32 0.028023792 
474 498 10 22 0.028016385 
155 541 13 29 0.028001647 
848 28 9 16 0.027976695 
206 367 12 24 0.027974647 
166 733 15 17 0.027958436 
309 688 13 17 0.02794772 
180 510 10 22 0.027926596 
670 744 8 16 0.027913872 
218 301 13 26 0.02791034 
615 563 9 22 0.027905116 
52 434 12 22 0.027897032 
255 535 83 118 0.027894355 
241 39 13 19 0.027886307 
334 371 11 24 0.027867492 
500 87 16 24 0.02785138 
273 576 10 19 0.027850239 
1016 415 8 15 0.027836798 
215 418 14 25 0.027833112 
677 765 15 30 0.027815023 
861 672 10 15 0.027814196 
717 423 16 24 0.027794857 
718 368 9 23 0.027786482 
1003 27 10 16 0.02778046 
202 287 15 29 0.027771872 
117 655 13 18 0.027760679 
331 568 12 26 0.02775846 
334 657 11 15 0.027750729 
354 455 18 25 0.027749304 
1 52 8 19 0.02774847 
739 687 13 21 0.027737439 
2 -50 8 21 0.027712729 
423 434 10 22 0.027700365 
611 533 12 29 0.027689066 
73 512 184 179 0.027688537 
928 671 52 53 0.027685793 
48 606 15 33 0.027675314 
823 5 7 12 0.02767124 
756 424 10 17 0.02766562 
968 164 21 29 0.027606837 
627 566 9 19 0.027591063 
599 489 16 36 0.027586106 
422 613 12 21 0.02758568 
383 546 11 30 0.027566595 
872 417 15 26 0.027556567 
421 239 13 24 0.027554806 
397 505 14 29 0.027540166 
677 -24 13 18 0.027521955 
51 340 14 30 0.027515886 
376 399 6 15 0.027515862 
880 483 16 30 0.027475445 
945 92 14 27 0.027467187 
713 50 15 23 0.027464584 
701 498 12 25 0.027455108 
951 53 9 16 0.02744252 
360 410 9 18 0.027423391 
37 461 13 20 0.02741819 
231 176 19 27 0.027413728 
785 448 11 20 0.027408218 
1010 364 16 33 0.02740073 
874 3 9 16 0.027396964 
778 275 15 30 0.027392454 
163 718 15 18 0.027387822 
560 492 15 32 0.027382456 
694 581 8 14 0.027356857 
729 747 11 16 0.027313914 
525 409 10 21 0.027303107 
512 357 11 24 0.0273005 
726 574 15 25 0.02729288 
432 460 15 22 0.027282584 
814 252 19 30 0.02726207 
414 627 9 19 0.027253447 
897 114 10 18 0.027253183 
629 669 9 13 0.027250156 
897 278 13 21 0.027246984 
61 469 14 28 0.027210895 
866 112 15 25 0.027193619 
228 461 17 21 0.027163308 
779 590 14 23 0.027157022 
843 293 15 24 0.027151486 
887 370 15 23 0.027129913 
847 88 12 21 0.027129056 
181 162 16 28 0.027117481 
844 278 16 21 0.02710935 
153 732 12 18 0.027083486 
253 291 18 27 0.027074326 
395 34 14 24 0.027071176 
332 534 12 29 0.027066527 
950 628 13 20 0.027061542 
845 156 10 17 0.027059408 
747 380 18 26 0.027046049 
969 87 13 21 0.027036268 
113 111 14 23 0.027028067 
873 45 11 13 0.027024895 
640 -22 11 17 0.027017837 
538 610 17 28 0.02700274 
113 47 13 23 0.026983084 
900 32 8 12 0.026982747 
278 351 16 31 0.026957182 
619 708 8 9 0.026917 
603 328 12 25 0.026906412 
977 687 8 9 0.02689223 
867 97 15 27 0.02688834 
436 430 12 25 0.026870886 
733 369 11 22 0.026860138 
137 715 15 22 0.026859196 
296 731 10 17 0.02685549 
221 322 10 19 0.026851818 
446 305 15 22 0.026832445 
417 473 23 31 0.026809385 
398 -39 12 22 0.02680758 
541 486 9 22 0.026806476 
676 263 16 26 0.026772775 
37 403 14 30 0.026771648 
780 -24 13 17 0.026753936 
293 512 11 24 0.0267408 
573 508 13 29 0.026731756 
737 141 23 36 0.026725724 
69 644 10 18 0.026724681 
547 214 16 27 0.026700122 
345 426 12 17 0.026686694 
77 483 16 41 0.026673963 
398 -23 13 19 0.026663005 
538 557 13 30 0.026629126 
162 125 18 28 0.026625996 
270 723 10 13 0.02659885 
487 591 9 17 0.0265966 
205 381 11 24 0.026595388 
636 368 17 22 0.02656417 
729 65 15 20 0.026548347 
474 461 11 20 0.026547352 
537 443 14 21 0.026529154 
986 344 11 21 0.026525857 
443 174 16 29 0.026521068 
891 395 21 35 0.026516624 
1 38 8 21 0.026505923 
769 -24 12 16 0.026505193 
117 627 11 21 0.026498174 
392 126 17 26 0.026495313 
408 255 12 21 0.02649277 
328 185 73 94 0.026487187 
543 496 8 20 0.026462829 
905 403 18 30 0.02645784 
527 20 18 28 0.026453873 
535 2 14 19 0.026453653 
692 340 12 29 0.0264461 
603 -24 11 19 0.026445769 
899 14 8 16 0.026437296 
500 637 13 20 0.026434205 
854 342 16 31 0.0263807 
618 238 83 90 0.02637638 
254 588 12 21 0.026374185 
819 144 11 16 0.026361242 
280 62 15 20 0.026349736 
114 600 15 24 0.02634729 
404 508 44 84 0.026343733 
624 312 18 29 0.026339745 
860 87 12 20 0.026328947 
848 116 9 17 0.026293186 
161 533 17 34 0.026288724 
386 173 83 97 0.026264582 
735 186 23 30 0.026259722 
791 236 17 30 0.026257569 
252 571 14 23 0.026245916 
46 140 18 24 0.026227117 
663 248 17 29 0.026226684 
433 171 17 31 0.026225 
849 697 9 12 0.026223281 
340 185 20 28 0.026187228 
623 368 19 24 0.02618226 
203 734 16 15 0.02616863 
641 692 11 13 0.026156269 
331 623 14 25 0.026151417 
848 104 9 18 0.026148831 
269 149 15 22 0.026137292 
138 266 22 29 0.026115047 
946 11 11 19 0.026090806 
949 691 28 24 0.026072118 
266 349 17 33 0.026045399 
527 384 9 22 0.026028715 
1015 394 11 23 0.02602454 
177 587 20 29 0.02602001 
809 63 10 16 0.026009196 
550 379 12 28 0.02600391 
533 76 17 28 0.025996853 
910 115 10 17 0.025964074 
459 -24 13 19 0.025941074 
702 396 14 22 0.025939368 
729 51 15 20 0.025936281 
863 670 42 64 0.025932582 
669 246 39 60 0.025930686 
808 -6 8 10 0.025922015 
218 344 13 21 0.025910173 
970 304 16 27 0.02590558 
224 352 19 33 0.025904963 
361 398 7 18 0.025893241 
36 375 15 37 0.025885839 
741 -25 13 18 0.025878353 
396 377 12 27 0.025877351 
368 471 15 25 0.025872799 
739 329 14 21 0.025871897 
64 403 12 28 0.025851846 
412 614 10 19 0.025841804 
750 187 22 31 0.02584104 
741 -37 14 20 0.025839224 
655 565 12 17 0.02583489 
679 745 10 17 0.025832864 
987 106 10 16 0.025815982 
519 521 17 34 0.025811013 
499 626 12 20 0.025801368 
832 266 15 24 0.025798116 
660 684 20 30 0.025791815 
986 62 11 19 0.02579125 
461 83 17 27 0.025775738 
306 136 18 29 0.02576609 
376 386 7 16 0.02576403 
215 392 16 28 0.025760822 
651 3 14 19 0.025755467 
265 455 17 24 0.025735056 
970 484 16 40 0.025732165 
940 726 30 21 0.025724044 
238 507 19 30 0.025719842 
169 452 9 16 0.025694095 
149 297 69 87 0.025690572 
778 620 15 28 0.025685243 
3 -128 9 21 0.025683258 
241 416 15 26 0.025682073 
962 12 11 17 0.025678445 
423 256 12 20 0.025677208 
220 334 10 16 0.025661342 
836 117 9 16 0.02565743 
579 658 8 13 0.025642946 
22 610 16 34 0.025624169 
849 682 8 13 0.025622973 
778 680 19 19 0.025621181 
986 719 12 13 0.025611643 
718 563 11 22 0.025591651 
883 115 12 19 0.025590796 
202 640 13 20 0.02558793 
938 40 8 15 0.025569122 
924 630 9 16 0.025568048 
692 494 10 23 0.025561865 
742 531 12 30 0.025560394 
486 460 11 21 0.025541859 
485 668 15 19 0.02554127 
27 141 17 25 0.025525184 
876 13 9 17 0.025524704 
318 365 13 29 0.02552188 
304 532 14 31 0.025521431 
1000 125 13 24 0.025518827 
36 216 15 25 0.025497492 
175 375 17 39 0.025493339 
907 361 12 21 0.025489965 
703 458 13 21 0.025486954 
29 266 86 94 0.02548098 
436 190 18 28 0.025467578 
763 730 16 17 0.025459742 
624 101 17 27 0.025423244 
197 5 9 13 0.025413722 
409 586 11 20 0.025407903 
522 173 17 29 0.02540372 
522 507 12 28 0.025401963 
703 756 15 17 0.025400858 
507 120 80 81 0.025373789 
539 383 10 21 0.025370358 
435 223 15 25 0.025368247 
715 38 14 19 0.025367888 
770 -8 12 15 0.02536775 
609 371 20 25 0.025361858 
854 326 14 26 0.025353825 
783 760 12 16 0.02535267 
548 292 14 24 0.025352182 
232 -7 9 14 0.02532927 
835 707 8 13 0.025321554 
343 532 16 33 0.025316682 
923 615 11 18 0.025304966 
846 612 10 19 0.025301602 
537 -7 13 15 0.025299646 
550 339 12 29 0.025296193 
399 545 11 26 0.02528203 
410 407 10 23 0.025276061 
423 643 9 15 0.025271418 
347 618 11 16 0.025258878 
458 554 15 32 0.025241135 
725 145 20 35 0.02523578 
548 73 17 27 0.025229556 
410 306 13 20 0.025215652 
856 306 13 23 0.0252067 
259 -8 10 15 0.025200456 
694 759 12 16 0.025198001 
335 -19 10 15 0.025196875 
820 668 10 16 0.025189107 
961 140 12 23 0.025188547 
381 300 14 27 0.025183063 
751 757 18 22 0.025168786 
38 199 14 27 0.025161935 
490 -7 11 16 0.025146501 
857 291 13 21 0.02514102 
344 369 11 23 0.025135826 
656 757 9 20 0.025122384 
562 275 14 27 0.025122087 
823 28 8 15 0.02511761 
372 569 14 34 0.025116885 
431 326 17 33 0.025103414 
148 187 19 30 0.02510227 
728 -38 14 21 0.025089541 
65 610 11 27 0.025085112 
176 734 17 18 0.025071472 
219 -6 10 14 0.025043726 
255 384 17 35 0.025040936 
507 538 21 41 0.025039682 
930 437 19 35 0.025025956 
2 -63 7 22 0.025022892 
109 524 20 34 0.02501484 
762 289 17 30 0.025005704 
932 651 15 22 0.024995802 
618 577 8 19 0.024991719 
228 484 19 25 0.024991443 
348 587 11 23 0.02498482 
680 667 10 17 0.024975915 
127 640 16 21 0.024970107 
126 394 13 28 0.024969235 
64 458 15 25 0.024936352 
953 0 9 15 0.024923619 
280 439 51 70 0.024912719 
549 363 13 29 0.024908038 
408 -40 13 23 0.024880063 
754 -25 13 18 0.02487899 
956 440 18 32 0.024876924 
591 706 13 11 0.024838857 
873 31 9 15 0.024826003 
386 344 10 19 0.0248212 
589 62 17 26 0.024790082 
853 455 21 35 0.024786385 
194 417 12 26 0.024771238 
459 356 12 29 0.024769893 
618 666 11 15 0.02476367 
793 625 11 22 0.024756959 
3 411 8 21 0.024747957 
729 533 13 29 0.024741223 
620 3 14 18 0.02473173 
332 589 11 22 0.024729261 
213 190 17 24 0.024725888 
637 87 19 28 0.024723995 
75 351 15 33 0.024716316 
538 394 11 23 0.024713155 
822 592 10 15 0.024707915 
215 321 88 102 0.024703434 
25 470 13 25 0.024699498 
463 5 177 179 0.0246903 
2 -25 8 19 0.024688905 
504 178 24 38 0.024681259 
925 80 9 16 0.024677832 
834 27 9 16 0.02467419 
48 112 16 25 0.024672095 
499 667 17 20 0.02466945 
375 428 8 16 0.024666736 
768 439 10 15 0.024665745 
575 482 12 27 0.024654906 
384 151 17 26 0.024641724 
465 594 33 52 0.024639219 
490 357 9 20 0.024601495 
946 125 13 23 0.024582291 
576 -25 11 20 0.024579948 
53 449 10 19 0.02457986 
458 -7 13 17 0.02457814 
522 456 14 23 0.024576517 
76 -20 11 17 0.024570951 
25 11 11 22 0.024569675 
332 76 13 21 0.024559673 
884 639 11 23 0.024545036 
71 675 22 23 0.024542088 
525 -7 13 15 0.02453521 
307 520 12 27 0.024528699 
868 684 21 34 0.024522044 
559 526 38 86 0.02451092 
729 -25 13 18 0.024508892 
281 484 12 23 0.02450196 
987 143 13 20 0.024492025 
589 -26 11 20 0.024470529 
837 718 10 18 0.024469625 
983 729 16 17 0.024466882 
704 508 13 26 0.024449348 
878 378 38 63 0.024419166 
271 586 11 21 0.024406178 
371 -39 11 21 0.024374628 
716 -38 14 20 0.024370646 
703 -24 12 17 0.024368744 
254 750 17 32 0.024359666 
44 29 9 17 0.024359507 
661 339 17 30 0.024333859 
218 589 11 18 0.024333121 
938 71 8 14 0.024315242 
679 627 11 21 0.024310796 
716 510 13 27 0.024301229 
576 351 13 30 0.024281222 
448 318 13 24 0.024279058 
460 189 13 22 0.024272226 
819 115 11 19 0.024244323 
270 -21 10 16 0.024236113 
1 354 11 26 0.02423608 
718 411 13 20 0.024231195 
57 -5 9 12 0.024223786 
838 -2 6 9 0.02421209 
137 729 16 24 0.024207566 
275 618 7 15 0.024203628 
230 212 18 28 0.024198918 
868 667 18 21 0.02418997 
117 406 14 30 0.024169939 
418 516 20 36 0.024162434 
994 302 40 65 0.024146587 
804 333 91 103 0.024146494 
352 320 21 34 0.024137942 
636 506 17 33 0.024136301 
767 449 11 18 0.024135055 
64 566 15 38 0.024092438 
728 37 14 19 0.02405356 
706 579 9 17 0.024045741 
501 587 10 22 0.024038391 
103 361 16 35 0.024035934 
103 646 11 14 0.024033269 
701 621 18 38 0.024031814 
782 551 10 19 0.024017 
946 155 15 22 0.024011089 
987 332 11 19 0.02399432 
470 373 14 24 0.023985874 
514 615 12 20 0.023966385 
683 655 8 17 0.023947235 
67 -20 10 17 0.023937123 
6 266 21 38 0.023928333 
819 382 16 24 0.023923704 
821 319 39 74 0.023894068 
644 733 7 13 0.023891497 
600 341 13 28 0.023881402 
735 663 294 244 0.023877641 
190 339 13 27 0.023871934 
769 720 12 12 0.023870174 
867 464 18 34 0.023867704 
924 346 8 19 0.023850732 
754 503 14 37 0.023847759 
525 370 10 21 0.02381141 
229 377 16 27 0.023794934 
887 177 11 22 0.02378975 
770 222 69 96 0.023789564 
598 359 15 24 0.023787986 
165 -23 12 18 0.023785617 
830 444 18 29 0.023785055 
998 521 11 31 0.023784501 
358 -38 12 20 0.023765754 
396 331 12 25 0.023749596 
573 601 13 23 0.023739573 
178 -39 13 21 0.023736326 
753 85 35 45 0.023724437 
501 49 13 21 0.023723241 
276 434 21 31 0.023723232 
211 477 43 61 0.023722988 
227 472 21 24 0.023707267 
360 385 8 17 0.023704618 
601 459 15 24 0.023698151 
91 275 13 27 0.023687916 
399 526 15 33 0.023683954 
414 643 8 16 0.023680806 
204 271 17 31 0.023673432 
274 373 21 38 0.023672292 
136 378 17 29 0.023667596 
123 698 19 23 0.02366742 
87 310 18 33 0.023661189 
922 602 12 20 0.023660285 
623 588 15 21 0.023642832 
662 312 14 27 0.023635263 
257 710 12 11 0.023620468 
687 481 14 26 0.023600329 
709 178 21 25 0.023577692 
449 -23 12 19 0.023571843 
116 429 14 27 0.02357143 
321 519 12 28 0.023558356 
0 567 12 38 0.023550821 
690 327 13 27 0.023530029 
575 2 11 18 0.023527706 
430 664 16 21 0.023516592 
433 357 44 68 0.023513734 
337 491 38 80 0.023504298 
919 587 16 23 0.023497228 
473 356 12 24 0.023495907 
26 482 13 28 0.023489287 
936 52 10 16 0.023476481 
946 290 13 24 0.023473704 
346 -37 11 19 0.023471685 
744 549 12 24 0.023452057 
397 575 12 29 0.023437062 
385 635 13 24 0.023431579 
753 -37 14 20 0.023409065 
382 315 14 27 0.023399044 
765 458 13 24 0.023386378 
832 87 10 21 0.023365432 
766 758 15 19 0.02336241 
95 453 39 66 0.023357509 
476 650 12 18 0.023353694 
123 440 17 26 0.023350848 
758 167 80 78 0.023346778 
861 244 37 41 0.023345778 
372 36 13 21 0.02334417 
950 618 11 18 0.02334087 
988 92 10 16 0.023321465 
565 196 16 22 0.023314036 
550 -7 11 15 0.023309385 
602 -39 12 23 0.023305552 
375 411 7 17 0.023295693 
134 645 25 33 0.023272147 
128 163 14 25 0.023260595 
848 624 8 18 0.023257047 
652 -22 12 16 0.023253245 
983 507 14 32 0.023252929 
340 456 21 25 0.023252102 
359 370 10 21 0.023251854 
51 636 14 28 0.023246447 
1002 76 10 18 0.023236893 
640 -39 12 21 0.023230778 
540 536 12 27 0.023208823 
424 603 11 17 0.023187824 
461 -52 11 22 0.023179837 
623 441 19 31 0.023175515 
181 522 11 24 0.023170214 
394 305 13 22 0.023169745 
540 367 10 22 0.023162218 
677 370 14 24 0.023160724 
24 347 15 35 0.023159215 
769 427 10 15 0.023154682 
266 401 16 32 0.023146747 
419 625 12 22 0.023139255 
900 640 9 19 0.023130668 
326 452 44 55 0.023127034 
325 -174 374 234 0.023117816 
871 616 10 16 0.023104291 
344 651 13 20 0.023095425 
611 507 14 30 0.023083532 
217 602 12 19 0.023073927 
741 676 11 19 0.023065729 
906 586 15 25 0.02306525 
245 -9 12 15 0.023060447 
118 642 10 16 0.02305733 
227 432 16 24 0.023055375 
111 274 19 34 0.023039397 
885 62 94 111 0.02303733 
927 188 24 35 0.023026438 
791 140 15 22 0.023024503 
873 -8 8 13 0.023023142 
887 631 8 16 0.023007147 
631 706 7 11 0.023003632 
141 524 11 18 0.022979457 
270 280 18 26 0.02297838 
141 464 12 19 0.022975685 
666 76 15 23 0.022970617 
229 302 15 28 0.022962078 
750 599 84 115 0.022956656 
727 130 19 31 0.022942834 
77 405 11 25 0.022937542 
544 238 17 34 0.022935435 
230 656 11 16 0.022924997 
2 -76 7 22 0.022921162 
231 588 13 19 0.022914626 
970 464 19 40 0.022910668 
348 605 10 17 0.022904973 
241 386 19 35 0.02289318 
371 -23 12 17 0.022889338 
465 594 10 15 0.022884162 
809 724 14 25 0.022870779 
608 95 19 28 0.022869319 
716 -25 13 17 0.022859538 
69 652 14 20 0.022853842 
908 65 11 18 0.022849375 
625 355 14 24 0.02284461 
422 301 94 103 0.022835044 
486 508 12 25 0.022823025 
2 -8 7 15 0.022804108 
290 149 17 26 0.022802727 
666 -23 12 17 0.022782251 
703 120 18 31 0.022770768 
272 560 12 23 0.022749666 
228 339 16 27 0.022741877 
195 505 11 26 0.022741007 
947 649 16 26 0.022736248 
672 411 23 26 0.022727786 
244 -24 11 18 0.022720734 
152 507 11 23 0.02271798 
641 645 10 17 0.022698767 
763 744 15 18 0.022695208 
947 111 12 22 0.022655139 
285 712 8 11 0.022643518 
222 657 10 13 0.022642467 
878 665 16 23 0.022631006 
259 24 11 19 0.022628883 
405 486 36 58 0.022611352 
629 535 11 24 0.022603396 
277 402 18 31 0.022601295 
859 164 11 20 0.02259536 
83 314 36 70 0.02258961 
606 4 10 15 0.022570385 
459 -40 14 23 0.022563653 
910 660 17 27 0.02255099 
251 487 20 32 0.022546919 
511 627 12 20 0.022546005 
534 288 15 27 0.022545267 
162 170 17 29 0.022541948 
437 640 12 19 0.022540832 
475 486 10 22 0.022534924 
114 392 14 29 0.022532426 
510 158 33 53 0.022520455 
269 738 13 23 0.022516686 
411 600 10 19 0.022514014 
375 371 9 19 0.022498734 
47 323 17 32 0.022492226 
664 280 16 37 0.022487864 
820 304 17 27 0.022479856 
485 523 13 24 0.022476796 
460 487 12 23 0.022459347 
483 78 84 90 0.022455744 
957 667 14 18 0.022453533 
252 418 17 26 0.022443227 
752 341 13 25 0.022438584 
736 766 23 29 0.022436932 
89 -8 10 14 0.022423515 
447 604 14 20 0.0224196 
651 -39 13 21 0.02240788 
510 98 30 45 0.022401867 
228 449 16 21 0.022399103 
690 -37 14 20 0.022389114 
253 326 16 29 0.022386065 
871 327 11 22 0.022374114 
207 381 37 63 0.02237217 
562 293 14 23 0.022334615 
1 67 9 18 0.022321107 
181 -9 10 14 0.022319458 
1002 629 8 14 0.022300782 
296 -20 10 16 0.02229963 
242 433 16 23 0.022249222 
688 313 15 28 0.022248548 
450 593 9 16 0.022240166 
755 561 16 23 0.022238357 
541 586 12 23 0.022235768 
857 624 11 18 0.022231381 
512 638 13 20 0.022226987 
13 134 14 29 0.022225589 
330 518 13 31 0.022214204 
549 322 15 32 0.022207497 
91 -22 10 16 0.022206515 
996 494 12 31 0.022199498 
403 182 17 32 0.02219567 
69 690 26 23 0.022186205 
411 32 14 23 0.022150192 
418 348 16 37 0.022121623 
56 102 87 91 0.022119049 
793 301 15 33 0.022117317 
908 344 11 24 0.022077175 
633 416 25 32 0.022077002 
1016 704 10 16 0.022075478 
512 605 11 17 0.02205988 
550 196 33 54 0.022051347 
500 524 12 24 0.022048978 
96 273 19 36 0.022046946 
804 290 15 27 0.022043085 
854 612 14 21 0.022036191 
839 428 17 30 0.022025552 
700 407 19 25 0.022020388 
632 699 7 9 0.022014389 
934 614 13 21 0.022013078 
88 363 14 33 0.022009488 
161 702 19 23 0.022008505 
179 437 12 20 0.022003068 
163 580 40 56 0.021979995 
947 141 12 21 0.02197757 
345 -19 10 15 0.021975601 
984 624 13 18 0.021969978 
627 550 10 21 0.021951705 
837 300 39 65 0.021941705 
488 385 9 18 0.021939136 
88 570 14 31 0.02193702 
384 -39 11 21 0.021932801 
98 521 20 36 0.021932289 
409 389 12 28 0.021930343 
860 196 8 16 0.02192445 
629 723 9 13 0.02190977 
693 -9 12 16 0.02190907 
867 741 15 21 0.021906488 
811 474 94 127 0.021905962 
472 336 16 31 0.021890242 
755 721 13 13 0.021887178 
856 434 15 25 0.021885594 
562 379 12 27 0.021880819 
982 613 17 20 0.021873666 
791 635 12 25 0.021867264 
2 -88 7 21 0.021861857 
340 534 40 74 0.021860305 
972 101 12 20 0.021854555 
307 705 17 20 0.021843895 
906 417 100 117 0.021839619 
29 431 161 193 0.021835126 
729 519 12 27 0.021834452 
871 628 10 18 0.02182309 
997 707 10 12 0.021818588 
124 469 20 30 0.021801567 
218 -23 11 18 0.021779764 
796 548 10 21 0.02177596 
200 459 38 53 0.021774625 
282 -20 11 16 0.021771163 
804 276 15 25 0.021765055 
934 627 13 20 0.021743707 
89 422 13 21 0.02174135 
737 310 20 25 0.021733996 
141 575 11 20 0.02172024 
612 747 17 31 0.021719975 
34 589 16 37 0.021718904 
176 188 16 27 0.021717727 
77 728 34 22 0.021717155 
243 -40 11 23 0.021715399 
625 466 15 31 0.02170478 
417 676 22 24 0.021659715 
214 536 19 40 0.02165606 
407 -23 13 19 0.02165257 
180 -23 11 17 0.02165187 
278 320 19 36 0.02163771 
0 131 12 30 0.021625934 
473 444 12 24 0.021623796 
343 561 17 37 0.021620262 
649 341 15 26 0.021617113 
501 603 10 16 0.021615423 
369 111 17 27 0.021605184 
984 376 13 30 0.021603506 
474 -52 10 22 0.021586522 
344 623 18 27 0.021586219 
556 578 39 65 0.021573039 
285 724 8 12 0.021571722 
960 290 16 26 0.021571381 
497 341 13 27 0.021571381 
692 563 11 20 0.02155723 
653 534 11 20 0.021549905 
251 303 19 31 0.021545017 
204 538 15 38 0.02154173 
603 668 13 17 0.021523835 
193 379 11 27 0.021519272 
857 728 13 20 0.021518536 
612 421 17 24 0.021508306 
498 654 13 17 0.021505909 
410 317 14 25 0.0214997 
730 330 12 20 0.021494994 
972 706 16 15 0.021489559 
886 604 10 20 0.021489399 
807 589 11 18 0.02148714 
1012 341 15 27 0.021486642 
241 587 14 22 0.02145673 
666 637 12 21 0.021438507 
125 712 18 22 0.021425216 
589 -39 12 23 0.021396052 
695 636 11 26 0.021395858 
869 483 15 30 0.02138318 
150 368 35 67 0.021381216 
299 573 83 108 0.021372028 
549 648 14 22 0.021367611 
546 274 14 26 0.021366324 
701 467 13 25 0.021362342 
809 438 39 55 0.021323623 
513 -52 10 22 0.021323433 
39 -49 10 17 0.02131204 
230 736 12 12 0.021295043 
682 637 10 21 0.021291887 
65 -37 11 19 0.021286864 
342 334 16 28 0.021280011 
543 513 8 18 0.021271084 
972 639 10 18 0.021266444 
359 616 11 19 0.021264931 
614 -38 12 22 0.021253234 
665 763 14 34 0.021252986 
619 292 37 55 0.02124765 
249 267 23 35 0.021247005 
684 454 19 28 0.021245537 
226 283 17 34 0.02123352 
627 -38 12 21 0.021233492 
407 84 16 25 0.021228474 
974 695 12 12 0.021201398 
666 -38 12 20 0.021177456 
859 208 10 17 0.021147657 
784 415 9 15 0.021126864 
769 532 12 27 0.02111288 
718 384 9 20 0.02111003 
538 455 14 24 0.021108394 
703 -37 13 19 0.021105114 
647 416 26 31 0.021104194 
918 426 19 33 0.0210973 
808 671 10 14 0.021094868 
208 723 9 12 0.021092886 
193 523 10 23 0.021076813 
217 619 15 26 0.021058159 
191 -23 11 18 0.02105271 
579 338 185 144 0.021052545 
835 104 8 16 0.02104439 
116 -39 11 23 0.02104151 
795 742 11 19 0.021025078 
294 -40 11 23 0.021023102 
447 519 12 28 0.021006366 
359 319 92 109 0.020985372 
767 -37 13 20 0.02097497 
500 -51 11 21 0.020959495 
22 532 19 48 0.020956554 
986 153 43 51 0.020953266 
1003 -20 6 16 0.02094855 
68 629 9 18 0.020936 
680 479 12 23 0.020920187 
242 602 13 21 0.020908045 
975 656 9 14 0.02089545 
700 481 15 29 0.020885102 
661 21 179 162 0.020880932 
-18 60 169 170 0.020877201 
513 -22 11 17 0.02085892 
321 -52 10 21 0.020829597 
931 663 15 21 0.020822478 
498 552 16 38 0.02081984 
654 688 15 21 0.020819157 
446 636 15 23 0.020800011 
818 129 13 18 0.020776318 
871 315 11 22 0.020772222 
819 278 14 23 0.020768268 
398 561 12 26 0.02076129 
226 502 19 31 0.020735623 
858 411 11 18 0.020700216 
999 328 13 22 0.02068955 
763 224 21 32 0.020672461 
103 5 11 13 0.020668238 
23 323 17 34 0.02066237 
217 573 12 24 0.02065002 
358 -7 10 14 0.020643998 
239 350 20 36 0.020642182 
806 626 11 21 0.020638451 
989 -132 25 27 0.02063622 
206 -23 11 17 0.0206216 
501 616 10 17 0.020610102 
482 50 14 21 0.020603742 
350 689 10 17 0.020597836 
61 323 16 31 0.020589383 
255 627 11 19 0.020583384 
783 705 14 14 0.020579925 
891 515 44 89 0.020578742 
1004 642 7 15 0.020573072 
934 601 13 21 0.020568224 
652 -9 11 14 0.020566855 
229 391 18 29 0.020555982 
564 -8 10 15 0.020554546 
675 338 15 30 0.0205387 
538 474 11 22 0.020516261 
165 432 13 22 0.02050855 
190 532 13 30 0.020505706 
603 506 13 29 0.020498767 
987 321 12 20 0.020494321 
539 410 10 20 0.020492563 
411 -52 10 21 0.020488981 
718 397 9 18 0.020487368 
141 590 12 20 0.020485507 
739 186 41 56 0.020481244 
4 534 31 86 0.020460678 
895 583 14 28 0.020453172 
650 327 15 25 0.020451672 
468 559 16 30 0.020451523 
152 377 16 29 0.020442342 
842 399 13 19 0.020426124 
420 585 15 21 0.020425273 
577 -9 9 14 0.020420903 
156 525 9 18 0.020418908 
175 415 15 27 0.02041722 
499 -39 12 21 0.020375066 
185 674 17 21 0.02037235 
819 291 16 25 0.020365288 
783 728 11 18 0.0203638 
854 763 18 32 0.020346235 
1000 365 12 30 0.020339033 
307 -39 11 21 0.020336144 
678 -38 13 20 0.020325867 
274 642 10 17 0.020318152 
693 617 10 21 0.020316197 
705 704 11 17 0.020312123 
856 517 13 30 0.020307831 
610 404 20 26 0.020300755 
191 -39 12 21 0.020288784 
530 301 19 31 0.020278128 
856 420 14 21 0.02027396 
1000 394 9 22 0.020262621 
987 394 10 23 0.020260615 
228 665 16 20 0.02025023 
191 366 12 26 0.020220505 
175 619 18 27 0.020212635 
273 600 10 21 0.020210594 
678 -9 12 15 0.02019675 
2 -100 7 21 0.020185856 
808 615 9 16 0.02018282 
242 568 15 26 0.020181911 
943 450 19 38 0.02017893 
114 511 13 24 0.020162748 
421 -40 13 23 0.020153647 
265 747 17 34 0.02013933 
487 -51 10 21 0.020134507 
656 731 9 14 0.020119488 
403 165 20 32 0.020113688 
642 533 12 23 0.020105772 
423 -52 10 21 0.020096911 
252 226 18 27 0.020092508 
715 466 14 28 0.020089112 
179 534 13 29 0.020086376 
253 600 13 22 0.02007492 
616 598 16 27 0.020066196 
691 767 15 20 0.020055812 
792 654 12 19 0.020053733 
490 422 12 24 0.02005263 
511 -39 12 22 0.020030374 
676 677 14 24 0.020029958 
973 504 35 78 0.020029636 
490 433 15 27 0.020023448 
985 639 11 19 0.020004455 
981 452 20 38 0.020001834 
931 153 16 24 0.019997235 
791 726 15 22 0.019986423 
303 613 37 59 0.019986143 
99 54 15 25 0.019985143 
60 508 17 44 0.019956166 
459 469 14 25 0.019947607 
808 739 12 24 0.019947102 
63 340 31 68 0.019943606 
124 537 17 28 0.019936139 
524 425 11 18 0.019928543 
799 480 41 85 0.019916847 
749 310 18 27 0.019901218 
678 525 13 24 0.019898418 
908 155 14 21 0.01987435 
1017 621 8 14 0.019869529 
558 412 48 54 0.019863155 
858 638 11 22 0.019859636 
500 -22 10 17 0.019855518 
909 79 10 17 0.019854205 
230 -24 11 18 0.019844208 
779 689 21 21 0.019841805 
607 658 9 13 0.019839978 
141 235 16 30 0.019831834 
418 184 18 31 0.019827476 
831 250 18 28 0.019816108 
822 -5 7 10 0.019812066 
555 -153 349 192 0.019803094 
449 -52 10 22 0.01980246 
491 374 8 15 0.019800998 
523 77 17 28 0.019799527 
705 768 15 17 0.019784668 
768 588 37 62 0.019783655 
296 710 9 13 0.019780496 
305 121 18 28 0.019779952 
373 356 11 21 0.019763252 
72 323 18 32 0.019754415 
278 455 17 22 0.019745082 
667 579 10 12 0.019743731 
860 690 13 19 0.019742606 
385 -23 11 18 0.01973992 
327 390 116 101 0.019738689 
934 640 15 20 0.019725157 
448 -39 12 21 0.019706707 
806 547 11 23 0.019696392 
472 -40 13 22 0.019677853 
125 587 15 23 0.01967747 
901 426 22 37 0.01967389 
599 678 16 19 0.019673537 
444 622 16 23 0.019664902 
283 695 9 13 0.019659566 
637 339 15 27 0.01965907 
728 475 15 37 0.019656619 
278 164 16 26 0.019649372 
54 -22 9 17 0.01964596 
542 528 9 20 0.019633397 
230 -40 12 24 0.019625425 
395 318 13 23 0.019620167 
228 568 16 28 0.019594098 
398 -51 10 20 0.019586466 
275 629 9 17 0.019583356 
1003 657 7 14 0.019575482 
959 683 14 16 0.019571215 
678 512 11 21 0.019567892 
352 605 41 67 0.019554093 
308 142 90 82 0.019552965 
885 -7 7 13 0.01955036 
677 722 13 17 0.019508516 
260 724 10 11 0.019505387 
448 258 80 84 0.01950332 
416 568 21 32 0.01949218 
258 -22 10 16 0.019478329 
89 526 17 36 0.019461108 
733 381 12 23 0.019457888 
321 -39 11 20 0.019455831 
525 -21 11 16 0.019448368 
99 581 15 30 0.01944452 
267 679 14 18 0.019440593 
998 341 13 24 0.01941322 
549 575 12 24 0.019406054 
664 720 15 19 0.01940301 
435 -53 11 22 0.01940283 
624 337 17 30 0.019401392 
770 414 9 14 0.019390604 
769 552 12 21 0.019389639 
794 -23 11 17 0.019374525 
331 89 15 22 0.019367125 
204 512 16 38 0.019345067 
185 301 17 33 0.019343467 
394 96 15 26 0.019340899 
161 527 84 115 0.019333705 
384 50 15 24 0.019333428 
372 -52 10 21 0.01933323 
988 78 10 17 0.01933029 
878 80 16 26 0.019325608 
871 178 9 19 0.019319026 
704 564 10 19 0.019313198 
352 633 17 27 0.019311156 
915 451 19 34 0.019308154 
361 590 10 19 0.019306254 
891 480 18 30 0.019303013 
472 -24 12 19 0.01928246 
947 442 35 70 0.019266104 
603 707 10 9 0.019262921 
974 720 12 12 0.019257238 
385 -52 10 21 0.019256625 
83 354 34 69 0.019255336 
773 681 11 13 0.019238858 
104 -8 10 13 0.019238407 
646 272 35 70 0.0192352 
752 325 15 27 0.01923326 
525 -52 11 22 0.019226722 
48 550 16 42 0.019219557 
156 449 11 19 0.019216433 
234 282 38 59 0.019207697 
998 722 8 11 0.019207684 
552 411 11 21 0.019206664 
269 -39 11 21 0.01919805 
89 151 14 23 0.0191978 
259 734 11 13 0.019191919 
614 339 15 29 0.01916045 
511 583 13 26 0.019146169 
826 363 19 36 0.019120403 
315 287 79 106 0.01910741 
335 -37 10 19 0.019102171 
233 603 12 19 0.01907849 
794 423 13 20 0.019066919 
152 427 15 29 0.01905523 
732 397 11 19 0.019028975 
570 542 20 43 0.019025894 
830 167 15 22 0.01900932 
367 151 16 27 0.01898277 
489 409 12 24 0.018967059 
266 324 18 35 0.018959932 
282 -39 11 22 0.018943613 
755 553 12 20 0.018937118 
1 336 12 30 0.018923271 
1013 283 14 23 0.018919026 
560 85 16 26 0.018918432 
327 602 44 61 0.018917536 
334 -52 10 21 0.018917222 
653 718 13 20 0.018884005 
510 189 72 92 0.01888091 
653 525 10 18 0.018840069 
677 354 14 27 0.018831072 
619 592 10 16 0.018807085 
922 706 57 43 0.018801471 
552 473 11 22 0.018789861 
550 562 9 22 0.018786544 
873 198 7 14 0.018782733 
615 357 13 21 0.018774984 
314 410 182 202 0.018768251 
972 731 14 14 0.018761272 
291 335 15 34 0.018752746 
859 651 12 22 0.018751917 
694 510 9 20 0.018749965 
482 100 19 28 0.01874689 
838 604 8 16 0.018744199 
115 63 12 19 0.01874165 
269 398 43 64 0.018686093 
579 709 10 10 0.01868553 
389 651 13 25 0.01867728 
734 766 51 51 0.018674359 
353 299 17 34 0.018669132 
465 600 13 19 0.018668424 
603 550 11 25 0.01865871 
999 311 18 27 0.018650556 
856 477 18 37 0.018649466 
625 491 16 35 0.018633822 
2 395 9 22 0.018613255 
52 -37 10 19 0.018592762 
857 397 11 19 0.018587437 
680 492 12 23 0.018577864 
248 737 39 61 0.018576952 
2 382 9 24 0.018566037 
126 459 15 23 0.018564347 
891 62 14 25 0.018559191 
347 -51 10 20 0.01855498 
576 -40 12 24 0.018541018 
129 506 14 22 0.018539773 
655 644 8 15 0.018536199 
246 141 87 85 0.018533597 
652 309 16 32 0.018532937 
85 669 23 27 0.018527977 
217 -40 12 23 0.01852696 
232 318 41 68 0.01850551 
956 462 18 38 0.018504597 
309 -52 9 21 0.018499877 
372 52 14 21 0.018488748 
447 364 18 35 0.018483412 
592 28 10 20 0.01848195 
987 302 15 25 0.018469708 
255 615 10 18 0.01846903 
359 -52 11 21 0.01845987 
254 636 13 21 0.018459633 
877 499 21 40 0.018458031 
590 507 11 25 0.018452955 
369 631 16 29 0.018450564 
175 652 22 27 0.01844551 
547 303 17 27 0.018440383 
767 492 15 32 0.018388744 
651 761 15 34 0.018365812 
318 336 16 34 0.018359419 
34 532 18 47 0.018340701 
643 581 8 12 0.018338019 
471 145 18 32 0.018321652 
434 34 14 23 0.01827863 
630 427 43 67 0.018271377 
75 151 14 24 0.018244201 
560 393 15 29 0.01822305 
297 694 10 15 0.018219605 
946 664 18 24 0.018214924 
279 473 14 21 0.01820279 
408 540 17 34 0.01819561 
656 745 9 16 0.018172964 
575 393 16 25 0.018172042 
716 534 14 30 0.018171707 
176 637 18 24 0.01815706 
47 576 17 40 0.018148853 
306 722 18 18 0.018143978 
24 -86 11 19 0.018142218 
305 491 16 28 0.018137408 
498 324 36 72 0.018136932 
228 636 14 22 0.018131698 
821 651 11 25 0.018114753 
782 338 11 29 0.018106569 
633 681 8 12 0.01810267 
751 357 13 22 0.018091347 
357 351 14 27 0.01807683 
556 613 33 59 0.01807379 
53 472 31 63 0.018068694 
705 720 11 14 0.01805603 
222 639 11 18 0.01804756 
358 667 12 19 0.018041395 
20 90 17 30 0.01803885 
371 341 13 23 0.018035116 
586 721 20 14 0.018028783 
828 321 19 33 0.018025892 
450 576 11 21 0.018022593 
201 499 35 77 0.017993856 
68 664 13 19 0.017987 
324 -20 9 16 0.017984584 
857 179 11 19 0.017972058 
525 355 12 24 0.017967641 
932 587 15 24 0.017965855 
719 601 12 22 0.01793068 
357 648 12 21 0.017924981 
362 606 10 17 0.017917076 
141 538 12 20 0.017904555 
210 -6 8 12 0.01790057 
190 735 16 15 0.017896412 
654 578 11 13 0.017887626 
653 552 12 21 0.017880011 
823 618 8 14 0.017857753 
872 627 115 117 0.017843299 
564 -25 11 20 0.01784101 
843 597 15 27 0.017840097 
588 602 12 18 0.017839845 
-6 809 77 70 0.01783886 
1018 -22 7 19 0.01783714 
551 548 11 25 0.017836915 
675 313 14 27 0.017813988 
805 501 14 34 0.017813683 
624 179 42 54 0.017771164 
26 705 15 19 0.017759517 
369 325 15 27 0.017755806 
920 596 42 66 0.017753396 
642 705 12 16 0.017738001 
606 563 10 23 0.017720863 
182 741 29 27 0.017720671 
152 692 16 17 0.017702488 
754 534 12 27 0.017701698 
524 -39 12 21 0.017700871 
642 756 11 20 0.017697917 
911 734 11 14 0.017688273 
945 274 16 25 0.017685613 
918 672 17 24 0.01766437 
436 591 10 17 0.01765321 
843 52 34 52 0.017615097 
992 564 21 31 0.017613266 
562 541 16 37 0.01759382 
478 301 41 47 0.017584262 
737 622 20 32 0.017576844 
87 113 18 25 0.017568989 
276 193 69 83 0.017566562 
870 637 13 25 0.017556852 
962 161 41 56 0.017556582 
204 -40 12 23 0.017545251 
562 1 12 19 0.017539885 
807 -23 10 16 0.017535752 
635 441 21 32 0.017533641 
178 338 14 31 0.017521285 
487 -39 11 21 0.017513271 
730 688 13 21 0.01749352 
269 540 14 34 0.017490668 
489 -22 10 16 0.017490227 
650 87 18 26 0.017489422 
880 649 15 27 0.017486883 
2 -115 8 21 0.017473288 
403 729 17 18 0.017463205 
194 -7 9 12 0.017458232 
652 699 16 23 0.017453184 
437 -21 10 17 0.017411148 
550 -40 11 23 0.017403368 
257 -39 10 21 0.017397637 
306 418 19 29 0.017394416 
245 622 13 25 0.01738687 
610 199 21 32 0.017372675 
226 619 18 30 0.01736601 
946 610 39 59 0.01735929 
470 417 15 31 0.017329246 
853 358 18 36 0.01731979 
247 710 12 11 0.017312981 
139 213 16 26 0.017309066 
509 339 15 29 0.017297745 
294 492 12 26 0.017292751 
837 273 38 55 0.017290547 
943 680 22 22 0.01727937 
719 706 9 14 0.017271688 
538 -53 11 23 0.017260093 
601 694 13 15 0.017229524 
524 471 14 26 0.017212994 
71 190 19 28 0.017207244 
700 442 19 25 0.017206091 
884 370 86 89 0.017200818 
792 321 16 38 0.017195532 
858 438 34 62 0.017193584 
240 750 22 34 0.01718005 
112 716 16 17 0.017173681 
36 706 14 17 0.01716969 
280 676 13 19 0.01716541 
470 207 15 23 0.0171386 
538 636 16 23 0.017135678 
581 652 46 57 0.017126804 
680 579 9 13 0.0171181 
249 724 10 10 0.017111193 
148 116 26 41 0.017105661 
3 -136 9 16 0.017098911 
600 751 15 28 0.017098585 
988 657 8 14 0.017094504 
272 104 102 91 0.017078912 
869 650 17 27 0.017076928 
538 -23 10 17 0.017069502 
855 472 37 68 0.017063072 
949 603 11 19 0.017051045 
128 125 14 21 0.017046709 
74 299 17 33 0.017016277 
576 275 14 29 0.017014716 
145 617 41 60 0.017003551 
61 537 16 42 0.017000986 
563 -40 11 23 0.016993385 
997 617 12 17 0.016984012 
101 418 16 26 0.016976736 
124 176 19 27 0.016956093 
923 3 9 19 0.01695373 
216 604 43 68 0.016939804 
154 719 12 18 0.016935494 
169 747 32 32 0.016929785 
931 513 51 94 0.016922073 
580 371 11 21 0.01691875 
496 322 19 30 0.016912503 
783 747 10 15 0.016900599 
783 670 10 14 0.016900012 
807 603 9 16 0.016896052 
968 287 19 28 0.01689586 
883 451 39 60 0.016881185 
305 327 16 29 0.01687373 
890 154 29 50 0.016868012 
514 -7 10 13 0.016853254 
244 667 12 15 0.016844824 
538 -39 11 21 0.016834794 
204 738 54 57 0.01681793 
16 705 11 18 0.016813057 
312 309 36 66 0.016811067 
816 456 19 30 0.016808998 
820 296 35 54 0.016807286 
496 61 17 26 0.016777435 
127 362 39 61 0.016772542 
227 515 21 39 0.016764963 
182 342 82 106 0.01676425 
706 735 12 15 0.016763942 
512 291 39 61 0.016756335 
453 315 32 62 0.016753608 
360 -22 10 16 0.016748898 
296 724 9 13 0.016741289 
822 604 9 14 0.016734242 
214 513 19 38 0.016717067 
266 200 17 27 0.016715689 
797 300 40 73 0.016713722 
332 487 17 35 0.016711095 
412 361 43 73 0.016710492 
87 337 17 33 0.016692318 
939 4 9 16 0.01668652 
540 427 10 17 0.016684791 
138 442 15 25 0.016661305 
730 496 11 29 0.01665986 
52 318 33 65 0.01665962 
409 571 15 27 0.016653191 
307 -21 10 16 0.016642747 
823 578 9 15 0.01664231 
163 399 153 199 0.01663464 
840 539 18 42 0.016631754 
983 284 38 57 0.016630521 
704 744 16 19 0.016627887 
435 -39 11 21 0.01662137 
488 396 10 20 0.016604276 
241 395 41 63 0.016599514 
467 527 19 39 0.016596587 
34 683 18 25 0.016586045 
152 400 18 34 0.016578913 
224 361 37 59 0.01657456 
627 516 15 29 0.016566237 
561 410 16 26 0.016563606 
589 93 18 26 0.01655945 
591 660 8 12 0.016549662 
996 340 31 70 0.016547186 
794 348 13 34 0.01654672 
778 300 15 31 0.016532386 
768 325 13 27 0.016531123 
416 383 78 105 0.016529674 
648 284 18 38 0.016527634 
928 216 157 204 0.016526783 
606 -8 10 14 0.016515376 
526 586 11 21 0.016510947 
214 413 44 60 0.01649892 
687 409 22 26 0.016489498 
921 150 16 25 0.01648547 
534 320 17 33 0.016484756 
1013 521 11 30 0.016482538 
77 511 15 41 0.016473498 
866 729 16 21 0.016470592 
315 478 19 32 0.016447242 
484 575 12 24 0.016446063 
734 730 11 15 0.016438637 
946 119 83 108 0.016420174 
322 738 26 26 0.016414909 
256 740 16 21 0.016396524 
605 534 11 27 0.016394243 
580 381 13 22 0.016387807 
176 722 13 15 0.016386762 
691 526 11 21 0.01638338 
347 703 10 16 0.016367728 
554 331 30 65 0.016350495 
829 477 20 37 0.016328378 
869 503 15 34 0.016314045 
904 631 37 55 0.016299956 
606 638 13 21 0.016286168 
62 734 64 61 0.016282365 
959 486 16 38 0.016279645 
296 -52 9 21 0.016279172 
257 656 9 14 0.016276928 
241 633 15 26 0.016272636 
408 675 18 20 0.016267402 
764 311 16 29 0.01625814 
96 699 26 24 0.01625508 
95 75 101 113 0.016250888 
422 63 15 23 0.016248593 
548 117 84 78 0.016231263 
779 -37 13 20 0.016225722 
995 549 16 30 0.016215622 
550 -24 11 18 0.016212733 
986 778 43 107 0.016212283 
729 313 38 68 0.016194202 
245 352 34 59 0.016179653 
481 298 90 101 0.016154818 
521 319 19 33 0.01614866 
281 267 14 26 0.016140638 
602 626 14 26 0.016126364 
201 581 44 64 0.016108776 
222 678 26 25 0.016098576 
288 109 171 163 0.016098091 
79 328 84 94 0.016093003 
150 677 16 20 0.016083296 
585 613 15 23 0.016081387 
692 733 12 14 0.016067293 
112 582 17 29 0.016036324 
677 420 43 53 0.016034381 
370 545 15 35 0.016011175 
394 52 15 26 0.016004506 
524 639 14 21 0.015993554 
270 671 10 15 0.015991196 
320 492 34 71 0.015990581 
427 209 80 89 0.01597185 
187 283 33 61 0.015961047 
39 -62 10 17 0.015956823 
56 423 91 111 0.015942132 
815 165 18 23 0.015939776 
333 331 36 73 0.015932865 
721 571 42 63 0.01593238 
886 207 10 18 0.015929848 
249 734 11 11 0.01592055 
163 101 15 23 0.015910003 
169 675 16 20 0.015894685 
515 254 81 80 0.015889756 
356 512 19 41 0.015867952 
806 528 13 31 0.015864214 
627 470 38 72 0.0158589 
636 511 42 71 0.015846321 
145 258 37 49 0.01584125 
766 257 16 30 0.015840722 
924 436 37 63 0.015835399 
643 719 11 17 0.015819184 
243 656 12 17 0.015815036 
756 710 11 13 0.015799532 
348 725 8 11 0.015794475 
548 1 14 19 0.015775695 
639 481 14 29 0.015763624 
679 760 47 56 0.015751867 
520 536 19 41 0.015748836 
535 40 14 28 0.015745303 
617 697 9 11 0.015727667 
414 154 21 35 0.01571431 
823 629 8 18 0.015691375 
69 509 38 83 0.01568625 
476 -8 10 14 0.015683189 
609 357 39 49 0.015679706 
10 153 27 47 0.015667105 
898 460 45 77 0.015663084 
808 367 12 27 0.015656577 
35 561 18 44 0.015654512 
562 236 15 31 0.015644757 
561 466 15 28 0.015644604 
542 439 36 63 0.015642026 
762 660 43 56 0.015596408 
269 459 37 64 0.015578497 
241 288 16 32 0.015567783 
87 241 66 84 0.015560015 
393 674 17 21 0.015555735 
606 590 8 15 0.0155534865 
840 379 16 27 0.015530738 
582 404 42 53 0.015513999 
589 640 11 19 0.015506392 
719 250 78 117 0.015505934 
233 690 374 312 0.015496087 
207 541 40 71 0.015496067 
45 351 28 69 0.01547428 
576 87 16 26 0.015471441 
642 745 9 17 0.015467017 
885 232 15 22 0.015456753 
571 409 18 27 0.015449389 
813 423 23 33 0.015410069 
298 524 183 205 0.015400514 
62 678 51 46 0.015391581 
820 -23 8 16 0.01538245 
805 349 15 34 0.015377739 
932 679 18 20 0.015376701 
977 673 7 10 0.01536856 
768 472 11 22 0.015357697 
676 283 15 34 0.015354213 
676 85 18 27 0.015341215 
704 584 42 70 0.015328398 
623 75 16 24 0.015325411 
668 527 9 17 0.015319341 
102 -38 11 21 0.015311545 
342 351 15 27 0.01530782 
793 268 40 63 0.015303666 
962 426 39 57 0.015297273 
572 467 17 28 0.015294824 
870 395 16 25 0.015290738 
549 705 12 13 0.015279383 
1011 453 13 30 0.01526042 
51 508 34 80 0.015258794 
129 151 14 24 0.015247962 
61 706 22 18 0.015244884 
618 720 9 12 0.01524285 
302 462 44 72 0.015237813 
7 637 32 67 0.01522848 
-5 276 71 99 0.015223539 
819 48 98 95 0.0152105335 
539 310 33 71 0.015205883 
900 379 32 47 0.015199295 
21 561 19 46 0.015187358 
172 737 58 52 0.015179252 
432 348 17 38 0.015177297 
242 436 37 47 0.01517719 
332 349 14 31 0.015169694 
422 -23 12 18 0.015147422 
816 514 15 34 0.015145957 
288 414 21 35 0.015142756 
354 563 19 37 0.015116581 
539 532 35 76 0.015103544 
574 70 17 29 0.01509975 
8 730 51 49 0.015095965 
951 386 83 104 0.015088549 
964 287 33 54 0.015053444 
537 337 13 31 0.015048734 
628 593 104 123 0.015047681 
536 648 16 22 0.015045555 
964 606 46 75 0.015037882 
666 -10 12 15 0.015034705 
511 649 15 20 0.015021605 
153 705 14 18 0.015013042 
406 47 14 25 0.014994409 
945 166 17 26 0.014990437 
344 500 17 34 0.01499024 
90 739 29 25 0.014985917 
694 659 12 25 0.014975618 
767 526 34 62 0.014974005 
225 99 29 45 0.014973409 
506 32 83 92 0.014968065 
21 680 21 29 0.014961008 
536 275 13 26 0.014955955 
208 742 25 23 0.014955808 
906 570 15 27 0.014955392 
527 426 38 51 0.014947852 
239 225 19 27 0.014933157 
112 356 33 61 0.014928948 
960 476 35 75 0.014928078 
87 425 38 49 0.014924216 
804 311 17 33 0.01492341 
584 454 19 27 0.0149072185 
478 668 11 16 0.014904432 
225 743 20 19 0.014888925 
192 357 35 65 0.014880522 
842 334 18 36 0.01487296 
457 527 19 41 0.014854269 
882 117 73 111 0.014851623 
153 520 34 62 0.014839699 
823 203 24 34 0.014830583 
462 622 20 29 0.014808383 
825 231 37 54 0.014803145 
844 350 40 69 0.014796455 
171 626 40 55 0.0147718005 
896 52 11 18 0.014758023 
436 321 30 62 0.014751952 
585 403 19 27 0.014750649 
856 540 16 38 0.014721819 
647 317 37 64 0.014714339 
493 661 58 55 0.014714033 
275 654 10 16 0.014707483 
780 531 12 28 0.014706867 
549 372 38 67 0.014699041 
71 647 36 39 0.014681256 
679 560 13 22 0.014672324 
899 -8 8 13 0.014657993 
111 580 97 99 0.014653365 
165 689 19 22 0.01464662 
911 -9 8 15 0.014641557 
806 653 13 21 0.01462717 
1005 -132 19 27 0.014613418 
715 612 18 30 0.014600468 
642 566 10 16 0.01459976 
859 702 13 21 0.014597195 
283 -52 10 21 0.014591174 
214 379 99 109 0.014588562 
575 179 16 25 0.0145871015 
0 643 13 32 0.014577071 
929 459 40 83 0.014545816 
128 75 166 159 0.014538873 
591 3 10 16 0.014534467 
702 316 15 25 0.014532725 
567 708 9 11 0.014528136 
358 273 14 28 0.014510602 
120 442 40 63 0.014502313 
651 467 15 28 0.014481963 
886 193 10 18 0.014478029 
31 734 21 18 0.014478004 
601 422 15 22 0.014452851 
11 680 17 28 0.014446849 
328 470 18 27 0.014416572 
115 494 15 27 0.0144133065 
293 471 15 23 0.014411743 
646 675 47 58 0.014410787 
819 350 16 34 0.014398844 
896 558 15 30 0.014391269 
641 549 12 22 0.014386993 
231 242 16 24 0.014371559 
983 534 16 32 0.014356692 
75 177 16 24 0.014356598 
551 -52 10 22 0.014349684 
740 665 13 21 0.014336296 
834 543 14 32 0.01433164 
257 138 15 23 0.014315297 
75 553 15 37 0.014313068 
89 552 35 68 0.014301402 
293 455 18 23 0.01429589 
576 40 11 19 0.014285997 
792 417 38 50 0.014279216 
366 266 31 49 0.014278002 
588 175 20 29 0.0142725995 
530 619 39 53 0.014262206 
156 -48 9 16 0.014242778 
370 677 12 19 0.014226218 
819 479 16 31 0.014219452 
128 526 13 21 0.014215923 
847 607 39 76 0.014192886 
228 261 20 30 0.014186749 
965 604 11 18 0.014181136 
945 505 15 31 0.014178417 
337 427 39 50 0.014171107 
303 735 23 32 0.014170462 
371 646 14 30 0.014165479 
283 610 33 54 0.014161949 
665 563 11 18 0.0141167 
167 -49 10 17 0.014103591 
611 384 41 45 0.014088641 
122 403 33 60 0.014086119 
886 219 12 18 0.014073998 
347 733 11 12 0.014058609 
898 731 12 17 0.014047194 
368 515 17 38 0.014025376 
544 164 70 91 0.01401825 
435 406 15 26 0.013997425 
629 -50 10 19 0.013983206 
96 5 29 39 0.013980767 
77 -37 10 19 0.013941243 
109 475 20 36 0.01394013 
641 -50 11 20 0.01393279 
702 758 49 70 0.013929711 
614 678 12 16 0.0139155835 
402 64 16 27 0.013912115 
332 331 18 34 0.013910231 
780 646 13 24 0.013907081 
14 325 32 66 0.013902798 
916 264 18 28 0.013900066 
805 638 13 25 0.013898124 
637 288 17 31 0.0138892075 
694 306 32 60 0.0138886655 
903 564 42 61 0.0138883 
463 648 13 21 0.013881353 
54 260 29 36 0.01384788 
574 584 13 24 0.01383692 
839 178 15 24 0.013832041 
823 63 32 59 0.013824919 
603 747 11 14 0.0138239125 
222 667 12 15 0.0138092805 
486 546 14 28 0.013808573 
676 146 76 82 0.0138016725 
870 378 15 25 0.013788631 
165 651 16 22 0.013787661 
115 742 50 58 0.013746064 
917 480 18 32 0.013745559 
869 757 13 20 0.0137443375 
716 682 14 25 0.013731699 
687 95 18 30 0.01372385 
534 61 15 28 0.013710342 
126 569 14 27 0.013708523 
997 732 10 14 0.013706537 
304 464 20 31 0.013699918 
583 423 20 24 0.013698211 
323 548 36 64 0.013697992 
421 393 14 27 0.0136928335 
664 90 17 23 0.013692659 
654 237 35 55 0.013686673 
290 640 36 54 0.013679033 
964 357 30 62 0.013677875 
34 467 34 55 0.013671591 
421 48 13 24 0.013638529 
53 741 31 24 0.013627886 
805 245 35 56 0.0136243785 
983 738 15 19 0.013597516 
834 390 40 59 0.01359288 
975 336 35 64 0.013591909 
883 741 13 19 0.013581033 
903 479 20 31 0.013577487 
466 401 18 29 0.013576823 
134 598 34 55 0.013575953 
898 651 12 22 0.013575731 
20 109 16 32 0.013545969 
971 517 15 34 0.0135358665 
882 257 36 53 0.013529004 
996 259 41 65 0.013524717 
598 402 19 26 0.013524386 
547 731 15 14 0.013517199 
836 589 10 21 0.013515959 
934 717 24 17 0.0135144135 
686 111 18 30 0.013510601 
817 319 173 173 0.013491587 
293 391 36 56 0.013471014 
454 127 20 35 0.01345984 
267 214 18 28 0.013444348 
23 589 16 38 0.013439155 
936 267 13 24 0.013436805 
52 -49 10 17 0.013431541 
836 565 42 72 0.013424567 
918 508 19 36 0.013420892 
123 228 21 36 0.01341056 
108 742 26 24 0.013407279 
757 681 9 14 0.013404251 
795 412 13 19 0.013398836 
576 298 31 58 0.01338369 
273 521 28 58 0.013383446 
925 29 104 124 0.013382583 
288 363 32 59 0.01337941 
756 575 16 23 0.013377799 
238 125 15 26 0.013375338 
611 611 215 257 0.0133617595 
872 31 78 82 0.0133302715 
528 669 15 18 0.013329644 
600 434 14 20 0.013327091 
660 88 68 74 0.0133258635 
553 426 15 21 0.013318224 
770 340 11 25 0.013314057 
616 -50 10 19 0.013308589 
790 495 18 39 0.0133078685 
541 92 150 158 0.013300395 
658 383 45 54 0.013290843 
598 721 14 12 0.013287409 
523 336 15 32 0.0132828215 
550 452 17 26 0.013280303 
900 213 81 106 0.013280084 
695 747 13 15 0.013277448 
1008 71 31 53 0.013272289 
930 478 18 36 0.013250387 
973 601 15 20 0.01324317 
930 506 18 33 0.013237949 
738 644 47 70 0.013231031 
923 294 30 63 0.013220433 
22 -129 16 19 0.013204679 
613 316 37 58 0.013193506 
764 623 19 29 0.013186908 
692 675 13 24 0.0131789185 
125 728 20 23 0.01316114 
932 702 29 20 0.01315764 
809 59 30 50 0.013147008 
601 508 33 74 0.013130703 
743 39 36 41 0.013116258 
665 508 12 23 0.0130936075 
202 666 12 15 0.0130799785 
661 285 39 68 0.013059067 
835 520 101 159 0.013042287 
782 239 33 55 0.013015589 
396 374 36 71 0.0130094765 
598 734 14 13 0.012996565 
324 252 26 32 0.01297761 
830 499 17 33 0.012974332 
724 620 21 34 0.0129730245 
-2 580 25 73 0.012961929 
691 721 12 15 0.01294032 
357 702 10 17 0.012938316 
523 288 17 29 0.012933876 
678 44 26 39 0.01291804 
703 547 13 25 0.012906969 
89 553 17 34 0.012902291 
756 689 12 18 0.012900373 
473 190 13 22 0.012866025 
447 667 12 17 0.012862924 
732 55 38 47 0.012855746 
260 329 37 66 0.012851129 
400 450 36 48 0.012845092 
298 727 52 73 0.01283253 
192 440 33 51 0.012831395 
423 292 34 46 0.012821044 
103 390 34 61 0.012818438 
231 707 12 12 0.012817438 
324 10 180 166 0.012816778 
665 492 14 28 0.012813251 
208 267 30 59 0.012801736 
785 316 33 80 0.012770461 
187 559 32 61 0.012759645 
618 736 9 12 0.012757878 
124 248 21 33 0.012728987 
35 722 15 15 0.012724445 
109 609 35 59 0.012719206 
95 485 19 41 0.012718446 
651 507 14 26 0.012711633 
667 480 13 25 0.012709131 
61 446 32 50 0.01270584 
843 562 17 41 0.012704752 
603 -50 10 19 0.012702391 
564 -52 10 22 0.012692801 
591 540 11 22 0.012691445 
649 440 22 31 0.012686046 
305 13 29 45 0.012682451 
690 703 14 20 0.012679226 
-34 583 199 226 0.012659638 
933 156 40 64 0.012651249 
856 712 14 24 0.012642877 
699 40 33 46 0.012642483 
416 62 85 84 0.01263212 
306 433 25 30 0.012623208 
893 673 17 28 0.012618497 
25 124 16 27 0.012615948 
988 422 31 58 0.012615537 
844 517 16 31 0.012603106 
359 733 14 14 0.0126026375 
590 523 11 23 0.012582912 
502 239 30 35 0.012564143 
766 601 18 28 0.012547307 
355 442 36 53 0.012538596 
904 253 17 26 0.012534472 
168 544 34 58 0.012531101 
291 311 33 67 0.012529361 
419 449 38 54 0.012521044 
232 724 9 11 0.01252059 
420 378 14 29 0.012518156 
208 326 35 52 0.012512587 
91 -37 10 19 0.012495353 
306 50 30 43 0.012492076 
111 162 17 28 0.012487095 
306 342 30 60 0.012477585 
111 21 28 49 0.012475558 
668 534 11 24 0.012464542 
720 442 31 49 0.012457859 
1006 645 33 57 0.012452668 
388 354 31 65 0.012437613 
587 585 13 23 0.012437033 
868 286 32 52 0.012426511 
331 377 27 55 0.012418639 
416 537 22 42 0.012418123 
843 201 14 26 0.012412716 
605 604 9 15 0.01239134 
284 481 35 71 0.012384776 
124 451 90 125 0.01234589 
823 566 9 16 0.012341668 
433 103 17 24 0.012338786 
686 651 41 68 0.012316701 
267 262 16 27 0.012299413 
643 753 31 65 0.01229587 
879 359 31 47 0.012291816 
265 66 31 40 0.012288499 
814 374 35 51 0.012284466 
810 385 12 22 0.012276785 
438 601 43 61 0.012262453 
271 -51 9 20 0.012260249 
997 108 31 55 0.012229162 
653 481 14 26 0.012228039 
591 13 11 19 0.012226488 
944 474 18 39 0.0121996775 
268 334 85 94 0.012198052 
960 516 14 32 0.012196868 
232 491 39 61 0.01218675 
550 723 12 12 0.012181813 
939 299 28 55 0.012171793 
871 600 13 24 0.012167396 
898 596 33 63 0.012154599 
529 -101 196 225 0.012151738 
1015 497 11 27 0.012139277 
1 469 24 62 0.012134823 
946 407 35 51 0.012128018 
584 729 21 16 0.012117464 
591 -8 9 13 0.01211719 
808 531 40 72 0.012106109 
681 617 10 18 0.012096213 
839 756 28 57 0.012087647 
850 593 20 33 0.012074808 
524 271 14 30 0.012059721 
41 629 36 61 0.012058062 
463 608 17 26 0.012055063 
525 649 16 22 0.0120506175 
687 27 31 46 0.012013055 
884 572 12 25 0.012009783 
794 529 13 31 0.012001492 
603 614 12 20 0.011987907 
428 218 33 58 0.011987146 
742 575 15 23 0.011986478 
188 322 33 55 0.01197642 
980 575 25 37 0.01195105 
609 413 37 55 0.011947582 
577 251 13 25 0.011946579 
429 509 37 78 0.011943266 
272 730 37 68 0.011921884 
522 134 19 29 0.011911654 
461 409 32 61 0.011906447 
296 564 32 54 0.011898041 
560 25 11 23 0.011890297 
68 381 33 66 0.011886252 
283 540 31 55 0.011882943 
764 269 34 63 0.011873172 
654 264 14 27 0.011869339 
973 739 12 16 0.011835892 
996 279 17 24 0.011820387 
430 393 31 61 0.011804123 
943 72 28 45 0.011795427 
857 188 33 50 0.011794993 
92 716 26 23 0.011786911 
287 488 93 123 0.011786838 
952 377 30 56 0.011762835 
373 689 11 19 0.011757868 
144 -48 9 17 0.011755714 
11 409 30 53 0.011754335 
487 562 13 25 0.011740273 
1004 132 33 50 0.011735051 
689 546 14 26 0.011727058 
377 594 29 52 0.011710337 
920 107 32 55 0.0117095625 
751 619 22 35 0.011708791 
506 137 20 28 0.011701685 
95 161 19 31 0.011696714 
838 705 32 49 0.011680651 
464 667 10 15 0.011639711 
51 693 14 18 0.011623447 
384 687 14 22 0.011608075 
904 239 38 58 0.011606676 
882 583 14 29 0.011595492 
543 643 40 53 0.011575551 
772 689 16 17 0.011545582 
591 -50 9 19 0.011543582 
216 653 47 55 0.011542743 
739 647 15 25 0.011540187 
180 518 34 68 0.011537303 
779 498 16 40 0.01153172 
577 -51 10 21 0.011518259 
577 235 13 24 0.011515747 
3 338 29 69 0.011495475 
21 593 31 62 0.011493936 
737 449 29 59 0.011491748 
721 721 8 12 0.011490263 
841 360 19 36 0.011473075 
388 536 33 70 0.011460901 
922 734 15 14 0.011455889 
822 547 10 22 0.011452849 
1000 503 33 80 0.011442656 
662 754 29 67 0.011418732 
585 744 18 16 0.011411978 
88 593 32 61 0.011409493 
13 439 34 53 0.011398898 
784 698 39 44 0.011396689 
882 538 16 35 0.011395025 
616 448 36 63 0.011393634 
790 554 38 58 0.011376888 
494 542 35 70 0.011371322 
771 709 12 13 0.011371039 
710 336 28 60 0.0113681285 
169 27 27 40 0.011362106 
861 -20 8 13 0.011356569 
796 531 83 141 0.011351678 
912 742 11 16 0.011350766 
131 0 28 40 0.011346412 
34 93 16 27 0.0113388505 
522 359 35 68 0.01133261 
244 744 16 18 0.011325195 
718 737 10 12 0.011320819 
25 357 29 64 0.011317553 
497 617 39 58 0.011298259 
35 229 17 27 0.011280031 
484 137 19 26 0.011258344 
180 -49 11 18 0.011248633 
601 465 30 63 0.011229536 
950 327 29 57 0.011228774 
1005 368 33 66 0.011223342 
837 483 23 40 0.011206876 
462 266 13 24 0.011202968 
576 364 34 52 0.011197591 
112 730 18 18 0.011177588 
921 690 18 21 0.0111735305 
565 568 14 29 0.0111582205 
258 671 10 12 0.011148585 
703 687 13 22 0.011117982 
835 570 12 24 0.011108718 
372 553 27 69 0.011101563 
484 64 28 45 0.011097512 
500 374 29 61 0.011093939 
1011 -109 14 34 0.011090313 
932 85 35 62 0.011081709 
667 549 11 23 0.011080862 
170 664 16 21 0.011077233 
909 719 13 17 0.01106444 
48 174 19 25 0.01105741 
728 315 18 22 0.0110534 
360 341 36 71 0.011051389 
469 293 16 27 0.011049997 
746 289 38 62 0.011049356 
525 691 16 14 0.0110468455 
831 518 16 30 0.011036588 
668 617 12 19 0.011035496 
871 529 17 40 0.011023656 
390 325 32 59 0.011015369 
227 594 97 111 0.0109891975 
728 669 15 31 0.010985077 
291 370 104 90 0.010964146 
791 767 18 21 0.010959484 
54 708 13 14 0.010942621 
61 290 36 63 0.010895938 
865 625 42 67 0.010880045 
907 283 30 59 0.010869124 
167 480 29 60 0.010859737 
712 411 29 46 0.010842406 
548 42 14 28 0.010833174 
-6 570 80 126 0.0108291805 
480 603 38 60 0.010816347 
563 460 33 62 0.010814316 
23 39 93 112 0.010804231 
314 385 30 48 0.010793345 
954 735 18 20 0.010787121 
26 722 16 17 0.0107606435 
947 587 13 23 0.010753809 
194 723 10 13 0.010749341 
760 564 38 59 0.010730889 
665 511 36 71 0.010722702 
560 493 31 64 0.010718878 
452 669 55 57 0.010714289 
488 420 29 49 0.010712823 
221 749 27 30 0.010697603 
962 313 32 58 0.010696554 
148 556 32 55 0.010695392 
267 636 34 54 0.0106936665 
103 579 36 56 0.010685719 
380 278 34 47 0.010685236 
472 681 18 20 0.010672058 
921 255 35 57 0.010646752 
23 239 16 29 0.01064359 
70 428 32 47 0.010638961 
396 432 93 115 0.010632809 
506 437 36 51 0.010630041 
980 339 80 120 0.010618913 
463 -63 9 19 0.010616994 
790 109 33 50 0.010615688 
68 563 25 62 0.010604654 
730 359 35 50 0.010603594 
908 705 14 20 0.010600033 
626 290 17 24 0.010573302 
546 240 33 62 0.01057224 
1013 471 11 24 0.010566918 
702 665 16 35 0.010552594 
268 491 29 58 0.010545363 
684 333 29 62 0.010543204 
172 703 19 23 0.010537824 
537 261 13 28 0.010527863 
458 164 16 26 0.0105275065 
764 44 33 41 0.010521513 
593 3 77 88 0.010518039 
740 289 20 30 0.010499073 
723 23 36 45 0.010498464 
940 349 29 59 0.0104851825 
856 77 33 56 0.010478831 
873 321 32 64 0.01047041 
534 702 17 16 0.010462697 
474 330 31 62 0.010460475 
595 302 32 52 0.010456073 
1013 601 13 20 0.010445856 
476 -63 9 19 0.010444771 
449 482 30 60 0.010434206 
943 529 19 34 0.010420718 
653 -50 11 20 0.010419022 
432 569 17 31 0.010416824 
675 542 18 33 0.010412711 
158 159 143 146 0.010400748 
620 618 35 61 0.010386452 
689 687 15 24 0.010381282 
970 -140 42 60 0.010372444 
768 298 35 75 0.010359705 
503 674 26 25 0.010329518 
776 179 138 166 0.010328494 
101 561 17 36 0.010319811 
181 395 32 61 0.01030972 
803 151 69 85 0.010309531 
281 243 17 31 0.010299222 
919 666 122 105 0.010298093 
893 538 17 38 0.010288767 
693 367 30 54 0.01028135 
866 547 39 76 0.010271121 
725 641 18 34 0.010251495 
472 630 38 53 0.010246291 
17 724 11 13 0.010245105 
385 450 30 44 0.010235889 
754 440 36 59 0.010201781 
949 643 45 61 0.010197939 
334 312 20 34 0.010193247 
4 678 42 65 0.010190188 
351 577 86 107 0.010180243 
919 354 29 54 0.010154395 
747 473 29 66 0.010141271 
379 243 29 45 0.010121889 
895 714 15 22 0.010101686 
110 562 19 35 0.010095184 
560 286 31 55 0.010091063 
258 696 11 12 0.010086782 
671 630 35 62 0.010085264 
650 464 38 69 0.010083184 
345 286 16 32 0.010080679 
36 315 17 28 0.010078172 
925 326 87 111 0.010077387 
609 582 39 55 0.010074338 
652 637 34 51 0.010065958 
640 591 12 15 0.010065829 
40 404 31 55 0.010065636 
171 341 35 69 0.010059279 
789 212 16 29 0.010040622 
907 688 15 24 0.010035637 
708 209 29 35 0.010035519 
1007 573 18 28 0.010035367 
772 668 9 15 0.01001819 
95 532 89 100 0.010003267 
114 485 38 60 0.010002067 
