8_Election_Campain_Election_Campaign_8_32
2698
469 279 22 36 0.99966097 
110 238 25 33 0.9993772 
726 273 19 33 0.9989341 
223 261 24 33 0.99892527 
562 301 20 32 0.99880254 
365 286 21 33 0.9985306 
954 271 21 34 0.9980844 
325 290 19 31 0.997387 
874 286 22 31 0.99594694 
619 290 18 30 0.9943962 
665 273 21 33 0.9817426 
799 288 17 33 0.97078514 
917 261 24 37 0.96584374 
40 258 24 35 0.9351004 
960 251 15 18 0.5587872 
388 334 20 30 0.55107206 
193 240 18 29 0.46197253 
886 515 10 14 0.348856 
1 277 12 21 0.29397362 
59 346 19 23 0.2865111 
2 141 13 27 0.24055603 
992 256 17 25 0.22509581 
963 528 11 17 0.22167791 
2 84 7 17 0.20737386 
722 249 11 19 0.19565576 
745 248 12 19 0.19300336 
908 524 9 13 0.1791172 
591 1 8 11 0.17156239 
547 417 14 24 0.16832764 
949 496 9 14 0.16777489 
323 516 12 16 0.16635686 
987 248 18 20 0.15875489 
723 242 7 12 0.15362318 
370 351 13 23 0.14673504 
119 503 9 15 0.14630471 
925 441 8 16 0.14492542 
593 8 7 10 0.14247432 
70 351 16 22 0.14115168 
769 249 10 17 0.14066903 
285 372 10 19 0.13392787 
395 502 12 19 0.12994443 
483 514 13 18 0.11919602 
350 331 13 26 0.118481964 
384 375 10 18 0.11791759 
1007 494 14 18 0.117856346 
949 506 8 14 0.116639696 
754 248 10 18 0.11548777 
821 380 12 14 0.112916104 
4 519 7 15 0.10891565 
831 497 10 15 0.107974716 
352 235 17 27 0.10790217 
704 249 12 18 0.10661599 
901 522 8 13 0.10598104 
910 280 16 29 0.10506621 
706 242 8 12 0.10414951 
966 256 17 26 0.103854015 
59 543 16 21 0.10369743 
828 505 13 17 0.10364966 
268 366 9 20 0.10223721 
553 239 9 15 0.10141024 
947 519 8 14 0.10133344 
747 243 9 14 0.1007258 
554 9 8 11 0.099838234 
605 373 12 25 0.09943746 
6 344 22 28 0.09921702 
831 471 9 16 0.09894527 
1013 47 10 14 0.09857024 
831 378 12 13 0.09486596 
15 6 9 18 0.09389557 
197 494 8 14 0.09388859 
56 519 9 14 0.09331787 
680 241 8 13 0.092638105 
873 512 8 12 0.091869146 
914 51 7 28 0.09134252 
845 444 9 17 0.09033182 
861 513 8 12 0.09021487 
866 426 16 26 0.08917163 
999 56 10 15 0.088930205 
191 3 9 23 0.08890048 
932 365 10 19 0.0886469 
608 360 14 31 0.087800086 
192 532 9 15 0.087343656 
697 500 7 9 0.086969934 
619 10 6 10 0.08644438 
914 509 7 12 0.08640647 
632 2 6 9 0.08636117 
129 507 9 13 0.08584576 
593 50 7 11 0.085547075 
462 9 10 16 0.085372165 
529 1 8 11 0.08477982 
18 533 9 13 0.08471845 
845 380 10 13 0.08370396 
940 517 8 14 0.08243777 
9 276 13 20 0.081790395 
291 367 11 20 0.081280924 
990 244 12 13 0.08125512 
939 512 7 11 0.081244744 
945 192 17 32 0.08120713 
860 382 9 13 0.08108791 
1012 425 13 23 0.08095054 
426 325 12 22 0.08081389 
512 367 10 17 0.08001891 
621 2 6 9 0.07957714 
568 10 7 10 0.079183206 
27 506 10 12 0.079147756 
873 518 8 13 0.07890893 
479 1 6 9 0.07835635 
405 335 13 24 0.07823468 
357 361 14 23 0.07816938 
144 499 8 12 0.07806097 
1011 55 14 23 0.07803117 
730 242 8 12 0.07780181 
639 246 12 21 0.077629074 
504 1 7 10 0.07723732 
654 247 14 24 0.07695518 
771 243 7 11 0.07688964 
537 502 11 15 0.07626843 
399 497 11 15 0.076048456 
273 517 10 13 0.07595163 
1009 341 13 20 0.07559468 
671 241 8 13 0.075583056 
630 248 10 18 0.07550067 
912 485 6 10 0.07503685 
28 501 8 9 0.074513234 
540 1 7 11 0.07439163 
286 495 8 11 0.07392012 
298 507 7 12 0.073906355 
205 496 8 12 0.07355581 
554 1 7 10 0.07347526 
1015 383 7 13 0.073404655 
183 2 10 19 0.07310255 
556 35 7 11 0.07290799 
896 512 8 12 0.0726751 
632 242 7 11 0.07249352 
423 517 11 15 0.07206382 
629 495 8 12 0.0720603 
656 239 10 16 0.07197988 
832 249 9 16 0.071970046 
969 531 11 17 0.07182164 
140 530 10 15 0.071717374 
155 365 9 18 0.07170105 
199 487 6 10 0.071219765 
2 264 9 16 0.07103907 
60 533 13 18 0.0702637 
826 481 7 14 0.07019898 
606 2 6 9 0.069995835 
568 1 6 10 0.069906645 
2 93 8 22 0.06974953 
530 7 7 11 0.06968727 
540 7 7 12 0.069365434 
131 519 10 15 0.06841612 
784 242 7 9 0.06839021 
19 500 6 9 0.06806763 
602 384 11 21 0.06756935 
995 242 16 19 0.06729484 
293 292 17 31 0.06711546 
4 3 9 18 0.06707794 
870 419 10 16 0.06707113 
642 241 8 14 0.06702205 
606 11 6 9 0.06690157 
780 250 9 15 0.06646974 
817 338 14 25 0.06631755 
85 31 6 21 0.06617225 
914 497 7 12 0.06597488 
491 0 7 9 0.065577745 
633 8 6 11 0.06551937 
902 68 6 21 0.06543234 
285 488 8 11 0.065367155 
888 84 5 16 0.065232694 
903 528 8 14 0.065010175 
592 240 7 10 0.064974725 
593 21 8 12 0.06483175 
836 241 6 10 0.06470521 
479 8 7 14 0.064207286 
139 523 10 14 0.06416143 
694 251 10 15 0.06402774 
56 258 17 28 0.063716374 
888 71 6 19 0.06353972 
849 240 6 10 0.0632954 
713 360 11 24 0.06321143 
580 10 6 10 0.0625079 
90 158 9 15 0.06247352 
4 42 7 21 0.06210301 
72 341 12 18 0.06175732 
757 243 8 12 0.06167879 
80 158 9 14 0.06158075 
92 499 7 11 0.061548386 
25 17 10 19 0.061534964 
845 389 12 19 0.06151668 
927 455 7 15 0.0610637 
328 336 16 34 0.060809385 
141 503 10 14 0.060717665 
709 522 9 11 0.06022774 
591 37 7 11 0.059993863 
532 467 8 18 0.059738953 
697 242 6 10 0.059517782 
131 500 8 10 0.059248872 
40 32 7 17 0.059229206 
89 547 12 16 0.059202302 
563 239 9 13 0.059151232 
1015 41 6 10 0.059024535 
582 36 7 11 0.058882955 
590 338 13 26 0.05882246 
292 219 16 24 0.058748413 
594 57 7 12 0.0586527 
567 50 7 11 0.058547314 
149 309 13 30 0.058415253 
398 195 11 24 0.05834385 
606 24 6 11 0.05806486 
68 72 5 18 0.05797103 
30 29 8 19 0.05769099 
556 48 7 11 0.057682514 
620 24 6 11 0.057464175 
20 507 7 11 0.05737064 
607 35 6 10 0.05729457 
924 533 9 15 0.05726722 
106 519 8 13 0.057170708 
637 364 10 21 0.057168603 
722 536 7 10 0.057120502 
132 530 10 15 0.05710094 
334 187 8 15 0.057021648 
855 387 12 17 0.056934368 
35 252 20 25 0.056914352 
581 49 7 11 0.056729525 
451 195 9 22 0.05663487 
597 337 14 28 0.05652541 
619 35 6 10 0.056446463 
580 22 7 11 0.05640481 
4 547 8 14 0.056254935 
274 513 7 10 0.056176323 
964 511 7 11 0.05615448 
515 1 8 10 0.056105934 
435 315 12 19 0.05606716 
884 543 10 17 0.05586866 
683 184 7 20 0.05560335 
925 521 7 12 0.05559876 
408 194 11 24 0.055586185 
926 54 6 23 0.05535856 
755 172 9 17 0.055264316 
826 242 5 10 0.054933004 
194 12 9 26 0.0547916 
1011 352 10 15 0.054593027 
678 249 11 17 0.054579858 
923 12 9 25 0.054537468 
18 13 8 20 0.05409945 
876 532 9 15 0.053723957 
631 24 7 12 0.053404182 
925 511 7 11 0.053384386 
1008 247 17 21 0.05327144 
188 351 12 25 0.0532089 
1013 391 10 18 0.053200725 
872 382 9 12 0.053017866 
57 57 5 19 0.05289508 
973 521 9 16 0.05287695 
2 253 8 15 0.052823532 
770 32 7 15 0.052601475 
874 501 7 9 0.052520085 
93 31 6 21 0.05234728 
722 510 7 10 0.052327152 
377 374 10 18 0.052250065 
584 2 6 10 0.052129146 
192 546 10 16 0.05211557 
544 236 9 14 0.052045662 
107 510 7 10 0.05188366 
694 507 10 11 0.05187855 
478 18 8 16 0.05160793 
645 9 7 12 0.051577546 
900 53 7 27 0.05148644 
950 488 7 10 0.051395584 
467 2 5 9 0.0513578 
915 67 6 21 0.051252577 
607 240 5 10 0.05121234 
747 230 7 12 0.050962564 
661 497 7 11 0.050962564 
19 339 22 26 0.050878055 
396 366 11 19 0.050778378 
882 534 9 15 0.050723266 
471 191 11 22 0.050708003 
370 338 15 25 0.050496448 
745 258 10 20 0.05045746 
557 350 17 24 0.05043067 
15 414 8 19 0.050392553 
1011 309 14 24 0.05037851 
87 553 16 23 0.050072607 
12 138 9 17 0.05005537 
681 172 8 17 0.049833465 
118 519 9 13 0.04970203 
748 505 10 15 0.049626984 
847 251 8 14 0.049492814 
195 160 7 14 0.049379207 
753 185 10 20 0.04935801 
831 519 11 15 0.04928354 
692 170 9 19 0.049167044 
582 238 6 12 0.049132988 
10 150 12 26 0.049110346 
70 81 6 21 0.049096383 
966 542 9 16 0.048945434 
922 542 11 19 0.04880684 
1007 502 16 22 0.04862387 
569 20 7 12 0.04862224 
605 49 6 12 0.048580986 
276 271 21 29 0.048517507 
256 320 11 30 0.048427355 
815 515 15 17 0.048394345 
1014 370 8 12 0.048352808 
824 495 10 14 0.04821422 
504 10 6 9 0.048131403 
886 382 10 12 0.0481115 
876 74 5 16 0.04791952 
826 251 7 13 0.04789104 
27 252 14 17 0.047725238 
190 522 9 15 0.047511026 
190 552 14 23 0.04738974 
874 43 7 20 0.0473256 
348 364 12 21 0.047304995 
449 232 12 26 0.047279604 
183 13 9 26 0.04725547 
618 184 7 18 0.047238864 
602 59 8 13 0.047133546 
672 389 18 28 0.04711877 
1014 101 9 16 0.04710959 
207 210 9 18 0.047089763 
11 296 14 25 0.046994217 
332 196 10 19 0.04695076 
771 320 11 24 0.046937592 
873 406 8 14 0.046882425 
994 276 16 30 0.046809755 
60 561 16 30 0.046779063 
303 220 14 22 0.046725616 
43 43 7 20 0.046719942 
540 162 8 17 0.04664951 
895 378 12 13 0.046607073 
664 497 10 11 0.04657814 
54 311 13 22 0.046514038 
1006 41 6 9 0.0464878 
740 334 15 28 0.046470083 
746 198 10 19 0.046391908 
619 495 8 13 0.046307694 
16 428 7 18 0.046246596 
157 170 8 24 0.0462342 
631 33 7 12 0.046221007 
659 233 5 9 0.04619308 
1000 338 16 23 0.04617325 
466 188 8 16 0.04602833 
575 401 14 23 0.045884192 
418 233 15 28 0.04585767 
1002 51 7 11 0.04581996 
170 252 11 16 0.045814343 
786 233 5 8 0.045718394 
972 541 10 18 0.04571329 
750 498 6 11 0.04568352 
108 486 5 9 0.045640238 
839 455 7 15 0.045445345 
633 363 9 21 0.045431633 
842 443 7 17 0.045220833 
356 225 12 18 0.045218732 
687 322 16 32 0.045106087 
877 86 5 13 0.04509651 
753 196 11 22 0.04506331 
938 194 13 27 0.045000527 
290 246 17 26 0.044956427 
952 89 6 12 0.044780344 
1012 176 12 16 0.044779632 
162 388 12 23 0.044755563 
785 35 7 15 0.044689644 
977 75 6 12 0.044571955 
621 241 5 10 0.044560995 
924 27 9 26 0.044501785 
80 509 7 11 0.044420242 
410 329 10 17 0.044374697 
107 148 8 16 0.04436175 
706 500 6 9 0.044263657 
278 246 18 25 0.04419439 
758 495 8 13 0.044141997 
155 374 10 21 0.04412876 
143 298 12 25 0.04406109 
555 23 7 11 0.044005226 
981 325 19 26 0.043960556 
667 249 12 20 0.043845844 
935 184 12 24 0.043783028 
147 552 17 25 0.043693002 
13 198 9 26 0.043652706 
772 162 7 16 0.043630037 
833 530 12 16 0.043548595 
643 169 8 19 0.04354161 
285 509 8 12 0.04352584 
19 32 6 18 0.043415755 
5 534 6 12 0.043370392 
56 512 7 10 0.043363832 
928 469 7 13 0.04336204 
377 524 7 12 0.043176472 
149 568 18 24 0.043155238 
60 327 13 19 0.04312298 
108 473 5 10 0.043115582 
91 535 8 12 0.042985693 
690 184 9 20 0.042977713 
415 98 6 16 0.042966913 
913 14 9 20 0.04285038 
924 406 6 12 0.04276321 
347 347 14 26 0.042762622 
166 504 9 14 0.04272784 
938 27 8 25 0.042727113 
248 502 7 10 0.04270656 
119 536 8 12 0.04268161 
926 376 8 14 0.042651877 
17 524 7 11 0.042650905 
911 124 7 13 0.042643286 
93 508 7 10 0.042627815 
1011 261 15 21 0.042572457 
448 203 11 24 0.042562906 
68 496 7 12 0.04255902 
491 37 6 10 0.04250621 
820 508 14 17 0.042450447 
82 497 6 11 0.042442802 
611 385 12 23 0.042425986 
658 0 6 9 0.04239227 
540 385 14 22 0.042379465 
391 507 9 15 0.042355936 
245 320 11 32 0.042297322 
144 171 8 22 0.042270254 
925 499 6 10 0.042264696 
480 32 6 13 0.042242315 
771 171 8 17 0.042226925 
385 205 13 23 0.04219863 
488 11 7 11 0.042156156 
827 337 14 24 0.041993834 
967 78 5 11 0.041962486 
915 114 5 13 0.041918572 
767 258 12 21 0.041879997 
946 339 12 23 0.041827105 
927 487 5 9 0.041802175 
325 530 10 16 0.04176907 
997 323 17 25 0.041745532 
999 309 15 25 0.04173782 
401 486 8 10 0.041735165 
513 508 9 13 0.041718025 
667 162 8 17 0.04163922 
560 244 12 21 0.04143283 
850 521 8 11 0.041414965 
746 186 9 18 0.041317314 
58 67 6 21 0.041280612 
1014 435 13 25 0.041153576 
846 467 9 15 0.04114448 
1003 486 9 13 0.04112614 
797 277 13 22 0.041116778 
450 312 12 23 0.041105125 
786 17 7 15 0.040970024 
706 170 9 18 0.04094484 
22 8 12 19 0.040585805 
281 518 10 14 0.040558062 
849 233 5 9 0.040508855 
192 171 8 20 0.040501464 
1012 485 11 18 0.040459525 
248 506 9 12 0.04045473 
746 174 8 16 0.040437963 
884 39 10 29 0.040437512 
176 200 192 234 0.040383413 
376 530 8 14 0.040379334 
260 200 8 16 0.040304314 
730 185 11 21 0.04018375 
348 310 14 23 0.04011675 
700 287 14 25 0.04008903 
324 197 10 18 0.040058102 
891 296 15 23 0.039992504 
-56 569 322 333 0.039985225 
895 181 11 19 0.039981022 
938 42 7 23 0.03996322 
95 44 6 19 0.039879143 
845 373 8 11 0.03985892 
464 29 8 16 0.039836258 
951 28 7 22 0.039819747 
1013 402 11 20 0.039769802 
411 186 8 18 0.039746113 
15 105 8 20 0.0397303 
810 187 8 16 0.03970395 
681 -2 58 74 0.039647758 
259 212 10 18 0.039645247 
53 46 6 18 0.039600104 
182 246 14 22 0.03953194 
980 169 20 23 0.039501574 
653 160 9 19 0.03946931 
1010 271 14 25 0.03946708 
709 533 8 11 0.039465185 
166 407 8 15 0.03946454 
332 508 10 14 0.039456256 
289 231 18 27 0.039352372 
193 504 8 15 0.03931168 
332 360 12 23 0.03927521 
977 511 6 11 0.039265428 
655 169 8 19 0.03923438 
514 186 8 18 0.039088164 
904 126 5 12 0.03904838 
591 249 8 16 0.03898581 
437 354 11 19 0.03892482 
179 258 13 21 0.038896013 
876 541 9 17 0.03886532 
951 96 8 14 0.03883303 
156 357 6 13 0.03881578 
157 498 8 11 0.03872687 
270 200 9 16 0.038673177 
157 521 8 13 0.03862204 
668 170 8 18 0.03859752 
157 198 8 17 0.038513046 
745 213 9 15 0.038505364 
68 509 7 12 0.038488317 
730 173 10 17 0.03845422 
861 187 9 15 0.038393892 
812 241 6 10 0.03833592 
167 171 8 22 0.038266547 
974 246 10 11 0.03825693 
410 367 9 18 0.038196765 
709 513 7 9 0.03819039 
908 172 10 19 0.03809327 
585 399 13 22 0.038030043 
524 248 13 22 0.037994307 
958 496 9 14 0.03798322 
165 569 16 25 0.03795015 
361 197 9 18 0.037940525 
326 189 7 13 0.037915953 
900 20 8 17 0.03791517 
1001 543 8 17 0.03786506 
963 246 9 11 0.03786411 
2 76 6 15 0.037857708 
540 39 7 10 0.0378047 
643 22 7 13 0.03777098 
387 531 8 14 0.037761573 
406 396 11 25 0.03770372 
24 533 11 15 0.03761599 
80 16 7 21 0.03755825 
934 170 11 21 0.03753276 
580 491 9 15 0.03747421 
84 44 6 17 0.037469916 
860 198 11 19 0.037461508 
799 242 5 9 0.037458032 
605 185 8 17 0.037423503 
338 486 7 10 0.037415035 
208 506 7 13 0.037413865 
156 182 8 22 0.03740112 
646 2 6 8 0.037395753 
731 507 8 12 0.037393816 
386 522 7 12 0.037389945 
280 222 17 23 0.03737761 
915 7 8 17 0.037365068 
988 267 16 28 0.037291974 
904 498 5 11 0.037276458 
409 206 11 23 0.037169587 
756 262 9 18 0.03710011 
820 370 14 17 0.037087947 
183 357 11 24 0.0370684 
638 372 11 26 0.03704831 
427 110 5 15 0.0370451 
626 155 12 24 0.03689592 
516 36 7 10 0.03681438 
843 532 10 16 0.036801912 
782 43 10 22 0.036795743 
182 27 8 25 0.036784388 
553 188 7 15 0.036675934 
17 546 8 13 0.036675345 
173 81 4 8 0.0366631 
169 198 8 17 0.03664584 
997 224 14 19 0.03664165 
157 534 8 13 0.036603827 
5 512 6 11 0.03659798 
168 500 8 10 0.03656904 
866 -12 221 245 0.036459602 
873 390 8 13 0.036453478 
708 184 8 19 0.03643317 
91 521 8 12 0.036417224 
196 152 6 13 0.0364133 
757 163 8 16 0.036269575 
447 355 11 18 0.036229745 
517 10 6 9 0.03621644 
152 545 11 18 0.036181297 
69 159 6 14 0.03614865 
542 188 8 15 0.036139604 
620 250 8 15 0.036103513 
810 173 8 15 0.036086954 
243 171 11 22 0.035988275 
837 162 7 13 0.035983272 
964 86 6 12 0.035981294 
81 486 6 10 0.03597953 
692 286 13 25 0.035957787 
186 533 8 13 0.03593983 
839 234 5 8 0.03585188 
267 244 18 26 0.035814226 
80 175 9 17 0.03568147 
1015 7 8 14 0.035638608 
531 48 6 10 0.03560243 
797 252 7 12 0.03558937 
929 250 16 22 0.035539042 
300 15 7 25 0.035503276 
306 -1 14 24 0.03548046 
108 534 7 12 0.035417054 
358 213 11 18 0.035403907 
93 21 6 17 0.035317093 
860 403 9 17 0.035302218 
572 360 15 23 0.03529946 
710 234 5 8 0.035286732 
784 173 7 15 0.03527083 
503 188 9 16 0.035180435 
552 162 8 16 0.03517678 
642 510 7 10 0.03515956 
500 196 9 22 0.035092637 
305 213 11 17 0.035085525 
564 414 9 16 0.035029564 
835 190 9 14 0.035010856 
634 510 6 10 0.03500527 
110 501 5 9 0.034983207 
925 112 7 13 0.03488845 
942 499 6 11 0.034869574 
31 71 7 18 0.034850266 
590 388 12 21 0.03484777 
196 212 8 17 0.03482625 
1015 451 11 21 0.03479005 
40 510 8 10 0.034741804 
540 48 7 10 0.034722812 
103 174 8 17 0.034704264 
824 188 7 14 0.03470148 
935 534 9 14 0.03469011 
455 17 8 18 0.034686584 
1010 517 13 19 0.034672074 
402 392 9 19 0.034642234 
935 13 9 26 0.034609314 
312 511 7 10 0.034579635 
616 171 8 18 0.03455625 
613 353 10 20 0.03451318 
825 235 5 7 0.034511354 
579 59 7 11 0.034510653 
183 183 7 19 0.03448464 
724 503 5 8 0.03440756 
362 510 7 11 0.034399103 
16 251 10 14 0.03433201 
61 282 12 21 0.034324013 
771 24 6 12 0.03431797 
582 235 5 8 0.03431551 
772 45 7 19 0.03426159 
323 498 10 13 0.034259062 
863 176 7 13 0.034253128 
221 199 8 19 0.03421628 
296 529 9 15 0.034212127 
988 228 11 14 0.034206167 
910 198 9 20 0.034204148 
858 544 9 17 0.03419663 
929 101 5 12 0.034182988 
543 404 9 16 0.034179542 
959 147 11 17 0.034164753 
581 187 8 16 0.03413663 
180 377 10 20 0.03409743 
723 234 6 8 0.03409266 
79 198 8 18 0.034076594 
100 319 16 30 0.034052838 
903 83 5 17 0.034027845 
532 459 7 12 0.034025997 
566 37 7 11 0.033995256 
931 442 10 17 0.033987656 
336 176 7 14 0.03396622 
430 332 16 27 0.03395243 
905 484 5 12 0.033943355 
800 233 4 8 0.033922214 
753 505 10 16 0.033915266 
17 46 6 17 0.033849575 
774 232 5 9 0.03384096 
937 470 8 13 0.033821974 
333 532 10 16 0.033715896 
297 520 7 13 0.03369652 
14 1 9 13 0.033686757 
830 310 15 21 0.033669505 
994 60 7 12 0.033642694 
268 212 11 18 0.033636548 
813 234 5 8 0.033612188 
681 163 8 16 0.033553924 
400 187 9 17 0.033487096 
722 544 8 14 0.033476483 
497 325 14 25 0.033456597 
16 126 7 13 0.033390373 
325 34 6 17 0.033374567 
924 394 8 14 0.033305507 
769 496 8 14 0.0332534 
818 327 12 19 0.03325269 
798 269 8 13 0.033239342 
718 171 10 18 0.03316524 
11 220 12 25 0.033133898 
435 26 12 27 0.033130337 
233 197 8 20 0.03310348 
834 199 9 16 0.033093903 
590 186 7 16 0.033054654 
936 161 10 18 0.03302026 
943 90 4 12 0.032988004 
514 246 12 21 0.032978654 
455 2 5 8 0.03295987 
121 490 5 8 0.0328926 
58 498 7 12 0.032873183 
38 347 18 19 0.032832976 
912 545 9 16 0.03282872 
531 39 6 10 0.03282715 
86 360 13 23 0.032822505 
4 429 7 18 0.03280295 
951 531 7 13 0.032787487 
489 21 7 12 0.032786604 
183 200 7 16 0.032734 
336 497 9 11 0.032717668 
463 522 8 13 0.03271457 
554 234 6 10 0.03263953 
909 183 8 18 0.032622926 
159 506 8 13 0.03258551 
912 28 9 25 0.03255505 
374 487 8 10 0.032542076 
552 171 7 16 0.032542046 
288 271 20 30 0.032532897 
404 97 5 15 0.032526437 
590 535 9 16 0.032507304 
917 287 16 32 0.03249262 
204 16 9 25 0.032437857 
847 540 10 20 0.03241259 
885 443 8 15 0.032382987 
471 441 13 25 0.032381214 
424 162 9 15 0.032374624 
97 59 5 15 0.032352295 
975 85 8 15 0.03229816 
169 183 8 20 0.03229447 
206 487 6 10 0.032248165 
14 265 11 16 0.032141235 
98 294 17 32 0.03201469 
283 531 11 16 0.031956203 
427 99 5 16 0.031937182 
158 160 7 16 0.03193667 
552 364 13 21 0.031933863 
47 -5 14 15 0.031927887 
961 98 9 17 0.031907827 
600 398 12 22 0.031863883 
80 186 7 14 0.031859048 
83 520 8 12 0.03185328 
350 225 11 17 0.03180039 
795 196 10 21 0.031797193 
455 189 6 13 0.03178736 
998 181 15 22 0.0317827 
885 390 9 12 0.03176576 
1003 533 7 12 0.03175756 
539 520 10 14 0.031745892 
28 522 9 13 0.031687386 
934 241 11 15 0.03165501 
672 234 5 9 0.03163649 
897 28 9 23 0.031624444 
455 8 8 14 0.031606004 
7 319 19 33 0.03152311 
887 453 8 16 0.03151076 
714 522 10 13 0.031494673 
416 519 10 14 0.03148927 
268 224 14 19 0.031454828 
145 319 10 25 0.03144003 
305 233 15 23 0.03142329 
258 186 8 17 0.03139574 
774 377 6 17 0.031360958 
768 295 13 25 0.031283334 
274 500 5 9 0.031278115 
630 184 7 17 0.03126865 
263 372 7 21 0.031255066 
195 25 9 27 0.031211926 
428 318 8 14 0.031205017 
629 169 9 19 0.031099899 
960 469 10 16 0.03100063 
797 189 8 15 0.030996619 
512 337 10 21 0.030988608 
57 551 13 24 0.030943671 
799 173 7 15 0.030930592 
79 570 12 20 0.030859698 
435 233 13 26 0.030858578 
17 57 7 17 0.030857047 
594 235 4 8 0.030854305 
604 171 9 17 0.030844167 
145 199 8 16 0.030835606 
618 46 7 13 0.03082316 
157 139 7 13 0.03081884 
185 506 8 13 0.03081759 
208 201 7 17 0.030814921 
783 163 6 16 0.030812223 
859 250 8 14 0.030801639 
835 174 8 14 0.030728703 
833 388 13 17 0.030719757 
309 13 9 25 0.030666811 
860 228 7 12 0.0306627 
109 135 7 16 0.030662367 
297 500 7 11 0.030632291 
810 253 7 12 0.03061274 
55 567 12 22 0.030594366 
144 543 12 18 0.030572772 
504 24 6 11 0.030567309 
941 486 6 10 0.030495103 
396 221 13 23 0.03049123 
14 242 10 15 0.030445257 
732 335 13 25 0.030389743 
258 310 13 28 0.030356025 
12 182 9 25 0.030337807 
216 316 13 33 0.030282047 
667 488 7 9 0.030247279 
210 31 6 21 0.030235711 
234 183 8 18 0.030189922 
873 53 8 24 0.030173354 
1012 121 13 20 0.0301613 
441 110 6 15 0.030157676 
913 476 6 9 0.030148823 
999 206 15 25 0.030125322 
809 195 9 20 0.03007783 
24 294 15 25 0.030063776 
146 489 6 8 0.030040063 
899 198 9 18 0.03003061 
373 184 10 18 0.030018084 
643 183 7 18 0.030003175 
348 213 10 17 0.029997604 
928 70 5 18 0.029932212 
666 148 9 17 0.029881693 
938 111 8 14 0.029859291 
195 226 11 18 0.02982922 
464 46 8 17 0.029823547 
735 232 6 9 0.029817944 
565 161 9 17 0.029814992 
936 354 8 16 0.029801311 
408 376 10 19 0.029760115 
109 63 4 12 0.029744374 
863 92 4 9 0.02969611 
860 241 6 11 0.029638693 
545 375 17 25 0.029638527 
889 141 5 11 0.029619955 
974 17 8 19 0.029615853 
413 86 6 16 0.029604806 
935 391 8 16 0.029603552 
31 57 7 18 0.029584952 
717 383 11 28 0.029566737 
355 306 17 28 0.029543186 
363 187 8 16 0.0295398 
710 355 9 18 0.029524066 
959 186 11 20 0.02950201 
885 406 7 12 0.029481549 
939 99 6 12 0.029460248 
865 501 6 8 0.029410329 
542 201 8 17 0.029399173 
296 199 10 16 0.029385678 
757 231 7 11 0.029366516 
782 10 10 14 0.029359965 
693 162 9 17 0.029337693 
755 213 9 14 0.02929115 
186 521 8 14 0.029286524 
184 160 6 15 0.02928466 
103 160 8 15 0.029272558 
541 150 7 13 0.029254701 
39 522 8 11 0.02925196 
701 318 14 32 0.02923222 
540 246 11 20 0.029207787 
168 381 9 16 0.029188108 
258 509 7 10 0.029156398 
134 489 6 8 0.029143533 
922 240 13 15 0.029125175 
917 86 4 16 0.029117694 
157 149 8 15 0.029109154 
-22 75 149 227 0.029096616 
923 159 8 16 0.029091766 
424 171 8 15 0.029040448 
168 535 8 13 0.028998274 
990 70 8 15 0.028986836 
816 298 13 25 0.02898329 
732 536 7 10 0.02897569 
863 418 9 16 0.028973304 
103 186 8 16 0.028965624 
646 233 5 8 0.028917965 
867 444 14 24 0.02890596 
81 96 7 17 0.028902449 
91 175 9 16 0.028870655 
590 360 12 21 0.02884967 
516 49 6 10 0.028811567 
92 184 9 16 0.028807828 
178 570 13 21 0.02878805 
591 424 10 23 0.028760975 
490 197 8 19 0.02875081 
823 176 7 13 0.028740736 
178 269 14 23 0.028727248 
888 148 6 12 0.028712256 
71 188 6 13 0.028685346 
339 46 6 14 0.028681694 
860 467 9 15 0.028673911 
867 197 11 20 0.028645571 
940 58 5 18 0.028624063 
284 200 9 15 0.028606372 
144 337 10 22 0.028598081 
402 85 6 17 0.02859554 
94 487 5 9 0.028592361 
785 188 7 15 0.028588383 
683 234 5 9 0.028574036 
15 392 8 18 0.028570782 
972 323 18 27 0.02855229 
865 47 5 13 0.028548641 
924 420 6 11 0.02854516 
426 513 9 11 0.028530333 
345 300 11 20 0.028527036 
933 457 9 16 0.028524656 
845 164 8 12 0.028493535 
71 433 5 12 0.028491495 
389 100 5 12 0.028465137 
116 136 7 13 0.028401392 
229 318 13 33 0.028388165 
38 -4 14 15 0.028371101 
541 22 7 11 0.028347023 
196 201 7 17 0.0283234 
721 185 10 19 0.028308328 
116 148 7 15 0.028204324 
1011 206 14 25 0.028172512 
617 160 10 19 0.028131321 
905 116 4 11 0.028123036 
235 172 9 19 0.028116873 
937 227 10 15 0.028112164 
671 185 7 16 0.028106885 
845 398 11 19 0.02805745 
73 443 5 12 0.028051522 
730 547 8 14 0.02803911 
886 502 7 10 0.02803873 
223 111 6 13 0.028015712 
981 308 19 30 0.02797642 
917 421 6 9 0.02795702 
410 222 13 24 0.027955644 
580 249 8 15 0.027946211 
1000 66 10 19 0.027927153 
462 205 9 23 0.027867705 
1002 112 9 13 0.027845591 
88 296 16 29 0.027824063 
148 353 6 15 0.02780458 
530 174 8 14 0.027802257 
568 57 7 12 0.027774848 
948 363 10 20 0.027753996 
461 234 11 23 0.027727745 
0 293 13 26 0.027727503 
492 126 5 11 0.027715476 
579 138 8 11 0.027709447 
667 0 8 10 0.027700553 
603 251 9 15 0.02768556 
561 426 11 21 0.027678758 
397 516 10 16 0.027647777 
846 433 10 18 0.027640587 
421 222 13 24 0.027602132 
269 260 15 22 0.027592922 
1015 0 7 11 0.027586486 
667 395 14 23 0.02757968 
373 196 10 20 0.027572494 
898 547 7 14 0.027562305 
910 379 10 12 0.027552672 
12 169 10 25 0.027521541 
634 234 4 8 0.02750758 
751 335 13 26 0.027487906 
895 565 12 28 0.02748727 
757 363 8 22 0.027479393 
309 199 10 16 0.02747624 
862 451 11 17 0.02747614 
161 405 8 15 0.027472375 
192 566 15 23 0.027462248 
870 188 8 14 0.027445123 
776 318 15 29 0.027430005 
272 532 11 15 0.027421268 
587 412 12 23 0.027390396 
326 48 5 15 0.027338816 
71 175 6 14 0.027325278 
168 160 7 16 0.027297765 
926 123 7 15 0.027261095 
1018 26 6 12 0.027259694 
795 18 8 17 0.027256534 
67 61 5 16 0.027249139 
173 87 5 10 0.027237555 
939 338 10 22 0.02723643 
170 138 6 13 0.02720809 
515 356 8 16 0.027198626 
78 85 7 18 0.027128259 
528 186 7 16 0.027114928 
57 152 6 12 0.027085772 
436 511 9 12 0.027047673 
407 496 10 14 0.027022637 
989 523 8 11 0.027014742 
6 418 6 16 0.027014183 
426 351 9 18 0.02699333 
448 42 10 24 0.026989458 
160 81 4 7 0.02695682 
807 267 8 14 0.02694081 
517 25 6 10 0.026879044 
41 502 6 8 0.026871007 
298 190 7 13 0.02682333 
26 544 10 15 0.02682099 
18 72 6 15 0.0268098 
192 342 9 17 0.026787674 
107 127 6 12 0.026711248 
288 430 7 15 0.026705552 
233 536 9 13 0.026696468 
70 17 8 19 0.026678236 
94 111 6 14 0.026608791 
324 484 8 11 0.02657212 
147 139 6 11 0.026542444 
304 247 15 23 0.026536867 
205 361 13 26 0.026535107 
282 291 19 29 0.026491633 
362 546 8 12 0.026483253 
164 322 11 25 0.026432956 
502 176 7 11 0.026424373 
857 210 12 18 0.026423153 
643 261 10 19 0.026360523 
657 185 7 16 0.026360175 
681 331 15 29 0.026350051 
335 237 13 19 0.026330318 
131 159 7 16 0.026306722 
92 199 9 16 0.02628616 
532 505 8 13 0.026282646 
27 413 9 18 0.026259322 
959 335 15 27 0.026253877 
539 481 9 15 0.026228117 
795 30 8 21 0.026218534 
505 35 6 10 0.026217535 
70 488 5 9 0.026182324 
864 488 6 11 0.026168222 
592 509 8 11 0.026167912 
103 387 10 18 0.02616544 
955 78 5 11 0.026127867 
24 153 11 24 0.026126334 
375 511 7 10 0.026107443 
733 572 7 17 0.02605563 
385 221 13 21 0.026009005 
989 534 8 11 0.025984874 
1011 284 14 26 0.02597149 
732 196 10 20 0.02596678 
152 334 11 24 0.025954451 
220 148 9 15 0.025950348 
975 197 9 19 0.025908494 
603 69 9 14 0.025905993 
374 209 12 20 0.025883172 
707 373 11 24 0.025842842 
733 502 5 8 0.025786843 
730 374 10 25 0.025740592 
321 247 13 22 0.025720047 
978 498 7 11 0.02571802 
590 520 9 14 0.025711408 
203 224 12 19 0.025681634 
300 1 10 26 0.025665725 
1007 368 6 12 0.025649058 
185 81 4 9 0.02564469 
530 21 7 12 0.02562821 
1013 529 10 17 0.025584873 
219 139 8 14 0.02557413 
964 30 6 19 0.02555791 
581 71 7 14 0.025549894 
133 85 6 11 0.025541374 
232 544 12 17 0.025540704 
450 31 9 18 0.025539415 
491 206 9 23 0.025492722 
479 126 6 11 0.025477942 
132 151 7 13 0.025473641 
981 66 4 10 0.025445826 
795 3 10 17 0.025412207 
898 392 9 11 0.025380863 
716 338 11 23 0.025365088 
550 408 11 15 0.025348356 
950 17 8 21 0.025342783 
286 467 8 16 0.025325786 
755 306 15 27 0.025322448 
512 326 9 17 0.025318202 
263 418 5 15 0.025304912 
77 6 8 21 0.025295015 
113 321 13 27 0.02528958 
38 533 9 13 0.025284138 
894 556 9 19 0.02526556 
149 366 7 15 0.025235271 
67 208 9 27 0.025223639 
219 208 9 19 0.025200432 
987 281 14 26 0.025158983 
453 113 5 13 0.025156192 
861 478 222 337 0.025155565 
29 123 8 15 0.025153654 
144 161 7 14 0.025121568 
118 173 8 18 0.02511598 
630 488 6 10 0.025114048 
704 259 14 22 0.025113767 
323 260 12 21 0.025096595 
4 126 6 13 0.025095971 
972 7 9 19 0.025094816 
591 162 10 17 0.025088498 
865 75 5 14 0.025088238 
131 171 8 20 0.025080273 
27 404 9 17 0.025033567 
183 152 7 13 0.025032056 
157 490 6 8 0.02496962 
924 198 8 19 0.024949234 
902 137 6 12 0.02493876 
1012 134 12 20 0.024922958 
529 150 7 13 0.024896959 
923 227 10 16 0.02489552 
220 96 8 14 0.024877585 
416 111 5 14 0.02486084 
339 38 6 14 0.024858044 
929 89 5 13 0.024822071 
831 541 12 20 0.024791837 
592 172 8 16 0.0247867 
490 141 6 10 0.02477644 
259 224 11 16 0.024765566 
145 150 7 13 0.024753563 
169 150 6 15 0.024746954 
885 553 12 21 0.024742337 
287 417 8 13 0.024734154 
845 553 11 22 0.024728352 
770 483 7 14 0.024703413 
996 53 5 10 0.024698814 
438 206 11 23 0.024682086 
348 48 7 12 0.02464608 
876 99 4 12 0.024635376 
786 197 8 18 0.024612287 
348 199 9 18 0.024595827 
1015 468 11 18 0.024591234 
186 87 5 10 0.024584832 
314 519 7 12 0.024579924 
554 59 7 12 0.024570469 
385 158 10 19 0.024564976 
2 221 9 23 0.02453413 
219 362 11 24 0.024508607 
1015 164 11 16 0.02449095 
36 545 11 15 0.024480503 
128 544 12 17 0.02447169 
918 443 6 12 0.024427682 
205 350 11 23 0.024414979 
688 307 17 31 0.024376601 
985 83 11 19 0.024371449 
118 546 10 15 0.024365408 
118 390 9 15 0.024351668 
466 141 5 10 0.02434846 
510 497 10 14 0.02431824 
78 471 7 15 0.0243155 
851 512 6 10 0.024305923 
581 199 7 14 0.024301639 
933 543 9 16 0.024297878 
698 490 5 8 0.024293588 
331 322 13 25 0.02428882 
887 421 6 11 0.02428017 
578 160 9 17 0.02427796 
31 43 7 18 0.024262775 
1005 26 5 11 0.02425972 
375 495 8 11 0.024255674 
949 472 9 13 0.024239678 
435 162 8 14 0.024238385 
54 404 8 16 0.024211925 
810 337 12 24 0.024200596 
869 210 10 17 0.024198096 
999 121 12 18 0.024173956 
193 325 10 19 0.024172397 
184 556 11 19 0.024168378 
114 572 13 20 0.024165532 
761 92 5 9 0.024163924 
516 176 6 13 0.024163296 
973 90 11 23 0.024152653 
621 487 6 11 0.024107492 
820 312 12 19 0.02410557 
121 85 6 13 0.02409779 
515 388 10 18 0.024040328 
608 235 4 8 0.024018537 
503 508 8 13 0.023997862 
413 173 8 15 0.023950934 
479 141 6 10 0.02394345 
594 115 6 11 0.023943296 
387 186 9 17 0.023932561 
90 375 11 21 0.023929508 
917 101 5 13 0.023918575 
989 544 8 15 0.023915423 
965 18 7 19 0.023904633 
920 549 15 26 0.023899127 
808 15 10 23 0.023889085 
568 234 5 9 0.023874445 
888 33 8 18 0.023854544 
675 363 15 26 0.023847414 
321 471 9 14 0.023843573 
22 322 18 28 0.02382728 
954 202 16 29 0.02382509 
858 533 9 14 0.023819799 
321 234 12 21 0.023760084 
891 98 4 13 0.023742378 
51 301 12 21 0.023712896 
838 416 7 16 0.023706485 
718 570 9 19 0.023704201 
755 274 10 18 0.023686247 
104 199 8 15 0.023672638 
467 126 5 11 0.023668274 
414 243 12 24 0.023645496 
107 21 6 16 0.023628067 
459 366 13 18 0.023560824 
82 557 12 19 0.023556806 
266 307 15 26 0.023541756 
505 369 10 15 0.023524912 
935 433 7 13 0.02351533 
549 430 11 25 0.023499778 
172 99 5 11 0.02349597 
185 547 8 13 0.023484375 
845 174 9 14 0.023464078 
462 529 10 16 0.023458257 
847 417 8 16 0.023445258 
916 434 6 11 0.023422366 
759 376 8 20 0.023415033 
189 372 12 25 0.02340543 
71 199 6 16 0.023378335 
489 470 8 15 0.023362119 
875 37 6 13 0.023335746 
825 197 8 17 0.023334237 
16 86 6 15 0.023309493 
901 432 7 11 0.023297947 
839 432 7 16 0.02329532 
282 213 12 18 0.02326999 
504 127 6 9 0.023259593 
488 150 7 14 0.02324434 
4 18 8 17 0.023240263 
413 290 9 16 0.023238787 
915 409 7 10 0.023234526 
222 126 6 12 0.023233721 
206 320 12 27 0.023229068 
913 241 10 14 0.02322583 
1011 224 15 21 0.023216534 
76 370 11 24 0.023214962 
530 161 7 16 0.023207562 
185 97 5 13 0.023201074 
653 149 10 17 0.023191545 
1003 519 9 14 0.023177646 
989 510 8 11 0.023160655 
760 487 6 11 0.023137271 
268 279 19 29 0.02312444 
914 162 7 15 0.023120638 
948 224 11 17 0.023119181 
42 417 8 15 0.023113778 
781 342 12 29 0.023086231 
845 189 9 15 0.023047166 
473 206 10 24 0.023037605 
566 511 8 11 0.022996195 
505 496 9 13 0.02299339 
884 431 8 15 0.022977775 
961 483 8 13 0.022960326 
448 222 11 23 0.022937497 
537 458 8 15 0.022935685 
219 346 11 26 0.022925189 
492 44 7 13 0.022901861 
426 363 9 19 0.022896096 
254 174 10 18 0.022879833 
514 239 9 16 0.022857143 
48 371 15 26 0.022844404 
121 77 5 10 0.022842731 
809 163 7 16 0.022828743 
685 488 5 8 0.02282323 
119 160 7 15 0.022809798 
552 200 7 16 0.022798073 
312 499 7 11 0.022789316 
949 108 10 18 0.022772362 
952 147 11 18 0.02276967 
960 157 11 18 0.022766145 
653 5 9 15 0.022748055 
385 385 10 21 0.022743983 
420 287 11 19 0.022721801 
467 114 5 12 0.022708442 
322 211 9 17 0.022705363 
41 403 8 15 0.022702962 
350 509 7 11 0.02269945 
3 198 7 24 0.022684455 
543 339 10 18 0.022656351 
182 138 7 13 0.022656063 
873 227 8 14 0.022655144 
440 196 10 20 0.022655027 
78 329 9 16 0.022652311 
78 442 6 14 0.0226367 
773 367 7 17 0.022632195 
26 260 21 26 0.022586843 
169 340 8 17 0.022569932 
528 379 8 14 0.022556314 
864 57 5 16 0.02255403 
965 416 9 16 0.022549447 
792 315 16 31 0.022547804 
159 88 5 9 0.02253309 
845 311 12 20 0.022531737 
36 556 13 17 0.022530992 
950 391 9 16 0.022528771 
386 85 7 16 0.02250672 
59 159 6 15 0.022490345 
313 34 6 21 0.02248371 
206 337 11 21 0.022482535 
79 298 12 23 0.022481762 
924 172 9 18 0.022470532 
109 431 6 15 0.022462882 
270 359 9 16 0.022453548 
811 442 7 17 0.022451423 
375 474 6 10 0.02243779 
261 502 6 10 0.022426283 
4 55 7 20 0.022405395 
255 235 17 23 0.022392338 
6 499 6 11 0.02237766 
266 320 12 27 0.022376072 
423 210 10 21 0.02236812 
1008 393 5 13 0.022347577 
168 414 7 13 0.022346118 
246 200 8 17 0.022340229 
578 149 9 14 0.022315463 
444 333 15 28 0.02229376 
794 42 9 23 0.022272166 
733 556 7 17 0.022268817 
593 439 8 19 0.022250028 
77 287 11 20 0.022242958 
621 235 4 8 0.022226315 
550 338 14 23 0.022217 
540 209 10 19 0.02221069 
314 532 8 13 0.02221035 
60 300 11 20 0.022191927 
951 431 8 14 0.022182526 
811 135 6 12 0.022177245 
774 391 6 19 0.022169048 
211 95 7 15 0.022164624 
616 401 9 18 0.022146825 
140 286 13 24 0.022133136 
800 135 6 12 0.022120502 
848 482 8 13 0.022115992 
23 306 15 28 0.022115456 
904 100 4 14 0.02210641 
42 70 7 22 0.02209451 
352 126 4 14 0.022087071 
567 405 13 20 0.022080652 
103 350 10 18 0.022076884 
479 114 5 12 0.022073256 
86 576 18 33 0.022068249 
1014 81 12 22 0.022066988 
1003 472 7 14 0.022037342 
184 345 7 13 0.022029374 
593 70 7 14 0.021943256 
286 357 8 16 0.021931602 
952 44 6 18 0.021922518 
347 497 7 10 0.02187383 
516 403 9 19 0.021857124 
911 134 8 15 0.021841554 
902 473 6 13 0.021840366 
169 240 10 16 0.021838516 
437 220 12 23 0.021836521 
630 374 10 23 0.0218196 
590 484 8 13 0.02180258 
54 93 8 22 0.021799129 
467 481 7 15 0.021798538 
185 499 7 11 0.021796513 
73 473 6 12 0.021782236 
707 399 9 23 0.02176206 
70 33 6 16 0.021740979 
158 213 8 14 0.021730613 
63 251 11 18 0.021695837 
715 176 194 173 0.021685272 
68 239 7 16 0.0216764 
421 255 13 25 0.02166936 
888 174 10 18 0.021665685 
644 414 7 19 0.02165494 
426 87 6 15 0.02164583 
1004 8 7 13 0.021640876 
540 436 9 20 0.021635197 
68 6 9 20 0.02162545 
925 185 8 18 0.021608526 
53 36 7 15 0.02160125 
661 489 6 9 0.021600837 
633 415 7 17 0.021597704 
107 548 7 13 0.021595158 
210 150 7 12 0.021579573 
20 355 20 25 0.021566566 
25 199 10 24 0.02154727 
768 198 9 18 0.021517627 
845 199 10 17 0.02150163 
64 369 13 25 0.021478433 
603 427 9 21 0.0214752 
580 128 7 9 0.021471735 
111 75 5 11 0.021465851 
893 332 16 29 0.021464156 
781 259 97 85 0.021448057 
442 99 5 15 0.021439882 
950 173 10 18 0.021426136 
593 126 7 10 0.021398205 
905 304 19 28 0.021397427 
987 211 12 19 0.021397296 
89 284 14 25 0.021388307 
1001 100 11 16 0.02138546 
952 244 9 12 0.02138402 
529 237 10 15 0.021382628 
321 225 11 18 0.021378323 
600 410 12 25 0.021361252 
952 251 12 17 0.021355335 
210 87 6 11 0.021354813 
761 100 6 10 0.021351086 
390 110 5 14 0.021344122 
374 172 9 17 0.021343186 
488 367 11 16 0.0213383 
111 295 14 29 0.021336423 
185 226 9 16 0.021334372 
863 99 4 10 0.021333048 
92 338 10 17 0.02132831 
852 94 4 7 0.021327827 
57 421 6 12 0.02126248 
1 238 10 18 0.021255663 
376 388 9 18 0.021248206 
181 40 8 25 0.021245537 
26 427 8 20 0.021237087 
28 245 9 12 0.02123699 
25 169 11 23 0.021225587 
574 374 15 25 0.021221798 
412 302 9 15 0.021207282 
669 509 8 10 0.02120658 
643 150 9 16 0.021203756 
410 507 10 14 0.02118849 
376 100 5 12 0.021181956 
370 234 13 21 0.021179395 
436 20 9 17 0.021176962 
632 520 8 12 0.021168137 
703 272 13 22 0.021159943 
462 55 9 23 0.02114113 
592 198 7 15 0.021135982 
901 406 7 12 0.021099174 
3 186 7 21 0.02108771 
961 441 9 17 0.02107623 
769 186 9 17 0.021067407 
640 356 8 16 0.02105675 
116 216 11 16 0.021054117 
937 118 10 19 0.021048633 
950 377 8 18 0.021040995 
368 324 14 25 0.021037964 
963 427 9 16 0.021005789 
566 440 7 19 0.02099403 
1 338 17 25 0.02096728 
978 487 7 11 0.020956507 
668 376 14 24 0.020938702 
491 -9 6 9 0.02090258 
476 252 10 18 0.020852182 
627 262 11 18 0.020835064 
286 448 13 29 0.02083275 
872 239 9 14 0.02083001 
130 392 8 13 0.020829868 
0 311 13 27 0.020813363 
810 25 10 30 0.020808836 
246 87 10 15 0.020796672 
825 443 6 14 0.020788027 
264 404 5 16 0.020778093 
95 389 7 17 0.02077659 
501 248 12 19 0.020775622 
566 171 9 17 0.020770282 
962 359 12 22 0.020766055 
461 355 9 15 0.020741913 
553 151 7 12 0.020731812 
542 140 6 11 0.020709254 
489 188 7 14 0.020708654 
227 570 17 22 0.020707678 
18 443 6 16 0.020700322 
748 520 8 13 0.020697063 
35 569 16 23 0.020692136 
189 404 10 21 0.020680944 
619 509 6 10 0.020678766 
746 430 8 16 0.02067286 
795 534 12 14 0.02067117 
1011 326 13 22 0.020635057 
511 518 12 16 0.020618761 
970 549 13 26 0.02058901 
172 18 7 20 0.020588845 
307 331 15 33 0.020587893 
961 457 9 15 0.0205732 
364 100 5 11 0.02057063 
937 406 7 13 0.020527227 
147 19 6 20 0.020517062 
643 32 7 14 0.020488318 
773 472 6 16 0.020483622 
10 212 84 95 0.020481484 
929 274 16 31 0.020478845 
299 178 6 12 0.0204715 
55 81 7 22 0.020465564 
338 162 6 13 0.020458013 
222 485 7 10 0.020448038 
566 518 8 12 0.020429503 
761 46 8 16 0.020415228 
27 110 8 16 0.020379597 
435 518 11 14 0.020358337 
513 195 8 20 0.02033658 
979 35 5 14 0.020333806 
558 373 16 25 0.020324986 
478 151 7 12 0.020305216 
132 140 6 10 0.02027745 
580 473 7 13 0.020274516 
991 24 5 12 0.020267453 
799 162 8 16 0.020260986 
102 559 10 16 0.020251287 
117 380 9 15 0.02024386 
454 141 6 9 0.020220077 
796 96 9 17 0.02021052 
400 76 6 12 0.020208573 
56 106 7 19 0.020197107 
159 98 5 12 0.020175397 
888 184 9 16 0.020173125 
427 125 6 14 0.020148728 
630 403 8 19 0.020137377 
996 163 12 17 0.020123908 
423 374 10 22 0.020119654 
184 213 7 15 0.020114213 
336 212 9 16 0.02010857 
812 381 11 14 0.02010741 
363 538 6 11 0.020095503 
117 185 8 17 0.020069275 
330 262 13 21 0.020068435 
169 213 9 15 0.020067822 
504 48 6 11 0.020060483 
254 281 18 28 0.020059636 
325 407 6 14 0.02005527 
833 261 10 17 0.02004185 
590 496 7 13 0.020036161 
371 248 12 21 0.020035844 
170 546 8 12 0.020013731 
991 486 7 11 0.020011371 
205 572 11 19 0.019957116 
729 360 11 24 0.019919872 
1013 542 9 19 0.01991397 
131 183 9 19 0.019897534 
414 161 8 15 0.019894874 
159 415 7 13 0.019885369 
185 405 9 17 0.019857999 
82 105 8 19 0.01984383 
951 442 8 16 0.019837623 
697 235 5 8 0.019834628 
426 152 6 12 0.019831423 
53 241 10 16 0.019826243 
825 164 5 12 0.019823518 
895 307 16 24 0.019816147 
295 417 8 13 0.01981565 
628 386 10 22 0.019796463 
421 529 13 20 0.01979535 
1008 383 5 10 0.019781336 
990 496 8 12 0.01977682 
145 87 6 10 0.019740405 
107 33 6 17 0.019724244 
621 473 6 14 0.019690968 
722 441 5 20 0.019683294 
951 158 11 18 0.019679071 
1012 145 13 19 0.019678243 
212 138 6 13 0.019673185 
475 236 9 20 0.019666377 
347 173 8 15 0.019634744 
742 443 11 21 0.019622196 
37 360 16 21 0.019621478 
617 112 7 13 0.019612499 
591 149 9 14 0.01959187 
402 113 5 12 0.019589894 
3 167 8 24 0.019586675 
148 29 5 21 0.019585278 
321 18 10 22 0.019583695 
568 139 7 10 0.01958068 
618 265 9 16 0.019570665 
668 365 12 22 0.019562632 
477 546 9 17 0.019562447 
630 472 6 14 0.019560572 
108 420 6 13 0.019553138 
102 365 11 20 0.019550186 
945 119 13 21 0.019544324 
106 407 7 13 0.019531906 
798 91 6 9 0.01952163 
363 499 7 9 0.019520147 
476 59 8 18 0.019516287 
132 201 8 15 0.01950295 
773 401 6 18 0.019497562 
93 5 7 16 0.019480985 
197 96 6 14 0.019465478 
109 461 5 11 0.01945845 
130 216 10 14 0.019440532 
152 287 12 22 0.019438624 
874 489 7 11 0.01943758 
783 377 7 18 0.01940851 
719 258 12 22 0.019387053 
993 39 5 11 0.019356223 
812 513 10 12 0.019344453 
641 520 8 12 0.019318432 
437 9 9 12 0.019298248 
259 111 7 12 0.019270353 
911 210 9 19 0.019257009 
757 519 8 14 0.019253552 
804 319 14 26 0.019251771 
400 455 7 12 0.01924428 
37 327 16 22 0.019240836 
131 310 11 23 0.019202612 
746 418 8 17 0.019199936 
910 568 12 23 0.019192057 
691 376 12 22 0.019187845 
901 444 7 12 0.01917594 
492 115 6 11 0.019170456 
754 285 13 23 0.019165136 
1005 456 6 15 0.019162325 
134 80 5 8 0.019116236 
348 161 8 14 0.019114934 
629 45 8 14 0.019105753 
157 28 6 22 0.019105358 
603 551 11 29 0.019096006 
888 467 8 18 0.019094002 
794 511 9 11 0.019093845 
423 428 9 21 0.019089656 
451 513 7 10 0.019071752 
914 395 8 11 0.019065876 
69 48 5 15 0.019062657 
848 498 7 11 0.019057611 
375 158 10 18 0.01905416 
790 332 14 30 0.019048627 
529 480 9 15 0.019041691 
961 137 10 15 0.01904072 
785 264 8 15 0.019039245 
580 86 6 12 0.019021729 
745 572 9 17 0.019014444 
197 140 6 11 0.019000681 
742 357 12 27 0.018990038 
478 534 9 14 0.018986743 
874 163 7 14 0.01895847 
718 159 11 20 0.018931624 
942 74 4 15 0.018917903 
873 173 7 15 0.01889636 
363 444 6 17 0.018893713 
5 442 6 16 0.018884793 
901 423 6 10 0.018883198 
44 138 7 14 0.018870808 
130 323 10 22 0.018859811 
970 343 18 27 0.018831737 
830 324 13 21 0.018827235 
59 431 5 12 0.018815093 
782 363 8 21 0.018808113 
640 384 10 24 0.0187976 
131 333 10 25 0.018791664 
484 332 17 30 0.018790822 
785 216 6 12 0.018790338 
336 226 11 16 0.018779045 
731 398 9 23 0.018778382 
234 112 6 12 0.01875683 
258 139 9 12 0.018747922 
730 59 11 14 0.018721703 
518 412 9 23 0.018721106 
849 137 6 11 0.018706562 
41 124 7 14 0.018705962 
103 571 11 20 0.0186927 
466 178 6 10 0.018688345 
745 48 8 14 0.018666815 
411 317 9 15 0.01865073 
173 29 6 21 0.018649856 
963 388 11 20 0.01863871 
116 157 190 177 0.018614732 
386 76 7 12 0.018607758 
580 174 8 15 0.018598538 
242 309 12 29 0.018594338 
839 94 4 7 0.018576419 
504 237 8 18 0.018572655 
835 402 9 17 0.018561741 
146 81 4 7 0.018541865 
171 128 6 12 0.018501649 
658 216 6 12 0.018493311 
527 368 8 15 0.018488647 
385 232 14 23 0.018484 
967 64 5 11 0.018478774 
683 196 7 17 0.018474812 
287 438 9 20 0.01845344 
311 466 11 19 0.018437224 
91 321 13 24 0.018423634 
223 187 6 16 0.018417584 
606 442 7 18 0.018410992 
527 415 11 20 0.01840576 
677 525 10 10 0.018387832 
247 518 11 15 0.018370237 
210 522 7 12 0.018359482 
690 387 13 24 0.018355807 
78 208 9 23 0.018355155 
876 113 4 12 0.018351205 
487 353 11 19 0.018344555 
568 455 7 18 0.018334659 
165 521 10 14 0.018331766 
409 410 10 23 0.018322567 
503 116 6 10 0.018320011 
933 318 14 32 0.018317517 
425 302 8 15 0.018303316 
465 471 7 13 0.018301703 
490 175 6 12 0.018294295 
374 76 7 12 0.018281702 
735 214 7 13 0.018273763 
516 162 7 14 0.018263271 
-115 155 1039 1163 0.018262759 
832 551 12 22 0.018250355 
568 114 7 12 0.018248688 
141 213 10 15 0.018231258 
643 501 6 9 0.018213557 
479 100 6 14 0.018211054 
97 122 6 14 0.018209346 
275 419 6 13 0.018205471 
352 138 5 14 0.018198816 
314 47 6 16 0.01819331 
55 140 6 11 0.018181434 
873 251 9 16 0.018176397 
119 406 8 13 0.018170416 
205 236 85 75 0.01816787 
268 138 9 12 0.018167518 
824 432 6 15 0.018165603 
678 346 12 25 0.018164894 
398 534 8 13 0.018163078 
194 312 10 21 0.018147934 
960 324 13 23 0.018146925 
999 551 10 27 0.018130336 
147 378 8 15 0.018079963 
311 190 7 12 0.018071827 
973 423 10 22 0.018069036 
720 197 10 19 0.018068798 
257 521 9 12 0.0180687 
271 190 7 14 0.018055726 
326 178 6 12 0.01803877 
475 352 12 20 0.018033076 
80 75 6 14 0.018030707 
922 210 9 20 0.018022899 
106 47 6 15 0.018020835 
82 532 8 14 0.018014014 
685 500 6 8 0.018004358 
159 129 5 11 0.017997548 
184 127 5 12 0.01799738 
846 324 10 18 0.017988622 
460 336 13 25 0.017964745 
193 184 7 19 0.017954906 
133 404 8 14 0.017941743 
529 140 6 11 0.01793462 
31 81 7 18 0.01792493 
617 413 8 19 0.017907163 
83 59 5 16 0.017899849 
914 252 12 18 0.017893547 
42 198 8 21 0.017892217 
43 148 7 16 0.01788956 
745 59 8 14 0.017879978 
246 163 9 13 0.017876111 
292 437 11 24 0.017864225 
1006 405 6 13 0.017848136 
634 444 5 15 0.017840851 
40 373 14 25 0.017834626 
1008 422 5 12 0.017816484 
83 548 9 14 0.0178145 
347 187 8 16 0.017814225 
567 72 7 14 0.01779633 
997 130 14 22 0.017783782 
837 -316 224 396 0.017775811 
198 86 6 12 0.017768137 
294 429 8 16 0.017765323 
865 36 5 14 0.017757064 
363 86 6 12 0.01775689 
490 60 7 17 0.017747292 
709 414 7 22 0.017731989 
729 74 9 15 0.017726285 
736 443 7 17 0.017725304 
173 9 7 14 0.017718488 
423 196 9 20 0.017712241 
364 110 5 13 0.017708816 
632 357 8 16 0.017702255 
503 164 6 13 0.017701583 
473 415 9 17 0.017699702 
275 431 6 11 0.017684529 
454 126 6 12 0.017677471 
742 308 13 25 0.017676774 
920 566 15 26 0.017665245 
234 87 8 12 0.01764777 
640 337 10 21 0.017644117 
294 354 10 19 0.017643405 
667 349 10 23 0.017640876 
4 487 5 10 0.017630693 
811 472 6 12 0.01763031 
668 6 9 15 0.017623354 
858 552 10 20 0.017622681 
517 150 7 12 0.017617904 
197 39 8 25 0.017612977 
68 423 6 12 0.01760579 
438 174 6 13 0.017599732 
221 88 7 11 0.017599128 
386 484 7 11 0.017593918 
971 412 12 21 0.017584773 
279 542 15 20 0.017582154 
473 365 15 20 0.017565046 
769 505 9 14 0.017564569 
100 282 15 27 0.017557716 
40 243 10 14 0.017554237 
900 149 7 13 0.017549798 
286 80 6 8 0.017548515 
976 469 7 14 0.01753613 
922 152 8 15 0.017535154 
544 58 7 13 0.017522506 
147 417 6 12 0.017520897 
116 556 12 18 0.017509649 
293 464 11 19 0.01750157 
101 578 16 29 0.017492864 
376 84 7 15 0.017491855 
119 21 6 17 0.01747336 
129 296 13 25 0.01747332 
261 129 6 10 0.017470734 
974 438 10 21 0.017465366 
348 258 13 22 0.0174367 
655 366 9 19 0.017432567 
110 87 5 12 0.017413782 
710 440 6 24 0.017411148 
593 86 6 13 0.01740291 
372 223 11 18 0.017402533 
231 346 9 26 0.017383069 
805 96 11 17 0.017378433 
464 512 7 10 0.017370779 
198 81 5 9 0.017367948 
398 474 8 11 0.017362721 
363 174 7 15 0.017359372 
387 60 8 13 0.017325195 
633 429 6 18 0.01729098 
554 139 7 11 0.017282318 
504 141 6 10 0.017271632 
427 140 6 11 0.017248627 
263 355 6 17 0.01723235 
59 488 5 10 0.017223299 
476 46 8 15 0.017221715 
67 405 7 16 0.01721164 
604 114 7 11 0.017205939 
118 365 8 18 0.017202357 
235 129 6 9 0.017192319 
109 445 5 13 0.017190924 
500 387 11 19 0.017190091 
902 276 9 17 0.017185798 
655 376 10 21 0.017184736 
531 228 9 16 0.017181233 
529 198 7 17 0.01717539 
681 148 8 16 0.017170237 
301 32 6 21 0.017162425 
554 126 8 10 0.017158903 
395 315 13 19 0.017153371 
490 484 7 11 0.017145455 
5 556 8 17 0.017141735 
934 2 12 22 0.017133944 
891 129 5 10 0.017133502 
735 417 7 17 0.017133484 
221 45 7 14 0.017111707 
322 323 14 26 0.017110487 
478 165 7 12 0.01710878 
965 403 10 17 0.017106365 
798 215 6 13 0.01710567 
36 309 15 24 0.017105533 
919 306 13 26 0.01710194 
211 41 7 20 0.017096363 
950 420 9 14 0.017089587 
911 371 10 14 0.017084131 
950 457 9 15 0.017075863 
387 498 8 11 0.017069215 
244 484 9 14 0.017051134 
119 99 6 11 0.017036665 
975 134 9 15 0.017030304 
390 473 6 11 0.016994199 
774 93 4 8 0.01698996 
528 61 7 11 0.01698895 
50 358 18 22 0.016984498 
810 455 7 15 0.016975941 
477 176 7 11 0.016964972 
168 559 11 15 0.016953882 
440 2 6 9 0.016950188 
245 60 9 12 0.016946834 
423 185 8 17 0.016901797 
104 215 11 17 0.016888948 
771 216 7 12 0.016887072 
334 374 10 16 0.016879365 
751 489 5 9 0.01687776 
35 272 20 30 0.016872806 
986 150 11 15 0.01685493 
147 -4 6 15 0.016847948 
874 23 6 13 0.016832331 
477 471 7 14 0.016824787 
286 190 7 13 0.016811645 
167 271 12 21 0.016808502 
567 187 8 15 0.016805552 
972 567 12 25 0.016804166 
169 367 8 16 0.016803725 
665 335 12 26 0.016800283 
720 430 6 20 0.016797433 
147 409 6 11 0.016764397 
553 115 7 11 0.016758222 
913 227 8 15 0.016749563 
365 520 6 12 0.016746625 
222 525 7 9 0.01674636 
578 428 10 20 0.016742513 
363 431 6 17 0.01674069 
822 264 8 14 0.016737081 
811 366 11 19 0.016734993 
961 376 11 21 0.01673275 
984 193 14 23 0.016720079 
224 173 7 15 0.016718354 
385 169 9 18 0.016710045 
875 373 7 10 0.016701274 
963 552 11 21 0.016698727 
504 520 9 14 0.01669695 
171 356 7 13 0.016696107 
362 140 6 12 0.016686087 
211 111 6 14 0.01668182 
886 199 9 16 0.016680848 
849 152 5 10 0.01667492 
984 93 13 21 0.016650496 
580 441 7 18 0.016648835 
517 141 6 10 0.016633242 
155 20 6 19 0.016626734 
488 377 11 16 0.016624236 
479 69 7 17 0.016610289 
772 346 9 23 0.0166049 
579 456 7 16 0.016604614 
848 214 8 14 0.016575057 
927 357 9 15 0.01657233 
900 211 8 16 0.016561966 
711 428 6 23 0.01654835 
719 75 10 14 0.016539078 
579 508 8 12 0.016517732 
715 323 12 24 0.016495593 
298 487 7 11 0.016493535 
332 542 12 18 0.016480118 
26 556 14 17 0.016479889 
784 98 9 14 0.016471565 
500 353 11 18 0.016469743 
976 180 13 22 0.016462946 
338 99 5 11 0.01646071 
887 372 9 12 0.016453283 
1004 0 6 9 0.016447652 
900 224 155 212 0.016445536 
914 150 8 15 0.01644503 
325 162 7 12 0.016439082 
592 260 9 19 0.016427623 
126 281 15 26 0.016423177 
617 444 6 15 0.01642106 
984 298 15 24 0.016416207 
426 74 8 13 0.016413083 
478 87 6 13 0.016409919 
480 -9 6 9 0.016408004 
543 126 6 11 0.016407188 
77 458 7 14 0.016397532 
921 319 12 27 0.016395003 
799 472 6 14 0.016388576 
254 93 11 16 0.016381582 
231 362 8 25 0.01637728 
288 411 7 12 0.016327394 
414 152 6 12 0.016324379 
13 377 10 20 0.016320536 
682 512 7 8 0.01632043 
3 -15 7 14 0.016316561 
517 127 6 10 0.016316034 
352 112 4 13 0.0163052 
210 534 6 10 0.016295245 
40 158 9 20 0.016288657 
212 126 5 12 0.016284678 
569 127 6 10 0.01628173 
800 379 9 16 0.01625005 
361 387 11 18 0.016244983 
453 100 5 14 0.016243069 
118 444 6 15 0.016242925 
81 407 6 15 0.016240608 
435 373 12 22 0.016228866 
605 200 7 15 0.016226673 
963 6 9 17 0.016222319 
140 565 17 22 0.016219914 
747 533 8 13 0.01621322 
961 174 10 17 0.016212817 
796 523 8 9 0.016206468 
6 405 7 17 0.016206453 
476 482 7 13 0.016201783 
311 177 7 12 0.01619174 
55 223 9 24 0.016186545 
247 141 8 11 0.01617343 
890 24 6 12 0.016171366 
13 557 10 16 0.01614559 
347 489 7 8 0.016115708 
605 508 7 10 0.016113356 
743 373 11 25 0.016108127 
938 420 7 13 0.016106412 
835 154 6 10 0.01609243 
597 219 164 198 0.016089637 
94 408 7 13 0.01607877 
897 164 9 16 0.016075654 
18 458 7 15 0.016071197 
786 93 6 9 0.01606396 
24 223 12 22 0.01605584 
977 161 12 18 0.01604525 
644 442 7 17 0.016043413 
65 388 10 20 0.016033871 
796 363 10 22 0.016030967 
69 123 8 16 0.016010154 
992 473 6 12 0.016003687 
998 621 12 51 0.015997848 
67 -3 9 12 0.01599783 
467 152 6 11 0.015995294 
669 216 7 12 0.015994726 
998 147 11 17 0.015994407 
567 150 8 13 0.015992772 
986 347 15 20 0.015979277 
518 115 5 10 0.015977591 
57 474 5 11 0.015961092 
975 127 9 14 0.015960852 
130 350 8 19 0.015960073 
736 431 7 15 0.015957585 
51 385 11 22 0.01595731 
117 201 9 15 0.015948916 
201 577 18 30 0.015942834 
693 347 10 21 0.015925229 
877 152 5 11 0.015917629 
451 521 9 12 0.015903091 
28 -1 11 13 0.015901942 
713 559 304 364 0.01589939 
544 350 10 20 0.015897004 
221 161 8 14 0.015895005 
156 261 11 17 0.015890842 
131 381 7 13 0.015877308 
658 507 8 11 0.01587607 
852 100 4 9 0.015845912 
274 392 7 16 0.015845096 
173 41 7 21 0.015842231 
462 224 9 21 0.015839072 
118 474 6 11 0.015835876 
607 456 6 15 0.015823597 
619 150 9 15 0.01580137 
975 456 9 16 0.015782828 
489 164 7 13 0.015777923 
500 314 11 18 0.01576066 
541 326 10 19 0.015754055 
606 474 6 12 0.015753921 
954 62 5 14 0.0157418 
791 543 15 18 0.015737265 
939 152 8 13 0.015735108 
296 545 10 17 0.015731953 
502 223 8 20 0.015723076 
793 498 10 14 0.01572048 
49 4 12 18 0.015718414 
876 555 11 18 0.015717424 
452 305 9 17 0.01571381 
169 227 9 14 0.015710963 
80 421 6 13 0.015691685 
760 391 7 19 0.015689198 
298 80 5 8 0.015681392 
805 4 10 18 0.015678851 
852 50 5 13 0.015664529 
924 337 9 20 0.015664004 
263 391 6 19 0.015656885 
36 294 15 25 0.01564779 
812 390 9 13 0.015643502 
307 367 9 18 0.01563867 
272 129 6 10 0.015631208 
131 365 8 17 0.015622318 
378 461 5 10 0.015614921 
399 173 8 15 0.0156054245 
372 546 10 14 0.015603008 
158 -4 7 15 0.015589859 
822 398 11 19 0.015582212 
476 435 8 15 0.015575741 
503 150 6 12 0.015554682 
592 139 7 11 0.01555056 
760 432 6 14 0.015532984 
125 571 14 20 0.015531629 
732 88 6 11 0.015481554 
552 255 11 22 0.015474258 
537 256 12 23 0.015461935 
257 148 11 15 0.015461542 
899 457 7 13 0.015457623 
643 427 7 20 0.015436753 
846 260 9 18 0.015433266 
559 387 17 25 0.01541407 
891 114 4 12 0.015403341 
285 386 9 19 0.0154030165 
706 568 11 20 0.0153986765 
952 544 7 13 0.015380542 
396 246 11 21 0.015376348 
529 210 10 20 0.015369339 
195 286 10 19 0.01536069 
400 448 7 11 0.015353861 
950 261 14 21 0.015352015 
543 369 8 16 0.015333402 
667 77 11 11 0.01531718 
236 485 7 10 0.01531197 
653 334 11 25 0.015311545 
951 296 12 23 0.015305565 
323 540 13 19 0.015287687 
708 198 8 18 0.01528026 
305 306 13 24 0.015278431 
400 151 7 12 0.015276299 
594 455 7 16 0.015261344 
-25 217 152 183 0.015258435 
91 101 6 12 0.015255771 
859 322 12 22 0.015250555 
166 299 10 20 0.015237971 
190 388 10 24 0.015235824 
755 572 12 18 0.015230645 
1006 441 8 16 0.015215749 
42 111 6 15 0.015213046 
913 554 10 20 0.01521232 
26 184 10 23 0.01521039 
554 456 7 16 0.015175388 
192 416 7 16 0.015161869 
864 113 5 11 0.015154566 
117 351 9 19 0.015151669 
972 358 14 24 0.015137155 
603 263 10 18 0.015129577 
486 388 12 18 0.015127005 
579 115 7 10 0.015120841 
68 107 8 19 0.015119598 
721 415 6 20 0.015114282 
836 213 8 13 0.015113953 
484 531 11 17 0.015109483 
146 98 5 11 0.015098786 
784 472 7 15 0.015097672 
529 127 6 10 0.01508529 
876 282 107 114 0.015080083 
720 557 9 17 0.015076055 
563 259 10 20 0.015065481 
888 487 6 11 0.015061943 
338 63 5 11 0.015050911 
906 332 14 27 0.015027926 
604 125 7 11 0.015025146 
617 428 8 19 0.015022394 
79 392 7 16 0.015010107 
706 547 9 13 0.015006922 
589 323 13 27 0.01499365 
351 151 6 13 0.014990324 
81 140 7 12 0.014956413 
363 76 6 11 0.01495557 
946 321 14 28 0.014949424 
206 298 12 22 0.01491135 
118 130 5 10 0.014910216 
183 446 6 12 0.014909222 
544 116 6 10 0.014906924 
12 -244 342 140 0.014895165 
266 149 10 16 0.014894435 
439 125 6 13 0.014890086 
655 351 8 20 0.014881221 
42 184 8 21 0.014878382 
219 385 10 26 0.014874678 
486 251 10 18 0.014866562 
3 473 6 11 0.014865807 
759 401 7 20 0.014865026 
277 487 5 10 0.014865018 
640 325 11 23 0.014863069 
326 90 5 9 0.014860013 
989 124 9 15 0.014854624 
398 161 8 15 0.014854618 
730 44 14 18 0.014843769 
298 88 6 9 0.014840348 
449 241 174 201 0.014839252 
132 98 6 12 0.014838221 
356 259 14 22 0.014832604 
670 201 6 14 0.014829038 
757 532 9 14 0.014823304 
821 531 12 15 0.0148123205 
809 92 6 9 0.014795684 
55 125 6 13 0.014794984 
739 292 14 26 0.014792926 
247 149 10 13 0.0147897145 
864 21 6 16 0.014785623 
504 486 7 11 0.014782019 
423 440 9 19 0.014779367 
529 390 9 15 0.01477722 
180 285 11 20 0.014776271 
245 471 8 16 0.014769261 
810 216 6 12 0.014763947 
773 99 7 12 0.014742426 
235 141 6 10 0.01473926 
961 568 11 22 0.014719559 
614 341 9 19 0.014712085 
40 387 11 20 0.014664696 
116 430 6 17 0.014626519 
489 456 8 17 0.014617463 
966 49 5 14 0.014601901 
985 567 13 28 0.014590131 
219 239 11 19 0.014584784 
529 408 8 15 0.014569359 
400 139 6 12 0.014539017 
207 387 11 22 0.014534618 
825 216 6 11 0.014533367 
539 531 11 18 0.014529585 
220 38 6 14 0.014529517 
467 165 7 11 0.014528002 
27 136 8 15 0.014527685 
364 127 5 13 0.014514544 
147 8 6 19 0.0145087205 
95 74 5 13 0.014496856 
950 135 12 18 0.014482821 
691 277 12 21 0.014468619 
385 248 11 20 0.014463566 
458 319 14 27 0.014461682 
389 460 6 10 0.014458354 
489 237 8 19 0.014457449 
95 420 6 13 0.014456859 
773 54 8 18 0.014443455 
987 552 10 24 0.01443886 
182 329 8 16 0.014425071 
249 366 6 18 0.014422677 
950 407 8 14 0.014419839 
763 35 7 14 0.014414703 
287 18 6 24 0.01440135 
146 130 6 9 0.014399196 
195 300 9 18 0.014393217 
258 160 9 14 0.014391518 
408 424 11 23 0.014387326 
350 419 6 16 0.014386724 
455 179 6 10 0.014378633 
417 532 10 16 0.014376882 
210 81 4 9 0.014364159 
348 391 9 16 0.0143631045 
58 199 6 19 0.014361295 
884 562 14 27 0.014360122 
693 413 9 23 0.014359716 
311 487 8 11 0.0143421525 
439 152 6 10 0.014341116 
437 304 9 14 0.014328947 
813 484 6 11 0.014328859 
602 150 9 14 0.014327601 
656 108 9 15 0.014312892 
851 232 96 80 0.014306485 
569 470 6 14 0.014305824 
423 403 8 18 0.01429452 
554 71 7 14 0.01429014 
307 378 10 14 0.0142894685 
668 86 10 12 0.014288757 
57 187 6 16 0.014253251 
208 161 7 13 0.0142244045 
784 297 12 23 0.014210156 
998 80 12 20 0.01420561 
169 491 6 8 0.0141923 
153 273 12 20 0.014192193 
480 498 7 12 0.0141910855 
260 533 9 12 0.014173053 
260 428 7 15 0.014162723 
887 212 8 15 0.014141887 
812 431 6 16 0.014133671 
692 365 11 20 0.014123987 
551 497 8 12 0.014121623 
704 555 11 19 0.0141027095 
421 388 11 23 0.014076368 
766 271 12 22 0.014053358 
617 199 7 16 0.01404852 
667 261 85 87 0.014044638 
348 520 8 11 0.014042406 
864 166 6 11 0.014037859 
594 474 6 13 0.014031471 
19 489 5 8 0.014023155 
728 161 12 18 0.014020756 
350 537 7 11 0.014018988 
733 523 7 10 0.014018448 
772 152 6 14 0.014005318 
473 334 14 27 0.01399078 
401 128 5 11 0.0139873475 
223 500 5 9 0.013983133 
696 522 7 10 0.013978734 
467 99 6 14 0.013965911 
333 405 7 16 0.013963594 
556 289 80 95 0.013960553 
187 490 5 8 0.0139530655 
273 408 6 13 0.013950108 
606 499 7 11 0.0139231095 
249 377 6 20 0.0139219975 
885 162 9 17 0.013897923 
53 21 7 16 0.013886248 
797 483 7 12 0.013881169 
971 387 12 23 0.0138654215 
660 474 6 11 0.013850369 
93 275 10 19 0.013850101 
999 565 11 33 0.013849561 
268 340 9 20 0.013812229 
747 559 6 16 0.01380482 
470 375 16 20 0.013796091 
800 150 6 14 0.013787608 
248 77 7 11 0.013779066 
234 164 7 12 0.013770625 
221 -4 8 13 0.013766176 
554 509 8 12 0.013744616 
818 16 10 26 0.013729053 
487 68 9 17 0.013724276 
74 457 5 14 0.013714159 
931 293 13 26 0.013712535 
133 21 6 16 0.013707401 
716 306 12 26 0.013703032 
974 211 10 18 0.013702966 
324 415 6 14 0.013701122 
387 556 11 19 0.013696189 
706 148 10 16 0.013694567 
958 225 12 17 0.013668596 
605 86 7 13 0.013667515 
109 100 5 12 0.013658075 
242 548 11 15 0.013643316 
861 374 8 10 0.013636708 
761 57 7 16 0.013633257 
208 173 7 14 0.013622744 
327 62 5 12 0.013621879 
454 469 7 15 0.0136180045 
975 228 10 15 0.013599365 
747 401 9 21 0.013595643 
286 176 6 14 0.01358815 
347 40 8 13 0.013581659 
879 142 4 10 0.013579359 
411 261 11 19 0.01357775 
617 60 7 13 0.013568332 
975 150 10 15 0.013554561 
605 522 6 12 0.013548103 
577 337 12 22 0.013547064 
268 159 9 15 0.0135338055 
352 431 6 17 0.013528331 
390 546 10 15 0.01352679 
194 274 11 21 0.013517059 
515 226 9 18 0.013510499 
527 74 8 13 0.013494041 
759 420 6 14 0.01349111 
735 455 8 17 0.013483047 
197 112 6 13 0.013468454 
235 522 8 10 0.013463969 
24 569 18 24 0.013462062 
234 95 8 15 0.013449574 
166 287 11 20 0.013431465 
197 126 5 12 0.013429644 
285 87 7 9 0.013421869 
374 265 10 15 0.013416921 
275 470 7 14 0.013416378 
70 140 6 11 0.0134139415 
224 534 7 11 0.013402684 
448 372 14 23 0.013378479 
827 459 6 13 0.01337235 
618 457 6 15 0.01336838 
58 175 6 14 0.013362566 
56 210 8 25 0.013350827 
104 4 8 18 0.013349971 
362 162 7 13 0.013348307 
386 151 7 13 0.013348252 
260 76 7 10 0.013345286 
774 444 6 17 0.013339701 
658 -9 6 9 0.013326227 
785 404 6 16 0.013322245 
366 486 6 10 0.013311187 
44 93 8 20 0.013300319 
40 225 11 21 0.013296979 
503 -10 7 9 0.013271708 
901 11 7 13 0.013268268 
415 126 6 12 0.013263319 
135 476 6 13 0.013263312 
234 473 8 12 0.013252094 
79 -4 10 13 0.013251665 
512 257 12 22 0.013240254 
655 20 8 16 0.013236299 
873 304 14 24 0.013216402 
146 395 8 13 0.0131765865 
987 428 9 19 0.013173964 
27 443 8 18 0.013172346 
693 197 7 18 0.013168617 
659 393 10 21 0.013150467 
78 236 11 20 0.013136147 
490 100 7 14 0.013129906 
980 50 5 12 0.013116488 
516 60 7 11 0.013111785 
439 530 9 15 0.013097201 
336 395 7 13 0.013094673 
513 301 11 18 0.013094458 
589 549 12 27 0.0130801685 
583 521 7 12 0.013068572 
118 459 6 14 0.013063331 
799 392 8 15 0.013060628 
451 70 8 17 0.013050041 
298 323 10 20 0.013049537 
820 553 12 20 0.013048623 
248 350 7 21 0.013046449 
504 401 8 18 0.013044067 
471 389 14 21 0.013035819 
51 577 15 31 0.013016858 
844 569 14 23 0.013016625 
245 534 9 12 0.013016509 
668 473 8 12 0.013002303 
244 591 379 315 0.012995073 
411 485 8 12 0.012986318 
679 410 9 22 0.012975466 
466 -9 6 9 0.012965388 
378 109 5 14 0.012960746 
423 415 8 18 0.012940251 
922 133 10 17 0.012933793 
182 455 7 13 0.012932617 
26 98 8 17 0.01292849 
414 76 6 13 0.012923491 
259 266 103 115 0.012920831 
439 141 6 10 0.012915567 
505 530 10 18 0.012912959 
362 64 7 10 0.012906093 
512 314 9 16 0.012896632 
555 -10 6 10 0.012882611 
883 335 14 26 0.012867877 
352 547 7 11 0.012861368 
564 278 11 18 0.012858008 
312 163 7 12 0.012849914 
667 139 9 15 0.012846805 
454 151 6 10 0.01284545 
375 557 9 17 0.012817685 
630 340 9 18 0.012817015 
745 162 9 17 0.012813039 
39 171 9 20 0.012809277 
580 101 6 12 0.012808704 
352 445 6 16 0.0128051955 
568 85 6 13 0.012801542 
239 569 18 22 0.012800277 
527 115 7 10 0.012799519 
40 209 10 24 0.01279677 
851 115 5 9 0.0127678225 
424 38 14 28 0.012767131 
233 150 7 12 0.012765087 
248 109 7 13 0.01275672 
27 457 8 18 0.012756221 
604 485 6 10 0.012753218 
121 33 5 16 0.012751021 
436 389 11 19 0.012749917 
810 150 6 14 0.01274622 
998 598 12 45 0.012742165 
757 151 7 14 0.012734106 
57 444 5 13 0.012727644 
95 446 5 11 0.012725116 
800 442 7 16 0.012719504 
603 546 7 19 0.012711621 
658 202 6 15 0.012708522 
2 359 13 20 0.012701643 
286 342 7 16 0.012695723 
845 299 13 23 0.012683024 
231 208 9 19 0.012681393 
552 212 8 16 0.012671469 
270 175 9 15 0.012649415 
6 391 7 18 0.012639509 
247 212 9 16 0.012638962 
234 50 7 13 0.012605017 
451 530 10 17 0.01259696 
845 337 10 19 0.012595287 
568 201 7 15 0.012592204 
745 386 10 23 0.012571896 
988 457 8 17 0.012568481 
646 217 5 11 0.012556461 
12 175 34 80 0.012553004 
784 151 6 13 0.012549081 
133 129 5 9 0.012547922 
27 392 10 20 0.012537209 
514 209 9 21 0.012533703 
987 439 10 21 0.012527732 
895 352 12 18 0.012519088 
311 90 5 8 0.012515763 
187 417 6 13 0.012513867 
883 266 10 15 0.012510473 
553 86 7 14 0.012507928 
93 223 12 22 0.012498683 
825 153 5 11 0.01249073 
489 443 7 17 0.012487318 
120 66 4 10 0.012482922 
421 275 11 20 0.01246301 
490 223 8 20 0.012460569 
824 419 7 15 0.012457904 
453 166 7 10 0.0124511905 
293 388 10 18 0.012448241 
755 453 11 24 0.01244483 
988 134 11 17 0.012443986 
349 63 6 11 0.012435463 
947 280 74 109 0.012431083 
682 -1 7 11 0.01242148 
886 226 8 15 0.012417246 
594 101 7 12 0.01241679 
173 0 6 11 0.012409278 
757 547 9 14 0.012389386 
832 570 13 21 0.01238585 
774 422 5 12 0.012363413 
425 499 8 11 0.012336484 
580 261 8 17 0.012329432 
656 441 7 19 0.012324905 
988 114 9 14 0.012324184 
175 576 19 33 0.012306841 
184 113 6 12 0.012300954 
656 75 9 12 0.012294573 
340 111 4 14 0.012287688 
736 489 5 9 0.012273676 
632 458 6 14 0.012268023 
788 509 8 13 0.012250148 
145 431 6 14 0.012238508 
794 55 10 21 0.012225337 
820 571 11 19 0.012224083 
5 459 5 13 0.012217509 
397 61 9 14 0.012215254 
989 9 7 13 0.0121656265 
316 2 15 23 0.012161472 
438 70 8 16 0.012155093 
501 472 7 13 0.012139209 
389 402 9 17 0.012135601 
50 -13 13 12 0.012126018 
672 524 8 10 0.012084613 
811 129 6 10 0.012076361 
723 488 5 10 0.012072419 
35 188 195 242 0.012060044 
859 571 12 20 0.012056767 
487 498 9 13 0.012054461 
95 138 7 13 0.012045457 
796 405 7 15 0.012028231 
669 410 9 20 0.012004647 
821 545 10 16 0.011987095 
104 115 6 11 0.011983119 
735 472 6 13 0.011951004 
656 414 8 19 0.011923378 
95 434 5 12 0.011921793 
366 476 5 10 0.011908865 
93 211 10 18 0.0119077265 
337 416 5 16 0.011906655 
436 48 13 28 0.011896461 
582 533 8 14 0.011886851 
709 490 4 9 0.011879731 
617 124 8 13 0.01184474 
37 -12 15 12 0.01184349 
259 440 8 18 0.0118382005 
605 99 8 15 0.011807361 
467 414 8 18 0.0117938705 
127 268 13 24 0.011792171 
122 250 17 28 0.011779052 
117 419 7 14 0.011772051 
872 466 9 17 0.011768046 
44 429 7 16 0.011766736 
527 299 12 20 0.011753498 
127 554 13 20 0.011733371 
91 -3 10 13 0.011731806 
748 113 5 10 0.011724163 
877 127 4 11 0.011701769 
488 431 7 15 0.011699834 
734 101 5 11 0.011698213 
785 76 6 12 0.011678801 
434 256 12 26 0.011673607 
644 72 8 15 0.011670967 
504 60 6 12 0.0116619095 
858 310 12 22 0.01165563 
527 339 8 17 0.01164036 
220 227 9 16 0.011638386 
694 148 9 16 0.011635895 
222 511 7 9 0.011630428 
391 448 5 11 0.011621617 
28 489 7 9 0.011620352 
961 124 11 17 0.011616064 
411 277 10 17 0.011611714 
348 405 6 16 0.011599588 
796 417 7 16 0.011589482 
245 52 7 11 0.011583312 
656 275 13 22 0.011567333 
786 419 6 14 0.011557758 
470 399 13 23 0.011543243 
79 276 9 18 0.011524945 
134 418 6 13 0.011509766 
957 307 13 27 0.011499928 
542 -10 7 9 0.011482433 
362 51 8 11 0.011477216 
475 224 8 21 0.011476926 
839 48 5 17 0.011463279 
102 -4 11 15 0.011456084 
360 555 11 18 0.011448397 
80 124 7 15 0.011429583 
534 446 5 13 0.0113978125 
513 487 8 11 0.011396432 
555 519 8 13 0.011392784 
692 89 9 12 0.011381115 
706 -259 302 200 0.0113774035 
376 445 6 14 0.011340294 
124 579 18 27 0.011339353 
325 153 6 12 0.011334683 
554 485 8 12 0.011301439 
209 -2 7 13 0.011299479 
630 125 8 12 0.01129884 
749 92 4 9 0.01129639 
618 100 7 14 0.011293217 
876 266 8 15 0.011277601 
568 101 7 12 0.011276366 
467 455 7 17 0.011274056 
1016 -11 6 11 0.011268305 
639 533 11 14 0.0112531 
198 477 6 9 0.011246862 
749 102 4 9 0.011230324 
853 60 5 12 0.011222908 
135 33 5 17 0.011213141 
529 327 8 16 0.011211639 
247 443 6 16 0.011203712 
48 274 18 29 0.011197423 
849 129 5 10 0.011173478 
747 469 8 16 0.0111547075 
757 444 9 19 0.011143205 
988 362 11 19 0.0111404415 
364 419 6 15 0.011139906 
719 296 12 24 0.011128986 
901 266 10 16 0.011095084 
502 102 7 11 0.011093306 
810 400 9 17 0.011068631 
639 298 11 24 0.011068328 
782 390 7 18 0.011051556 
988 235 35 38 0.011050263 
948 5 9 17 0.011039883 
94 88 5 12 0.011032685 
296 411 7 11 0.011027286 
838 138 5 10 0.011012003 
411 58 10 16 0.011001378 
-2 -279 153 323 0.010994998 
330 276 14 23 0.010986166 
467 88 5 12 0.0109804375 
758 560 7 15 0.010969485 
874 571 10 18 0.0109549 
283 150 8 14 0.010953837 
218 297 13 24 0.010945661 
903 241 8 14 0.010944877 
273 456 9 18 0.010943401 
246 458 6 13 0.010939112 
681 139 8 14 0.010936343 
697 546 9 15 0.010924805 
374 64 8 10 0.0109153185 
376 403 8 15 0.010906411 
602 137 9 13 0.010901376 
284 323 10 21 0.010886845 
309 452 12 23 0.010879942 
237 501 5 9 0.010859096 
400 409 10 23 0.010842974 
138 260 13 22 0.010822675 
967 338 36 59 0.010813158 
637 543 17 19 0.010812292 
235 9 7 15 0.010811735 
568 498 7 10 0.010810373 
398 264 10 16 0.010794282 
567 -9 7 9 0.010775846 
821 43 7 25 0.010775135 
230 553 15 22 0.010772467 
526 356 7 15 0.010761456 
692 111 8 14 0.010752256 
862 128 5 11 0.010746622 
438 402 9 18 0.010738784 
632 200 5 15 0.010734019 
902 253 9 15 0.01073257 
465 249 9 20 0.010724926 
271 539 16 20 0.010724438 
376 152 7 12 0.0107186055 
581 214 5 12 0.0107108215 
646 202 6 14 0.010698581 
774 432 5 15 0.0106974 
172 113 5 12 0.010690681 
374 431 6 16 0.010686793 
530 425 9 20 0.010684057 
884 353 11 18 0.0106793195 
352 87 6 11 0.010675447 
18 267 31 43 0.010668877 
605 275 11 18 0.010663834 
440 190 7 14 0.010654008 
414 140 6 11 0.010643308 
466 498 7 12 0.010626329 
989 676 36 102 0.010623032 
810 77 6 11 0.0106115015 
594 215 5 12 0.010599133 
825 93 5 8 0.010581297 
902 227 7 14 0.0105579095 
931 553 13 22 0.010548299 
788 555 16 19 0.010548071 
526 85 8 13 0.010542219 
79 222 10 23 0.010526648 
337 91 5 9 0.01051649 
527 289 11 18 0.010513682 
386 48 11 18 0.010506289 
160 44 5 19 0.010504192 
91 263 10 19 0.010497185 
486 546 10 17 0.010486874 
872 354 9 16 0.010484677 
620 521 7 10 0.010479722 
464 546 10 15 0.010476715 
96 476 5 10 0.010476389 
845 354 10 16 0.010474003 
655 43 13 23 0.0104395775 
812 498 8 11 0.010432388 
338 153 5 12 0.01042984 
373 51 9 11 0.010429303 
785 483 7 14 0.0104042785 
720 216 7 13 0.010399634 
14 -12 10 11 0.010383727 
553 101 8 13 0.010382346 
273 79 6 8 0.010376419 
361 151 6 13 0.010375896 
538 274 11 22 0.010369604 
237 511 7 9 0.0103590395 
768 572 12 17 0.010334871 
151 -56 998 734 0.010323982 
233 386 8 26 0.010315653 
987 416 9 16 0.010307551 
870 335 11 25 0.010300865 
249 130 6 10 0.010290448 
181 313 10 19 0.010280676 
642 45 9 18 0.010280603 
206 560 8 15 0.010261611 
235 80 6 9 0.010257379 
554 470 7 14 0.010253808 
826 76 5 11 0.0102534825 
234 -3 8 11 0.010242755 
243 240 12 17 0.010238608 
723 455 6 19 0.010232701 
351 101 4 11 0.010212437 
454 -10 5 10 0.010208959 
692 96 8 14 0.010207215 
338 137 5 15 0.01020598 
1013 613 9 40 0.010198151 
208 548 7 12 0.0101943975 
460 386 14 23 0.010181281 
974 110 11 17 0.010176428 
283 160 8 16 0.01015546 
838 99 6 11 0.010143177 
205 287 11 19 0.010135979 
231 240 12 16 0.010130391 
275 441 7 16 0.010124714 
784 442 6 16 0.010119324 
398 302 10 18 0.010115599 
349 289 10 18 0.010111456 
486 400 9 19 0.01010636 
209 189 6 15 0.010097325 
785 431 6 16 0.010075136 
249 391 6 20 0.010053052 
327 98 5 11 0.010039517 
889 11 6 12 0.010027482 
499 299 11 21 0.010023489 
156 8 7 18 0.0100183375 
181 299 10 18 0.010013107 
19 472 5 11 0.010011198 
