51_Dresses_wearingdress_51_610
1646
631 27 51 80 0.99975747 
395 29 53 92 0.99953747 
125 24 65 92 0.99850523 
868 41 55 93 0.9974826 
330 145 22 39 0.80121976 
320 158 17 32 0.52160305 
966 386 24 38 0.26031965 
359 131 10 14 0.19610251 
299 173 22 33 0.19174565 
376 133 9 14 0.1861097 
339 140 19 29 0.18304013 
479 177 19 36 0.15744267 
347 133 12 16 0.12684849 
383 135 10 14 0.116728924 
960 146 15 39 0.10410138 
362 125 7 11 0.10031061 
357 137 13 22 0.09385048 
469 378 21 40 0.090746425 
452 181 58 112 0.08987452 
268 147 8 16 0.08827355 
449 149 12 27 0.08008091 
806 141 14 22 0.078848146 
650 5 13 17 0.07096139 
487 145 8 14 0.06983478 
356 150 17 28 0.0692879 
560 10 15 18 0.06563861 
371 162 14 22 0.0640861 
457 162 15 32 0.06291487 
369 270 16 24 0.0619346 
387 157 9 16 0.059418734 
878 2 16 16 0.05906809 
377 139 9 16 0.058489636 
1012 65 13 19 0.0569892 
398 145 8 13 0.05672481 
287 143 81 68 0.05652392 
398 158 8 14 0.056374982 
403 154 71 90 0.055313345 
1014 249 8 14 0.05401477 
399 136 8 12 0.053861514 
290 219 13 22 0.05363981 
487 151 11 24 0.05362866 
859 259 9 17 0.05345911 
70 126 18 28 0.052520372 
439 143 10 19 0.05232461 
375 127 7 10 0.04982165 
311 157 12 21 0.049762174 
352 124 8 12 0.049441073 
265 147 6 14 0.049413666 
1002 14 6 19 0.04912794 
1016 -8 8 17 0.048055395 
382 164 12 18 0.048041902 
412 187 26 28 0.047913276 
153 6 11 13 0.04742183 
967 153 16 45 0.046899203 
894 15 17 17 0.04613595 
263 43 5 12 0.045575477 
776 -180 249 139 0.04519287 
486 167 11 23 0.04356542 
1016 1 8 20 0.04318809 
207 325 6 15 0.042870913 
879 11 18 22 0.04208818 
292 229 14 21 0.042043198 
144 6 11 13 0.041698437 
265 -175 346 101 0.04117102 
874 10 12 19 0.041143455 
981 173 13 40 0.040805787 
1003 3 7 17 0.040604703 
1014 256 9 16 0.039607834 
199 325 6 14 0.03862839 
442 -184 349 127 0.038283035 
401 564 7 21 0.038234208 
1004 -7 6 13 0.038203724 
866 4 81 83 0.038005915 
645 6 11 14 0.037960403 
247 76 6 22 0.037844405 
925 5 8 12 0.03782502 
905 23 17 23 0.037662536 
963 600 7 23 0.037443742 
964 16 8 17 0.037435938 
1012 83 14 27 0.03737695 
899 6 10 10 0.037259687 
461 143 9 19 0.0371135 
579 143 8 25 0.0370664 
906 14 14 17 0.03706317 
261 75 7 24 0.037006773 
1013 167 11 22 0.036906525 
246 89 7 22 0.036902837 
296 37 8 16 0.036756698 
328 166 17 33 0.036738407 
943 112 16 34 0.036450963 
401 554 7 19 0.036381286 
481 146 7 12 0.0354061 
327 158 105 84 0.035077002 
907 368 187 224 0.03504225 
375 39 9 17 0.035033327 
923 463 10 16 0.034776784 
1016 12 8 23 0.034623463 
1001 23 8 23 0.033796877 
372 265 11 13 0.033542465 
489 139 5 10 0.033412054 
68 -14 7 20 0.033229113 
261 49 6 19 0.033143107 
1005 647 5 14 0.03289238 
968 141 13 26 0.03273968 
205 166 8 17 0.03272563 
204 156 8 17 0.032489933 
559 108 5 12 0.03244997 
273 77 7 23 0.032441493 
848 301 7 15 0.032281715 
969 225 15 32 0.032174245 
81 -14 7 21 0.032149635 
290 100 86 79 0.031904716 
975 15 8 19 0.03171123 
475 170 11 22 0.03145282 
311 183 22 32 0.031414747 
203 145 9 15 0.03122917 
1015 158 10 19 0.031225873 
989 15 7 19 0.03116003 
884 -1 8 8 0.031110216 
850 157 8 17 0.030998899 
566 108 6 12 0.030849382 
910 6 10 11 0.030555682 
259 61 7 22 0.030511538 
262 88 6 22 0.030501392 
839 617 232 263 0.030496964 
260 176 9 25 0.030381594 
286 234 11 17 0.030266173 
424 157 9 12 0.030226152 
606 668 30 22 0.030205393 
247 102 6 20 0.030116988 
263 167 8 18 0.030030988 
858 154 12 25 0.029980049 
307 26 82 100 0.029850507 
298 34 6 10 0.029849224 
451 138 7 15 0.029734302 
568 99 5 11 0.029729579 
748 24 4 8 0.029473905 
205 178 9 23 0.029386766 
1015 24 10 26 0.029045412 
413 160 9 11 0.029044297 
833 153 11 22 0.028917922 
502 65 7 19 0.028817484 
967 578 5 18 0.02856018 
294 178 96 97 0.028425086 
1003 615 5 18 0.028371794 
863 28 8 19 0.028287547 
879 589 6 14 0.02828457 
-52 630 304 353 0.02820587 
197 313 6 13 0.028199712 
298 157 11 17 0.028168807 
960 329 8 29 0.028115675 
902 0 6 6 0.027992064 
388 543 5 18 0.0279841 
240 518 3 14 0.027938066 
194 145 11 15 0.027782623 
814 141 13 23 0.027782397 
403 544 6 18 0.027640907 
497 155 9 19 0.027626988 
482 140 5 9 0.027598679 
248 62 7 22 0.027557196 
441 139 7 12 0.027542735 
399 167 10 14 0.027509842 
718 104 9 12 0.027313013 
286 156 8 16 0.02719211 
502 91 7 18 0.027140403 
297 145 9 14 0.027123647 
816 91 72 108 0.02709932 
274 88 7 23 0.0270833 
652 -6 11 14 0.027058484 
977 589 5 21 0.026912117 
502 77 7 20 0.026884424 
236 101 6 21 0.026837965 
657 27 67 83 0.026812704 
434 18 11 15 0.026777115 
891 22 22 24 0.026766224 
571 13 12 16 0.026730085 
952 78 8 20 0.026683807 
977 600 6 24 0.026651766 
849 -1 6 6 0.026617749 
248 530 4 14 0.026603037 
978 3 7 17 0.02659854 
936 381 10 28 0.026572425 
223 -10 6 15 0.026508944 
877 583 7 14 0.026360432 
375 32 7 13 0.026354998 
394 366 92 97 0.026351538 
920 27 12 19 0.026306786 
990 -21 6 16 0.026269428 
976 198 10 23 0.026261423 
932 98 15 32 0.02624582 
311 147 10 17 0.026222156 
666 5 10 15 0.026144175 
10 107 12 33 0.026132904 
949 300 6 18 0.02611079 
132 373 6 13 0.026073953 
849 15 6 14 0.026046015 
860 251 7 12 0.026044158 
236 -12 6 17 0.02601933 
978 -7 6 14 0.025993066 
286 147 7 13 0.025959985 
248 517 4 16 0.025953345 
338 43 5 11 0.025933737 
913 -1 6 6 0.025909187 
239 505 4 13 0.02589988 
671 -6 83 85 0.025881909 
935 5 7 12 0.025862934 
245 190 8 25 0.025858723 
852 166 7 16 0.02584989 
581 137 5 15 0.025846336 
871 25 14 22 0.02580057 
236 88 6 23 0.025717828 
428 270 6 22 0.025681764 
978 580 4 17 0.025616663 
864 675 4 8 0.02561272 
771 29 7 12 0.025612675 
849 3 6 11 0.025599305 
707 48 155 260 0.025559168 
318 87 12 24 0.025552182 
1002 603 5 19 0.02541973 
1017 615 7 20 0.025365716 
486 217 9 24 0.025357032 
761 24 5 8 0.025333963 
714 573 73 68 0.025259797 
848 285 7 15 0.02521296 
573 6 11 14 0.025209723 
1005 630 5 16 0.025202233 
119 492 10 15 0.025124077 
249 -11 5 17 0.025113324 
989 4 7 17 0.025105294 
120 500 8 14 0.02510402 
209 -9 7 14 0.025036948 
193 154 11 19 0.025012499 
951 308 7 19 0.02497357 
259 188 8 27 0.02495846 
464 138 6 11 0.024932984 
271 63 7 21 0.024922645 
439 169 10 15 0.024912322 
210 315 5 13 0.024889909 
12 -174 218 125 0.024784004 
1003 593 6 15 0.024761183 
306 84 16 31 0.024710922 
1004 657 6 14 0.02470525 
457 51 11 25 0.024671573 
422 17 13 16 0.02465348 
204 190 10 26 0.024533704 
297 48 9 21 0.024524696 
1002 -19 6 16 0.024519643 
939 351 8 37 0.024487324 
949 347 10 40 0.024369733 
837 93 144 256 0.024354208 
271 50 6 18 0.02429422 
54 -1 9 22 0.024293886 
922 14 10 15 0.024288613 
214 381 14 23 0.02422959 
388 125 8 11 0.0242069 
350 43 6 11 0.024201449 
11 21 15 31 0.024183305 
413 148 6 10 0.024176449 
94 -11 6 18 0.024173776 
447 41 14 25 0.024030764 
262 103 6 19 0.02397589 
477 154 10 20 0.023970803 
474 194 17 37 0.023958534 
10 83 12 33 0.023909044 
864 636 5 9 0.023903942 
757 -3 7 9 0.023889404 
221 315 5 12 0.02388834 
338 121 10 14 0.023865601 
399 18 12 15 0.023863895 
1016 656 8 19 0.023814846 
487 347 6 18 0.02369865 
390 557 4 14 0.023663042 
496 188 12 28 0.02365548 
849 51 9 22 0.023645319 
990 -7 6 14 0.023625975 
951 327 8 34 0.023543565 
197 137 7 12 0.023510164 
1006 250 6 11 0.023491776 
480 337 7 20 0.023459306 
818 152 11 20 0.023458883 
641 528 12 36 0.023434596 
194 299 6 17 0.023391813 
762 102 4 7 0.023332236 
567 116 6 15 0.02332896 
475 77 9 21 0.023315683 
850 268 7 17 0.023312302 
947 138 12 23 0.023306362 
759 210 7 10 0.023295298 
76 124 11 13 0.0232915 
978 -21 6 16 0.023240356 
878 672 4 9 0.023230514 
296 346 197 236 0.023221178 
926 -1 6 7 0.023202932 
153 427 14 31 0.023082295 
877 -1 7 7 0.023073468 
838 -1 5 7 0.0230081 
878 22 22 24 0.023003826 
682 -31 152 171 0.022994917 
428 180 18 25 0.02299121 
236 117 6 17 0.022936333 
557 117 6 14 0.02293287 
328 185 18 31 0.02291624 
53 -15 9 21 0.022914836 
209 299 6 17 0.022913208 
748 102 5 6 0.022892656 
321 79 10 20 0.02285059 
773 105 5 10 0.022799406 
206 136 7 11 0.022795316 
597 377 4 12 0.022742342 
338 135 11 17 0.022706438 
774 173 5 10 0.022700137 
513 27 7 19 0.022672545 
272 42 5 12 0.022664946 
364 42 6 12 0.02264951 
148 488 7 17 0.022602838 
514 36 7 20 0.02260251 
749 -2 6 8 0.02258974 
581 79 6 16 0.022587482 
964 5 7 15 0.022523228 
146 500 7 16 0.022504123 
919 36 13 26 0.022490975 
342 188 14 30 0.022475898 
560 99 4 10 0.022473117 
69 52 7 18 0.022415742 
960 129 10 19 0.022409784 
164 15 14 19 0.022395961 
463 170 31 55 0.022391545 
586 139 10 29 0.022337493 
498 180 10 21 0.022314297 
493 556 4 12 0.022311388 
68 65 7 18 0.022298424 
262 -10 5 15 0.022281054 
99 -179 301 109 0.022269065 
359 172 13 26 0.022268811 
235 74 7 24 0.022257963 
580 67 6 17 0.022238193 
763 43 83 105 0.022227159 
976 319 9 26 0.022221236 
597 322 6 16 0.022209538 
862 36 10 25 0.022205165 
310 53 7 17 0.022144187 
832 218 12 20 0.022135308 
271 138 7 12 0.022125347 
569 65 6 19 0.022100132 
1017 629 7 18 0.022096073 
31 340 15 33 0.022093656 
1003 582 6 13 0.02196344 
608 375 5 15 0.021956418 
287 135 7 13 0.021899344 
772 203 5 8 0.021873051 
757 5 7 10 0.021838935 
553 7 16 17 0.021822799 
263 35 4 10 0.021752397 
325 42 6 12 0.021750325 
182 -7 8 13 0.021748934 
720 101 7 8 0.021724094 
16 581 7 13 0.021710776 
618 50 10 23 0.021694424 
921 470 13 27 0.02168719 
196 -8 7 14 0.021632683 
864 648 5 8 0.021617198 
178 15 11 17 0.021519436 
286 78 8 23 0.021488963 
708 31 7 10 0.02143133 
1014 266 11 21 0.021428121 
421 172 13 16 0.021410838 
410 172 13 14 0.021373335 
481 349 5 18 0.021312343 
237 -24 5 16 0.021302432 
129 500 8 14 0.021301975 
364 32 6 10 0.02128593 
957 115 12 24 0.021256128 
1017 647 6 16 0.021225864 
580 53 6 17 0.021211319 
705 101 11 15 0.021161145 
964 615 7 19 0.02113626 
132 360 8 16 0.021126758 
619 62 9 22 0.021105452 
962 309 6 21 0.021077842 
336 80 7 15 0.021032948 
170 410 10 20 0.02097048 
1007 59 6 13 0.020969694 
977 614 7 21 0.020969214 
835 52 8 20 0.020951563 
40 -13 10 19 0.02094855 
154 444 10 21 0.020907095 
936 16 7 13 0.020903211 
608 389 4 14 0.02088403 
352 32 5 9 0.020882359 
736 25 5 7 0.020865714 
11 589 13 25 0.020859385 
1004 168 8 19 0.020851199 
924 344 8 30 0.020828769 
324 54 7 15 0.02081753 
960 352 10 34 0.020815995 
531 148 6 12 0.020793468 
860 280 7 18 0.020774845 
156 -4 8 11 0.020744924 
503 105 7 16 0.020674456 
220 326 6 14 0.020660477 
569 81 5 15 0.020624993 
262 219 8 21 0.020514056 
296 133 8 15 0.0205002 
491 91 8 18 0.020488154 
249 505 4 15 0.02045442 
387 28 12 20 0.020454261 
1017 604 7 21 0.020448076 
845 304 11 26 0.020438978 
111 596 3 9 0.020404397 
425 8 9 10 0.020375708 
487 336 7 19 0.02031962 
145 -3 8 10 0.020308252 
644 -5 9 13 0.020288764 
489 41 8 16 0.02027122 
411 7 9 11 0.02025211 
992 593 5 16 0.020226128 
505 399 241 205 0.02019255 
860 145 11 20 0.020187682 
849 40 7 20 0.020129912 
323 68 8 17 0.020106222 
486 304 9 24 0.020090215 
581 97 6 12 0.020036038 
351 111 7 12 0.02001908 
1004 78 8 15 0.019980958 
992 602 6 20 0.019966202 
771 23 6 10 0.01994313 
260 205 7 21 0.019932639 
248 118 6 17 0.019916225 
935 28 8 16 0.019884305 
556 65 6 19 0.019855063 
385 177 15 23 0.019844417 
760 204 5 7 0.019841732 
847 63 12 27 0.019820424 
338 55 5 13 0.019803895 
68 80 7 16 0.01979114 
503 53 7 18 0.019768981 
1018 -19 7 17 0.019755496 
864 148 18 33 0.019754706 
250 52 6 19 0.019741204 
449 172 16 30 0.019723596 
721 31 7 9 0.01971877 
622 389 6 14 0.019716611 
863 4 6 10 0.019708067 
429 148 7 11 0.01968268 
55 13 9 22 0.019675972 
246 180 7 21 0.019671107 
202 400 13 19 0.019652346 
348 14 81 84 0.019636443 
554 196 8 20 0.01962581 
774 101 4 8 0.01961789 
558 82 5 15 0.019584043 
209 334 6 15 0.019569509 
581 109 5 12 0.019566052 
342 170 14 30 0.019555066 
516 53 6 19 0.019536238 
931 269 12 24 0.019503726 
269 162 10 23 0.019498749 
625 583 15 38 0.01949116 
951 65 9 22 0.019448662 
1006 68 7 12 0.019403223 
760 139 5 8 0.019390427 
811 -62 165 160 0.01931743 
596 363 4 14 0.01929468 
409 16 14 18 0.01928368 
515 64 7 20 0.019282743 
68 -25 6 20 0.01925197 
275 -10 6 15 0.019251248 
337 69 6 14 0.01924443 
55 175 9 28 0.01923283 
250 -24 5 17 0.019191453 
852 676 4 8 0.019191245 
363 56 7 15 0.019187523 
934 39 9 20 0.019184435 
939 331 8 26 0.019168336 
597 391 4 11 0.019150335 
948 89 10 21 0.01913864 
168 6 10 13 0.019126227 
772 299 10 18 0.019097509 
898 457 12 19 0.019093951 
491 78 8 19 0.019064136 
461 43 8 18 0.019056866 
948 150 14 29 0.019056167 
722 222 5 15 0.019048288 
859 236 8 14 0.019044217 
963 375 9 21 0.01903904 
958 76 9 19 0.019010648 
383 261 8 14 0.019005392 
817 347 13 24 0.018987129 
296 78 11 24 0.018901194 
762 106 5 8 0.018883228 
402 580 5 14 0.018854378 
340 -21 4 14 0.018823326 
388 530 6 20 0.018814372 
477 299 10 30 0.018782225 
865 661 4 8 0.018775424 
312 33 6 9 0.018771956 
863 17 7 14 0.018768173 
288 -10 5 15 0.018767295 
568 50 7 20 0.018756352 
220 204 8 22 0.018730927 
861 301 6 15 0.018718047 
982 197 12 27 0.018712401 
913 346 8 26 0.01869737 
554 50 7 22 0.018685762 
840 635 4 10 0.01865345 
848 148 8 15 0.018644115 
263 120 6 15 0.018639801 
234 204 9 26 0.018633325 
283 206 17 25 0.018632418 
54 62 9 22 0.018604852 
339 34 5 8 0.018581484 
888 673 6 9 0.01855959 
286 65 8 20 0.01852332 
950 285 6 18 0.018516166 
449 31 10 16 0.018498661 
341 143 30 49 0.018490281 
54 49 8 23 0.018453177 
88 131 11 17 0.01844399 
1005 670 5 16 0.018433405 
570 135 5 13 0.01839085 
836 136 7 13 0.01838325 
503 221 7 17 0.018381028 
10 54 15 38 0.018367385 
162 429 12 28 0.018364811 
963 633 6 16 0.018349012 
1016 240 8 13 0.018338528 
961 169 13 35 0.018332876 
664 15 13 19 0.018323917 
878 607 5 12 0.018294623 
485 238 10 30 0.0182887 
1015 40 11 23 0.018284783 
952 17 8 14 0.018276364 
194 166 10 17 0.018233404 
770 209 7 10 0.018231306 
15 -12 10 17 0.018223105 
327 -21 5 14 0.018210936 
309 65 10 20 0.018200697 
290 40 6 13 0.018158067 
1017 669 7 19 0.018145777 
695 184 6 16 0.018141046 
1013 188 13 26 0.018109817 
24 13 13 23 0.018088555 
695 195 6 18 0.018088492 
885 608 6 11 0.018068265 
326 34 5 8 0.018041527 
853 636 4 8 0.018026773 
222 41 161 164 0.01802636 
1006 258 6 12 0.01801841 
476 90 8 19 0.018008597 
992 647 5 14 0.018006183 
55 77 8 19 0.017989019 
847 246 7 14 0.017930975 
490 31 7 12 0.01792461 
171 324 6 12 0.017923772 
170 -6 8 12 0.017916128 
67 0 8 21 0.017877499 
424 251 9 27 0.017876329 
541 204 7 17 0.01784461 
126 489 11 17 0.017839862 
1013 107 13 30 0.01782601 
965 -6 6 12 0.017810395 
955 591 6 18 0.017800754 
223 133 6 13 0.017796345 
450 87 9 24 0.017788885 
834 234 11 19 0.0177822 
902 441 37 88 0.017764041 
154 478 7 15 0.017751625 
1011 466 12 15 0.017748142 
81 -23 7 19 0.017738443 
1002 177 10 24 0.017665386 
530 50 6 22 0.017645042 
851 134 7 15 0.01764433 
311 42 6 12 0.017633384 
722 25 5 7 0.017632179 
274 103 7 20 0.017626332 
276 -22 4 15 0.017625546 
401 9 8 9 0.017621815 
265 137 5 11 0.017620131 
230 384 9 17 0.017615765 
841 300 5 13 0.01760646 
749 5 6 9 0.017602673 
290 239 19 26 0.017581899 
979 631 6 18 0.017577099 
499 205 9 22 0.017574184 
16 -21 9 17 0.01755793 
336 422 7 19 0.017543992 
244 217 9 23 0.0175207 
837 4 6 10 0.017519617 
38 -1 11 21 0.017515408 
581 339 6 12 0.01751228 
302 217 16 27 0.017506506 
530 37 6 21 0.017501922 
577 25 9 16 0.017407427 
876 663 5 7 0.017368436 
450 19 8 13 0.017358623 
591 4 9 14 0.017334063 
250 544 3 13 0.01732189 
870 271 7 16 0.017318225 
198 335 6 13 0.017304037 
950 385 9 23 0.017301822 
221 169 6 14 0.017295564 
608 65 7 19 0.017292332 
68 40 7 19 0.017282749 
463 181 17 32 0.017236467 
285 98 10 25 0.017235233 
430 201 17 24 0.017234465 
682 192 7 23 0.017219523 
924 381 9 27 0.017210972 
288 52 7 16 0.017175615 
958 88 10 20 0.017168831 
233 60 9 25 0.01716689 
1000 391 14 21 0.017163713 
726 171 4 13 0.01714977 
771 60 7 11 0.017138345 
219 194 8 21 0.017133372 
232 398 10 17 0.017105317 
505 38 7 18 0.01709852 
700 100 6 10 0.017093288 
515 265 6 11 0.017074877 
862 -1 6 6 0.017072046 
81 1 7 20 0.0170629 
492 66 7 17 0.017028363 
843 219 13 20 0.01702486 
98 596 3 9 0.017011667 
823 164 9 22 0.016994804 
291 34 5 9 0.016971843 
590 15 9 14 0.016947834 
339 -8 5 13 0.016946096 
853 649 4 8 0.016912583 
220 337 6 16 0.016900029 
1004 159 7 16 0.01688571 
953 27 7 16 0.016868535 
581 120 5 13 0.016849194 
821 137 8 15 0.016848452 
224 -22 5 14 0.016834589 
110 504 5 11 0.016827684 
846 235 9 17 0.016826745 
205 74 10 24 0.016822722 
359 188 12 27 0.016817752 
377 53 9 20 0.016816871 
273 120 6 15 0.016816322 
954 604 6 17 0.016792763 
583 364 5 11 0.016782202 
920 453 15 18 0.016767163 
950 463 7 16 0.016764687 
314 -20 4 13 0.016761128 
-29 27 131 252 0.0167457 
679 559 11 26 0.016729668 
914 462 9 14 0.01672853 
933 452 10 15 0.016724538 
532 207 6 14 0.016702887 
975 133 8 16 0.016699495 
109 586 4 10 0.016682616 
570 148 5 15 0.016647467 
221 62 9 22 0.016618952 
809 122 7 14 0.01660462 
981 384 16 26 0.016602905 
650 11 16 22 0.016581077 
57 165 8 19 0.016579926 
82 43 6 15 0.016578695 
577 158 11 36 0.016578434 
301 -10 5 15 0.016574755 
962 253 9 20 0.01656623 
917 141 17 43 0.016554303 
961 294 8 23 0.016549427 
180 3 9 15 0.016537614 
877 687 4 9 0.016504297 
746 240 7 11 0.016500311 
809 4 8 13 0.016499167 
784 620 6 13 0.016498983 
544 -2 96 99 0.016496604 
491 53 7 16 0.016473219 
1016 593 7 16 0.016446171 
875 570 7 13 0.016430335 
54 -25 8 20 0.016428687 
602 16 8 16 0.016424755 
515 78 7 19 0.016418256 
761 29 6 10 0.016412253 
809 104 8 17 0.016401416 
81 54 6 16 0.016371742 
263 -23 4 16 0.016357489 
375 256 6 10 0.016350001 
314 -9 5 14 0.016318683 
239 530 4 14 0.01631546 
12 139 10 24 0.016313095 
937 262 8 17 0.016311476 
186 302 5 13 0.016304443 
834 65 11 25 0.016293885 
949 422 9 19 0.016293712 
688 571 15 37 0.016286915 
66 337 9 17 0.016280653 
911 261 8 13 0.016268501 
56 26 8 22 0.016267462 
987 37 9 20 0.016262198 
711 207 6 18 0.016258728 
27 -12 11 18 0.016240517 
403 527 5 20 0.016237274 
823 54 8 17 0.016233936 
606 361 6 17 0.016231759 
289 -21 4 14 0.016224543 
185 326 5 12 0.016224282 
197 402 11 17 0.016209006 
147 515 6 13 0.016207151 
778 304 10 20 0.016191712 
698 23 5 9 0.016191117 
568 287 5 12 0.016185543 
216 396 12 17 0.016183412 
222 103 7 19 0.016172139 
391 571 5 11 0.01613926 
1015 143 11 19 0.016137382 
297 64 9 21 0.016130298 
500 170 7 18 0.016125698 
477 31 7 11 0.016105693 
699 29 7 12 0.016104212 
221 157 6 13 0.016101569 
414 273 6 18 0.016092973 
962 36 9 20 0.016092911 
920 145 156 270 0.016086323 
1004 88 9 19 0.016080866 
335 91 8 16 0.016078906 
993 614 5 19 0.016074259 
871 330 11 26 0.016068295 
1008 406 15 24 0.016037844 
39 12 11 23 0.016020026 
1014 126 11 24 0.016001591 
564 34 10 21 0.015995564 
935 50 9 23 0.015992908 
222 51 8 21 0.015980456 
905 178 15 28 0.015977561 
476 65 8 20 0.015971387 
291 187 41 62 0.015968941 
338 109 7 13 0.015968375 
850 29 6 16 0.015949937 
506 27 7 17 0.01594549 
221 74 8 23 0.015932208 
323 146 14 25 0.01591748 
975 35 11 23 0.015915621 
824 209 9 18 0.01590731 
222 118 6 16 0.015906885 
813 355 19 37 0.01589975 
952 635 6 13 0.015895544 
361 110 9 13 0.01588707 
491 540 6 17 0.015875893 
113 466 18 33 0.015867937 
888 660 7 9 0.015866404 
839 676 3 8 0.015865197 
349 54 6 14 0.015812913 
377 573 4 9 0.015809396 
237 326 6 12 0.015782116 
961 265 9 23 0.015773311 
304 193 20 31 0.015762901 
302 -21 4 14 0.015761768 
478 124 6 12 0.015740028 
437 6 9 12 0.01572607 
533 199 5 13 0.015706193 
508 481 5 10 0.015700363 
602 4 9 14 0.015693288 
236 192 8 23 0.015680274 
475 225 10 31 0.015667966 
208 25 9 21 0.015650699 
772 138 6 9 0.015641622 
413 50 27 35 0.0156248035 
170 337 7 15 0.015615405 
781 170 7 13 0.015608575 
300 24 5 8 0.015606083 
531 155 6 15 0.015604963 
321 98 10 22 0.015600751 
810 27 7 17 0.015591073 
578 39 8 17 0.015586595 
271 217 12 22 0.01558598 
884 590 7 14 0.015581576 
439 270 6 21 0.015563244 
976 669 7 17 0.015557663 
924 332 8 21 0.015556947 
951 6 7 12 0.015544567 
992 631 5 16 0.015513732 
230 372 8 17 0.015512319 
604 322 7 16 0.015503452 
953 619 7 15 0.0154975215 
591 26 9 16 0.015497457 
933 462 9 16 0.015479815 
691 566 11 23 0.015479511 
748 105 7 9 0.015471905 
606 76 9 21 0.015463611 
93 29 6 16 0.015461061 
1003 685 7 15 0.01545501 
875 287 5 13 0.015448541 
979 648 5 13 0.015444596 
185 311 5 13 0.015434027 
236 131 6 15 0.015418672 
326 -9 6 14 0.015403928 
80 66 7 16 0.015382022 
748 29 6 10 0.015364094 
95 43 5 14 0.015342647 
41 303 8 24 0.015331544 
294 94 14 29 0.015315183 
832 84 11 27 0.015304141 
154 488 7 16 0.0152827855 
220 181 7 18 0.015281135 
518 238 5 13 0.0152789755 
219 348 8 21 0.01527386 
352 -8 5 13 0.015268369 
541 50 7 22 0.015268124 
350 79 7 15 0.015228293 
722 212 5 13 0.0152222235 
540 7 13 14 0.015191788 
592 120 7 13 0.01518477 
542 65 6 19 0.015178455 
593 -6 8 12 0.015146788 
68 27 7 20 0.015105226 
517 223 5 14 0.015101267 
364 65 7 17 0.015100722 
14 3 11 20 0.015089201 
507 250 5 13 0.015087812 
951 650 6 10 0.015082074 
757 276 9 13 0.015074469 
504 233 7 16 0.015070392 
580 352 5 12 0.015070264 
195 3 8 16 0.015069245 
453 619 7 13 0.015066471 
13 153 9 23 0.015061421 
529 64 7 19 0.015056356 
185 288 5 15 0.015047053 
1001 308 10 24 0.015040199 
835 16 6 14 0.015029521 
931 144 17 41 0.015014468 
235 -34 6 17 0.015013704 
171 403 7 14 0.015005549 
988 307 8 24 0.015005542 
890 686 5 10 0.014996331 
988 669 8 19 0.014984882 
855 221 10 17 0.014981681 
105 349 8 16 0.0149813015 
783 107 6 10 0.014972917 
207 51 9 21 0.014970715 
450 411 9 14 0.014958373 
904 249 5 12 0.014947661 
250 134 5 13 0.014946594 
826 634 4 12 0.01493968 
349 68 6 14 0.014936065 
43 295 8 23 0.0149230305 
353 -21 4 14 0.014917599 
153 460 9 18 0.01490152 
327 134 9 16 0.014898426 
109 474 9 19 0.014895557 
514 481 7 11 0.014876335 
600 261 20 21 0.014860167 
567 253 6 12 0.014847013 
711 27 81 96 0.01484103 
864 624 4 10 0.014827964 
896 182 16 25 0.0148214735 
694 209 6 19 0.014803882 
952 -5 6 10 0.014798987 
822 101 9 20 0.014791203 
680 19 8 14 0.014768691 
1002 141 9 19 0.014752091 
784 98 6 10 0.01475166 
121 599 4 8 0.014750705 
710 39 9 14 0.014750371 
491 106 7 15 0.014743672 
516 487 6 12 0.01474311 
1014 581 8 15 0.014738277 
558 285 5 14 0.014723522 
823 193 8 18 0.014721447 
813 635 4 12 0.014719676 
26 99 10 23 0.01471859 
922 97 14 34 0.014710267 
1015 278 11 25 0.014697453 
135 583 5 11 0.014694816 
480 576 4 7 0.0146897 
54 203 8 25 0.014688927 
246 232 8 20 0.014677221 
492 -8 6 14 0.014675413 
948 452 8 15 0.014672973 
94 478 7 15 0.014670167 
961 278 8 26 0.014664294 
867 173 17 32 0.014663627 
236 314 6 12 0.014646077 
604 -7 8 13 0.014643454 
918 44 65 101 0.014625776 
592 78 7 18 0.014615533 
569 581 5 16 0.014603829 
206 63 10 22 0.014599952 
67 257 8 21 0.014588994 
749 164 5 9 0.014570607 
152 15 15 21 0.01456331 
364 110 74 86 0.0145611465 
450 6 8 11 0.014557206 
144 476 9 18 0.014547197 
1003 38 8 20 0.01454546 
422 237 9 26 0.014539939 
807 162 10 21 0.014538777 
887 63 26 34 0.014529257 
107 461 9 23 0.01451711 
823 336 7 17 0.014512668 
541 148 6 11 0.014504711 
964 649 6 12 0.014502613 
133 8 9 12 0.014495902 
824 176 8 22 0.0144954985 
55 91 8 17 0.014492298 
735 107 6 9 0.014490561 
69 94 7 14 0.0144876 
758 145 7 10 0.014485897 
195 285 7 20 0.014481869 
208 14 8 18 0.014459074 
772 122 6 10 0.0144413505 
431 26 15 22 0.014436139 
707 243 7 23 0.014422439 
454 576 4 6 0.014417968 
252 43 5 14 0.014403415 
448 419 11 20 0.0144033935 
563 -3 11 11 0.014401139 
80 80 7 16 0.014400205 
247 167 7 17 0.0143997725 
935 76 11 25 0.014398095 
94 277 5 12 0.014395346 
982 228 11 22 0.01439258 
993 582 6 13 0.014378342 
621 29 9 19 0.014361228 
1001 323 12 23 0.014349839 
590 133 7 18 0.014347479 
373 191 11 22 0.014343331 
502 146 6 13 0.0143334195 
285 115 9 19 0.014325716 
275 36 5 9 0.014323802 
506 555 5 13 0.0143162105 
772 616 9 15 0.014272405 
965 203 9 19 0.014262842 
827 675 3 8 0.014257989 
617 584 12 34 0.01423842 
372 426 7 14 0.014238078 
249 4 6 17 0.01423451 
583 169 16 42 0.014230778 
428 281 6 24 0.014225421 
705 457 7 11 0.014222353 
222 88 7 22 0.014207144 
93 286 6 14 0.014190352 
928 -184 119 95 0.014184896 
704 463 8 12 0.0141822295 
92 15 6 18 0.014174006 
746 481 8 13 0.014168156 
208 120 7 15 0.014166532 
507 539 5 18 0.014164907 
901 674 6 10 0.014147924 
633 6 8 12 0.014145183 
429 556 6 14 0.014137925 
993 79 8 15 0.014137593 
735 30 6 9 0.014136298 
836 40 7 18 0.014125867 
853 662 4 8 0.014119845 
757 283 10 15 0.014118438 
950 52 8 21 0.014105991 
875 638 5 8 0.014097751 
632 17 11 17 0.014091411 
207 103 8 20 0.014089205 
565 260 8 14 0.014087954 
951 258 6 15 0.014086139 
313 24 5 8 0.01406999 
883 320 11 22 0.014061127 
428 540 6 18 0.014060467 
232 230 10 22 0.014047028 
954 579 5 18 0.014043833 
628 546 9 26 0.0140355555 
869 350 15 38 0.014025092 
737 101 5 7 0.014020504 
965 567 6 16 0.014006122 
911 249 7 14 0.013996716 
70 124 9 12 0.0139964 
963 682 6 14 0.01398861 
595 333 7 17 0.013986307 
810 91 8 16 0.013981759 
415 581 5 14 0.013977236 
467 31 6 11 0.013966995 
907 153 17 37 0.013965978 
541 36 8 22 0.01396184 
911 234 8 16 0.013947012 
182 275 5 15 0.013946816 
66 13 8 21 0.013945072 
738 211 5 10 0.013944613 
858 141 41 69 0.013922639 
1002 126 9 22 0.013914956 
553 33 10 24 0.0139126 
808 14 7 15 0.013898844 
196 192 8 20 0.013884238 
864 685 4 10 0.013868982 
26 2 11 20 0.013865475 
138 559 4 10 0.013860741 
196 203 8 22 0.013857379 
922 173 13 30 0.013856244 
556 220 7 17 0.013849549 
515 91 6 18 0.013847602 
409 565 7 20 0.013847542 
725 185 4 11 0.013833102 
593 109 6 12 0.013819649 
208 2 8 17 0.013807937 
120 28 9 20 0.013806281 
222 2 7 17 0.013790695 
987 -37 8 21 0.013787103 
207 217 7 20 0.013786779 
987 322 8 21 0.013781269 
991 659 6 13 0.013779272 
409 137 8 10 0.013751462 
387 251 7 13 0.013750395 
517 254 5 9 0.013747828 
383 175 40 65 0.013741914 
606 313 6 15 0.013737909 
530 25 7 21 0.013735731 
822 87 10 21 0.013731855 
833 98 11 25 0.01373072 
972 252 9 21 0.0137229 
959 104 10 20 0.013715565 
977 682 6 15 0.013713178 
963 490 7 15 0.013710495 
413 237 9 26 0.013710226 
967 220 9 19 0.01370744 
251 148 5 12 0.01369941 
285 166 12 21 0.01369738 
80 94 8 15 0.0136844255 
107 120 8 14 0.013676312 
810 39 7 17 0.013674523 
749 139 5 8 0.013668243 
493 573 4 8 0.013664224 
181 159 10 16 0.013663724 
948 437 9 17 0.013660883 
389 515 6 19 0.013648565 
840 648 4 9 0.013625642 
679 -21 10 14 0.013622481 
82 14 7 18 0.013618133 
580 299 7 17 0.013616615 
1009 323 14 23 0.013613958 
252 30 5 14 0.013611946 
96 585 4 10 0.013600964 
452 -5 7 11 0.013598597 
479 -8 6 13 0.013579384 
596 405 5 10 0.013567929 
324 118 10 18 0.013550979 
653 546 10 31 0.013545733 
122 447 19 44 0.013544299 
208 38 8 20 0.013535658 
976 278 9 26 0.013530112 
205 279 9 26 0.0135115525 
627 364 230 230 0.013510716 
110 56 6 16 0.013505015 
251 18 5 14 0.01347273 
247 -34 6 18 0.013454795 
145 409 10 19 0.0134529015 
27 -22 9 17 0.013442665 
798 95 6 13 0.013421093 
237 180 6 19 0.013420841 
222 146 6 12 0.01340576 
851 261 6 13 0.0133849 
4 88 9 24 0.013381746 
605 -22 8 16 0.01337169 
264 529 4 16 0.0133684 
823 66 10 20 0.013366017 
991 56 7 14 0.013363244 
784 200 5 10 0.013347059 
39 74 11 23 0.0133374855 
518 135 5 11 0.013336219 
543 223 5 15 0.013334129 
786 603 6 15 0.013324571 
811 477 9 16 0.013312998 
231 36 10 24 0.013308433 
413 253 8 22 0.0133044 
419 612 12 22 0.013301902 
183 137 8 12 0.013301115 
773 627 8 17 0.013297816 
710 132 7 13 0.013294038 
96 55 5 14 0.013258745 
785 122 6 11 0.013255158 
83 29 6 17 0.013246186 
172 199 7 13 0.013243583 
195 121 9 14 0.013231748 
800 123 6 12 0.013231461 
335 414 8 14 0.0132279005 
720 121 7 11 0.013227452 
27 86 11 25 0.01322021 
796 182 8 16 0.013180021 
710 25 5 7 0.01317823 
542 156 6 14 0.013171814 
180 433 11 21 0.013169347 
25 44 12 34 0.013158749 
477 106 8 15 0.013156756 
11 166 10 24 0.013155126 
582 393 4 9 0.013149866 
476 360 8 22 0.01314728 
772 67 7 11 0.013135766 
111 493 6 12 0.013134156 
42 596 5 13 0.0131327985 
221 25 9 24 0.013120747 
593 66 6 17 0.013120525 
936 496 8 23 0.013120395 
758 221 9 12 0.0131125385 
952 683 5 12 0.0131032895 
581 288 6 13 0.013095357 
274 207 9 18 0.013085692 
414 539 6 18 0.013081764 
604 28 7 16 0.013070705 
825 27 5 17 0.013067759 
274 375 7 10 0.01305469 
154 411 11 22 0.013050083 
151 219 12 25 0.013041845 
465 -7 7 12 0.013036249 
52 218 9 23 0.013034702 
987 156 10 21 0.013022318 
834 175 10 23 0.013014792 
196 14 7 17 0.013013101 
760 491 7 13 0.013004023 
94 463 7 17 0.013003466 
918 439 17 22 0.0130005535 
643 559 9 28 0.01298512 
760 173 5 8 0.012975076 
249 157 6 12 0.012973134 
947 500 9 18 0.0129570495 
180 82 12 30 0.012950196 
939 300 6 16 0.012947638 
530 185 6 14 0.01294331 
772 163 6 10 0.01293918 
476 21 7 10 0.012938822 
362 79 8 17 0.012935953 
299 239 23 30 0.012933031 
237 339 5 13 0.012929998 
874 319 9 22 0.012929416 
375 233 7 19 0.012925584 
113 610 3 9 0.012923727 
577 308 9 21 0.012919854 
222 217 8 20 0.012908206 
26 113 9 22 0.0129075805 
11 179 11 25 0.012899048 
877 302 6 13 0.012896109 
375 202 9 24 0.012886396 
748 211 6 9 0.012885722 
1002 97 10 24 0.012882223 
107 -9 6 15 0.012875386 
407 68 73 93 0.012869538 
544 82 5 15 0.012854373 
719 270 7 20 0.012849647 
468 576 3 6 0.0128459465 
762 62 5 8 0.012832481 
772 -3 6 8 0.012830717 
45 288 6 17 0.012822724 
836 29 6 16 0.01282078 
400 511 8 22 0.0128174005 
130 15 14 19 0.012814301 
96 506 4 10 0.012811719 
339 -32 5 14 0.01280989 
264 562 3 8 0.01280276 
835 118 9 17 0.012802507 
823 39 7 18 0.012797747 
351 24 5 8 0.012791899 
110 65 7 18 0.012786702 
467 22 7 10 0.012782947 
933 175 13 30 0.012781997 
41 -22 8 18 0.012772446 
79 110 8 13 0.012771887 
934 471 10 22 0.012748652 
718 131 8 14 0.012746341 
181 204 9 19 0.012733267 
940 321 7 20 0.012733147 
322 213 42 68 0.012725548 
488 318 8 24 0.012719654 
578 -4 8 11 0.012719426 
205 244 8 22 0.012715596 
822 119 7 16 0.012701476 
1005 240 5 11 0.012700148 
508 487 5 12 0.012695396 
121 16 8 17 0.012692712 
528 75 127 226 0.012679478 
236 168 6 15 0.012676721 
491 123 6 12 0.012672984 
769 223 8 12 0.012669572 
364 23 5 9 0.012669297 
554 -2 10 9 0.012665277 
668 -7 9 13 0.012661261 
109 42 6 15 0.01265256 
-37 247 129 260 0.012652071 
274 369 6 7 0.012651434 
30 320 10 25 0.012646932 
479 41 7 14 0.0126458015 
429 567 6 15 0.012644967 
504 323 7 15 0.012638451 
824 218 11 18 0.012636147 
40 88 10 21 0.012631745 
1012 -72 11 40 0.012614314 
210 -22 6 15 0.012607984 
861 554 8 19 0.012593366 
382 277 10 21 0.012592809 
70 327 6 12 0.012590045 
760 163 5 9 0.01257729 
907 644 11 18 0.012555652 
93 2 6 19 0.012552142 
364 425 7 11 0.012552024 
976 659 7 14 0.012548148 
797 607 6 12 0.012546475 
40 60 11 26 0.0125443945 
852 623 5 11 0.012542222 
167 347 9 19 0.012538082 
876 651 5 6 0.012528228 
593 -21 7 14 0.012528068 
738 204 4 9 0.012501887 
237 156 6 15 0.012495342 
85 274 6 16 0.012486235 
437 255 8 23 0.012473296 
906 611 13 30 0.0124730375 
308 132 10 18 0.012467854 
723 160 5 15 0.012466531 
609 55 6 16 0.01245421 
1000 202 9 22 0.012447339 
289 23 5 9 0.012444414 
950 476 8 17 0.012438707 
374 215 9 25 0.012438544 
951 39 7 18 0.012429228 
809 309 9 19 0.012415867 
380 540 6 19 0.012415445 
993 71 7 12 0.012409319 
365 421 5 8 0.012375518 
976 29 80 119 0.012374726 
592 95 7 15 0.012372617 
710 221 6 20 0.012371055 
597 350 5 14 0.012370531 
795 461 8 18 0.01236127 
532 15 6 17 0.012350586 
615 -188 250 213 0.012350249 
645 486 37 81 0.012345505 
859 370 11 30 0.01234454 
518 146 6 12 0.012343284 
410 555 6 17 0.012339784 
441 543 5 12 0.012334858 
685 505 69 62 0.0123197865 
235 2 7 17 0.012309968 
530 79 5 17 0.012307433 
847 179 9 20 0.012304883 
439 -4 7 10 0.012275271 
61 76 72 118 0.012272529 
570 300 6 13 0.012270085 
252 559 3 10 0.012263331 
749 205 4 7 0.012252109 
393 584 3 9 0.012249736 
39 24 11 26 0.012249363 
709 257 7 21 0.012233091 
420 -5 92 94 0.012221607 
798 107 7 13 0.012217521 
727 567 20 17 0.012215656 
696 166 7 18 0.012210583 
184 337 5 13 0.0122098345 
3 346 9 24 0.012190205 
503 297 7 15 0.012188138 
935 440 11 17 0.012185337 
963 669 6 15 0.012184907 
106 356 9 18 0.012181424 
797 197 7 13 0.012180436 
921 -84 167 229 0.01217407 
504 137 5 10 0.012168657 
466 202 11 25 0.0121499635 
314 170 38 66 0.012146816 
797 476 7 16 0.012144803 
604 221 9 21 0.012144378 
339 24 4 8 0.012141924 
974 359 10 25 0.012136985 
137 569 5 12 0.012135206 
261 232 8 19 0.012134257 
864 461 46 79 0.0121330675 
826 5 5 11 0.012131673 
922 321 8 20 0.012126269 
81 347 10 17 0.012121814 
294 255 16 23 0.012109395 
120 610 4 8 0.012097234 
981 401 17 30 0.012079102 
4 74 10 25 0.012072696 
529 172 6 15 0.012064404 
976 568 6 15 0.0120625505 
950 409 10 21 0.012057664 
710 166 6 19 0.012055835 
196 27 8 18 0.01205232 
294 66 33 60 0.012049657 
442 669 336 313 0.012046319 
785 462 5 17 0.012046128 
902 239 5 12 0.01204295 
196 179 9 21 0.012016089 
27 128 9 20 0.012013812 
194 101 10 22 0.012008839 
564 219 9 19 0.012008708 
261 5 6 15 0.01199728 
606 405 5 12 0.0119914645 
385 202 13 24 0.011989567 
660 141 18 28 0.0119769545 
816 432 18 20 0.011974038 
29 96 122 248 0.011973848 
210 347 8 20 0.0119730225 
337 436 7 18 0.011968832 
680 -9 9 14 0.011964575 
477 54 7 17 0.011960349 
503 121 6 13 0.011959024 
680 181 9 20 0.011957728 
461 87 9 23 0.011953804 
852 685 4 9 0.011951264 
832 445 12 22 0.011949884 
974 342 10 27 0.011947514 
504 312 6 14 0.011947255 
874 554 7 16 0.011946265 
6 581 6 12 0.011939608 
145 558 5 10 0.011934731 
785 137 6 10 0.011934495 
135 597 5 10 0.011918594 
516 181 7 16 0.011916981 
720 234 7 18 0.011912564 
1013 -131 12 31 0.011906166 
802 26 83 100 0.011905651 
236 145 6 14 0.011905044 
570 166 6 17 0.011903912 
991 90 9 18 0.011899661 
516 105 6 16 0.011893742 
976 52 9 18 0.011880531 
192 72 11 30 0.011871203 
39 321 7 19 0.011852987 
856 326 12 28 0.0118504455 
295 112 11 22 0.0118493065 
516 170 7 16 0.011847197 
436 110 71 98 0.01184271 
428 582 6 11 0.011840053 
458 419 13 23 0.011826905 
800 619 5 12 0.011819907 
619 18 9 16 0.011812782 
710 182 5 16 0.0118082175 
607 44 7 16 0.011803133 
990 131 8 17 0.011796589 
533 237 4 12 0.011794394 
766 387 12 21 0.0117846485 
119 513 8 18 0.011776743 
530 136 5 11 0.011770875 
93 124 8 11 0.01176064 
400 179 18 22 0.011760311 
998 405 14 24 0.011751609 
810 -1 7 7 0.011741977 
96 520 4 9 0.011708791 
753 569 15 16 0.01169862 
640 12 17 23 0.01169715 
962 401 18 29 0.011686255 
220 359 9 21 0.011680189 
122 375 5 12 0.011673166 
307 112 12 23 0.011654939 
222 300 6 14 0.011654797 
960 51 9 19 0.01164992 
492 19 6 12 0.011648854 
988 683 7 17 0.011636926 
938 -2 5 8 0.011635446 
557 134 5 13 0.011632725 
326 24 5 7 0.011620562 
737 136 6 10 0.011613629 
108 30 6 15 0.0116049405 
860 178 11 25 0.011601654 
374 418 6 9 0.0115779415 
118 143 8 15 0.011573337 
184 148 9 13 0.011572104 
727 552 17 18 0.011566613 
680 5 8 14 0.011566259 
911 382 10 28 0.011565331 
462 408 11 18 0.011552229 
913 674 6 10 0.011551015 
221 13 8 20 0.011526128 
487 361 8 20 0.011516528 
505 -8 6 14 0.011500612 
108 372 7 14 0.011491596 
998 352 15 32 0.0114867 
989 143 9 17 0.011484524 
326 -32 5 14 0.01148364 
797 223 8 13 0.011456002 
1004 469 10 12 0.011438988 
350 92 8 15 0.011426092 
733 123 6 10 0.011396941 
43 191 8 22 0.011394697 
17 573 7 10 0.01139395 
784 17 6 12 0.011390712 
824 338 170 262 0.011390589 
857 306 10 24 0.011388854 
768 287 10 14 0.011388419 
121 586 4 9 0.0113872755 
41 258 9 18 0.011385848 
452 408 7 9 0.011383401 
109 74 8 22 0.01138288 
43 179 8 22 0.01138265 
811 69 8 15 0.011380246 
949 490 8 18 0.011377177 
783 224 7 11 0.011375697 
711 197 5 17 0.011373006 
909 450 13 17 0.011371901 
595 312 6 16 0.011370701 
1002 111 9 24 0.011365631 
922 229 10 18 0.01136404 
58 608 4 10 0.011362663 
824 649 5 10 0.011361741 
774 236 7 11 0.011357865 
93 300 6 13 0.01135373 
506 529 5 19 0.0113505535 
861 132 9 17 0.011348701 
262 518 4 17 0.011343577 
272 191 10 21 0.011341758 
167 446 8 20 0.011340967 
483 401 14 24 0.011333538 
403 94 131 187 0.01133348 
730 508 12 11 0.011331552 
869 258 8 16 0.011328195 
365 -21 5 14 0.0113265375 
444 160 32 59 0.011325889 
978 80 7 16 0.011325324 
727 518 15 12 0.011321373 
56 286 6 18 0.01132092 
567 275 6 15 0.011316593 
737 225 5 10 0.011316539 
811 245 9 14 0.011309701 
218 371 12 24 0.011307163 
54 256 9 24 0.0113067785 
155 210 9 17 0.011301717 
518 211 5 14 0.01130145 
685 204 7 24 0.011300331 
569 309 8 18 0.011297993 
428 -41 190 177 0.011296842 
182 197 7 15 0.011296613 
921 84 31 64 0.011288244 
95 187 6 13 0.011279626 
364 -8 6 13 0.011275883 
86 288 6 13 0.011270526 
998 -103 12 51 0.0112704085 
840 283 6 17 0.011267752 
770 146 8 11 0.011264602 
783 57 6 12 0.011256633 
965 694 6 17 0.011251578 
879 483 14 20 0.01124751 
518 121 5 13 0.0112403 
999 -39 9 25 0.011221306 
507 473 4 8 0.0112194335 
839 622 4 12 0.011200897 
606 552 7 18 0.011195855 
120 -6 6 12 0.011195385 
122 558 4 11 0.011185508 
68 272 7 19 0.01117645 
542 237 5 12 0.011174901 
273 248 8 14 0.011160421 
771 323 10 18 0.01116 
591 198 11 27 0.011157668 
385 190 14 21 0.011148712 
450 124 8 15 0.011147324 
581 580 5 19 0.011142365 
938 232 8 15 0.011133069 
288 225 53 64 0.011131037 
838 686 4 8 0.011111021 
919 116 17 42 0.0110781975 
362 272 13 17 0.011074909 
466 125 6 12 0.011074756 
491 528 6 20 0.011053411 
827 -1 5 7 0.0110409185 
642 576 10 24 0.011038451 
940 651 5 8 0.0110342875 
334 323 9 20 0.011025726 
-176 344 1200 812 0.011025148 
199 233 7 18 0.01102267 
205 233 7 18 0.011017992 
963 477 7 15 0.011011832 
622 112 18 23 0.011009962 
197 217 7 19 0.0110075325 
239 492 4 14 0.011003993 
902 685 5 10 0.010978253 
447 203 14 24 0.010965125 
797 56 7 13 0.010958833 
93 79 7 17 0.010946602 
784 83 6 11 0.010944531 
632 -5 8 11 0.010938798 
885 164 41 64 0.0109376265 
646 414 6 14 0.010931372 
131 513 7 16 0.0109275775 
835 190 9 22 0.010919799 
197 -21 6 14 0.010913187 
558 276 5 12 0.010909493 
68 192 7 24 0.010908875 
619 104 11 21 0.0109074395 
963 466 7 15 0.010900137 
1017 681 8 18 0.010895178 
374 437 7 17 0.010890718 
286 258 11 15 0.010887955 
885 309 8 16 0.010886661 
181 217 8 17 0.010883524 
708 138 9 22 0.01088088 
998 -125 14 44 0.010880245 
992 571 5 12 0.010877037 
377 529 7 20 0.010876976 
708 154 7 20 0.010874955 
950 272 6 15 0.010871468 
234 297 7 15 0.010869575 
1013 454 11 16 0.010852579 
617 -22 8 16 0.010847323 
28 142 8 18 0.010845466 
616 444 14 30 0.0108439885 
635 59 77 99 0.010841078 
415 283 6 18 0.010834524 
899 645 11 17 0.010832271 
145 457 10 24 0.010818909 
43 205 8 20 0.010814194 
880 458 17 24 0.010795081 
616 462 12 20 0.010775576 
782 210 7 11 0.010773133 
96 67 6 16 0.010771745 
845 103 83 127 0.01076762 
514 18 6 17 0.010762786 
810 55 7 16 0.01075489 
70 111 7 12 0.0107462695 
58 158 8 15 0.010743125 
618 -6 8 12 0.010726698 
120 6 7 13 0.010726649 
952 673 6 12 0.010725803 
131 140 9 19 0.010725403 
570 179 7 19 0.010723361 
4 705 76 85 0.010722489 
724 201 4 11 0.010716033 
107 300 6 11 0.0106857335 
461 643 13 13 0.010681304 
117 528 7 20 0.010673065 
963 660 7 14 0.010671292 
850 117 8 20 0.01067101 
532 224 5 14 0.010649083 
826 687 4 8 0.010647039 
718 41 8 12 0.0106454585 
62 -5 87 120 0.010643921 
4 112 9 25 0.010641115 
552 18 15 25 0.010625393 
177 27 12 23 0.010620942 
351 -32 5 14 0.010615077 
15 -38 11 22 0.010610101 
617 550 9 21 0.010597653 
908 598 11 27 0.010595813 
1006 268 6 16 0.010589426 
798 29 7 14 0.010588398 
941 685 5 10 0.010588068 
558 299 4 13 0.010587908 
655 576 9 19 0.010581805 
361 91 9 18 0.010580548 
107 340 6 12 0.010556753 
876 621 6 12 0.010555876 
961 431 13 24 0.010555388 
646 678 375 264 0.01055274 
747 224 8 10 0.010542886 
749 172 5 9 0.01053659 
252 572 3 9 0.010536421 
606 106 8 17 0.010524695 
974 263 10 26 0.0105223525 
808 178 9 19 0.0105198 
375 88 11 22 0.01051971 
14 321 8 20 0.010511248 
274 234 9 17 0.010500549 
617 566 9 24 0.010500202 
492 4 6 14 0.010497052 
467 215 9 24 0.0104883695 
859 205 10 19 0.010479277 
744 492 9 12 0.010478576 
604 415 7 12 0.010477754 
385 424 55 79 0.010474965 
261 -33 5 16 0.010474789 
784 184 6 13 0.010463259 
146 128 78 110 0.010449262 
1011 -99 11 45 0.010436219 
32 583 5 9 0.010434948 
274 -33 5 16 0.010424796 
105 248 7 15 0.010420211 
555 237 6 12 0.010418584 
913 333 8 20 0.0104109375 
606 139 11 22 0.010409626 
771 183 6 12 0.010409595 
366 165 36 63 0.010408245 
620 376 5 13 0.010403767 
810 194 8 17 0.01038064 
966 -19 5 14 0.0103804935 
886 302 6 13 0.010373967 
1001 573 7 12 0.010372115 
504 3 6 16 0.010356582 
592 40 7 16 0.010352473 
964 -76 38 71 0.0103498055 
261 21 5 12 0.010347432 
411 399 11 14 0.010343994 
749 582 23 23 0.010341029 
735 9 6 8 0.010340809 
505 17 6 16 0.010334934 
758 238 7 10 0.0103331935 
44 219 8 17 0.010315842 
736 554 19 18 0.010313259 
987 281 9 24 0.010312217 
262 391 39 60 0.010305945 
269 177 11 24 0.010305596 
1003 282 7 21 0.010303378 
249 494 3 12 0.0102937985 
419 606 6 15 0.010290438 
605 90 9 20 0.010289359 
784 160 6 11 0.010278449 
782 69 7 12 0.010276655 
832 -5 77 74 0.01027602 
326 326 6 15 0.010272097 
910 441 12 17 0.010263602 
81 462 7 19 0.010257031 
320 597 11 24 0.010256039 
839 663 3 8 0.010253208 
367 573 4 9 0.01024044 
650 518 14 35 0.010235193 
580 323 7 15 0.010233127 
987 242 9 18 0.010224746 
94 -21 6 17 0.010218184 
182 262 5 15 0.0102122165 
134 -4 7 11 0.010205297 
977 67 8 16 0.010204102 
64 176 9 27 0.010203794 
515 324 7 16 0.010200385 
517 473 5 8 0.0101975445 
593 55 6 15 0.0101812035 
735 -2 6 7 0.010173134 
318 231 15 20 0.010168932 
391 20 8 12 0.01016481 
504 335 7 16 0.010162152 
871 250 7 12 0.010160916 
976 119 8 16 0.010153513 
847 84 12 30 0.010150687 
286 -32 6 14 0.010149594 
1016 221 10 18 0.010138457 
312 -32 6 14 0.010134458 
798 165 9 18 0.010132267 
749 145 6 9 0.010119215 
562 203 10 21 0.0101190945 
978 -34 6 17 0.010118895 
540 21 11 22 0.010108746 
148 548 4 8 0.010108239 
762 124 5 8 0.010106159 
834 344 9 24 0.010098273 
281 396 15 21 0.010090344 
136 547 4 11 0.010088292 
92 233 8 18 0.010085068 
649 493 16 26 0.010066448 
713 567 20 20 0.010059955 
120 337 6 13 0.010059394 
504 283 7 14 0.010056892 
385 214 11 25 0.010053735 
246 327 6 13 0.010037896 
463 103 9 18 0.010031753 
157 372 9 19 0.010028515 
378 582 3 9 0.0100262 
978 90 8 18 0.010023214 
629 563 8 24 0.0100206155 
95 494 5 11 0.010020484 
80 312 7 13 0.010020338 
276 563 4 8 0.010017954 
833 457 12 24 0.010007249 
