51_Dresses_wearingdress_51_183
759
620 54 110 125 0.999747 
460 72 98 116 0.99971217 
875 119 123 140 0.99951565 
279 75 125 153 0.99896467 
61 189 129 158 0.99778026 
639 5 107 105 0.13026638 
652 125 205 191 0.12478468 
945 8 17 19 0.09609138 
216 250 189 217 0.07358693 
922 17 11 25 0.062825575 
929 65 91 124 0.05638756 
21 110 5 17 0.04934506 
21 96 5 18 0.04627637 
128 163 84 130 0.04363528 
-38 473 158 279 0.04351112 
85 139 17 28 0.043031737 
398 148 197 193 0.042571746 
19 118 7 22 0.04038792 
568 144 9 22 0.040358678 
6 279 194 236 0.037907258 
-45 644 283 315 0.037397016 
940 17 21 37 0.035775475 
491 299 6 21 0.035331804 
16 55 6 22 0.035131603 
698 77 85 110 0.035046313 
17 70 6 21 0.03404208 
19 136 6 16 0.03367987 
757 93 91 129 0.033431105 
62 159 18 25 0.032832064 
146 87 93 132 0.032737676 
72 157 19 27 0.03262628 
19 150 7 13 0.032504167 
870 27 9 29 0.032146156 
975 5 11 14 0.03211244 
521 36 83 125 0.032001726 
953 5 15 18 0.031614337 
732 5 21 18 0.031236893 
759 181 104 111 0.03086002 
25 118 11 24 0.030758843 
996 58 12 26 0.030638147 
18 83 6 21 0.030075027 
912 7 87 114 0.029862808 
823 337 8 23 0.029817797 
83 155 19 29 0.029753948 
377 60 79 126 0.029671703 
948 150 89 109 0.029532058 
26 109 9 20 0.0293126 
834 338 9 21 0.029289624 
829 -192 207 146 0.02913796 
502 297 9 25 0.028924277 
77 55 14 26 0.028362904 
14 182 7 23 0.028148813 
570 446 5 12 0.027431335 
581 445 5 14 0.027150057 
657 428 6 25 0.027148258 
313 41 23 34 0.027127504 
75 143 17 23 0.027001997 
19 162 6 15 0.02695866 
64 67 14 31 0.026590567 
423 123 11 22 0.026500566 
821 324 8 23 0.026391841 
978 20 81 114 0.026120424 
659 438 6 29 0.026075589 
798 26 8 25 0.026068728 
578 453 6 18 0.025970966 
506 477 5 23 0.025867615 
955 14 14 23 0.025630113 
521 479 5 21 0.025428964 
15 171 8 21 0.025331 
873 584 217 294 0.025027115 
671 439 6 27 0.024980942 
98 143 13 24 0.024775082 
871 49 9 32 0.024656542 
875 340 8 19 0.024478609 
772 465 7 29 0.02435557 
243 99 12 34 0.024320643 
722 429 5 20 0.024072222 
14 41 7 24 0.024065886 
479 286 6 22 0.024049893 
117 67 12 22 0.023983324 
165 78 14 29 0.023924798 
531 505 5 25 0.023919081 
848 340 8 20 0.023908863 
219 168 8 25 0.023853352 
230 311 11 27 0.023782378 
492 312 7 21 0.023720339 
335 361 12 23 0.023683673 
295 276 12 20 0.023532769 
53 169 47 91 0.023526292 
269 286 12 16 0.023441635 
305 307 13 26 0.023435777 
86 55 14 24 0.02328967 
99 158 14 23 0.023283264 
490 286 7 21 0.023281114 
860 350 9 21 0.023244 
77 41 10 21 0.023186667 
595 582 6 17 0.023058824 
554 582 6 18 0.02273537 
763 441 5 18 0.0226888 
571 453 6 18 0.022569217 
1011 6 13 20 0.02251547 
513 295 10 27 0.022465296 
212 425 7 22 0.022401184 
26 96 7 18 0.022393089 
593 444 6 15 0.022371309 
479 298 6 22 0.022297388 
218 45 11 17 0.022259774 
41 136 8 15 0.022219889 
500 126 74 102 0.022196734 
29 136 8 15 0.022178702 
835 223 215 217 0.022174733 
128 59 10 17 0.022102924 
770 43 10 19 0.02203654 
502 311 9 24 0.021969639 
89 121 12 22 0.02193224 
221 469 7 20 0.021871932 
513 309 9 26 0.021841278 
14 24 8 27 0.021835446 
590 61 14 37 0.021735981 
25 158 10 20 0.021628639 
520 491 5 23 0.02162395 
810 339 8 19 0.02158806 
230 125 12 35 0.021418769 
835 324 9 22 0.021401865 
15 197 6 19 0.021252453 
435 185 16 24 0.02124765 
685 440 6 25 0.021077381 
411 54 10 26 0.021060254 
227 -20 733 907 0.02103553 
574 236 12 21 0.021000754 
1015 153 11 28 0.020909809 
565 555 7 19 0.020901458 
68 57 9 21 0.02088242 
213 66 15 32 0.020853134 
125 67 12 21 0.020802164 
129 43 11 19 0.020730788 
828 107 94 128 0.020711191 
782 45 9 18 0.020680254 
424 56 9 22 0.020566488 
695 429 6 23 0.02044201 
37 121 10 20 0.020339686 
217 127 12 32 0.020282561 
175 75 16 34 0.02005059 
606 152 10 18 0.020028232 
938 8 14 18 0.020014565 
522 42 15 23 0.019898204 
38 159 12 18 0.019878818 
306 286 11 20 0.019845432 
546 480 5 17 0.019845223 
193 127 11 30 0.019827481 
501 282 10 27 0.019584116 
1014 90 11 25 0.019583283 
442 197 19 23 0.019563224 
3 329 103 112 0.01954377 
115 76 12 27 0.01954187 
40 149 10 17 0.01952094 
203 128 11 29 0.019330297 
873 354 8 20 0.019249944 
3 108 6 22 0.019159652 
610 156 14 24 0.019097794 
570 479 5 21 0.019042924 
182 584 6 16 0.018927123 
620 569 6 16 0.01892255 
223 458 6 16 0.01892074 
810 323 7 21 0.018862113 
872 17 8 23 0.018845059 
65 30 11 23 0.018841095 
426 468 8 17 0.018840622 
992 61 8 20 0.01880389 
98 173 16 23 0.018636147 
399 65 9 27 0.018631127 
688 136 97 110 0.01857754 
180 103 11 29 0.018571304 
112 98 13 35 0.018520553 
4 196 6 20 0.018498534 
734 441 6 23 0.018492809 
735 429 4 19 0.01848883 
496 45 18 20 0.01846407 
593 452 7 18 0.018434668 
207 154 11 27 0.01834353 
863 38 8 26 0.018223992 
578 55 10 22 0.018087946 
581 478 6 23 0.01806641 
385 68 9 23 0.01804237 
202 67 18 34 0.018025888 
782 55 10 23 0.018019468 
123 182 19 25 0.01801579 
579 463 6 26 0.01799647 
810 85 10 17 0.017985933 
839 530 5 17 0.017948046 
174 56 18 22 0.017939433 
167 101 11 31 0.017927896 
189 67 17 28 0.017890984 
572 133 11 23 0.017881034 
71 72 18 36 0.017856998 
568 47 8 17 0.017851021 
212 87 95 140 0.017849006 
862 68 8 22 0.017757338 
25 168 11 22 0.017734796 
28 84 8 20 0.017727323 
128 175 13 20 0.017718574 
508 43 18 23 0.017694494 
810 351 7 20 0.017679594 
27 150 8 15 0.017618991 
232 103 10 28 0.017606797 
545 490 5 20 0.017559567 
768 52 12 28 0.017476128 
141 173 11 21 0.017400846 
154 103 12 29 0.017323207 
531 493 5 21 0.01730188 
142 157 10 24 0.01730167 
1013 76 12 26 0.017262723 
806 24 10 30 0.01725935 
862 86 6 15 0.01721376 
107 674 349 291 0.017202102 
834 349 9 22 0.017162941 
867 365 15 30 0.017130805 
696 440 5 23 0.017103096 
570 464 6 22 0.017062536 
85 176 21 33 0.017057914 
409 133 86 104 0.016971914 
536 43 12 21 0.016932303 
582 488 6 23 0.0169129 
216 84 12 33 0.01681303 
646 417 6 18 0.016759021 
230 151 11 31 0.016758142 
836 518 7 20 0.016711771 
4 95 5 20 0.016658641 
571 151 15 27 0.016653683 
863 136 6 17 0.01664742 
808 60 8 18 0.016637586 
795 43 9 20 0.016628165 
447 104 55 94 0.01659262 
38 170 13 23 0.016558044 
615 389 11 23 0.016516415 
155 124 11 33 0.016465364 
127 78 12 24 0.01645556 
422 45 95 117 0.016434219 
749 440 6 23 0.016427208 
267 297 18 26 0.016411383 
212 415 5 18 0.016408911 
885 340 8 18 0.016396482 
139 185 13 21 0.016396409 
954 696 6 20 0.016351052 
604 50 50 88 0.016348062 
154 184 12 23 0.016346384 
809 74 7 15 0.016342044 
246 128 11 29 0.0163214 
577 47 9 19 0.016305368 
261 288 9 15 0.016241552 
373 71 7 19 0.016202727 
1001 47 8 18 0.016200813 
796 60 8 18 0.01619458 
370 77 12 31 0.016194142 
850 352 7 17 0.016166406 
343 277 15 31 0.01615498 
924 12 10 15 0.016154964 
735 550 7 32 0.016136853 
-117 -165 665 751 0.01607385 
233 48 8 12 0.016072987 
672 449 6 29 0.016061038 
775 353 5 20 0.016054634 
103 114 11 27 0.016040238 
646 428 5 23 0.01603807 
387 59 7 16 0.01602999 
115 158 12 21 0.016023653 
112 183 19 24 0.016000278 
221 312 8 19 0.015974864 
947 0 14 12 0.015948027 
887 44 7 19 0.015932573 
56 72 9 19 0.01590174 
568 56 9 19 0.015877001 
780 66 12 29 0.015868638 
324 51 20 29 0.015837347 
99 68 99 124 0.015817443 
479 274 6 22 0.015804345 
754 60 14 36 0.015801132 
686 428 5 23 0.015765091 
55 30 10 22 0.015701985 
180 126 11 32 0.015689787 
217 55 13 22 0.015683776 
191 102 11 30 0.015669238 
1013 55 13 27 0.015600225 
67 149 12 16 0.015598114 
734 539 6 24 0.015558533 
142 139 11 30 0.0154691795 
90 43 10 19 0.0154123185 
536 55 13 22 0.01539372 
114 175 14 19 0.015368891 
167 126 11 32 0.015368061 
91 449 8 20 0.015321843 
919 29 7 18 0.015249209 
128 142 11 27 0.01523448 
711 429 5 21 0.015223968 
164 179 12 28 0.015192958 
253 305 47 79 0.015187095 
495 55 20 26 0.015173907 
128 157 12 23 0.015158736 
256 310 16 30 0.01515206 
1013 39 12 26 0.015104231 
52 168 17 26 0.015080998 
201 374 10 19 0.0150798345 
798 70 9 19 0.015078776 
834 312 10 21 0.015042997 
628 304 13 35 0.015033236 
681 655 351 296 0.015010419 
295 296 17 28 0.014938832 
56 58 7 17 0.014922196 
140 57 11 17 0.014897607 
242 311 12 27 0.014878396 
423 44 10 20 0.0148274405 
960 0 11 10 0.01479814 
581 67 10 25 0.014795248 
996 195 11 29 0.014781429 
410 42 11 22 0.014767858 
105 59 10 18 0.014684152 
885 352 8 17 0.014651431 
510 279 13 30 0.014643344 
997 692 13 41 0.014643262 
291 61 58 82 0.0146257 
872 83 8 19 0.014621377 
54 41 9 20 0.014617531 
937 661 7 11 0.014581461 
963 695 7 18 0.014564062 
91 31 11 21 0.014529767 
107 608 6 16 0.014511434 
505 465 6 19 0.014507971 
207 44 11 17 0.014505284 
784 34 7 16 0.014501862 
810 542 6 17 0.014473936 
838 650 6 11 0.014465536 
999 134 10 22 0.014445097 
762 431 6 16 0.014427233 
154 172 11 23 0.014425382 
30 58 6 17 0.01434971 
57 608 6 18 0.014344863 
409 75 11 30 0.014334598 
1009 20 16 29 0.01429933 
620 311 7 21 0.014282552 
1013 0 9 16 0.014275974 
116 129 11 26 0.014262454 
117 144 11 23 0.01425498 
119 45 9 16 0.014213852 
886 56 7 20 0.014173106 
234 584 7 15 0.014170581 
762 464 6 28 0.014137259 
107 467 6 19 0.0141064115 
461 57 14 24 0.014069407 
30 71 6 18 0.01405582 
439 396 5 12 0.014055392 
754 42 13 22 0.014021678 
862 147 6 17 0.014016721 
154 154 11 27 0.0140109435 
530 480 5 18 0.013999586 
838 661 5 13 0.013995346 
60 171 22 38 0.013981366 
874 323 9 21 0.013980529 
468 54 52 69 0.013971501 
435 58 10 19 0.013968584 
600 161 81 95 0.013935135 
205 179 11 26 0.013934761 
70 609 5 17 0.013921932 
197 586 5 14 0.013911305 
196 371 10 21 0.0139003275 
220 366 8 16 0.013862592 
423 137 14 28 0.01385736 
330 272 17 27 0.013853208 
478 312 7 22 0.013851697 
222 306 6 12 0.013814335 
231 80 11 25 0.013716963 
771 483 9 31 0.013715978 
141 47 9 15 0.013702658 
118 33 11 19 0.013697883 
470 46 16 19 0.013675411 
1016 135 10 22 0.01363935 
607 271 88 113 0.01363204 
3 55 7 24 0.013631713 
242 80 11 24 0.013621758 
203 94 14 37 0.013595156 
284 285 12 19 0.013577327 
17 212 6 19 0.013575438 
127 91 12 26 0.013559955 
884 323 9 21 0.013547116 
470 55 17 26 0.01352179 
399 44 9 18 0.013504222 
1000 275 8 16 0.013474195 
764 454 5 23 0.01346597 
218 33 10 17 0.013463159 
256 115 13 32 0.013460385 
462 338 9 26 0.013442191 
335 671 344 299 0.01343398 
222 442 6 19 0.0134304855 
336 354 9 15 0.013423518 
371 297 11 27 0.01340772 
504 206 103 109 0.013396758 
232 303 8 15 0.013395647 
3 82 6 22 0.013392181 
999 263 7 17 0.013370815 
219 429 7 18 0.01335836 
434 120 13 26 0.013348653 
523 30 15 20 0.013340542 
156 82 11 21 0.013330629 
248 291 7 12 0.013329927 
166 57 15 21 0.013326121 
797 342 6 16 0.013321362 
51 149 14 17 0.013305565 
43 57 7 17 0.0132913245 
544 531 5 19 0.013280747 
236 293 5 10 0.013279435 
308 277 9 16 0.013272727 
735 684 6 20 0.013229363 
449 68 13 25 0.013223581 
844 323 10 23 0.01321072 
562 235 16 25 0.0131930085 
107 477 7 21 0.013192332 
437 170 102 100 0.013158154 
494 328 7 19 0.01315551 
771 37 7 14 0.013133181 
12 0 13 30 0.013131673 
619 559 7 15 0.013103205 
258 299 13 22 0.0131009845 
190 46 13 16 0.01308462 
141 81 11 20 0.013010297 
976 61 8 17 0.013007817 
921 55 13 26 0.013006613 
273 305 27 37 0.013000688 
558 556 7 18 0.012995266 
863 121 7 18 0.012992736 
200 178 87 119 0.012992577 
1013 288 9 18 0.012987967 
143 103 11 28 0.012970685 
1015 206 10 26 0.012956543 
220 352 8 17 0.012953806 
784 561 8 33 0.012938036 
748 453 7 28 0.012922742 
39 190 14 32 0.012881078 
554 446 6 12 0.012855855 
711 419 4 17 0.012852455 
821 57 8 19 0.012849805 
181 422 9 28 0.012839405 
590 45 12 24 0.012838209 
799 3 7 24 0.012826272 
750 429 5 18 0.012818438 
189 56 16 21 0.012813944 
105 44 9 16 0.012805074 
594 260 8 19 0.012804569 
140 69 11 20 0.012796783 
177 47 14 15 0.012787065 
357 281 13 25 0.012776987 
807 364 9 23 0.012773094 
1 -203 159 188 0.012731779 
1002 7 9 14 0.012726974 
875 533 4 16 0.012722426 
555 481 6 18 0.01271058 
4 136 6 18 0.012709682 
490 272 8 24 0.01266811 
750 541 5 21 0.012655765 
501 327 9 22 0.012634535 
52 288 99 119 0.012634298 
42 85 7 16 0.012631442 
105 69 10 21 0.012624469 
645 274 8 19 0.012622834 
1001 289 9 15 0.012595679 
44 73 7 15 0.012586716 
800 -6 6 20 0.012581632 
6 -131 66 121 0.012581607 
937 685 8 20 0.0125702275 
824 545 5 15 0.012557272 
65 86 13 28 0.012553914 
254 90 14 31 0.012483368 
211 404 6 16 0.012464999 
44 41 8 21 0.012463808 
44 31 9 20 0.012453712 
602 33 11 20 0.012450222 
435 67 11 25 0.012444895 
222 486 8 23 0.012439797 
861 378 21 31 0.012439766 
598 188 197 225 0.012437601 
998 302 11 14 0.012432693 
357 79 14 30 0.012412278 
553 45 9 17 0.012401305 
596 53 21 37 0.012398373 
567 68 10 20 0.012392981 
466 442 5 14 0.012388288 
520 466 5 17 0.012385347 
95 466 7 20 0.012355206 
552 58 9 17 0.012354345 
229 166 10 30 0.012349925 
320 312 11 22 0.012337762 
504 453 6 19 0.012333393 
953 688 6 16 0.0123317195 
39 110 9 19 0.01232746 
512 33 14 17 0.012325636 
608 573 5 14 0.012319101 
222 339 8 19 0.012295545 
609 581 5 18 0.01229243 
556 491 6 22 0.012283355 
147 40 110 101 0.012250804 
42 97 7 16 0.012250711 
211 548 5 14 0.01224161 
974 1 10 10 0.012229117 
6 150 6 14 0.012220237 
874 4 7 20 0.012219143 
435 45 10 18 0.012189292 
544 593 5 18 0.012184246 
564 108 11 22 0.012157496 
885 71 8 19 0.012157152 
415 123 10 18 0.012141684 
369 282 12 24 0.0121320225 
650 207 15 19 0.012102438 
578 228 9 16 0.012101902 
488 46 14 18 0.012084424 
204 58 14 21 0.012074279 
555 457 6 15 0.012063005 
500 268 14 27 0.012040296 
606 271 8 21 0.012035622 
734 0 20 13 0.0120318355 
193 342 8 16 0.012022385 
52 121 11 19 0.012015115 
591 269 9 25 0.012011912 
593 490 6 21 0.011998326 
524 292 12 29 0.011992008 
600 42 15 26 0.011982837 
54 19 9 18 0.011981938 
77 124 13 21 0.011969959 
81 450 7 19 0.011963928 
26 181 11 25 0.011963827 
246 144 88 123 0.011955791 
167 153 11 28 0.0119520165 
606 185 10 17 0.011950058 
870 119 9 22 0.011926771 
91 107 10 23 0.0119256545 
797 553 7 23 0.011917009 
551 70 10 17 0.011894632 
848 89 7 12 0.011858444 
309 403 9 15 0.011845233 
859 326 10 21 0.011840745 
756 94 11 23 0.011812558 
1001 0 7 11 0.011785843 
740 50 15 30 0.011782893 
732 83 9 21 0.011782577 
95 503 6 19 0.011781212 
551 82 11 19 0.011766387 
862 637 5 13 0.011760501 
449 337 8 25 0.011760385 
249 283 5 10 0.011758866 
209 469 6 19 0.011742282 
547 270 15 28 0.011717662 
566 121 11 24 0.011712212 
1016 278 8 17 0.011708118 
740 116 15 31 0.01169512 
811 -6 7 18 0.011683762 
922 38 11 23 0.011681703 
889 284 118 111 0.011671032 
822 75 7 13 0.011669602 
205 30 14 22 0.011667359 
594 571 6 17 0.011656718 
192 152 12 28 0.011654345 
875 -4 6 16 0.011654055 
848 505 5 17 0.011637254 
197 572 7 13 0.011637091 
451 60 10 19 0.011625259 
1018 237 8 20 0.011621525 
323 325 9 17 0.011602863 
463 46 13 18 0.011582089 
530 468 5 14 0.0115802875 
820 41 10 23 0.011579798 
15 271 7 27 0.011572454 
499 35 12 14 0.011566695 
797 353 6 20 0.011560907 
613 196 14 18 0.011559403 
1016 221 9 22 0.011547184 
261 281 7 13 0.011541448 
543 584 6 17 0.011539239 
127 15 13 25 0.011532802 
3 42 7 24 0.011522587 
480 199 21 22 0.011520447 
568 546 6 15 0.011477812 
30 44 6 18 0.011474652 
997 163 12 30 0.011474269 
104 34 10 18 0.011450329 
596 464 7 24 0.011441869 
581 611 5 13 0.0114363255 
775 556 5 21 0.011425883 
891 533 5 18 0.011421801 
236 129 184 215 0.011417414 
774 432 6 16 0.011416607 
901 31 7 17 0.01141588 
857 15 11 26 0.011399952 
286 278 9 16 0.011381309 
743 80 10 25 0.011368787 
410 94 10 23 0.011366017 
821 531 7 17 0.011362889 
627 287 10 27 0.011360251 
5 163 6 15 0.0113527095 
618 274 8 20 0.011343272 
232 57 9 17 0.011340828 
767 73 14 35 0.011338883 
1000 124 9 19 0.0113353925 
863 214 10 17 0.01133231 
989 70 11 31 0.011325089 
625 26 56 65 0.01131368 
360 71 11 20 0.011304637 
861 162 7 17 0.011279159 
1016 106 10 23 0.011275607 
575 121 9 21 0.011271907 
785 17 7 20 0.0112665305 
620 638 6 11 0.011262861 
492 466 5 18 0.011249631 
606 197 11 16 0.011246078 
382 296 15 30 0.011235785 
963 685 8 18 0.0112206135 
267 93 48 96 0.011204865 
220 321 10 23 0.011186342 
511 325 12 29 0.011149796 
570 611 5 14 0.011125381 
244 69 11 20 0.011122627 
848 71 7 18 0.011122093 
749 418 5 14 0.011113704 
368 273 12 18 0.011089864 
2 13 9 27 0.011082796 
245 580 8 21 0.011076704 
5 173 7 20 0.011075544 
485 57 18 23 0.011072526 
525 308 11 27 0.011050692 
850 205 6 10 0.011049408 
170 421 9 30 0.011016734 
196 293 6 11 0.011010149 
276 54 21 20 0.011006806 
28 197 9 23 0.010997643 
620 627 5 13 0.010989332 
291 313 20 38 0.010981142 
561 209 14 22 0.010976207 
55 579 7 18 0.010972993 
901 534 6 18 0.010963495 
450 348 8 23 0.010955877 
191 84 14 34 0.010924939 
832 158 9 24 0.010917176 
154 69 12 20 0.010909081 
218 418 8 17 0.010890235 
56 596 6 16 0.010871555 
138 32 13 22 0.0108648185 
563 197 13 23 0.010862451 
958 36 13 30 0.010855374 
875 546 5 17 0.01085308 
865 190 6 14 0.010822552 
399 92 10 27 0.010820698 
300 406 8 15 0.010800684 
5 237 7 16 0.010776919 
178 194 12 28 0.0107663395 
774 418 6 14 0.010758638 
851 149 6 15 0.010748264 
627 275 9 20 0.01073091 
607 302 6 18 0.010724998 
309 394 8 13 0.010717827 
674 -170 81 85 0.010717007 
49 186 17 36 0.010708588 
236 598 6 13 0.010706063 
1013 301 9 15 0.010700147 
1002 17 9 20 0.010698486 
185 69 31 77 0.010696825 
77 15 11 22 0.010692869 
608 639 5 10 0.010687559 
977 697 6 17 0.010683214 
786 554 7 23 0.0106826145 
217 195 12 25 0.010672064 
613 168 16 27 0.010654999 
194 422 7 24 0.010645347 
864 178 6 15 0.01063009 
809 2 8 22 0.010621759 
592 89 11 26 0.010600468 
899 110 11 20 0.010586339 
410 34 9 16 0.010585895 
973 76 11 27 0.010579797 
85 75 16 32 0.010573641 
305 332 13 29 0.010569128 
634 305 19 40 0.010547219 
128 112 12 31 0.010538311 
579 597 6 16 0.010531629 
223 503 6 21 0.010525928 
197 304 5 12 0.010515989 
69 124 99 131 0.010513926 
984 7 10 13 0.01050052 
554 570 7 18 0.010487419 
570 596 5 16 0.010468241 
6 -180 68 93 0.01046667 
593 383 7 14 0.010465822 
428 364 5 19 0.010463554 
214 459 5 17 0.010457079 
603 259 9 20 0.010449661 
155 59 11 16 0.010438701 
621 128 71 76 0.010437864 
337 330 8 14 0.010431925 
774 454 5 21 0.01042477 
416 190 46 61 0.010423944 
747 552 6 29 0.0104207285 
52 136 11 18 0.01040908 
413 110 8 18 0.010381293 
595 476 7 23 0.010377192 
171 405 9 29 0.010368738 
603 171 12 21 0.010359774 
1017 123 9 22 0.010359736 
96 607 6 18 0.010358483 
194 181 11 24 0.010357936 
774 442 5 16 0.010347345 
723 419 4 15 0.010338866 
936 51 11 27 0.010335934 
76 103 13 26 0.010325868 
607 287 7 20 0.010321624 
210 556 7 14 0.010313497 
766 105 13 23 0.010298648 
755 108 11 21 0.010296038 
4 212 6 18 0.010289671 
107 503 5 19 0.0102884555 
945 106 16 24 0.01026883 
245 611 7 16 0.010260333 
785 542 7 21 0.010254746 
988 239 7 14 0.010253972 
55 93 9 20 0.010252221 
338 345 6 9 0.010234913 
847 53 9 23 0.010228848 
725 -170 80 85 0.0102221295 
295 264 11 18 0.0102192685 
607 559 6 15 0.010216502 
820 88 7 13 0.010208024 
465 286 8 22 0.010207743 
179 166 11 26 0.010205277 
650 235 14 23 0.010200911 
538 154 13 25 0.010195572 
361 308 10 26 0.010187684 
491 338 11 29 0.010175064 
723 539 6 25 0.010167873 
441 367 5 16 0.010166788 
634 206 19 22 0.010166174 
432 204 25 30 0.0101644555 
219 557 7 15 0.010163085 
1016 181 10 26 0.010158494 
180 -173 72 90 0.010152752 
644 260 9 19 0.010142746 
451 443 7 18 0.0101416055 
824 556 5 18 0.010123017 
622 -170 81 85 0.010121072 
905 98 51 66 0.01011792 
850 162 6 16 0.010113209 
663 199 13 16 0.01010707 
532 518 6 23 0.010106789 
543 521 5 17 0.010103708 
67 137 13 18 0.010094292 
105 79 11 25 0.010091497 
580 556 6 15 0.010090783 
518 63 20 31 0.0100785 
179 181 11 25 0.010064647 
591 149 9 16 0.01005674 
797 543 7 20 0.010045035 
332 313 12 23 0.01002724 
1014 -139 11 31 0.010023033 
229 328 13 33 0.010007777 
425 113 9 15 0.010007267 
887 -5 7 17 0.010005935 
