29_Students_Schoolkids_Students_Schoolkids_29_463
1055
194 555 219 239 0.99748516 
500 264 223 224 0.98687613 
12 1028 5 22 0.06915555 
13 1048 5 20 0.06703711 
592 372 100 126 0.06602598 
420 383 9 42 0.063209735 
794 132 8 31 0.06049705 
402 382 9 42 0.059147462 
423 423 8 42 0.052811395 
-7 1027 6 27 0.04957633 
794 150 8 34 0.0495586 
12 608 6 27 0.049467314 
13 1068 4 18 0.048940975 
-6 1049 5 21 0.047997624 
-7 584 7 37 0.046319984 
12 1008 5 23 0.046190362 
425 529 6 28 0.045803122 
296 3 18 30 0.04573476 
287 28 21 42 0.04555695 
424 467 7 35 0.0454994 
425 510 6 29 0.045359094 
405 484 7 38 0.04495051 
88 388 9 37 0.044148117 
402 350 8 33 0.044045407 
11 588 6 27 0.04401971 
424 487 7 33 0.043548115 
13 628 5 28 0.04313679 
384 528 7 31 0.043108497 
88 452 8 27 0.042279042 
145 367 8 29 0.04206461 
381 882 8 34 0.041555062 
402 422 9 44 0.041462198 
-6 567 6 30 0.04134165 
383 508 8 33 0.040980153 
425 549 7 26 0.0408744 
660 848 32 78 0.040716488 
415 239 13 60 0.040583704 
536 918 8 28 0.039988667 
11 987 6 26 0.03980817 
418 207 12 53 0.039450787 
-31 581 8 47 0.039377805 
625 197 153 209 0.039360788 
405 507 7 31 0.03902824 
-29 1067 6 26 0.038551874 
421 351 8 34 0.037941046 
405 529 7 28 0.03789649 
366 882 7 30 0.037883326 
28 672 6 24 0.037732985 
464 722 8 33 0.03741996 
398 238 14 60 0.03734271 
127 112 7 33 0.037128843 
-29 1026 7 32 0.036452007 
-30 1047 7 29 0.036177233 
-9 1006 6 32 0.036037963 
386 352 7 27 0.035790633 
358 842 9 32 0.035433117 
793 167 9 38 0.03498852 
-11 946 6 31 0.03496182 
365 866 7 29 0.034643628 
483 611 7 22 0.034616325 
-9 925 6 30 0.034382302 
29 651 5 24 0.034370724 
380 900 8 34 0.03425829 
-33 896 10 48 0.034116667 
467 171 7 29 0.03409843 
818 1081 7 28 0.03396993 
480 722 7 33 0.03388912 
402 332 8 29 0.033713616 
464 611 6 22 0.03366559 
542 322 93 160 0.033646975 
-9 604 7 40 0.03363668 
403 445 9 43 0.033598933 
525 907 9 30 0.033469826 
464 706 7 32 0.03337277 
465 631 6 22 0.03336155 
442 428 7 33 0.033188112 
-31 919 9 42 0.032978803 
-6 1070 4 19 0.032830924 
442 447 7 33 0.032663353 
798 117 6 26 0.03264275 
382 486 9 38 0.032616984 
534 668 204 307 0.03258948 
442 409 7 32 0.032457244 
185 861 8 35 0.03242617 
385 332 7 28 0.032137576 
11 1556 8 21 0.031983837 
12 447 6 28 0.031955138 
816 1059 8 33 0.031787727 
465 253 8 32 0.031771168 
500 886 10 27 0.031666502 
416 164 14 53 0.031522144 
86 469 9 29 0.031443194 
-620 576 2042 1813 0.03139865 
70 672 7 26 0.031237878 
386 370 7 29 0.030967029 
185 882 7 33 0.030842412 
367 901 7 28 0.030739363 
364 504 9 37 0.03064449 
384 549 7 28 0.03064043 
420 309 8 33 0.030521752 
70 687 7 24 0.030491034 
405 550 7 26 0.030418448 
-9 764 7 40 0.030409819 
13 670 6 28 0.030349217 
441 267 9 38 0.030157179 
-29 942 7 38 0.030014714 
-9 903 7 35 0.029863503 
-10 984 7 36 0.029681578 
474 250 11 41 0.029616915 
-370 1166 415 615 0.029333126 
29 1048 5 20 0.029225592 
480 704 7 33 0.029149339 
777 191 11 36 0.029131025 
443 470 6 29 0.029004766 
483 631 6 22 0.028940992 
190 175 7 32 0.028745739 
483 653 6 21 0.028589623 
379 867 9 34 0.028507404 
465 652 6 21 0.02843895 
403 309 8 34 0.028431226 
12 1546 5 14 0.028396098 
-11 964 7 35 0.028361045 
283 270 8 35 0.028315263 
475 848 11 20 0.028286379 
792 190 10 36 0.02825705 
425 651 7 21 0.028203031 
424 633 7 20 0.028175278 
261 332 9 29 0.028149793 
397 139 15 54 0.028015563 
-9 724 7 39 0.027992923 
416 275 12 52 0.027971327 
462 742 9 36 0.027940258 
464 673 7 20 0.027931591 
464 593 7 24 0.027912334 
13 649 6 29 0.027864205 
24 447 8 28 0.027840706 
28 1030 5 20 0.027788974 
384 386 8 33 0.027742347 
-12 880 8 39 0.027553616 
482 672 7 20 0.027526615 
466 432 6 25 0.027525803 
-30 1003 8 36 0.027524764 
439 230 10 39 0.027432933 
401 805 10 28 0.027405478 
-7 807 7 32 0.027006343 
-8 786 7 36 0.026974516 
445 632 5 21 0.026951231 
11 745 6 32 0.026949465 
-31 543 8 43 0.026830954 
335 567 13 33 0.026794685 
10 728 6 29 0.02675207 
208 210 8 34 0.026695149 
107 371 7 32 0.026686644 
442 390 7 29 0.026666326 
-6 1091 4 18 0.026604727 
817 1036 7 40 0.02657634 
-35 617 11 56 0.02656217 
9 569 6 27 0.026513217 
376 758 12 38 0.026395971 
207 885 8 30 0.026304977 
-6 550 5 25 0.02616071 
340 351 8 28 0.026025906 
779 169 10 36 0.02591124 
604 813 90 160 0.025871862 
463 190 8 32 0.025846604 
341 465 10 38 0.025807064 
483 208 8 34 0.025802694 
102 843 9 32 0.02576925 
285 254 7 30 0.02570678 
482 170 8 30 0.025661143 
103 455 7 24 0.025633408 
465 689 6 23 0.025569597 
483 159 7 24 0.025466107 
30 631 5 24 0.025435843 
422 332 8 30 0.025417916 
361 372 7 30 0.025413161 
481 688 7 25 0.025248116 
12 688 7 27 0.025187088 
10 532 6 23 0.025159832 
425 570 6 24 0.025123745 
405 573 6 22 0.025102401 
399 204 13 60 0.024987336 
836 1064 7 27 0.024986226 
364 529 9 30 0.0249822 
378 111 11 43 0.024979327 
440 191 10 39 0.02493654 
86 331 10 31 0.02491613 
782 132 8 31 0.024898672 
-6 1110 4 18 0.024881404 
-29 1088 6 25 0.024881093 
441 288 8 30 0.024853213 
11 432 6 25 0.02483338 
467 157 6 25 0.02480172 
10 409 7 26 0.02477056 
480 233 8 33 0.024751956 
-6 826 6 31 0.02469359 
317 552 13 26 0.0246424 
30 926 7 22 0.024561591 
360 387 8 35 0.024526278 
798 1059 7 36 0.024491336 
103 388 9 37 0.024430009 
799 1080 7 31 0.02441632 
-33 859 9 45 0.024314243 
440 371 7 29 0.024307478 
-28 1108 5 25 0.024287745 
304 265 10 41 0.024259647 
10 964 6 28 0.024188798 
444 673 6 20 0.024140153 
-30 963 8 37 0.024036003 
205 134 8 27 0.024028638 
361 484 11 42 0.024021003 
366 923 7 28 0.024016457 
482 437 6 22 0.024003914 
129 101 6 28 0.02399798 
122 842 11 35 0.02394802 
443 493 6 25 0.023915648 
-10 683 7 38 0.023825156 
444 652 6 21 0.023823248 
204 857 10 40 0.023750415 
426 672 7 21 0.02372359 
11 1091 5 17 0.023636494 
209 231 7 28 0.02355691 
248 373 7 25 0.023458272 
-33 756 11 53 0.023431508 
751 -46 266 444 0.02342612 
85 885 9 29 0.023423566 
442 551 6 25 0.02340504 
12 493 6 24 0.02340491 
105 471 7 24 0.023391781 
819 97 6 24 0.023338092 
84 864 9 28 0.023296967 
355 822 11 35 0.02321736 
782 150 8 33 0.023198526 
361 353 7 27 0.02314161 
-10 705 7 37 0.023135839 
497 206 9 38 0.023100674 
839 94 7 30 0.023029936 
189 1029 6 19 0.022979682 
82 671 8 27 0.022970038 
377 801 11 34 0.022939183 
464 213 7 31 0.022931913 
49 630 7 24 0.02286508 
90 433 7 26 0.022851573 
341 368 8 34 0.022838509 
70 650 7 26 0.022837905 
28 432 7 27 0.022799524 
464 238 7 28 0.02279845 
378 204 254 369 0.022699047 
12 768 6 27 0.022555804 
356 803 12 36 0.02249814 
170 866 7 28 0.022455059 
444 613 7 22 0.022449378 
379 844 9 33 0.022435239 
541 153 8 29 0.022413045 
338 555 10 25 0.022407986 
528 610 6 24 0.022403896 
836 1019 8 37 0.022359915 
477 942 12 39 0.022346094 
131 352 7 28 0.022330573 
382 403 9 39 0.02231999 
858 1019 7 32 0.022305239 
542 285 318 371 0.022209493 
-11 642 8 44 0.022206321 
-33 718 10 51 0.022189826 
399 883 10 32 0.022158017 
418 110 12 41 0.02213712 
483 189 9 35 0.022136888 
654 752 137 163 0.022016171 
50 673 6 22 0.021991981 
444 594 7 23 0.021964312 
537 612 7 26 0.021950148 
142 37 11 24 0.021945387 
103 433 7 26 0.02191812 
285 138 7 27 0.021904493 
445 688 5 23 0.021902697 
167 387 9 36 0.021865018 
401 787 10 28 0.021821804 
285 314 6 24 0.021789636 
379 822 10 34 0.021779984 
424 594 6 22 0.021777282 
145 846 8 29 0.021767044 
340 385 9 38 0.021735601 
467 528 7 23 0.021726731 
378 143 12 51 0.021687776 
87 648 7 26 0.021685671 
397 742 10 35 0.021652538 
467 451 6 26 0.021648474 
204 195 8 30 0.021647343 
363 333 7 28 0.021624923 
-11 860 8 37 0.021613045 
400 278 12 52 0.021583362 
481 453 6 23 0.02146901 
400 823 10 29 0.021460772 
376 779 11 35 0.02143022 
422 98 9 31 0.021408562 
383 313 8 31 0.021381905 
444 513 6 25 0.021365594 
440 170 11 39 0.021308275 
381 422 9 45 0.021305192 
478 744 8 35 0.021261854 
11 512 6 21 0.021259464 
465 118 7 24 0.021213565 
398 761 11 33 0.021184709 
205 176 7 27 0.021120032 
980 199 6 22 0.021098852 
499 173 8 27 0.021032285 
424 614 7 20 0.020988334 
443 571 6 24 0.020986116 
543 170 9 29 0.020944167 
9 546 7 25 0.020914357 
83 688 7 26 0.020913517 
146 147 9 36 0.020892983 
10 709 6 26 0.020843858 
305 1378 7 31 0.020810902 
419 765 10 29 0.020800754 
28 749 6 27 0.020781858 
-8 843 7 33 0.020767523 
132 368 7 31 0.02075507 
53 982 8 29 0.020734152 
865 1196 14 40 0.020707475 
401 845 9 27 0.020647008 
443 530 6 25 0.020584397 
542 651 5 22 0.02054987 
10 945 6 26 0.020541534 
69 707 7 26 0.02054138 
-5 1147 5 21 0.020500654 
402 111 12 43 0.020470472 
304 150 8 36 0.020461699 
419 787 10 28 0.020443344 
263 375 7 25 0.02043687 
226 886 9 30 0.020371275 
464 317 7 22 0.020355156 
643 370 142 184 0.020343198 
247 393 7 26 0.02027223 
452 934 19 50 0.020243168 
186 988 6 20 0.020201033 
365 552 7 26 0.020178432 
237 405 238 311 0.020114176 
304 288 9 35 0.02007689 
26 1559 8 18 0.020063786 
464 134 7 26 0.020050969 
167 374 7 26 0.02004761 
732 169 12 36 0.020041466 
399 900 12 38 0.019967772 
466 836 8 16 0.019957677 
205 159 8 26 0.019949133 
443 707 7 28 0.01994151 
837 194 8 30 0.019936854 
835 212 9 29 0.019889887 
-36 651 13 63 0.0198096 
379 736 13 42 0.019766094 
169 885 8 31 0.019757628 
88 370 8 34 0.019749774 
104 350 8 32 0.019663634 
336 98 142 251 0.019660149 
482 888 9 25 0.019642826 
998 197 7 23 0.019641295 
405 594 6 20 0.019628096 
540 628 6 25 0.019618798 
325 448 7 31 0.019611958 
557 168 9 35 0.019609438 
437 868 13 26 0.019601943 
70 630 7 24 0.019574348 
796 1037 8 41 0.019565128 
107 667 8 30 0.019549692 
418 805 10 26 0.01953227 
818 115 6 28 0.019530453 
204 119 8 25 0.019511346 
-6 1129 5 19 0.019482473 
381 922 8 34 0.019477863 
442 725 8 29 0.019476408 
283 333 7 25 0.01947353 
-29 1126 6 26 0.019431856 
443 315 6 23 0.019430302 
280 154 8 33 0.019403677 
385 572 7 23 0.01940022 
497 897 11 35 0.019364476 
979 211 7 28 0.019356515 
144 410 7 26 0.019335309 
188 193 7 34 0.019333297 
30 610 6 25 0.019266652 
466 332 8 23 0.019243734 
714 170 12 36 0.01920969 
29 690 6 23 0.01918933 
756 191 12 36 0.01917617 
480 474 7 23 0.01916039 
420 746 9 29 0.019136269 
130 432 7 27 0.019091453 
105 647 8 30 0.019044537 
323 430 8 31 0.01904309 
838 1002 7 33 0.019020883 
-7 1167 5 20 0.019020306 
857 1197 15 34 0.01899262 
10 396 7 23 0.018963581 
265 414 6 24 0.018940812 
185 1047 7 22 0.01890102 
443 746 8 29 0.01888978 
284 291 7 30 0.018883431 
50 690 6 23 0.018877573 
307 1358 7 31 0.018821672 
12 471 6 26 0.018807797 
30 591 7 25 0.018800883 
496 228 11 41 0.018794976 
199 818 13 42 0.018758854 
817 133 6 29 0.018684918 
483 593 6 23 0.018636452 
433 882 18 37 0.01854526 
341 332 9 29 0.01850823 
479 921 11 32 0.018505415 
106 687 9 27 0.01848028 
30 1067 5 19 0.018471928 
996 213 8 27 0.018461902 
573 -19 229 315 0.018460192 
527 628 6 24 0.018446751 
442 765 9 28 0.018412353 
581 171 10 36 0.018404618 
28 413 7 25 0.018377284 
262 348 8 28 0.01837636 
479 112 10 32 0.018355915 
503 921 8 30 0.018324863 
30 914 6 18 0.018287018 
455 901 15 39 0.018269306 
50 651 6 24 0.018264774 
223 853 13 47 0.018229948 
10 928 6 23 0.01818557 
324 411 7 29 0.01818121 
49 708 7 27 0.018123152 
467 472 7 25 0.018108105 
87 847 8 26 0.018005101 
144 390 9 34 0.018002814 
88 629 7 26 0.017979067 
325 285 10 37 0.017951703 
439 352 7 28 0.017905282 
220 209 10 37 0.017883662 
122 825 9 31 0.017870218 
187 212 8 35 0.017863188 
519 206 10 41 0.017826559 
464 99 7 23 0.017801488 
994 353 9 28 0.017799854 
149 330 7 22 0.017771142 
-5 531 5 25 0.017770182 
147 453 8 26 0.01776837 
167 848 7 26 0.017766649 
837 378 9 25 0.017748058 
599 119 8 23 0.017718405 
555 155 9 31 0.017684443 
468 410 6 26 0.017645365 
68 450 9 27 0.01763425 
324 390 7 28 0.017626489 
463 296 7 24 0.017577345 
50 960 8 31 0.017540246 
131 406 7 30 0.017525388 
282 230 9 32 0.017508589 
517 224 13 50 0.01746241 
29 940 8 30 0.01745564 
344 881 8 28 0.017455434 
47 941 9 32 0.017454863 
462 869 10 23 0.017444657 
817 194 8 30 0.017436314 
186 134 8 31 0.017386895 
324 371 7 27 0.017379384 
247 435 6 25 0.017333517 
995 338 7 20 0.017319078 
10 1109 6 18 0.017258283 
628 447 25 32 0.01720531 
563 650 6 24 0.01718451 
338 89 15 49 0.017167326 
459 885 12 27 0.017164374 
933 330 9 35 0.017148752 
482 869 9 20 0.017146291 
401 869 9 28 0.017123595 
144 863 10 33 0.017111514 
30 1010 5 20 0.017096747 
295 61 15 44 0.01707853 
342 836 15 43 0.017056635 
12 909 6 24 0.017047195 
187 155 8 31 0.01702285 
465 847 11 20 0.017021079 
396 725 9 33 0.017002085 
109 112 8 36 0.017000094 
422 74 9 27 0.016987508 
267 393 6 24 0.016976666 
440 148 11 39 0.016968725 
49 353 7 24 0.016957952 
168 431 7 28 0.01695505 
356 442 11 47 0.016918989 
30 1550 5 11 0.016908808 
9 845 6 27 0.016886264 
420 827 10 25 0.016872259 
99 860 12 36 0.016810587 
793 210 10 31 0.01680207 
561 632 6 24 0.016782075 
304 313 8 28 0.016770184 
342 440 10 43 0.016755784 
937 404 6 17 0.01675166 
836 1038 7 35 0.01675008 
857 1002 8 30 0.01674534 
501 874 7 17 0.016731212 
100 884 11 34 0.016730083 
507 943 8 27 0.016722336 
461 764 10 30 0.016698485 
145 434 7 26 0.016676016 
66 350 8 26 0.016672278 
956 354 8 30 0.016650043 
445 831 9 20 0.01663843 
65 335 9 22 0.016574265 
345 904 8 25 0.016544662 
837 1084 7 25 0.016528144 
357 405 10 40 0.016522551 
286 392 6 26 0.016522521 
981 338 6 23 0.016518421 
70 888 7 21 0.016507983 
326 468 8 31 0.016479217 
526 651 6 22 0.016455738 
523 890 8 22 0.01641503 
8 832 6 22 0.016364995 
851 1216 15 28 0.016350124 
816 1002 8 38 0.016325282 
520 191 8 32 0.0163185 
442 1087 6 18 0.01627601 
541 845 7 26 0.016233105 
228 1208 8 20 0.016211303 
144 117 7 27 0.016204994 
541 208 9 39 0.016201435 
-263 -76 298 497 0.016170667 
543 946 7 23 0.016168801 
426 689 6 22 0.016160626 
248 411 6 26 0.016130812 
955 336 8 28 0.016124323 
756 172 10 33 0.016104689 
858 1039 7 31 0.016102822 
338 283 12 42 0.016076861 
110 97 7 31 0.016058128 
461 967 13 33 0.016056659 
269 165 200 355 0.016052375 
28 771 6 25 0.01602556 
422 1069 6 18 0.015981162 
363 147 11 46 0.01596755 
200 23 17 28 0.015964499 
593 168 15 45 0.015963336 
286 372 6 27 0.015943322 
237 130 13 32 0.015928963 
420 -19 875 1024 0.015928425 
1229 890 54 172 0.015894976 
12 890 6 23 0.0158922 
442 131 10 36 0.015853722 
507 281 96 129 0.015842916 
442 849 11 24 0.015840692 
227 157 9 24 0.01583465 
463 574 6 24 0.015830169 
87 706 7 28 0.015823381 
161 318 10 22 0.015770907 
28 728 6 27 0.015752856 
502 612 6 21 0.015750594 
979 355 8 28 0.015748266 
357 779 13 32 0.015738882 
816 1110 7 20 0.015714047 
305 193 8 34 0.015678616 
69 907 8 23 0.015663618 
341 508 10 29 0.01565993 
753 206 15 44 0.015659833 
283 117 8 27 0.015639318 
442 1066 7 22 0.015627488 
268 139 8 22 0.015589639 
346 930 6 21 0.015532284 
50 612 6 24 0.015519377 
320 241 13 53 0.015513441 
165 175 8 35 0.015463431 
978 122 6 18 0.015428985 
334 213 18 70 0.01536903 
916 478 7 19 0.015363943 
838 175 8 32 0.01535495 
836 982 9 29 0.01535314 
427 895 28 61 0.015350033 
422 867 10 27 0.015335575 
601 102 6 20 0.015333445 
208 906 7 26 0.015330255 
29 709 6 26 0.015289288 
362 315 8 31 0.0152559625 
224 227 8 33 0.015248429 
323 192 10 39 0.015235924 
304 210 9 37 0.01523441 
305 230 8 36 0.015231376 
798 99 6 21 0.01522316 
143 888 11 32 0.015198017 
379 649 9 26 0.015188863 
243 885 9 30 0.015159435 
186 903 7 31 0.01514176 
1157 47 207 733 0.015140758 
249 765 91 133 0.015117405 
44 927 8 23 0.015115772 
503 652 7 22 0.015107588 
999 174 8 22 0.015095318 
182 435 8 28 0.015095297 
226 135 10 25 0.015086155 
933 351 10 34 0.015070292 
295 547 20 28 0.015048579 
537 592 7 21 0.015025556 
227 253 7 28 0.014973606 
227 392 8 30 0.014960247 
189 1009 5 18 0.014959545 
481 901 11 30 0.014931675 
104 628 8 29 0.014921006 
479 131 9 32 0.014914922 
-31 823 8 40 0.014866744 
1010 1553 13 30 0.01483027 
599 137 10 25 0.01481692 
226 906 8 25 0.014798133 
501 702 8 34 0.014796441 
838 113 7 34 0.014769607 
164 149 9 35 0.014766512 
187 113 8 31 0.014752203 
378 241 13 55 0.014705816 
65 372 8 27 0.014704566 
421 848 10 26 0.014685312 
25 493 8 26 0.014683606 
336 185 15 57 0.014682414 
543 675 5 20 0.014680826 
502 688 7 27 0.014673923 
468 516 6 21 0.014667879 
128 153 8 34 0.014656045 
816 155 7 28 0.014652366 
327 109 10 38 0.014592929 
101 333 8 25 0.014573222 
375 -26 227 269 0.014572742 
463 551 7 24 0.014563802 
502 671 6 21 0.014549711 
52 1006 6 22 0.014516672 
659 137 276 402 0.014460526 
1015 -44 289 448 0.014448071 
305 172 8 35 0.014401526 
581 117 7 22 0.014390497 
141 170 9 36 0.014377895 
693 168 15 42 0.014361148 
503 631 6 22 0.014331244 
320 6 13 22 0.014326427 
418 900 16 41 0.01428689 
-5 510 5 27 0.01428047 
124 638 12 47 0.014244057 
323 87 11 44 0.014203719 
640 453 37 44 0.014200894 
320 562 16 33 0.01418179 
1012 193 10 27 0.014172706 
-47 1064 7 33 0.014167437 
125 807 8 28 0.014157505 
263 117 10 29 0.014132283 
838 77 7 27 0.014127521 
278 169 9 40 0.014126079 
445 813 8 20 0.014123656 
384 943 7 27 0.014121755 
27 397 7 21 0.014102545 
1008 177 12 25 0.014099535 
-7 431 6 28 0.014077254 
-285 996 99 193 0.01405123 
423 728 8 27 0.014050396 
144 828 8 28 0.014048731 
580 158 8 25 0.014041489 
817 174 7 31 0.014039964 
774 226 13 44 0.014030039 
239 157 10 27 0.014011267 
50 371 7 24 0.0140107 
63 984 8 28 0.0139990505 
140 586 12 38 0.013975883 
-31 800 9 43 0.013974831 
503 965 6 24 0.01397194 
285 20 14 27 0.013956419 
444 75 7 26 0.013946725 
980 102 6 17 0.0139450915 
265 -49 205 251 0.013923017 
441 115 9 29 0.013922102 
267 435 6 23 0.013921546 
362 109 11 44 0.0139092645 
29 987 6 26 0.013894544 
544 1009 6 19 0.013880687 
70 610 7 24 0.013868931 
406 634 6 19 0.013852239 
481 1559 11 18 0.013821059 
171 1046 8 23 0.013816594 
500 160 7 22 0.01380323 
441 335 7 24 0.013787466 
-7 1190 5 19 0.0137626035 
47 449 8 26 0.013742567 
245 254 7 27 0.013728544 
619 100 8 22 0.013723294 
792 248 10 38 0.0137143005 
793 233 9 31 0.013698873 
420 886 13 30 0.013691944 
378 204 13 52 0.013687185 
8 1150 5 16 0.013666525 
983 318 5 18 0.01362345 
277 208 12 43 0.013621097 
528 593 6 21 0.013595783 
169 407 7 29 0.013567598 
105 707 10 32 0.013550162 
308 1343 6 26 0.013538783 
995 371 8 25 0.013527094 
996 80 7 20 0.013509083 
424 1087 6 17 0.013503396 
165 352 7 27 0.013501998 
956 215 8 31 0.013493078 
307 413 6 26 0.013473359 
525 672 5 20 0.013466604 
874 1023 8 27 0.013437064 
340 858 12 35 0.013427889 
794 266 10 36 0.01342746 
286 351 7 26 0.013417305 
406 651 7 20 0.013416888 
441 97 9 27 0.013391539 
49 593 7 24 0.013386261 
337 4 20 26 0.013372344 
302 114 8 36 0.01336328 
340 311 10 32 0.013350601 
1235 986 46 178 0.013342166 
181 388 10 36 0.01330897 
870 1214 11 33 0.013308419 
64 963 8 30 0.013298706 
125 742 10 37 0.013294077 
818 213 8 28 0.013276479 
10 792 5 23 0.013261716 
363 571 8 24 0.01324749 
307 433 6 26 0.013241176 
598 553 7 23 0.01322424 
976 235 7 27 0.013218717 
182 822 10 33 0.0132120615 
935 312 8 31 0.013209881 
895 1025 10 25 0.013205325 
425 709 7 25 0.013196083 
598 156 11 32 0.013118369 
122 858 13 39 0.013113148 
405 613 7 20 0.013098482 
477 411 8 25 0.013079081 
325 352 8 26 0.01306407 
463 79 7 24 0.013056841 
185 972 6 20 0.013055257 
559 575 6 20 0.013040041 
137 621 15 54 0.01302103 
307 393 6 26 0.013003258 
247 909 7 23 0.013000663 
820 372 9 27 0.0129863415 
45 515 7 19 0.0129809035 
126 1299 9 31 0.012953719 
524 985 7 23 0.012943505 
28 570 7 25 0.012939279 
403 90 12 40 0.012926497 
560 613 7 24 0.012926343 
1014 336 7 22 0.012914759 
712 345 298 374 0.012886517 
399 140 41 151 0.012848819 
958 82 6 20 0.012838571 
65 944 8 29 0.012829365 
794 333 9 28 0.012809138 
9 1130 6 16 0.012791121 
442 787 9 27 0.012779067 
268 157 8 27 0.012756198 
200 6 15 21 0.012745369 
381 708 12 36 0.012732187 
478 529 7 21 0.012710945 
148 318 9 21 0.012691428 
544 872 6 18 0.012689797 
189 928 6 23 0.012683562 
67 928 8 26 0.012665517 
1035 988 8 21 0.012657625 
650 152 19 43 0.012652356 
671 168 17 45 0.012649236 
11 866 6 25 0.012615788 
542 119 6 20 0.012607415 
320 1162 364 194 0.012594754 
229 1049 6 18 0.012593923 
755 153 10 33 0.012588126 
613 148 17 43 0.012587983 
541 106 7 15 0.012562305 
542 191 8 33 0.012559944 
209 258 6 24 0.012546941 
616 135 11 30 0.012539989 
997 162 7 17 0.0125154685 
223 192 10 33 0.012508388 
476 290 10 33 0.012505407 
-6 448 6 32 0.01248409 
87 610 7 25 0.01247789 
994 1126 10 20 0.012469369 
562 674 6 21 0.01245523 
833 829 13 25 0.01242907 
796 1002 7 37 0.012427764 
287 1382 6 28 0.012424822 
817 981 8 33 0.012408794 
734 189 13 39 0.012400329 
324 311 9 30 0.012397952 
540 139 8 24 0.012397807 
424 1049 7 18 0.012393155 
796 1108 7 22 0.012390901 
960 140 6 21 0.012390564 
303 333 8 26 0.0123666385 
308 373 6 26 0.012357942 
957 233 7 30 0.012355101 
397 709 8 27 0.012344759 
958 378 6 22 0.012326739 
185 373 8 28 0.0123202745 
956 316 7 25 0.012290276 
977 1110 8 17 0.012258284 
504 1421 7 25 0.012225557 
816 392 11 33 0.012217591 
145 1320 9 29 0.012210077 
467 352 7 23 0.01219774 
366 947 6 23 0.012194886 
128 333 7 20 0.012193054 
756 129 9 32 0.01218652 
499 1068 9 22 0.012182916 
290 952 6 16 0.012166491 
500 1049 8 19 0.012159868 
264 322 7 20 0.01214876 
405 673 6 20 0.012146381 
524 966 7 23 0.012138036 
-31 505 8 46 0.012126064 
29 958 8 32 0.012124876 
477 1000 11 33 0.012124692 
543 688 5 23 0.012121916 
999 1468 6 14 0.012119107 
83 486 10 29 0.012082786 
1036 970 7 18 0.012080976 
714 187 14 42 0.012061016 
825 1205 24 32 0.012055302 
476 838 9 14 0.0120344255 
519 178 7 22 0.012021678 
526 845 9 25 0.012012183 
325 133 9 37 0.012005688 
524 687 6 26 0.012001222 
975 1126 10 21 0.011976674 
915 328 10 37 0.011969948 
339 586 14 36 0.01196328 
145 1301 9 28 0.011956793 
168 903 9 33 0.011954778 
562 120 6 18 0.011941706 
142 569 11 28 0.0119158635 
618 119 10 23 0.011914983 
106 829 8 28 0.011908115 
489 1202 384 247 0.011899835 
532 451 14 29 0.011889887 
164 328 8 25 0.011889158 
635 1441 9 28 0.011885098 
49 336 8 19 0.0118848365 
8 813 6 22 0.01186798 
481 1420 7 29 0.011862614 
997 319 6 16 0.011861094 
224 116 11 30 0.011860115 
1011 1110 8 17 0.011851445 
284 453 6 24 0.011847748 
285 435 5 23 0.011844846 
482 1439 6 26 0.011844511 
480 73 10 29 0.01181944 
631 150 19 43 0.011809931 
184 409 8 31 0.011807015 
109 54 8 23 0.011796638 
110 72 7 28 0.011791059 
205 931 6 20 0.01178856 
-48 1085 7 33 0.011785783 
189 949 5 21 0.011784677 
979 178 6 18 0.011777055 
24 471 8 27 0.011762778 
341 534 10 24 0.011742918 
168 1063 8 22 0.01172371 
166 190 9 42 0.011720429 
938 495 7 21 0.011714426 
127 1279 7 26 0.011700143 
87 97 9 34 0.011690574 
659 564 9 39 0.011674679 
958 160 6 21 0.011632242 
324 152 8 36 0.0116281 
249 932 6 19 0.011619816 
401 692 7 24 0.011608112 
-52 577 13 56 0.011603551 
10 357 5 20 0.011592788 
580 139 8 23 0.011589811 
384 1067 6 17 0.01156362 
998 1112 6 15 0.011561925 
103 491 9 27 0.011548392 
996 97 7 20 0.011545334 
599 536 6 19 0.011540137 
561 692 6 22 0.0115366075 
462 1560 9 18 0.011534379 
-5 471 5 30 0.01152122 
544 753 6 24 0.011518754 
197 43 20 49 0.011508411 
-48 1043 8 36 0.01148265 
305 449 7 28 0.011456187 
937 375 7 25 0.01144285 
542 962 7 24 0.0114215305 
-5 490 5 29 0.011413668 
98 959 57 143 0.011411629 
1013 320 7 18 0.011406596 
270 170 8 33 0.011404821 
129 452 7 25 0.011371665 
105 1265 7 22 0.011369483 
320 73 10 32 0.01135188 
383 291 9 37 0.011348251 
381 634 8 21 0.011346079 
280 191 9 36 0.011345583 
171 967 8 28 0.011313439 
28 511 7 21 0.011312356 
857 1065 7 24 0.011297663 
86 321 9 17 0.011279233 
632 480 17 32 0.011277245 
480 392 8 25 0.01125405 
287 1398 7 32 0.011248421 
69 593 7 24 0.011233752 
478 764 9 32 0.011230362 
27 548 7 24 0.011225831 
484 1552 7 11 0.011225798 
1064 1107 344 609 0.011220455 
476 317 9 28 0.011219809 
9 1168 5 15 0.011207892 
69 1007 6 22 0.011205561 
122 606 11 38 0.011198161 
178 801 13 35 0.011185508 
696 153 13 34 0.0111704655 
819 81 6 22 0.011166589 
494 262 15 48 0.011159084 
172 1030 6 19 0.011151899 
502 116 7 25 0.011136755 
243 37 10 23 0.011122087 
-48 1106 7 32 0.011114942 
227 434 7 27 0.011111246 
-280 874 90 200 0.011107895 
516 944 8 26 0.011085294 
405 963 9 25 0.011079902 
958 104 6 19 0.011043064 
-29 1144 6 29 0.011021859 
382 670 10 28 0.011013327 
793 286 11 38 0.010988061 
543 710 6 23 0.010981131 
522 1423 7 22 0.0109756375 
505 1440 7 25 0.01097293 
48 724 7 30 0.010967033 
503 103 8 22 0.010959815 
287 8 11 20 0.010958994 
559 140 7 23 0.0109275775 
228 412 6 28 0.010904976 
893 327 10 38 0.010895301 
526 1007 6 20 0.010893615 
238 172 11 38 0.010869647 
982 303 5 17 0.010869546 
339 145 13 48 0.010857944 
711 205 16 48 0.010857893 
357 87 15 45 0.0108383475 
407 1069 6 17 0.010834892 
523 876 6 16 0.010833174 
623 1440 7 26 0.010821675 
466 394 7 23 0.010820215 
891 311 10 36 0.010809735 
171 985 7 25 0.010793158 
478 518 8 20 0.01077448 
383 1050 6 17 0.010773392 
104 320 8 18 0.010758953 
936 556 6 18 0.0107570905 
125 1339 12 32 0.010756412 
847 822 15 33 0.010751065 
286 413 6 24 0.010748387 
30 355 7 22 0.010735983 
466 496 6 20 0.010729867 
304 353 7 25 0.010726598 
999 1445 7 16 0.010713965 
442 55 9 23 0.010684984 
582 102 7 20 0.010660947 
688 202 20 59 0.010659961 
247 453 7 25 0.010652521 
295 536 17 23 0.010650249 
983 84 5 16 0.010646745 
158 582 18 47 0.010640582 
538 890 7 21 0.010632217 
402 919 11 38 0.010608919 
11 377 6 20 0.010608314 
206 951 6 19 0.010593844 
67 434 8 27 0.010583833 
959 125 6 19 0.010572114 
166 828 8 26 0.010565004 
688 129 137 214 0.0105155725 
852 380 10 27 0.010508629 
214 810 21 60 0.010505435 
936 475 7 20 0.010503196 
914 311 10 33 0.010501962 
6 8 8 15 0.010499787 
980 377 7 21 0.010494824 
-5 1212 5 17 0.01049418 
838 155 8 33 0.01048728 
936 416 6 20 0.010476211 
46 430 8 28 0.010467421 
264 935 5 17 0.010459625 
71 872 7 21 0.010455969 
988 977 14 40 0.010451683 
957 62 6 21 0.0104488125 
353 6 21 24 0.01043195 
65 393 7 27 0.010427038 
579 652 7 22 0.010423019 
734 208 15 44 0.010412716 
816 964 9 30 0.010410785 
325 332 8 27 0.0103969835 
29 335 7 20 0.01038702 
484 1461 6 25 0.010380606 
979 161 5 16 0.010356723 
-52 535 12 60 0.010346886 
780 117 7 25 0.010339847 
124 1320 9 32 0.010335246 
952 1126 11 22 0.010333617 
559 556 6 19 0.010332024 
359 183 14 56 0.010313618 
127 319 8 18 0.010309366 
589 597 287 286 0.01030793 
167 115 8 29 0.010306398 
581 535 7 18 0.010301119 
45 413 9 26 0.010298537 
128 76 7 25 0.010295523 
145 782 10 35 0.010293493 
817 356 8 27 0.010291433 
49 1071 5 16 0.010290001 
269 255 6 25 0.010287448 
383 1087 6 17 0.010273696 
497 1559 12 19 0.010266581 
752 599 16 48 0.010261747 
357 644 15 34 0.010251263 
356 288 11 41 0.010246803 
384 594 7 20 0.010244453 
287 53 14 35 0.010241195 
358 761 16 37 0.010234019 
226 174 10 31 0.0102279205 
543 579 6 19 0.0102234855 
581 573 7 21 0.010217191 
322 18 13 26 0.010216758 
30 377 6 20 0.0102150785 
145 803 9 31 0.010199907 
736 127 11 37 0.0101956 
558 873 7 18 0.010193826 
583 553 6 21 0.010184578 
440 1051 7 19 0.010183193 
383 691 10 32 0.0101768505 
871 1240 11 29 0.010174757 
936 57 8 27 0.010168694 
164 39 9 20 0.010162873 
146 1101 10 26 0.010157914 
49 394 7 23 0.010157693 
358 17 49 129 0.010149775 
935 75 8 27 0.010140802 
143 1341 10 30 0.010125134 
26 533 7 20 0.010097777 
-258 718 58 189 0.010091849 
324 489 9 27 0.010087662 
88 113 9 40 0.010071528 
317 537 13 22 0.010060457 
415 1258 191 136 0.010055719 
536 222 13 51 0.010055207 
-5 1542 5 19 0.010055155 
939 512 7 21 0.010052937 
915 492 7 24 0.010047216 
228 1030 6 18 0.010029977 
564 106 6 16 0.010027658 
269 233 7 25 0.010023885 
423 53 9 24 0.010013642 
