29_Students_Schoolkids_Students_Schoolkids_29_146
1233
184 99 160 175 0.99974245 
760 272 144 198 0.99965405 
592 120 129 176 0.9973181 
979 122 19 40 0.94897515 
78 194 10 31 0.0840292 
80 170 10 28 0.075781316 
51 153 14 36 0.07237664 
910 313 11 26 0.070550054 
993 129 14 30 0.06857336 
63 166 11 32 0.06849285 
47 118 14 32 0.064506724 
255 21 14 19 0.060704574 
70 288 87 147 0.059832983 
86 170 11 29 0.05961483 
911 303 9 21 0.059507176 
70 197 8 25 0.058892254 
87 195 10 29 0.05580953 
902 75 8 33 0.053342015 
910 527 9 34 0.052358612 
590 441 8 22 0.052234847 
45 20 17 25 0.05106469 
129 23 19 33 0.049441483 
848 54 8 32 0.04942602 
89 161 9 23 0.04911856 
861 54 7 30 0.04799088 
923 513 9 33 0.04761462 
390 301 17 23 0.047166325 
61 374 16 29 0.047042206 
-16 251 133 237 0.045691527 
779 610 278 266 0.04509725 
850 41 8 27 0.045027096 
899 64 9 33 0.043552734 
78 218 9 27 0.04342605 
227 18 23 22 0.04301661 
69 223 7 20 0.04268746 
136 89 18 35 0.0425236 
91 18 15 28 0.042434435 
883 224 143 222 0.042429667 
889 64 7 32 0.041727033 
919 314 9 23 0.040884558 
764 52 10 33 0.040005893 
957 517 53 117 0.038949028 
934 475 11 33 0.038789153 
187 20 21 24 0.03871107 
568 69 6 24 0.03825491 
605 126 8 17 0.038088262 
860 42 7 23 0.03713201 
591 432 7 18 0.03680581 
697 47 5 17 0.036772028 
901 528 8 30 0.036768325 
783 489 9 26 0.036648415 
580 68 6 24 0.036283292 
4 467 48 123 0.035888534 
835 62 10 37 0.03530449 
961 272 10 29 0.03517736 
893 273 14 25 0.034890458 
873 57 7 26 0.03474735 
733 477 8 26 0.034568362 
-43 686 297 281 0.03434361 
129 195 13 30 0.03422464 
163 163 35 78 0.03417059 
383 308 17 27 0.03414667 
901 106 7 31 0.034023136 
1014 108 11 24 0.033811107 
925 485 10 35 0.033459894 
158 72 9 18 0.033420965 
54 250 6 20 0.03335353 
908 288 9 22 0.033241607 
117 227 11 21 0.033192188 
591 451 8 25 0.033028226 
511 390 11 15 0.032863863 
391 132 6 26 0.03260996 
102 71 10 21 0.032426283 
37 178 11 34 0.03218767 
116 132 8 26 0.03212712 
911 74 9 34 0.032100115 
165 71 11 21 0.03205379 
165 96 12 24 0.03195269 
527 428 24 32 0.03192142 
685 47 5 17 0.031849742 
632 440 6 25 0.031815127 
644 390 7 24 0.031741913 
88 71 13 24 0.031667635 
923 539 10 34 0.031472363 
963 284 83 136 0.031166585 
220 451 7 27 0.031108212 
38 238 10 25 0.031051854 
381 288 18 17 0.030953318 
92 225 7 20 0.030825851 
11 171 11 34 0.030762022 
594 69 6 22 0.03049638 
891 56 6 23 0.030303884 
51 173 12 35 0.030303044 
584 284 14 28 0.030269856 
895 300 10 23 0.030236091 
564 81 9 25 0.030230254 
912 502 9 28 0.030053683 
426 168 103 143 0.029796258 
668 491 9 27 0.029770974 
591 465 9 25 0.029719302 
934 509 11 37 0.029713042 
920 302 9 23 0.029705586 
608 71 5 18 0.029459737 
656 387 8 27 0.029421236 
391 318 16 29 0.02939835 
592 407 6 16 0.02938013 
579 288 11 21 0.029330323 
608 59 5 19 0.029269444 
709 48 5 16 0.029267093 
551 154 10 30 0.029259283 
222 405 5 17 0.0292183 
733 469 8 20 0.029086914 
211 431 5 20 0.029009186 
982 113 15 24 0.028965343 
114 118 9 25 0.028963814 
608 427 6 22 0.02893985 
118 285 83 137 0.028760443 
91 148 8 21 0.028743638 
54 238 6 20 0.028587976 
336 320 10 29 0.02850456 
901 553 8 29 0.028497078 
951 273 9 25 0.028300487 
39 164 12 34 0.028199185 
141 226 13 25 0.028165791 
914 106 7 29 0.028128946 
721 491 7 24 0.028079487 
566 349 8 24 0.028065352 
180 106 9 23 0.028058784 
888 91 7 34 0.028058503 
594 417 6 16 0.028021216 
672 47 5 18 0.027940229 
119 200 9 22 0.02788831 
131 184 11 25 0.027886746 
633 392 6 21 0.027804863 
920 376 146 208 0.027774377 
167 88 9 16 0.02773501 
86 282 17 34 0.027672619 
606 415 7 22 0.027648695 
909 552 9 30 0.027536934 
632 455 6 23 0.027534971 
663 122 84 133 0.027518472 
101 55 11 25 0.027491808 
53 261 8 24 0.027465705 
399 130 8 32 0.02744684 
73 67 17 31 0.027441988 
118 145 7 22 0.027299942 
633 403 6 22 0.027296059 
156 56 12 25 0.027244877 
286 364 7 25 0.027102586 
25 235 13 31 0.026756616 
886 528 8 28 0.026752925 
1009 487 14 23 0.026743429 
644 414 7 29 0.026696546 
811 58 8 22 0.026569504 
886 516 8 24 0.02656945 
774 493 7 22 0.026535094 
962 297 9 26 0.026518106 
577 278 10 18 0.026477166 
620 440 7 24 0.02623226 
56 545 8 18 0.026202306 
106 145 7 22 0.026090655 
54 196 8 25 0.026044896 
722 48 6 17 0.026027218 
191 269 12 33 0.026015801 
214 403 5 18 0.02600631 
154 87 11 18 0.02597096 
874 77 8 34 0.025939677 
364 136 6 19 0.025761193 
965 48 6 19 0.025736438 
438 107 7 23 0.025708463 
194 297 9 27 0.025512822 
621 59 5 18 0.025478998 
723 480 6 20 0.025403133 
733 457 7 16 0.025282113 
349 443 6 19 0.025280055 
13 103 12 33 0.025267988 
668 374 8 28 0.025240313 
13 248 11 26 0.025237454 
234 439 6 23 0.025223345 
69 237 6 18 0.02518252 
132 -19 8 21 0.025156697 
192 15 12 12 0.02511381 
618 428 7 24 0.025111115 
823 67 9 30 0.025095101 
811 70 7 22 0.025078058 
604 454 7 23 0.025074724 
668 506 8 18 0.025046684 
951 49 6 17 0.024924966 
234 451 6 27 0.024785662 
743 477 10 27 0.02470657 
354 95 148 195 0.024645906 
340 445 5 18 0.024640094 
568 366 7 19 0.024611313 
799 61 7 18 0.024531443 
999 109 11 21 0.024454758 
54 224 7 20 0.024416018 
554 82 7 22 0.024364205 
41 211 9 21 0.024361597 
620 394 6 19 0.024361327 
81 288 10 23 0.02434723 
619 405 6 20 0.024318838 
557 71 6 22 0.024315368 
590 279 10 19 0.024275923 
501 479 6 22 0.024235176 
987 185 10 41 0.024225408 
224 428 6 21 0.024164204 
60 145 11 29 0.024031568 
872 529 9 27 0.024005592 
1016 149 9 19 0.024000134 
581 43 6 26 0.023983836 
27 181 10 31 0.023941519 
898 503 10 24 0.023857938 
593 43 6 25 0.023800358 
142 76 9 15 0.023798423 
755 474 12 30 0.023788348 
945 485 14 39 0.023744894 
138 54 12 26 0.023680596 
589 508 9 21 0.023582073 
225 417 5 19 0.023527926 
907 276 10 20 0.023508858 
346 333 11 33 0.02350515 
784 468 8 24 0.023405876 
437 400 10 17 0.023376066 
45 560 7 16 0.023342067 
581 432 7 17 0.023254959 
659 46 5 19 0.023233417 
581 418 7 15 0.023195682 
419 293 171 195 0.023134425 
771 476 9 26 0.023104966 
605 441 7 23 0.023068398 
2 30 10 25 0.02306793 
658 458 5 21 0.023027822 
310 335 9 29 0.022970716 
390 290 17 20 0.022880655 
605 466 7 23 0.022879263 
118 71 9 19 0.022832256 
723 470 5 16 0.022800101 
767 465 10 27 0.022789292 
137 173 13 26 0.022755783 
999 98 11 20 0.022735927 
872 517 9 21 0.022713078 
129 226 12 22 0.022711989 
691 563 15 34 0.022670569 
907 327 16 38 0.022614246 
860 520 7 16 0.022604136 
163 54 13 28 0.02260342 
618 416 6 22 0.022602575 
619 42 6 23 0.022557022 
632 415 6 25 0.022547407 
922 289 8 21 0.022484528 
55 535 7 15 0.022442708 
743 55 10 26 0.022435449 
806 245 116 119 0.022414776 
658 469 6 21 0.022402016 
41 108 12 26 0.022386145 
287 377 6 21 0.022363368 
530 351 6 21 0.022355657 
223 440 6 24 0.022350142 
578 81 8 24 0.022344982 
344 321 11 28 0.022322683 
948 133 9 25 0.022307213 
555 367 6 17 0.022290386 
565 336 8 25 0.022275267 
181 270 11 30 0.022251919 
933 540 11 34 0.0222092 
973 271 12 30 0.022192225 
376 134 6 22 0.022181757 
580 513 10 29 0.022117779 
633 59 6 18 0.022104228 
99 40 12 29 0.022085147 
117 54 11 27 0.022002669 
884 490 10 21 0.021987945 
683 468 7 23 0.021981353 
500 626 9 16 0.021970965 
54 212 8 20 0.0219679 
497 272 12 24 0.021956896 
106 172 8 24 0.0219231 
195 401 8 23 0.02191349 
757 48 10 24 0.021871606 
585 513 11 28 0.021832956 
297 345 10 32 0.021794664 
733 447 6 15 0.02174401 
131 73 9 18 0.021714339 
117 176 8 20 0.021597607 
144 -19 9 21 0.021511685 
62 56 17 30 0.021493651 
797 503 8 24 0.021471502 
40 225 9 21 0.02146138 
438 123 6 21 0.021446304 
724 459 5 14 0.02143126 
399 40 12 30 0.021421082 
274 378 6 21 0.021355014 
317 88 88 133 0.021354124 
364 150 6 17 0.021267854 
619 466 6 22 0.021211691 
129 51 13 31 0.021203715 
398 101 9 37 0.02109091 
104 116 12 30 0.021090716 
398 393 11 18 0.021063995 
607 43 6 23 0.021063456 
729 497 12 34 0.021055395 
335 347 9 29 0.021003883 
446 274 12 18 0.021001713 
40 260 10 26 0.021000521 
322 335 8 27 0.020962914 
106 161 7 21 0.02095257 
620 455 6 23 0.020875353 
632 44 6 21 0.020874748 
724 447 5 14 0.020844854 
672 456 6 21 0.020834994 
69 253 5 17 0.020830091 
156 607 57 93 0.020829553 
133 146 6 21 0.020791942 
897 267 11 18 0.020779472 
365 122 6 22 0.020767253 
311 364 7 25 0.020764457 
999 323 10 35 0.020762388 
50 44 10 20 0.020760804 
582 409 6 14 0.020693325 
592 480 8 19 0.020687465 
257 16 10 13 0.020645801 
397 75 9 35 0.020616263 
108 229 7 17 0.020592771 
66 42 12 24 0.020588927 
14 577 9 28 0.020576315 
137 242 16 30 0.020567803 
93 15 9 14 0.02055985 
425 89 10 36 0.020533144 
390 146 6 23 0.020456793 
886 504 9 23 0.020423112 
566 325 8 23 0.020394184 
81 237 6 18 0.020367911 
682 455 8 22 0.020336 
569 379 6 17 0.020323407 
900 124 8 39 0.020319108 
499 465 8 25 0.020305052 
142 165 9 18 0.020289082 
681 373 9 31 0.020286608 
424 145 8 29 0.020236569 
882 295 14 30 0.020236215 
587 306 15 32 0.020202944 
410 40 13 27 0.020170052 
555 352 7 20 0.02015706 
834 38 11 34 0.020152958 
62 120 11 24 0.020132089 
568 44 6 24 0.020132 
340 429 6 22 0.020130081 
94 267 7 16 0.020129828 
317 110 10 21 0.020120513 
193 314 9 24 0.020083992 
581 441 8 21 0.020083321 
580 349 8 23 0.020034047 
863 254 18 19 0.020031743 
772 503 8 25 0.020019114 
1015 121 10 22 0.020017384 
179 117 11 29 0.01994851 
1011 58 11 24 0.019938175 
425 599 9 15 0.019904291 
414 156 8 28 0.019891303 
198 29 17 29 0.019877145 
636 109 15 16 0.019862728 
234 24 24 37 0.019821372 
810 82 7 24 0.019805277 
645 441 6 26 0.019801082 
539 321 10 29 0.019718474 
439 79 9 28 0.019716004 
951 299 8 22 0.019625306 
117 163 7 18 0.019592455 
109 239 8 18 0.019577753 
508 164 100 118 0.01956338 
561 95 11 24 0.019541679 
793 479 9 25 0.019540373 
309 298 10 26 0.019488672 
502 297 9 25 0.01947505 
51 556 11 21 0.019468114 
348 430 7 22 0.019464437 
529 337 7 23 0.019453293 
918 337 11 27 0.019453008 
964 31 7 23 0.019428357 
201 20 18 20 0.01942569 
338 111 8 18 0.019424617 
282 346 10 32 0.019396791 
77 292 16 39 0.01938483 
606 481 7 18 0.019370027 
579 481 8 18 0.019347094 
134 164 7 17 0.01931411 
543 369 6 16 0.01929541 
335 302 10 22 0.019290766 
413 102 9 35 0.019258944 
91 54 13 27 0.019158393 
321 299 10 27 0.019149197 
168 119 9 25 0.01906463 
213 418 5 19 0.019051535 
986 98 12 20 0.019027255 
421 52 12 33 0.019026622 
131 131 8 25 0.019002166 
426 442 7 22 0.01899138 
388 78 8 33 0.018988213 
518 339 6 20 0.018963646 
233 418 5 18 0.018927861 
108 200 7 21 0.018898886 
873 555 8 24 0.018889267 
618 480 7 20 0.018881492 
410 439 9 28 0.01887877 
671 469 7 23 0.018868675 
800 72 6 20 0.018861778 
951 33 7 20 0.018861545 
1017 159 9 21 0.018857842 
937 288 7 19 0.018857138 
798 517 8 26 0.018824304 
188 33 19 35 0.018814923 
905 450 14 31 0.018799968 
52 98 11 20 0.01876826 
298 363 8 26 0.01874383 
848 29 11 25 0.01871071 
659 443 6 23 0.018699083 
345 -158 73 91 0.018698722 
360 343 12 39 0.018671343 
593 83 7 22 0.018663615 
781 267 52 69 0.018661777 
166 176 15 30 0.018643225 
80 -19 8 20 0.018621385 
954 689 5 16 0.018596936 
632 377 7 26 0.018593967 
425 324 12 24 0.018582268 
541 351 6 21 0.01854494 
504 338 6 20 0.01851404 
711 471 5 15 0.018483307 
261 381 5 17 0.018448306 
5 22 7 16 0.018426241 
1015 136 9 20 0.018420732 
45 545 7 17 0.018415313 
578 493 9 19 0.018414455 
560 478 172 167 0.018394956 
348 454 8 24 0.018341942 
388 103 8 33 0.018317759 
574 265 11 19 0.018308457 
490 623 10 17 0.018295085 
1000 211 7 21 0.018265959 
725 515 44 104 0.018232914 
539 142 13 32 0.018206676 
696 60 6 16 0.018202463 
276 392 6 20 0.01818816 
28 213 9 20 0.018181246 
411 326 11 22 0.018174212 
48 14 13 15 0.018173486 
937 314 8 20 0.018154506 
339 455 5 20 0.018124843 
248 406 6 17 0.01811467 
665 108 19 18 0.018091917 
887 115 7 38 0.0180901 
498 284 11 27 0.018085372 
999 195 7 27 0.01807314 
30 32 151 212 0.018062074 
938 301 7 20 0.017998304 
272 363 8 24 0.017978076 
672 58 6 18 0.017953483 
632 469 6 20 0.017940836 
975 297 9 26 0.017929513 
671 441 7 23 0.017883278 
809 41 10 25 0.017863188 
1010 471 15 20 0.017857049 
93 -21 9 24 0.017833497 
102 84 11 20 0.017832763 
190 105 15 29 0.01782437 
723 432 5 16 0.017817246 
554 323 9 27 0.01780112 
952 60 6 17 0.01778862 
306 107 15 25 0.017787002 
51 57 14 27 0.01778417 
577 308 12 27 0.017781297 
899 314 10 23 0.017769635 
1000 300 10 24 0.017759517 
938 276 7 21 0.01775827 
855 5 19 27 0.017755816 
183 76 7 17 0.017734397 
74 349 13 26 0.017731242 
994 262 17 28 0.017700605 
413 198 7 25 0.017674774 
657 414 7 29 0.017673993 
351 124 6 18 0.017661555 
999 143 9 23 0.017653862 
80 148 10 23 0.017647317 
376 148 6 20 0.017630585 
684 59 6 17 0.017626967 
42 42 11 22 0.017612334 
42 137 13 33 0.017603572 
103 92 14 29 0.017593954 
554 97 9 23 0.017579932 
517 355 6 17 0.017576996 
94 240 7 18 0.017554682 
397 424 12 30 0.017521733 
744 457 9 19 0.017521162 
938 50 7 16 0.017520398 
541 134 9 21 0.017510707 
164 34 15 35 0.017506639 
478 83 8 21 0.01746143 
322 361 9 27 0.017428728 
646 455 6 24 0.01742068 
900 50 6 15 0.017406384 
386 51 10 37 0.017405707 
14 193 9 26 0.017400442 
254 68 100 116 0.017386055 
234 463 7 34 0.01738099 
645 44 6 22 0.017365769 
426 131 8 31 0.017361652 
858 26 13 27 0.017298725 
155 38 12 29 0.017291958 
874 46 6 19 0.017236598 
67 352 12 23 0.017223235 
799 44 8 20 0.017210972 
426 590 6 11 0.01720318 
153 102 13 31 0.017200762 
107 212 7 18 0.017196104 
568 312 8 23 0.017158123 
681 439 8 24 0.017151723 
949 85 8 20 0.017150052 
260 395 5 15 0.017133959 
85 281 7 17 0.017098 
610 120 15 27 0.017095946 
397 188 8 25 0.017080434 
92 135 9 22 0.017077865 
116 134 90 128 0.01700183 
73 213 82 113 0.016974788 
449 136 48 98 0.016965734 
922 67 10 25 0.016962219 
658 429 6 26 0.016957147 
658 481 7 21 0.01693751 
100 291 37 84 0.016934179 
503 327 7 21 0.016880693 
785 269 28 35 0.016835583 
530 371 5 15 0.016818274 
339 482 5 18 0.016806703 
657 494 8 22 0.016784608 
913 123 8 41 0.01673975 
579 467 9 21 0.016737962 
977 50 6 18 0.01672417 
659 511 6 15 0.016722878 
912 57 11 25 0.016718542 
891 51 5 14 0.016714824 
149 231 15 27 0.016700177 
412 129 9 34 0.016699309 
3 182 9 28 0.01669695 
70 267 5 15 0.016691035 
196 417 7 22 0.016661618 
351 137 7 17 0.016628822 
517 326 6 21 0.01661279 
747 48 8 20 0.016603079 
873 509 8 16 0.016595606 
621 73 5 16 0.016591022 
40 98 11 20 0.016578898 
414 186 7 24 0.016558293 
105 -20 9 23 0.016553402 
591 495 8 17 0.016511474 
898 491 10 22 0.016509546 
248 396 5 15 0.01649498 
710 458 5 16 0.01646 
307 284 11 27 0.016443178 
26 225 12 23 0.01640314 
608 395 5 20 0.016375115 
709 509 6 17 0.016356923 
489 82 10 22 0.016356522 
502 313 8 24 0.016347747 
617 493 8 21 0.016336564 
248 466 7 30 0.016336303 
975 33 8 23 0.016324027 
396 -160 73 94 0.016317474 
345 415 9 25 0.016307894 
923 277 8 20 0.016300857 
555 381 6 15 0.016275674 
555 583 6 22 0.016244723 
924 102 9 34 0.016236493 
170 -32 7 23 0.016234865 
556 57 7 25 0.016232725 
582 366 5 18 0.016217958 
294 -157 72 90 0.016215594 
464 85 7 20 0.016200613 
183 88 7 14 0.016199747 
130 246 13 24 0.016153168 
151 244 14 29 0.016131813 
965 59 7 19 0.016123367 
998 173 7 24 0.01610812 
617 377 8 25 0.016051041 
998 348 11 40 0.01602926 
976 113 13 21 0.016011769 
296 299 10 23 0.015976954 
53 520 8 17 0.01596721 
451 98 7 19 0.015952406 
105 250 9 21 0.015945109 
925 80 8 27 0.015944473 
846 75 10 37 0.015937382 
41 14 10 12 0.015937218 
861 75 8 37 0.01593451 
606 495 7 16 0.015902286 
286 170 167 211 0.015887845 
680 189 74 116 0.01588058 
937 326 8 21 0.015866872 
24 259 13 29 0.01586542 
51 324 11 18 0.015863456 
206 325 9 24 0.01585408 
399 384 10 17 0.015841987 
440 148 7 22 0.015830994 
733 48 7 19 0.015818652 
376 108 6 25 0.015814101 
1014 299 11 25 0.015776725 
440 460 7 19 0.01577406 
338 126 7 16 0.015763372 
165 195 21 38 0.015748953 
659 59 5 18 0.015746972 
486 285 11 26 0.015743487 
906 488 174 280 0.015741292 
504 357 6 16 0.015724463 
248 385 5 13 0.015717467 
217 -157 73 90 0.015710136 
723 63 6 14 0.015705582 
477 68 8 23 0.015670503 
859 542 9 24 0.015668692 
176 172 17 37 0.015667833 
413 71 10 38 0.015660957 
193 362 8 20 0.01564317 
634 75 5 14 0.01562889 
939 84 8 23 0.015623219 
638 104 12 12 0.015598217 
437 444 8 22 0.015576209 
887 555 8 25 0.015556724 
488 300 9 23 0.015538352 
157 -19 9 20 0.015529681 
711 483 5 16 0.015527488 
875 497 7 13 0.0154977245 
96 255 6 16 0.015466268 
508 387 7 11 0.015453597 
733 376 8 24 0.015439288 
390 162 7 22 0.015415329 
110 294 19 39 0.015406538 
668 105 12 11 0.015401222 
323 442 8 25 0.015387793 
2 83 10 20 0.015363113 
363 163 7 17 0.0153279025 
502 495 6 19 0.01531199 
249 454 6 24 0.01530703 
194 379 7 19 0.015305479 
80 14 8 12 0.015299084 
424 171 8 27 0.01528554 
547 276 13 20 0.0152854845 
807 519 9 22 0.015267714 
133 88 11 16 0.015256314 
2 250 9 22 0.015241864 
668 400 8 30 0.015237434 
693 372 10 33 0.015210733 
92 34 13 31 0.015210206 
67 22 12 18 0.0152100185 
594 140 7 14 0.015182689 
859 530 9 22 0.015176003 
119 -18 8 20 0.015172581 
538 122 11 22 0.015169176 
722 404 7 20 0.015167681 
734 60 8 18 0.015158189 
390 188 8 23 0.015156607 
922 462 12 31 0.015149613 
86 300 17 41 0.015140338 
515 312 9 24 0.015138716 
553 565 8 28 0.015137877 
874 105 8 34 0.015102388 
424 610 11 19 0.015093752 
513 480 9 20 0.015072183 
986 265 13 24 0.015053725 
164 561 18 36 0.015049229 
352 151 6 16 0.015048027 
579 333 10 28 0.015040496 
326 455 6 22 0.015037408 
562 478 11 21 0.015037332 
308 272 11 24 0.015030849 
74 20 16 23 0.01502996 
236 407 5 16 0.015028632 
998 286 12 23 0.015027998 
950 312 8 23 0.015013986 
938 60 7 18 0.014996339 
158 116 9 26 0.014992326 
35 67 17 28 0.014988396 
760 62 9 26 0.014957903 
206 312 9 24 0.014956594 
548 295 14 31 0.014921873 
945 105 10 29 0.014912933 
723 419 6 18 0.014909978 
144 -32 8 23 0.014901043 
339 469 5 20 0.014890729 
26 157 11 30 0.014883639 
590 348 8 24 0.014883633 
568 299 9 21 0.014878557 
66 507 8 18 0.014878367 
1018 198 7 24 0.01485854 
241 14 14 14 0.014857501 
550 440 11 25 0.014853926 
401 159 7 26 0.014809009 
587 526 11 29 0.014799222 
1002 229 6 15 0.014793544 
455 125 114 116 0.014784728 
205 300 10 24 0.014773549 
593 398 6 15 0.014757837 
988 166 10 35 0.014754067 
581 381 6 15 0.014752347 
1011 501 14 27 0.014735197 
656 362 8 27 0.014728967 
759 499 11 31 0.014718654 
926 332 82 138 0.01467478 
296 318 11 33 0.014642374 
131 115 10 27 0.0146410465 
962 457 12 16 0.014635943 
341 511 5 12 0.014588445 
795 470 9 19 0.014587143 
581 627 6 13 0.01455 
93 558 8 13 0.014537068 
961 15 11 28 0.014529994 
67 547 9 17 0.0145123685 
375 162 7 19 0.0145099675 
940 116 8 27 0.0144821135 
414 172 7 25 0.014480698 
442 475 5 12 0.014476894 
592 366 7 21 0.014455392 
6 -164 68 110 0.014452492 
22 106 13 28 0.014440419 
480 220 99 125 0.014422292 
16 213 8 21 0.014401159 
505 264 34 88 0.014395217 
296 276 8 19 0.014385352 
567 171 7 24 0.014366521 
565 492 9 21 0.014354155 
908 266 9 18 0.0143464 
1014 85 10 20 0.014332402 
11 31 10 24 0.014320484 
769 456 11 24 0.014306739 
157 -32 7 22 0.014290058 
524 395 10 13 0.01428603 
438 134 7 22 0.014283357 
822 40 11 30 0.014260669 
64 108 10 23 0.014260173 
853 514 105 133 0.014259584 
665 538 14 22 0.014243728 
733 390 8 22 0.0142353 
213 397 4 15 0.014234015 
694 469 6 19 0.01422595 
341 498 5 14 0.014217165 
550 460 15 32 0.014214206 
13 144 11 29 0.014203719 
710 495 6 18 0.014171967 
84 255 5 16 0.014158256 
543 383 6 13 0.014153152 
183 297 10 30 0.014145862 
646 469 6 21 0.014142051 
948 509 13 36 0.014122971 
771 376 183 236 0.014040656 
337 413 9 27 0.014019996 
1 104 11 30 0.014017604 
709 62 6 14 0.014011135 
592 623 7 15 0.01399819 
503 418 47 63 0.013995084 
168 -158 69 92 0.013990189 
629 699 359 251 0.013972007 
465 71 6 20 0.0139688 
350 358 10 30 0.013965188 
513 297 10 26 0.01395762 
605 377 7 25 0.013956696 
127 296 15 33 0.01395338 
938 71 7 19 0.0139464615 
102 415 11 30 0.013922398 
194 89 9 13 0.013922129 
297 288 8 20 0.013913482 
580 452 9 24 0.013913392 
934 562 12 36 0.013910069 
577 97 8 19 0.013896319 
684 39 5 15 0.013891845 
140 286 13 33 0.0138816 
990 300 8 22 0.01386951 
140 207 14 26 0.0138647575 
294 688 350 291 0.013863128 
158 21 11 21 0.013856754 
115 244 13 26 0.013855749 
63 311 14 23 0.013813528 
948 378 11 23 0.013808204 
710 83 144 204 0.013801141 
319 285 11 25 0.013791317 
182 314 11 29 0.0137872435 
924 562 11 30 0.0137735065 
160 15 7 12 0.013765853 
597 130 5 10 0.013762746 
70 295 8 15 0.013755951 
42 566 10 24 0.013748423 
269 346 10 27 0.013743406 
646 483 6 19 0.013738675 
883 274 15 24 0.013738179 
0 -182 172 162 0.01373502 
692 346 11 31 0.013732708 
67 538 8 16 0.013731275 
1000 241 9 16 0.013705197 
481 370 94 104 0.013700028 
131 -32 8 24 0.013639075 
637 124 17 20 0.013629487 
336 138 7 17 0.013625013 
320 102 9 17 0.013614232 
207 353 8 18 0.013607029 
438 159 9 27 0.013602729 
411 454 9 26 0.013594876 
631 481 7 21 0.013576663 
6 17 6 11 0.013502531 
93 -2 9 17 0.013485305 
193 335 9 25 0.013482799 
310 265 8 17 0.013481093 
555 44 7 25 0.013465641 
447 -160 73 94 0.013458181 
365 108 6 23 0.013457261 
965 122 12 23 0.013449929 
318 122 11 22 0.013448535 
602 348 10 24 0.013433032 
101 262 12 22 0.013430718 
359 323 12 27 0.013430618 
762 93 7 24 0.013421194 
898 -167 145 100 0.013414439 
563 502 11 25 0.013395206 
196 430 7 23 0.013393291 
205 272 12 29 0.013363257 
498 83 12 22 0.013352812 
84 269 6 15 0.013341999 
183 13 9 10 0.013312616 
283 390 8 22 0.013278672 
732 404 8 21 0.013260123 
604 364 8 27 0.013259718 
709 40 5 14 0.013257885 
719 150 8 16 0.013242898 
988 306 31 108 0.013240254 
646 59 5 18 0.013230514 
499 112 14 21 0.013229644 
169 261 10 25 0.013222386 
732 431 7 18 0.013219451 
668 523 8 15 0.013202417 
958 491 14 28 0.013198615 
463 99 8 16 0.013169198 
51 334 14 31 0.013163512 
633 105 9 11 0.01315902 
529 385 6 11 0.013145894 
560 466 11 23 0.013139338 
414 223 7 25 0.013137298 
743 498 11 34 0.013095265 
1017 212 8 21 0.013089073 
425 305 7 15 0.013080039 
947 541 12 29 0.013061599 
961 447 11 15 0.013043883 
168 284 10 29 0.013007266 
543 581 6 24 0.013004372 
458 599 19 27 0.01300062 
250 30 20 41 0.012992411 
680 494 9 21 0.0129887555 
988 286 10 22 0.012982345 
677 105 10 10 0.012972927 
1003 491 11 19 0.012971644 
975 466 15 19 0.012969363 
411 429 8 22 0.012958665 
446 401 11 19 0.012946026 
368 343 13 37 0.012937513 
434 324 12 25 0.012929416 
3 238 10 22 0.012913749 
540 83 9 21 0.012909083 
719 359 10 32 0.012903177 
158 176 9 19 0.012895345 
195 77 8 16 0.012883407 
588 331 13 30 0.01287904 
260 407 6 17 0.012867964 
99 306 21 42 0.012842954 
682 508 8 17 0.012831309 
592 264 10 20 0.0128210345 
568 396 7 14 0.012811803 
681 399 9 31 0.012805074 
68 0 8 12 0.012792904 
143 150 7 18 0.012788665 
132 0 9 14 0.012786215 
710 444 6 17 0.012778471 
695 316 36 95 0.012771063 
67 -18 9 19 0.012766638 
2 404 8 17 0.0127466405 
247 442 5 20 0.012743796 
541 98 9 19 0.012709826 
683 526 7 13 0.012678025 
488 314 8 24 0.012670563 
390 176 7 21 0.012664181 
925 51 8 15 0.012652084 
169 14 8 11 0.012638807 
605 507 8 19 0.012626364 
1004 53 5 15 0.012605131 
436 424 9 25 0.012600092 
947 588 13 40 0.012591659 
162 19 16 27 0.012571375 
856 -1 15 15 0.012571192 
499 67 10 27 0.012569447 
1016 52 7 18 0.0125613175 
709 126 7 12 0.012560081 
2 103 97 140 0.012551952 
892 345 42 79 0.012539872 
601 320 15 34 0.012526599 
491 276 10 20 0.01248756 
914 51 8 14 0.012468228 
708 429 7 21 0.012467788 
696 40 5 14 0.012461396 
694 549 9 17 0.012451535 
756 457 11 23 0.012441044 
910 477 11 25 0.01241569 
664 303 35 93 0.012415666 
76 109 11 21 0.012411271 
399 175 7 23 0.0123931905 
16 405 8 14 0.012359286 
697 537 8 16 0.0123549905 
883 8 12 19 0.012352652 
595 100 6 14 0.0123405745 
1004 58 8 20 0.012340551 
400 207 7 24 0.012324614 
565 160 8 21 0.012313497 
453 385 6 10 0.012306865 
73 35 16 32 0.012283893 
820 247 11 10 0.012279469 
10 -49 19 32 0.012260431 
585 324 156 258 0.012247296 
101 12 10 17 0.012233737 
940 643 5 9 0.012223207 
606 85 7 18 0.012220341 
203 97 15 22 0.012218293 
680 346 11 30 0.012211331 
141 126 10 29 0.012210847 
787 70 6 22 0.012186008 
609 554 66 70 0.012185314 
962 465 13 22 0.012170537 
112 96 12 25 0.012167523 
17 470 8 18 0.012166457 
167 245 13 29 0.012161897 
950 210 92 129 0.012158321 
829 4 16 23 0.012155796 
950 16 10 24 0.012153977 
849 84 155 223 0.012150713 
592 639 5 12 0.012146278 
732 348 9 31 0.012130005 
182 -30 8 21 0.012111449 
784 515 8 26 0.012107741 
128 359 38 88 0.012100089 
512 464 10 25 0.012093877 
5 640 6 13 0.012086349 
265 24 11 15 0.012080083 
947 401 11 24 0.012071333 
452 84 7 21 0.012070315 
937 340 9 21 0.012056994 
490 58 7 23 0.012022792 
930 487 26 78 0.012018958 
69 14 8 12 0.012015885 
961 434 9 16 0.012012727 
717 127 7 13 0.012005914 
542 570 6 23 0.012001243 
604 519 9 22 0.011985931 
997 252 14 21 0.011979641 
317 272 12 24 0.011973254 
579 115 7 14 0.011942381 
427 460 6 17 0.011938265 
951 74 7 16 0.011933651 
209 367 7 16 0.011933392 
92 122 10 22 0.011924019 
905 422 13 31 0.011917975 
966 111 9 20 0.011912227 
522 407 14 17 0.011910716 
441 268 10 17 0.011910207 
28 580 8 21 0.011904337 
515 494 7 18 0.011898462 
181 26 17 27 0.011886472 
207 87 10 15 0.011883906 
54 278 8 19 0.011879225 
493 120 18 27 0.011879203 
56 387 11 23 0.011860009 
131 13 11 14 0.011858556 
935 456 10 22 0.0118550155 
707 402 8 25 0.011844473 
167 161 12 29 0.011839044 
721 389 7 24 0.011832402 
801 83 6 23 0.011813093 
423 198 8 25 0.011797768 
283 287 11 21 0.01179684 
975 461 10 13 0.011794238 
12 122 13 36 0.011791448 
808 260 29 29 0.011790882 
505 370 6 14 0.011780673 
887 223 7 21 0.011778376 
196 -29 8 20 0.011777898 
565 200 7 20 0.011765762 
977 59 6 19 0.01175425 
511 99 14 20 0.011751144 
468 605 19 26 0.011750341 
813 254 20 17 0.011746174 
1017 185 9 25 0.011745387 
76 121 12 22 0.011732338 
506 428 81 115 0.01172476 
461 276 11 18 0.011715668 
334 290 10 20 0.011715591 
992 52 5 14 0.011706628 
1017 172 9 24 0.011694046 
694 457 7 18 0.011684977 
539 305 12 31 0.011680172 
761 83 7 22 0.01167885 
703 545 10 21 0.011653236 
440 389 6 9 0.011652462 
860 509 9 16 0.011645479 
424 223 9 25 0.011637496 
897 480 10 21 0.011636771 
953 700 6 17 0.011618217 
584 399 5 13 0.011609941 
606 119 7 12 0.01159723 
721 74 8 16 0.011588894 
351 164 6 15 0.011582875 
947 467 10 23 0.011574809 
534 444 17 30 0.011553416 
349 477 9 24 0.011552937 
769 82 8 25 0.011551854 
570 410 6 13 0.011547292 
507 402 19 22 0.011541682 
694 400 9 29 0.011538925 
915 370 18 36 0.011534399 
901 222 6 24 0.0115343025 
170 -19 8 19 0.011528248 
851 521 8 17 0.011528128 
208 74 10 19 0.011525608 
706 372 10 31 0.01152249 
230 -22 15 22 0.011522321 
99 283 18 33 0.011516158 
500 99 13 18 0.011508414 
152 284 13 32 0.011493805 
473 121 41 83 0.011492744 
207 14 11 11 0.011485909 
44 529 9 21 0.011480919 
699 549 238 191 0.011475405 
419 578 5 10 0.011468698 
975 255 10 18 0.011457229 
731 416 8 21 0.011448607 
997 -82 13 53 0.011447155 
940 527 40 79 0.011446572 
670 415 7 27 0.011445149 
645 494 7 19 0.011441815 
707 418 8 22 0.011404252 
731 71 8 18 0.011394374 
720 159 9 21 0.011392259 
71 282 6 15 0.011387003 
336 379 7 20 0.011384591 
461 405 10 16 0.011380938 
949 456 10 18 0.011358454 
326 378 7 22 0.011343529 
704 536 9 18 0.01134324 
705 116 8 11 0.011343182 
983 468 14 15 0.011335506 
436 67 9 29 0.011334981 
974 16 10 27 0.011327674 
950 366 9 22 0.011326862 
216 65 14 29 0.011323525 
410 303 10 16 0.011319751 
842 255 17 13 0.011315708 
141 -1 10 16 0.01130994 
651 125 17 18 0.011301919 
1001 161 7 18 0.011262792 
207 -29 9 22 0.011256119 
957 604 16 35 0.011254798 
949 639 8 14 0.011229124 
222 371 6 13 0.011219174 
349 409 7 16 0.011210481 
745 68 8 20 0.0112079065 
901 39 6 12 0.011185524 
220 -29 10 22 0.011178209 
64 90 13 27 0.011168975 
782 456 11 21 0.011148187 
158 162 9 22 0.011124987 
1017 228 8 17 0.011098926 
17 458 8 18 0.011094582 
271 12 10 13 0.011094332 
222 518 8 26 0.0110736545 
515 372 6 14 0.011072809 
555 213 8 17 0.011062604 
822 521 10 21 0.011043246 
541 109 9 18 0.011041331 
963 310 8 29 0.011032737 
18 682 5 10 0.011024916 
119 688 328 293 0.011024572 
695 508 8 18 0.011015046 
767 282 18 30 0.011013292 
43 4 7 10 0.011013254 
222 398 5 14 0.011011343 
349 111 7 20 0.011010917 
974 173 13 44 0.011006313 
873 569 8 21 0.011004657 
337 100 8 20 0.010995672 
442 487 5 11 0.01099197 
965 691 4 16 0.01098383 
66 520 9 18 0.010963419 
885 382 88 135 0.010961635 
420 590 5 9 0.010959324 
319 263 10 20 0.010936952 
695 525 7 15 0.01093346 
661 120 22 21 0.010930939 
617 507 8 21 0.010915854 
848 586 7 17 0.010911293 
385 340 12 35 0.01090798 
869 0 13 14 0.010901016 
528 310 9 25 0.010885018 
760 217 6 17 0.010882872 
910 347 13 32 0.01086932 
426 250 8 20 0.010865578 
502 506 8 20 0.01086462 
420 602 4 10 0.010861862 
14 416 8 19 0.010860885 
1001 85 9 17 0.010860167 
1001 502 12 24 0.010858815 
961 417 10 21 0.010858548 
920 426 12 25 0.010858502 
595 380 6 19 0.0108529255 
744 314 10 22 0.0108524915 
220 15 13 12 0.010852047 
361 377 9 19 0.010846447 
128 391 15 39 0.010845112 
656 112 14 15 0.0108352145 
988 313 10 28 0.010829098 
565 583 8 20 0.01081344 
499 453 11 26 0.010812342 
948 445 12 16 0.0108055165 
283 275 11 20 0.010798305 
131 -158 64 94 0.010785086 
325 393 7 19 0.010782767 
849 531 9 19 0.0107803345 
597 120 5 10 0.010756426 
755 306 13 32 0.0107543515 
386 379 12 21 0.0107512465 
705 348 11 29 0.010743835 
268 31 11 21 0.010737634 
14 227 11 21 0.010735947 
138 313 19 45 0.010722378 
696 106 7 9 0.0107139405 
569 278 9 15 0.010711621 
574 244 13 25 0.010671292 
81 0 8 14 0.010655059 
319 406 16 40 0.01065039 
849 545 9 20 0.010644494 
1014 241 11 18 0.010638148 
614 347 13 28 0.010632217 
160 130 7 23 0.010617726 
448 412 10 22 0.0106174955 
195 -17 9 18 0.010604485 
149 553 51 84 0.010584177 
498 -161 73 95 0.010564696 
425 579 6 11 0.010562842 
93 336 11 24 0.010562104 
463 383 7 11 0.010557172 
412 351 9 21 0.010543597 
732 326 10 24 0.01054318 
695 481 6 19 0.0105350595 
835 247 10 9 0.01052555 
423 211 9 24 0.0105202375 
34 -33 15 24 0.010505976 
551 138 8 18 0.010504741 
900 424 11 27 0.010502759 
281 300 13 27 0.010495834 
566 225 10 22 0.010493882 
853 260 21 20 0.010489744 
580 640 6 12 0.01048636 
374 213 90 130 0.010483014 
490 337 8 22 0.01044348 
960 401 11 26 0.010433009 
415 563 7 15 0.010426341 
178 242 14 33 0.010422582 
73 85 16 32 0.010417895 
539 275 15 23 0.010413949 
1015 18 8 24 0.010412932 
964 372 37 83 0.010400964 
551 119 100 136 0.0103933355 
934 416 12 20 0.010390775 
250 418 5 16 0.010372414 
977 100 10 16 0.010357339 
53 2 8 12 0.010350266 
211 383 5 15 0.010344923 
920 353 11 25 0.010335607 
55 371 46 87 0.010330775 
718 140 7 13 0.01032713 
492 357 6 16 0.010324624 
659 77 6 13 0.010303753 
695 113 10 12 0.010300446 
20 -48 17 27 0.010297264 
959 374 12 29 0.010297179 
453 192 45 81 0.010291239 
560 525 13 31 0.010289554 
75 317 15 31 0.0102755055 
1014 564 10 34 0.010270303 
970 504 16 28 0.010268273 
675 122 16 18 0.010265883 
848 573 9 20 0.010256697 
989 87 9 16 0.010247364 
93 105 11 24 0.010245343 
869 28 12 24 0.01024335 
345 303 10 18 0.010236469 
759 576 42 72 0.010229505 
487 113 14 19 0.0102249775 
695 495 7 19 0.010201011 
129 259 13 24 0.01020079 
941 129 8 27 0.010200029 
1016 33 7 20 0.010196834 
234 518 9 27 0.010183511 
449 607 15 20 0.0101727005 
32 398 49 108 0.010171904 
645 77 6 13 0.01016937 
370 375 13 23 0.0101573765 
940 691 5 15 0.010153111 
761 205 6 15 0.010152498 
699 567 14 28 0.010148435 
991 755 35 115 0.010147822 
866 14 17 28 0.010141214 
626 123 15 21 0.010104891 
569 600 5 16 0.010089286 
989 34 7 19 0.010087805 
641 319 32 89 0.010074753 
948 434 11 16 0.010073981 
429 398 9 13 0.010064115 
114 398 12 29 0.010057086 
41 274 10 23 0.010052682 
451 69 9 24 0.010052293 
974 310 10 30 0.01005198 
628 358 11 33 0.01004883 
376 176 7 18 0.010038205 
920 441 12 23 0.0100329565 
924 579 9 25 0.010028404 
453 128 8 15 0.010027804 
393 41 26 87 0.010023265 
553 194 10 25 0.010019656 
428 489 4 10 0.010018251 
436 411 11 24 0.010006899 
859 570 9 22 0.0100060105 
411 531 11 24 0.010003214 
220 202 155 260 0.010001883 
476 302 10 21 0.010001364 
