50_Celebration_Or_Party_birthdayparty_50_449
1752
825 26 111 127 0.99990296 
133 438 170 174 0.9997991 
446 226 116 138 0.9993013 
596 73 92 111 0.99877995 
332 361 144 156 0.9983188 
0 24 15 45 0.14405595 
650 466 197 141 0.13655187 
867 428 15 19 0.13610727 
445 146 18 36 0.131646 
1000 637 10 20 0.13148269 
824 709 10 19 0.09238646 
819 729 10 21 0.06935658 
475 496 12 41 0.06851674 
830 711 8 20 0.06594088 
850 689 5 14 0.06439141 
338 133 6 27 0.06266313 
805 431 178 172 0.06250821 
478 670 6 28 0.058936723 
337 108 6 26 0.05564755 
4 -147 290 138 0.054809093 
850 291 6 22 0.05434842 
850 249 7 26 0.05415426 
336 156 7 30 0.053724118 
1013 123 10 22 0.05367144 
354 97 4 18 0.05341131 
1014 618 7 13 0.052569177 
860 678 6 15 0.051202856 
797 264 8 26 0.050590374 
244 403 9 24 0.050288305 
418 194 40 94 0.050000444 
859 247 8 29 0.04990529 
229 290 10 25 0.049811747 
224 299 7 26 0.048925407 
571 193 17 33 0.04800984 
852 277 5 22 0.047349993 
225 292 6 18 0.047267564 
968 48 68 102 0.047000457 
852 681 5 12 0.046752367 
848 222 8 26 0.046489008 
236 200 6 26 0.046370886 
359 581 10 30 0.04572556 
454 153 15 34 0.045534912 
1014 625 8 17 0.045496758 
851 263 6 23 0.045489114 
1010 637 9 19 0.045235552 
848 236 8 27 0.045005508 
836 235 7 27 0.04494652 
426 97 7 23 0.044823755 
347 131 7 30 0.044656593 
421 319 82 123 0.044497054 
236 223 6 28 0.044118967 
252 148 5 22 0.043844525 
849 488 22 29 0.043430194 
249 396 86 121 0.04328891 
860 198 8 29 0.043218046 
111 579 55 73 0.043095354 
860 688 7 17 0.04307763 
244 419 10 21 0.043076824 
323 133 8 30 0.042896975 
355 88 4 17 0.04272859 
220 337 9 31 0.042019878 
631 696 337 213 0.04159538 
862 222 7 26 0.041555684 
221 311 8 28 0.04147785 
977 76 26 47 0.04147469 
409 163 82 91 0.04111909 
350 120 6 27 0.04108558 
235 134 5 25 0.04092323 
338 97 5 22 0.04083012 
823 236 7 25 0.040531088 
794 701 12 20 0.040401675 
352 110 5 22 0.04028356 
362 99 5 17 0.03994689 
860 290 6 21 0.039661977 
848 302 6 23 0.039484113 
859 276 6 23 0.039247964 
241 434 13 21 0.03911254 
233 337 8 31 0.038606137 
338 216 6 18 0.03855539 
509 195 16 29 0.038161065 
509 207 18 40 0.037983757 
252 161 4 20 0.037866604 
984 60 16 25 0.037803695 
360 560 9 20 0.03766547 
290 709 5 8 0.037610926 
1001 629 9 15 0.037579272 
885 -3 79 104 0.037506383 
783 263 8 28 0.037391648 
582 258 5 10 0.037303686 
596 281 5 16 0.037247002 
515 75 6 18 0.037205648 
544 74 5 19 0.03698455 
544 88 5 17 0.036943287 
514 86 7 21 0.036765028 
372 585 8 23 0.036603637 
505 86 6 19 0.036574494 
221 251 7 25 0.03650319 
498 191 16 24 0.03645459 
469 667 5 15 0.036400292 
249 227 5 22 0.036381427 
324 104 8 31 0.036326546 
362 117 7 29 0.036306962 
427 84 6 24 0.036222905 
809 262 7 28 0.03619428 
323 154 8 36 0.036077186 
434 152 18 35 0.035872668 
258 146 7 27 0.03580283 
433 187 15 25 0.035799965 
374 596 7 23 0.035778247 
479 86 7 22 0.03574363 
594 271 5 11 0.035671193 
235 148 5 25 0.035481207 
849 701 7 19 0.035397686 
546 224 15 29 0.0352648 
996 62 13 21 0.035254266 
485 491 9 29 0.03510719 
261 160 6 23 0.034821812 
246 298 11 28 0.034769557 
531 75 5 17 0.034642823 
237 174 5 25 0.034459252 
777 145 17 27 0.03418221 
222 236 6 28 0.034115065 
586 207 14 33 0.034101695 
768 268 12 43 0.033949204 
1014 649 8 16 0.033933554 
439 70 7 24 0.033921428 
848 198 9 30 0.03392113 
530 88 6 17 0.033816777 
236 407 8 19 0.033730175 
999 9 10 24 0.033625398 
232 422 10 19 0.033610802 
263 176 5 20 0.033527024 
674 689 16 21 0.0334362 
592 3 8 29 0.033410344 
349 158 7 25 0.033296403 
231 308 9 32 0.033266317 
574 165 18 40 0.03323006 
557 48 5 18 0.033174384 
759 260 8 28 0.033089805 
338 186 6 22 0.033062644 
339 229 5 17 0.03304122 
694 226 7 23 0.032866098 
229 433 15 21 0.032834567 
235 250 7 23 0.03279422 
680 140 9 33 0.032767437 
544 61 5 20 0.032669682 
834 208 9 29 0.03263188 
605 282 6 19 0.032599863 
506 76 6 17 0.032342087 
256 418 9 21 0.032327924 
414 111 6 21 0.032268614 
754 156 162 265 0.032245606 
477 97 8 26 0.032111127 
595 261 4 9 0.032085065 
480 76 5 19 0.032072548 
465 530 9 28 0.032068256 
947 623 10 17 0.03196433 
767 147 15 23 0.03172872 
415 98 6 22 0.031716723 
256 433 10 19 0.031695887 
515 61 6 20 0.031675987 
946 650 14 26 0.031626154 
810 237 7 26 0.031523596 
808 706 8 14 0.0315169 
683 226 7 22 0.031485688 
490 673 7 27 0.031266388 
272 159 9 29 0.031230938 
249 215 5 20 0.03112608 
107 418 6 23 0.031101746 
1013 110 10 23 0.031074913 
370 572 9 20 0.030988658 
678 157 9 26 0.030986153 
535 199 14 25 0.030721545 
1015 136 9 19 0.030637443 
531 224 21 35 0.030615188 
252 176 4 19 0.0305243 
472 527 10 27 0.030472822 
871 201 8 25 0.030455563 
720 22 7 22 0.030171387 
554 76 6 16 0.030142156 
236 160 6 25 0.030132245 
596 292 6 18 0.030127987 
258 366 8 22 0.030122261 
527 200 11 22 0.030029908 
812 714 7 15 0.029940203 
994 80 16 35 0.029883457 
466 62 8 23 0.029810458 
718 201 8 20 0.02979172 
704 302 179 193 0.029770738 
361 89 5 15 0.02968335 
427 112 6 20 0.029675107 
458 137 12 29 0.02956586 
252 135 5 21 0.029495614 
832 724 8 20 0.029467693 
516 138 7 18 0.029464453 
541 602 6 15 0.029462919 
402 133 7 24 0.029433863 
781 139 12 18 0.029400688 
839 292 5 25 0.029382074 
1011 568 13 26 0.029374266 
770 249 9 29 0.029249057 
234 321 9 31 0.029200062 
732 173 9 23 0.029182 
449 99 87 119 0.029131431 
557 35 5 20 0.029111465 
515 96 7 23 0.02906797 
507 60 5 19 0.029063476 
583 507 5 20 0.029045593 
249 240 5 19 0.029029198 
494 62 5 18 0.028952122 
529 113 6 16 0.02891838 
583 482 6 22 0.028915474 
676 73 10 25 0.028868547 
529 99 7 18 0.028865954 
557 485 5 19 0.028726809 
507 49 6 21 0.028684638 
437 98 7 22 0.028632842 
810 223 7 26 0.028531423 
494 77 5 17 0.02852886 
821 208 10 29 0.028439991 
338 203 6 19 0.02839563 
235 368 7 21 0.028343188 
133 356 6 21 0.028230991 
412 125 7 20 0.028209375 
501 135 9 25 0.02820474 
554 89 6 16 0.028174018 
795 283 11 37 0.028059393 
735 166 7 15 0.028046891 
678 119 14 38 0.02803519 
244 337 9 28 0.027994052 
516 110 7 21 0.02796303 
257 135 7 23 0.027944786 
8 29 14 37 0.027933268 
256 304 11 22 0.027922284 
263 188 6 19 0.027875688 
833 705 7 16 0.027803844 
247 365 8 24 0.02778124 
442 183 18 31 0.027763028 
465 436 11 27 0.027746469 
531 61 6 19 0.027718706 
298 711 4 7 0.027676921 
236 397 6 16 0.027670138 
521 209 17 35 0.027651358 
583 179 16 34 0.027641362 
438 84 7 22 0.027634853 
847 314 6 24 0.027619392 
998 53 11 18 0.027583186 
937 37 9 18 0.027582927 
222 208 7 32 0.027547663 
720 35 7 20 0.027538495 
135 330 5 21 0.027476411 
670 52 8 14 0.027463393 
256 403 9 25 0.027404169 
973 497 13 20 0.027358612 
555 62 6 17 0.027356556 
225 284 5 14 0.027313678 
503 94 8 25 0.027293807 
721 62 6 19 0.027111948 
857 697 10 26 0.027058939 
427 70 7 24 0.027056748 
488 189 13 21 0.027008113 
721 46 6 20 0.026999578 
1006 618 6 11 0.026972797 
244 323 9 27 0.026971169 
1013 17 13 29 0.026932279 
583 494 6 21 0.026866948 
346 307 11 17 0.026812758 
544 47 6 21 0.026789898 
337 242 6 17 0.026766798 
360 144 9 30 0.02673901 
774 39 6 15 0.026709264 
1012 93 11 28 0.026708044 
245 352 9 27 0.02669812 
564 269 7 16 0.026691841 
420 207 19 35 0.026574358 
492 87 6 19 0.026548307 
297 327 9 24 0.026505545 
579 247 6 13 0.026487634 
721 190 7 17 0.02642639 
815 726 8 19 0.02636211 
528 138 6 17 0.026237192 
670 62 8 17 0.026232855 
722 685 19 28 0.02618909 
516 151 7 18 0.026174283 
898 381 9 20 0.026087688 
427 195 24 37 0.026067028 
412 138 7 19 0.02606576 
543 100 6 17 0.026058687 
902 327 168 224 0.026036013 
758 139 8 14 0.026016293 
516 124 7 19 0.026014531 
251 190 4 17 0.025975572 
-1 -130 85 116 0.025958093 
734 23 6 19 0.025949052 
667 73 10 23 0.02594504 
707 23 8 20 0.025920346 
375 613 6 18 0.025893163 
334 648 8 27 0.025889127 
796 693 8 12 0.025856007 
402 109 7 24 0.025832217 
706 225 7 24 0.025818087 
270 183 9 28 0.025791714 
721 73 6 19 0.025768159 
784 131 8 12 0.025748283 
760 132 6 13 0.025740093 
730 185 10 25 0.025704587 
862 670 5 13 0.025597341 
350 589 10 32 0.025483342 
249 203 5 19 0.025475128 
939 625 8 15 0.025382655 
585 270 5 12 0.0253231 
360 605 9 28 0.025308907 
538 194 10 16 0.025193177 
1015 -1 9 17 0.02519186 
888 510 99 104 0.025164165 
692 21 9 21 0.025150055 
349 173 7 22 0.02514685 
221 393 8 21 0.025097534 
649 48 73 115 0.02508418 
387 601 7 17 0.025049629 
98 421 5 19 0.025044726 
443 370 81 112 0.025022786 
840 694 5 12 0.025018124 
466 75 7 22 0.025008876 
501 149 8 20 0.025007455 
326 198 6 25 0.024939353 
1014 75 10 20 0.024909614 
738 50 4 15 0.024897259 
327 212 6 22 0.02488881 
747 23 6 18 0.024872072 
267 333 13 35 0.024830632 
504 169 77 108 0.024770293 
974 344 9 22 0.02474943 
1016 660 10 20 0.024727482 
568 257 7 14 0.0247115 
598 234 147 209 0.0246725 
232 282 7 18 0.024641978 
439 141 11 21 0.024601277 
118 417 8 26 0.024569169 
259 337 10 28 0.02455082 
865 437 17 23 0.024547454 
121 384 5 16 0.024534946 
491 97 7 22 0.024527185 
323 650 7 22 0.024509408 
336 638 8 24 0.024501871 
419 380 57 90 0.024495432 
569 244 7 15 0.024462063 
594 246 6 14 0.02437096 
549 196 16 29 0.024315575 
591 596 10 26 0.024314588 
451 638 7 15 0.024244346 
1000 0 9 15 0.02419671 
282 323 13 29 0.024182308 
493 50 6 21 0.024181336 
543 114 6 16 0.024174258 
1000 239 8 21 0.024046913 
109 385 5 16 0.024024444 
460 184 13 26 0.024024343 
292 367 101 127 0.024023239 
529 125 6 18 0.02401899 
681 213 7 24 0.024005294 
757 458 138 114 0.023958322 
358 548 10 20 0.023943817 
451 650 6 16 0.023900453 
565 135 11 26 0.023899188 
736 38 5 16 0.023888234 
870 224 9 23 0.023812719 
309 141 10 38 0.02374497 
742 173 10 23 0.023733271 
822 262 8 29 0.023719134 
899 202 7 19 0.02367186 
556 103 5 15 0.023669144 
678 62 8 18 0.023656705 
494 199 34 70 0.023655823 
555 496 6 20 0.02361298 
677 174 9 24 0.023610733 
721 87 6 18 0.023584204 
586 535 274 168 0.02355112 
889 203 6 18 0.023541175 
480 62 6 21 0.023538122 
795 220 9 31 0.02351612 
838 277 6 26 0.023500266 
808 195 10 28 0.023478426 
809 -143 241 130 0.023452984 
568 49 5 17 0.023421865 
223 424 8 15 0.02340326 
285 316 9 17 0.023327181 
608 246 5 14 0.023317141 
221 370 7 21 0.023281062 
990 278 7 20 0.023243934 
307 340 10 27 0.023213288 
717 210 9 25 0.023209168 
899 184 9 23 0.023170283 
488 134 10 27 0.02312079 
297 319 7 15 0.023092201 
372 563 8 17 0.023056474 
684 240 6 19 0.023051322 
302 443 44 69 0.02303669 
946 635 12 20 0.023000693 
991 293 6 16 0.023000225 
327 228 5 18 0.022997927 
568 78 6 15 0.022996679 
986 9 11 23 0.022967326 
709 33 7 21 0.022953767 
452 665 6 18 0.022925083 
628 280 7 20 0.022844259 
254 444 13 22 0.022843739 
774 131 6 12 0.022773454 
869 257 10 31 0.022745373 
779 282 12 38 0.022736546 
830 182 12 30 0.022731561 
134 343 5 20 0.02272605 
472 547 10 25 0.022717662 
386 119 8 27 0.022717042 
122 371 5 18 0.022706993 
375 109 7 25 0.022674954 
556 472 6 20 0.022663036 
772 52 6 13 0.022564426 
678 50 8 16 0.022558995 
465 501 11 36 0.022524048 
746 90 6 14 0.022512197 
873 509 11 16 0.022494182 
784 23 7 19 0.022454247 
465 98 7 22 0.022437138 
542 587 8 18 0.022433598 
744 163 9 18 0.02242326 
621 246 5 13 0.022414101 
439 114 6 19 0.02239085 
1015 599 8 18 0.02237897 
562 204 18 29 0.022337113 
257 378 9 22 0.022323668 
707 214 8 21 0.02229139 
220 381 7 20 0.022284491 
861 305 6 20 0.022282682 
619 280 9 23 0.022274522 
210 339 7 25 0.022263452 
641 50 9 15 0.022262063 
530 48 6 22 0.022244103 
475 162 10 22 0.022217873 
881 738 13 24 0.022206165 
947 86 11 22 0.022178566 
527 150 7 18 0.022149092 
557 22 6 21 0.022146072 
325 182 7 29 0.022140414 
210 668 8 12 0.022124376 
705 237 10 28 0.022121707 
732 198 9 23 0.022120558 
974 279 7 20 0.02209717 
246 379 9 23 0.022079526 
96 432 5 20 0.022069171 
784 38 7 15 0.022056647 
121 355 5 21 0.0220525 
464 86 7 21 0.022026084 
388 588 7 17 0.022013286 
594 316 6 17 0.02198752 
590 84 12 28 0.021986136 
977 227 7 16 0.02198104 
555 524 6 16 0.02197844 
759 23 7 18 0.021934174 
209 327 7 26 0.021933084 
737 62 4 16 0.021929584 
736 87 6 18 0.021916587 
541 551 6 15 0.021914609 
592 434 6 17 0.021902 
387 132 8 27 0.021885043 
695 239 6 20 0.021881549 
748 38 5 15 0.021860652 
985 344 13 27 0.02185581 
210 304 6 20 0.02183532 
486 179 12 17 0.021816147 
759 675 12 20 0.021789895 
360 93 150 192 0.021773614 
279 594 13 31 0.021764506 
976 291 6 17 0.02169891 
401 602 7 14 0.021629676 
368 294 14 21 0.021621693 
555 510 6 18 0.02161449 
808 287 8 31 0.021611452 
744 186 9 23 0.021581246 
543 126 6 16 0.021578455 
762 40 6 13 0.021575926 
888 73 69 100 0.021521017 
439 762 8 28 0.021499323 
842 497 17 26 0.021446753 
488 108 8 27 0.021432769 
749 140 7 13 0.021430138 
627 48 11 18 0.021396497 
443 359 14 32 0.02139512 
349 558 11 21 0.02139477 
309 330 8 19 0.021380452 
583 458 5 18 0.021372726 
568 90 7 15 0.021368999 
486 518 7 23 0.0213651 
416 85 6 24 0.02134446 
400 146 8 24 0.02130392 
263 203 5 17 0.021292632 
736 97 6 20 0.021257276 
208 392 8 22 0.021228218 
949 38 7 16 0.021223893 
935 85 10 22 0.021198345 
880 434 10 13 0.021162858 
333 342 12 22 0.021152465 
660 296 5 13 0.021146907 
452 60 7 26 0.0211425 
474 131 12 31 0.02111909 
721 100 6 17 0.021033654 
837 264 7 25 0.021027932 
521 602 304 208 0.020998811 
568 63 6 16 0.020995239 
474 175 11 20 0.020987784 
543 613 6 15 0.02098696 
258 315 7 16 0.020954633 
428 127 7 17 0.02094495 
720 8 7 21 0.020934684 
952 519 19 27 0.020934675 
337 624 7 22 0.020929558 
309 621 9 25 0.020891668 
756 285 9 30 0.020837476 
811 23 6 18 0.020800594 
347 546 11 20 0.020775534 
1000 34 11 22 0.020772515 
654 64 9 16 0.020770304 
95 442 6 24 0.020766014 
209 379 7 19 0.020700607 
223 131 7 32 0.02069972 
939 618 7 12 0.020695092 
990 265 7 21 0.020692734 
601 212 10 26 0.020679776 
770 141 10 16 0.02065328 
218 507 999 502 0.020652272 
476 331 90 129 0.020648155 
574 221 13 26 0.020641584 
583 472 5 18 0.020631615 
798 23 7 18 0.020615073 
348 282 9 18 0.020605793 
606 228 7 20 0.020594567 
335 329 10 19 0.02057878 
133 316 6 19 0.02056676 
542 137 7 18 0.020565717 
961 495 15 25 0.020552007 
567 36 6 18 0.020546004 
755 198 11 28 0.02053785 
210 313 7 25 0.020532938 
762 87 6 16 0.020531444 
437 651 7 14 0.020524258 
959 485 14 19 0.020506233 
925 153 8 17 0.020495126 
428 152 10 22 0.020463785 
373 130 8 29 0.020446075 
513 163 9 18 0.020436456 
750 131 5 14 0.020405522 
454 628 7 13 0.020402279 
569 433 5 20 0.020397883 
325 318 8 15 0.020356368 
594 -2 8 19 0.020346578 
556 114 6 15 0.020337567 
627 25 11 17 0.02033213 
995 492 17 24 0.020319253 
927 138 7 16 0.020308116 
771 86 6 17 0.020292306 
1017 150 9 19 0.020277847 
376 100 6 18 0.020273123 
569 485 4 18 0.02026506 
710 88 6 16 0.020251425 
948 48 8 18 0.020207597 
853 671 4 11 0.020204723 
562 221 14 27 0.020190867 
94 455 7 27 0.020188397 
591 506 6 21 0.020187985 
487 165 9 19 0.020187082 
986 159 9 22 0.020184334 
791 137 14 21 0.020154292 
871 236 9 27 0.020129526 
669 371 6 17 0.02012868 
503 122 8 24 0.020122623 
362 294 9 17 0.020121504 
260 329 8 20 0.020095231 
582 448 6 16 0.02009307 
282 156 11 34 0.020082 
720 -2 7 17 0.020073393 
922 172 12 25 0.020054426 
746 97 6 21 0.020054022 
248 254 6 17 0.020046184 
388 614 6 15 0.020019773 
332 542 14 25 0.019995987 
809 9 7 19 0.01998601 
782 208 11 30 0.01998572 
593 329 7 17 0.019984288 
282 306 9 16 0.01998235 
710 47 6 19 0.019953227 
733 9 7 20 0.019935984 
209 674 11 20 0.019923847 
838 504 11 21 0.019922879 
271 198 8 23 0.019920925 
920 34 13 23 0.019903047 
501 165 10 18 0.01989002 
556 421 6 18 0.019878265 
389 100 6 18 0.019873928 
497 204 17 35 0.01983755 
1013 550 11 18 0.019819327 
544 34 6 23 0.019818405 
338 317 8 16 0.019815015 
499 178 12 19 0.019806184 
711 101 5 16 0.019751387 
722 180 7 15 0.019735478 
570 511 5 18 0.01972193 
669 162 9 23 0.019715995 
928 127 6 16 0.019700423 
483 38 78 129 0.019699123 
810 694 6 11 0.019683715 
709 203 7 18 0.019634029 
660 373 6 14 0.019620629 
222 145 7 31 0.019614976 
583 613 6 17 0.019610167 
568 521 7 19 0.019573305 
1004 138 6 14 0.019567788 
482 395 13 26 0.019559814 
987 -1 10 17 0.019534422 
760 151 10 17 0.019532032 
949 382 8 15 0.019464653 
473 187 12 22 0.019451708 
97 408 5 17 0.019440094 
476 478 11 33 0.019438611 
770 295 11 35 0.019426633 
626 35 12 18 0.019419132 
1016 -12 8 15 0.019414473 
820 181 12 31 0.01939402 
324 641 6 18 0.019381294 
647 296 5 13 0.01936104 
641 62 11 19 0.019359121 
748 155 6 13 0.01935026 
723 141 5 13 0.01931823 
822 435 10 18 0.019277042 
66 516 172 181 0.01927387 
760 97 7 23 0.019273343 
222 408 7 18 0.019263336 
450 96 9 25 0.019261336 
764 53 5 12 0.019258944 
886 186 8 21 0.019257823 
428 140 7 18 0.019246753 
564 280 7 18 0.019227225 
872 274 9 25 0.019211758 
291 698 4 8 0.019176062 
899 371 7 14 0.019174399 
228 463 59 125 0.019168478 
847 10 11 17 0.019162944 
427 176 11 20 0.019153172 
135 371 4 17 0.01914908 
655 52 9 14 0.019123096 
556 431 6 21 0.019079052 
326 309 7 11 0.019078897 
937 649 11 23 0.019074962 
295 579 11 30 0.019067062 
424 190 13 21 0.01906704 
567 125 8 20 0.019064272 
270 628 10 30 0.019057294 
273 213 7 21 0.019049287 
757 188 9 21 0.019018587 
735 141 6 13 0.01900208 
747 291 8 22 0.018982226 
825 696 6 12 0.018976847 
592 446 7 21 0.01896574 
469 674 6 24 0.018944591 
989 228 6 17 0.018937266 
462 451 11 23 0.018909147 
678 90 12 33 0.01890429 
692 124 8 25 0.01888156 
747 51 5 14 0.018870171 
690 291 11 16 0.018850947 
620 404 7 20 0.018849755 
837 518 7 19 0.018845558 
605 345 7 18 0.018816687 
709 192 7 15 0.018805394 
83 385 5 15 0.018793883 
711 75 5 17 0.018790942 
770 238 9 24 0.01877272 
602 6 9 26 0.018761545 
337 268 8 20 0.018736614 
990 241 7 17 0.018722665 
933 388 14 30 0.018708682 
108 407 6 20 0.018684613 
388 572 9 19 0.018661538 
745 199 10 25 0.018651932 
987 39 10 18 0.018638428 
310 720 335 282 0.01862177 
938 668 10 28 0.01860734 
1016 161 11 23 0.018565372 
569 497 5 17 0.018563742 
593 586 8 17 0.018548481 
222 184 8 33 0.018539377 
722 155 5 12 0.018501682 
451 82 9 26 0.018481808 
910 306 11 16 0.018477913 
823 539 5 13 0.018474884 
554 138 8 19 0.01846591 
950 63 7 16 0.018443514 
110 371 5 18 0.018421162 
785 417 107 94 0.018414102 
564 158 15 32 0.018410733 
1000 229 7 18 0.01840695 
606 355 7 19 0.018386638 
345 327 12 20 0.01838224 
583 434 6 17 0.018379517 
555 128 6 15 0.018373584 
466 650 6 16 0.018371789 
746 9 7 19 0.018338263 
578 342 7 18 0.018335812 
594 301 7 19 0.018330272 
825 524 5 15 0.018328043 
582 34 6 20 0.018325135 
79 776 9 19 0.01832122 
110 395 4 17 0.018315196 
412 150 8 21 0.018315118 
146 332 6 18 0.018304767 
568 446 6 20 0.018179623 
422 582 10 19 0.018161489 
710 114 6 15 0.018160388 
568 103 6 15 0.01813303 
568 473 5 18 0.018132329 
690 145 9 27 0.018130492 
319 606 10 27 0.018115219 
-31 718 277 262 0.018059433 
1016 249 9 27 0.018059056 
465 113 7 20 0.018048614 
687 259 4 13 0.018043883 
666 186 10 23 0.018041823 
694 88 6 19 0.01804136 
634 306 4 15 0.018031053 
297 644 10 29 0.018023152 
722 115 6 15 0.018016664 
796 195 10 30 0.018010363 
197 316 6 21 0.018000683 
540 564 8 13 0.017990721 
902 460 110 108 0.017974675 
544 525 5 16 0.017974464 
408 201 14 19 0.017954301 
440 130 7 17 0.017951803 
731 757 13 37 0.017941272 
198 305 6 19 0.017920868 
607 260 5 10 0.017912462 
582 89 7 19 0.017865224 
257 647 8 22 0.017858151 
322 341 12 25 0.017853461 
346 291 11 19 0.017845111 
924 164 9 18 0.01784043 
420 569 13 24 0.017832512 
327 244 5 15 0.017810537 
772 23 8 19 0.017809028 
640 38 10 14 0.017807743 
294 602 12 32 0.017807541 
669 146 11 28 0.01780609 
1000 262 7 25 0.017803548 
297 619 10 28 0.01779713 
541 149 8 19 0.01779341 
620 370 6 16 0.017785706 
842 684 4 11 0.017782705 
927 652 8 19 0.017775077 
306 575 13 35 0.017717691 
298 431 169 227 0.017709613 
457 206 18 34 0.017707918 
323 627 6 19 0.017702337 
576 145 14 31 0.017699966 
958 648 14 24 0.017698443 
735 113 6 17 0.017696153 
529 565 6 12 0.017687917 
300 722 4 7 0.017676543 
936 61 8 20 0.01767421 
529 34 7 24 0.017658677 
937 383 10 18 0.017651986 
350 190 7 18 0.017642962 
710 62 6 18 0.01764221 
259 633 7 23 0.017621923 
582 283 5 13 0.017596243 
660 309 4 12 0.017574824 
886 353 9 20 0.017570347 
504 33 9 27 0.017568002 
400 587 8 15 0.01755376 
787 101 6 17 0.017537083 
144 404 8 23 0.017505579 
362 304 11 17 0.017490257 
787 76 5 13 0.01748952 
82 457 5 20 0.017489094 
686 293 7 14 0.017478365 
324 329 9 19 0.017475162 
280 614 12 33 0.017473387 
824 25 6 18 0.017466372 
786 86 6 18 0.017450595 
590 497 6 19 0.017434487 
733 307 5 13 0.017429577 
963 380 8 16 0.017419681 
310 320 8 14 0.017413564 
937 126 7 17 0.017408554 
1001 -12 7 14 0.017403375 
580 518 7 22 0.0174023 
512 179 11 18 0.017384963 
582 99 8 20 0.017381584 
768 196 11 29 0.017381357 
799 55 5 11 0.017378205 
565 180 17 33 0.017371235 
984 503 18 29 0.017343007 
316 538 16 31 0.017325066 
248 282 7 17 0.017315734 
581 20 7 23 0.01730617 
935 24 9 17 0.017302496 
551 600 7 16 0.017301043 
311 635 8 22 0.01729965 
314 721 5 8 0.01729272 
197 329 6 22 0.017283095 
937 635 9 19 0.017254287 
568 305 6 15 0.01724415 
308 603 11 31 0.017235467 
837 11 7 17 0.017234148 
924 112 7 17 0.017233068 
371 531 13 26 0.017224122 
849 187 10 24 0.01722272 
361 284 7 13 0.017220303 
1004 124 8 20 0.01721815 
936 76 8 19 0.017207647 
857 547 14 22 0.017195685 
420 223 19 49 0.01717592 
510 216 45 77 0.017174406 
941 188 7 18 0.017173562 
373 625 8 20 0.017168123 
786 117 6 13 0.017166521 
235 382 7 19 0.01712286 
121 394 5 19 0.017113231 
617 358 7 16 0.017107666 
515 35 8 25 0.017083531 
695 50 6 16 0.017079914 
734 129 6 14 0.017056074 
695 63 7 16 0.017033745 
1014 65 10 17 0.017018445 
629 290 7 19 0.01701338 
440 663 5 17 0.016995791 
924 84 10 23 0.016971972 
452 114 7 20 0.016968885 
939 154 6 13 0.016956974 
693 98 7 21 0.016953453 
313 650 7 22 0.016946532 
184 318 6 18 0.016946008 
745 131 90 101 0.016940488 
677 195 11 29 0.016930852 
488 535 7 17 0.016930843 
891 322 6 12 0.01692489 
790 145 17 30 0.016920418 
673 320 5 13 0.016917648 
401 88 7 20 0.016885037 
746 112 7 18 0.016876293 
645 308 5 14 0.016873065 
838 313 7 28 0.016871065 
543 431 7 19 0.016869357 
991 253 6 19 0.016862264 
976 -1 9 16 0.016856218 
579 305 6 15 0.016853444 
451 128 10 19 0.016840981 
949 546 12 18 0.016806798 
771 97 7 21 0.01677531 
937 138 7 16 0.016756319 
97 396 4 16 0.016753145 
603 330 7 18 0.016717874 
923 74 10 21 0.016715335 
976 270 6 15 0.016713563 
594 343 6 17 0.016710227 
253 112 5 18 0.01670881 
911 201 8 20 0.01670024 
349 269 7 20 0.016700046 
997 658 11 21 0.016698174 
949 77 9 18 0.016683396 
354 78 5 13 0.016670544 
961 637 11 20 0.016652761 
963 85 11 26 0.016644783 
357 533 13 25 0.01663116 
1001 278 6 22 0.01660856 
567 22 6 21 0.01660311 
270 447 9 18 0.016581735 
886 340 10 23 0.016578417 
386 542 12 29 0.016573379 
337 253 7 20 0.016570318 
886 328 10 20 0.01655362 
920 22 13 21 0.01654298 
898 357 7 17 0.01654191 
346 343 13 22 0.016539311 
480 49 7 23 0.01653123 
858 188 8 23 0.016508533 
722 166 6 14 0.0165006 
621 398 6 15 0.016499514 
549 585 9 19 0.016469635 
131 415 9 26 0.01646196 
349 240 6 19 0.016452976 
476 393 11 30 0.016437024 
258 126 7 17 0.01643049 
759 162 11 19 0.016418612 
693 32 9 21 0.016413435 
568 353 7 20 0.016404677 
541 575 8 16 0.016400611 
168 637 8 17 0.016388705 
551 534 8 19 0.016384535 
826 511 6 16 0.016380139 
671 212 7 23 0.016365679 
543 420 6 17 0.016361034 
902 424 7 14 0.016340835 
922 60 10 25 0.016340587 
441 202 22 42 0.016330253 
829 442 11 18 0.016323322 
975 8 10 22 0.016320994 
814 55 5 12 0.016286947 
812 40 6 15 0.016277906 
651 73 13 23 0.016270468 
211 294 6 15 0.01625868 
807 137 14 24 0.01625703 
970 -133 45 88 0.016253807 
671 347 6 12 0.016234728 
978 52 10 16 0.016227579 
95 497 5 19 0.016224388 
619 22 9 19 0.016213767 
235 266 7 19 0.016212704 
784 236 9 27 0.016210765 
456 329 156 249 0.016204134 
736 75 5 17 0.016171835 
693 111 7 22 0.016169848 
910 182 11 26 0.016164312 
736 156 6 12 0.016163394 
461 125 9 23 0.016150894 
831 736 9 21 0.016133629 
644 586 8 18 0.016116017 
949 109 10 21 0.016111163 
553 550 8 16 0.016091598 
270 605 12 27 0.01609116 
542 20 7 24 0.016084686 
884 446 10 14 0.016083675 
254 292 11 23 0.01605254 
501 496 6 18 0.01605064 
993 347 19 43 0.016044596 
350 253 6 19 0.016030923 
96 483 5 20 0.016009979 
600 69 14 30 0.015987672 
553 615 6 15 0.015984235 
471 198 14 26 0.015979074 
622 258 5 11 0.015964236 
824 38 7 18 0.015936693 
668 197 10 26 0.015922386 
425 764 8 26 0.01591128 
960 623 11 18 0.0158912 
120 404 7 25 0.015862606 
401 614 7 15 0.015854094 
210 357 7 19 0.015828498 
799 39 6 15 0.015820613 
952 190 7 14 0.01581275 
440 202 46 88 0.015807066 
823 289 7 28 0.015780043 
554 150 8 22 0.015765075 
568 113 6 17 0.015764099 
912 123 9 18 0.015754987 
772 116 6 17 0.01574548 
580 318 6 14 0.015737547 
953 200 7 18 0.01572024 
975 218 7 16 0.015719645 
709 181 6 14 0.015705096 
938 111 8 19 0.015700238 
695 75 6 17 0.015698979 
894 480 15 30 0.015692702 
962 371 8 17 0.015688539 
582 600 7 18 0.01568665 
555 446 6 22 0.015681332 
724 130 5 13 0.015679566 
255 661 9 21 0.015677448 
603 431 9 22 0.015676918 
1016 173 11 26 0.015675047 
867 553 18 31 0.015670111 
450 748 8 24 0.01566423 
94 781 7 15 0.01565536 
895 571 179 194 0.015629932 
621 299 7 22 0.015600269 
289 721 4 8 0.015583654 
97 386 4 15 0.015567167 
298 351 11 29 0.015551193 
207 422 10 16 0.015537797 
460 624 9 17 0.015527211 
908 158 12 25 0.015526393 
886 732 8 14 0.015524849 
807 152 16 35 0.01552484 
771 225 8 23 0.015510048 
861 490 21 27 0.015509312 
1015 702 10 19 0.015508918 
594 354 6 19 0.015506763 
461 467 10 23 0.015506436 
606 272 5 11 0.015494313 
581 8 6 22 0.015492436 
788 65 5 11 0.015487274 
964 74 10 21 0.015470451 
556 315 6 18 0.015459218 
605 420 6 19 0.015448642 
634 344 5 16 0.015442668 
343 534 13 22 0.015419775 
896 319 9 16 0.015398562 
487 441 14 22 0.0153703485 
1013 -96 12 29 0.015341194 
669 40 8 13 0.015338283 
476 377 11 28 0.01533199 
554 291 7 19 0.015292418 
263 216 5 17 0.015281638 
998 -90 14 39 0.015270333 
207 407 8 19 0.01526963 
860 442 13 17 0.0152568435 
811 -2 7 17 0.015239767 
582 50 6 17 0.015231598 
708 10 7 16 0.015229882 
1017 227 9 22 0.015226071 
541 182 7 14 0.0152248675 
271 366 8 21 0.015212649 
299 310 6 10 0.0152098555 
816 151 16 38 0.015209077 
977 256 5 14 0.015199851 
988 218 8 18 0.015194516 
554 566 8 12 0.015192973 
1015 50 11 18 0.015188285 
531 554 5 12 0.015183836 
849 446 9 14 0.015176614 
451 531 9 26 0.015175566 
211 283 5 15 0.015170507 
763 63 5 13 0.015167381 
692 188 9 20 0.015166953 
1018 215 8 21 0.01516518 
554 307 6 16 0.015142444 
1016 -30 8 22 0.015129152 
371 546 10 22 0.015116302 
748 63 5 14 0.015100431 
940 75 67 102 0.015077359 
798 9 7 18 0.015069585 
185 331 5 20 0.015067688 
398 283 11 25 0.015063217 
910 106 12 24 0.015056851 
359 249 92 110 0.01505514 
338 306 8 14 0.015048069 
875 293 6 18 0.015033879 
895 748 12 30 0.015024778 
543 536 7 17 0.0150138885 
134 383 5 17 0.014989289 
655 40 9 12 0.014974281 
283 587 9 20 0.014972268 
1001 218 6 16 0.014971194 
621 383 6 14 0.014964339 
923 96 10 23 0.014951009 
786 53 6 12 0.014944369 
281 180 11 36 0.014944123 
247 678 8 15 0.014943871 
941 180 7 14 0.014937841 
580 354 6 18 0.014921777 
661 334 5 13 0.014917495 
732 318 6 16 0.014886499 
760 111 7 20 0.014884268 
922 46 11 24 0.014872863 
858 536 12 18 0.014852644 
770 186 10 24 0.0148402015 
555 457 6 23 0.014821405 
715 234 12 30 0.01481575 
710 151 6 17 0.014811089 
565 315 7 18 0.014809794 
880 393 98 101 0.014803243 
758 175 9 19 0.014794317 
602 296 8 26 0.014791924 
306 553 13 32 0.014785567 
305 474 84 113 0.0147703225 
900 407 9 19 0.014752563 
274 317 9 15 0.014741408 
815 134 16 32 0.014737393 
997 689 10 18 0.014734068 
869 607 13 30 0.014730954 
394 541 15 33 0.014711718 
449 514 10 30 0.014709224 
544 497 5 20 0.014704685 
669 380 7 17 0.014699766 
591 520 6 21 0.014698517 
838 486 9 18 0.014684401 
831 457 10 18 0.014679048 
758 228 8 19 0.014668912 
346 618 10 27 0.014648155 
294 178 12 41 0.01464812 
977 -13 7 14 0.014647273 
849 535 9 19 0.014624105 
528 577 7 12 0.014623955 
926 669 8 29 0.014600995 
594 369 5 16 0.014596715 
336 607 9 26 0.014556468 
964 408 8 15 0.014554295 
116 429 9 26 0.014552754 
502 675 8 25 0.0145398695 
527 162 8 19 0.014537096 
362 317 9 17 0.014535641 
515 613 6 15 0.014528845 
734 211 8 22 0.014528097 
420 539 15 40 0.014526035 
581 75 8 20 0.014525925 
450 762 9 30 0.014522158 
977 243 5 14 0.014508311 
813 70 9 22 0.014502666 
469 429 16 31 0.014499615 
978 39 8 15 0.014495172 
592 31 8 23 0.014488089 
441 750 7 20 0.014478759 
795 128 11 16 0.014472086 
309 165 10 38 0.014462403 
727 675 15 23 0.014454318 
939 169 7 12 0.014453352 
568 459 6 19 0.014441689 
692 161 8 22 0.014430542 
339 89 5 18 0.014424949 
477 651 7 20 0.014419981 
411 270 12 36 0.014414024 
544 510 5 19 0.014400388 
193 390 10 24 0.0143924365 
961 698 9 21 0.014390619 
437 573 8 19 0.014383586 
956 544 16 22 0.014380423 
415 585 9 17 0.014379788 
799 75 6 16 0.014362633 
758 238 8 22 0.014352349 
906 147 12 24 0.014334699 
745 302 8 19 0.014332645 
338 280 9 19 0.014326873 
499 483 7 19 0.014312334 
708 -1 7 14 0.01430198 
362 79 5 13 0.014296851 
256 748 10 19 0.014295689 
721 503 5 7 0.014289891 
277 711 4 8 0.014272326 
840 670 5 11 0.014268972 
901 229 8 16 0.014262802 
312 228 6 19 0.014257373 
272 304 11 19 0.014254766 
671 335 5 13 0.014242476 
683 307 6 12 0.014238153 
410 194 11 16 0.0142348595 
661 283 4 14 0.01423451 
1002 151 6 16 0.014227247 
581 297 5 13 0.014226111 
592 62 9 21 0.014209737 
602 313 8 22 0.01419607 
963 214 8 19 0.014192594 
659 320 5 13 0.014187697 
884 372 11 32 0.014180457 
748 279 7 22 0.014169701 
837 536 7 15 0.014166799 
960 614 10 17 0.014165168 
639 25 12 16 0.0141641935 
991 144 6 12 0.0141620375 
895 323 13 28 0.014161572 
671 359 5 13 0.0141512435 
389 292 8 15 0.014106468 
462 480 10 26 0.014085244 
680 38 8 15 0.014074804 
786 7 95 117 0.014065864 
835 23 9 21 0.014049459 
949 24 9 16 0.014049326 
209 159 8 29 0.014044731 
644 346 5 14 0.01404378 
660 382 6 14 0.014043331 
374 633 9 26 0.014039804 
552 129 77 99 0.014021547 
692 11 8 17 0.014007854 
329 473 17 31 0.013999085 
974 487 12 16 0.013997663 
814 528 5 12 0.013992807 
729 666 9 13 0.013982653 
270 433 8 19 0.013982007 
873 189 7 21 0.013975514 
591 485 6 18 0.013971625 
990 308 7 16 0.0139706 
863 318 7 21 0.013967114 
284 351 9 25 0.013956091 
872 665 7 15 0.013953185 
645 316 6 16 0.013944246 
797 116 7 15 0.013943765 
910 384 8 14 0.013928768 
847 456 11 19 0.013916028 
858 518 13 21 0.013913163 
673 298 4 10 0.013885361 
896 -69 175 212 0.013880315 
461 634 9 20 0.0138722705 
550 575 10 16 0.013869282 
661 361 5 11 0.013868421 
194 378 9 20 0.013861941 
1016 692 9 17 0.013856349 
437 548 9 24 0.013856193 
277 451 45 90 0.013837844 
674 310 4 11 0.0138281 
963 126 7 17 0.013827865 
555 277 9 22 0.013824692 
1012 537 11 17 0.013810846 
976 22 10 21 0.01380545 
846 515 12 23 0.013801984 
327 300 6 10 0.013799634 
3 11 8 21 0.013797804 
902 221 6 14 0.013797273 
419 517 12 27 0.013786486 
133 395 6 19 0.013786377 
822 412 8 10 0.013784672 
947 599 10 18 0.013783193 
248 268 6 17 0.013782086 
38 -9 10 9 0.013781179 
389 89 6 17 0.0137802055 
1017 199 10 25 0.013779545 
650 583 12 22 0.013771052 
978 307 5 15 0.013766229 
850 721 8 23 0.013765704 
901 433 9 13 0.0137577765 
773 77 5 13 0.013753733 
471 449 14 26 0.013750655 
529 21 7 24 0.013749224 
977 -29 7 19 0.013748655 
893 505 13 23 0.013737138 
181 391 10 23 0.013726807 
316 359 18 36 0.013725669 
969 431 13 22 0.013720636 
808 124 14 22 0.013710127 
857 10 14 17 0.013702181 
772 62 6 13 0.013700092 
675 339 95 132 0.013681124 
285 380 8 19 0.013679251 
541 165 7 17 0.013677533 
825 683 5 12 0.013668679 
300 768 6 13 0.013665959 
851 437 8 11 0.013658024 
532 604 5 13 0.013657324 
375 284 7 12 0.013641801 
732 0 7 15 0.01362639 
834 413 8 11 0.013622732 
246 662 9 20 0.013620425 
853 470 18 30 0.013619092 
295 141 11 35 0.0135934185 
628 60 12 21 0.013592823 
877 311 5 12 0.013592158 
823 10 6 18 0.013588859 
709 140 6 15 0.013581294 
897 167 11 27 0.013568723 
877 333 6 14 0.013564063 
373 161 9 22 0.013550302 
976 331 9 21 0.013546058 
360 329 10 17 0.013524042 
763 76 5 14 0.013512457 
999 -48 11 31 0.013511884 
595 68 39 77 0.013500461 
872 410 9 15 0.013494061 
949 394 8 19 0.013493578 
455 619 5 11 0.0134764 
544 473 6 19 0.013460018 
484 382 11 21 0.013456021 
617 415 10 28 0.01344116 
683 23 9 17 0.013436514 
498 468 8 19 0.013424553 
601 -3 8 20 0.013412926 
1002 309 6 16 0.01340523 
871 679 7 15 0.013400892 
399 572 12 21 0.013390769 
474 466 12 27 0.013372174 
871 0 12 14 0.013360453 
182 380 8 17 0.01335978 
832 422 9 14 0.013355765 
299 758 6 10 0.013344264 
1017 678 9 18 0.013339029 
156 405 8 21 0.013322929 
555 179 7 17 0.013314081 
993 672 13 25 0.013309797 
694 255 7 18 0.01330939 
950 124 8 18 0.01327453 
311 309 7 11 0.013272913 
962 228 8 18 0.013272727 
395 203 14 14 0.013271514 
986 -34 10 26 0.013269304 
824 496 7 18 0.013268536 
693 177 9 19 0.013266283 
172 331 5 18 0.01325595 
581 587 7 14 0.01325227 
660 349 5 11 0.013245203 
579 566 7 12 0.01322808 
303 512 13 34 0.013222958 
895 0 13 14 0.013222386 
317 576 13 32 0.0132207945 
832 746 11 24 0.01321866 
883 0 14 14 0.0131927235 
284 642 10 28 0.013186412 
486 207 15 29 0.013176661 
617 10 9 20 0.013167252 
918 556 17 25 0.013167035 
870 528 52 76 0.01316602 
1017 278 8 23 0.013157245 
532 612 4 13 0.013149122 
106 443 7 25 0.013140117 
988 -16 8 17 0.013139938 
197 343 6 20 0.013135553 
527 181 9 16 0.013134096 
633 330 6 17 0.013126829 
275 230 5 16 0.0131166335 
678 679 14 18 0.013115445 
530 524 5 15 0.013115154 
518 566 6 12 0.013108841 
143 418 9 23 0.013103746 
296 515 12 31 0.013093293 
2 370 9 22 0.013083015 
902 310 8 13 0.013081506 
185 448 203 280 0.013077886 
977 323 6 15 0.013056314 
831 285 86 128 0.013055017 
986 331 10 23 0.0130518405 
980 155 6 14 0.013045907 
347 218 7 16 0.013044214 
847 174 12 24 0.01303001 
347 230 7 17 0.013020496 
568 565 8 11 0.01300622 
709 165 6 15 0.013003538 
270 416 9 23 0.012983054 
358 343 12 20 0.012980494 
526 416 8 18 0.012968092 
284 209 9 29 0.012959586 
413 614 8 14 0.012955622 
810 83 10 24 0.012949369 
995 638 9 18 0.01293722 
412 567 14 28 0.012914072 
890 217 6 16 0.012910122 
555 324 7 20 0.012906008 
440 641 6 12 0.012889441 
555 163 9 21 0.012883102 
690 50 69 108 0.012846272 
860 2 10 13 0.012841086 
313 468 23 38 0.012837738 
909 137 10 19 0.012823244 
692 200 9 22 0.0128191635 
784 8 8 20 0.012818571 
543 485 5 19 0.012817293 
515 21 8 25 0.012801482 
1011 524 11 16 0.012798475 
221 433 13 18 0.012782972 
603 594 11 27 0.012782141 
107 783 6 13 0.012782141 
439 518 9 26 0.012766734 
974 638 10 17 0.012764391 
314 710 5 8 0.012752578 
440 535 8 24 0.012745477 
503 21 8 27 0.012744552 
910 392 9 18 0.01274286 
183 623 8 16 0.0127266925 
645 331 5 15 0.01271793 
989 322 7 16 0.012717619 
95 771 5 12 0.012716518 
544 447 5 20 0.0127144875 
617 347 7 16 0.012713081 
810 496 7 16 0.012702941 
338 294 8 16 0.012696161 
267 456 13 25 0.012695844 
770 6 10 22 0.01268559 
799 64 5 11 0.012678571 
809 113 11 21 0.012675514 
147 394 7 18 0.012668457 
570 617 5 14 0.012642817 
964 64 9 17 0.012638034 
975 72 16 30 0.012617439 
633 357 5 15 0.012610318 
1002 294 5 18 0.012608804 
362 619 9 25 0.012599356 
486 424 14 27 0.012597316 
464 617 6 12 0.012589442 
927 640 7 13 0.012583373 
569 601 6 15 0.012571294 
647 281 5 16 0.012569654 
709 127 6 16 0.012561695 
491 22 7 25 0.012556516 
399 161 10 24 0.012553104 
964 142 7 14 0.012545383 
908 480 11 25 0.012544613 
746 0 7 14 0.012543161 
295 386 14 31 0.012531544 
435 35 82 136 0.012521811 
1000 162 7 19 0.012520131 
632 316 6 17 0.012512775 
516 604 5 14 0.012511491 
874 354 8 20 0.012505424 
285 754 7 11 0.012502387 
964 397 7 15 0.012494472 
822 484 7 17 0.012485261 
942 217 6 18 0.012485237 
951 213 7 20 0.012480569 
965 422 8 16 0.012474231 
748 77 5 14 0.012471975 
568 295 6 15 0.012471288 
987 682 12 21 0.01246098 
1001 333 9 21 0.012452603 
818 320 44 83 0.012441185 
1004 601 6 14 0.01243675 
83 397 4 16 0.0124229435 
759 8 8 20 0.012419679 
960 474 12 15 0.012413178 
309 115 11 32 0.012412382 
996 533 14 19 0.012392454 
271 378 8 21 0.012390972 
434 353 15 31 0.012385599 
311 211 7 25 0.012383131 
9 49 15 33 0.012374469 
923 373 13 15 0.012367269 
694 -2 8 15 0.012364596 
486 463 13 28 0.012363565 
862 427 11 12 0.012348226 
514 671 11 31 0.012342528 
833 34 11 24 0.0123409815 
169 622 8 19 0.012339541 
979 62 12 20 0.012339495 
270 403 9 24 0.012336787 
285 367 8 19 0.012334707 
471 381 36 68 0.012329253 
579 107 10 26 0.012322375 
504 538 6 13 0.012319763 
273 766 8 17 0.012318637 
383 305 12 19 0.012318242 
797 84 8 22 0.012309498 
960 204 7 14 0.01230329 
192 419 13 18 0.0122983465 
910 316 12 17 0.0122969635 
796 98 8 19 0.012294109 
530 361 89 135 0.012278635 
543 395 6 19 0.01227711 
318 362 49 79 0.012269507 
579 329 7 16 0.012258832 
377 213 20 18 0.012241714 
719 677 14 22 0.012237115 
996 715 13 20 0.012227924 
517 525 5 14 0.01222733 
991 648 8 16 0.012223634 
960 8 11 22 0.012220526 
272 661 7 20 0.012214656 
979 163 7 18 0.012192065 
294 204 11 37 0.012189608 
311 300 6 12 0.012188082 
183 638 8 14 0.01218439 
966 280 6 17 0.012139111 
438 583 7 19 0.012138746 
674 227 5 20 0.012128896 
246 648 9 21 0.012115552 
523 407 10 19 0.012115066 
797 683 7 11 0.012114369 
1002 572 8 18 0.012105773 
718 758 12 33 0.012084852 
577 121 11 27 0.012081237 
517 538 5 13 0.012072373 
412 236 35 95 0.012072078 
518 553 5 12 0.012068366 
962 21 9 19 0.012065244 
537 674 13 29 0.012014537 
781 183 12 28 0.012013282 
687 270 5 12 0.012007159 
856 601 16 37 0.0120011745 
565 7 7 22 0.011999163 
911 374 9 12 0.011984592 
964 243 6 14 0.011982729 
979 144 6 13 0.011978796 
300 779 6 17 0.011973526 
324 676 7 19 0.011967249 
876 308 83 112 0.011957797 
933 483 13 23 0.011954259 
710 555 115 99 0.011953629 
409 329 17 23 0.011952666 
949 483 13 21 0.01194282 
145 315 7 19 0.011932685 
208 182 8 33 0.011923086 
732 328 6 17 0.011923052 
817 744 13 26 0.011914545 
378 332 63 83 0.01190463 
646 374 5 12 0.011897441 
5 354 8 24 0.011890897 
906 543 18 28 0.01187833 
464 554 12 31 0.011877748 
847 472 11 18 0.011876471 
606 366 7 19 0.011872561 
895 522 12 19 0.011871673 
344 633 11 30 0.011866191 
815 63 7 15 0.0118623 
532 402 174 193 0.011859489 
973 177 8 19 0.011849362 
621 314 6 19 0.01180632 
582 63 7 17 0.011785838 
921 613 12 18 0.01178415 
593 51 7 17 0.0117834555 
568 422 6 20 0.011774973 
962 188 8 15 0.011771827 
489 600 7 20 0.011770043 
530 474 6 16 0.011761682 
192 405 11 21 0.011759088 
121 343 6 22 0.01175553 
412 162 9 22 0.011750846 
411 517 12 23 0.011737839 
287 779 6 17 0.011731844 
844 18 15 27 0.011714663 
567 552 8 14 0.011692739 
450 465 10 20 0.011690678 
376 89 6 16 0.011688612 
891 313 6 11 0.0116875265 
617 48 11 19 0.011687312 
847 202 154 219 0.011682126 
157 395 6 17 0.0116714565 
810 684 6 11 0.011659533 
770 170 12 23 0.011654159 
1012 -77 13 39 0.011653219 
80 769 8 16 0.011652257 
569 369 5 16 0.011638714 
885 635 10 19 0.0116372155 
779 167 15 29 0.011635072 
95 509 5 20 0.011635007 
847 328 8 25 0.011634775 
622 271 6 13 0.011632672 
4 -72 32 70 0.011628273 
272 135 9 23 0.01162285 
962 106 10 24 0.011606105 
822 -1 7 15 0.011579999 
809 485 7 17 0.011578541 
747 224 8 20 0.011576524 
683 11 9 16 0.011574303 
369 312 14 21 0.01156718 
873 519 12 17 0.011560828 
849 547 11 21 0.011560656 
158 633 9 21 0.0115556 
948 588 9 16 0.0115341395 
645 359 5 13 0.011532198 
639 574 10 19 0.011529759 
974 650 11 19 0.011528095 
628 398 7 14 0.011525889 
333 589 12 34 0.011525574 
654 25 10 15 0.011511919 
741 760 11 33 0.011509484 
988 172 10 24 0.011499375 
814 541 4 11 0.011494916 
542 407 7 19 0.0114942165 
886 425 7 11 0.011493328 
941 198 7 22 0.011488042 
911 220 7 15 0.011476406 
273 775 9 22 0.011461913 
920 11 13 17 0.011461215 
822 51 9 19 0.011457953 
994 67 30 68 0.011455014 
343 179 101 117 0.011454582 
921 481 12 25 0.011454258 
798 -2 7 16 0.011450836 
824 424 7 12 0.011448171 
276 752 7 13 0.011447986 
968 540 20 28 0.0114421705 
877 324 6 13 0.011434913 
37 0 13 12 0.0114239445 
586 159 15 32 0.01141157 
350 204 6 16 0.011410709 
923 475 44 73 0.01140151 
642 -4 11 17 0.011395674 
313 246 5 13 0.011389998 
986 662 11 22 0.011389101 
613 69 15 32 0.011375462 
285 767 8 14 0.011349579 
872 622 11 25 0.011348738 
284 571 9 21 0.011342278 
257 621 8 21 0.011336975 
964 309 5 13 0.011335831 
731 298 7 14 0.011335793 
81 470 6 24 0.011335035 
386 625 8 19 0.01133466 
781 310 12 32 0.0113296015 
503 510 6 16 0.01132582 
885 508 13 19 0.011325569 
638 71 15 26 0.011321513 
631 374 5 13 0.011320931 
569 106 41 79 0.011318459 
898 145 13 24 0.011315291 
660 689 9 13 0.011311241 
756 43 79 112 0.011295985 
552 251 12 24 0.011295283 
435 342 13 24 0.0112942485 
579 576 9 13 0.011282083 
792 309 13 36 0.011276679 
667 25 10 15 0.011276148 
989 202 8 18 0.011263041 
356 518 15 26 0.011258533 
908 435 9 13 0.011257138 
424 155 33 56 0.0112521555 
884 624 11 18 0.01124181 
935 602 9 15 0.01123157 
565 325 8 21 0.011222433 
889 409 7 15 0.011212701 
284 390 11 24 0.011208124 
936 374 11 14 0.0111970315 
954 308 6 14 0.011185582 
906 24 17 21 0.011180256 
516 513 6 14 0.011176271 
620 329 6 18 0.011174533 
951 142 7 13 0.011164347 
923 624 9 16 0.0111638885 
849 3 8 12 0.01115093 
876 347 6 15 0.011134098 
413 247 11 30 0.011124116 
299 698 3 9 0.01111602 
893 245 17 31 0.011111389 
495 441 13 22 0.011107303 
283 294 9 18 0.011094122 
544 458 6 21 0.011092186 
947 666 14 27 0.011085995 
691 301 11 16 0.01107357 
882 755 13 34 0.011072734 
842 583 39 89 0.011049524 
975 398 9 14 0.011036608 
3 -1 8 18 0.011035068 
153 615 13 28 0.011032009 
415 599 8 17 0.011031988 
600 201 13 22 0.011027562 
462 375 12 29 0.011018782 
873 538 11 15 0.011012309 
644 384 6 13 0.011002099 
981 50 35 58 0.010996698 
459 352 36 79 0.010989931 
783 74 91 106 0.010967436 
650 595 11 24 0.010965864 
343 517 14 26 0.010961449 
1014 -48 10 32 0.010958512 
953 182 6 12 0.010954059 
872 649 8 16 0.010938756 
505 602 5 16 0.0109353885 
630 384 6 12 0.010930263 
504 526 6 13 0.010928021 
607 563 7 13 0.010927082 
812 512 5 14 0.010923682 
1002 321 7 17 0.010920262 
415 71 7 25 0.010903484 
1000 201 7 19 0.010897274 
521 68 82 120 0.010875628 
363 269 5 16 0.010872836 
385 316 12 18 0.010868736 
471 219 18 35 0.010868561 
528 448 7 17 0.010856449 
964 52 8 15 0.010851822 
924 197 9 23 0.010839032 
592 470 6 18 0.010828546 
974 97 15 35 0.010826207 
692 281 9 17 0.010815601 
81 446 6 18 0.010793809 
592 565 7 13 0.010782594 
531 588 6 14 0.010777681 
615 60 12 22 0.010757787 
984 527 19 28 0.010745112 
909 523 12 18 0.010743663 
950 558 10 18 0.010743601 
288 283 6 14 0.010743299 
690 676 12 17 0.010743034 
486 219 17 39 0.010738024 
917 535 16 22 0.01072216 
999 100 13 32 0.010708548 
387 161 9 22 0.010707291 
427 653 7 14 0.01069347 
14 368 8 22 0.010689007 
975 204 7 16 0.0106874835 
951 375 8 13 0.010686436 
307 357 14 34 0.010685488 
687 285 6 12 0.010683431 
619 35 10 19 0.010682898 
527 672 11 30 0.010682111 
635 124 79 122 0.010681225 
925 217 7 17 0.0106713325 
591 579 7 12 0.010670582 
749 264 7 22 0.010670329 
313 729 6 9 0.010667231 
599 441 13 30 0.010666904 
398 622 11 21 0.010666591 
530 486 6 16 0.010666007 
651 572 13 21 0.010662184 
907 226 9 19 0.010659433 
168 648 8 19 0.0106447395 
574 62 33 72 0.010642334 
835 472 9 16 0.010630552 
70 384 5 15 0.010606615 
871 -78 138 102 0.010604179 
864 333 7 19 0.010604145 
906 608 18 26 0.010589456 
964 255 6 14 0.010580407 
841 580 17 35 0.010579959 
492 35 7 25 0.010568255 
702 246 16 36 0.010558805 
833 379 101 93 0.010532331 
970 513 18 31 0.010514064 
951 403 8 20 0.010502882 
270 391 9 22 0.010500806 
960 459 13 16 0.010490041 
516 461 6 15 0.010470425 
948 473 12 17 0.010466838 
382 517 14 27 0.010462544 
862 412 7 11 0.010461976 
439 48 7 24 0.010456379 
169 404 9 21 0.010455171 
867 176 90 132 0.01045486 
712 503 5 6 0.010437578 
631 583 7 18 0.010435126 
682 -2 9 15 0.010433776 
734 516 6 9 0.010426601 
247 691 8 14 0.01042117 
287 226 6 20 0.010419075 
276 722 4 7 0.010414739 
457 185 42 71 0.010413542 
293 536 14 34 0.010406065 
646 593 9 23 0.010405496 
262 230 5 16 0.010403643 
1013 458 12 17 0.010402227 
159 332 6 18 0.010389599 
410 531 14 29 0.010383757 
604 35 9 20 0.010368166 
181 420 11 17 0.010355248 
355 352 16 24 0.010348038 
410 210 16 26 0.010347764 
301 731 5 8 0.010344463 
518 579 5 10 0.01034174 
530 460 6 18 0.0103406515 
809 95 10 24 0.010329206 
884 170 10 24 0.010315931 
375 220 25 26 0.010313474 
876 728 8 19 0.0102947615 
743 316 8 19 0.010286111 
873 636 9 19 0.010280729 
628 12 11 17 0.010269654 
1011 508 12 19 0.010267046 
974 372 86 121 0.010239251 
588 625 13 18 0.010237048 
156 419 10 21 0.010230262 
966 293 5 14 0.010205297 
286 660 8 22 0.010202677 
987 571 12 22 0.010187231 
398 520 12 22 0.0101861255 
390 283 8 13 0.01017795 
555 408 6 19 0.010174988 
794 613 233 252 0.010172616 
419 328 15 24 0.010171358 
517 473 7 16 0.010170119 
626 405 8 19 0.010163861 
885 662 9 19 0.010163055 
999 174 9 22 0.010153207 
78 783 12 34 0.0101515055 
869 12 15 15 0.010149374 
103 713 338 287 0.01013773 
290 681 5 14 0.0101328315 
109 357 6 20 0.01011855 
977 122 8 22 0.010098945 
529 512 6 16 0.01007227 
856 451 16 25 0.010069618 
604 50 9 18 0.01006918 
672 285 4 12 0.01006486 
410 300 10 25 0.010062581 
1000 187 8 21 0.010040223 
1011 379 14 25 0.0100388825 
964 181 8 14 0.010035874 
578 531 9 24 0.010031266 
897 235 12 23 0.010026937 
692 669 9 12 0.010020351 
486 549 8 18 0.010014535 
604 586 9 20 0.010007352 
