28_Sports_Fan_Sports_Fan_28_282
61
275 280 485 543 0.99459416 
297 568 7 30 0.0231111 
683 297 147 295 0.022697793 
723 367 5 20 0.019961827 
-1 212 151 319 0.019912966 
286 566 8 34 0.019797208 
736 365 5 23 0.019583425 
774 471 161 263 0.018449787 
386 -18 281 116 0.018279383 
798 422 11 22 0.018154684 
826 204 144 244 0.017831411 
143 278 143 273 0.017651837 
709 383 5 17 0.017640952 
747 327 4 20 0.017424842 
478 761 263 426 0.017314391 
475 59 184 239 0.016519623 
723 382 4 19 0.01643234 
737 355 4 20 0.016166147 
158 530 8 27 0.015642628 
875 529 7 28 0.015463431 
723 393 4 19 0.014603767 
1003 769 4 15 0.014561626 
775 415 18 33 0.014418617 
168 530 9 33 0.014406562 
885 529 8 35 0.0139676705 
734 222 130 248 0.013929076 
280 130 221 388 0.013827344 
54 345 6 18 0.013760623 
295 797 309 339 0.013641326 
724 357 3 18 0.013569461 
815 359 151 267 0.013566436 
236 339 7 25 0.013528285 
1004 782 3 13 0.01327144 
41 343 6 20 0.013238797 
748 353 4 21 0.012898556 
145 529 9 28 0.012836045 
712 371 3 17 0.012633482 
877 518 7 20 0.01241575 
271 555 8 30 0.012414155 
736 379 5 22 0.012367931 
237 509 6 15 0.012184443 
710 395 5 16 0.012144528 
1018 768 5 17 0.012127927 
162 124 4 17 0.011865352 
1018 781 5 16 0.011562045 
352 790 4 20 0.011234407 
737 342 4 19 0.010962782 
258 553 9 34 0.010913049 
873 538 9 42 0.010824064 
748 341 5 21 0.010801826 
299 588 7 36 0.010743774 
724 409 4 15 0.010597148 
62 -19 253 189 0.010556823 
1004 795 4 13 0.010544115 
884 517 7 23 0.010422853 
341 792 4 18 0.010362806 
160 519 7 19 0.0103178155 
366 897 4 13 0.010304171 
862 532 7 24 0.010264522 
183 534 7 25 0.010040801 
224 349 7 31 0.010024658 
