24_Soldier_Firing_Soldier_Firing_24_264
3092
276 42 67 94 0.98218936 
519 213 13 24 0.9587583 
745 133 50 91 0.9407106 
587 220 11 22 0.921534 
694 216 15 38 0.9145593 
886 232 23 32 0.82271284 
718 219 15 34 0.68738574 
921 232 14 27 0.6108701 
928 271 15 34 0.5479535 
894 185 17 25 0.39795974 
848 183 9 21 0.38907084 
592 138 10 18 0.37367004 
868 222 19 31 0.35994574 
363 138 10 18 0.3086506 
431 245 13 28 0.28976429 
891 282 15 32 0.28505254 
867 56 16 32 0.22707888 
803 227 15 43 0.21893916 
527 135 11 19 0.20973673 
748 280 16 29 0.2049059 
866 302 16 25 0.20272996 
189 262 16 29 0.19947445 
423 364 9 24 0.1955199 
801 266 19 37 0.19357014 
870 328 13 26 0.1891818 
424 355 9 21 0.1854336 
258 294 16 39 0.18193893 
230 318 13 28 0.18033922 
886 297 11 22 0.1766224 
854 186 10 22 0.15495579 
592 147 9 21 0.15447763 
986 56 10 27 0.1505924 
624 172 11 23 0.14664985 
901 193 18 31 0.14554824 
256 418 8 17 0.14533876 
565 140 7 12 0.14194915 
677 266 16 39 0.13515297 
144 339 6 25 0.13070771 
923 266 13 27 0.13032886 
877 226 22 31 0.12905173 
369 144 10 26 0.12532054 
258 412 6 12 0.12446176 
142 327 7 23 0.123055294 
725 211 14 31 0.121771686 
580 139 8 13 0.12092032 
424 346 8 16 0.11965314 
591 181 10 24 0.11913015 
154 350 7 27 0.11875233 
871 50 11 19 0.11656308 
180 270 14 27 0.11656114 
352 203 18 46 0.116324425 
558 139 7 13 0.11570839 
892 201 20 32 0.11554825 
261 472 6 14 0.11435341 
311 228 8 14 0.11244113 
997 56 10 27 0.111910954 
669 191 8 14 0.11052179 
861 305 11 20 0.11002969 
368 431 13 23 0.10859008 
170 374 7 29 0.10838125 
258 229 7 14 0.10665776 
961 265 10 21 0.10571218 
120 474 6 12 0.10560977 
94 487 6 10 0.10560406 
696 178 65 89 0.10526513 
864 203 85 93 0.1052157 
201 236 15 28 0.1040607 
428 243 8 16 0.10398761 
804 212 13 33 0.10394716 
997 182 11 27 0.10384557 
993 310 15 28 0.10359719 
437 261 10 22 0.10348821 
867 241 19 30 0.10331372 
689 274 12 26 0.10316274 
94 475 6 12 0.102825426 
191 251 17 25 0.10273617 
155 362 7 28 0.101744786 
989 71 7 19 0.10118594 
268 201 13 25 0.10095444 
590 159 11 27 0.10030954 
590 232 10 20 0.10005306 
801 496 15 19 0.099931344 
415 379 7 21 0.099880345 
959 247 11 25 0.09923246 
897 330 11 20 0.09905922 
55 474 7 13 0.098915175 
438 377 8 24 0.09849969 
596 136 11 23 0.098408826 
905 236 16 24 0.09747028 
928 224 14 30 0.09697159 
281 199 10 22 0.09670317 
416 357 7 16 0.09652845 
503 474 7 13 0.09565558 
750 259 13 27 0.09545264 
435 354 10 21 0.09523707 
430 136 7 16 0.09522017 
245 -5 9 19 0.09507521 
416 367 7 18 0.094880134 
958 222 13 28 0.09471163 
182 378 8 25 0.094005674 
868 289 16 26 0.09397398 
132 473 6 13 0.09384595 
136 327 5 23 0.092668734 
208 229 9 14 0.09255912 
982 159 14 27 0.092534475 
535 137 10 18 0.092498116 
950 520 12 14 0.09220001 
107 487 6 10 0.091972314 
540 474 7 13 0.09190699 
904 179 14 21 0.09172798 
157 375 7 28 0.091689266 
388 350 7 25 0.091387786 
679 201 12 23 0.09098789 
795 281 15 29 0.09096235 
693 205 13 21 0.09072467 
231 202 8 17 0.09067082 
401 354 6 19 0.089811146 
135 316 5 21 0.089785874 
251 232 6 12 0.08954168 
260 215 8 15 0.08880336 
416 344 6 17 0.08879478 
665 196 15 29 0.088511124 
120 487 6 10 0.08794652 
1001 74 7 18 0.087342866 
527 240 9 17 0.0871879 
82 487 6 10 0.08687754 
881 311 13 24 0.08674186 
994 247 13 26 0.08672032 
451 379 7 25 0.0866103 
930 246 14 28 0.08628812 
847 307 10 16 0.086282626 
146 348 6 29 0.08603069 
879 326 14 27 0.08602198 
252 418 6 15 0.08576045 
120 461 7 15 0.085741416 
324 218 6 12 0.085579224 
252 248 14 32 0.08555979 
132 488 6 10 0.085287794 
502 488 7 11 0.08493162 
680 191 9 14 0.08473793 
107 475 6 12 0.08448032 
937 32 7 22 0.084348045 
977 50 7 21 0.084126055 
844 313 11 19 0.083600916 
857 195 11 25 0.08350146 
966 424 16 32 0.0833749 
804 20 14 20 0.08335485 
445 250 10 24 0.08319367 
83 475 5 12 0.082932875 
222 307 8 13 0.082930095 
1015 71 10 22 0.082921326 
620 174 9 22 0.08254396 
590 200 9 20 0.08253071 
437 365 8 23 0.08217953 
601 183 11 25 0.08206154 
926 33 7 20 0.08178521 
320 226 8 16 0.081776775 
531 475 6 12 0.08175592 
54 445 9 18 0.08165561 
402 368 6 18 0.08152715 
68 475 7 12 0.08134386 
94 460 6 14 0.08127471 
770 0 10 12 0.08119141 
958 519 13 14 0.08073837 
335 14 9 14 0.08047192 
271 472 6 15 0.079663284 
257 -4 9 17 0.07934464 
175 310 16 29 0.07933186 
172 277 8 19 0.07930647 
403 379 7 20 0.07916541 
629 86 8 16 0.07863801 
540 487 7 13 0.07833085 
260 487 7 12 0.07827426 
130 460 8 17 0.077973574 
975 213 8 19 0.077953145 
987 249 13 26 0.07788073 
718 205 13 24 0.07758388 
66 445 8 20 0.077486105 
400 344 6 20 0.07745467 
233 192 6 13 0.07743147 
216 -6 12 22 0.07680022 
433 136 9 17 0.07654799 
998 224 9 21 0.07636581 
233 -5 9 19 0.07579919 
590 -39 9 14 0.07569206 
145 474 7 13 0.07560025 
970 417 12 22 0.07549029 
578 -39 8 14 0.07524797 
552 -39 8 14 0.07522024 
820 510 12 17 0.07505285 
257 236 9 19 0.07473466 
437 346 10 16 0.07444759 
565 -39 8 14 0.07396576 
468 37 5 16 0.073796295 
809 0 8 11 0.073708415 
539 -39 9 14 0.0736874 
603 -39 8 14 0.07361887 
271 430 7 18 0.07354905 
246 -12 8 15 0.073406704 
974 225 10 21 0.07329863 
431 131 5 11 0.07324988 
283 191 8 16 0.073229775 
615 182 11 23 0.07318434 
376 350 7 27 0.073141344 
527 -39 8 14 0.07292161 
997 280 12 21 0.07280265 
784 -1 9 12 0.072681144 
927 43 6 22 0.07255295 
602 263 8 16 0.07253407 
146 487 6 11 0.0722103 
41 473 8 14 0.07212346 
1015 48 8 22 0.072063684 
426 331 6 15 0.07199778 
502 -1 7 12 0.07199146 
555 111 78 101 0.07197032 
988 393 12 18 0.071851745 
325 43 74 101 0.071769804 
476 46 7 16 0.07172254 
357 189 12 33 0.071717285 
834 302 10 22 0.071357906 
860 247 13 26 0.071331814 
897 24 8 16 0.071304604 
1014 -1 9 16 0.07128485 
504 256 6 13 0.07121771 
942 273 16 31 0.07117606 
681 60 9 24 0.07115331 
705 268 8 17 0.07091497 
514 -39 8 14 0.07080792 
435 234 8 14 0.070772536 
388 364 7 23 0.070751406 
501 -39 8 14 0.07047177 
763 158 72 109 0.07040988 
729 399 48 59 0.070305064 
631 78 7 15 0.07023151 
960 -2 10 15 0.07021499 
804 506 14 18 0.07011911 
708 513 7 10 0.06995153 
258 425 9 21 0.06992398 
605 259 6 11 0.06973739 
414 280 6 16 0.0697351 
69 487 6 11 0.06948444 
107 461 6 14 0.06941036 
600 213 9 21 0.06931577 
324 -12 7 14 0.06930168 
975 160 12 26 0.06912382 
476 -39 8 14 0.06908345 
999 216 8 17 0.06895201 
489 -39 7 14 0.06886705 
908 273 13 29 0.06879704 
491 0 7 11 0.06871751 
934 213 11 22 0.06869764 
257 275 12 25 0.068681926 
822 -1 8 12 0.06864558 
925 -1 8 13 0.06856911 
55 459 7 14 0.06852194 
84 460 6 14 0.06850661 
603 197 9 20 0.06839745 
753 310 12 27 0.06835704 
386 -39 8 14 0.06827389 
492 488 6 11 0.0682564 
411 301 7 23 0.06825468 
413 328 7 20 0.06817192 
253 412 5 12 0.068152435 
205 -6 13 23 0.06805615 
249 237 7 17 0.06796259 
309 -4 10 18 0.06792455 
870 276 11 21 0.06782527 
874 38 8 15 0.06779178 
556 241 8 17 0.06769067 
330 71 14 33 0.06764853 
491 112 10 18 0.06764113 
413 289 6 20 0.06761003 
743 312 12 27 0.067498416 
55 486 8 12 0.0673992 
447 171 9 22 0.06738235 
132 288 6 22 0.0673447 
886 33 9 18 0.06733365 
452 -11 6 11 0.06732357 
260 398 7 13 0.06719968 
870 259 12 23 0.06710098 
908 339 9 20 0.06708514 
998 237 10 23 0.06701949 
259 -12 7 14 0.06696697 
962 34 7 19 0.06695529 
949 -1 9 15 0.06692331 
310 239 8 17 0.066795975 
516 475 6 12 0.06678259 
897 32 7 19 0.06666994 
580 0 7 10 0.06634013 
68 460 7 14 0.066336244 
977 408 7 13 0.06630027 
311 -12 7 15 0.06628112 
229 306 8 17 0.066259846 
964 47 7 21 0.066195145 
538 263 11 22 0.065897286 
720 0 8 11 0.065705694 
133 303 5 21 0.06566882 
619 87 8 15 0.065577164 
450 -39 8 14 0.06556317 
335 21 9 16 0.06552891 
499 9 10 18 0.06537272 
321 148 75 111 0.0653458 
796 -1 9 12 0.065324865 
374 -39 8 15 0.06526961 
759 0 8 11 0.065221824 
994 391 15 23 0.06508306 
424 259 10 20 0.06508079 
896 314 10 21 0.06507381 
807 142 68 108 0.06492186 
463 -39 8 14 0.064910494 
616 -39 9 14 0.06489848 
337 -12 7 13 0.064878576 
311 221 7 12 0.06486972 
908 329 9 18 0.06473624 
399 -39 8 14 0.06472451 
951 33 7 21 0.06471658 
144 304 7 20 0.06457737 
245 72 6 21 0.06453463 
952 516 10 10 0.06445308 
847 248 11 24 0.06444303 
362 -29 7 16 0.06443051 
536 146 10 20 0.06440147 
703 205 11 20 0.06440021 
93 500 7 11 0.06435251 
1002 37 6 15 0.06434183 
772 -10 7 12 0.06432 
132 278 6 20 0.06431363 
121 501 6 10 0.064238526 
207 294 8 14 0.06421543 
904 213 86 112 0.064190924 
424 385 9 29 0.06400617 
998 163 10 20 0.063946165 
501 264 9 19 0.06393358 
566 474 7 14 0.06382529 
437 -39 8 14 0.063596085 
490 11 10 17 0.063552424 
720 -10 7 11 0.06352745 
412 -39 8 14 0.06352482 
998 98 9 24 0.06348146 
424 -39 8 14 0.06344447 
178 288 12 24 0.063356005 
452 -1 6 11 0.063274145 
439 -11 7 11 0.06310636 
849 -9 6 10 0.06309322 
968 272 14 29 0.0630782 
151 -6 15 25 0.06297691 
52 432 11 23 0.062928975 
936 -1 9 15 0.06291556 
351 136 11 20 0.06289393 
695 486 7 15 0.062759496 
878 212 18 29 0.06271747 
375 -29 7 16 0.06270169 
262 462 6 15 0.06269179 
556 148 8 16 0.06258594 
387 -28 8 15 0.0625848 
618 77 7 16 0.06256018 
716 38 14 20 0.06248789 
530 488 6 11 0.06247365 
834 60 13 26 0.062429063 
192 -5 13 22 0.0623884 
600 148 9 22 0.06224445 
157 487 7 11 0.062191583 
1000 87 7 17 0.06218389 
836 -9 6 10 0.062137824 
430 234 5 12 0.062119875 
498 110 10 18 0.062089987 
842 59 12 27 0.061981488 
823 -9 6 11 0.06182079 
974 -2 9 14 0.061794054 
564 149 8 15 0.061645694 
986 277 13 25 0.06162476 
563 240 9 18 0.061601207 
236 474 5 14 0.061532114 
797 -9 7 11 0.061449733 
399 239 7 16 0.061443053 
1010 289 13 22 0.061423786 
362 -39 7 15 0.06132839 
234 -12 7 14 0.06127021 
425 -28 7 15 0.061158832 
427 203 7 15 0.061150942 
83 500 6 11 0.061132114 
568 134 6 9 0.061019454 
874 0 7 10 0.060947668 
664 258 18 42 0.06092551 
371 406 9 18 0.06091115 
219 -13 9 16 0.060905527 
466 0 6 11 0.060895015 
439 -1 7 11 0.060833648 
784 -10 7 12 0.060760356 
647 256 18 39 0.060741622 
465 -11 6 11 0.060725376 
350 -29 7 16 0.06071357 
912 264 11 23 0.06062779 
848 0 7 11 0.06058986 
451 -28 7 15 0.06054098 
872 204 11 18 0.06036559 
362 -13 7 14 0.060296077 
499 497 10 16 0.06028208 
680 72 9 22 0.060263406 
223 215 7 15 0.060222354 
336 0 8 13 0.060204417 
989 226 8 18 0.060200177 
862 0 7 10 0.060198266 
439 163 8 20 0.060169738 
861 337 10 22 0.060117804 
949 264 11 21 0.06008921 
580 134 6 9 0.06007489 
765 56 14 26 0.05994917 
299 239 8 18 0.059943356 
285 -13 8 16 0.05984834 
400 -28 7 15 0.059817296 
140 -6 15 25 0.059749436 
210 221 6 12 0.059734162 
874 -9 7 10 0.059702754 
669 37 7 17 0.059496075 
220 -29 7 18 0.05944616 
231 213 8 17 0.05943768 
429 147 8 19 0.059417173 
568 0 6 10 0.05938133 
971 236 11 23 0.05933472 
862 -9 6 10 0.0593287 
1002 0 8 14 0.059280176 
810 -10 7 12 0.05926053 
914 0 7 11 0.059237845 
387 -14 8 15 0.059215702 
951 250 10 22 0.05918205 
987 323 11 25 0.0591816 
350 -13 7 14 0.059170887 
469 49 5 14 0.059165034 
888 26 7 15 0.05915353 
491 -10 6 11 0.059125308 
464 -28 7 14 0.05909264 
438 -28 7 15 0.059029322 
529 -10 6 11 0.059011962 
388 459 7 15 0.058930017 
538 254 8 15 0.058918994 
413 -28 7 15 0.058916714 
887 0 7 11 0.058843248 
336 102 11 29 0.058795527 
37 -2 13 19 0.058759414 
106 500 7 11 0.0587477 
145 291 5 18 0.058717746 
708 -10 7 11 0.05870074 
246 -30 7 19 0.05867384 
541 -1 7 11 0.058628764 
38 459 9 15 0.058617927 
377 380 6 18 0.058612294 
926 67 8 30 0.058605477 
733 -10 7 12 0.058602996 
820 351 10 30 0.05855224 
765 13 15 16 0.058537487 
171 350 7 25 0.058488335 
538 242 8 15 0.05844138 
427 -11 6 11 0.05843427 
759 -10 7 12 0.058412928 
502 105 7 12 0.0583981 
937 23 7 18 0.05838059 
515 241 8 16 0.05837236 
900 0 7 11 0.05836903 
860 291 12 22 0.058356874 
704 279 9 17 0.058334157 
337 38 8 17 0.058297247 
194 241 14 21 0.05829132 
446 184 11 25 0.058257677 
375 -14 7 15 0.05824981 
807 203 9 23 0.05824181 
373 -2 9 15 0.058198337 
233 -29 7 18 0.05816476 
245 83 7 23 0.0581194 
11 317 11 48 0.058058836 
778 223 74 99 0.058048494 
683 433 6 16 0.058032125 
208 -12 8 16 0.0579734 
344 120 12 25 0.057967987 
555 475 6 12 0.057965066 
746 -9 7 11 0.05796124 
916 437 23 33 0.05793277 
349 0 8 13 0.057926804 
771 87 10 15 0.05791957 
209 306 9 15 0.057849064 
285 -3 8 15 0.057725724 
578 -27 8 14 0.05767423 
554 487 7 11 0.05755597 
504 462 6 16 0.057539318 
323 -3 9 15 0.057488237 
744 220 11 28 0.057441015 
198 258 15 29 0.057439633 
656 0 8 11 0.057380352 
804 488 11 13 0.05733805 
541 -10 7 11 0.05729807 
891 259 17 30 0.05728577 
434 147 9 21 0.057226565 
400 -13 8 13 0.05721892 
39 445 9 19 0.057165504 
669 390 8 28 0.05712418 
878 57 13 29 0.057098772 
579 -10 7 11 0.05709678 
477 -28 7 14 0.057093315 
361 -1 9 14 0.05705994 
449 367 7 22 0.056992956 
863 213 11 22 0.056979973 
371 422 10 17 0.056957986 
567 487 7 11 0.05693204 
682 -11 7 12 0.05693177 
640 256 15 36 0.056872074 
336 88 75 108 0.05684028 
272 -3 8 15 0.05681776 
640 338 10 25 0.056793973 
847 328 11 22 0.056735516 
885 196 16 28 0.0566928 
299 -13 7 16 0.056633316 
435 200 9 19 0.056590125 
591 -28 8 15 0.056588992 
604 -28 8 15 0.056545768 
327 68 29 71 0.05653712 
554 -1 6 11 0.056425393 
385 432 9 19 0.05641744 
52 -2 13 18 0.056410324 
887 -9 7 10 0.056359153 
389 378 6 20 0.056318123 
601 159 11 28 0.0562941 
717 279 9 15 0.056289807 
599 226 9 18 0.056260467 
282 274 15 24 0.056260236 
180 -5 12 21 0.056220885 
503 -10 7 11 0.05618344 
835 -1 8 12 0.056178242 
925 -9 7 11 0.056126643 
937 523 10 10 0.056121107 
469 27 4 11 0.056089718 
133 500 6 11 0.05605751 
301 230 7 14 0.05603087 
282 179 8 16 0.056024063 
507 242 6 14 0.056014534 
702 345 11 30 0.056000873 
413 -12 7 12 0.055987407 
249 474 6 13 0.055932365 
670 86 8 17 0.05588829 
692 191 10 15 0.055845 
259 499 7 12 0.055843852 
373 395 8 18 0.055838775 
478 0 6 11 0.055828 
991 87 7 16 0.055808645 
696 500 7 12 0.05577731 
478 -10 6 11 0.05577262 
165 -5 14 22 0.05570594 
566 -27 8 14 0.055661336 
971 248 13 27 0.055656508 
1014 8 9 18 0.055573974 
678 85 10 19 0.05553787 
553 -27 8 14 0.055516068 
778 73 13 21 0.055495452 
683 440 8 24 0.05549196 
732 0 9 11 0.055474322 
361 439 15 24 0.05542435 
745 0 8 11 0.055422228 
695 -10 7 11 0.055375416 
297 -3 9 16 0.055310052 
272 -12 7 14 0.05523939 
530 -1 6 11 0.05521953 
913 -9 7 10 0.055161275 
670 184 6 11 0.0551165 
490 -28 7 14 0.055073462 
656 -11 7 12 0.05506896 
236 488 5 11 0.055028953 
308 286 13 29 0.05499151 
249 488 6 11 0.054946132 
493 475 6 12 0.054905437 
1014 237 10 23 0.05490457 
337 -29 6 17 0.054904547 
980 399 6 11 0.054879863 
413 387 8 24 0.054853052 
900 -9 6 10 0.054843586 
502 -28 8 14 0.0548298 
669 -10 7 11 0.054796368 
527 -27 8 14 0.054759685 
563 250 9 18 0.05475799 
717 269 9 16 0.054747168 
861 253 89 123 0.054726705 
514 101 11 17 0.054692313 
936 354 7 17 0.054627173 
398 -3 10 16 0.05449366 
616 -28 9 16 0.05446794 
515 -27 7 14 0.054433156 
269 226 10 19 0.054405373 
349 192 10 23 0.054396644 
396 458 10 18 0.054383796 
706 89 8 14 0.05431025 
401 213 8 18 0.05425099 
554 -10 6 11 0.054212008 
274 179 7 15 0.05420713 
194 -12 9 16 0.05420572 
400 228 7 16 0.054191906 
914 35 6 17 0.05417644 
413 204 6 13 0.054167256 
511 262 13 22 0.054116074 
91 43 10 37 0.054037362 
949 214 9 20 0.053908296 
921 200 11 22 0.053832106 
174 271 6 13 0.053812828 
693 348 10 26 0.053700473 
349 -39 8 15 0.05367932 
864 226 12 22 0.053554557 
665 413 11 31 0.053527582 
246 60 6 19 0.053505592 
644 0 7 11 0.053448506 
514 251 9 18 0.05340719 
194 289 10 19 0.05339446 
592 -11 7 12 0.053359725 
297 202 7 15 0.05333708 
965 356 6 14 0.053311512 
966 385 5 12 0.053291958 
427 -1 7 11 0.05325409 
567 -10 6 11 0.053253394 
629 -39 8 15 0.053233627 
657 189 8 15 0.05323272 
694 0 8 11 0.05322346 
127 -6 14 25 0.053222485 
540 -27 8 14 0.053217977 
310 202 7 14 0.053199455 
220 227 7 15 0.053124044 
682 183 7 12 0.053056564 
779 85 12 18 0.053053524 
927 523 7 11 0.053035248 
629 -28 9 16 0.053033687 
618 -1 8 12 0.05303091 
924 353 8 19 0.052998673 
478 488 6 11 0.05298249 
25 3 17 35 0.05295697 
517 -1 6 11 0.052935608 
463 379 7 26 0.052870627 
717 240 12 27 0.05286481 
986 337 10 23 0.052861344 
957 281 15 30 0.0528527 
643 -11 8 12 0.052841187 
593 -1 7 11 0.052757423 
386 -3 9 16 0.052727997 
719 419 11 16 0.05267475 
614 194 11 24 0.05267339 
988 238 11 22 0.052666932 
979 73 6 18 0.05264027 
361 407 8 16 0.052628763 
952 43 7 22 0.052588403 
271 487 6 11 0.052538738 
411 213 8 17 0.0524987 
708 0 8 10 0.052496836 
467 61 6 15 0.05249383 
401 327 6 22 0.05249244 
516 -10 7 10 0.05244309 
117 43 9 37 0.052426834 
207 -29 8 19 0.05241937 
920 189 10 18 0.052413125 
806 14 11 15 0.052380268 
1015 226 9 21 0.052295048 
890 180 9 15 0.052267067 
652 362 10 32 0.052262757 
963 204 8 17 0.05223144 
385 469 9 17 0.052193318 
466 475 6 14 0.052193 
1002 25 7 14 0.052188087 
570 219 7 15 0.052188054 
387 250 9 19 0.052184045 
975 522 11 13 0.052104454 
516 462 6 14 0.052092113 
848 144 83 110 0.05203213 
869 347 12 29 0.052022796 
170 289 10 22 0.051952694 
991 38 6 15 0.05190466 
873 486 7 12 0.051899534 
631 -11 7 12 0.051796496 
387 260 9 22 0.051745728 
324 -29 7 17 0.051676348 
988 216 8 17 0.051642045 
986 -1 9 13 0.051626686 
618 62 8 20 0.05156647 
491 498 9 14 0.051510293 
628 196 10 21 0.051508304 
924 371 7 17 0.051497463 
965 373 5 12 0.05149741 
515 91 9 14 0.051487956 
873 494 7 17 0.051440936 
403 390 7 21 0.05139919 
618 -11 7 12 0.051375773 
247 250 11 27 0.0513621 
9 342 12 47 0.05128214 
921 215 13 27 0.05116511 
642 -28 8 16 0.051145956 
991 99 9 22 0.051126547 
967 398 6 11 0.05107178 
897 350 10 24 0.051049937 
890 188 11 19 0.051033504 
182 -12 9 15 0.051032048 
921 380 10 20 0.051027406 
347 431 10 16 0.050969183 
310 193 7 14 0.050931074 
424 291 7 17 0.050760735 
628 339 11 24 0.050728995 
1002 10 8 15 0.050708108 
114 -6 14 26 0.05067326 
605 -11 7 12 0.05059875 
746 496 8 15 0.050577834 
1016 266 9 18 0.050576333 
478 16 6 11 0.050565545 
766 48 11 15 0.05056167 
977 342 7 18 0.050541554 
389 239 8 16 0.050529383 
244 95 8 24 0.050517283 
311 -30 7 18 0.050463583 
631 0 8 11 0.05040263 
466 488 7 12 0.050391555 
226 202 6 16 0.0503756 
503 92 8 12 0.050222386 
882 258 14 25 0.05021491 
967 410 6 13 0.050150022 
703 288 11 22 0.050131377 
977 37 6 16 0.050127946 
669 -1 8 12 0.05009723 
425 275 7 18 0.050047815 
977 355 6 16 0.05004725 
913 47 7 20 0.05002232 
286 474 7 15 0.050007593 
427 319 5 15 0.049996685 
427 213 7 16 0.049949177 
935 202 10 21 0.04994343 
681 0 8 11 0.049875032 
656 61 8 21 0.049869902 
528 498 8 15 0.049849674 
986 402 11 19 0.049848344 
802 224 9 28 0.04984203 
234 460 5 18 0.04982926 
827 507 15 22 0.049783982 
259 96 8 24 0.049714316 
478 475 6 13 0.04967904 
155 -12 9 17 0.049652968 
374 470 9 17 0.049510647 
571 229 7 13 0.04934035 
258 -30 8 18 0.049284868 
194 -30 8 20 0.049255464 
841 179 6 14 0.0491841 
926 23 6 16 0.04915841 
658 88 8 15 0.049148615 
415 231 6 14 0.049124528 
834 -28 8 16 0.04903322 
271 410 7 13 0.048986852 
733 264 86 108 0.048975367 
69 500 7 11 0.048962805 
492 90 7 13 0.0489584 
218 46 9 30 0.0489045 
168 -12 9 16 0.048896726 
591 88 8 14 0.048843123 
680 392 8 22 0.048835095 
897 165 11 20 0.048826214 
654 -28 9 16 0.04876611 
144 279 6 17 0.04872367 
793 503 16 19 0.04867154 
847 -27 8 15 0.04866126 
381 109 82 115 0.048638295 
249 501 6 10 0.048603863 
1014 281 10 17 0.048579406 
106 45 8 34 0.04854148 
336 -39 8 16 0.048505463 
680 419 8 19 0.048411462 
986 181 14 31 0.048408132 
362 423 10 14 0.04840574 
973 181 13 29 0.048367787 
465 77 7 14 0.04833561 
404 288 6 19 0.048271272 
693 -28 8 16 0.048213914 
821 -28 8 16 0.048157837 
744 15 9 11 0.048148345 
734 161 10 21 0.04810567 
698 515 6 9 0.04805656 
726 37 11 18 0.04805002 
951 -9 7 11 0.047991313 
964 25 6 14 0.04793162 
937 -9 8 11 0.04787957 
974 200 10 23 0.047841284 
822 500 9 14 0.0478135 
284 -31 8 19 0.047799032 
320 237 9 20 0.047781907 
801 213 9 23 0.047739796 
308 8 10 19 0.047647662 
943 181 83 118 0.047623273 
874 28 7 13 0.047605082 
669 61 8 21 0.047543693 
37 431 10 21 0.047528125 
670 75 7 18 0.047497768 
840 184 8 20 0.04746257 
605 -1 7 12 0.047456462 
863 79 91 131 0.047427047 
426 305 6 17 0.047418226 
910 316 9 19 0.047414716 
947 160 10 25 0.047391977 
371 131 8 15 0.047371972 
944 292 15 30 0.047367293 
183 255 9 15 0.047363646 
1016 36 7 19 0.047342878 
1003 -10 6 11 0.04732731 
731 200 11 27 0.047288906 
924 340 9 20 0.04724969 
298 -30 7 18 0.04724918 
244 4 10 23 0.04724776 
223 297 7 12 0.04724096 
1015 249 11 22 0.04723293 
271 461 7 16 0.047201827 
978 372 6 12 0.04711267 
963 -9 7 11 0.047090247 
301 218 7 13 0.047089696 
146 500 6 11 0.04706058 
246 48 6 20 0.047056608 
723 412 6 10 0.0470497 
516 488 6 11 0.047027364 
437 130 6 13 0.04701381 
224 488 5 11 0.04700007 
745 297 11 22 0.04694514 
530 462 6 13 0.04692865 
767 70 13 23 0.046898 
935 369 8 18 0.046888664 
908 248 13 23 0.0468494 
236 72 6 21 0.046844553 
641 -39 9 15 0.04674788 
415 240 7 14 0.046719603 
263 207 6 13 0.04670413 
1017 84 8 21 0.04667187 
404 302 6 22 0.046599984 
171 201 7 20 0.046586398 
798 490 9 10 0.046582215 
667 -28 9 16 0.046516612 
963 418 11 20 0.04649759 
745 489 7 9 0.046478268 
669 514 8 11 0.04647768 
500 120 12 24 0.046443578 
1015 22 9 19 0.046407714 
1016 215 8 19 0.046361625 
697 90 7 14 0.046360813 
373 456 10 17 0.046287 
348 14 8 12 0.04626603 
192 389 8 26 0.046212006 
817 210 11 27 0.046185557 
40 485 8 13 0.046164557 
706 -28 8 16 0.046140853 
449 243 7 15 0.046136912 
848 170 8 16 0.046124138 
683 472 7 20 0.04609625 
250 461 6 16 0.046083614 
273 192 8 16 0.04596531 
1015 198 9 22 0.0459344 
608 78 5 13 0.0458804 
296 250 9 19 0.045867275 
680 -28 9 16 0.045842327 
324 208 7 13 0.045828495 
360 149 14 33 0.045799058 
323 -39 8 16 0.04576724 
476 200 8 18 0.045756284 
819 25 9 14 0.04574898 
221 316 10 20 0.04574764 
809 -28 7 16 0.045747194 
468 17 5 11 0.04573596 
979 388 6 10 0.045705114 
721 15 8 12 0.0456666 
860 -27 8 15 0.04564806 
935 342 8 18 0.045639686 
883 47 9 20 0.04561242 
413 -2 7 12 0.04558858 
181 361 9 29 0.045462746 
540 498 9 15 0.045453705 
11 268 10 47 0.045443755 
295 500 9 13 0.045397412 
496 258 4 12 0.04538586 
476 213 7 16 0.045364797 
436 185 10 24 0.045333035 
118 13 10 35 0.04530515 
581 237 8 17 0.045288935 
814 281 17 36 0.045282852 
337 213 8 18 0.045186825 
386 392 8 20 0.04518326 
92 448 6 17 0.04517201 
899 12 8 14 0.04511551 
913 382 8 15 0.045108937 
395 429 10 24 0.04509893 
909 297 11 25 0.045091175 
719 -28 8 16 0.04505485 
362 396 7 17 0.044998907 
796 88 9 15 0.044929575 
702 98 11 18 0.04490168 
861 276 10 20 0.044881713 
270 238 8 18 0.04487352 
83 447 7 17 0.044830374 
909 353 9 19 0.044808846 
237 320 15 31 0.044800755 
767 299 13 25 0.04480061 
342 83 12 32 0.044765987 
295 489 8 11 0.044761393 
690 471 8 19 0.044718374 
669 362 8 27 0.044712227 
11 397 11 43 0.044705383 
694 62 7 19 0.044696324 
220 393 7 21 0.044671435 
54 498 8 13 0.044664018 
271 -30 8 18 0.044662353 
950 203 8 19 0.04465939 
386 405 8 19 0.04463007 
234 229 7 13 0.044604767 
832 434 10 16 0.04456021 
401 403 8 22 0.044548694 
681 377 7 24 0.044425827 
976 -10 7 12 0.044399314 
398 250 8 18 0.04437846 
951 23 7 16 0.044312965 
579 253 8 15 0.044302177 
873 -27 7 15 0.044294722 
517 124 10 19 0.044277705 
819 70 11 21 0.044244457 
950 189 8 19 0.04423818 
935 175 9 21 0.044227086 
383 148 12 23 0.04422503 
745 234 11 27 0.044174656 
935 190 9 17 0.044163384 
951 226 10 22 0.044102594 
155 328 7 21 0.044097997 
182 200 8 22 0.04409016 
350 408 7 14 0.044082336 
287 488 7 11 0.044059113 
934 289 15 32 0.04404131 
716 290 10 17 0.044014912 
170 211 8 22 0.04399507 
214 235 12 25 0.0439943 
953 355 6 15 0.043991696 
236 60 6 20 0.04391066 
729 417 14 24 0.043898694 
595 256 7 14 0.043873142 
205 324 13 23 0.04387157 
822 435 9 15 0.04375174 
783 -29 8 17 0.043620605 
476 60 8 16 0.043608088 
402 279 6 17 0.043545056 
770 -29 8 17 0.043516215 
629 241 8 14 0.043505576 
478 25 5 12 0.043486767 
796 -28 7 16 0.043466616 
529 250 9 18 0.043465406 
11 242 10 47 0.04345032 
360 13 9 13 0.04341003 
411 457 10 21 0.043399658 
182 187 8 22 0.04338139 
684 52 5 15 0.043356776 
652 384 11 38 0.043308664 
643 188 8 17 0.043293055 
121 277 6 23 0.043288887 
234 443 5 20 0.043221053 
597 263 7 16 0.043211825 
732 -28 8 15 0.043169025 
292 274 13 22 0.043157313 
729 245 12 25 0.043153122 
769 279 9 19 0.043139182 
593 514 8 11 0.043003917 
965 58 8 23 0.04296765 
913 22 7 16 0.042955916 
102 -5 14 24 0.04293801 
864 39 6 13 0.04287114 
282 163 8 17 0.042862553 
194 358 9 30 0.042810492 
157 500 7 12 0.04262149 
990 26 6 12 0.04261436 
436 213 8 17 0.042571064 
444 271 15 29 0.042567298 
155 475 9 14 0.04256033 
4 189 9 49 0.04254641 
387 328 7 25 0.042535603 
732 15 9 12 0.04248398 
252 220 5 11 0.04244858 
464 87 8 15 0.042407446 
259 442 7 19 0.042405535 
209 318 9 16 0.042394266 
12 464 14 36 0.04235448 
654 198 12 24 0.042277746 
680 363 7 22 0.042236593 
397 444 9 19 0.042218357 
523 115 12 21 0.04217981 
259 385 8 16 0.04217567 
541 462 7 13 0.04216948 
918 388 16 29 0.042168003 
849 294 8 16 0.04216438 
886 -27 7 15 0.042114805 
323 262 7 19 0.042093523 
198 230 9 14 0.042007443 
202 277 11 21 0.041980624 
10 368 12 47 0.041941963 
410 398 10 32 0.041907225 
65 -3 13 19 0.041899115 
910 390 11 23 0.04189394 
236 48 6 21 0.04188737 
198 218 7 15 0.04187805 
954 370 5 15 0.04184693 
274 165 8 15 0.041839126 
491 80 7 11 0.04183416 
260 85 7 21 0.04178774 
327 13 7 15 0.04176735 
988 357 8 16 0.041757546 
655 514 10 13 0.04172253 
608 88 7 13 0.041713588 
972 105 11 32 0.041698035 
451 77 7 14 0.041695863 
690 441 9 23 0.04168959 
145 267 5 17 0.041597735 
438 333 8 15 0.041587103 
515 114 10 18 0.041584663 
53 -11 10 14 0.04151624 
989 387 9 13 0.041500032 
963 187 9 21 0.04147437 
833 323 11 25 0.041432034 
913 69 7 25 0.041357033 
831 290 11 22 0.04134005 
745 -29 8 16 0.041333806 
398 470 8 16 0.041324787 
711 433 7 15 0.041297253 
766 35 11 15 0.04128425 
143 -11 10 16 0.04128169 
181 -29 8 19 0.041251484 
567 13 7 13 0.0412493 
677 97 12 21 0.04123901 
747 508 8 16 0.041226108 
464 368 7 22 0.041200895 
594 13 7 15 0.041162264 
129 15 10 34 0.041147377 
182 350 8 24 0.041132845 
720 24 11 13 0.041114748 
10 190 10 47 0.04111154 
604 241 6 13 0.04103655 
246 37 6 20 0.041022528 
551 179 92 96 0.04096192 
285 241 9 16 0.04084237 
256 6 9 20 0.040835816 
977 25 6 13 0.04081016 
680 405 8 21 0.040808912 
566 356 8 19 0.04077972 
510 153 85 91 0.040763948 
754 497 10 18 0.040733688 
626 97 11 19 0.04073004 
923 294 12 27 0.04067127 
708 77 6 13 0.04064473 
608 64 6 16 0.04063384 
911 -27 8 15 0.040555328 
134 266 5 19 0.04053732 
899 -27 7 15 0.040507253 
232 4 10 23 0.040497713 
386 445 8 16 0.04049145 
348 423 7 14 0.04040844 
554 356 8 18 0.040392917 
285 10 8 16 0.040387962 
730 24 9 13 0.040383693 
757 -29 8 17 0.04036062 
128 40 11 40 0.04035484 
488 21 10 17 0.04035458 
873 191 9 17 0.04032967 
707 503 6 10 0.04031198 
56 523 7 11 0.040251993 
666 96 12 20 0.040212613 
594 80 6 11 0.040211204 
887 12 8 13 0.040197138 
695 73 7 18 0.040176712 
988 -10 7 12 0.040163282 
924 10 9 15 0.040154476 
567 89 7 14 0.040130004 
158 213 7 21 0.040121317 
209 392 7 24 0.04011903 
297 9 9 18 0.04010619 
1017 -11 7 14 0.04010464 
79 43 11 36 0.040085047 
169 488 8 11 0.04007403 
781 61 11 20 0.04007059 
493 105 7 12 0.04006222 
912 57 7 23 0.040048018 
820 12 8 13 0.039986163 
720 192 11 19 0.039942928 
761 14 11 12 0.039920505 
566 377 8 30 0.039913587 
810 87 8 15 0.03989206 
964 346 7 15 0.039850783 
368 196 12 29 0.039824586 
682 502 7 11 0.03980468 
863 27 6 12 0.039791908 
224 502 5 10 0.03977622 
492 462 6 16 0.039774545 
104 13 10 34 0.039767824 
371 9 11 16 0.039751668 
652 337 10 25 0.039713528 
695 98 10 17 0.03971328 
299 194 7 12 0.039713074 
554 160 9 20 0.03968915 
692 181 8 14 0.03966353 
311 252 7 16 0.039652742 
237 502 5 10 0.0396215 
162 270 5 14 0.039603878 
288 187 77 114 0.039595548 
540 367 8 23 0.039586287 
896 402 11 29 0.03955382 
347 38 10 16 0.03952953 
677 111 12 20 0.039508663 
267 395 10 19 0.039464094 
961 9 9 15 0.039455906 
260 119 9 26 0.039439052 
655 213 11 22 0.039432105 
605 13 7 15 0.039426412 
814 258 16 36 0.039425634 
999 356 9 18 0.039386638 
707 523 8 11 0.039380647 
922 178 10 18 0.03937842 
641 360 10 32 0.039353427 
465 500 7 12 0.03935006 
846 209 12 25 0.039335396 
454 475 6 14 0.039326888 
653 -39 10 15 0.03924478 
558 134 6 9 0.039241936 
414 471 8 15 0.03921757 
399 415 9 23 0.039198797 
964 162 10 24 0.039177224 
721 516 5 9 0.03915046 
975 88 7 17 0.039142463 
643 87 8 15 0.039137278 
337 192 8 16 0.039099686 
288 501 8 11 0.038989395 
288 79 82 143 0.0389635 
8 58 14 51 0.038958464 
296 473 7 15 0.03895195 
798 246 11 32 0.038948886 
683 514 6 10 0.038905486 
488 37 9 18 0.038896646 
321 191 9 16 0.03888731 
939 518 7 9 0.038882177 
525 154 12 24 0.038871557 
27 483 9 18 0.038870107 
426 488 7 12 0.038856138 
555 231 6 13 0.038849458 
924 -27 8 16 0.03884452 
811 74 8 16 0.038831513 
403 313 6 22 0.038828168 
629 232 7 13 0.038747296 
1014 187 10 22 0.038744606 
428 192 6 15 0.03870707 
261 62 6 16 0.038699068 
769 288 11 21 0.038654827 
990 372 7 13 0.03864801 
913 523 8 11 0.038639233 
934 381 9 18 0.038635116 
783 506 13 17 0.03863028 
230 120 10 26 0.038589574 
885 411 10 29 0.038582437 
439 117 6 12 0.03857826 
362 379 6 22 0.038527172 
170 185 7 24 0.03852714 
70 516 6 9 0.03848792 
551 266 9 18 0.03847699 
452 139 8 16 0.038449563 
447 356 8 17 0.0384436 
659 183 6 11 0.038412306 
912 11 8 14 0.038386256 
454 489 6 11 0.03837657 
580 487 6 11 0.038331956 
799 23 11 14 0.038325965 
359 24 11 15 0.03832344 
526 262 13 23 0.03831473 
228 192 5 13 0.03826014 
426 474 7 14 0.038240198 
656 74 7 17 0.038230926 
936 9 9 16 0.038219273 
478 89 8 14 0.03817878 
90 14 11 35 0.038147256 
504 80 6 12 0.038071904 
820 201 9 20 0.0380681 
250 428 8 20 0.038053434 
417 253 8 17 0.038034637 
629 250 11 22 0.038031954 
754 507 11 18 0.038019113 
580 11 7 15 0.038017772 
183 501 7 11 0.03801158 
42 523 8 13 0.037996512 
386 421 8 17 0.03796998 
847 12 8 12 0.0379543 
718 428 13 23 0.03789254 
863 67 12 26 0.037877984 
488 47 8 15 0.037863217 
972 282 14 29 0.0378565 
581 88 8 14 0.03784117 
416 265 7 15 0.03783956 
818 304 14 29 0.037838437 
680 149 8 19 0.0378166 
882 347 13 30 0.03780315 
234 95 8 24 0.037764862 
679 134 9 22 0.03775894 
667 224 10 19 0.037736125 
756 485 8 12 0.037725907 
763 48 7 13 0.037684113 
761 89 8 13 0.03768145 
451 87 8 14 0.037568115 
261 49 6 16 0.03756578 
335 47 10 22 0.037559558 
338 205 9 17 0.03754695 
618 340 10 21 0.037506893 
795 76 9 16 0.03749029 
272 442 7 18 0.037460793 
959 432 15 30 0.037444796 
568 264 8 18 0.03742088 
477 226 6 16 0.03741227 
233 183 6 12 0.03739804 
975 -28 7 17 0.037373073 
555 368 7 22 0.037368257 
669 264 38 99 0.037357777 
694 113 9 17 0.037351217 
855 443 16 27 0.03729577 
77 -4 13 21 0.03724689 
361 348 8 33 0.03722697 
310 267 8 17 0.03722459 
284 21 9 22 0.03721106 
12 423 12 41 0.037103012 
643 74 7 16 0.037102032 
348 327 8 27 0.03706737 
69 523 7 11 0.037042685 
906 160 13 25 0.037027653 
886 165 9 19 0.03700831 
191 314 13 22 0.036975402 
249 441 7 20 0.03696633 
119 448 7 19 0.03696603 
162 281 5 14 0.036962852 
604 515 7 11 0.036960315 
522 100 12 19 0.036925826 
567 368 7 22 0.03692461 
235 83 7 23 0.03690412 
245 107 9 25 0.036888797 
787 265 8 17 0.036887225 
285 251 10 17 0.036882494 
621 243 6 12 0.036865767 
30 472 8 18 0.03686061 
707 192 9 17 0.03685124 
949 8 9 16 0.036834795 
307 274 12 24 0.036793455 
582 150 7 15 0.036731124 
107 447 6 17 0.03671953 
446 344 10 15 0.0366951 
913 371 7 15 0.036682628 
1014 176 10 20 0.036677964 
579 369 8 21 0.036657408 
112 12 103 139 0.03663109 
324 255 7 16 0.036609195 
567 25 6 13 0.036606155 
475 186 10 21 0.036592137 
733 268 9 19 0.03652015 
806 518 13 18 0.036499526 
478 500 7 13 0.036497816 
859 163 9 23 0.036463086 
874 12 7 12 0.0364452 
563 159 10 21 0.03640119 
1014 340 11 22 0.036372192 
927 517 7 10 0.036342815 
282 430 9 21 0.036337372 
527 90 9 14 0.03631358 
283 229 9 16 0.036305387 
785 290 11 20 0.03628823 
807 187 9 21 0.036281895 
440 476 6 14 0.036267992 
477 77 7 13 0.036216576 
490 63 8 14 0.036140133 
720 88 7 14 0.03613176 
866 75 17 37 0.03611648 
235 38 7 21 0.03611037 
158 225 6 21 0.036091913 
529 367 8 22 0.036058705 
813 232 15 36 0.036048584 
861 12 8 12 0.036033656 
592 500 7 13 0.03599657 
450 148 8 19 0.035986174 
693 377 8 24 0.035985734 
782 14 10 12 0.035984464 
580 500 7 12 0.035977814 
247 20 7 20 0.03597181 
3 61 11 47 0.035962567 
295 265 12 21 0.035961065 
90 -5 13 23 0.03595895 
10 138 11 48 0.035930347 
310 -40 8 18 0.035925176 
858 90 12 37 0.035922237 
975 11 8 13 0.035921574 
702 324 11 28 0.035903424 
759 83 84 111 0.03589839 
2 2 12 39 0.035882108 
251 400 5 11 0.035881694 
666 237 13 24 0.035863366 
628 276 12 26 0.03585979 
643 200 8 19 0.035832874 
175 258 5 12 0.035822254 
910 138 93 121 0.035822023 
426 88 8 15 0.035784334 
40 497 9 14 0.03578038 
720 524 8 10 0.03577949 
260 74 6 18 0.035766777 
461 184 11 24 0.03574731 
990 302 10 21 0.035720304 
798 15 9 12 0.03570268 
488 117 13 29 0.03567474 
618 12 9 16 0.035658002 
874 179 8 17 0.03565528 
840 171 5 13 0.03565203 
617 255 7 13 0.035606563 
194 305 10 17 0.035581484 
899 59 8 21 0.035581104 
235 20 7 21 0.03556212 
722 160 9 20 0.0355616 
516 499 7 13 0.035546344 
986 -29 8 18 0.035543285 
477 460 7 18 0.035523776 
414 194 6 12 0.03551931 
782 350 9 27 0.035513833 
31 458 8 18 0.035494957 
556 13 6 12 0.0354731 
602 304 11 18 0.035468806 
578 378 9 31 0.035414793 
800 288 20 35 0.035402782 
600 128 9 17 0.03539134 
848 94 12 28 0.035388276 
642 164 8 18 0.035350353 
345 47 11 20 0.035347447 
695 435 6 14 0.035332583 
553 499 7 13 0.0352872 
914 515 6 12 0.03528701 
568 500 6 11 0.03522772 
34 -32 15 22 0.03520894 
581 139 30 68 0.035193443 
865 51 7 15 0.03517854 
849 25 7 13 0.03517149 
552 174 11 22 0.035166644 
158 242 6 17 0.035159532 
11 3 14 38 0.035150863 
341 103 14 33 0.035148866 
740 326 14 37 0.03513273 
377 328 7 25 0.03513104 
385 483 8 17 0.035125416 
786 280 9 17 0.035055652 
273 502 7 9 0.035044864 
411 75 9 17 0.035035267 
50 -30 14 20 0.035021868 
168 -29 8 19 0.03501423 
56 515 6 10 0.035009015 
683 485 7 15 0.034988165 
742 118 15 34 0.034979407 
238 272 87 93 0.03497123 
398 265 8 17 0.034970887 
82 515 7 10 0.034937926 
583 205 7 16 0.034906905 
677 249 15 34 0.0348906 
94 515 7 9 0.03487766 
640 241 9 19 0.034871504 
737 288 8 17 0.034797862 
693 242 12 27 0.03475952 
687 249 83 109 0.034740526 
316 283 13 32 0.03472008 
425 78 8 14 0.034689885 
536 156 11 22 0.034658924 
831 354 8 24 0.034597863 
632 63 6 18 0.034596335 
220 67 8 29 0.03455935 
388 225 8 18 0.034544956 
1015 163 10 19 0.034529295 
171 500 7 12 0.0345279 
871 505 10 19 0.034515977 
232 108 9 25 0.03448995 
642 177 8 17 0.034465045 
680 164 8 18 0.03446445 
921 124 14 38 0.03445813 
203 350 10 22 0.03444169 
440 489 7 11 0.03444164 
478 241 7 16 0.034436245 
729 345 14 36 0.034427878 
260 515 6 10 0.034423474 
580 515 7 11 0.03439546 
457 170 106 108 0.034393545 
951 343 7 17 0.034341715 
494 266 7 15 0.034301583 
27 269 10 39 0.03429597 
1002 -27 6 17 0.03427796 
908 400 15 30 0.03426434 
245 -40 8 18 0.03424654 
575 264 9 17 0.0342337 
245 366 8 21 0.03422595 
821 85 10 19 0.034208454 
708 440 8 19 0.034193452 
349 25 8 13 0.034179688 
283 147 10 22 0.034152523 
734 279 9 16 0.034082282 
552 76 8 16 0.034068596 
962 -27 7 16 0.03405184 
375 499 8 14 0.034049403 
735 136 9 23 0.034027148 
752 327 15 39 0.03401886 
950 -27 7 16 0.033993192 
779 322 13 31 0.03397981 
0 525 49 88 0.033948563 
998 339 10 22 0.033936985 
460 97 13 22 0.03393409 
538 132 8 13 0.033928216 
26 190 11 42 0.033928066 
645 61 7 21 0.0339173 
638 281 14 33 0.033880133 
1013 327 12 22 0.03385856 
784 478 7 10 0.033849183 
451 101 9 17 0.033808354 
143 32 9 35 0.033783004 
738 490 6 9 0.03377346 
326 471 6 17 0.03376025 
142 15 11 33 0.033741154 
185 246 7 13 0.033737905 
569 54 5 11 0.033694282 
360 168 12 29 0.033681132 
262 37 6 17 0.03367361 
554 87 8 15 0.033660773 
182 171 7 24 0.03365127 
397 9 11 16 0.03361563 
578 51 7 14 0.033606276 
730 410 9 14 0.033603113 
220 17 9 26 0.03359823 
4 241 9 49 0.0335924 
539 353 9 22 0.03359082 
640 110 11 21 0.033559863 
451 501 8 12 0.033549704 
924 329 9 20 0.033544846 
22 23 75 133 0.033540606 
778 22 13 15 0.03352284 
517 81 6 12 0.033519905 
994 107 15 42 0.033510923 
936 -27 8 16 0.033502687 
579 36 7 17 0.03350242 
1015 99 9 20 0.03348743 
221 401 7 25 0.033482667 
465 214 7 17 0.033476572 
692 122 10 20 0.033466123 
27 243 10 39 0.03346562 
935 159 11 25 0.033459887 
36 417 11 25 0.033440545 
955 383 6 14 0.033412956 
478 150 181 167 0.03340776 
217 113 11 37 0.033384625 
410 85 10 18 0.0333815 
684 40 5 12 0.033344325 
273 9 7 16 0.03333215 
998 371 10 16 0.033322692 
640 121 11 26 0.0333171 
349 146 12 23 0.033307243 
439 317 9 15 0.033304438 
155 34 10 32 0.033293948 
428 159 9 21 0.03328761 
604 343 8 17 0.03328704 
515 354 8 20 0.033276867 
400 84 10 19 0.033190694 
1015 151 11 22 0.033135675 
332 174 12 21 0.033117365 
243 313 13 28 0.033105385 
415 488 7 12 0.033089183 
833 338 10 23 0.033052813 
655 135 8 23 0.03303435 
39 -12 11 16 0.033016473 
616 49 7 19 0.033015437 
229 295 8 16 0.033014905 
398 76 10 16 0.033000614 
146 253 5 19 0.032997753 
451 230 7 15 0.032987684 
829 498 12 18 0.03294823 
848 227 10 22 0.032937385 
439 90 7 13 0.032920767 
670 165 7 16 0.032893445 
693 136 9 18 0.03289059 
627 211 11 22 0.032888666 
450 112 8 17 0.03286549 
440 78 6 14 0.0328622 
615 325 11 24 0.032851715 
42 515 7 11 0.03281985 
670 151 7 18 0.03281575 
744 100 10 16 0.032802198 
641 150 9 19 0.032801133 
350 516 7 10 0.032797847 
567 62 7 14 0.03279291 
582 80 6 12 0.032792903 
692 13 10 13 0.032782037 
600 311 13 25 0.032725997 
2 37 11 45 0.032694135 
807 173 9 22 0.032684192 
704 111 10 19 0.032654177 
705 245 11 23 0.032610174 
693 164 8 17 0.032606054 
667 110 11 21 0.032598644 
718 99 10 17 0.032594003 
753 230 13 35 0.032590713 
988 12 7 13 0.03258 
160 257 5 15 0.0325562 
357 35 14 18 0.032524038 
557 24 6 13 0.0325229 
301 181 6 11 0.032477494 
120 515 6 10 0.032433826 
656 12 8 15 0.032418046 
249 385 6 14 0.03237273 
901 514 7 12 0.032361586 
384 172 10 20 0.032347325 
475 99 11 18 0.03231513 
3 317 10 47 0.032303955 
210 502 6 10 0.032297533 
957 308 13 27 0.03225628 
464 227 7 16 0.032219175 
975 514 10 13 0.032185696 
430 121 5 9 0.032178693 
695 149 7 17 0.032164045 
376 484 7 14 0.032112 
712 424 6 11 0.032104865 
734 176 9 21 0.03208805 
1011 312 13 23 0.032039184 
451 127 7 16 0.032025263 
807 478 9 13 0.032022197 
25 306 11 42 0.031994585 
926 430 22 30 0.031990945 
592 488 7 11 0.031986535 
436 392 11 42 0.03197413 
414 501 7 11 0.03197106 
339 488 5 12 0.03196609 
107 516 7 9 0.03196551 
327 23 7 15 0.03195717 
323 178 9 15 0.031936526 
310 182 6 10 0.031912487 
643 213 9 19 0.031791523 
283 457 9 20 0.03178923 
385 8 11 16 0.031775855 
605 356 8 18 0.031769834 
374 76 9 14 0.03174277 
603 325 9 21 0.03172213 
770 266 9 18 0.03171986 
296 20 9 22 0.03171052 
581 63 6 15 0.031709507 
4 280 9 48 0.031697046 
787 256 8 17 0.031687688 
656 149 8 20 0.03168556 
947 308 13 28 0.031673517 
431 125 92 111 0.03164199 
181 65 39 113 0.03164116 
619 166 9 18 0.031608693 
209 46 9 30 0.031597443 
175 299 35 56 0.031561513 
885 495 8 18 0.031531043 
579 356 9 18 0.031528175 
450 214 8 17 0.03149099 
935 327 9 21 0.031486377 
568 515 7 11 0.031446494 
232 -40 8 17 0.031445347 
486 198 10 21 0.031429652 
846 446 15 22 0.031427164 
873 414 10 25 0.03141759 
296 513 9 11 0.031372204 
844 103 12 31 0.031367894 
618 97 10 18 0.0313638 
617 265 7 16 0.031353947 
820 322 10 26 0.031335495 
332 163 11 19 0.031332258 
847 276 10 21 0.031322177 
401 487 8 14 0.031258896 
248 275 10 23 0.031235073 
461 172 10 23 0.031235056 
630 11 9 17 0.031224694 
388 272 8 23 0.031207923 
643 230 7 16 0.031132095 
508 273 17 24 0.031126972 
332 308 12 33 0.031114835 
449 392 11 45 0.03110801 
370 209 12 31 0.031081598 
463 201 9 19 0.031078693 
768 99 12 18 0.031072414 
541 12 7 12 0.031050604 
745 23 9 12 0.031034496 
977 330 9 20 0.031028748 
861 331 32 71 0.031019356 
284 264 12 22 0.030984588 
715 346 13 32 0.030981706 
270 250 10 19 0.030956466 
861 495 8 15 0.03095374 
82 524 6 10 0.030917047 
620 232 6 13 0.030903261 
30 430 8 23 0.03088597 
388 214 8 19 0.030864596 
666 -39 10 16 0.030860497 
655 112 10 18 0.03083085 
236 431 6 19 0.03082236 
706 376 10 25 0.030816596 
797 198 11 26 0.030785257 
671 502 7 12 0.030753978 
872 365 10 32 0.030720621 
931 127 13 35 0.030692924 
156 17 10 29 0.030670293 
542 39 7 12 0.03066066 
669 134 9 23 0.030628167 
350 488 6 12 0.030596375 
911 96 10 28 0.030584062 
820 188 10 21 0.030582432 
269 276 13 24 0.030571496 
900 392 8 19 0.030568462 
832 210 12 24 0.030557804 
567 203 8 19 0.030550102 
487 185 11 23 0.030534431 
987 132 12 29 0.030533668 
501 271 12 24 0.030528873 
823 426 8 14 0.030522507 
832 82 12 25 0.030517578 
0 46 59 146 0.03051445 
781 99 10 17 0.030493466 
146 375 7 30 0.030456094 
886 510 7 16 0.030453773 
197 202 7 18 0.03044209 
733 100 9 15 0.030438334 
161 294 6 15 0.030436013 
859 147 9 28 0.030430686 
795 98 9 16 0.030415805 
428 223 102 98 0.030408269 
736 176 33 72 0.03039939 
590 369 10 22 0.030398687 
339 430 7 17 0.030379675 
885 484 7 15 0.03035611 
552 186 9 20 0.030352827 
29 416 8 26 0.030343074 
568 79 6 12 0.030334651 
950 253 86 123 0.030328928 
822 34 8 15 0.030328106 
772 488 8 9 0.030295914 
170 226 7 19 0.030263936 
947 145 10 26 0.03026213 
872 163 9 22 0.03025817 
922 311 11 23 0.030251453 
632 95 146 179 0.030242952 
643 515 10 12 0.03022504 
337 473 6 15 0.030223818 
761 22 13 15 0.030184362 
624 310 15 29 0.030180976 
440 309 7 12 0.030145485 
612 302 12 20 0.030140163 
670 49 6 15 0.030112073 
843 316 85 114 0.030109847 
719 75 8 15 0.03010184 
768 347 11 31 0.03009321 
440 501 8 12 0.030055668 
410 425 11 29 0.03005528 
541 52 9 13 0.030030783 
460 134 11 23 0.030018985 
696 525 7 10 0.030018235 
912 81 9 27 0.029995965 
257 -40 9 18 0.029943252 
731 525 9 11 0.029924447 
630 263 11 23 0.029922534 
11 23 12 43 0.029920423 
26 400 10 32 0.029918203 
236 397 5 14 0.029915575 
734 123 10 23 0.029907957 
197 502 6 11 0.029883673 
810 436 10 15 0.02987836 
259 22 7 17 0.029798843 
26 216 11 41 0.029784014 
836 197 10 22 0.029757 
983 415 12 23 0.029741611 
373 169 10 27 0.029720204 
274 36 6 19 0.029708348 
171 338 7 23 0.029708175 
516 11 6 13 0.02970232 
257 364 10 26 0.029681602 
734 514 6 10 0.029679673 
311 487 7 13 0.029655283 
250 207 5 11 0.02965282 
626 497 11 18 0.029644571 
245 181 7 14 0.02959107 
340 422 6 15 0.029579628 
919 157 13 26 0.029579148 
477 378 7 28 0.02955898 
734 418 93 105 0.029558437 
131 -11 8 16 0.029545045 
964 105 10 32 0.029542208 
656 99 10 16 0.029518142 
588 378 12 33 0.02951193 
208 16 9 26 0.0294951 
569 36 7 15 0.029480038 
715 326 12 26 0.029474476 
553 62 9 17 0.029443666 
246 121 9 23 0.029429324 
263 196 6 12 0.0293952 
745 523 10 13 0.029382892 
222 382 6 19 0.029374043 
850 38 7 13 0.029347582 
500 20 9 17 0.029343987 
350 23 97 95 0.029340444 
65 45 11 31 0.029338142 
385 72 11 18 0.029334584 
866 443 14 26 0.029319668 
654 241 11 19 0.029310845 
555 379 7 28 0.029305713 
531 38 6 12 0.029296124 
886 430 10 24 0.029283043 
766 250 12 24 0.029231086 
809 351 9 28 0.029216232 
899 364 9 19 0.02919662 
274 23 7 17 0.0291935 
705 487 7 14 0.02917985 
618 354 9 20 0.029179726 
930 271 33 61 0.029173383 
640 100 10 17 0.029172255 
657 229 7 14 0.029156385 
735 304 8 16 0.02915011 
555 515 7 11 0.029132497 
630 514 9 11 0.029120328 
931 392 13 24 0.029089276 
427 12 7 14 0.029065581 
3 125 10 48 0.029062198 
655 121 9 23 0.029050326 
347 174 11 24 0.029031571 
834 37 8 14 0.029027026 
478 369 7 20 0.029023722 
983 522 14 16 0.029021708 
916 415 20 29 0.028993258 
554 217 7 14 0.028989984 
966 74 6 19 0.028983647 
-57 552 324 345 0.028940912 
692 292 14 35 0.028931368 
822 489 8 12 0.028929923 
3 342 10 46 0.028919116 
270 263 11 21 0.028868673 
718 112 10 20 0.02886413 
823 93 78 121 0.028857782 
682 353 7 20 0.028851861 
683 525 8 10 0.028788662 
31 445 8 20 0.02878214 
24 -14 14 24 0.02875393 
900 48 7 19 0.0287458 
296 -40 9 18 0.028741753 
182 339 9 18 0.028694425 
619 514 8 11 0.028692044 
708 13 9 12 0.028662411 
402 500 9 13 0.028637113 
220 364 9 22 0.028586416 
224 517 5 8 0.028582953 
743 407 15 22 0.028576307 
396 59 14 22 0.028564567 
758 101 10 16 0.028534863 
733 114 9 20 0.028531963 
498 169 12 25 0.028530855 
622 148 85 99 0.028526884 
33 -42 15 19 0.028523013 
503 63 7 15 0.02851768 
718 56 10 20 0.028516967 
628 110 11 20 0.028511612 
236 421 5 16 0.028507166 
454 14 5 12 0.028482651 
231 147 9 22 0.028481051 
819 97 12 20 0.028459122 
174 245 5 14 0.028452704 
158 318 7 19 0.028451214 
1014 132 12 25 0.028424893 
438 101 7 15 0.02842194 
659 35 7 18 0.028397406 
35 178 13 39 0.028379073 
806 441 11 21 0.028369712 
862 349 9 23 0.028360186 
827 429 46 60 0.02834312 
591 356 9 18 0.028327761 
325 455 8 21 0.028327262 
835 12 8 12 0.028291237 
196 189 7 20 0.028288543 
384 137 10 20 0.028266598 
25 330 12 41 0.028255744 
248 516 6 9 0.02824243 
767 319 15 35 0.028239876 
737 498 6 11 0.028236609 
701 325 154 167 0.028221492 
502 512 8 13 0.028211193 
155 -29 9 20 0.028185975 
593 275 8 18 0.028167095 
270 -41 9 19 0.0281552 
946 531 14 16 0.028099721 
362 327 8 27 0.028089266 
996 524 12 16 0.028084721 
709 162 8 18 0.028084485 
530 11 6 13 0.028079968 
219 93 9 32 0.028071076 
614 209 11 22 0.028043449 
742 250 28 56 0.028024206 
658 24 6 14 0.027997093 
370 24 12 16 0.027994959 
386 284 8 26 0.027988004 
771 498 11 16 0.027965698 
502 37 8 16 0.027963996 
168 34 9 30 0.027946718 
1015 355 10 19 0.027942779 
326 488 6 12 0.02793222 
318 305 13 34 0.02792623 
895 428 15 28 0.02792469 
935 56 8 27 0.02792324 
425 501 8 11 0.027917027 
335 201 29 60 0.027890062 
359 180 81 122 0.027878106 
94 523 7 11 0.02787655 
902 440 44 78 0.027810613 
422 458 10 22 0.027806798 
961 325 10 22 0.027790155 
211 517 5 8 0.027785243 
518 133 10 21 0.027780866 
529 352 8 22 0.027768472 
9 109 13 53 0.027765939 
35 14 14 28 0.027742736 
384 498 10 16 0.027707122 
27 494 10 19 0.027696474 
311 516 7 10 0.027690226 
577 476 8 13 0.02766435 
848 146 9 28 0.027659837 
607 39 6 16 0.027658278 
715 299 11 21 0.027637312 
452 516 7 10 0.02763498 
219 -40 9 17 0.027620098 
703 310 11 26 0.027617233 
541 514 8 11 0.027605698 
7 -90 16 42 0.027603503 
283 -40 9 18 0.027591793 
248 292 9 22 0.027584592 
344 57 12 26 0.027577374 
924 96 10 29 0.027560676 
810 65 8 16 0.027546348 
785 489 7 9 0.02754452 
668 27 6 13 0.027540345 
746 92 8 13 0.027532386 
384 187 10 21 0.027520621 
654 202 79 97 0.02750833 
521 272 19 26 0.027507033 
465 515 8 10 0.027506381 
232 347 10 24 0.027501129 
488 212 8 18 0.02749867 
194 323 13 22 0.027497802 
331 258 11 25 0.027472332 
795 520 13 18 0.027471041 
528 512 8 13 0.02747097 
602 272 9 20 0.027469698 
759 71 11 20 0.027464781 
562 274 13 23 0.027445374 
588 303 15 23 0.027438937 
67 36 101 141 0.027417047 
404 206 6 13 0.027413404 
848 435 11 18 0.027412394 
860 118 9 32 0.027410198 
72 31 182 254 0.027390894 
785 49 7 14 0.027357545 
383 61 13 19 0.027357114 
795 351 9 26 0.027355533 
584 161 7 18 0.027354607 
121 302 6 24 0.027332125 
79 15 11 32 0.027320791 
644 11 8 16 0.027315274 
311 473 7 16 0.027284095 
724 402 6 12 0.027280262 
500 290 44 70 0.027271658 
771 476 8 11 0.027266022 
364 516 6 10 0.027243532 
335 457 7 18 0.027241442 
554 54 7 13 0.027235366 
684 13 7 12 0.027220936 
347 142 34 72 0.027142765 
464 358 7 17 0.027141977 
744 395 13 22 0.02710906 
835 26 7 13 0.02708948 
311 22 8 18 0.02706806 
654 500 9 14 0.027063575 
555 38 7 13 0.027040059 
453 63 6 14 0.027038267 
236 239 7 17 0.027036885 
552 199 9 19 0.02702076 
36 269 12 37 0.027018012 
849 52 8 17 0.027003337 
821 441 10 19 0.027002798 
515 366 8 23 0.026983242 
782 521 13 16 0.026925245 
862 302 29 46 0.026896304 
235 383 6 15 0.026875097 
398 174 10 17 0.026843784 
409 58 13 23 0.026803615 
900 524 7 12 0.026801849 
594 38 6 15 0.026801558 
932 108 12 33 0.02678739 
246 134 8 21 0.026776673 
848 349 10 23 0.026736652 
694 393 8 19 0.026727727 
524 322 13 25 0.026727498 
134 515 5 10 0.026721172 
902 382 6 16 0.026696553 
541 25 6 13 0.026695633 
158 304 7 18 0.026691537 
427 101 7 14 0.02668137 
26 357 11 37 0.026670704 
495 98 88 96 0.026656967 
325 166 7 13 0.026649415 
580 24 6 14 0.026641848 
66 -10 10 14 0.026629496 
159 516 6 9 0.026615977 
832 224 12 24 0.02660968 
885 469 9 18 0.02660718 
350 501 7 12 0.026590182 
439 12 7 13 0.026586277 
29 22 34 76 0.026577568 
528 376 8 30 0.026567984 
921 204 27 54 0.026566904 
768 507 13 19 0.026561184 
565 341 8 17 0.026525784 
783 257 33 57 0.026490605 
790 423 103 102 0.026469383 
912 270 32 62 0.026457446 
172 303 9 21 0.02645379 
668 12 7 12 0.026446715 
762 39 8 13 0.026430046 
232 363 9 23 0.026428256 
899 70 9 22 0.026426286 
514 171 10 22 0.026415942 
858 277 29 50 0.026412813 
184 229 8 16 0.026359113 
611 312 14 25 0.02629815 
967 87 6 19 0.026296286 
829 533 16 20 0.026286285 
742 192 14 34 0.026278036 
1012 108 11 26 0.026261276 
184 516 7 9 0.026238143 
246 149 8 20 0.026212981 
1016 370 10 18 0.026208872 
809 97 10 17 0.026178585 
548 274 13 24 0.026165992 
463 240 7 16 0.026165057 
837 150 8 21 0.026162785 
247 193 6 13 0.02615646 
873 473 8 14 0.02615297 
363 486 7 12 0.02614676 
446 307 14 18 0.026145298 
530 26 6 13 0.02613731 
479 254 6 15 0.026120238 
891 169 32 46 0.026107417 
206 378 8 25 0.026094303 
385 314 8 25 0.026088266 
934 68 8 29 0.026079597 
884 372 9 24 0.026077412 
107 524 7 10 0.0260659 
146 516 6 9 0.02605213 
707 179 8 15 0.026041871 
823 168 6 15 0.026038952 
461 252 9 19 0.026035251 
608 49 5 15 0.026005082 
501 353 9 21 0.026001368 
237 409 5 15 0.025989652 
440 287 9 21 0.025953522 
895 272 29 59 0.025952898 
412 12 8 13 0.025947483 
844 178 27 52 0.025943663 
794 336 10 28 0.02594202 
273 151 9 18 0.025934303 
50 269 14 40 0.025914809 
515 156 10 23 0.025897872 
631 154 6 15 0.02589035 
283 31 10 28 0.02587115 
797 34 10 15 0.025798235 
792 320 14 33 0.025764856 
657 165 7 17 0.025764748 
616 138 8 17 0.025751863 
221 351 9 20 0.025727693 
834 422 9 19 0.025722897 
732 90 8 14 0.025713658 
556 131 35 68 0.025691694 
220 29 93 119 0.025649415 
222 302 29 52 0.025635174 
780 112 12 20 0.025632963 
910 497 9 18 0.025628354 
667 523 10 11 0.025606964 
1017 -28 8 20 0.025605883 
49 42 16 36 0.025590481 
232 163 8 18 0.025586998 
615 293 10 17 0.025580412 
594 66 6 13 0.025563816 
154 68 36 111 0.025530776 
460 264 11 21 0.025504252 
351 396 6 17 0.025476169 
541 88 8 13 0.025461493 
34 230 14 42 0.025457483 
465 460 8 19 0.025418662 
958 209 28 59 0.025403563 
212 490 5 10 0.02538366 
440 516 8 10 0.025367621 
355 93 14 27 0.025349202 
575 276 11 19 0.02534879 
823 175 8 20 0.025346294 
799 197 26 64 0.025316363 
901 497 8 17 0.025315825 
120 524 7 10 0.025292585 
460 159 10 23 0.02528373 
460 111 10 19 0.025258834 
362 500 7 12 0.025236279 
490 511 9 13 0.025225958 
732 399 8 15 0.02522281 
172 1 88 127 0.025222545 
370 37 13 16 0.025210708 
356 110 13 26 0.025179675 
753 109 16 28 0.025138637 
276 253 40 60 0.02513691 
988 295 30 54 0.025133599 
275 304 19 38 0.025126625 
619 497 10 16 0.025120797 
846 420 10 23 0.025115082 
584 187 7 18 0.025110023 
554 341 8 18 0.025109466 
832 444 13 18 0.025108632 
794 183 13 25 0.025097359 
242 344 12 29 0.025096735 
833 238 12 25 0.025090238 
832 486 11 15 0.02508254 
474 173 11 22 0.025060331 
975 311 10 24 0.025059545 
756 395 13 22 0.025057608 
794 149 11 25 0.025022643 
627 363 12 27 0.025015613 
593 118 7 14 0.024998305 
909 537 11 13 0.024993654 
249 301 11 23 0.024987262 
158 200 7 22 0.024980638 
541 76 9 16 0.024961798 
755 474 10 13 0.02495632 
220 284 8 15 0.024939705 
396 50 13 18 0.024875041 
595 23 6 14 0.02487286 
195 337 10 19 0.024868922 
194 15 10 27 0.024838146 
929 417 16 24 0.024815787 
837 51 7 16 0.024795422 
172 516 6 9 0.024788328 
779 378 13 26 0.02478055 
404 192 6 14 0.024764484 
3 152 10 46 0.024760526 
376 514 7 11 0.024751179 
948 432 13 22 0.024750963 
363 470 9 17 0.024731798 
207 62 11 36 0.024721917 
766 380 13 23 0.024720639 
650 276 15 38 0.024708936 
1013 401 14 25 0.0246661 
603 369 11 24 0.024662498 
429 176 7 18 0.024626223 
504 50 6 13 0.024594594 
275 49 6 18 0.024579957 
720 174 10 20 0.024576746 
794 125 10 22 0.024574036 
197 517 6 9 0.024563419 
194 158 9 24 0.024560496 
952 59 7 23 0.02455434 
237 516 6 9 0.024552738 
679 233 13 28 0.024531286 
713 414 5 10 0.02452474 
51 18 13 27 0.024504567 
695 54 6 13 0.024504066 
195 173 8 21 0.024492444 
710 191 29 54 0.02447171 
755 521 12 16 0.024470512 
594 51 5 14 0.024456685 
589 98 11 18 0.0244517 
231 281 9 18 0.024446655 
900 481 9 18 0.024442077 
639 308 12 30 0.024440056 
899 465 11 23 0.024427215 
65 284 11 38 0.024419334 
1010 437 15 33 0.024384923 
871 433 11 22 0.024382107 
539 338 10 23 0.024376381 
922 309 34 68 0.024336236 
898 84 10 24 0.024331389 
287 515 7 9 0.02430962 
765 215 15 30 0.024300657 
456 37 6 17 0.024293633 
798 63 8 16 0.024273233 
974 153 27 58 0.024267513 
757 379 13 25 0.024250606 
397 161 9 17 0.024245916 
180 398 9 33 0.024234723 
-5 -286 113 319 0.024234174 
679 -39 9 16 0.024228377 
204 145 152 205 0.02422397 
526 173 10 22 0.024212103 
245 163 8 18 0.02420582 
924 537 10 12 0.024196051 
975 132 10 25 0.024176644 
507 232 6 13 0.0241509 
604 100 9 16 0.024144085 
784 37 9 13 0.024136731 
897 537 12 14 0.024136283 
730 59 10 20 0.024125993 
742 358 14 36 0.024117103 
505 208 106 85 0.024101375 
275 517 5 8 0.024095058 
9 -21 18 34 0.024082147 
169 17 10 28 0.024057712 
495 244 5 14 0.024041168 
219 333 11 22 0.024026252 
706 471 7 17 0.02402601 
603 522 11 12 0.023958802 
350 441 10 20 0.023957446 
296 288 12 22 0.023938637 
870 96 12 39 0.02389418 
270 118 10 28 0.023882594 
2 450 32 75 0.02387019 
27 168 11 37 0.0238674 
615 367 12 25 0.02385707 
620 154 7 14 0.023827365 
868 185 31 52 0.023819048 
526 193 8 15 0.023792572 
618 37 7 18 0.023787523 
685 26 6 11 0.023779973 
721 139 8 19 0.023753906 
8 -115 13 44 0.023709815 
254 329 15 37 0.023703974 
179 41 12 39 0.023695242 
591 522 11 12 0.02368208 
334 246 10 24 0.023674043 
986 -41 8 19 0.023669263 
308 501 9 12 0.02366044 
906 428 22 33 0.02363863 
717 311 10 23 0.023596207 
645 271 39 84 0.023587398 
9 -63 19 34 0.023556553 
987 156 30 61 0.023523543 
516 513 8 12 0.023470988 
337 222 10 22 0.023439012 
499 141 12 31 0.023434514 
873 148 8 25 0.023432158 
338 517 6 9 0.02342795 
384 48 12 17 0.023423087 
102 69 13 45 0.023419013 
1000 -44 8 23 0.023409301 
181 155 9 29 0.023403639 
604 116 8 14 0.023393327 
591 342 9 18 0.023384593 
324 37 9 20 0.023382006 
749 195 36 75 0.023359455 
792 305 15 31 0.023357078 
604 297 9 15 0.023353755 
567 120 7 11 0.023344746 
736 311 8 21 0.023323262 
754 360 14 33 0.023310177 
225 474 5 15 0.023288567 
335 446 8 18 0.023284616 
832 260 12 25 0.023265155 
225 181 6 14 0.023234759 
492 228 6 16 0.023225391 
996 509 12 20 0.023217598 
412 163 8 16 0.02320156 
219 143 10 25 0.023186468 
133 525 7 9 0.023170073 
831 275 12 22 0.023156058 
540 61 11 18 0.023138717 
628 123 11 23 0.02311132 
372 85 11 18 0.02310575 
619 278 9 20 0.023087071 
29 512 9 15 0.023073778 
180 16 11 28 0.02306334 
887 522 8 14 0.023038693 
339 501 6 11 0.023036009 
477 514 9 11 0.023022298 
262 166 7 15 0.02302066 
836 108 11 24 0.023016637 
987 330 37 69 0.023013407 
984 510 13 18 0.023008728 
792 282 88 119 0.022983162 
487 170 12 24 0.0229794 
333 131 11 24 0.022967994 
454 51 6 13 0.022958053 
864 486 7 12 0.022888213 
706 452 9 22 0.02287681 
446 331 12 16 0.022872036 
820 109 10 20 0.022870235 
695 423 6 13 0.022859348 
873 382 9 33 0.022849668 
264 180 6 13 0.022813417 
794 136 11 25 0.022799855 
708 151 7 16 0.022792093 
368 158 40 81 0.022783501 
487 353 9 21 0.022782885 
794 112 9 17 0.02276567 
842 519 14 19 0.022755573 
425 60 8 19 0.022751266 
617 111 9 17 0.022741346 
399 24 9 15 0.02273573 
23 -45 16 24 0.022733187 
386 126 10 18 0.022727426 
474 121 13 25 0.022715079 
719 376 10 25 0.022709006 
918 99 33 77 0.02270749 
658 51 6 15 0.022707472 
687 269 37 64 0.022701161 
422 404 12 39 0.022696149 
39 32 11 24 0.022693185 
294 438 10 25 0.022690428 
553 462 7 13 0.02268955 
705 121 10 21 0.022666827 
34 402 13 28 0.02264361 
808 151 7 20 0.022625793 
249 263 31 63 0.022622244 
1013 416 14 26 0.022611627 
799 480 7 10 0.022608036 
709 64 6 14 0.022588914 
159 524 6 10 0.02257958 
742 299 27 64 0.022578666 
334 150 10 18 0.022555599 
357 46 14 21 0.02252874 
441 61 6 15 0.022501577 
934 536 11 13 0.02249638 
676 289 16 42 0.022478413 
695 408 7 16 0.022464277 
217 261 11 22 0.022458887 
222 162 8 18 0.022443173 
27 -256 263 132 0.022360412 
797 48 8 14 0.022357754 
412 177 8 15 0.022352254 
891 307 30 59 0.022349242 
880 91 14 35 0.022345424 
641 382 12 39 0.022337753 
643 498 10 17 0.02233135 
323 443 8 23 0.022286639 
384 38 12 16 0.02224597 
873 129 10 31 0.022240622 
459 393 12 45 0.022222843 
693 319 12 32 0.022199916 
233 262 9 22 0.022179991 
431 235 26 53 0.022164801 
363 455 10 18 0.022154512 
475 112 11 20 0.022154063 
957 264 30 58 0.022119828 
126 76 32 99 0.02211695 
807 138 8 20 0.022090113 
37 43 14 32 0.0220588 
962 504 9 13 0.022056714 
146 524 6 10 0.02203806 
372 48 12 17 0.02203094 
833 96 13 23 0.02201302 
210 203 7 16 0.022010457 
734 323 11 26 0.022006666 
385 84 11 18 0.02199739 
886 389 8 23 0.021992857 
908 140 13 33 0.021933183 
527 336 10 25 0.021928629 
67 33 9 26 0.021925183 
15 503 12 28 0.021921385 
295 455 9 22 0.021887025 
388 202 8 18 0.021882998 
573 305 18 23 0.021857299 
953 397 6 14 0.021840446 
365 126 34 64 0.021822223 
592 297 9 16 0.021812487 
154 45 13 46 0.021808619 
721 502 6 10 0.021795405 
208 160 8 20 0.021744333 
605 500 7 12 0.02173611 
64 17 12 29 0.021728946 
748 477 7 10 0.021721676 
576 214 97 102 0.021707766 
719 453 10 20 0.021677984 
859 505 10 19 0.021675378 
469 276 47 72 0.021668399 
629 522 12 11 0.021665309 
457 26 5 13 0.021659425 
3 98 10 50 0.021625753 
625 375 13 35 0.021619195 
516 53 6 10 0.02159063 
7 -155 15 46 0.021588806 
530 78 7 13 0.021549813 
854 239 28 52 0.021542082 
325 501 7 11 0.021515887 
28 523 9 16 0.0215151 
167 19 31 98 0.021484649 
265 314 16 33 0.021464337 
961 124 12 33 0.021453444 
518 40 5 12 0.021422962 
812 310 30 74 0.021420112 
132 252 6 23 0.021412442 
336 234 10 23 0.021398222 
297 167 8 14 0.02138657 
38 296 10 34 0.021385616 
540 117 8 14 0.021369979 
819 531 15 21 0.02136132 
530 53 7 11 0.021340104 
185 240 31 46 0.021329127 
488 376 8 31 0.021313526 
642 521 12 12 0.02129969 
493 105 34 63 0.021267628 
141 47 12 43 0.021263689 
616 522 12 12 0.021229312 
692 -39 9 16 0.021220822 
631 137 8 18 0.021201506 
8 -252 82 77 0.0211991 
940 -247 74 63 0.02118603 
114 67 15 48 0.021174423 
387 516 8 10 0.021169156 
25 24 13 34 0.021149117 
645 35 7 17 0.021145333 
731 376 12 27 0.021134755 
500 189 9 18 0.02110378 
519 194 7 14 0.02108353 
962 149 10 24 0.02107739 
752 405 19 27 0.021065736 
766 393 14 21 0.021051636 
539 173 11 22 0.02101599 
521 121 29 49 0.02098629 
411 50 10 18 0.020937908 
822 50 8 14 0.02087582 
923 499 10 18 0.020855317 
404 77 92 102 0.020839676 
182 490 7 11 0.020824505 
717 418 45 67 0.020821081 
489 368 8 21 0.020816017 
952 505 9 12 0.020806644 
501 366 9 22 0.020800678 
847 495 10 17 0.02078945 
452 460 7 20 0.020782804 
194 44 9 33 0.020766033 
106 276 7 28 0.020765265 
894 412 39 66 0.020741578 
397 37 11 16 0.020737007 
736 477 7 11 0.020713422 
975 219 31 59 0.020712378 
541 203 8 17 0.020710716 
16 521 10 25 0.020704573 
841 -309 213 372 0.020699779 
766 109 15 24 0.020672884 
517 145 10 22 0.020671202 
539 217 8 15 0.020671139 
166 44 13 47 0.020653116 
705 242 32 59 0.020649508 
211 192 5 16 0.02064037 
516 63 7 14 0.020629248 
885 443 11 23 0.020619622 
298 523 8 10 0.020603938 
325 517 6 9 0.020590488 
804 530 16 21 0.02058717 
907 447 16 29 0.02057974 
238 293 29 54 0.020560306 
884 145 11 26 0.020543816 
730 73 9 17 0.020543337 
910 401 41 60 0.02054038 
514 341 9 20 0.020519072 
941 293 34 71 0.020508079 
936 308 11 26 0.020472517 
907 462 13 26 0.020471217 
980 425 16 31 0.020469014 
644 51 6 14 0.02046538 
667 193 29 51 0.02045729 
709 27 9 11 0.020438557 
34 201 13 42 0.020418458 
436 150 31 64 0.020406922 
261 524 6 10 0.02039925 
89 70 13 45 0.020397794 
842 205 32 60 0.020393793 
111 70 31 97 0.020391801 
35 152 13 38 0.020333188 
806 455 10 19 0.020296667 
402 516 7 10 0.020291178 
779 122 13 25 0.020290647 
805 321 13 30 0.020256642 
810 425 8 13 0.020239286 
988 189 32 67 0.020232381 
171 524 7 10 0.020221792 
696 40 6 12 0.02020478 
207 15 29 83 0.020202328 
685 194 28 48 0.020194642 
693 24 8 12 0.020062326 
996 460 14 34 0.02003823 
966 82 30 74 0.01999713 
457 274 16 27 0.019980244 
887 302 89 136 0.019957516 
898 450 13 26 0.019941505 
836 124 9 21 0.019938568 
117 -10 9 16 0.019875104 
948 129 11 30 0.019849218 
518 25 6 13 0.019829301 
1015 381 12 22 0.019827101 
728 537 15 15 0.019819986 
77 284 11 38 0.019793961 
24 -56 13 20 0.019751849 
521 299 20 30 0.019743098 
748 38 8 12 0.019728003 
889 367 189 234 0.019713968 
210 177 7 17 0.0197044 
644 23 7 15 0.019702189 
488 154 12 27 0.019684592 
562 174 10 22 0.019679688 
414 517 8 9 0.019676497 
457 138 39 75 0.019651853 
909 479 11 23 0.019633817 
145 239 6 22 0.019627174 
2 369 11 43 0.019607255 
957 529 16 18 0.019596078 
27 152 27 85 0.01958561 
311 523 7 10 0.01958347 
12 482 16 37 0.019570528 
879 296 29 54 0.019550215 
230 312 33 76 0.01954812 
255 218 34 63 0.019531297 
264 194 32 52 0.019516092 
565 187 9 20 0.019485716 
581 119 7 12 0.019470153 
373 246 11 26 0.01946532 
490 277 10 22 0.01944871 
375 314 8 26 0.019434573 
575 295 13 17 0.01942645 
749 268 32 57 0.019420475 
591 322 11 22 0.019420044 
963 135 81 114 0.01938038 
706 137 9 18 0.019373076 
414 152 7 14 0.019366167 
427 517 7 9 0.01936133 
653 406 13 43 0.019352898 
223 428 6 25 0.019341368 
184 524 7 10 0.019339731 
929 446 18 26 0.019307284 
783 220 11 26 0.019304566 
793 285 34 74 0.019281829 
261 148 8 20 0.019268313 
478 355 8 19 0.019251114 
207 -40 8 17 0.019220177 
719 122 9 21 0.019220015 
843 507 12 19 0.019204112 
863 360 8 27 0.019170927 
-1 304 55 139 0.019167883 
221 415 7 26 0.019154714 
884 538 12 15 0.019128904 
974 498 12 20 0.019120762 
832 165 27 56 0.019116024 
767 521 14 17 0.019106911 
2 -4 23 80 0.019105438 
741 150 16 31 0.019063318 
856 520 12 18 0.019036531 
672 487 6 14 0.019019341 
952 74 7 22 0.019015176 
426 22 7 15 0.018975511 
897 143 12 29 0.01896964 
962 521 60 87 0.018965954 
579 98 9 17 0.018935557 
882 112 13 38 0.018928925 
578 523 11 11 0.018927226 
958 412 32 55 0.018915314 
556 293 43 63 0.018910822 
578 340 9 18 0.018906958 
979 313 29 63 0.018900257 
289 105 44 78 0.018898929 
839 309 29 55 0.018885769 
619 201 143 186 0.018813461 
373 271 9 26 0.01879678 
508 216 7 13 0.018789772 
274 525 6 9 0.018787446 
51 295 12 38 0.01878641 
693 332 32 71 0.018778367 
835 272 32 58 0.018762218 
386 25 10 16 0.018746817 
845 483 11 17 0.01873605 
911 115 13 38 0.018730862 
398 96 11 20 0.01872518 
631 50 6 15 0.018698303 
632 34 8 18 0.018688336 
995 533 14 24 0.018677594 
763 230 16 32 0.018664878 
951 421 9 16 0.01866395 
953 87 7 21 0.018643647 
824 151 7 17 0.018643381 
952 410 8 14 0.018621296 
710 38 10 16 0.018621158 
556 119 7 11 0.018616635 
553 100 9 15 0.018613493 
476 159 10 22 0.018612402 
484 142 34 67 0.018590944 
808 49 8 14 0.018589828 
349 472 8 16 0.018577011 
347 257 11 27 0.018575687 
102 98 13 46 0.018573135 
349 457 8 17 0.018571688 
842 535 15 18 0.018566847 
17 -2 34 60 0.018558258 
843 461 16 24 0.018548934 
296 32 10 29 0.018510494 
331 286 12 28 0.018510008 
652 181 30 54 0.01850927 
414 24 7 13 0.018504921 
473 259 120 84 0.018487575 
344 217 38 85 0.018465424 
542 229 6 12 0.018454373 
397 149 9 18 0.018453883 
540 102 9 14 0.018425304 
172 323 10 22 0.018420545 
40 536 11 18 0.018415343 
88 96 14 47 0.01839347 
830 371 93 117 0.018393315 
709 396 7 16 0.01835589 
509 292 17 22 0.018350318 
359 74 10 19 0.018332295 
952 97 7 23 0.018320896 
877 328 32 61 0.01828261 
291 144 13 26 0.018259583 
411 97 10 18 0.018232627 
711 46 9 16 0.018221356 
95 72 28 95 0.018191798 
808 125 8 18 0.018180596 
1016 525 9 15 0.018164974 
837 240 29 58 0.018159818 
545 254 42 62 0.01813195 
286 525 7 9 0.018115964 
36 546 16 20 0.018099323 
643 -237 97 45 0.018028613 
1016 512 9 16 0.018025879 
565 99 9 16 0.018020105 
2 46 24 99 0.018014895 
858 417 11 26 0.018007133 
54 538 10 15 0.018002734 
616 125 10 19 0.017996496 
557 -237 90 46 0.017980501 
741 538 16 15 0.017971737 
814 479 40 59 0.017951779 
296 419 9 22 0.017941281 
919 479 14 26 0.017937357 
847 363 8 25 0.017903639 
514 146 34 67 0.017893516 
132 25 27 96 0.017882591 
540 189 9 18 0.017876972 
236 249 8 21 0.017863207 
340 409 6 15 0.017859759 
3 397 10 38 0.017857682 
719 336 33 75 0.017849742 
558 305 20 23 0.017832862 
311 170 7 11 0.017823806 
910 327 30 62 0.017808959 
900 135 35 64 0.01780539 
-4 384 59 128 0.017802624 
895 102 15 36 0.017796537 
197 524 7 10 0.017787538 
306 303 14 29 0.017786378 
223 525 6 9 0.017781438 
566 523 10 11 0.017732289 
345 121 28 52 0.017728284 
441 52 6 13 0.017715693 
742 163 139 181 0.017708309 
574 324 13 20 0.01770145 
210 524 7 10 0.017662143 
35 374 15 31 0.017621048 
552 326 11 19 0.01759721 
201 101 38 87 0.017592344 
999 415 12 25 0.017581537 
778 533 18 19 0.017576454 
168 153 10 35 0.017515464 
994 488 15 30 0.017515022 
206 110 13 42 0.017478667 
634 258 32 71 0.01745326 
221 235 196 302 0.017430803 
871 521 10 16 0.01742214 
630 20 8 17 0.017408717 
307 212 32 63 0.017400317 
500 291 13 20 0.017391318 
458 31 169 153 0.017377423 
356 270 12 30 0.017357852 
983 265 30 51 0.017342249 
938 211 28 58 0.017340302 
310 454 9 23 0.017327111 
918 459 16 28 0.01727721 
792 149 33 70 0.017273638 
585 175 7 19 0.017256325 
896 550 13 15 0.017243773 
731 549 295 365 0.01722786 
506 -237 88 46 0.017221943 
786 238 10 22 0.017218651 
717 222 28 58 0.017215244 
719 471 9 16 0.017211035 
957 449 15 27 0.017198192 
1000 436 14 33 0.017191239 
970 446 16 35 0.017185548 
519 210 9 14 0.017174793 
584 295 33 66 0.017154554 
450 523 10 10 0.017146531 
935 133 31 66 0.017139351 
935 502 10 14 0.017134994 
1015 -45 9 26 0.017098377 
0 107 21 96 0.01708282 
603 297 32 66 0.017074406 
821 474 9 15 0.017070157 
874 142 35 66 0.01706316 
612 167 26 51 0.01706136 
474 143 13 28 0.017059896 
79 71 27 91 0.01704821 
677 526 72 77 0.017043112 
985 460 14 36 0.017037379 
371 231 12 27 0.017012767 
791 530 18 22 0.017010449 
146 14 26 85 0.016982745 
537 324 12 25 0.016964694 
985 492 14 28 0.016953222 
537 135 35 63 0.016945103 
811 111 8 17 0.016943038 
740 339 34 73 0.016925365 
145 389 7 29 0.016911345 
192 62 12 37 0.016910607 
262 88 32 75 0.016909396 
897 83 33 82 0.016906682 
153 98 14 42 0.016898999 
504 204 9 15 0.016870093 
631 175 33 62 0.016866168 
385 112 11 19 0.016848642 
237 79 89 142 0.01684534 
798 444 9 17 0.016818244 
924 524 60 57 0.0168177 
716 536 15 16 0.016813364 
997 606 13 52 0.016788118 
463 523 10 10 0.016784562 
753 536 18 17 0.016781187 
705 -39 9 16 0.016778708 
454 -237 89 46 0.016765514 
232 -238 99 47 0.016763313 
750 146 24 39 0.016756736 
956 164 31 63 0.016732382 
26 74 13 42 0.016710995 
788 326 29 72 0.016697554 
384 96 13 21 0.016694471 
50 418 12 27 0.016693288 
812 201 36 67 0.01667744 
857 466 11 18 0.016653651 
553 523 10 11 0.016641997 
327 140 38 61 0.016640194 
662 220 32 58 0.016617658 
299 264 30 62 0.016612548 
868 78 34 89 0.016597662 
138 96 16 48 0.01659068 
439 254 42 63 0.016582211 
369 96 13 22 0.016555628 
778 515 50 55 0.016538473 
983 442 36 85 0.016532673 
908 552 12 13 0.016508617 
308 439 10 25 0.01647302 
26 49 14 39 0.016462035 
207 139 11 30 0.016453113 
9 -41 20 34 0.016442792 
829 548 17 18 0.016427746 
0 -19 13 32 0.016420228 
294 306 14 28 0.016384242 
732 454 11 18 0.016356515 
296 -238 99 46 0.016353255 
248 525 6 9 0.016340803 
192 318 33 64 0.016335186 
721 488 7 12 0.016333655 
767 285 33 63 0.016330244 
402 -237 91 46 0.016317459 
53 80 35 100 0.016315315 
152 69 15 48 0.016310174 
311 35 10 25 0.016278056 
52 26 27 76 0.016276386 
51 548 13 18 0.016242085 
439 24 6 12 0.01622744 
235 525 7 9 0.016215881 
551 226 33 58 0.016213112 
20 546 63 71 0.016191984 
777 204 16 30 0.016190952 
90 274 9 32 0.01617167 
224 443 6 24 0.01614336 
421 188 35 64 0.01613057 
219 179 29 61 0.016096525 
564 323 33 65 0.016059019 
443 59 98 89 0.016058581 
883 551 14 15 0.015991053 
373 62 11 17 0.015919222 
506 247 33 52 0.015876481 
122 -3 24 69 0.01587429 
478 265 8 17 0.015867632 
882 396 97 112 0.015852941 
746 75 8 16 0.015852433 
886 37 92 114 0.01585027 
350 523 7 10 0.015843078 
364 524 6 9 0.01584032 
438 460 8 20 0.0158345 
791 376 11 27 0.015797531 
175 -238 89 48 0.015745185 
169 396 9 37 0.015742376 
416 141 6 13 0.015726693 
651 307 13 32 0.015719445 
284 134 12 25 0.015698137 
766 122 16 28 0.015674945 
918 153 33 62 0.015655821 
700 295 35 73 0.015646998 
768 325 30 71 0.015629249 
977 103 32 73 0.015625993 
273 121 34 67 0.015609204 
36 320 12 36 0.015601543 
514 377 8 30 0.015591586 
182 171 32 74 0.015588783 
27 138 12 39 0.015586156 
413 36 8 16 0.015575448 
640 508 75 87 0.015563859 
374 300 8 26 0.015558102 
197 221 30 54 0.0155329695 
1002 403 36 72 0.015532752 
628 299 32 68 0.015525986 
982 530 17 22 0.015516166 
752 200 18 39 0.015509479 
730 435 16 26 0.015494356 
274 63 7 17 0.015492757 
823 140 7 17 0.015480303 
397 178 33 65 0.015478188 
49 243 14 39 0.015467997 
324 524 7 9 0.015439695 
426 51 7 15 0.015371064 
950 109 9 26 0.015359803 
182 9 31 92 0.01535578 
747 65 8 15 0.015333753 
0 225 53 142 0.015308812 
376 524 6 10 0.0153080495 
901 250 27 49 0.015306555 
372 115 10 17 0.015264425 
412 260 28 67 0.015261365 
355 239 14 33 0.0152316345 
841 330 32 84 0.015202236 
306 423 32 77 0.0151954545 
462 346 10 14 0.015177555 
84 27 20 75 0.015160154 
420 439 12 33 0.015152517 
541 524 9 10 0.015150268 
738 113 32 63 0.015138333 
500 377 8 30 0.015120742 
782 461 9 13 0.015100573 
50 175 14 40 0.015085574 
346 237 13 33 0.015071637 
126 68 16 51 0.015066301 
479 301 27 32 0.015062878 
501 522 11 12 0.0150535125 
323 429 8 23 0.015048473 
856 537 14 16 0.01503349 
821 123 9 18 0.015022478 
207 329 32 70 0.015005084 
438 523 10 10 0.015004229 
417 128 6 13 0.014991228 
257 298 32 81 0.014968725 
839 52 82 100 0.014961773 
819 548 16 19 0.014955267 
76 83 15 46 0.014943226 
531 63 7 14 0.01488582 
350 348 7 32 0.014882946 
563 325 11 18 0.014869201 
213 132 40 79 0.014861513 
808 540 61 66 0.014826271 
971 530 17 19 0.014824132 
426 283 40 59 0.01479946 
232 12 29 76 0.014795497 
1012 -64 11 36 0.014758725 
143 -29 9 20 0.014749331 
29 258 26 83 0.0147320535 
466 109 38 72 0.014729541 
528 523 9 11 0.014708967 
116 25 20 78 0.014705162 
345 284 12 31 0.014702135 
584 365 28 73 0.014698447 
974 481 13 26 0.014685801 
1013 460 14 33 0.014679999 
729 -239 105 47 0.014674993 
972 311 85 123 0.014644432 
178 122 14 43 0.014629069 
154 136 12 39 0.014620835 
855 468 35 65 0.0146181015 
945 89 36 82 0.014605976 
23 545 15 24 0.014593361 
35 345 14 36 0.014573865 
514 327 10 18 0.014570318 
704 536 13 15 0.014551216 
415 117 7 12 0.014541265 
1002 205 32 64 0.01454052 
356 57 13 23 0.014537929 
559 290 17 23 0.014532813 
589 -49 10 14 0.0145284515 
667 337 9 25 0.0145257125 
193 140 11 31 0.014500555 
101 26 19 76 0.014460295 
515 523 10 11 0.014451018 
487 292 15 25 0.014446067 
765 535 18 18 0.014434943 
398 137 10 19 0.014411771 
790 487 35 44 0.014400835 
996 277 34 52 0.014397208 
949 565 12 11 0.014389361 
440 37 7 17 0.01436403 
533 290 18 25 0.014356477 
399 125 10 18 0.014344445 
67 538 9 14 0.014334834 
323 150 9 18 0.014317691 
50 150 15 40 0.014296187 
-4 -33 55 133 0.014278471 
821 456 11 20 0.014272418 
607 17 30 68 0.014271076 
539 178 32 64 0.014254143 
338 523 6 10 0.014229246 
870 538 13 15 0.014207178 
284 -1 34 69 0.014201789 
266 343 15 33 0.014163882 
612 190 33 62 0.014130828 
772 206 36 71 0.014107543 
829 114 31 74 0.014102643 
989 668 34 103 0.014096267 
479 175 32 62 0.0140717495 
476 523 10 11 0.014067389 
539 386 8 35 0.014066258 
140 47 35 108 0.014065915 
987 377 37 58 0.014021625 
576 -49 11 14 0.014008749 
159 -5 29 75 0.01400605 
584 210 26 47 0.013979045 
851 139 35 74 0.013977958 
280 329 14 36 0.013956774 
433 261 176 200 0.013935685 
923 553 10 11 0.013932476 
42 133 33 92 0.013917887 
35 87 16 42 0.0139070675 
797 455 8 18 0.013902695 
869 551 16 15 0.013882502 
910 367 33 61 0.013869262 
922 346 31 64 0.013840903 
35 121 15 44 0.01380208 
947 552 12 12 0.013792388 
656 314 31 74 0.013789645 
1013 -214 12 32 0.013787103 
133 350 7 27 0.013781002 
524 223 30 52 0.013778715 
737 528 76 71 0.013774199 
168 131 31 89 0.013752906 
952 330 30 62 0.013729945 
589 180 26 51 0.013709315 
1 162 20 94 0.013677161 
726 277 34 59 0.013674561 
157 184 8 27 0.013668653 
618 232 34 60 0.013634442 
-10 51 111 255 0.013632564 
56 261 27 89 0.013596436 
166 122 14 42 0.013566787 
762 361 39 72 0.013561307 
945 450 15 24 0.013528096 
453 288 20 24 0.013521728 
324 418 7 21 0.013508942 
666 288 15 40 0.013506571 
836 468 12 19 0.013483547 
718 -39 9 16 0.013478531 
1 224 20 98 0.0134411985 
956 464 15 28 0.013431262 
564 -49 10 14 0.013424958 
388 524 7 9 0.01340846 
387 215 30 58 0.013367156 
692 536 12 16 0.01335288 
714 131 31 60 0.013349821 
507 303 20 25 0.013333652 
197 -4 30 71 0.013329538 
791 390 14 25 0.013328748 
933 479 14 23 0.013312252 
807 407 12 21 0.013309315 
444 174 33 64 0.013306167 
489 523 11 11 0.013279747 
372 235 30 64 0.013276911 
743 503 44 49 0.013275374 
328 173 33 59 0.013274474 
642 326 26 65 0.013223831 
765 455 13 18 0.01321787 
710 26 33 53 0.013202287 
886 365 34 67 0.013201896 
616 277 36 66 0.013198071 
798 435 9 14 0.013160166 
945 463 15 27 0.013154749 
748 51 7 11 0.013126583 
932 461 16 26 0.013116697 
1014 492 12 24 0.013116246 
960 432 40 82 0.013097959 
551 -49 10 14 0.013071174 
310 418 8 22 0.013065276 
736 440 48 61 0.013058396 
319 72 17 33 0.013049414 
949 58 85 119 0.013039268 
547 288 17 25 0.013009808 
324 427 32 73 0.013000726 
960 563 14 13 0.012999324 
421 141 30 62 0.012984796 
244 232 26 58 0.012982186 
464 189 32 62 0.0129819475 
37 59 15 39 0.012960324 
669 438 8 27 0.01293817 
525 286 49 63 0.012937809 
398 112 10 18 0.012908279 
682 337 9 24 0.012894678 
372 283 9 30 0.012884339 
282 410 9 17 0.012868678 
999 135 35 64 0.012841339 
872 421 34 65 0.01279659 
500 -49 10 14 0.012781215 
393 135 40 70 0.012764727 
594 513 71 68 0.0127268955 
7 -151 52 185 0.01270065 
298 168 36 62 0.012684851 
601 -49 11 15 0.012680553 
821 -238 95 50 0.012667203 
934 553 11 10 0.012655449 
603 355 35 66 0.012621015 
841 548 18 18 0.012614255 
790 454 41 57 0.012603747 
25 107 15 50 0.012600425 
354 27 44 59 0.012594249 
896 342 32 64 0.012593254 
761 402 22 28 0.012578457 
513 -49 9 14 0.012568269 
425 34 8 18 0.012566771 
935 566 11 10 0.012540799 
78 -9 10 14 0.012534529 
666 408 28 64 0.012513583 
538 -49 10 14 0.01250477 
279 446 35 67 0.012500615 
412 233 28 52 0.012459424 
487 -49 10 14 0.012447948 
219 -3 28 67 0.012440359 
541 328 28 62 0.012424621 
170 271 28 58 0.012412862 
834 453 16 24 0.012394157 
228 104 36 74 0.012378188 
37 -1 34 63 0.012359129 
272 94 11 26 0.01234894 
680 315 13 36 0.012344034 
519 257 40 54 0.012335148 
530 306 20 34 0.012332262 
155 -259 309 118 0.012309856 
62 150 14 42 0.012271663 
517 315 31 72 0.012267815 
697 141 33 61 0.012264949 
594 89 88 113 0.012244724 
27 210 26 79 0.012227077 
834 48 27 53 0.0122269625 
35 556 19 23 0.012225488 
127 105 15 51 0.012215059 
426 524 9 9 0.01221469 
972 398 36 60 0.012203091 
85 -4 24 69 0.012193962 
501 341 9 20 0.012188941 
948 482 11 20 0.012129731 
525 -49 10 14 0.012091007 
751 407 48 67 0.012072556 
166 69 14 48 0.012069644 
214 69 31 82 0.012065175 
344 423 34 55 0.012045832 
-31 283 109 243 0.012045448 
854 550 18 16 0.012031939 
509 89 35 56 0.012021474 
514 446 9 23 0.01200208 
666 127 29 61 0.011997456 
155 395 9 38 0.01199528 
927 508 40 44 0.011993262 
141 461 9 18 0.011992946 
268 158 33 60 0.0119562885 
206 89 12 38 0.0119308075 
591 333 33 63 0.011894566 
266 381 11 24 0.011878464 
148 520 63 70 0.0118741 
570 220 27 50 0.011864776 
140 134 13 43 0.011801075 
439 116 33 63 0.01175911 
143 224 7 24 0.011755764 
486 338 12 22 0.011718395 
178 73 13 41 0.011715127 
1000 351 38 70 0.011704802 
377 100 41 75 0.011704101 
731 -39 9 16 0.011684058 
314 233 36 74 0.011664401 
960 485 10 19 0.011664116 
24 -67 13 20 0.011629721 
390 250 28 68 0.011598499 
49 200 15 42 0.011597619 
401 525 8 9 0.011593739 
739 431 22 30 0.0115898 
645 206 34 58 0.011587756 
221 239 33 65 0.011586643 
939 343 30 65 0.01158174 
997 483 38 67 0.011571875 
532 347 24 63 0.011565016 
667 321 11 29 0.011558472 
824 294 26 52 0.011551298 
51 428 26 55 0.011550841 
554 516 70 66 0.011549556 
299 -18 30 50 0.011545888 
3 421 10 37 0.011526149 
777 137 17 26 0.0114651965 
113 98 15 45 0.011464153 
642 113 29 64 0.011445137 
975 -39 7 17 0.011425635 
5 393 25 87 0.0114201475 
475 -49 9 14 0.011416757 
63 36 32 91 0.011410016 
197 156 34 79 0.01140966 
197 491 6 11 0.011395346 
161 93 101 142 0.011378647 
247 10 30 73 0.011370508 
128 -238 75 53 0.011356012 
12 305 25 83 0.011350408 
112 522 60 66 0.011349258 
672 351 26 69 0.011309887 
323 48 10 24 0.011298207 
628 508 49 47 0.011277042 
48 -39 14 19 0.011276228 
413 525 9 8 0.011273725 
321 114 15 31 0.011270111 
792 354 38 85 0.011252166 
990 35 23 52 0.011251041 
26 535 12 21 0.011237554 
51 3 79 110 0.011233667 
915 63 27 76 0.011226746 
283 224 33 58 0.011128613 
151 304 24 62 0.011126236 
194 -39 9 17 0.011126058 
822 334 26 80 0.0111257015 
48 556 18 22 0.011117488 
394 0 103 86 0.011091182 
940 425 41 67 0.011075597 
855 78 26 70 0.011070156 
322 5 35 51 0.011057327 
743 -39 10 16 0.011011562 
882 451 36 69 0.010967251 
3 695 39 77 0.010962813 
265 11 31 71 0.010956384 
404 278 25 70 0.0109163225 
473 278 13 22 0.010895064 
65 549 12 16 0.010892187 
161 186 29 69 0.010865659 
13 531 14 33 0.010853889 
805 547 17 19 0.010850101 
928 557 65 62 0.010841222 
878 473 186 341 0.010837744 
74 524 56 64 0.010789502 
437 304 48 57 0.010771867 
678 141 35 64 0.010767733 
769 -39 9 16 0.010766244 
759 108 39 67 0.010743334 
803 419 37 56 0.010734432 
49 100 82 157 0.010715248 
792 405 13 20 0.010701261 
305 -10 80 89 0.010695605 
423 -49 10 15 0.010685528 
234 59 27 72 0.010661259 
225 458 5 21 0.010655064 
990 72 30 62 0.010645764 
1015 536 10 20 0.01063607 
959 552 14 13 0.010635679 
451 72 34 55 0.010635659 
191 112 13 40 0.010630201 
558 179 31 63 0.010611262 
50 122 15 40 0.01060459 
1002 248 31 58 0.010570718 
956 38 25 67 0.010570024 
379 16 44 64 0.0104946 
80 538 9 14 0.010490675 
63 83 15 43 0.010482887 
833 -38 9 16 0.010476242 
423 31 33 70 0.010470148 
49 85 16 41 0.010464789 
76 -240 77 54 0.010463071 
624 143 30 60 0.010451268 
713 507 44 49 0.010445929 
568 117 36 54 0.010428692 
445 379 23 83 0.0104103675 
741 -259 258 144 0.010406556 
811 79 36 55 0.010397112 
655 372 23 66 0.010376487 
756 -39 9 16 0.010373345 
2 -211 31 100 0.010367081 
477 340 11 20 0.010358267 
406 402 28 66 0.010352131 
651 10 32 68 0.0103080915 
564 361 23 76 0.0102928085 
820 -38 9 16 0.010257844 
24 411 30 61 0.010250885 
362 -17 33 49 0.01022798 
643 369 23 73 0.01020338 
363 77 44 65 0.010189661 
62 302 13 42 0.010184245 
422 382 23 72 0.010184174 
436 -49 9 15 0.010182704 
547 303 20 25 0.010156816 
815 520 45 51 0.01015501 
386 -260 307 119 0.010148684 
795 420 10 17 0.010130086 
410 -49 10 14 0.010112067 
881 559 15 16 0.010092782 
992 -247 36 87 0.010061664 
780 442 12 17 0.010059479 
622 336 29 57 0.010054523 
588 250 33 61 0.010047254 
869 560 15 16 0.010041261 
1007 59 28 56 0.010039376 
462 -49 9 14 0.01003838 
807 -38 9 16 0.010023057 
842 560 16 16 0.0100122895 
955 510 42 46 0.010010825 
