20_Family_Group_Family_Group_20_1037
1459
-5 164 103 141 0.9996153 
140 123 91 113 0.9994035 
574 43 58 88 0.9978904 
220 50 86 101 0.9970407 
342 45 80 96 0.9958003 
754 97 84 86 0.98845017 
924 139 62 102 0.9397944 
960 121 95 101 0.67825717 
922 83 90 87 0.40743792 
51 126 79 116 0.18837062 
607 25 29 30 0.18412736 
148 78 25 29 0.16521122 
194 59 28 28 0.14199567 
172 39 94 79 0.14030641 
969 3 14 15 0.1292805 
739 86 32 63 0.12505867 
760 57 87 80 0.12168572 
1 94 13 29 0.12084957 
569 237 6 14 0.12019367 
89 139 80 113 0.11567965 
870 0 15 27 0.11369448 
800 62 21 28 0.10795725 
722 165 23 32 0.10591486 
543 91 25 39 0.101502925 
897 26 11 17 0.09534691 
1000 8 9 12 0.094303854 
589 272 14 29 0.09339851 
158 66 22 26 0.0870776 
996 16 16 23 0.08250505 
593 265 8 14 0.07009557 
813 67 19 25 0.06818003 
948 4 13 14 0.0651622 
386 263 7 14 0.06484663 
962 0 13 11 0.064383216 
849 151 18 26 0.0639119 
647 74 24 49 0.06384603 
545 45 20 42 0.063645706 
293 30 80 105 0.06267591 
905 17 15 18 0.06162759 
618 19 22 21 0.060607646 
935 3 14 15 0.058446784 
870 26 95 92 0.056082323 
172 77 20 24 0.055599034 
985 6 12 12 0.05492432 
139 67 18 18 0.054535292 
296 57 23 21 0.052037466 
668 277 6 15 0.050402556 
947 26 16 23 0.05034822 
943 89 21 22 0.050206997 
946 33 100 109 0.04968363 
634 37 19 28 0.049627695 
887 20 9 15 0.048108626 
149 59 21 21 0.0480185 
950 79 26 28 0.04764039 
884 71 18 19 0.04749627 
807 -3 9 14 0.04726544 
802 1 15 22 0.047050416 
219 133 17 44 0.04682768 
815 59 15 16 0.046567425 
770 -3 9 14 0.046527427 
569 246 6 14 0.04634636 
987 0 8 9 0.046267457 
724 141 6 9 0.045921795 
1001 0 7 9 0.045547064 
723 146 10 12 0.045335595 
907 8 14 14 0.045178734 
570 231 4 9 0.044500865 
742 -3 12 15 0.04442898 
378 261 7 13 0.044075586 
651 54 15 27 0.043796442 
737 3 17 20 0.043748695 
594 20 25 19 0.04326301 
501 42 10 15 0.042941306 
862 1 11 21 0.04248351 
1007 18 16 22 0.042439006 
7 91 16 31 0.042019717 
-31 403 214 438 0.041971255 
775 14 20 26 0.0416796 
877 388 195 329 0.040975127 
793 44 16 16 0.04088372 
3 59 6 15 0.040855955 
778 5 15 20 0.040328942 
792 58 21 18 0.040234968 
1 11 12 23 0.039789602 
622 6 17 16 0.03974708 
417 277 5 10 0.03963613 
957 16 15 18 0.038541112 
986 17 17 20 0.0381407 
3 68 7 19 0.0381031 
1013 325 9 18 0.037479505 
508 144 19 15 0.03673247 
598 274 10 18 0.036597323 
775 39 21 22 0.03613357 
131 65 75 81 0.036072508 
961 -15 10 12 0.036012657 
414 268 5 9 0.035989914 
577 238 6 13 0.035955247 
843 58 12 14 0.035843104 
975 -14 9 11 0.035755243 
375 168 5 7 0.035743073 
372 15 77 98 0.035713878 
924 6 12 13 0.03558661 
770 64 32 26 0.035544615 
250 32 20 18 0.035458893 
793 12 16 24 0.035448626 
381 19 15 17 0.035413563 
376 176 4 8 0.035198722 
372 20 13 16 0.03492435 
805 48 15 14 0.034840867 
827 111 21 41 0.03457245 
400 274 6 12 0.034235485 
705 -4 11 14 0.034235053 
769 3 13 18 0.034085948 
107 119 43 86 0.033919778 
773 56 25 21 0.033870768 
926 -2 10 11 0.033824336 
899 7 12 15 0.033802427 
377 253 5 12 0.03368436 
822 -43 8 12 0.0334148 
933 21 14 17 0.03336711 
672 -6 18 21 0.033354554 
1015 315 8 16 0.033208493 
834 -43 8 12 0.033102304 
829 78 19 22 0.033066057 
846 45 11 16 0.032780908 
838 70 22 21 0.03261617 
1005 329 6 13 0.032604046 
179 69 17 19 0.032529116 
891 28 8 14 0.03250894 
63 88 30 27 0.032289352 
38 -332 212 281 0.032011874 
796 64 37 54 0.031998813 
600 264 9 14 0.031776693 
633 304 6 9 0.031680714 
462 -4 9 18 0.031578016 
295 215 11 33 0.03141082 
601 9 15 13 0.031125095 
821 39 85 82 0.031071642 
551 33 10 17 0.031018913 
903 218 22 26 0.030965224 
93 40 8 26 0.030960362 
782 232 7 19 0.030700125 
782 -3 9 13 0.030680466 
825 91 18 24 0.030213216 
427 279 5 10 0.029975073 
31 89 24 24 0.02996647 
196 103 42 75 0.029947098 
914 123 55 67 0.0299425 
971 15 16 17 0.029942265 
15 69 7 15 0.029925698 
943 275 15 36 0.029847676 
669 285 6 16 0.02980508 
465 118 90 77 0.029619925 
1005 92 20 23 0.029607905 
389 271 7 14 0.02947387 
368 177 3 7 0.029455775 
1011 35 14 23 0.029376995 
322 159 8 13 0.029265404 
368 168 4 7 0.029069189 
896 36 13 24 0.029031733 
809 -42 8 11 0.0289993 
103 37 9 28 0.028883638 
995 82 17 20 0.028837308 
849 16 9 18 0.028826328 
723 276 6 16 0.0288112 
139 3 12 23 0.028802343 
33 50 18 27 0.02876645 
60 3 14 19 0.02870273 
1016 303 8 16 0.028668724 
723 266 5 13 0.028659573 
1002 -14 7 11 0.028429188 
799 -2 8 13 0.028396212 
882 158 12 18 0.028368255 
588 7 15 15 0.028367953 
685 256 4 9 0.028321646 
596 254 6 10 0.028316356 
911 0 10 9 0.02821362 
950 0 10 10 0.028181247 
314 275 6 14 0.028173545 
874 148 9 14 0.028138995 
458 1 14 31 0.02805408 
491 146 25 14 0.028043928 
200 13 16 25 0.028027026 
691 146 11 15 0.027994437 
791 30 16 18 0.027993985 
565 30 13 20 0.027898874 
16 33 8 13 0.027862333 
817 47 13 14 0.027855119 
16 59 7 14 0.027628222 
851 7 8 14 0.027470978 
2 85 8 19 0.027405033 
785 264 5 14 0.027400028 
310 219 8 26 0.02734812 
795 75 77 96 0.027325982 
943 69 21 25 0.02724392 
92 -16 9 13 0.027234264 
582 315 6 12 0.02720751 
253 18 18 20 0.027164053 
1014 8 10 14 0.027160872 
799 263 5 14 0.0271335 
128 81 15 21 0.027009852 
321 148 9 13 0.026941603 
761 -3 8 13 0.026911145 
624 -4 15 15 0.026881281 
305 49 12 12 0.026862407 
242 18 16 18 0.026851388 
797 -42 7 11 0.026777234 
732 264 7 16 0.02676882 
638 18 13 16 0.026707506 
366 190 4 8 0.026588615 
885 -2 9 12 0.026566576 
857 73 13 15 0.026538063 
924 20 12 14 0.02651676 
1016 -3 8 12 0.026354656 
641 4 14 18 0.02633593 
77 43 12 27 0.026327165 
518 142 19 17 0.026299724 
204 247 9 26 0.026297433 
165 3 12 23 0.02619425 
732 232 9 21 0.026145278 
257 213 10 32 0.026092269 
50 -45 13 14 0.02608661 
194 77 58 60 0.026060045 
203 2 12 24 0.026053498 
339 163 5 9 0.026008379 
850 -2 6 12 0.025983991 
860 13 10 19 0.025803762 
788 278 5 11 0.025801627 
822 234 8 20 0.025798116 
63 31 12 21 0.025789632 
400 267 5 11 0.02574463 
823 -4 7 13 0.02572307 
721 249 5 14 0.0257178 
730 146 11 16 0.025712358 
734 15 20 23 0.025706546 
880 147 13 16 0.025685608 
720 240 6 15 0.025643857 
560 38 18 29 0.025559599 
797 -32 7 12 0.02554212 
320 69 13 15 0.025503187 
750 176 20 26 0.025468582 
852 78 17 19 0.025454745 
296 50 13 12 0.025446089 
15 85 7 15 0.025423793 
395 19 13 15 0.025398513 
336 150 7 12 0.025364615 
1 151 67 70 0.025269214 
429 227 4 10 0.025250578 
741 166 17 26 0.02524934 
835 261 7 19 0.025225054 
719 286 8 16 0.02521815 
8 1 21 25 0.025184343 
1015 54 11 20 0.02516631 
873 191 12 24 0.025162965 
105 -16 8 12 0.025160603 
172 97 25 31 0.02514714 
771 -43 7 12 0.025083503 
510 43 9 13 0.025073903 
731 -5 14 17 0.024997747 
1001 273 9 20 0.024983926 
580 229 5 11 0.024974177 
894 55 13 20 0.024940116 
377 31 20 20 0.024866754 
888 64 9 12 0.02485896 
717 -4 12 14 0.024851006 
632 74 24 46 0.024828168 
235 246 6 22 0.024810225 
784 -42 8 11 0.02472521 
501 29 85 94 0.02468786 
664 59 11 19 0.02463651 
874 -16 7 13 0.02461093 
946 69 50 54 0.024590993 
987 270 11 26 0.024536017 
1009 335 15 22 0.024522724 
581 250 5 11 0.024487821 
204 52 33 28 0.024427839 
130 3 11 21 0.024402998 
442 215 4 10 0.024383575 
835 -33 7 14 0.024333395 
264 33 16 15 0.024284447 
114 82 15 20 0.02426629 
649 42 14 21 0.024186112 
1010 83 15 17 0.024124017 
281 200 13 32 0.02411954 
809 -33 8 13 0.024105458 
193 33 14 18 0.024088535 
135 62 9 14 0.02405987 
110 137 21 45 0.024052987 
1017 -16 7 15 0.024052048 
192 71 21 26 0.023980297 
194 16 12 20 0.023957355 
757 248 9 23 0.023900244 
434 81 12 19 0.023894189 
848 -43 7 12 0.023815654 
194 3 11 21 0.023807762 
247 244 7 27 0.023805657 
823 -33 7 13 0.023726806 
745 246 9 22 0.023725621 
131 23 10 27 0.023697421 
299 232 8 26 0.023669494 
195 45 26 25 0.023608427 
798 279 5 11 0.023601362 
428 216 4 9 0.023580305 
933 -17 10 13 0.023566104 
936 280 13 28 0.023561956 
501 55 8 15 0.02349161 
858 -347 190 366 0.0234373 
900 289 6 13 0.02340332 
325 235 7 20 0.023371004 
89 -4 13 17 0.023357427 
643 307 7 9 0.023277588 
7 108 19 33 0.023233376 
567 279 5 10 0.02320577 
248 261 7 22 0.023175627 
589 -3 12 14 0.02317172 
372 5 12 18 0.023165481 
1002 285 8 19 0.023147833 
454 -2 7 12 0.023048826 
616 -2 14 13 0.02301845 
902 79 20 21 0.022864763 
248 158 20 35 0.022843387 
800 291 6 11 0.022831721 
1014 70 11 16 0.0228241 
759 -43 7 11 0.022821568 
245 230 8 28 0.0228154 
988 -14 8 11 0.02280762 
510 83 79 84 0.02280701 
722 211 6 13 0.022789221 
734 248 7 17 0.022782786 
350 165 5 8 0.022780227 
771 -32 8 13 0.02277748 
784 -33 8 13 0.022738632 
1004 337 8 16 0.022703322 
194 -5 9 15 0.02269705 
759 -33 7 14 0.022652097 
117 39 9 24 0.022530597 
7 -142 19 35 0.022485364 
746 -33 8 15 0.022482915 
17 47 7 12 0.022415848 
759 287 8 15 0.022342952 
101 50 10 27 0.022341685 
567 314 5 13 0.022324912 
695 238 6 13 0.02230513 
696 255 5 10 0.022184016 
377 230 4 9 0.022172337 
958 264 13 32 0.022158433 
943 257 15 28 0.022129267 
235 231 7 25 0.022120086 
697 265 6 10 0.022082036 
900 -1 9 10 0.022061191 
709 140 7 8 0.022050017 
117 -16 9 12 0.022035336 
312 235 7 20 0.021993503 
861 -44 7 13 0.021962402 
40 -1 11 10 0.021959158 
712 252 5 11 0.0219395 
378 189 4 9 0.021898363 
361 32 15 16 0.02189648 
895 299 10 18 0.021884877 
394 31 15 18 0.021867014 
441 201 5 11 0.021862192 
153 27 12 24 0.021854717 
993 30 21 28 0.021854566 
732 220 9 21 0.021825371 
1002 -32 6 17 0.021817612 
153 3 12 23 0.02179837 
882 168 12 19 0.021798162 
38 -16 11 11 0.021741567 
135 68 11 15 0.021697545 
1000 71 11 16 0.021616971 
883 136 10 14 0.021616658 
1005 303 5 12 0.02160391 
875 65 7 10 0.021536887 
711 266 5 11 0.02151989 
220 261 7 20 0.021495923 
746 73 10 17 0.021491896 
34 65 16 23 0.021490542 
671 267 5 11 0.021483915 
757 5 10 14 0.021481762 
821 205 11 26 0.021421917 
836 -4 7 13 0.021352999 
707 147 9 13 0.021345364 
834 -54 8 11 0.021344218 
377 240 4 9 0.021329997 
417 225 4 11 0.02129396 
772 221 9 20 0.021288184 
633 295 6 8 0.021252604 
904 35 16 27 0.02122938 
848 248 9 18 0.02122637 
683 265 5 10 0.021205785 
116 278 12 32 0.021159438 
1007 317 5 11 0.021152757 
105 479 11 18 0.021140289 
566 288 6 13 0.021131141 
489 157 28 23 0.0211268 
442 189 5 9 0.0211004 
746 -43 7 12 0.021094643 
36 -34 14 17 0.021005144 
747 261 9 18 0.020995885 
91 477 13 22 0.020977888 
900 277 6 14 0.020972984 
576 3 87 84 0.020971356 
423 83 11 21 0.020965602 
452 5 9 19 0.020953305 
26 45 12 16 0.02095177 
711 240 5 12 0.020907652 
4 47 6 13 0.020902075 
741 231 11 26 0.02088499 
333 69 13 19 0.020834077 
269 201 13 28 0.020827515 
775 231 6 20 0.02082555 
8 -115 19 30 0.020801697 
437 52 11 24 0.0207857 
37 42 14 21 0.020768937 
810 234 8 19 0.020745017 
545 340 8 10 0.020743364 
693 167 10 21 0.020729087 
239 336 15 19 0.020708086 
940 116 24 29 0.02066766 
184 33 9 16 0.020622034 
569 266 5 10 0.02062062 
27 67 11 18 0.02061173 
902 92 21 20 0.020581331 
938 84 15 18 0.020550964 
987 257 10 24 0.020545052 
834 59 12 14 0.020544255 
875 140 7 11 0.020519577 
722 159 14 19 0.020517945 
823 248 8 20 0.020491084 
442 228 4 10 0.02048641 
713 291 5 11 0.020462906 
103 -31 10 13 0.020449279 
910 317 91 124 0.020447953 
693 156 11 20 0.02043665 
937 269 11 22 0.020413175 
140 27 12 24 0.020405589 
924 28 13 18 0.020399202 
837 250 7 16 0.02039685 
254 5 15 19 0.020395344 
235 262 6 18 0.020379758 
0 308 11 20 0.020346196 
25 -19 12 15 0.020329442 
382 6 13 17 0.0202732 
695 180 8 22 0.020244984 
824 273 7 18 0.02024439 
451 15 10 21 0.020231426 
55 32 10 18 0.020230183 
729 274 9 20 0.020211056 
821 -54 9 11 0.020209698 
824 261 7 20 0.020205656 
238 347 17 24 0.020186266 
428 292 5 8 0.0201796 
207 -5 9 16 0.020164173 
722 224 6 14 0.02015321 
55 0 9 9 0.020151364 
696 222 6 15 0.020135622 
196 257 11 29 0.020109428 
351 -3 6 13 0.020089585 
3 28 8 17 0.020087099 
131 39 10 22 0.020086708 
152 44 13 18 0.020082708 
541 -5 8 15 0.020028496 
2 337 8 21 0.020022394 
848 33 9 15 0.019958325 
-13 291 160 303 0.019936837 
552 332 6 10 0.019932017 
219 216 9 26 0.019923037 
390 167 4 7 0.019918606 
403 289 5 11 0.019912137 
700 2 21 23 0.019906955 
51 -35 13 16 0.019901624 
455 242 4 10 0.019901048 
350 153 5 9 0.019865334 
848 -33 7 14 0.019844374 
916 229 19 21 0.01984135 
399 75 170 143 0.019813059 
946 19 43 58 0.01980667 
553 -7 8 16 0.019799588 
413 137 6 10 0.019783491 
259 242 9 32 0.019779604 
364 -3 6 13 0.019776503 
364 23 8 13 0.0197723 
1001 354 28 36 0.019743519 
366 229 3 9 0.019730972 
337 134 7 16 0.019721556 
321 62 10 12 0.019659504 
743 153 17 24 0.01965389 
818 3 10 18 0.019636802 
694 37 87 86 0.019633148 
232 328 14 19 0.019628014 
251 177 14 25 0.019576354 
264 17 17 19 0.019568602 
709 211 6 13 0.019543108 
862 -33 7 15 0.01949536 
124 101 21 30 0.019463416 
811 262 6 15 0.019454405 
770 -17 8 13 0.019447543 
338 -3 6 13 0.01942664 
442 241 5 10 0.019415114 
544 333 7 9 0.019411419 
958 348 13 23 0.019410389 
411 121 9 18 0.019410219 
221 248 7 21 0.019382495 
455 291 5 9 0.019351827 
515 351 8 9 0.019338448 
680 155 11 24 0.01932595 
739 139 45 58 0.019272473 
367 239 4 10 0.019260911 
285 -3 9 13 0.019233279 
429 202 4 9 0.019224113 
582 6 11 14 0.019195678 
63 -33 11 15 0.019194925 
296 36 11 11 0.019164016 
464 302 5 11 0.01915673 
809 -18 8 13 0.019093031 
729 485 315 355 0.019091764 
952 34 22 30 0.019089805 
248 204 9 23 0.019077139 
836 237 7 17 0.019067999 
385 254 7 12 0.019067887 
926 -17 9 13 0.019064117 
103 2 12 22 0.01905837 
860 61 8 10 0.019057298 
545 46 9 18 0.019041538 
887 -14 7 11 0.019028202 
65 0 10 11 0.019015236 
178 3 11 21 0.019002903 
663 279 5 12 0.018974692 
723 126 7 12 0.018970631 
268 43 49 58 0.018935071 
969 25 22 24 0.018930422 
716 6 18 18 0.018929325 
321 275 8 14 0.018927239 
322 304 8 12 0.018906033 
873 156 11 18 0.018901248 
872 184 11 19 0.018894881 
182 -4 8 13 0.018891852 
965 80 22 21 0.018890204 
118 54 9 19 0.018875541 
105 27 8 23 0.018826392 
706 -45 8 14 0.01881725 
770 289 7 13 0.018795112 
641 -4 12 15 0.018766161 
744 -55 9 12 0.018760342 
167 -4 10 14 0.018754702 
742 80 15 28 0.018744016 
454 279 5 10 0.018675426 
255 193 11 19 0.01866476 
54 41 12 21 0.01866054 
595 214 5 15 0.01862302 
116 -30 10 12 0.018621448 
91 -31 10 13 0.018607464 
551 341 7 9 0.018605009 
695 139 7 9 0.018600285 
12 335 11 25 0.018592048 
810 292 7 12 0.018587897 
389 176 4 8 0.018584706 
375 -3 8 13 0.018565843 
545 35 7 13 0.018558094 
389 189 3 9 0.01854115 
858 42 10 17 0.018527929 
840 126 14 30 0.01851052 
373 352 7 16 0.018508041 
1016 288 9 18 0.018501913 
811 247 7 19 0.018488612 
804 31 14 16 0.018477257 
34 2 19 18 0.018461755 
563 149 13 31 0.01844384 
860 -54 8 12 0.01842394 
835 44 14 18 0.01842158 
994 174 52 75 0.018418843 
631 27 80 92 0.018412188 
890 43 9 15 0.018404797 
873 -33 8 15 0.01839434 
455 217 4 9 0.018386543 
770 -54 9 12 0.018381163 
27 33 10 13 0.018355224 
829 163 14 29 0.01835335 
808 222 10 20 0.018323606 
953 98 21 27 0.01832254 
918 93 19 20 0.018305412 
429 240 4 10 0.018272497 
24 -35 15 18 0.018237082 
256 -4 87 85 0.01820883 
558 278 5 10 0.018201195 
730 207 11 20 0.018199896 
708 225 6 12 0.018165795 
180 368 13 27 0.01816237 
292 188 12 30 0.0181543 
706 -55 8 12 0.018121077 
886 239 9 27 0.018111708 
417 291 4 9 0.018086586 
117 23 10 28 0.018082608 
594 242 6 11 0.018064247 
896 159 11 18 0.018061483 
115 70 12 18 0.018048251 
800 304 5 9 0.018047338 
559 123 18 29 0.018017018 
92 63 10 23 0.018016892 
975 95 46 63 0.018010093 
350 191 4 9 0.017984442 
808 -53 9 10 0.01796403 
673 255 4 10 0.017960103 
945 49 18 27 0.017955571 
537 135 14 17 0.017954746 
366 216 3 8 0.017943079 
314 286 6 14 0.017921608 
959 321 13 24 0.017899834 
847 -54 8 11 0.017892038 
62 48 17 29 0.017887438 
846 202 15 33 0.017871138 
595 200 5 16 0.017861634 
1017 -31 8 19 0.017853145 
954 243 17 26 0.01778554 
605 241 6 13 0.017764177 
2 386 8 21 0.01776233 
757 -54 9 12 0.01775264 
594 226 6 13 0.017745724 
565 165 10 28 0.017729787 
282 177 13 25 0.01771608 
917 322 18 23 0.017688895 
582 -3 10 13 0.0176863 
758 298 8 14 0.017684065 
55 120 47 63 0.01768095 
733 -44 7 13 0.017673813 
428 190 4 9 0.017648662 
755 346 15 18 0.01764629 
116 3 10 21 0.017640661 
982 34 20 26 0.017635433 
736 97 9 20 0.01762809 
900 -17 8 12 0.017626537 
719 -55 8 12 0.017606849 
342 194 5 14 0.017604407 
719 -45 8 14 0.017586313 
326 -3 5 12 0.01758329 
977 340 7 15 0.017581856 
884 184 10 18 0.017565247 
898 241 8 23 0.017559428 
732 -55 8 12 0.017530479 
833 203 11 28 0.017508745 
783 247 7 20 0.017504113 
570 219 5 11 0.01747743 
693 -55 9 12 0.017468214 
82 -15 7 11 0.017460292 
731 136 10 17 0.017458525 
873 -45 8 14 0.017456243 
706 -34 9 16 0.017440034 
235 317 8 14 0.017422786 
645 295 5 8 0.017416239 
184 46 12 15 0.01740424 
281 47 15 12 0.017395213 
798 248 6 18 0.017379686 
462 293 6 11 0.017370049 
374 448 8 11 0.017349964 
945 246 15 20 0.017348818 
443 253 4 10 0.017333006 
694 -45 8 14 0.01731453 
416 189 4 9 0.01729426 
603 -1 12 11 0.017292429 
812 280 5 11 0.017291797 
712 304 5 10 0.017276764 
973 264 12 32 0.017261714 
312 147 12 16 0.017249761 
367 202 3 8 0.017242309 
29 83 11 17 0.017198127 
464 267 5 9 0.017194042 
741 193 15 23 0.017184632 
335 62 10 14 0.017175011 
234 -5 8 15 0.017160634 
491 20 6 15 0.017147625 
442 176 5 9 0.0171465 
836 19 10 17 0.017132988 
232 18 14 18 0.017131288 
363 6 9 16 0.017118614 
1016 274 9 20 0.01711679 
351 179 4 7 0.017116552 
603 253 7 11 0.017099459 
566 305 6 13 0.01709945 
212 88 23 25 0.017098336 
243 5 14 20 0.017061997 
873 169 11 18 0.017061608 
127 280 12 30 0.017058043 
692 -5 12 14 0.017030481 
117 -4 8 12 0.017016428 
220 232 8 23 0.017008128 
350 199 4 10 0.016991775 
550 164 11 27 0.016991617 
581 185 6 20 0.016986217 
81 2 11 18 0.016890882 
552 -44 9 15 0.016874788 
769 26 19 26 0.016870124 
540 4 8 16 0.016860811 
864 -17 6 13 0.01682713 
231 203 10 27 0.016823487 
861 33 9 15 0.0168218 
524 123 13 13 0.016806979 
733 -33 9 15 0.016786687 
783 -54 9 12 0.016765324 
541 77 14 29 0.01674969 
696 212 6 16 0.016747206 
962 303 89 110 0.016735254 
13 368 11 29 0.016734634 
107 471 8 12 0.01672936 
758 233 9 24 0.016724357 
1 324 9 20 0.016719505 
685 239 6 13 0.016707672 
872 203 12 28 0.016688967 
352 212 4 11 0.0166885 
13 -21 13 18 0.016686331 
682 145 12 16 0.016662166 
207 266 9 27 0.016637275 
912 286 8 15 0.016636573 
26 -2 13 11 0.016627247 
818 15 11 20 0.016626777 
260 -3 9 12 0.01662614 
464 -17 8 14 0.016613236 
740 219 11 24 0.016606098 
205 204 12 27 0.01660465 
796 -53 9 10 0.016603561 
265 163 15 27 0.016597927 
653 31 12 17 0.016590424 
140 42 12 19 0.016587833 
104 -3 10 14 0.016580502 
888 89 23 22 0.016560964 
426 303 6 11 0.016558185 
293 129 13 23 0.016543545 
716 18 21 17 0.016539387 
222 -5 8 15 0.016530145 
141 -4 10 13 0.016529588 
847 258 11 21 0.016528595 
80 31 8 19 0.016524728 
997 51 15 21 0.016506225 
53 13 12 18 0.016500482 
129 -16 9 12 0.016500467 
1001 261 8 20 0.016493334 
773 263 6 15 0.016484814 
324 170 8 14 0.016473515 
218 270 8 23 0.016472755 
873 74 12 13 0.016472014 
679 -17 10 15 0.01646619 
911 -16 9 12 0.016461093 
668 -45 8 14 0.016423786 
975 351 9 17 0.016420767 
898 181 12 21 0.016411327 
926 75 42 49 0.016407095 
567 24 8 12 0.016405003 
339 175 4 10 0.016395034 
218 327 15 20 0.016393717 
912 274 8 17 0.016382335 
969 69 18 21 0.016372573 
130 -3 9 11 0.016343456 
580 325 6 13 0.016337033 
456 250 5 11 0.016323596 
848 235 9 20 0.016312582 
52 52 13 21 0.016293952 
897 171 11 19 0.016288642 
619 44 25 35 0.016226217 
512 71 11 16 0.016225249 
836 -19 7 14 0.016221149 
606 69 81 93 0.016215373 
681 -45 8 14 0.016211227 
783 -18 8 13 0.01621052 
455 267 5 10 0.016200257 
680 -56 9 13 0.016199894 
607 212 5 17 0.01618319 
587 289 14 24 0.016182812 
189 90 21 25 0.016161064 
959 294 12 27 0.016133726 
711 279 5 12 0.016132932 
976 325 8 17 0.016079267 
945 307 16 28 0.016062884 
681 -33 9 15 0.016058356 
232 32 17 15 0.016040185 
91 469 10 14 0.015978778 
694 -33 9 15 0.015965689 
834 5 9 15 0.01593258 
959 337 12 19 0.015904423 
760 -18 7 13 0.01589687 
409 54 82 94 0.015896272 
565 -45 8 16 0.015863843 
321 287 9 12 0.015858237 
196 346 10 21 0.015855737 
797 -18 8 13 0.015831923 
309 202 9 30 0.0158315 
934 104 19 22 0.01581891 
873 30 9 17 0.015807053 
984 83 18 17 0.015785806 
362 447 7 10 0.015781494 
378 203 3 8 0.015772179 
417 217 4 9 0.015765844 
576 29 16 20 0.015753523 
272 -3 9 12 0.015750114 
506 156 21 21 0.015746819 
440 -2 6 12 0.015744535 
661 289 5 11 0.015742628 
341 187 5 11 0.015736453 
79 154 144 226 0.015720995 
454 184 6 11 0.015698005 
114 105 17 24 0.015657393 
142 -16 9 12 0.0156531 
635 54 22 41 0.015607328 
219 315 9 17 0.015600114 
668 -17 10 15 0.015580978 
429 178 4 8 0.015579676 
53 -17 10 12 0.015566707 
841 104 15 25 0.015565624 
80 -1 9 11 0.015523916 
937 71 14 19 0.015494888 
655 -45 8 14 0.015492349 
378 272 7 13 0.015483683 
314 267 6 13 0.015459322 
199 339 8 18 0.0154522685 
165 29 11 21 0.0154426815 
454 179 6 8 0.015442652 
984 68 14 18 0.015434418 
895 312 10 18 0.015414367 
823 -19 7 14 0.015411089 
553 -34 8 16 0.015406821 
897 227 12 25 0.015405324 
7 -169 16 38 0.015401281 
464 184 8 12 0.015396089 
246 -3 9 13 0.015392461 
21 102 18 22 0.015362435 
295 144 14 22 0.015337362 
427 268 5 9 0.015335482 
910 301 10 18 0.015318707 
455 227 4 9 0.015315169 
918 82 17 20 0.015314212 
359 289 10 15 0.015314104 
322 138 10 16 0.015309531 
249 191 9 20 0.015291542 
553 8 8 14 0.015281796 
429 167 4 6 0.015281091 
580 20 13 14 0.0152743915 
235 274 7 17 0.015248265 
746 -18 7 13 0.015246317 
441 32 7 13 0.015245028 
403 167 4 7 0.015235853 
668 -33 9 15 0.015229788 
318 78 16 22 0.015221609 
-11 -335 126 343 0.015201308 
494 36 5 11 0.015194335 
433 93 13 17 0.0151913455 
492 139 26 13 0.015187835 
386 -3 9 12 0.015174183 
73 59 17 28 0.015164348 
844 170 16 33 0.015159334 
606 225 6 16 0.015146989 
705 -18 9 15 0.015146141 
439 303 6 10 0.015114649 
52 69 12 18 0.015106339 
95 29 7 21 0.015105666 
994 100 23 28 0.015098183 
729 190 14 20 0.01508551 
291 175 13 26 0.015077811 
79 -31 10 13 0.015071362 
323 220 7 25 0.015057877 
725 23 24 25 0.015047639 
554 23 8 12 0.015044086 
821 288 9 18 0.015022514 
508 346 5 8 0.015012957 
719 -34 9 16 0.014992986 
116 302 13 37 0.014977009 
988 -31 8 16 0.014972057 
294 116 12 23 0.014971354 
537 164 13 26 0.014969175 
137 96 21 34 0.014962891 
691 3 18 20 0.0149355475 
733 113 12 27 0.014931634 
585 265 6 12 0.014926312 
807 206 10 20 0.014919343 
407 54 14 26 0.0148999365 
667 -56 9 13 0.0148964515 
269 181 12 23 0.01489571 
280 153 14 27 0.014867371 
65 -15 9 11 0.014860124 
302 75 17 21 0.014833642 
616 315 12 12 0.014830568 
954 -15 7 11 0.014812884 
502 72 10 14 0.014809259 
412 106 10 20 0.0147908125 
389 288 5 13 0.014782992 
655 -6 14 19 0.01477981 
154 -4 10 13 0.014773049 
314 304 7 11 0.014744463 
426 20 9 13 0.014738236 
285 261 10 24 0.014736157 
101 493 15 38 0.014731224 
549 125 18 28 0.0146799795 
582 218 5 13 0.014679965 
969 241 17 30 0.014666652 
441 21 6 13 0.014638927 
428 253 5 10 0.014631301 
855 176 14 25 0.014629632 
511 82 13 17 0.014617676 
22 2 20 20 0.014611522 
905 52 15 24 0.014595577 
118 472 8 11 0.014595192 
205 232 9 26 0.014593217 
344 454 13 16 0.014589241 
416 178 4 8 0.014581949 
194 -19 8 14 0.014575208 
10 -39 17 24 0.014568327 
129 -30 10 12 0.01455878 
669 9 22 26 0.014552706 
468 200 5 11 0.0145510575 
773 278 5 11 0.014550348 
269 5 12 17 0.014534263 
281 141 12 25 0.014522444 
374 362 7 19 0.014507037 
297 -3 7 13 0.014486103 
757 58 12 16 0.014474018 
631 184 6 21 0.014457524 
324 265 8 15 0.014449823 
416 167 4 7 0.014448559 
101 289 13 39 0.01443291 
206 218 10 24 0.0144205885 
512 59 8 12 0.0143962335 
900 274 171 237 0.01438811 
843 90 15 17 0.014384336 
458 65 93 87 0.014383573 
680 277 6 14 0.014367291 
67 251 34 103 0.014354899 
301 249 6 20 0.0143488 
954 114 20 30 0.014343878 
578 -45 9 15 0.014339828 
620 278 6 10 0.014323802 
902 199 41 50 0.014321345 
962 48 50 60 0.014320901 
815 95 21 34 0.014319709 
554 -19 7 15 0.014307357 
880 194 11 21 0.014299923 
405 177 4 8 0.014293309 
308 36 10 12 0.014282458 
271 258 10 27 0.01427227 
475 4 9 23 0.014264786 
520 153 18 21 0.01425878 
310 155 13 19 0.014250271 
335 87 14 28 0.01424995 
620 209 6 22 0.01424253 
487 126 14 11 0.014239463 
247 285 8 21 0.014233454 
347 447 9 10 0.014223261 
201 152 18 31 0.0142087545 
899 260 7 19 0.014191498 
313 -3 6 12 0.01418293 
542 60 13 30 0.01418093 
58 131 27 30 0.014176525 
931 386 14 22 0.014159873 
765 207 13 23 0.014146142 
921 242 14 21 0.014146061 
582 199 6 18 0.014131102 
208 282 9 26 0.014104415 
207 -20 8 15 0.014090973 
64 66 13 21 0.014085237 
916 106 21 21 0.014069699 
968 18 41 50 0.014050819 
167 46 11 16 0.014016841 
513 37 7 10 0.013987097 
215 154 16 37 0.0139778415 
422 66 12 24 0.013963456 
217 298 10 22 0.013947327 
893 11 36 50 0.013935588 
70 201 48 90 0.013927825 
408 44 13 21 0.01392423 
-18 -5 172 170 0.01391256 
478 30 7 15 0.013911776 
306 115 14 22 0.013911776 
465 278 4 9 0.013902425 
620 197 5 19 0.013898942 
229 154 15 35 0.0138915125 
421 104 13 21 0.013883454 
925 284 10 19 0.013873417 
923 298 11 21 0.013851033 
452 28 7 18 0.013837167 
753 67 19 24 0.013835696 
788 288 6 13 0.013824328 
141 296 46 91 0.013801165 
733 -19 9 14 0.013789859 
834 219 9 22 0.013788127 
180 16 10 19 0.013783913 
835 266 54 79 0.013764545 
454 201 5 11 0.01376369 
579 169 8 21 0.013754502 
326 249 7 17 0.013753033 
898 -46 9 14 0.01374945 
411 19 10 13 0.013747698 
126 255 13 30 0.013737442 
642 -45 9 14 0.013732889 
85 284 16 48 0.013732229 
65 371 11 24 0.01372263 
913 332 25 27 0.013711785 
858 75 82 97 0.013711231 
935 246 14 19 0.013700866 
831 269 12 24 0.013697575 
269 228 11 34 0.013693735 
154 -17 10 13 0.013693136 
115 495 15 32 0.013688179 
117 480 10 16 0.013673635 
700 15 23 19 0.013664378 
39 33 12 15 0.0136596635 
913 331 51 64 0.013646132 
11 145 19 25 0.013642184 
467 251 4 10 0.013636713 
439 44 9 19 0.013633846 
423 -46 11 17 0.013630731 
349 6 8 15 0.013619542 
991 299 6 18 0.01361867 
516 347 6 7 0.013614148 
540 178 9 24 0.013609623 
314 252 5 14 0.0136027485 
704 157 10 17 0.013601565 
917 388 18 23 0.013595036 
909 126 15 16 0.013582591 
2 456 83 100 0.013555198 
655 -33 9 16 0.01348328 
901 136 11 14 0.013482882 
736 85 9 17 0.013477644 
488 251 7 12 0.013449605 
13 393 10 30 0.013446277 
100 315 14 38 0.013441641 
192 363 11 21 0.013439188 
198 326 8 17 0.013439176 
849 -18 6 14 0.0133924335 
-148 -98 1015 1465 0.013377617 
629 314 10 11 0.013377536 
64 -43 10 14 0.013373168 
647 281 5 10 0.0133697335 
351 23 7 12 0.013368199 
416 152 4 8 0.013366735 
167 -18 10 13 0.013353288 
607 199 5 17 0.0133450795 
105 143 15 32 0.013324427 
117 489 11 20 0.013312014 
284 128 12 27 0.013293939 
400 -3 8 11 0.013283391 
207 339 11 18 0.013282135 
540 -43 8 13 0.013279349 
206 188 13 28 0.01326416 
469 217 3 9 0.0132600805 
461 25 10 23 0.013257647 
490 59 7 13 0.013255564 
341 206 5 18 0.0132501125 
886 -45 8 13 0.013246648 
885 124 9 13 0.013241681 
284 229 11 30 0.013241194 
489 4 7 17 0.013230452 
926 29 43 63 0.013229363 
580 382 7 11 0.013227383 
693 -19 10 15 0.013220203 
936 37 13 21 0.013218256 
897 145 12 17 0.013197735 
899 194 14 22 0.013191624 
759 276 7 14 0.013190508 
513 125 12 12 0.0131399445 
208 327 9 17 0.013131439 
181 -18 8 13 0.0131309945 
1 357 10 28 0.013130104 
158 255 44 105 0.013113124 
681 287 5 13 0.013105486 
217 18 14 19 0.013099795 
936 53 14 22 0.013093342 
815 67 40 45 0.013091309 
1016 260 10 21 0.0130859995 
181 56 19 21 0.013074391 
453 -17 7 13 0.013066628 
65 362 10 20 0.013064426 
924 272 10 19 0.013051067 
686 224 5 16 0.013045418 
905 106 20 19 0.013032696 
590 -46 10 16 0.013031243 
259 271 10 24 0.01302852 
12 323 12 22 0.013027779 
18 115 22 25 0.013008288 
541 -33 8 14 0.013001311 
756 198 14 31 0.012988126 
697 11 49 59 0.012975081 
556 268 5 10 0.012974019 
1017 -49 8 26 0.012967969 
206 -32 10 16 0.01296222 
858 245 12 23 0.01295225 
51 83 16 16 0.012937342 
500 97 11 13 0.012927324 
705 147 39 62 0.012927005 
499 83 13 16 0.0129226865 
217 285 9 22 0.0129067125 
629 -46 9 16 0.012900239 
693 98 8 11 0.012897992 
284 114 13 28 0.012883636 
529 5 7 15 0.012878602 
671 24 18 25 0.012868884 
957 366 15 32 0.012866685 
216 38 52 47 0.012854982 
568 182 7 24 0.012841195 
417 318 5 9 0.012820455 
491 -6 8 15 0.012812117 
921 313 11 19 0.012809475 
566 -33 8 15 0.012795777 
9 -90 20 29 0.012786487 
594 187 6 14 0.012771159 
874 338 7 14 0.012767648 
696 195 7 20 0.012757999 
757 327 7 12 0.012746388 
206 348 11 17 0.012745758 
873 93 13 17 0.012743305 
500 127 12 10 0.012737697 
666 39 13 20 0.01273742 
167 -31 10 14 0.012734286 
284 3 10 17 0.012733195 
655 317 7 10 0.012720355 
411 -45 11 15 0.01271726 
363 -16 7 12 0.012715835 
193 -32 10 16 0.012712831 
792 127 73 119 0.012708174 
621 252 7 13 0.012699808 
645 315 8 10 0.01265881 
591 -17 10 14 0.012657022 
699 278 5 11 0.0126567595 
488 97 11 13 0.012656481 
796 235 8 17 0.012652286 
711 -310 291 181 0.012649976 
36 -47 15 15 0.01264443 
442 267 5 9 0.012642759 
570 199 5 17 0.012634274 
913 120 30 28 0.012627844 
129 491 12 19 0.01261789 
232 3 13 21 0.0126024755 
857 258 13 24 0.012594991 
976 312 8 19 0.012584559 
1011 426 16 23 0.012578238 
976 298 8 21 0.012574235 
890 367 47 106 0.012565747 
717 301 8 14 0.012537835 
1013 242 13 25 0.01253637 
912 314 10 17 0.012531189 
856 190 14 30 0.012527472 
142 -30 10 12 0.012526046 
355 228 4 12 0.012522483 
236 94 49 73 0.0125133945 
885 337 9 18 0.012492142 
898 211 17 26 0.012482368 
875 121 8 15 0.01247776 
699 291 5 10 0.012470829 
51 342 14 29 0.012460042 
549 151 14 27 0.012453178 
220 -32 9 15 0.012448207 
672 239 5 13 0.012439405 
887 257 8 22 0.012437285 
21 321 18 25 0.01243554 
882 63 49 50 0.012421732 
981 47 19 26 0.012421036 
409 33 12 15 0.012412862 
53 358 11 26 0.012412668 
888 276 8 18 0.012404138 
772 299 6 13 0.0123974625 
525 177 11 25 0.012385475 
543 24 7 12 0.012379068 
522 164 15 24 0.012372163 
480 250 6 12 0.012365906 
620 264 8 13 0.012355456 
127 304 13 35 0.012341581 
654 -56 9 13 0.012329596 
311 -4 85 79 0.012327888 
872 -54 9 12 0.012321202 
334 248 10 19 0.012315663 
154 -31 11 13 0.012311474 
469 228 4 9 0.012305092 
390 202 3 8 0.01229573 
910 242 11 21 0.012282898 
922 41 12 19 0.012276646 
429 154 4 7 0.012258359 
160 279 7 17 0.012257661 
403 301 5 13 0.012246864 
442 281 4 8 0.012205058 
461 43 8 19 0.012186543 
234 288 7 17 0.012170275 
392 41 18 23 0.012162021 
354 236 5 15 0.012157376 
477 72 7 13 0.012153077 
227 126 17 35 0.012152 
441 294 4 7 0.012150959 
616 -46 10 16 0.012142891 
566 -18 8 14 0.012129924 
709 200 6 14 0.012094727 
221 -19 8 14 0.012081943 
856 91 11 17 0.012073182 
628 171 8 18 0.012069064 
501 -7 10 15 0.01206047 
419 304 5 10 0.012053678 
554 182 7 22 0.01204122 
427 -4 7 12 0.012041061 
323 315 9 11 0.012039144 
351 -17 6 12 0.012023779 
945 335 16 23 0.012013688 
662 267 5 12 0.012011984 
416 240 5 10 0.012011906 
620 239 8 16 0.011988122 
478 217 5 9 0.011976808 
984 240 14 29 0.01197559 
163 103 49 64 0.01197529 
67 464 42 68 0.011943361 
936 309 13 22 0.01193949 
404 190 4 8 0.011932764 
325 4 7 16 0.011923929 
758 19 11 16 0.01191837 
873 107 10 17 0.011917835 
422 121 11 14 0.011917055 
478 198 6 12 0.01191522 
230 178 12 26 0.011889838 
270 240 34 81 0.011876707 
372 454 11 18 0.011871807 
437 -45 9 15 0.011867768 
681 60 8 14 0.011817871 
659 306 6 10 0.011817303 
723 196 7 15 0.011807527 
919 70 15 18 0.0117833605 
234 -18 8 13 0.011767126 
491 307 4 9 0.01176146 
578 -33 9 15 0.011758699 
656 -18 9 15 0.011743372 
907 180 16 24 0.011741281 
665 121 11 16 0.011737623 
337 5 7 16 0.011727401 
179 -32 10 16 0.011711672 
585 278 6 14 0.011703065 
642 -33 9 16 0.011702909 
514 96 11 15 0.011701963 
819 32 11 15 0.011699933 
65 346 11 22 0.011697056 
425 53 13 25 0.011695043 
746 284 9 18 0.01169269 
973 360 10 21 0.01168859 
566 -6 8 14 0.011686607 
329 57 38 63 0.0116852755 
620 292 6 9 0.011619597 
244 316 9 15 0.011603846 
869 113 135 157 0.01160085 
19 129 22 24 0.0115919905 
398 7 10 14 0.011591777 
333 262 13 18 0.011591308 
296 5 9 15 0.011584459 
235 303 7 16 0.011582514 
367 366 4 11 0.011580746 
583 343 5 10 0.011571437 
322 49 9 10 0.011569693 
897 89 58 57 0.011561168 
986 0 35 44 0.011543265 
450 84 8 12 0.011535487 
835 31 10 15 0.011531764 
283 36 11 12 0.011519187 
23 -48 15 18 0.011509848 
281 90 77 102 0.011508209 
880 462 17 27 0.01148434 
414 -3 7 11 0.011478354 
477 -4 8 15 0.011470921 
758 216 10 25 0.011441254 
582 299 8 17 0.011422479 
441 8 6 13 0.011398242 
872 42 10 16 0.011389326 
889 299 8 18 0.011386556 
474 124 14 11 0.011382902 
478 229 4 10 0.0113828685 
947 463 14 31 0.011378627 
747 275 9 17 0.011375193 
819 299 15 21 0.011355755 
483 305 3 9 0.011347994 
548 412 19 16 0.011343673 
883 102 16 21 0.011330012 
297 -42 9 12 0.011316603 
952 170 23 27 0.011304338 
325 179 8 18 0.011294392 
115 118 16 28 0.011289329 
105 13 8 20 0.01128875 
553 394 8 8 0.01128302 
366 355 6 12 0.011279296 
456 301 5 10 0.011274639 
491 377 8 18 0.0112700425 
561 238 5 12 0.011252666 
352 35 8 11 0.011235171 
628 90 15 41 0.011230065 
603 -46 10 16 0.011227726 
679 71 10 15 0.011224347 
193 232 12 23 0.011218233 
309 -42 10 12 0.011217112 
450 -44 9 14 0.011199482 
530 -5 7 15 0.011191933 
426 315 7 11 0.011187775 
219 3 11 19 0.011180198 
218 190 10 26 0.01116203 
256 338 9 14 0.011141481 
217 34 16 16 0.011140862 
583 265 28 52 0.011138095 
402 367 7 14 0.011137867 
718 -19 9 15 0.011131115 
335 273 13 16 0.011130283 
871 228 12 29 0.011126604 
618 186 7 17 0.011124258 
576 153 12 24 0.011123423 
400 -17 8 13 0.011123278 
886 -33 8 15 0.011122093 
7 -197 15 42 0.011121825 
745 300 8 14 0.011113862 
758 43 12 18 0.011112336 
758 30 11 17 0.011112018 
883 210 10 22 0.011110529 
591 -33 10 16 0.01109893 
335 302 11 11 0.01109338 
621 63 20 30 0.011091664 
542 -18 7 15 0.011091182 
261 42 22 20 0.011081687 
285 -17 8 13 0.011072233 
202 127 18 34 0.011057536 
571 328 5 12 0.011056497 
10 -64 20 27 0.011056013 
883 453 11 23 0.011048602 
803 193 13 21 0.011047523 
631 194 7 24 0.011035162 
1000 -48 7 25 0.011032353 
361 456 8 14 0.011032218 
481 292 4 10 0.011030095 
560 230 4 9 0.011023117 
746 61 9 15 0.011021609 
887 329 8 14 0.011016506 
246 300 8 20 0.011010491 
618 307 8 9 0.011004564 
387 -17 8 13 0.0109987585 
233 -32 9 15 0.010986979 
81 14 9 17 0.010980276 
362 434 7 10 0.010979887 
948 163 81 132 0.010978708 
858 231 12 26 0.010977692 
922 54 13 21 0.010974318 
169 372 13 26 0.010971602 
449 54 8 18 0.010970721 
703 25 19 19 0.010951909 
695 129 7 9 0.010928321 
820 175 12 31 0.0109232655 
377 217 4 8 0.01091936 
550 408 13 11 0.010889567 
167 -43 10 13 0.010873868 
166 222 38 71 0.010870551 
198 97 28 29 0.010860199 
580 -17 8 13 0.010859235 
439 -17 7 13 0.010819305 
907 154 18 26 0.010814866 
629 -17 9 14 0.010813225 
282 361 12 20 0.010790307 
556 199 6 17 0.010789664 
461 125 14 11 0.010767138 
758 316 6 13 0.010764219 
338 -17 6 12 0.010746491 
375 -16 8 12 0.010726015 
90 156 15 28 0.01071898 
317 101 17 28 0.010702468 
348 289 12 14 0.010697583 
240 131 34 54 0.01068821 
47 91 27 26 0.010682599 
208 310 8 18 0.010679591 
516 7 7 14 0.010679067 
722 111 8 15 0.010677728 
735 75 8 13 0.010675996 
620 222 7 21 0.010675939 
905 157 48 71 0.010659156 
958 385 14 25 0.010648477 
88 490 19 45 0.01064608 
899 126 11 13 0.01064135 
656 15 12 16 0.010636547 
997 -124 13 50 0.010634766 
845 444 46 99 0.010614816 
426 -19 8 15 0.010608968 
337 455 11 14 0.01058433 
389 241 4 9 0.010582454 
889 288 7 16 0.0105779115 
284 -31 9 14 0.010577213 
991 315 6 14 0.010576804 
2 397 8 27 0.0105709275 
642 167 9 24 0.0105681205 
773 248 7 19 0.010563301 
1015 -66 9 33 0.010559591 
322 204 8 25 0.010550529 
97 201 43 79 0.0105409855 
960 -30 10 15 0.010539121 
463 176 10 11 0.010532117 
10 307 15 21 0.010526627 
35 15 17 17 0.010511445 
707 98 7 11 0.010510166 
335 236 7 20 0.010507037 
468 241 4 10 0.010505227 
78 308 14 45 0.010496487 
404 319 5 9 0.010487186 
415 254 5 10 0.010473611 
399 -45 10 15 0.010472791 
477 185 9 12 0.01047162 
180 -43 10 13 0.010458905 
502 5 8 15 0.010446585 
629 -33 9 16 0.0104429815 
284 -42 9 12 0.010432397 
297 -32 9 15 0.010426079 
336 113 14 28 0.010404682 
590 314 7 13 0.010397295 
49 313 15 37 0.010395876 
461 140 14 9 0.010390168 
886 221 10 24 0.010387051 
632 279 6 10 0.010374965 
384 444 11 16 0.010370643 
3 -287 91 60 0.010368911 
878 44 39 48 0.0103409495 
642 -18 9 15 0.010339409 
668 313 7 12 0.010336608 
296 20 10 15 0.010334364 
970 116 19 29 0.0103329 
354 379 4 10 0.010317348 
412 365 8 14 0.010315988 
76 0 159 149 0.010310086 
475 86 9 12 0.010296875 
642 -56 9 13 0.010282825 
488 86 11 13 0.0102755055 
1010 226 17 28 0.01027418 
860 139 9 15 0.010255022 
391 300 5 15 0.010254674 
495 45 7 13 0.010243897 
794 225 9 17 0.010235289 
528 22 7 12 0.010228114 
592 342 6 13 0.010221122 
478 240 6 11 0.010214501 
163 242 15 25 0.010210538 
462 -44 10 13 0.010209478 
733 300 7 14 0.010205764 
527 -43 8 12 0.010195168 
28 114 52 59 0.010194281 
643 180 8 28 0.010185338 
179 -16 94 96 0.010181506 
560 288 6 12 0.0101730665 
679 125 9 11 0.010165406 
104 161 14 29 0.01016354 
788 303 6 11 0.0101507725 
478 62 6 13 0.010149938 
898 -32 10 15 0.010149604 
348 263 10 17 0.010145839 
559 252 5 11 0.010142172 
311 4 8 16 0.0101401415 
350 251 8 15 0.010122916 
426 31 9 15 0.0101218745 
311 135 11 16 0.010110669 
24 16 15 16 0.01010552 
346 272 13 17 0.010100227 
324 -18 7 13 0.010095966 
336 289 11 12 0.010095919 
681 178 8 26 0.0100941835 
887 314 8 16 0.010082945 
905 136 22 28 0.010082678 
691 14 19 21 0.010078473 
909 324 16 21 0.0100721605 
124 270 33 77 0.010051145 
525 81 12 21 0.010048915 
912 259 9 20 0.010032258 
999 243 10 22 0.01002761 
321 -43 11 13 0.010025443 
502 23 7 12 0.010022036 
