20_Family_Group_Family_Group_20_799
3202
906 486 76 109 0.9991358 
534 166 122 142 0.9979533 
115 621 73 116 0.99193 
400 357 14 35 0.9612179 
508 478 132 171 0.86368597 
843 386 16 39 0.73511994 
458 342 10 24 0.5416655 
427 340 9 24 0.496719 
662 465 22 61 0.4584583 
295 344 8 22 0.4347995 
291 357 12 41 0.4295238 
365 361 10 27 0.40346384 
419 356 12 32 0.36125463 
58 336 9 26 0.35343763 
426 331 8 20 0.35095042 
993 484 17 57 0.34399644 
195 345 7 21 0.3382576 
134 342 8 22 0.32950586 
96 164 10 23 0.28343704 
8 76 6 22 0.2762316 
903 243 8 29 0.25517574 
112 357 11 26 0.2538779 
445 343 7 20 0.24942382 
797 732 23 52 0.23770872 
382 305 8 23 0.23557916 
233 336 6 13 0.2336736 
255 342 7 18 0.2324142 
35 393 11 27 0.22800826 
304 345 7 22 0.22532512 
192 359 8 23 0.22519504 
445 333 7 18 0.22459632 
908 230 7 23 0.224302 
387 360 10 28 0.22426112 
294 335 6 16 0.22383796 
780 317 15 44 0.22210664 
298 355 12 38 0.2180657 
40 387 9 20 0.21661857 
365 349 8 20 0.21296208 
396 525 17 48 0.21119513 
239 584 22 57 0.20907933 
64 309 5 17 0.20744422 
836 212 16 56 0.2045764 
117 349 8 19 0.20451432 
447 382 8 24 0.2007482 
64 369 6 18 0.19807567 
997 270 7 20 0.19730961 
442 360 8 25 0.19651966 
52 455 14 37 0.19564135 
351 362 8 23 0.18940328 
460 333 7 19 0.18620497 
352 347 6 18 0.18602246 
21 76 5 21 0.18557549 
233 343 7 18 0.18092494 
7 61 5 18 0.17693314 
963 232 6 21 0.17195958 
195 419 8 24 0.17099744 
410 332 6 16 0.17006586 
214 345 7 18 0.16884486 
159 347 7 21 0.16731308 
457 353 11 31 0.16721298 
61 383 7 19 0.1659587 
85 157 6 17 0.16552155 
23 59 5 19 0.16169731 
395 729 33 66 0.15733531 
384 528 14 42 0.15705861 
437 414 10 31 0.15572323 
65 295 5 14 0.15377964 
79 295 6 15 0.15322801 
136 360 9 23 0.15295699 
176 346 7 20 0.15013465 
999 286 7 22 0.14928459 
76 367 8 18 0.14511427 
7 509 8 29 0.14450069 
194 336 6 15 0.1441043 
353 334 5 15 0.1436199 
98 114 7 20 0.14109024 
387 349 9 20 0.1402558 
137 334 7 17 0.14018695 
987 272 6 19 0.13775463 
375 311 5 17 0.13772014 
220 337 5 13 0.13605177 
444 399 7 24 0.13483745 
906 216 7 20 0.13364697 
386 329 6 17 0.13323441 
80 346 7 18 0.13311741 
852 381 15 36 0.1328036 
63 406 7 19 0.13162827 
904 1110 6 23 0.13115904 
39 74 6 22 0.13104682 
427 430 9 33 0.13001019 
81 332 6 16 0.12989855 
369 332 6 15 0.12982838 
454 379 10 27 0.12908 
79 142 6 15 0.12884583 
996 571 10 32 0.12871858 
518 186 11 28 0.12815255 
479 489 13 43 0.12794793 
364 216 6 17 0.12721193 
78 308 6 18 0.12611642 
423 378 9 26 0.12551469 
1005 487 16 51 0.123442255 
632 115 9 24 0.122294135 
42 461 9 27 0.1214964 
65 57 6 22 0.12108771 
460 623 11 29 0.12086415 
614 72 8 22 0.12082048 
176 402 8 25 0.1203247 
406 201 5 14 0.11778629 
963 245 6 22 0.11741767 
427 414 10 31 0.11719697 
270 347 6 17 0.11678917 
384 294 6 18 0.11673147 
1014 417 8 27 0.11632432 
40 62 6 18 0.11611498 
1001 438 9 27 0.11592269 
453 479 21 63 0.11549286 
210 418 8 22 0.114486516 
63 420 8 22 0.113541 
42 370 6 15 0.11343823 
154 359 9 25 0.1121611 
41 97 6 19 0.1120178 
1005 422 7 22 0.111752756 
903 1090 8 28 0.1112638 
371 158 6 15 0.11098969 
10 90 5 22 0.110866964 
111 167 9 23 0.110685326 
179 358 9 25 0.11042757 
97 101 7 17 0.110227965 
212 365 6 18 0.10974974 
140 288 8 23 0.10955715 
274 335 5 14 0.1088928 
21 92 5 23 0.1088174 
104 365 8 20 0.10865138 
848 365 8 20 0.10853259 
181 334 6 15 0.10839304 
1000 457 10 32 0.108176805 
197 382 7 23 0.10723672 
1006 917 6 20 0.10654861 
921 232 6 20 0.106541134 
290 458 7 23 0.106136374 
877 439 13 33 0.10609847 
289 433 8 28 0.10586879 
188 432 11 31 0.105710424 
781 395 14 42 0.10546525 
334 349 6 17 0.105153 
907 193 7 19 0.10504439 
1014 436 9 32 0.10502448 
357 215 6 17 0.102640845 
630 127 10 25 0.10190394 
103 331 6 16 0.101048425 
406 440 10 29 0.101006754 
84 169 8 21 0.100341134 
191 402 9 25 0.09975085 
1004 192 6 20 0.09939378 
26 388 5 18 0.09917667 
13 508 10 30 0.09914451 
118 93 9 21 0.09859806 
17 502 8 25 0.0985906 
486 331 6 18 0.0982164 
1007 208 5 21 0.098144844 
83 277 5 13 0.09786138 
921 245 7 25 0.09780057 
428 460 8 24 0.09773205 
922 859 9 28 0.09745417 
429 474 8 22 0.09740918 
240 615 22 78 0.09732478 
59 437 12 31 0.09711958 
924 423 10 25 0.09685827 
47 292 4 15 0.09615087 
83 98 6 17 0.09593368 
995 320 8 30 0.09560817 
409 313 6 16 0.095588915 
448 314 6 16 0.0953892 
61 278 5 13 0.09513328 
950 233 6 19 0.09499815 
21 119 5 19 0.09466786 
289 495 7 26 0.094544254 
406 208 6 16 0.09446697 
905 1075 7 26 0.09435404 
1001 253 6 18 0.09433897 
272 516 7 27 0.0943208 
120 333 6 15 0.09386302 
842 196 9 27 0.09384157 
926 983 5 17 0.093830615 
101 137 7 17 0.09338348 
66 77 6 19 0.09294981 
816 737 14 36 0.09222673 
427 316 6 15 0.09159997 
45 345 6 20 0.09146726 
45 140 4 15 0.09128009 
832 135 5 20 0.09086444 
387 272 5 16 0.09066621 
75 406 9 20 0.0906296 
80 78 6 19 0.09030947 
906 258 7 30 0.09019781 
289 473 7 26 0.08931371 
335 333 5 15 0.08893728 
174 513 9 29 0.088621326 
987 287 7 19 0.088309936 
62 157 6 15 0.08814167 
45 156 5 15 0.08811402 
1001 300 9 29 0.08811174 
426 401 9 25 0.08797527 
520 179 9 20 0.087894246 
84 116 6 17 0.08782749 
925 848 7 21 0.087137535 
643 47 5 15 0.087061666 
98 381 8 20 0.08700434 
447 123 5 13 0.08676264 
177 416 9 28 0.08673384 
183 451 12 36 0.08656171 
525 213 9 23 0.086344294 
178 452 10 34 0.0859887 
103 349 7 16 0.08585857 
440 474 9 28 0.08576925 
389 375 10 26 0.08573581 
788 593 11 31 0.08523721 
443 138 5 14 0.08522742 
289 393 11 28 0.08508983 
428 195 5 15 0.08483516 
636 99 7 19 0.08477837 
271 533 9 27 0.08436125 
213 407 7 19 0.08401998 
96 473 11 31 0.08394455 
985 318 8 29 0.08373396 
211 382 7 21 0.08360819 
386 158 6 14 0.08358183 
437 458 10 29 0.08345302 
9 133 4 20 0.08331257 
66 142 5 14 0.083129026 
483 98 7 20 0.0829274 
429 140 6 13 0.08290789 
407 127 5 12 0.08257325 
382 522 11 27 0.0824766 
27 367 5 17 0.0822807 
234 363 7 19 0.08221052 
44 116 5 19 0.08187715 
1012 454 10 35 0.081736095 
149 288 9 25 0.08167695 
413 526 15 43 0.08163512 
807 379 10 27 0.08160166 
966 216 5 19 0.081356235 
291 422 8 25 0.081280045 
894 246 6 25 0.08118094 
774 320 11 33 0.08074474 
289 516 7 25 0.08067597 
78 383 8 18 0.080623664 
482 343 7 21 0.08058745 
140 309 6 18 0.080503315 
405 392 12 32 0.08034256 
74 420 9 22 0.08024919 
307 336 6 16 0.08024826 
908 177 7 20 0.0802443 
20 134 5 19 0.07960617 
981 232 6 20 0.079541706 
408 140 6 13 0.07932075 
964 342 7 27 0.07930037 
257 405 6 17 0.07919578 
744 507 16 43 0.07896888 
113 117 7 18 0.078897774 
289 536 8 23 0.07884179 
769 393 13 43 0.07854428 
834 1313 29 45 0.07812375 
27 464 6 22 0.07807095 
640 55 5 18 0.07803781 
595 433 10 33 0.07738011 
985 215 5 19 0.0772385 
617 64 6 15 0.07713889 
138 273 8 17 0.07700438 
9 779 18 44 0.07678089 
389 140 5 14 0.07671858 
409 160 5 14 0.07664491 
907 302 7 24 0.07643552 
540 400 8 22 0.07640483 
463 250 6 19 0.07623258 
28 352 5 17 0.07593847 
843 688 10 28 0.075934246 
62 43 6 19 0.07590487 
1016 319 8 28 0.07545848 
291 213 5 17 0.07520455 
484 116 6 18 0.0751181 
983 254 6 17 0.07509231 
778 724 23 44 0.075083226 
28 396 7 24 0.07504542 
699 5 8 17 0.07502257 
962 305 7 24 0.07488947 
26 1288 5 17 0.07480959 
751 132 8 22 0.07476025 
834 195 6 23 0.074541755 
502 306 7 19 0.07452206 
831 152 6 23 0.074384086 
464 118 6 15 0.07437985 
976 360 8 31 0.07436329 
81 190 8 21 0.07432482 
177 434 11 34 0.0742373 
983 306 8 26 0.074228406 
178 385 7 21 0.074086286 
596 420 9 28 0.07396967 
497 57 7 19 0.07386177 
498 326 8 22 0.07358884 
445 180 5 15 0.073538646 
98 404 8 19 0.073515326 
487 60 7 17 0.073487885 
494 492 10 33 0.073481746 
351 379 7 21 0.07325798 
70 433 13 32 0.07320287 
69 453 13 36 0.07314025 
938 422 10 25 0.07300555 
1015 303 9 26 0.07295184 
304 457 8 26 0.07279646 
899 902 11 28 0.07268015 
461 314 7 17 0.07256727 
842 406 15 38 0.07243559 
409 546 118 169 0.07235638 
158 333 7 17 0.072083555 
273 499 7 23 0.07201259 
967 177 5 19 0.07201241 
393 201 5 14 0.07176847 
1011 570 10 30 0.07171077 
538 779 11 34 0.07169452 
253 516 7 26 0.07168653 
829 242 9 29 0.07168244 
882 546 17 46 0.07161269 
446 193 6 16 0.07156414 
370 533 8 27 0.07148947 
925 998 5 19 0.07126986 
548 865 18 60 0.07126191 
311 119 7 18 0.07110706 
310 500 7 22 0.0709121 
461 291 7 20 0.07090816 
465 195 6 17 0.07077213 
1013 399 9 32 0.070757195 
845 705 10 27 0.07074841 
669 259 16 46 0.070707574 
363 225 7 20 0.070526116 
248 581 14 31 0.070489146 
48 276 5 14 0.070444226 
291 236 5 14 0.06997324 
312 82 5 15 0.06996762 
692 14 10 26 0.06984059 
556 783 10 35 0.06977981 
763 727 15 31 0.06974385 
352 315 4 15 0.06969586 
288 252 6 16 0.06937887 
542 387 7 22 0.06926624 
131 561 129 139 0.06921232 
822 706 10 26 0.069072016 
751 95 7 18 0.068953715 
621 98 6 18 0.06890342 
967 189 6 21 0.06875158 
463 268 7 23 0.068651184 
1011 1445 15 44 0.068568826 
725 324 10 30 0.068536915 
111 436 12 33 0.06842473 
983 337 8 27 0.06842382 
115 590 14 39 0.06817552 
98 274 5 13 0.06813152 
23 48 6 17 0.06811833 
484 158 6 17 0.06811703 
477 609 13 37 0.06807176 
847 349 7 20 0.06804601 
787 312 10 26 0.068009816 
984 190 5 20 0.06772149 
830 221 11 40 0.067696646 
25 482 6 19 0.067686915 
846 650 7 22 0.067321956 
113 375 10 25 0.06731121 
486 77 7 21 0.06703128 
284 758 19 44 0.06687265 
847 635 7 18 0.06686613 
809 399 8 26 0.06655515 
468 176 6 17 0.06649752 
155 307 7 19 0.066485 
137 378 8 25 0.06647666 
6 972 7 27 0.06637147 
171 524 11 35 0.06619656 
1002 231 6 19 0.06613739 
39 415 10 29 0.06609203 
865 708 7 23 0.066089705 
103 313 5 16 0.06580289 
673 172 8 24 0.06576646 
557 711 8 18 0.065746136 
408 176 6 15 0.06570919 
95 187 11 25 0.065680236 
750 114 8 24 0.06559169 
556 386 8 22 0.06539593 
5 530 9 33 0.06534304 
962 320 7 24 0.06532232 
156 379 9 26 0.065178804 
618 682 28 53 0.06511906 
311 518 7 22 0.065014206 
713 324 11 29 0.06488303 
524 225 8 23 0.06488034 
1010 471 12 41 0.06477586 
494 531 11 33 0.06473808 
910 1003 5 15 0.064399935 
1002 951 8 31 0.06439865 
908 1020 5 17 0.06433734 
448 295 6 18 0.06430799 
950 246 6 20 0.064281374 
406 271 5 17 0.06412996 
656 136 7 18 0.06410702 
618 132 10 23 0.06398936 
844 454 11 30 0.06393968 
10 123 4 17 0.06392269 
1004 938 7 25 0.06390907 
864 726 7 25 0.063811965 
97 437 12 31 0.06377832 
845 1329 29 49 0.06365801 
390 257 5 15 0.06365681 
881 473 13 35 0.063606456 
369 202 5 13 0.0635843 
309 99 7 18 0.06355019 
735 94 7 22 0.0632995 
466 103 5 15 0.06329819 
907 1061 6 19 0.06316245 
253 534 9 26 0.063041575 
73 470 13 33 0.0629402 
830 171 7 23 0.06291451 
26 155 4 17 0.06288006 
463 233 6 18 0.06283933 
830 399 9 25 0.062790215 
290 556 8 22 0.06278658 
499 344 8 22 0.06256302 
98 421 8 21 0.0625483 
925 47 8 37 0.0625343 
907 866 7 20 0.06253272 
368 520 8 25 0.06251914 
554 399 9 24 0.062478166 
848 727 8 24 0.062261704 
310 537 7 22 0.06224914 
884 422 9 23 0.062215235 
537 795 14 48 0.06210415 
392 210 5 16 0.061952364 
769 494 13 32 0.061950672 
621 116 8 21 0.061950453 
848 746 8 23 0.06193435 
224 604 23 73 0.061876237 
308 38 9 21 0.061867353 
686 816 14 43 0.061859053 
305 474 9 26 0.061812025 
770 385 9 25 0.061708793 
406 254 6 17 0.061691113 
430 126 5 12 0.0614909 
160 400 8 24 0.061467927 
444 156 6 15 0.061248828 
1013 379 10 33 0.061203014 
907 1133 6 23 0.06114561 
392 127 5 12 0.061068676 
61 886 6 22 0.06101907 
24 1309 4 17 0.060991988 
861 225 9 31 0.060918227 
766 739 16 35 0.06089177 
519 319 10 30 0.060890775 
6 1291 4 17 0.060857713 
174 500 8 25 0.060809337 
2 324 6 24 0.060788833 
101 212 8 18 0.06074125 
28 308 6 19 0.06068177 
233 517 8 24 0.06062933 
370 142 6 14 0.06061513 
463 213 6 18 0.060614318 
925 290 6 21 0.06060506 
407 472 9 26 0.060546122 
99 290 6 16 0.060543627 
672 421 10 26 0.06052842 
653 114 7 21 0.06037012 
668 820 10 33 0.060299452 
980 378 8 30 0.060292505 
636 82 6 17 0.06021378 
808 367 9 23 0.060175333 
1 306 6 22 0.060129795 
977 476 15 36 0.060051057 
764 509 13 35 0.060038306 
426 156 6 15 0.059956778 
1005 402 7 26 0.05990668 
62 174 7 17 0.059899032 
19 768 11 27 0.059802394 
79 16 9 27 0.059680626 
880 899 12 27 0.059646193 
429 181 5 15 0.059601326 
1014 916 8 25 0.059588317 
848 136 6 18 0.059538055 
500 295 7 18 0.059408046 
75 58 7 24 0.05932356 
513 452 15 43 0.059316374 
450 213 5 16 0.059301227 
331 134 7 18 0.05929311 
66 97 5 16 0.059259865 
861 365 8 23 0.0592328 
657 81 6 18 0.05917632 
218 825 6 23 0.059153672 
824 417 11 31 0.05913327 
541 767 9 30 0.059045788 
271 401 7 20 0.059038393 
256 365 7 18 0.058694992 
655 97 6 21 0.058649454 
634 403 7 21 0.05849753 
382 649 8 23 0.05845933 
832 205 8 27 0.058454942 
273 383 8 22 0.058383588 
21 935 7 33 0.05832087 
924 784 7 24 0.05824057 
1004 362 7 26 0.058166873 
595 453 10 29 0.058120262 
252 497 7 24 0.058095288 
422 514 10 27 0.058043648 
1013 589 9 27 0.05803129 
810 709 11 25 0.058026075 
519 340 10 29 0.058013517 
944 97 6 19 0.057966653 
97 455 11 30 0.057900604 
371 172 6 18 0.057884764 
270 556 8 25 0.057839643 
451 232 6 17 0.057801325 
62 19 7 22 0.057693176 
789 385 9 24 0.057689812 
62 197 7 15 0.057597447 
769 709 11 25 0.057568293 
935 1270 16 21 0.057532746 
375 294 5 15 0.057303708 
651 591 11 31 0.057252545 
525 403 7 20 0.057240937 
569 865 17 60 0.05714352 
579 419 8 25 0.057136837 
441 1054 9 31 0.057096284 
923 324 7 24 0.0570846 
208 434 10 27 0.05704754 
424 212 5 16 0.05698165 
907 290 6 20 0.05695586 
923 803 7 24 0.05694705 
6 1020 5 19 0.056942195 
334 362 6 20 0.056897383 
486 312 6 17 0.05684217 
351 402 7 20 0.056805447 
686 794 12 42 0.056791514 
996 1495 11 32 0.056768637 
189 513 9 28 0.0566975 
6 1251 5 18 0.056681283 
868 135 6 20 0.05667453 
388 176 5 15 0.056623474 
657 155 8 22 0.056540433 
881 888 9 21 0.056509443 
348 38 9 20 0.056474034 
14 529 10 35 0.05643002 
5 998 6 22 0.05627784 
1014 363 9 27 0.05623641 
791 439 9 26 0.05623367 
522 306 9 25 0.05619091 
492 547 10 35 0.056060415 
458 397 9 25 0.056003917 
45 309 5 18 0.055941913 
827 691 9 25 0.055936847 
830 385 10 23 0.05593129 
120 314 6 16 0.055926677 
347 21 8 19 0.055904526 
543 709 8 20 0.055883568 
924 216 5 19 0.05586085 
1003 1424 7 17 0.05580839 
98 257 6 14 0.05579683 
496 509 9 31 0.055705868 
679 471 16 44 0.055671483 
848 121 5 17 0.055662833 
672 802 9 31 0.055645384 
425 1036 7 27 0.05559753 
745 746 14 28 0.055455837 
100 80 6 18 0.05538536 
863 532 13 36 0.055345286 
-1 584 9 46 0.055295255 
5 938 6 30 0.05527075 
495 601 17 45 0.0552163 
6 1079 5 19 0.055144563 
258 619 16 50 0.055072892 
96 491 11 29 0.054982748 
423 232 6 18 0.05474263 
6 953 7 32 0.054716457 
6 1307 5 18 0.05471162 
7 1269 5 17 0.054692492 
782 710 12 28 0.054691024 
967 355 7 31 0.054667592 
887 70 7 29 0.054640055 
114 134 7 19 0.05462444 
27 294 4 16 0.05461085 
651 46 7 15 0.05454813 
369 552 8 24 0.054528233 
482 174 6 17 0.054520614 
487 292 6 19 0.05445309 
25 439 7 25 0.054312818 
17 950 9 36 0.05430609 
54 490 12 30 0.054300863 
132 519 10 27 0.05428322 
908 320 7 28 0.05428087 
111 471 12 34 0.054223232 
487 533 9 30 0.054211494 
1017 206 7 22 0.054190855 
630 150 12 31 0.05416205 
654 421 9 23 0.054153893 
755 232 7 19 0.054138534 
888 116 6 23 0.054053552 
921 262 7 26 0.05404919 
775 312 7 20 0.05399548 
468 160 5 15 0.053980496 
572 782 13 37 0.053949144 
885 828 7 21 0.05386788 
829 264 8 23 0.053831887 
61 901 6 21 0.05381977 
706 0 10 21 0.053816214 
687 937 15 40 0.05372836 
8 485 5 20 0.053704374 
258 388 5 16 0.05363632 
187 469 10 31 0.053618412 
892 210 7 20 0.053526107 
63 -10 302 300 0.053510286 
984 176 6 19 0.053492405 
964 293 6 17 0.053471204 
234 497 8 23 0.05346319 
753 383 7 23 0.053395454 
365 396 9 26 0.05336764 
538 871 15 50 0.053296335 
784 355 11 29 0.053194705 
660 823 7 26 0.053146213 
355 227 6 19 0.053142257 
275 477 6 22 0.053131424 
326 21 9 20 0.05311903 
704 523 15 43 0.05311741 
1006 380 7 28 0.053069744 
908 850 6 19 0.05300716 
25 922 5 24 0.0529521 
691 35 8 23 0.052933443 
811 416 9 27 0.05291192 
670 439 11 30 0.052862715 
118 517 8 27 0.05285953 
310 23 8 18 0.052855734 
905 1148 7 28 0.052850604 
865 632 7 19 0.052840695 
924 766 7 23 0.052828908 
890 196 6 18 0.05267751 
848 303 7 21 0.05259739 
460 461 10 29 0.052581344 
570 1150 16 21 0.052483805 
375 275 4 15 0.05247331 
888 95 6 24 0.052443627 
937 861 9 27 0.052370537 
6 1057 4 20 0.052360978 
980 92 7 21 0.052355345 
235 406 6 17 0.052336436 
577 402 8 23 0.05226692 
0 722 9 37 0.052229725 
965 271 6 18 0.05221763 
924 964 6 17 0.052207954 
842 436 12 32 0.052187286 
752 398 8 27 0.052113183 
258 587 15 42 0.05210443 
408 233 5 16 0.052081414 
115 402 9 21 0.052079458 
70 759 14 38 0.052056022 
49 330 5 20 0.05204205 
540 860 9 30 0.051981825 
436 971 14 34 0.05192898 
983 1408 7 14 0.051913343 
803 608 9 26 0.05190992 
905 136 6 21 0.051818788 
907 807 6 22 0.051798772 
998 334 8 28 0.051718116 
277 318 5 13 0.05166656 
864 747 7 22 0.051655974 
901 1188 10 27 0.051615283 
408 294 5 16 0.051572066 
679 40 7 19 0.05152896 
426 273 6 17 0.051400922 
761 524 14 42 0.051348053 
251 558 9 26 0.051338658 
0 547 10 42 0.051318664 
233 535 8 25 0.05122636 
485 138 6 17 0.051207922 
401 707 18 40 0.051187523 
38 498 10 25 0.0511409 
937 437 12 28 0.0511149 
906 746 7 23 0.051041897 
924 744 7 24 0.050988972 
84 261 5 12 0.050966218 
311 234 5 15 0.050965663 
656 170 10 29 0.050946284 
884 747 7 23 0.05091929 
311 130 6 20 0.050856385 
669 182 10 31 0.05085601 
160 514 8 26 0.050819527 
485 251 6 18 0.05080292 
232 822 7 26 0.05079278 
693 398 9 29 0.05074417 
620 403 7 21 0.050662003 
1002 1437 11 26 0.050660476 
694 175 7 21 0.05065995 
311 198 5 16 0.050647102 
850 764 8 24 0.050622456 
589 709 13 28 0.050596632 
219 802 7 27 0.050591342 
328 5 9 16 0.0505895 
921 435 12 27 0.05056372 
689 418 10 29 0.050534345 
882 727 8 23 0.05052577 
349 137 6 17 0.050480995 
117 80 8 20 0.050478533 
286 266 8 21 0.050471056 
654 405 8 22 0.050397605 
24 1272 5 17 0.050393265 
43 7 8 20 0.050365563 
654 56 6 19 0.05032491 
232 578 12 28 0.05024985 
531 307 16 45 0.05020007 
6 1038 4 19 0.05018747 
425 1015 7 26 0.05017572 
866 671 7 21 0.050093275 
907 826 6 21 0.050079476 
615 420 8 25 0.050075434 
636 419 8 23 0.0500587 
770 566 12 36 0.050041404 
770 148 6 25 0.05002841 
997 553 10 31 0.050018035 
1083 -210 263 787 0.049970657 
923 725 7 25 0.049966194 
77 6 9 20 0.049941577 
450 251 6 19 0.049934063 
884 847 7 22 0.04993029 
156 529 9 32 0.049912654 
907 726 7 24 0.04988357 
236 384 6 18 0.04987673 
864 767 7 23 0.049806263 
845 671 7 23 0.049701374 
39 510 10 30 0.049654 
907 154 7 22 0.049630526 
811 270 7 21 0.049595386 
940 844 7 21 0.049570512 
235 844 6 23 0.049569074 
831 289 7 21 0.04955711 
37 437 11 30 0.049551304 
884 786 7 23 0.049546342 
808 287 7 23 0.04952489 
865 692 7 22 0.049500037 
908 785 7 24 0.049479257 
658 840 7 28 0.049460344 
710 398 9 30 0.04945577 
479 363 8 22 0.04941987 
907 93 6 25 0.049401797 
175 800 9 32 0.04937627 
657 441 10 27 0.049361106 
465 138 6 14 0.04933033 
384 635 9 28 0.049314927 
18 585 11 41 0.049283046 
673 402 8 26 0.04921659 
113 421 9 24 0.049186595 
575 767 10 26 0.049144283 
967 379 8 29 0.049123473 
908 1041 5 18 0.04899846 
235 319 5 13 0.04898102 
274 362 7 24 0.048976354 
833 121 6 16 0.048970677 
217 845 6 22 0.04896069 
179 316 6 14 0.04894537 
907 767 6 23 0.048942894 
496 76 8 23 0.04890684 
97 817 11 37 0.048905846 
1001 177 5 20 0.0488626 
497 471 11 36 0.04882393 
904 940 7 20 0.04880789 
886 806 6 22 0.048724964 
904 884 8 21 0.04871894 
18 974 8 25 0.048717108 
732 416 9 30 0.04864512 
752 145 8 25 0.048571397 
522 362 8 25 0.0484876 
1016 336 9 27 0.048476424 
705 742 12 28 0.04835927 
3 344 6 21 0.048347972 
925 827 7 23 0.048246786 
79 837 9 33 0.04822198 
984 80 5 20 0.048127912 
537 836 10 35 0.048113924 
391 234 5 16 0.04810374 
5 749 7 27 0.048085626 
539 418 9 26 0.04801008 
352 156 6 16 0.04799089 
754 362 8 25 0.047872204 
807 438 8 26 0.047868356 
368 478 8 24 0.047840495 
868 154 7 21 0.047837526 
303 763 14 32 0.04782034 
597 407 8 22 0.04780752 
113 798 11 37 0.047583465 
384 574 8 25 0.047570996 
908 69 7 29 0.04753994 
80 38 6 21 0.047508083 
25 177 5 16 0.047507953 
332 404 8 20 0.047420908 
1000 1408 7 14 0.047400825 
450 105 6 14 0.04738111 
484 271 7 20 0.047296155 
214 496 8 25 0.047286272 
129 592 15 38 0.04727969 
384 590 10 30 0.047275633 
664 291 15 42 0.047247022 
750 902 9 27 0.047229476 
867 827 6 21 0.047215916 
555 418 9 27 0.047178473 
946 343 6 24 0.047161203 
99 513 9 30 0.04714708 
926 404 8 23 0.047118526 
203 616 22 58 0.04710413 
349 421 7 22 0.047072813 
214 516 8 24 0.047045328 
893 1114 4 20 0.046963476 
327 123 6 15 0.046956327 
508 191 7 20 0.04695201 
291 316 5 15 0.046948243 
863 289 8 23 0.046929374 
905 117 6 21 0.046926886 
813 192 6 22 0.04690073 
6 1215 5 14 0.04689891 
765 902 10 32 0.046898 
948 326 6 21 0.04684312 
922 301 7 24 0.046820987 
865 301 7 22 0.046820737 
310 557 7 20 0.046811327 
3 294 5 17 0.046751637 
276 462 6 19 0.04669222 
771 690 11 29 0.046682104 
442 488 12 39 0.046653964 
885 870 8 20 0.046599254 
1017 290 7 18 0.046543136 
15 547 12 39 0.046542175 
669 836 11 37 0.046529364 
948 218 5 18 0.04652776 
904 421 8 23 0.046526015 
189 496 9 27 0.046468437 
101 920 7 20 0.04643529 
848 289 8 23 0.046398204 
482 194 7 18 0.046388518 
865 652 8 21 0.04637869 
558 768 8 25 0.046342697 
1009 527 12 41 0.046333555 
925 1020 5 18 0.046331163 
237 866 6 19 0.046325933 
369 573 7 24 0.046281062 
459 417 9 26 0.04626938 
100 904 6 22 0.046251602 
580 438 9 27 0.046243865 
369 367 116 199 0.04620005 
889 134 6 22 0.046187513 
310 177 5 18 0.046184257 
449 270 6 20 0.04607181 
891 263 7 26 0.046047088 
7 1326 5 19 0.046005767 
842 516 11 28 0.045980662 
73 741 11 33 0.04592295 
362 418 10 29 0.045837134 
578 388 7 19 0.045818545 
766 547 13 38 0.045809444 
577 429 114 168 0.045783214 
310 57 7 19 0.045761343 
888 37 6 26 0.045751754 
28 905 5 20 0.045733597 
427 297 6 15 0.045711413 
745 837 11 38 0.045663275 
734 400 8 26 0.045652796 
861 346 8 24 0.045609165 
495 566 10 35 0.04558394 
847 154 6 21 0.045565344 
964 398 8 28 0.045564998 
45 45 5 17 0.045547932 
-238 384 18 67 0.045543503 
923 878 8 26 0.045499243 
941 881 8 24 0.045460835 
516 795 15 45 0.045457635 
98 551 10 31 0.045446884 
424 1055 7 28 0.04540558 
481 382 8 22 0.045337435 
232 557 9 26 0.04524148 
500 455 10 35 0.04516533 
628 649 14 30 0.045156382 
735 84 6 19 0.045123633 
194 580 10 22 0.045035414 
1020 271 6 17 0.04501366 
302 434 9 28 0.045009732 
255 418 6 19 0.044984125 
97 590 12 37 0.04494071 
501 440 9 26 0.044918958 
847 174 6 22 0.044916578 
99 530 9 30 0.044910282 
687 776 11 35 0.04490879 
580 712 11 23 0.044846088 
867 807 6 21 0.0448392 
-12 1212 5 21 0.044821255 
883 710 7 21 0.044803374 
717 35 7 22 0.04476517 
499 94 7 24 0.044732064 
869 119 6 20 0.044730153 
335 316 5 16 0.044723548 
504 157 6 17 0.044721983 
57 5 9 20 0.044711433 
923 1114 6 22 0.04469828 
136 397 9 26 0.044652518 
480 1501 9 21 0.04464182 
656 458 15 38 0.044553112 
806 305 7 23 0.044538967 
925 68 8 31 0.044528976 
907 50 6 32 0.044522434 
371 252 5 17 0.044459198 
612 436 10 30 0.0444562 
62 261 5 12 0.044426516 
772 478 10 26 0.044425253 
967 155 6 20 0.044408157 
426 497 8 23 0.04428584 
191 531 10 29 0.044246867 
905 711 7 21 0.044242974 
885 383 9 25 0.044216357 
923 709 7 23 0.044121344 
425 250 6 20 0.044074588 
367 460 8 23 0.04401245 
919 1072 8 26 0.04397483 
962 1405 8 16 0.04395669 
154 798 10 34 0.04389063 
674 710 9 23 0.043882065 
521 422 8 22 0.043864205 
135 799 10 33 0.04384227 
333 177 5 16 0.04381271 
352 291 5 16 0.043805614 
178 822 8 28 0.043800432 
573 1165 15 25 0.04378258 
885 766 7 23 0.043706905 
402 690 11 27 0.043692823 
506 177 6 16 0.043690644 
16 247 9 23 0.04366262 
115 493 10 30 0.043624345 
76 514 10 29 0.043620266 
485 403 7 20 0.043592367 
690 318 14 36 0.04356728 
44 904 5 20 0.043567225 
96 800 11 34 0.043515496 
500 117 7 19 0.043499593 
217 863 6 22 0.04348466 
56 512 9 29 0.043449804 
76 530 10 32 0.043423627 
6 765 8 29 0.04340334 
121 275 6 13 0.043393005 
351 278 5 15 0.04334767 
864 414 11 31 0.043316744 
7 1233 4 16 0.04331399 
133 434 13 36 0.04330092 
345 7 8 15 0.043294445 
44 201 5 14 0.04322395 
9 47 5 17 0.043213278 
484 233 6 19 0.043209083 
558 701 7 14 0.043188013 
158 418 9 26 0.043171674 
513 488 14 37 0.043164287 
554 809 13 46 0.04315451 
747 794 12 43 0.043141775 
265 578 11 26 0.0431377 
732 61 6 18 0.04313577 
42 918 6 23 0.043119743 
579 454 9 27 0.043116093 
535 336 11 33 0.043056875 
966 133 6 22 0.04303932 
234 421 7 19 0.043009195 
22 1326 5 19 0.042937074 
961 1420 9 19 0.04292685 
728 509 17 41 0.042922232 
948 291 6 19 0.042906336 
925 689 7 23 0.042903595 
418 563 16 44 0.04287804 
213 475 9 26 0.04286277 
929 93 7 24 0.042838596 
591 476 12 29 0.042816713 
520 780 11 36 0.042779956 
387 670 8 21 0.042758603 
767 135 6 20 0.042746708 
44 174 6 16 0.04271664 
931 114 5 20 0.04270628 
692 379 10 30 0.04270471 
944 115 6 19 0.042692896 
789 153 6 22 0.04261199 
77 819 10 34 0.04259179 
-11 1250 4 20 0.042589143 
941 401 8 26 0.04254679 
866 786 7 23 0.042537067 
431 564 21 53 0.042489808 
524 386 7 22 0.04248829 
194 855 9 34 0.04248661 
326 76 7 19 0.042473763 
311 213 5 16 0.042456903 
160 337 129 172 0.04245488 
776 487 16 43 0.04244321 
227 801 9 28 0.04235798 
979 1497 11 27 0.04232198 
924 16 8 31 0.042290807 
793 134 6 20 0.042281076 
958 421 9 24 0.04225827 
811 230 7 23 0.04224722 
76 551 10 32 0.042186074 
354 202 5 14 0.042123888 
81 881 7 26 0.042107724 
98 856 9 32 0.042088717 
292 41 7 18 0.042013817 
97 782 10 30 0.0420089 
887 50 7 31 0.041997336 
442 1031 9 32 0.041931823 
6 368 5 19 0.041916814 
102 37 6 20 0.04189313 
5 921 6 25 0.04188438 
667 602 14 37 0.04186366 
58 767 11 28 0.041858945 
927 340 7 28 0.041855343 
922 1135 6 23 0.041796017 
56 529 10 32 0.041756216 
673 159 7 17 0.04171138 
886 1060 6 17 0.041601434 
560 726 7 20 0.041590568 
190 593 14 28 0.04158257 
692 188 7 22 0.041569106 
925 674 8 20 0.041553028 
173 550 10 30 0.041454162 
906 36 6 26 0.041403614 
886 511 14 36 0.041401014 
800 322 11 32 0.041400727 
749 730 12 26 0.041378517 
995 967 12 41 0.041369002 
113 551 10 31 0.041350134 
893 232 6 21 0.04133886 
542 701 7 16 0.041325532 
139 260 6 12 0.041262913 
782 574 11 31 0.041231405 
949 268 6 20 0.041214895 
38 530 11 33 0.041170314 
214 535 9 24 0.04116612 
100 22 7 20 0.041162767 
576 749 8 23 0.04114905 
460 439 9 25 0.04114287 
711 416 9 30 0.04113006 
795 292 6 19 0.041123815 
898 577 16 38 0.041088913 
385 505 8 23 0.04106599 
578 723 9 22 0.041046217 
95 737 12 39 0.041036945 
5 1195 5 16 0.040987723 
113 779 11 35 0.040929724 
501 364 8 22 0.0409177 
94 759 12 37 0.04087983 
152 547 11 32 0.040851362 
883 651 8 23 0.04084484 
332 382 8 21 0.040825646 
515 435 13 35 0.040824857 
716 190 7 21 0.0408136 
252 479 7 22 0.040742926 
43 257 5 15 0.040694702 
238 909 5 14 0.040667273 
947 77 5 20 0.0406568 
367 500 7 22 0.0406441 
34 584 13 41 0.04064172 
731 436 10 29 0.040563624 
729 35 8 22 0.040552687 
73 781 11 31 0.04047823 
154 433 11 34 0.040475596 
332 199 5 14 0.04047282 
613 456 10 29 0.040467605 
291 291 6 17 0.040444333 
75 492 11 28 0.040436476 
575 136 10 21 0.040427748 
78 858 8 31 0.040424664 
53 780 14 34 0.04037167 
810 691 10 26 0.040353104 
964 1039 6 19 0.04029197 
660 808 7 25 0.04029195 
923 193 6 20 0.040256355 
835 348 7 18 0.040198747 
944 363 6 25 0.04018042 
885 403 9 25 0.040177282 
690 535 17 56 0.040159255 
737 112 6 21 0.040111598 
137 115 8 17 0.04007283 
501 271 7 19 0.040070977 
286 746 15 29 0.04006717 
115 576 11 30 0.040037386 
942 767 7 21 0.040034454 
439 1148 11 21 0.04001315 
717 56 6 20 0.04000049 
1017 196 7 18 0.03998571 
192 800 9 31 0.039968774 
884 631 8 23 0.03994942 
237 889 5 16 0.03993188 
559 841 9 31 0.03989806 
866 622 6 17 0.0398911 
868 846 6 20 0.039891027 
790 172 7 24 0.039877523 
710 378 9 29 0.039874624 
194 825 8 27 0.039828327 
692 211 9 26 0.039805174 
561 749 7 23 0.039794624 
771 583 13 39 0.0397938 
400 628 10 31 0.039774008 
902 403 8 23 0.039758287 
436 529 13 35 0.03975394 
981 463 11 27 0.03975224 
591 795 15 42 0.03974841 
772 358 9 26 0.039705295 
521 707 9 24 0.039687384 
304 395 9 27 0.03968413 
885 691 7 21 0.03967782 
24 1058 5 19 0.03966186 
121 291 6 16 0.039622277 
440 1072 9 31 0.03958626 
626 668 17 34 0.03956238 
308 6 9 15 0.03956002 
350 126 6 12 0.039544974 
901 1206 10 23 0.03954482 
572 809 16 49 0.039540786 
43 1325 6 19 0.039528977 
22 754 7 21 0.03946039 
688 439 11 29 0.03941839 
843 528 13 34 0.039406136 
737 136 6 19 0.03940588 
133 546 12 35 0.03939954 
503 250 7 19 0.03937804 
689 833 15 49 0.039330654 
-239 421 19 69 0.039282892 
770 248 7 23 0.03926138 
478 1232 9 19 0.039189477 
788 625 10 37 0.03918403 
869 439 10 29 0.03911128 
928 384 7 22 0.0391019 
22 1232 6 17 0.03908191 
253 866 6 19 0.03904653 
510 1204 16 33 0.039032727 
6 464 7 26 0.039027937 
946 1002 5 17 0.03902688 
194 557 9 25 0.039026372 
984 962 6 20 0.039002497 
984 398 8 27 0.038974732 
908 964 6 16 0.038943317 
596 138 10 21 0.038931802 
26 327 5 20 0.038897846 
36 547 12 36 0.038884263 
538 361 9 28 0.03884308 
350 440 8 23 0.0388219 
653 859 9 34 0.03879524 
544 58 7 17 0.038751844 
981 1421 8 17 0.038748175 
674 78 6 19 0.038736586 
731 357 9 28 0.038734157 
98 883 7 25 0.038730145 
26 418 7 25 0.038722653 
924 921 7 22 0.03871992 
945 54 7 28 0.038718015 
523 21 7 19 0.03870126 
755 326 8 22 0.038675644 
749 415 9 30 0.038604215 
942 384 8 24 0.038601607 
942 923 7 20 0.038584832 
911 985 4 15 0.038557455 
135 819 9 32 0.038552757 
904 690 8 21 0.03851915 
22 1214 6 16 0.03849015 
996 1475 12 33 0.038469236 
680 21 7 19 0.038461175 
135 779 11 35 0.03844618 
352 500 6 20 0.03843897 
1011 549 10 34 0.038386125 
500 46 6 14 0.03836593 
907 342 7 27 0.038361058 
309 252 6 15 0.03835993 
479 1510 14 32 0.03834597 
292 197 5 17 0.038343005 
886 495 12 33 0.038254708 
373 650 6 21 0.038250897 
277 438 6 21 0.03823354 
273 419 7 21 0.03822983 
881 1265 12 23 0.0381457 
214 557 8 23 0.03813661 
24 1035 6 20 0.038112998 
482 210 8 21 0.03808858 
924 1039 6 21 0.03808094 
714 134 7 20 0.038074598 
612 782 11 29 0.038064554 
62 212 6 15 0.037989795 
329 501 7 20 0.037989303 
402 671 9 23 0.037967265 
886 345 8 24 0.0379615 
860 516 13 32 0.03782408 
812 211 7 21 0.037799362 
870 1424 6 17 0.03776942 
279 252 5 15 0.037744794 
769 231 7 21 0.03766928 
730 838 12 42 0.037652835 
253 845 7 23 0.037634 
729 747 13 26 0.037604272 
25 197 5 16 0.037591547 
754 248 7 23 0.037574608 
830 368 8 17 0.03754881 
22 1251 5 17 0.03754331 
943 903 7 20 0.03752151 
-15 552 10 43 0.037488542 
813 251 7 20 0.03747791 
851 623 5 16 0.037477642 
709 817 12 43 0.037471615 
502 386 7 19 0.03745614 
864 210 7 23 0.037444264 
5 157 4 17 0.03742387 
678 779 8 30 0.0374126 
734 380 7 25 0.037401926 
941 1252 10 17 0.03739243 
514 622 15 39 0.03737843 
678 55 6 20 0.037376903 
832 305 7 19 0.037357677 
649 570 13 37 0.037300974 
1035 529 10 36 0.03729682 
854 827 6 21 0.037288066 
921 175 7 22 0.03724191 
831 518 7 22 0.03723645 
864 245 8 25 0.03718949 
729 795 11 43 0.037161164 
332 153 6 17 0.037157252 
957 442 11 24 0.037131377 
515 605 13 34 0.0370918 
210 456 10 26 0.037088305 
207 590 17 35 0.03707101 
218 886 5 19 0.037023295 
173 781 10 32 0.037003983 
652 1498 9 23 0.03685221 
36 569 11 34 0.036826048 
965 1118 6 18 0.036812663 
570 1181 17 36 0.03679651 
63 122 5 15 0.036783513 
96 569 12 35 0.036768135 
889 288 6 21 0.036752276 
690 762 10 32 0.03669519 
883 1248 12 25 0.03666143 
997 1290 8 19 0.036656987 
234 479 7 22 0.03665472 
461 1456 12 32 0.036609255 
887 1135 6 22 0.036552638 
352 251 5 17 0.036545597 
506 233 7 19 0.03654468 
782 739 28 60 0.036534276 
696 745 8 24 0.036532283 
903 439 11 26 0.036510423 
326 518 8 22 0.0365078 
885 671 7 21 0.036495157 
390 459 7 21 0.036492627 
705 638 17 44 0.036452457 
503 405 6 19 0.036426093 
886 367 7 22 0.03639578 
216 781 9 32 0.036390927 
688 509 14 38 0.036378067 
854 847 6 21 0.03636297 
616 699 15 33 0.03635134 
61 862 7 25 0.036287088 
325 98 7 18 0.036269013 
402 648 9 24 0.036268633 
7 1096 4 18 0.0362628 
-286 -100 231 647 0.036258057 
536 174 13 29 0.036192514 
792 193 6 25 0.03618705 
904 673 7 20 0.036176637 
685 908 17 50 0.036174566 
843 496 10 26 0.036156897 
324 34 10 24 0.03615099 
942 784 7 22 0.03612324 
57 550 10 32 0.036117658 
710 353 11 33 0.036114346 
885 1421 9 18 0.036113556 
505 212 8 20 0.03610971 
290 8 9 14 0.03608778 
154 900 9 29 0.036067892 
943 804 7 23 0.03606615 
887 155 7 20 0.03606159 
945 132 6 21 0.036030527 
1003 1387 6 14 0.035996284 
23 271 6 18 0.035927348 
501 137 7 19 0.035914533 
631 1496 9 23 0.035887428 
792 211 7 23 0.03588632 
-238 348 16 66 0.035881232 
481 1211 8 17 0.035880115 
612 802 11 33 0.035869297 
941 746 7 22 0.035789244 
190 778 11 35 0.03576281 
61 918 7 24 0.03575 
121 259 5 11 0.03573781 
544 76 7 20 0.035727307 
76 568 11 34 0.035714515 
149 273 9 19 0.035674118 
928 363 7 26 0.035652693 
24 1082 5 17 0.03564755 
983 159 5 20 0.035643063 
254 317 6 14 0.035641663 
447 626 9 25 0.035637256 
193 874 9 30 0.035632085 
407 414 10 32 0.03562935 
6 273 5 17 0.035619866 
791 455 9 24 0.03561282 
292 24 7 15 0.035609964 
500 705 9 27 0.035605554 
407 496 8 23 0.035595644 
152 779 11 35 0.035569165 
128 449 15 39 0.03554471 
112 759 12 38 0.035533976 
537 908 12 39 0.03548042 
948 1022 5 17 0.03547926 
113 189 9 21 0.035478204 
111 213 9 18 0.035465613 
748 435 9 29 0.03546079 
480 591 11 36 0.035410974 
195 318 6 13 0.03540721 
24 1002 6 19 0.03538307 
209 577 10 23 0.03537848 
38 935 8 28 0.035359085 
463 1496 8 22 0.03535074 
847 264 8 26 0.03533366 
552 902 16 57 0.035292048 
829 673 8 23 0.035284072 
116 35 8 22 0.035270024 
23 1020 6 20 0.035269678 
987 772 5 17 0.035260316 
566 897 19 60 0.035245582 
813 133 6 21 0.035207182 
516 1194 12 21 0.035194278 
34 768 12 27 0.03517453 
764 834 11 40 0.035173673 
781 689 11 29 0.03517148 
113 834 11 35 0.035129573 
385 477 9 22 0.035084315 
294 55 6 19 0.035080057 
862 326 9 25 0.035077807 
809 665 10 32 0.035070244 
117 921 7 21 0.035045527 
968 98 5 18 0.03500595 
993 517 15 49 0.034991805 
136 922 9 24 0.034943596 
426 982 8 19 0.03493011 
102 231 7 16 0.034927726 
522 162 6 16 0.034924548 
502 424 7 19 0.03490989 
673 381 9 28 0.03483262 
635 438 9 27 0.03479639 
154 819 10 31 0.034778785 
942 827 8 22 0.034761142 
747 775 13 38 0.034752876 
440 934 11 31 0.034743574 
1073 742 10 35 0.034683082 
983 976 6 24 0.03461568 
43 1309 5 17 0.034603667 
940 672 9 22 0.034585875 
918 1150 9 29 0.03458063 
729 625 12 36 0.03457146 
744 539 17 47 0.03454293 
83 902 6 22 0.034528933 
646 256 17 47 0.034523025 
457 1193 12 20 0.034456894 
809 117 6 19 0.034442335 
734 235 6 18 0.034426864 
352 462 6 20 0.034385793 
81 212 6 15 0.034362458 
21 728 8 27 0.034360886 
7 384 6 22 0.03434898 
922 1056 6 21 0.034337 
928 134 6 20 0.03433304 
901 1232 10 20 0.034315754 
-12 1231 5 19 0.034275264 
683 265 11 30 0.03426815 
964 1132 6 19 0.034224674 
889 177 5 18 0.034218255 
946 941 6 19 0.034212217 
779 476 12 31 0.034203872 
520 696 8 18 0.034202896 
-14 766 7 29 0.03413655 
1036 551 10 30 0.03412885 
632 384 9 26 0.034120377 
365 439 8 26 0.03410253 
6 245 7 22 0.034100477 
751 916 9 30 0.034089383 
1073 724 11 34 0.034084223 
814 174 6 22 0.034028795 
132 99 8 18 0.03402824 
177 838 9 31 0.034019664 
731 194 7 22 0.034008417 
-239 458 19 71 0.034006722 
844 327 8 23 0.033997 
19 16 9 29 0.033978526 
57 568 11 32 0.033969272 
695 734 8 21 0.03394219 
610 146 15 32 0.033939667 
432 738 19 45 0.033939254 
965 1060 6 18 0.03390838 
351 481 7 20 0.03389175 
966 1004 5 17 0.03387632 
331 417 9 24 0.033868875 
352 519 8 22 0.033856627 
646 647 15 34 0.033844065 
405 572 9 26 0.0338373 
486 568 10 31 0.033793896 
891 1096 6 20 0.033761576 
948 1041 5 17 0.033733208 
242 658 19 64 0.0337161 
384 604 12 38 0.03367136 
115 856 9 31 0.03366683 
484 461 9 26 0.03366252 
34 781 15 35 0.033654615 
16 618 13 47 0.033580847 
486 422 7 20 0.033572048 
118 56 8 24 0.033526473 
444 921 8 24 0.03350626 
772 272 6 20 0.03349584 
754 343 7 22 0.033477973 
941 689 8 22 0.03347739 
56 587 11 34 0.03346419 
5 237 6 19 0.033435393 
77 589 11 33 0.033384226 
1241 823 17 74 0.033368718 
369 127 6 12 0.033338033 
524 44 6 14 0.033329748 
896 474 18 38 0.033323564 
902 1166 10 32 0.03330619 
703 936 15 43 0.033305768 
807 842 10 37 0.03330243 
133 932 11 31 0.03330164 
556 363 10 28 0.033295587 
156 1245 7 29 0.033282656 
964 1075 6 22 0.033280335 
61 747 9 22 0.03322485 
46 889 5 19 0.033199415 
1002 157 6 21 0.033184696 
890 1078 6 19 0.033180386 
868 38 7 30 0.033165116 
982 1390 7 13 0.033163354 
803 345 10 27 0.033120647 
1019 714 5 17 0.03308328 
899 1248 13 23 0.03307452 
794 248 7 23 0.03307254 
75 801 11 31 0.033061314 
697 157 6 17 0.033053342 
650 1511 14 34 0.0330166 
617 384 9 23 0.033012394 
555 75 7 21 0.032974295 
700 551 18 55 0.032929335 
520 244 10 26 0.032910135 
976 1507 16 39 0.03287086 
100 59 7 22 0.03282604 
158 1225 7 28 0.0328137 
653 181 12 37 0.032748565 
137 420 9 24 0.032728557 
653 895 11 31 0.032681774 
690 306 10 28 0.0326711 
353 175 6 16 0.032671053 
138 902 8 26 0.03266973 
639 607 9 25 0.032661863 
251 824 9 25 0.0326541 
919 1093 7 24 0.032594148 
1063 748 8 25 0.03255696 
748 883 10 32 0.032552022 
522 116 7 21 0.03255182 
869 196 6 20 0.032538205 
814 153 6 22 0.032537762 
825 846 8 29 0.032507133 
942 1236 9 16 0.03247438 
499 693 8 19 0.03239377 
632 550 13 39 0.032381784 
886 1040 5 16 0.0323814 
749 480 11 27 0.032379672 
674 727 10 25 0.032344062 
541 749 8 27 0.032300044 
521 832 10 36 0.032256313 
445 1189 10 19 0.03223516 
218 320 6 13 0.032207765 
309 576 8 21 0.032201644 
597 385 8 21 0.032185543 
764 1479 14 24 0.032157373 
1019 766 7 23 0.032152396 
289 574 9 23 0.032146562 
99 6 7 15 0.03212086 
833 655 6 21 0.03210346 
807 456 8 24 0.032096293 
1242 784 16 74 0.032089546 
669 856 12 41 0.032086413 
712 439 9 26 0.032084577 
717 119 6 17 0.03207901 
579 567 117 162 0.032069165 
324 535 9 23 0.032057196 
387 393 11 29 0.032048147 
388 692 9 22 0.03204685 
304 748 13 26 0.032013673 
669 332 13 37 0.03200523 
794 229 6 23 0.031993516 
906 368 7 22 0.031947043 
558 438 9 27 0.03189535 
984 996 7 23 0.03188137 
948 1077 6 19 0.031865917 
981 1051 8 27 0.031856753 
559 138 8 21 0.031845804 
820 756 12 35 0.031822167 
485 443 8 21 0.031821374 
869 175 7 20 0.03180361 
160 501 8 23 0.03178828 
423 998 8 25 0.031783465 
594 767 9 26 0.031758364 
653 382 9 27 0.03172321 
982 1071 7 29 0.03171372 
675 98 6 19 0.031709217 
544 48 6 12 0.031691693 
227 783 9 29 0.031628136 
558 457 10 26 0.031623047 
332 217 5 14 0.031596288 
885 916 10 23 0.031594973 
670 624 14 37 0.031546403 
441 1012 11 34 0.031514134 
441 1175 11 18 0.031513494 
399 606 12 35 0.031488124 
690 646 12 33 0.03148112 
962 1022 6 17 0.031471137 
329 461 187 315 0.031460013 
329 478 8 23 0.03145542 
885 1174 7 22 0.031448692 
751 84 7 19 0.031446297 
964 113 6 21 0.031438977 
3 796 14 51 0.03141474 
532 454 13 34 0.03138969 
849 1444 6 16 0.03137298 
257 645 19 62 0.03132838 
434 546 16 42 0.0313167 
714 153 6 19 0.03129944 
731 250 6 20 0.03127146 
615 475 10 27 0.0312564 
651 548 13 41 0.031230776 
922 1273 11 18 0.031220779 
100 662 13 35 0.031202689 
905 384 7 23 0.031190667 
888 1210 7 18 0.031182023 
635 806 8 26 0.031133546 
329 460 8 21 0.031022204 
1011 931 11 34 0.031003065 
230 438 9 22 0.030981444 
803 630 9 30 0.030960178 
311 153 6 19 0.030925194 
687 627 14 36 0.03092199 
275 293 5 15 0.030921202 
60 845 8 27 0.030910285 
1017 881 8 26 0.030881075 
734 212 7 21 0.030874547 
5 177 4 17 0.030874316 
4 1175 5 17 0.03087196 
924 941 7 20 0.030850643 
424 688 11 28 0.030842185 
851 782 8 24 0.030841433 
307 597 9 22 0.030839829 
1240 878 18 76 0.030829543 
997 606 10 27 0.03078037 
334 254 5 15 0.030779477 
557 57 6 17 0.030766014 
811 473 9 27 0.030728377 
543 724 8 23 0.030685976 
717 961 25 65 0.030684838 
524 862 7 27 0.030653805 
498 781 11 32 0.030640254 
689 710 9 23 0.03062596 
353 536 7 22 0.030621216 
1240 494 17 77 0.030608412 
690 667 11 29 0.030585006 
1018 698 6 17 0.030580547 
730 310 7 20 0.030569846 
1005 96 5 18 0.030569075 
1061 691 8 25 0.030564837 
751 459 9 24 0.030557519 
533 643 14 31 0.030543778 
154 838 10 32 0.030543214 
522 900 8 28 0.030540977 
774 292 6 19 0.03053566 
-240 306 17 70 0.030531637 
924 155 7 22 0.030521596 
428 669 9 22 0.030506257 
1018 750 7 24 0.030501856 
414 706 16 37 0.030485589 
102 633 9 28 0.03047021 
232 461 9 22 0.030461421 
746 859 11 35 0.030456651 
959 1438 10 21 0.030448854 
21 705 8 31 0.030431962 
994 1019 14 37 0.030413384 
987 944 5 18 0.030409534 
692 351 11 36 0.030313324 
608 1484 17 34 0.030313069 
-11 1195 5 19 0.030304516 
1018 250 6 19 0.03028702 
754 269 6 22 0.030284513 
713 175 6 20 0.03026781 
853 805 7 22 0.030250993 
633 1512 12 30 0.03024638 
41 752 8 20 0.030239923 
967 56 6 22 0.030225279 
304 418 9 27 0.030220924 
944 985 5 16 0.030213134 
1242 706 16 77 0.030195352 
181 605 23 46 0.030144764 
197 926 6 18 0.030116377 
900 458 12 29 0.030101137 
1038 573 8 26 0.030075442 
671 646 12 32 0.03007012 
691 51 7 22 0.030065896 
152 875 10 33 0.03004205 
969 983 5 16 0.030041883 
553 334 13 36 0.030035743 
628 527 13 39 0.030011233 
62 732 8 23 0.03000879 
766 858 10 36 0.030001704 
948 303 6 21 0.029986035 
1061 672 9 25 0.029976035 
922 903 8 22 0.029963586 
674 117 7 19 0.029957162 
369 591 7 24 0.02991754 
522 138 7 19 0.029909292 
-240 495 20 73 0.029900562 
402 594 10 29 0.0299003 
947 1061 6 16 0.029884981 
133 576 10 26 0.029881991 
535 474 12 32 0.029868707 
656 25 6 15 0.02985475 
3 438 8 30 0.029853256 
706 757 13 36 0.029843302 
637 570 12 35 0.029823368 
983 1020 7 23 0.029821776 
514 510 13 34 0.0297904 
368 764 13 26 0.029766746 
467 85 6 15 0.029755518 
685 281 11 30 0.029750869 
866 475 10 30 0.02972407 
955 458 16 30 0.029719582 
736 151 6 19 0.02971945 
535 434 12 34 0.02971791 
523 60 6 16 0.029712573 
1074 706 10 33 0.029709427 
772 436 8 27 0.029703928 
140 1243 7 26 0.029694442 
668 203 12 37 0.029690659 
1005 1116 6 19 0.029661473 
754 312 7 19 0.029659523 
766 881 10 33 0.029633274 
981 34 8 31 0.029626967 
595 694 11 22 0.029570322 
348 52 8 21 0.029559651 
620 50 6 12 0.029550252 
134 837 11 32 0.029537443 
1241 570 16 78 0.029527575 
498 718 11 33 0.02952561 
824 823 9 29 0.029524751 
520 743 10 32 0.029510526 
523 883 8 26 0.029489016 
906 20 6 24 0.029467322 
437 681 15 36 0.029458346 
218 907 5 16 0.029450625 
865 269 7 22 0.02942527 
671 355 11 33 0.02942431 
1063 764 8 28 0.029399622 
667 567 14 40 0.029396454 
761 -24 224 423 0.029384892 
498 762 12 35 0.02938073 
687 581 15 41 0.029376363 
175 872 11 34 0.029342066 
1038 593 8 24 0.029329224 
457 756 15 39 0.029327342 
3 199 4 16 0.029313417 
924 1234 9 19 0.02929521 
460 638 13 34 0.029284356 
672 672 9 23 0.029267829 
334 235 5 14 0.029260054 
456 915 13 36 0.029245052 
938 34 8 31 0.029230377 
796 270 6 21 0.029210525 
692 225 8 27 0.0291998 
889 304 6 21 0.029198129 
177 901 8 27 0.029185679 
984 58 6 22 0.029167192 
916 1164 14 36 0.029150411 
174 578 9 24 0.02914894 
37 954 9 30 0.02913681 
846 550 10 28 0.029057471 
794 116 7 21 0.029041374 
542 93 8 26 0.029034836 
462 594 11 33 0.029017486 
155 578 10 23 0.028911129 
986 425 7 21 0.028887996 
217 929 4 15 0.028883956 
-250 376 185 482 0.028860226 
132 496 10 27 0.028835205 
1014 1494 9 32 0.0288273 
763 808 12 47 0.028826414 
386 416 10 27 0.028791731 
1018 228 7 20 0.02876069 
883 1151 7 27 0.028732184 
628 165 16 39 0.02872923 
674 6 8 16 0.028723394 
634 783 9 27 0.028709296 
880 1283 17 31 0.028681543 
64 236 6 14 0.028669408 
1004 1249 8 17 0.028657774 
677 766 8 26 0.028645415 
831 619 6 16 0.028620757 
751 711 11 24 0.028553065 
709 497 11 27 0.028552404 
687 248 10 29 0.02853798 
43 213 5 14 0.028535059 
772 463 7 19 0.028526586 
137 880 9 26 0.028514206 
773 165 7 29 0.02851361 
225 760 12 33 0.028499587 
-14 536 9 35 0.028487002 
728 758 12 33 0.028467786 
646 623 16 38 0.028459597 
616 497 11 27 0.028445406 
941 727 7 22 0.028438259 
690 693 9 24 0.028422216 
906 1272 9 18 0.02837087 
887 324 8 24 0.028359212 
941 708 7 22 0.028359056 
833 330 7 20 0.028350504 
117 905 6 22 0.02834693 
522 97 6 21 0.028346134 
594 746 10 24 0.028331185 
426 1232 9 22 0.028313821 
674 695 10 20 0.028312422 
-250 518 91 278 0.028305497 
324 58 8 21 0.02830016 
557 110 9 27 0.028297838 
55 605 12 36 0.02829471 
709 16 9 24 0.028290149 
784 554 10 28 0.028283432 
221 641 21 64 0.028278843 
1121 935 252 654 0.028242318 
634 458 11 29 0.02823242 
253 891 5 14 0.02820714 
687 605 13 37 0.028200138 
518 723 9 26 0.028198766 
429 107 6 13 0.028160803 
1033 435 10 33 0.028126294 
1117 282 206 408 0.028113015 
-8 59 5 19 0.028098036 
935 453 18 36 0.028085839 
887 1192 7 20 0.028077988 
867 870 5 17 0.028074672 
1019 731 6 21 0.028069362 
949 1117 6 18 0.028049883 
255 462 6 21 0.028041188 
447 1386 5 20 0.028035326 
787 666 10 32 0.02802088 
673 137 7 18 0.028011935 
789 646 10 34 0.028009143 
426 1072 7 27 0.027994504 
458 898 10 28 0.027986083 
312 317 5 15 0.027975539 
724 540 17 46 0.027974019 
408 104 6 15 0.027967054 
685 457 13 33 0.027963419 
365 780 14 29 0.0279477 
980 17 9 32 0.027918428 
807 512 11 29 0.027918013 
273 39 7 19 0.02790532 
462 1208 8 18 0.027859995 
647 668 14 28 0.027852476 
886 614 8 23 0.02783623 
796 355 104 153 0.027826583 
213 759 11 37 0.027801422 
755 291 6 19 0.027795726 
1005 114 5 18 0.027794877 
354 559 6 19 0.027761497 
587 871 17 49 0.027750866 
137 134 8 17 0.027728887 
-15 719 9 44 0.027716756 
729 455 11 29 0.027689504 
579 43 6 14 0.02768855 
148 646 114 140 0.027680555 
40 1291 5 16 0.027638815 
947 177 6 20 0.027614135 
1063 730 7 24 0.027604163 
869 888 6 17 0.02758786 
631 630 12 28 0.027574196 
969 80 5 18 0.027571816 
985 443 8 20 0.027566459 
1034 494 11 35 0.027562935 
726 775 14 40 0.027558688 
458 686 11 25 0.02754069 
135 857 10 31 0.027538264 
948 1136 6 18 0.027493572 
792 905 8 26 0.027464887 
791 838 9 38 0.027455626 
1032 454 11 36 0.027454315 
478 738 13 35 0.027356165 
195 903 8 23 0.027350297 
449 85 6 15 0.027337678 
656 6 8 15 0.027291352 
175 853 10 34 0.02722238 
559 46 7 13 0.027221207 
16 237 8 20 0.02719703 
828 531 9 27 0.027166663 
1240 936 18 79 0.027162408 
459 518 14 40 0.027161745 
1240 417 17 79 0.0271547 
969 965 4 17 0.027150925 
862 494 11 28 0.027147323 
869 98 7 23 0.027145108 
938 17 8 31 0.027143009 
519 535 10 30 0.027135301 
456 720 13 35 0.027087273 
541 139 8 21 0.027078656 
830 499 7 23 0.027069539 
652 291 16 43 0.027050126 
239 927 5 13 0.02704071 
171 595 13 29 0.02703848 
754 217 6 21 0.027023917 
917 1281 19 26 0.027014066 
982 6 8 21 0.0269995 
883 1363 11 24 0.026995132 
328 438 9 23 0.026978478 
459 979 13 26 0.026956396 
713 311 10 21 0.026953436 
-13 744 7 34 0.02692525 
1062 710 8 25 0.026918773 
947 152 7 22 0.026916027 
1006 713 5 15 0.026889846 
864 1266 12 24 0.026861927 
252 782 11 26 0.026823932 
463 1055 8 24 0.026720297 
304 175 225 308 0.026719138 
985 1289 9 19 0.026713504 
614 766 9 25 0.026661653 
254 442 7 18 0.026661549 
565 1198 20 36 0.026657937 
22 1198 6 14 0.02664479 
3 903 6 27 0.026644338 
600 98 7 17 0.026642336 
253 913 4 11 0.0266306 
390 445 7 23 0.026614103 
334 276 6 15 0.02660569 
493 1508 17 39 0.026594602 
463 1515 10 24 0.026594268 
119 935 9 26 0.026587542 
579 477 11 29 0.026580287 
154 919 8 24 0.026554942 
768 95 7 18 0.026546195 
175 292 7 17 0.026539093 
637 820 9 31 0.02653624 
464 1421 7 28 0.026522681 
478 759 14 37 0.026486764 
524 79 5 18 0.026482169 
987 912 6 15 0.026472928 
954 1249 10 17 0.026397428 
903 654 8 21 0.02632095 
6 16 8 25 0.02631276 
944 1441 8 17 0.026312716 
946 964 5 18 0.026307698 
980 111 6 21 0.026304364 
587 493 16 35 0.026266959 
911 1373 17 37 0.0262538 
213 1237 9 46 0.026239427 
658 783 8 28 0.026233219 
43 1342 7 25 0.026222479 
458 703 11 29 0.02621327 
1002 1236 8 15 0.02620612 
587 829 16 45 0.026201775 
194 1120 8 14 0.02618907 
369 748 12 28 0.026164966 
81 234 6 14 0.026159337 
438 991 14 36 0.026147969 
963 1156 8 18 0.026138585 
704 847 18 57 0.026129719 
402 395 190 296 0.026109416 
499 740 11 34 0.02609582 
687 861 21 68 0.026092516 
-1 615 10 50 0.026085926 
844 1354 18 30 0.026084332 
716 212 6 19 0.02607039 
578 698 9 18 0.026065938 
426 1148 8 19 0.026053088 
827 862 7 29 0.026040953 
383 723 20 40 0.02600399 
135 1228 9 29 0.0259841 
5 397 6 27 0.025980853 
730 497 13 29 0.025957104 
370 669 7 20 0.025941001 
630 721 15 27 0.0259207 
902 1377 14 31 0.025906462 
651 356 12 33 0.025899407 
669 889 14 41 0.025879052 
807 818 11 36 0.025857922 
706 962 19 56 0.025847258 
988 925 5 16 0.025754504 
503 1208 12 26 0.025723016 
577 59 6 15 0.0256995 
836 638 6 18 0.025691278 
117 881 8 25 0.025688056 
535 491 13 33 0.025671948 
436 664 13 29 0.025636274 
140 457 137 164 0.025597496 
716 234 6 18 0.02559072 
556 477 11 28 0.02557049 
1 216 6 15 0.025547855 
117 24 8 18 0.025543284 
954 1270 11 17 0.025541598 
480 778 12 33 0.02552125 
427 1139 6 18 0.025516013 
179 922 7 20 0.02549562 
277 271 6 16 0.025480632 
368 639 116 166 0.025471399 
1071 759 11 38 0.025463445 
604 63 6 15 0.025439091 
41 984 7 20 0.025437107 
720 102 5 18 0.025408862 
428 966 8 18 0.025401676 
926 656 8 18 0.025396254 
926 7 7 21 0.025387071 
833 1445 5 16 0.025376333 
611 1509 12 30 0.02535822 
502 1195 8 16 0.0253394 
326 558 8 20 0.025325334 
618 722 11 24 0.025287682 
887 1025 5 14 0.025277965 
784 527 12 34 0.025270661 
640 592 9 28 0.025254901 
948 192 6 21 0.025246086 
309 272 6 16 0.025245985 
282 331 130 187 0.02522155 
613 554 14 31 0.02516761 
960 1170 11 23 0.025158947 
243 695 17 47 0.025143508 
1016 609 8 24 0.025130587 
136 1213 7 18 0.02511915 
787 811 12 42 0.025114084 
22 1099 5 17 0.025109531 
269 767 11 29 0.02510742 
984 786 7 20 0.025101474 
678 943 9 23 0.025097022 
157 1213 7 21 0.02508324 
766 1458 10 23 0.02505644 
335 295 5 15 0.025041357 
575 364 10 26 0.02502479 
966 1093 5 20 0.024998156 
114 232 7 16 0.024983367 
729 1514 11 28 0.024967983 
652 919 12 29 0.024929063 
540 24 9 17 0.024919452 
-12 1096 6 24 0.024906572 
67 316 246 312 0.02489986 
1037 610 9 24 0.024861962 
959 887 8 18 0.02483846 
6 1158 4 16 0.02482593 
917 1204 12 24 0.02481255 
706 579 15 42 0.024805797 
445 1401 6 25 0.024805771 
846 102 6 19 0.024772253 
479 1196 9 15 0.024769604 
809 497 9 27 0.024740787 
99 936 7 25 0.024727123 
405 77 8 19 0.024704145 
733 293 6 17 0.024685908 
140 1266 6 28 0.024678556 
981 1483 10 24 0.02467255 
1006 698 6 15 0.02467022 
853 869 6 18 0.024660204 
153 451 11 33 0.024643552 
58 1323 7 24 0.024639655 
352 577 6 19 0.0245942 
194 334 240 362 0.02455869 
641 27 6 13 0.024519542 
1004 1137 5 16 0.024511999 
918 454 16 33 0.02450921 
426 80 8 18 0.02449133 
613 533 14 30 0.024481261 
498 799 12 35 0.024473062 
83 920 6 22 0.024471425 
1019 657 7 20 0.024459979 
1035 418 9 30 0.02444095 
833 99 5 20 0.024412392 
869 71 7 29 0.024312826 
646 691 16 30 0.024302268 
372 640 6 18 0.024256662 
282 663 15 37 0.024253301 
956 1233 10 18 0.024252795 
944 1422 8 18 0.024250688 
636 449 44 104 0.024238853 
445 1210 8 17 0.02421832 
-12 1077 6 26 0.024218047 
477 1460 9 24 0.024213247 
500 1174 9 17 0.02420063 
488 47 6 12 0.024142345 
477 1241 9 26 0.024137463 
269 744 12 28 0.024114314 
427 1212 6 17 0.024111051 
321 780 13 28 0.02409823 
224 716 16 41 0.024026865 
290 1002 5 18 0.024017984 
307 612 8 23 0.023999916 
593 148 15 31 0.023982765 
871 1044 5 16 0.023963986 
199 645 24 59 0.023955937 
750 1481 13 24 0.023944156 
423 1245 13 25 0.023937257 
961 906 7 17 0.023877611 
437 720 16 38 0.023877308 
404 56 9 19 0.023868289 
963 1389 9 16 0.023852624 
1073 687 11 33 0.023848994 
553 94 9 28 0.023824353 
1002 770 6 19 0.023809921 
497 1495 12 25 0.023800885 
-65 166 252 440 0.023721121 
175 1243 8 36 0.023704166 
889 20 6 22 0.02369823 
478 719 13 34 0.023698043 
429 651 9 22 0.023679834 
754 1461 8 18 0.023666445 
770 216 7 21 0.023652874 
604 77 6 19 0.023647128 
675 917 11 33 0.023635441 
-12 1020 6 24 0.023627505 
699 137 7 20 0.023622524 
503 24 7 15 0.023622181 
887 1407 7 15 0.023602908 
649 330 15 40 0.023591561 
505 1226 8 22 0.023587227 
466 1231 7 19 0.023584366 
541 112 8 26 0.023579808 
1241 627 17 79 0.023554392 
199 941 6 18 0.02354487 
-11 1039 6 24 0.02352932 
942 5 7 20 0.023524234 
599 117 8 18 0.023523929 
670 541 13 41 0.023520434 
307 634 8 21 0.023513814 
193 1131 8 17 0.023508403 
949 1096 6 17 0.02348121 
245 722 15 36 0.023479724 
609 831 14 39 0.023431966 
-13 920 7 32 0.023424935 
616 673 13 27 0.02340604 
732 4 8 18 0.0233736 
558 25 9 17 0.023373382 
149 595 14 29 0.023341898 
966 772 6 17 0.02333198 
-241 549 20 78 0.023330357 
388 104 6 15 0.023311447 
285 645 13 35 0.023308404 
772 191 8 27 0.023293909 
983 1091 7 27 0.02325498 
896 1358 17 36 0.02324273 
635 7 8 15 0.023221117 
502 900 9 26 0.023194375 
-11 1175 5 18 0.023168929 
879 1341 15 31 0.023144173 
458 996 14 28 0.023138443 
728 478 12 27 0.023104232 
1018 675 7 20 0.023081118 
805 576 10 25 0.023059834 
1059 651 9 29 0.023017915 
925 1443 7 16 0.023016606 
537 668 10 25 0.02297393 
367 57 8 19 0.022897745 
288 631 11 27 0.02287972 
1000 1275 7 15 0.022870503 
362 40 9 18 0.022812853 
3 418 7 30 0.022781475 
623 327 18 42 0.022774484 
522 916 8 27 0.022769086 
-241 268 18 69 0.022765478 
1002 78 6 20 0.022762422 
824 554 10 25 0.02275631 
1039 672 8 25 0.02275565 
977 545 18 36 0.022747569 
5 1347 5 18 0.022738744 
368 105 6 15 0.02273395 
743 629 12 33 0.022724431 
958 674 9 20 0.0227238 
247 741 13 32 0.022715062 
900 1284 15 25 0.022696225 
922 1251 10 17 0.022689259 
56 625 12 36 0.02268906 
711 456 10 27 0.022681136 
25 889 6 21 0.022655344 
886 573 14 40 0.022649975 
424 58 9 20 0.022639638 
870 53 6 30 0.022637326 
766 116 8 23 0.02260798 
-345 1192 401 438 0.022598179 
540 159 9 21 0.02254515 
1040 751 6 23 0.02251902 
478 1474 10 24 0.0225047 
428 1194 6 14 0.022504576 
793 855 8 36 0.022494879 
864 1251 10 20 0.022483993 
888 1231 8 19 0.022477875 
827 599 7 19 0.022464141 
669 1514 11 29 0.02245977 
501 882 8 25 0.022443842 
566 1240 18 34 0.02244005 
829 472 8 28 0.022427429 
254 949 5 11 0.022415128 
804 531 11 29 0.02239689 
613 590 13 28 0.022388898 
265 725 14 31 0.02235107 
77 607 10 33 0.022342276 
706 711 13 26 0.022314772 
964 1500 7 19 0.022307588 
613 572 15 30 0.022265878 
78 666 11 32 0.022264719 
251 800 11 28 0.022250826 
823 802 10 30 0.022247164 
478 645 13 31 0.022232916 
513 1221 13 28 0.022229092 
286 731 12 27 0.022226144 
22 1343 6 21 0.02221882 
139 233 7 15 0.02221353 
849 1428 6 16 0.022194656 
847 1299 27 42 0.02217902 
724 584 15 39 0.02215921 
762 926 15 46 0.022141203 
984 1113 6 21 0.022133581 
618 649 11 26 0.022125037 
647 723 15 28 0.022097368 
101 964 71 134 0.022095293 
-14 939 7 34 0.022087641 
-11 1058 6 25 0.022068486 
619 9 8 15 0.022064352 
437 230 129 156 0.022062924 
-13 902 7 33 0.022040166 
1003 136 7 20 0.022037249 
629 356 14 35 0.02203043 
732 268 6 21 0.022023905 
963 925 6 17 0.022021879 
963 5 7 21 0.02201786 
807 552 9 26 0.021990078 
444 1422 7 25 0.021973487 
300 98 5 18 0.021965303 
298 83 5 17 0.021962235 
387 709 12 27 0.021934334 
1002 789 5 19 0.021926718 
1034 473 11 36 0.021925947 
732 19 7 20 0.02190843 
367 730 11 24 0.02190174 
349 102 7 16 0.021888424 
634 921 9 22 0.02188112 
1006 750 5 19 0.021875594 
1039 654 8 24 0.021866346 
325 685 12 31 0.021825958 
327 575 8 22 0.02180028 
18 682 12 39 0.021792388 
719 248 7 21 0.02178992 
221 692 18 48 0.02177129 
793 880 8 32 0.021752372 
456 1029 13 30 0.021742359 
633 743 11 24 0.02172882 
745 924 14 44 0.021725008 
-16 603 114 170 0.02171849 
343 688 10 27 0.02170697 
752 191 8 27 0.021692509 
23 217 6 15 0.021676539 
138 215 8 15 0.02166552 
1041 768 6 23 0.021664182 
677 745 8 23 0.021659171 
968 39 7 24 0.021652859 
870 1407 6 15 0.021647109 
654 940 12 27 0.021641115 
983 568 12 37 0.021634249 
76 683 13 33 0.021631353 
570 1141 14 18 0.021630757 
520 551 12 31 0.021622036 
35 620 13 43 0.021615569 
829 455 9 27 0.02160332 
483 1443 7 22 0.021590281 
705 687 14 33 0.021580439 
1013 1508 12 35 0.021577045 
308 668 10 27 0.021553544 
596 360 12 28 0.021548769 
441 643 11 28 0.02154154 
77 703 11 31 0.021524591 
506 1245 6 21 0.02151733 
965 945 5 16 0.021513186 
523 293 8 21 0.02151209 
929 1276 23 30 0.021498399 
518 668 10 25 0.021489896 
261 700 17 41 0.02148573 
454 1008 16 34 0.021475516 
33 916 244 208 0.02147208 
-217 406 17 52 0.02146801 
730 1481 9 19 0.021466568 
541 934 11 29 0.021443514 
955 1204 14 26 0.021440253 
472 587 53 107 0.021435622 
1007 731 5 17 0.021420997 
59 933 9 29 0.021414569 
985 1278 7 13 0.021374812 
-11 998 6 28 0.021345332 
445 61 7 18 0.021326514 
519 1176 10 18 0.021305202 
327 667 9 27 0.021291148 
768 670 12 33 0.021288479 
1025 -26 270 311 0.021285841 
981 1437 10 23 0.021274684 
719 79 6 19 0.021254562 
939 654 9 20 0.021234661 
557 154 12 26 0.021233542 
1239 992 19 83 0.021227188 
327 595 7 22 0.021207584 
621 21 7 16 0.021203721 
155 939 9 24 0.021202845 
731 931 13 40 0.02119299 
6 1119 5 17 0.021189341 
985 755 6 16 0.021173805 
833 1428 5 16 0.021166982 
885 964 7 17 0.021159692 
886 942 9 19 0.021158613 
1241 359 17 81 0.02113325 
1041 732 6 22 0.021131208 
868 1439 7 18 0.021127967 
274 54 7 23 0.021116797 
600 44 6 15 0.021113975 
41 237 6 15 0.02109951 
441 1094 8 25 0.021094017 
986 1252 7 14 0.021092318 
439 1232 10 22 0.02106966 
409 1021 7 20 0.021067899 
570 1030 14 33 0.021047778 
307 686 12 30 0.02103359 
984 1136 6 17 0.021015722 
480 703 11 28 0.021014515 
382 753 20 40 0.021012792 
254 930 4 11 0.0209883 
980 134 6 22 0.020979201 
617 746 9 21 0.020967137 
902 607 11 28 0.020962548 
58 825 10 28 0.020958068 
173 1226 8 30 0.020957353 
606 322 23 45 0.020936241 
1003 1098 6 19 0.020914836 
731 1493 10 26 0.02089749 
119 1267 7 26 0.02089662 
304 797 12 33 0.020892443 
820 1512 13 29 0.020877812 
418 538 47 108 0.020869948 
502 1481 8 20 0.020816628 
633 762 10 27 0.020812204 
551 1219 23 40 0.0208075 
498 819 11 34 0.020800494 
580 24 8 16 0.020798406 
390 290 112 151 0.020788653 
-13 517 7 28 0.020769954 
311 295 5 16 0.020768166 
256 296 5 15 0.020744817 
278 239 4 13 0.02069891 
163 605 25 42 0.020691749 
708 608 13 35 0.020682322 
115 6 9 16 0.02063498 
692 75 7 21 0.020598007 
476 1061 12 22 0.020565588 
616 515 13 30 0.020547435 
156 476 9 27 0.020525938 
1019 176 6 18 0.020517021 
700 910 17 46 0.020505084 
460 663 12 28 0.02050231 
427 1383 5 21 0.020493206 
857 1279 20 33 0.020493167 
477 1078 13 23 0.020484231 
945 1404 8 16 0.020481627 
266 799 13 27 0.02044805 
272 847 8 20 0.02044351 
386 77 8 19 0.020440212 
308 650 9 25 0.020431016 
520 9 8 18 0.020390278 
637 840 10 33 0.020363297 
56 799 11 29 0.020343976 
251 766 10 27 0.020335484 
625 295 18 45 0.020319417 
286 793 14 33 0.020302882 
709 1512 12 33 0.020298518 
961 847 8 19 0.020289693 
734 169 7 23 0.020268762 
591 1171 11 21 0.020260923 
965 750 7 20 0.020229792 
-217 441 17 57 0.020220242 
351 594 7 21 0.020218007 
275 866 7 18 0.02020929 
168 596 54 93 0.020187257 
477 897 13 35 0.020186303 
460 1401 6 25 0.020182496 
983 1034 9 27 0.020178784 
43 1362 8 29 0.020177545 
273 986 6 16 0.020174364 
747 644 12 35 0.020161854 
639 859 10 34 0.020129351 
1007 888 7 19 0.020119827 
609 353 16 35 0.020101087 
346 80 8 19 0.020084305 
654 522 14 43 0.020067584 
966 787 6 18 0.02006746 
901 632 9 24 0.020054316 
468 63 6 16 0.020023849 
119 1497 6 19 0.020014616 
407 989 8 12 0.020007916 
62 1020 8 17 0.019987823 
961 692 8 19 0.019976676 
410 1193 6 17 0.019974058 
477 1159 13 18 0.019928187 
98 700 14 36 0.019916633 
533 186 17 40 0.019912282 
709 477 11 26 0.019873096 
132 76 9 21 0.019865183 
215 944 5 16 0.019859262 
519 569 12 34 0.019854594 
1 883 7 29 0.01984813 
280 341 34 87 0.019831885 
1264 518 15 64 0.019814426 
573 1013 10 27 0.0198112 
482 688 10 23 0.019807782 
868 21 7 25 0.019800207 
1037 632 9 26 0.019796815 
294 177 6 22 0.019768288 
385 59 8 19 0.019754268 
885 1380 9 22 0.019750511 
459 574 13 36 0.019743308 
40 731 8 24 0.01972264 
633 472 12 35 0.01970189 
290 594 9 24 0.019692834 
495 638 16 37 0.019683821 
208 737 14 41 0.019666065 
1019 632 7 23 0.019665224 
808 877 9 32 0.019651596 
937 1479 12 24 0.019641668 
454 1173 14 20 0.019617882 
480 663 12 27 0.01961016 
560 1152 16 20 0.019607997 
962 1462 8 17 0.01959916 
590 910 15 41 0.019585392 
693 99 7 20 0.019585269 
-12 1157 5 18 0.019535394 
289 611 10 26 0.019530896 
255 984 4 15 0.019528864 
925 1424 7 15 0.01952555 
-10 500 6 26 0.019520098 
745 865 47 126 0.01951482 
1055 590 10 32 0.019473214 
1264 577 15 64 0.019413883 
55 644 14 38 0.019404372 
-14 584 9 47 0.019403374 
341 783 15 30 0.01939985 
157 1263 7 34 0.01938714 
97 680 14 36 0.019383125 
217 1494 7 24 0.019376919 
596 673 9 22 0.019365823 
592 1186 11 25 0.019364575 
1004 1366 7 17 0.019345837 
369 613 8 24 0.019321147 
347 669 9 24 0.019275742 
1264 480 15 64 0.01921024 
556 1202 18 32 0.01917917 
156 955 11 31 0.019171383 
59 705 10 29 0.019162053 
412 1042 5 20 0.019158173 
559 955 10 30 0.01915722 
985 1237 7 13 0.019154506 
747 1490 17 31 0.019150283 
674 1497 7 20 0.019126838 
940 1495 9 23 0.019103723 
633 942 9 22 0.019091638 
368 80 8 18 0.019067062 
343 768 14 27 0.01906214 
240 949 4 12 0.01902321 
34 815 13 38 0.018991617 
188 1511 11 35 0.018982245 
998 1303 9 21 0.018977338 
569 948 16 40 0.018962426 
590 1155 11 17 0.01895778 
-218 478 18 60 0.01894699 
758 1490 19 31 0.018946111 
427 1178 6 15 0.018941691 
1264 614 14 66 0.018927757 
1040 694 7 23 0.018909568 
275 1001 5 18 0.018898621 
575 995 9 25 0.018891858 
948 1156 6 18 0.018877836 
-11 482 6 28 0.018856253 
-34 1209 6 26 0.018821644 
696 118 7 18 0.018820675 
434 771 16 39 0.018809121 
962 806 8 21 0.018765043 
1264 691 14 66 0.018740676 
349 1307 6 22 0.018728983 
941 1463 9 18 0.01872194 
20 1399 8 24 0.018707152 
940 1208 10 21 0.018686729 
523 1440 9 20 0.018669728 
954 1180 17 31 0.018657865 
-12 1270 5 21 0.018656604 
824 574 9 23 0.018647118 
76 630 10 30 0.018622514 
647 200 15 41 0.018611353 
753 1040 6 15 0.018608836 
57 681 12 34 0.01858134 
959 827 9 21 0.01855505 
20 1365 8 25 0.01854319 
1020 792 6 21 0.018511541 
763 768 18 47 0.018510206 
983 1156 6 16 0.018501809 
980 1299 14 33 0.018476628 
967 17 7 26 0.018466469 
437 1245 12 25 0.018423872 
974 463 39 91 0.018416012 
411 1155 6 17 0.01840173 
427 1099 6 20 0.018377265 
-2 680 10 51 0.018293392 
323 702 16 34 0.01829179 
883 1438 9 19 0.018254397 
811 1441 7 20 0.018250871 
929 439 120 158 0.018216796 
848 600 7 18 0.01821285 
638 879 10 31 0.018212475 
1264 440 15 66 0.018210504 
-262 944 95 223 0.018203992 
902 1421 9 18 0.018200038 
1022 1138 5 14 0.018196924 
457 884 9 26 0.018181477 
813 905 7 23 0.018160414 
1040 713 6 22 0.018155983 
766 647 11 33 0.018155577 
196 1240 8 43 0.018151993 
456 954 15 35 0.018150501 
1001 55 6 27 0.018148376 
783 784 17 46 0.018131685 
711 1496 9 26 0.018129036 
723 661 16 38 0.018127196 
727 735 13 23 0.018108698 
871 1025 5 13 0.018062133 
153 255 7 15 0.018060038 
144 608 24 39 0.018054405 
23 1177 6 14 0.018047323 
-255 787 84 226 0.01801356 
923 1462 8 17 0.018012673 
61 1007 7 14 0.017991835 
1263 749 15 65 0.017981164 
470 469 38 105 0.017979423 
368 694 8 19 0.017976368 
1263 651 15 68 0.017964238 
495 667 12 24 0.017949633 
822 774 13 36 0.017938694 
879 -61 195 397 0.017930405 
997 24 10 42 0.017923 
42 1380 8 28 0.01784461 
610 877 13 38 0.017840832 
305 727 14 27 0.017838793 
693 964 12 35 0.01783734 
423 608 13 33 0.017828355 
60 1341 7 29 0.01782453 
77 652 11 29 0.01779877 
3 1419 6 21 0.017786212 
749 693 12 30 0.017783323 
535 550 73 121 0.017776143 
573 333 15 34 0.017764974 
521 1455 10 26 0.01776291 
796 763 20 53 0.017756673 
1263 787 15 64 0.017742025 
134 154 9 18 0.017740304 
1004 1156 6 15 0.01773871 
6 1140 5 15 0.017716132 
14 1513 14 26 0.017708266 
1264 402 14 67 0.01770743 
1238 1067 19 87 0.017687162 
635 903 10 26 0.017686566 
383 597 42 108 0.017683998 
999 1039 12 36 0.01768287 
1263 826 14 62 0.01764563 
330 635 7 20 0.017631426 
846 1404 7 17 0.01762852 
596 1253 8 17 0.017605213 
416 761 18 47 0.017566329 
42 1272 5 15 0.017534152 
713 1481 8 19 0.017528351 
340 706 13 29 0.017527696 
445 906 7 19 0.017497273 
1227 789 14 63 0.01747784 
-11 1118 5 21 0.017471872 
939 1184 12 26 0.017454429 
17 1502 9 18 0.017442068 
253 964 4 13 0.01742809 
745 581 15 40 0.017424636 
612 859 12 36 0.017422892 
194 1008 8 13 0.01742199 
656 763 10 29 0.01740831 
608 243 49 114 0.017388247 
283 704 14 33 0.017385013 
327 613 8 23 0.017384034 
392 504 35 82 0.01736969 
59 986 9 19 0.017363748 
-217 372 17 46 0.01735038 
986 717 5 14 0.017337928 
746 1508 16 33 0.017332487 
1055 608 10 32 0.017313639 
328 653 8 22 0.017304765 
1005 678 7 16 0.017268993 
644 233 37 93 0.017264778 
82 937 7 24 0.017259827 
744 609 11 32 0.017247465 
824 406 41 101 0.017238898 
362 20 12 20 0.01722116 
-35 1191 6 26 0.017211987 
730 874 14 41 0.01715789 
725 687 16 34 0.017155286 
792 924 8 25 0.017153623 
576 115 8 22 0.017138785 
735 898 10 30 0.01712086 
41 1234 7 14 0.017102271 
349 1325 6 23 0.017099312 
965 712 7 19 0.017094977 
1227 829 15 65 0.017089618 
921 1497 10 22 0.01708922 
445 470 44 111 0.017072925 
573 150 17 34 0.017069414 
961 1513 11 29 0.017063769 
-35 1173 6 24 0.01705793 
865 1378 10 21 0.017031932 
136 1197 6 13 0.017027415 
558 1165 14 23 0.017020121 
499 506 49 119 0.01701188 
5 1403 5 19 0.017010152 
351 654 7 21 0.016988399 
725 1005 14 29 0.016974963 
481 1171 10 17 0.016951824 
78 985 7 19 0.016939543 
597 1117 10 17 0.01692973 
964 1485 7 16 0.016909586 
-218 515 19 64 0.016885908 
813 925 7 18 0.01688329 
200 688 23 53 0.016881356 
1027 1449 20 41 0.01686163 
643 220 17 44 0.016849099 
-242 606 22 80 0.016835695 
1057 629 10 32 0.016820656 
904 1400 8 19 0.016806694 
1042 790 6 24 0.016773272 
269 821 10 25 0.01677241 
407 647 49 109 0.016751748 
426 627 10 27 0.016751567 
608 166 19 41 0.016725833 
653 490 19 56 0.016711889 
959 629 12 23 0.016700333 
171 761 12 34 0.016683454 
829 1466 7 16 0.016678596 
1021 1157 5 14 0.016677283 
482 799 11 32 0.016670933 
599 21 7 17 0.016635653 
887 983 6 15 0.016626522 
32 466 42 101 0.016601786 
458 1156 13 18 0.0165997 
383 1292 9 21 0.016596975 
959 867 8 19 0.016578587 
1062 783 9 29 0.016523402 
352 372 42 101 0.016517019 
615 1232 10 18 0.016507942 
366 714 10 21 0.016505675 
1033 397 11 33 0.016444365 
649 739 12 27 0.01644377 
63 1037 7 20 0.01643994 
823 1499 10 24 0.016417148 
439 591 49 109 0.01641504 
80 961 7 22 0.016409965 
612 1192 11 21 0.016392512 
557 670 11 23 0.016365763 
1227 711 14 65 0.016345778 
276 914 5 9 0.016337033 
537 1188 10 21 0.016318062 
726 708 15 28 0.016295467 
531 207 16 36 0.016287511 
121 1248 7 22 0.016263098 
1263 864 14 62 0.016248975 
924 636 8 20 0.016239274 
42 839 9 30 0.016234972 
479 883 10 27 0.016225532 
101 1498 6 16 0.01622164 
44 1422 6 20 0.016218606 
630 492 13 37 0.016213356 
715 292 8 19 0.016206961 
177 942 6 17 0.016196648 
41 1397 8 26 0.016180895 
903 1465 7 16 0.016178967 
438 421 41 109 0.016173946 
504 1461 7 18 0.016138762 
350 616 8 21 0.016137896 
98 403 41 94 0.016119942 
504 1441 7 18 0.016114369 
870 904 7 17 0.016100828 
-13 882 7 36 0.01609882 
194 294 8 16 0.016097505 
138 1176 6 12 0.016084345 
1263 363 15 69 0.016042177 
273 27 7 15 0.01603676 
845 922 9 21 0.016027223 
169 961 9 22 0.016020335 
381 1304 9 26 0.01601709 
997 6 9 23 0.016008042 
493 430 40 104 0.01596815 
275 892 5 13 0.015962139 
1226 863 16 67 0.015958313 
844 1381 9 20 0.015947923 
410 1366 5 18 0.015940426 
768 630 11 32 0.015939882 
869 567 11 32 0.015917435 
955 652 11 22 0.015905645 
466 1243 9 23 0.01588315 
508 578 54 99 0.01587528 
808 99 6 19 0.015872898 
98 957 7 26 0.0158621 
1018 1291 7 14 0.015859846 
416 1263 22 35 0.015853172 
-13 975 7 32 0.015844984 
210 571 43 86 0.015844088 
575 1258 12 29 0.015843267 
564 -38 218 266 0.015842313 
410 1176 6 16 0.015819194 
1226 497 16 71 0.015800674 
1020 1119 6 16 0.01579572 
326 798 10 30 0.015794437 
907 10 6 18 0.015793253 
500 862 8 27 0.015787132 
465 1074 11 27 0.015782733 
847 573 9 24 0.015775979 
786 1481 9 16 0.015775792 
46 864 7 23 0.015754292 
37 705 10 31 0.01573773 
20 1386 8 23 0.015733484 
-218 552 20 68 0.015728988 
885 8 6 20 0.015691817 
590 514 17 35 0.015688555 
307 703 14 31 0.015686296 
520 260 12 30 0.015678491 
841 1289 16 24 0.015652345 
476 931 14 33 0.015645836 
134 948 12 34 0.01564232 
981 677 8 16 0.01563668 
592 1208 11 23 0.015589303 
1264 56 16 68 0.015579207 
190 1502 7 24 0.015577261 
440 1113 10 27 0.015568548 
579 80 6 17 0.0155635215 
228 1512 13 34 0.015563113 
751 164 8 28 0.015556357 
519 1247 10 23 0.015555524 
887 1006 5 13 0.015545779 
1017 1251 7 15 0.01553001 
1227 751 14 64 0.0155199375 
1261 997 17 68 0.015517884 
113 622 19 43 0.015504457 
60 1309 7 21 0.015496744 
983 700 7 14 0.015473437 
241 962 4 14 0.015462006 
1054 570 11 33 0.015447444 
520 1260 8 27 0.015432855 
535 284 14 33 0.015425934 
351 637 6 20 0.015410524 
1086 716 19 52 0.01539017 
417 397 35 92 0.015375669 
214 1168 8 29 0.015373107 
613 916 13 27 0.015368105 
983 891 8 16 0.015363164 
421 486 43 102 0.015347102 
40 1021 6 17 0.015331084 
455 129 138 180 0.015295248 
983 1363 9 20 0.015293739 
1263 902 14 62 0.01529315 
981 1461 10 23 0.015290666 
505 452 51 115 0.01528257 
747 663 13 33 0.015279929 
1238 1197 19 85 0.015277383 
751 63 7 18 0.015250719 
760 743 40 111 0.015249366 
41 1005 6 15 0.015247335 
656 959 10 23 0.015235681 
810 1462 9 19 0.015221523 
654 977 10 21 0.01521767 
78 1008 7 14 0.015214919 
716 270 8 20 0.015202536 
-11 1138 4 19 0.015199002 
897 1267 83 99 0.015193172 
-10 44 6 17 0.015188601 
554 492 14 36 0.015179979 
735 917 10 30 0.015159492 
813 943 7 19 0.015140055 
753 1065 5 13 0.015129535 
231 1222 9 42 0.01511269 
111 569 43 91 0.015087772 
200 958 6 19 0.015079822 
616 939 11 25 0.015068649 
868 593 8 23 0.01505777 
409 1001 7 18 0.015043886 
944 1169 9 24 0.015036159 
561 1001 8 22 0.015024101 
1004 1177 6 14 0.015004737 
1226 573 15 71 0.014992416 
240 -8 258 369 0.0149831185 
236 296 6 15 0.014940166 
676 836 45 123 0.014935344 
20 1416 8 24 0.014913831 
678 956 9 23 0.014865863 
940 1384 12 21 0.014848012 
1263 941 15 63 0.014828689 
219 287 106 164 0.014756686 
1002 1073 7 23 0.014731084 
61 1382 8 27 0.014710731 
877 450 45 88 0.014707165 
41 1217 6 13 0.014695547 
985 733 6 15 0.014694802 
577 493 15 37 0.014684752 
-18 680 12 52 0.014672008 
373 1309 7 21 0.014670947 
59 957 9 28 0.014668314 
359 712 53 96 0.014666391 
787 1463 8 16 0.014654384 
1019 156 6 19 0.014641433 
1226 899 16 70 0.014620891 
633 978 9 21 0.014616536 
997 628 10 26 0.014609374 
1019 1272 6 14 0.014573578 
614 1213 11 19 0.014557399 
476 -43 903 1730 0.014542781 
110 737 16 40 0.014541974 
60 1358 8 32 0.014530739 
630 960 10 23 0.014500542 
1035 1489 12 38 0.014462949 
279 214 5 17 0.01443177 
3 1446 5 19 0.014423416 
598 1512 11 28 0.014407564 
611 1172 13 20 0.0144035015 
61 491 38 100 0.014370707 
1226 671 15 68 0.014365832 
76 1226 11 19 0.014361957 
133 54 10 27 0.01433928 
939 633 11 21 0.014333919 
446 1458 10 28 0.014333721 
193 1152 7 19 0.014329957 
751 1267 8 19 0.014316707 
904 1444 7 16 0.014297658 
969 1465 43 112 0.014293465 
139 1160 7 12 0.014289805 
272 967 5 14 0.014265591 
617 1250 9 18 0.014254464 
1226 458 16 71 0.014253165 
649 523 42 104 0.0142226005 
288 847 8 22 0.014210611 
22 1159 6 15 0.014209189 
966 729 7 20 0.0142064905 
154 1157 8 14 0.014205033 
177 1153 8 18 0.014200521 
84 1425 6 15 0.014155063 
56 408 39 84 0.014142672 
828 883 8 26 0.014137764 
1205 484 13 55 0.014134361 
847 514 115 129 0.014123191 
134 1495 8 19 0.014122221 
650 417 43 97 0.014115677 
483 1422 8 28 0.014113733 
614 612 12 26 0.014106722 
540 1211 9 20 0.014105012 
-149 -74 332 423 0.014086615 
919 1397 10 21 0.014085132 
22 1119 6 17 0.01408022 
1263 324 15 70 0.014080048 
592 330 20 37 0.014074317 
706 532 46 113 0.014072815 
597 1096 12 21 0.014047432 
34 661 14 42 0.014038289 
1226 630 15 71 0.014036023 
693 1493 8 24 0.014034724 
213 1201 9 40 0.014013243 
322 750 12 25 0.013978604 
202 626 44 113 0.013977026 
571 436 46 102 0.013973346 
635 1039 9 22 0.013940869 
442 1489 11 28 0.013940778 
462 1383 6 22 0.013907459 
376 369 42 101 0.01390742 
1071 669 13 34 0.013904663 
98 1518 9 21 0.013892401 
1030 322 14 27 0.013875453 
983 610 9 23 0.013860924 
750 1017 9 19 0.013860297 
686 520 40 105 0.013856844 
291 1022 6 17 0.013841409 
4 1368 6 20 0.013818024 
502 916 10 28 0.013814412 
591 332 46 103 0.013777666 
-33 1227 6 26 0.013773053 
616 998 11 25 0.013734994 
596 1265 8 21 0.013703006 
408 1382 6 20 0.013683981 
566 1040 21 47 0.013682565 
445 1442 7 24 0.013679091 
738 940 21 54 0.013678981 
558 1037 11 26 0.013677906 
340 726 14 28 0.013676143 
571 1117 14 22 0.013645606 
1205 521 13 56 0.013638944 
730 524 46 102 0.013628783 
612 616 49 96 0.0136261415 
616 630 11 25 0.013624392 
76 1211 15 17 0.013621265 
557 970 11 30 0.013616685 
-242 665 22 80 0.013594543 
761 1508 17 32 0.013582233 
1016 1429 8 16 0.013579391 
850 39 7 25 0.013574492 
978 629 11 24 0.013557889 
460 551 12 32 0.013550582 
142 398 38 101 0.0135462 
1018 866 8 25 0.013531436 
215 295 7 16 0.013525747 
476 1092 12 20 0.013510555 
273 10 9 13 0.013510003 
555 171 16 33 0.013481816 
-17 622 10 43 0.013475253 
981 1172 7 17 0.013464888 
195 1224 8 35 0.013456712 
254 486 123 190 0.013445057 
533 609 15 33 0.013440997 
878 1320 19 34 0.013433537 
769 1440 10 25 0.013429911 
733 212 191 300 0.013420575 
136 198 8 15 0.013408932 
970 509 26 44 0.013396839 
734 1098 6 15 0.013394463 
1205 599 12 55 0.0133771775 
536 1174 11 20 0.013376579 
1260 1073 17 70 0.0133700725 
612 1155 9 16 0.013365771 
137 822 44 117 0.013345909 
1257 1221 20 73 0.013342118 
369 543 43 114 0.013330127 
189 734 15 45 0.013311132 
292 988 5 15 0.013295928 
446 1363 6 20 0.013278347 
426 1361 6 22 0.013271758 
616 954 13 28 0.013271152 
214 961 5 17 0.013264236 
409 1061 6 22 0.013256836 
291 867 7 19 0.013243476 
-251 461 14 64 0.013239818 
1003 1193 8 15 0.013239769 
908 1288 33 50 0.013226182 
2 1511 11 25 0.013225648 
868 923 7 18 0.013221429 
504 1261 8 30 0.013193562 
1020 1102 7 16 0.013189031 
1243 50 18 77 0.013188795 
411 1212 5 15 0.013187467 
112 428 44 102 0.01314128 
1189 617 13 56 0.013127873 
628 267 21 51 0.013124519 
632 1002 10 20 0.01311532 
280 384 40 107 0.013107411 
24 1446 7 17 0.01310469 
295 156 6 21 0.013086898 
322 720 17 34 0.013059669 
1226 939 16 71 0.01304868 
538 957 13 29 0.013043699 
285 818 12 28 0.013042361 
618 484 47 116 0.013038359 
119 1285 7 28 0.013035947 
738 754 36 103 0.013030592 
382 1321 9 30 0.013003979 
377 87 155 212 0.013001729 
117 953 10 30 0.012994808 
133 176 9 17 0.012994315 
83 494 38 100 0.012980537 
479 1033 12 24 0.012973885 
543 828 38 104 0.0129711805 
1226 401 15 72 0.012969855 
177 1134 8 16 0.01296626 
173 1003 11 17 0.012934595 
134 1513 9 26 0.012931455 
737 1273 5 13 0.012919404 
-35 1155 6 23 0.012904258 
524 940 8 21 0.012880106 
567 779 38 99 0.012861417 
375 -2 62 115 0.012850687 
611 1093 12 26 0.012850011 
686 914 43 106 0.012847349 
371 1324 6 24 0.012835991 
616 976 11 26 0.0128108505 
49 1271 443 413 0.012799513 
1260 1033 17 72 0.0127451755 
1205 447 13 53 0.012731378 
982 805 8 22 0.012725189 
925 1480 10 20 0.012721463 
677 336 38 103 0.012719948 
-252 498 16 67 0.0127136195 
118 491 39 98 0.012706499 
1205 659 13 52 0.012695993 
272 949 4 10 0.012690023 
137 739 38 105 0.012675275 
476 1138 13 18 0.012674797 
460 799 10 29 0.012668206 
552 643 17 33 0.012664133 
793 98 7 19 0.012653912 
-2 780 35 95 0.012645389 
1055 898 17 35 0.0126341665 
37 1502 8 15 0.012626364 
158 765 36 104 0.012618549 
1221 779 36 162 0.012612472 
102 1179 6 10 0.012604364 
95 306 126 182 0.012598531 
1224 1241 45 122 0.012595833 
632 1055 9 21 0.012585021 
502 1002 7 15 0.0125569645 
424 1118 6 19 0.012556622 
-252 534 16 71 0.012554683 
-218 590 21 71 0.01255213 
190 1019 13 19 0.012550617 
256 274 6 16 0.012542594 
556 1137 17 21 0.012537669 
154 971 14 37 0.0125343045 
32 558 129 150 0.012520938 
1000 654 9 21 0.012511898 
852 885 6 21 0.012503005 
941 1515 11 27 0.012495842 
616 1140 8 15 0.012485937 
512 1511 14 36 0.012483157 
459 1137 12 19 0.012465981 
116 1514 9 26 0.012435534 
42 1251 6 19 0.012431827 
171 1187 8 24 0.012429872 
635 1022 8 19 0.0124238795 
557 106 47 86 0.012419644 
712 1004 13 32 0.012416263 
-68 506 130 209 0.012398794 
617 1020 10 21 0.012396903 
380 35 15 22 0.012393953 
428 1404 6 23 0.0123815 
733 1083 6 14 0.012374516 
97 744 39 103 0.012360124 
31 649 117 154 0.0123447655 
896 1292 22 41 0.012341783 
594 992 12 26 0.012310495 
1205 559 13 56 0.012297572 
829 922 7 20 0.012283123 
505 984 7 15 0.012260594 
824 1476 10 23 0.012256091 
479 959 11 25 0.01224563 
343 751 12 25 0.012237574 
174 1166 9 21 0.012233177 
594 1230 10 21 0.012231696 
657 310 39 103 0.012227089 
846 941 10 22 0.012214033 
122 1228 8 23 0.012198604 
75 1019 8 18 0.012196391 
-181 610 21 65 0.012174259 
560 1017 9 21 0.012170355 
-16 1472 12 39 0.012162566 
-252 590 16 73 0.012162194 
845 1458 7 19 0.012159789 
175 1116 9 15 0.012133269 
172 1211 8 27 0.012125824 
534 1442 10 18 0.012112818 
558 291 49 97 0.01210221 
848 58 7 25 0.012099901 
553 349 44 94 0.01209948 
4 1503 7 18 0.0120967785 
121 1179 6 10 0.012091162 
-204 573 22 66 0.012081083 
902 1517 10 23 0.01207131 
326 1514 13 28 0.012061765 
1016 117 8 18 0.012051996 
40 1038 6 19 0.012035939 
187 682 44 115 0.01202774 
59 1231 9 15 0.012025669 
82 1445 5 13 0.011997546 
298 121 5 16 0.011996337 
42 1200 6 11 0.011982441 
238 985 4 14 0.011980624 
-251 424 14 62 0.011979687 
768 82 7 20 0.011978828 
274 930 5 11 0.011975489 
479 1001 10 19 0.011973479 
1206 698 11 52 0.011965241 
591 536 17 32 0.011955312 
881 528 35 82 0.011947491 
1012 968 12 34 0.011923529 
-14 786 8 30 0.011899526 
1233 716 36 169 0.011883374 
538 9 9 18 0.011883335 
4 1390 5 17 0.011879057 
-242 723 23 79 0.01187571 
1221 889 37 163 0.011860434 
270 600 226 327 0.011840456 
172 978 10 24 0.011833578 
1233 521 35 165 0.011831096 
520 295 38 98 0.011820076 
747 20 8 19 0.011810924 
1238 1122 19 89 0.011800987 
577 97 8 20 0.011794971 
1033 378 11 31 0.0117738135 
548 1150 48 92 0.011756861 
381 1339 10 36 0.011755652 
101 1161 7 11 0.011753841 
-240 233 17 64 0.011749457 
623 199 21 46 0.01172688 
60 1289 7 20 0.011723882 
249 1202 10 45 0.011706164 
589 950 15 35 0.011700043 
76 443 37 86 0.011693793 
75 1037 9 22 0.011677568 
343 1514 12 28 0.011666029 
175 277 7 15 0.011659712 
671 786 42 113 0.011658147 
213 1155 7 18 0.011649809 
864 1230 9 21 0.011647263 
784 1499 9 19 0.011644316 
655 1480 9 19 0.01164228 
1021 1177 5 14 0.011640057 
903 1502 7 17 0.011632999 
63 1402 7 20 0.011628462 
1018 1235 6 14 0.011588789 
418 39 15 18 0.011578541 
436 653 47 106 0.011574531 
99 1484 6 15 0.01157278 
1189 657 13 54 0.011556734 
878 1512 13 28 0.011543613 
121 1162 5 10 0.011536836 
77 765 39 102 0.011533064 
788 942 10 28 0.011530759 
158 1191 7 17 0.011519904 
230 1182 9 38 0.011518417 
1262 286 15 70 0.011509125 
1052 549 12 39 0.011508225 
166 477 38 97 0.011492471 
97 976 9 29 0.011429675 
308 1517 10 25 0.011415396 
-205 536 22 61 0.011365051 
1258 1168 18 67 0.011363446 
591 976 12 27 0.0113313 
748 38 7 19 0.011319687 
74 391 43 89 0.011317392 
511 537 208 321 0.011305484 
1039 807 8 25 0.011298222 
308 817 10 29 0.011271715 
753 1086 5 11 0.011255476 
835 478 43 97 0.011250427 
2 744 40 86 0.011238048 
841 1266 14 25 0.0112291435 
708 923 55 114 0.011228414 
624 635 126 154 0.011225412 
482 842 9 29 0.011221184 
570 841 42 107 0.011202265 
173 1511 12 36 0.01119417 
224 656 42 101 0.011192888 
197 1284 8 33 0.011189532 
78 1057 10 25 0.01117976 
297 134 6 19 0.011171156 
870 8 7 21 0.011171023 
586 211 117 215 0.011169981 
174 1260 8 41 0.011166673 
94 1196 11 16 0.011146315 
899 1110 40 111 0.011139129 
399 37 15 20 0.011132213 
83 1485 6 14 0.0111298775 
129 999 21 40 0.011128299 
119 765 38 103 0.011114554 
980 650 9 22 0.011109596 
867 967 7 14 0.011103972 
23 1137 5 16 0.011083864 
1000 1215 9 17 0.011054756 
679 630 194 286 0.011052688 
657 570 128 162 0.011037327 
685 710 48 100 0.01103712 
1189 579 13 56 0.011035474 
691 1513 12 32 0.011032092 
1259 1130 17 67 0.011017857 
176 801 38 114 0.01101501 
58 709 40 94 0.011012003 
100 513 40 102 0.010979779 
1036 846 9 29 0.010960415 
428 946 8 18 0.010956353 
1229 964 39 175 0.010948346 
211 1513 10 32 0.010944804 
1240 300 18 85 0.010943906 
600 10 7 15 0.010934394 
541 1229 11 21 0.010933115 
509 1191 440 417 0.010931249 
-204 608 24 70 0.010923848 
440 796 11 30 0.010911345 
1231 423 37 164 0.010906735 
63 1427 5 15 0.010901921 
1021 1196 6 13 0.010897685 
-242 781 23 78 0.010895126 
181 637 28 46 0.01087812 
595 1074 13 25 0.010872498 
1032 339 13 29 0.010863517 
1207 739 11 49 0.010859133 
196 986 6 16 0.010855661 
578 670 12 24 0.010843476 
81 1500 7 15 0.010832152 
-181 648 21 65 0.010831898 
77 1198 12 14 0.010817219 
805 1513 14 29 0.010808559 
694 1480 10 22 0.010802575 
1239 1254 19 82 0.010800227 
505 967 7 17 0.010784385 
669 386 40 95 0.010782288 
720 823 43 119 0.010767915 
362 795 14 30 0.010762187 
11 817 16 53 0.010754919 
785 1515 13 25 0.010749305 
84 1406 6 16 0.010746653 
552 1049 17 35 0.01073965 
1261 246 16 72 0.010738342 
-58 873 12 49 0.010733841 
907 1329 27 43 0.010720082 
373 1292 5 20 0.010702716 
612 1077 11 23 0.010701151 
431 1265 17 30 0.010693656 
542 776 35 100 0.010685911 
795 409 41 103 0.010685015 
595 456 48 100 0.01067237 
1086 747 20 60 0.0106709 
748 1250 10 20 0.01066784 
390 436 38 91 0.0106614595 
484 224 47 100 0.010659795 
48 445 36 79 0.010651782 
-251 387 13 60 0.010623748 
-19 644 11 45 0.010601324 
555 1252 16 34 0.010594323 
141 139 235 373 0.010588148 
178 739 37 105 0.010587769 
480 984 9 18 0.01058581 
464 1092 10 24 0.010582045 
617 1058 10 22 0.010581582 
522 1278 8 34 0.010546786 
983 1212 9 18 0.010536302 
629 1479 12 22 0.01051858 
594 1141 9 15 0.01051841 
16 506 40 104 0.010518291 
154 1134 11 17 0.010514491 
614 1112 11 21 0.010512507 
-249 768 42 151 0.01051219 
1004 805 7 21 0.010499237 
260 744 45 89 0.010492299 
273 1022 6 17 0.0104814125 
916 444 53 91 0.0104780905 
423 1337 10 27 0.010463743 
43 1444 7 16 0.010456349 
389 989 9 11 0.010451189 
443 1470 11 32 0.010440968 
592 777 41 105 0.010418083 
554 1473 10 25 0.010405477 
768 378 34 86 0.0103754345 
95 815 42 111 0.010372012 
669 468 111 169 0.010354309 
-401 370 1291 1568 0.010347247 
836 373 32 70 0.010346016 
119 1213 8 15 0.010331097 
551 1114 16 23 0.010311736 
1234 618 36 169 0.010300155 
228 1494 9 26 0.010287704 
539 1260 9 26 0.0102841165 
691 380 39 99 0.010284024 
230 533 41 97 0.010235125 
1206 412 13 50 0.010229862 
1189 694 13 56 0.010219526 
532 1456 11 26 0.010213373 
328 820 8 26 0.010185338 
-1 524 36 109 0.010184846 
578 200 36 54 0.01018004 
548 296 18 42 0.010179713 
212 759 40 105 0.010168219 
971 1312 22 49 0.010162676 
732 1465 7 17 0.010160081 
779 757 43 131 0.010151218 
534 615 55 111 0.010137616 
979 1189 9 20 0.010136199 
255 1004 5 15 0.010127385 
845 964 11 19 0.010123375 
257 254 5 15 0.01012273 
1017 135 7 21 0.010120653 
147 1113 18 22 0.010117711 
918 1514 13 29 0.010117491 
308 1502 8 17 0.010117032 
617 1037 10 21 0.010110015 
156 1172 7 16 0.010102068 
734 1065 6 15 0.0100909155 
448 888 6 20 0.010086693 
152 570 49 90 0.01007744 
623 323 112 212 0.010074229 
547 1088 21 37 0.010064894 
957 1286 13 19 0.010060016 
629 340 42 98 0.010055405 
-181 576 20 60 0.010054841 
867 987 5 11 0.010051734 
634 392 42 93 0.010047032 
152 641 40 52 0.0100427875 
-205 500 22 54 0.010041398 
312 869 6 18 0.010039499 
292 969 5 14 0.010035916 
480 1015 11 22 0.010034968 
82 1464 7 12 0.010025594 
