20_Family_Group_Family_Group_20_33
874
362 331 24 38 0.9994205 
634 337 26 37 0.9989104 
439 303 24 38 0.9983785 
326 286 25 39 0.9981263 
771 341 26 35 0.9963373 
746 387 23 39 0.9962425 
220 337 29 38 0.9960645 
469 316 28 37 0.99477756 
90 331 31 40 0.99411446 
831 346 30 37 0.99350667 
663 308 26 34 0.99343455 
166 297 30 39 0.9884114 
900 336 28 38 0.98638815 
252 306 30 38 0.9847943 
595 414 31 38 0.9792317 
793 406 35 44 0.97725177 
551 341 24 31 0.971858 
555 378 33 42 0.97074234 
355 447 31 42 0.96888494 
457 400 29 37 0.965747 
124 297 31 38 0.95308954 
264 400 30 41 0.90654695 
700 405 31 35 0.90599906 
146 292 33 44 0.3279287 
350 414 20 28 0.14558922 
509 350 17 30 0.121405415 
315 289 1172 1078 0.09172014 
495 631 17 33 0.08832735 
-49 683 315 325 0.08300616 
45 375 21 30 0.080988765 
871 363 13 28 0.07850422 
254 559 17 16 0.06971699 
689 360 19 32 0.06470279 
877 376 15 32 0.0634596 
871 385 16 34 0.06215786 
230 652 11 14 0.061816894 
151 440 13 33 0.05939173 
431 403 20 28 0.058269832 
914 355 21 30 0.05325523 
456 313 18 27 0.053083953 
996 366 13 22 0.052961696 
402 446 20 36 0.05191407 
331 533 13 27 0.0509299 
424 411 17 33 0.050376646 
391 349 17 32 0.048968684 
319 428 18 31 0.04801751 
6 -154 309 168 0.046076503 
719 606 10 23 0.045556575 
994 376 17 28 0.04330321 
849 350 19 30 0.042617913 
845 321 12 16 0.03900591 
164 480 18 30 0.038856067 
998 358 10 17 0.03869258 
307 531 10 17 0.03866398 
23 313 15 31 0.038202133 
-50 233 634 980 0.03793504 
823 -217 221 386 0.037111253 
806 364 14 26 0.036938723 
386 361 16 29 0.036728743 
1015 342 10 18 0.035591178 
369 306 15 23 0.03418012 
233 642 9 14 0.033052832 
1014 355 12 20 0.03293952 
797 670 268 358 0.03288806 
622 378 16 30 0.032869235 
41 435 16 35 0.032300036 
73 628 19 30 0.031972427 
384 296 14 28 0.031196661 
376 335 17 32 0.031033661 
508 368 19 33 0.030845674 
560 457 15 24 0.030760396 
666 623 9 20 0.030583749 
785 386 75 84 0.03049193 
327 437 18 32 0.030421792 
217 307 71 70 0.029861942 
958 391 15 29 0.02916969 
31 322 17 31 0.02914432 
606 338 13 26 0.0288989 
812 350 66 75 0.028587144 
1002 72 5 24 0.02854615 
264 563 15 15 0.028446078 
1013 367 13 21 0.028323548 
648 475 14 41 0.027886806 
855 373 16 28 0.027728887 
131 483 7 21 0.027657617 
115 439 10 30 0.027553119 
496 398 17 36 0.027462127 
22 298 15 28 0.027189031 
578 539 12 35 0.02718105 
208 555 9 26 0.02683123 
877 499 18 42 0.02661659 
15 310 13 30 0.0263599 
133 476 5 15 0.02634035 
190 442 11 27 0.026329456 
867 436 13 27 0.026315127 
781 611 9 18 0.02614164 
852 329 16 22 0.026048955 
1002 332 8 14 0.025788955 
63 287 13 24 0.025736816 
175 479 13 28 0.025670636 
1002 85 4 22 0.025446648 
71 677 22 19 0.025384696 
154 154 197 210 0.024855005 
1012 406 14 25 0.02483466 
969 663 50 66 0.02472887 
292 429 16 25 0.024460258 
652 452 11 25 0.024334555 
93 307 12 18 0.023996599 
1011 377 16 26 0.023972338 
132 492 8 26 0.023679161 
1001 98 6 23 0.023350284 
1002 60 5 24 0.023265189 
674 377 17 27 0.023197433 
1013 426 14 28 0.023192767 
1015 241 8 18 0.023108784 
5 123 184 254 0.0228937 
890 386 18 35 0.02286184 
363 181 6 11 0.022669194 
56 383 22 33 0.022664826 
502 193 8 11 0.022655396 
1002 343 8 15 0.022556514 
282 481 9 25 0.022497447 
511 545 8 26 0.022446034 
375 181 7 12 0.022441808 
564 540 9 34 0.022434935 
711 -149 316 140 0.02231591 
294 551 11 17 0.022160906 
804 304 12 20 0.02206053 
303 425 18 26 0.021613162 
716 618 13 24 0.02160713 
777 466 11 31 0.021579443 
987 388 14 28 0.021577649 
652 395 14 35 0.02150976 
522 352 12 26 0.021445386 
667 598 7 18 0.021418383 
695 477 11 30 0.021326415 
537 337 73 86 0.021272365 
998 402 14 28 0.021176785 
204 388 13 28 0.021153748 
434 436 17 33 0.021141248 
242 450 14 33 0.021110535 
999 292 7 17 0.021103019 
916 331 17 27 0.021083355 
238 314 30 40 0.020957408 
750 532 15 24 0.02089952 
37 240 9 15 0.020894282 
350 181 6 11 0.020849694 
593 652 9 20 0.020819787 
392 286 13 29 0.020799138 
323 532 12 22 0.020788297 
260 182 7 10 0.020749172 
489 193 8 11 0.020659957 
192 553 11 31 0.020650927 
700 646 16 23 0.020590844 
811 689 5 17 0.020497907 
549 313 15 24 0.020464586 
842 667 14 30 0.020418389 
63 368 15 23 0.020404834 
1001 111 6 23 0.02035778 
837 354 82 103 0.020326251 
17 407 6 20 0.020263834 
204 507 8 19 0.020246698 
249 365 71 91 0.020227183 
94 385 24 36 0.020210944 
535 480 15 34 0.020127675 
40 418 14 32 0.020005567 
221 194 7 11 0.019866813 
933 690 10 21 0.01983411 
931 389 17 29 0.01979931 
760 387 18 33 0.01977481 
927 350 18 29 0.019772612 
946 380 14 22 0.01977158 
220 560 7 18 0.019712433 
18 339 9 23 0.019451702 
100 304 16 22 0.01944309 
337 181 7 11 0.019394884 
476 194 8 10 0.019331189 
121 477 5 13 0.019324679 
12 252 8 22 0.019317953 
234 194 7 11 0.019282678 
656 647 8 20 0.019184096 
1001 231 6 10 0.019133385 
639 558 13 27 0.019073173 
363 194 6 11 0.01906767 
816 393 17 26 0.019009063 
993 292 6 15 0.01894372 
538 351 15 27 0.018926056 
824 706 6 13 0.018912911 
891 228 6 14 0.018909128 
36 336 15 30 0.01886197 
737 556 17 24 0.018844659 
991 355 10 18 0.018734094 
867 405 15 36 0.018691713 
591 552 11 34 0.0186691 
502 204 9 15 0.018617326 
332 493 13 27 0.018611679 
18 420 6 18 0.018570205 
511 647 11 23 0.018547667 
514 193 9 11 0.018534819 
678 439 16 28 0.018532734 
872 303 9 20 0.018532056 
828 424 18 29 0.018484939 
13 263 8 21 0.018454395 
317 420 16 24 0.018436333 
17 351 8 25 0.018367054 
974 343 11 19 0.018345235 
703 479 10 26 0.018339664 
922 308 9 17 0.018335281 
720 497 9 21 0.018311411 
273 182 7 10 0.018305594 
368 601 13 18 0.018291319 
248 193 6 12 0.01829072 
48 413 16 35 0.018250104 
871 290 9 21 0.018235082 
880 354 13 26 0.01822493 
903 210 5 9 0.018211251 
664 385 17 33 0.018205145 
840 306 163 200 0.01820377 
968 241 5 18 0.018153308 
209 194 7 11 0.01814935 
1016 320 9 17 0.018134048 
274 482 8 23 0.018131714 
718 586 8 13 0.018079035 
187 328 177 253 0.018042747 
1004 323 6 12 0.018036248 
349 194 7 11 0.017998707 
850 191 5 14 0.01797981 
550 476 15 35 0.017966343 
575 455 13 24 0.017937602 
346 516 11 26 0.017928557 
164 573 10 22 0.017902885 
705 494 9 23 0.017898986 
385 278 13 25 0.017871106 
637 385 17 36 0.017861048 
375 192 7 13 0.01785715 
260 193 7 11 0.017841334 
900 447 8 15 0.017837366 
897 229 7 15 0.017815534 
285 561 8 14 0.017779099 
949 206 8 11 0.017674375 
855 319 12 18 0.017669443 
809 678 7 20 0.017637646 
274 640 6 12 0.01761315 
285 182 7 10 0.017587427 
337 194 7 11 0.017564323 
367 316 17 27 0.01753738 
243 478 11 26 0.017526709 
80 445 11 23 0.017455507 
914 208 6 9 0.017444363 
385 517 11 23 0.017441945 
972 392 12 24 0.017433187 
325 297 91 108 0.01737296 
939 196 7 8 0.017368037 
618 647 9 18 0.017360408 
287 262 167 209 0.017338408 
248 182 6 10 0.017287057 
18 435 6 16 0.017205583 
862 429 12 26 0.017194849 
463 194 9 11 0.017187297 
752 441 18 30 0.017148282 
517 661 7 18 0.017118774 
143 205 8 13 0.01710502 
850 205 5 14 0.01708041 
765 448 15 33 0.017044708 
921 320 12 17 0.016973117 
593 639 7 16 0.016972067 
311 181 7 10 0.016944803 
221 661 11 14 0.016894681 
324 181 7 11 0.016889693 
68 327 14 25 0.016872147 
481 400 18 32 0.016831724 
914 270 5 15 0.01682004 
877 325 78 72 0.01681546 
941 255 5 17 0.016780218 
900 220 5 10 0.01675954 
4 252 9 24 0.016751448 
1016 232 7 13 0.016742703 
298 181 7 10 0.016717397 
18 365 7 21 0.016668472 
90 424 11 32 0.016642286 
667 587 7 19 0.01652128 
224 654 9 12 0.016510267 
387 181 7 12 0.016507098 
273 495 7 20 0.01649027 
612 314 12 25 0.016439032 
342 531 12 26 0.016438719 
405 427 17 35 0.016400049 
684 587 7 18 0.016378826 
90 444 9 24 0.016335562 
234 628 6 12 0.016332567 
15 289 15 25 0.016304024 
768 317 14 23 0.01629792 
286 194 7 10 0.016288744 
625 524 17 36 0.016253114 
988 344 10 18 0.016245134 
586 397 69 77 0.016234893 
181 555 10 26 0.016221697 
637 529 14 25 0.016211918 
275 629 5 11 0.016175166 
626 556 12 28 0.016152496 
53 279 10 19 0.016142162 
64 300 12 23 0.016136324 
491 625 11 20 0.01611883 
842 329 18 22 0.016102482 
129 205 10 14 0.01609769 
514 205 10 14 0.016075972 
911 242 6 17 0.016067684 
862 413 12 25 0.016046923 
780 560 11 21 0.01604513 
309 679 7 12 0.016014472 
358 514 13 29 0.015996495 
638 407 87 102 0.015981888 
17 284 9 16 0.015956014 
663 475 14 36 0.01591574 
959 384 12 19 0.015884886 
913 279 7 17 0.01588228 
145 447 12 32 0.015880467 
332 253 11 21 0.015868193 
782 603 8 16 0.015841875 
1005 242 6 15 0.015817033 
770 559 12 22 0.015788782 
718 510 12 22 0.01578134 
163 453 13 27 0.015770484 
146 432 11 27 0.015763419 
65 283 9 15 0.015756495 
19 479 7 27 0.015748968 
526 193 10 11 0.01574404 
235 182 6 10 0.015664693 
717 383 13 20 0.015647255 
542 595 11 30 0.015613029 
118 457 7 19 0.015600738 
732 497 8 20 0.015583391 
91 205 10 13 0.015561249 
498 462 14 35 0.015549821 
309 692 8 14 0.015503946 
948 370 10 18 0.015502281 
387 192 8 13 0.015489164 
716 636 13 24 0.015485668 
323 599 8 19 0.015484091 
317 344 16 35 0.0154818 
103 425 10 32 0.015475978 
526 664 7 15 0.015375343 
674 531 16 27 0.01536755 
904 335 89 107 0.015353861 
298 194 7 11 0.015330874 
742 546 13 20 0.015321052 
531 381 166 199 0.015307942 
666 544 13 18 0.0152623765 
1001 283 5 14 0.015222703 
24 330 17 32 0.015219178 
957 587 18 21 0.015210206 
397 533 11 21 0.0151887145 
443 449 20 32 0.015085722 
198 506 9 21 0.015052849 
205 519 8 21 0.015024801 
785 339 19 31 0.0150229875 
659 598 7 19 0.015018275 
711 645 21 28 0.014991831 
678 392 70 82 0.014972388 
913 216 5 11 0.014957395 
941 245 4 15 0.014940081 
667 617 8 15 0.014931776 
1002 305 7 16 0.014923669 
257 480 9 24 0.0149172135 
273 194 7 10 0.014900006 
742 475 12 34 0.014836952 
834 739 10 19 0.014831107 
500 658 9 20 0.014817088 
824 695 5 13 0.014816392 
931 377 15 25 0.014814944 
302 532 10 19 0.014809906 
526 206 11 13 0.01478545 
779 619 12 23 0.014782838 
196 194 7 11 0.014781193 
984 430 10 25 0.014761823 
18 445 6 19 0.014754502 
1017 252 7 18 0.0147541845 
510 621 11 25 0.0147414 
451 194 8 11 0.014706945 
246 539 9 13 0.014702882 
492 678 7 16 0.014666148 
659 585 8 22 0.014641074 
615 389 16 26 0.014635214 
731 381 14 23 0.014591449 
235 481 8 21 0.014573483 
940 203 9 12 0.014492733 
658 636 9 21 0.014469053 
283 396 76 93 0.014464661 
299 671 7 11 0.0144590875 
903 242 5 14 0.01445063 
755 301 14 25 0.014448858 
344 360 15 31 0.014446814 
18 394 6 19 0.0144423945 
836 321 12 16 0.014413191 
1001 429 10 22 0.014399278 
275 311 84 106 0.014391524 
697 351 17 28 0.014378328 
581 570 7 23 0.014362956 
78 427 12 27 0.014355498 
255 569 16 16 0.014348855 
499 605 14 29 0.01433918 
558 473 17 36 0.0143187065 
913 307 10 18 0.014311541 
156 206 7 11 0.014295996 
400 182 7 11 0.01428039 
26 282 10 17 0.0142700225 
783 497 7 21 0.014268628 
202 661 14 15 0.014265664 
1004 255 6 14 0.014264645 
155 415 11 23 0.014264035 
349 168 7 11 0.014244552 
800 685 6 23 0.014229266 
712 587 8 14 0.0141986525 
751 555 15 24 0.0141854165 
639 543 12 22 0.01418463 
774 571 9 19 0.0141466735 
235 495 7 18 0.014142949 
604 652 8 16 0.014114847 
898 433 10 17 0.014101124 
43 279 9 18 0.014074819 
538 207 12 12 0.014074794 
926 278 7 18 0.014064063 
825 217 4 14 0.01406216 
337 168 7 11 0.014055365 
968 230 5 15 0.014012176 
77 668 14 14 0.014007867 
274 648 8 15 0.013993622 
593 631 6 14 0.013981759 
860 451 12 27 0.013973972 
822 278 9 18 0.013971244 
183 194 7 11 0.013936289 
395 278 10 21 0.013898373 
248 555 12 12 0.013895509 
993 283 6 14 0.013894138 
306 541 12 24 0.013874996 
170 194 7 11 0.0138661135 
874 495 13 27 0.0138654355 
948 196 8 8 0.013862763 
325 194 6 11 0.013841306 
841 435 17 34 0.013834765 
117 205 9 14 0.013831833 
391 370 17 32 0.013813808 
275 311 17 30 0.013812768 
490 205 8 13 0.013811217 
824 192 5 13 0.013800985 
196 516 9 25 0.013787581 
157 193 7 12 0.013787447 
986 416 11 27 0.013783758 
753 460 16 37 0.013776699 
918 388 18 30 0.01377624 
901 280 6 15 0.013752807 
881 409 14 32 0.013713274 
322 558 11 21 0.013699589 
333 551 11 26 0.013692994 
54 206 8 12 0.013673096 
411 327 202 293 0.013671321 
130 193 9 11 0.013662701 
266 571 12 15 0.013645112 
616 553 13 33 0.013635047 
619 638 10 18 0.013620106 
74 291 12 21 0.013615954 
660 625 8 18 0.01361299 
321 589 8 18 0.013600298 
837 668 10 27 0.01359806 
79 205 9 13 0.013585742 
254 465 11 28 0.013582193 
1016 306 9 19 0.013556085 
132 457 7 21 0.013529871 
555 544 8 28 0.013522999 
992 222 6 9 0.013522928 
859 305 10 18 0.013520812 
885 443 10 20 0.0135119725 
237 526 6 13 0.013488388 
554 682 7 10 0.013483453 
330 420 16 24 0.013465805 
657 115 221 251 0.013396801 
892 223 4 10 0.013381212 
838 191 5 13 0.013373646 
940 267 6 17 0.013346406 
928 269 5 16 0.013324132 
359 530 11 24 0.013309947 
130 441 10 28 0.013285109 
426 37 187 205 0.013276406 
1016 290 10 22 0.013259062 
420 431 18 37 0.013247146 
620 373 161 221 0.013247015 
209 533 7 23 0.013226182 
245 493 9 22 0.013226095 
322 574 8 17 0.013225627 
805 393 18 28 0.013216415 
193 529 11 33 0.013212101 
865 203 4 15 0.0131994365 
222 182 6 10 0.013197665 
851 216 5 16 0.013194629 
201 653 12 14 0.013187342 
66 205 9 12 0.013182306 
868 451 12 27 0.013175706 
849 180 5 13 0.013173884 
234 465 11 27 0.013147867 
488 182 9 11 0.013122692 
677 559 12 21 0.013121301 
321 445 16 32 0.013098938 
288 552 10 16 0.013095451 
1017 267 8 17 0.013087392 
503 363 15 28 0.013040642 
336 484 10 20 0.013039451 
311 194 7 10 0.013000773 
684 598 10 19 0.0129920505 
49 340 13 24 0.012972011 
936 679 7 16 0.012970667 
378 314 86 101 0.0129315825 
1001 223 5 9 0.012910425 
310 670 6 11 0.0128984405 
839 417 20 27 0.012888865 
819 352 19 26 0.012886692 
681 571 8 21 0.012871621 
260 494 8 21 0.012867964 
776 586 6 15 0.012856399 
780 573 9 19 0.012849588 
927 692 8 17 0.01284949 
362 168 7 11 0.0128482925 
18 382 6 18 0.012846212 
85 701 17 15 0.012845571 
747 207 7 10 0.012842271 
448 364 15 30 0.012802126 
371 516 15 27 0.0127951875 
656 574 9 21 0.012774249 
976 322 7 13 0.012764745 
913 254 6 16 0.012759704 
554 467 13 27 0.0127521865 
779 319 12 19 0.012744781 
183 300 20 29 0.012734202 
766 532 14 20 0.01271259 
505 632 14 29 0.012698976 
783 586 8 16 0.012669774 
202 439 12 30 0.012662881 
824 206 5 12 0.0126616405 
630 638 8 15 0.012653387 
168 558 12 29 0.01264764 
732 510 9 17 0.0126472125 
55 271 7 14 0.012646724 
390 531 9 19 0.012627322 
17 455 7 23 0.012623177 
965 321 7 13 0.012595073 
325 613 7 20 0.012592601 
992 227 6 13 0.012590372 
908 322 15 21 0.012585672 
455 461 21 32 0.012560524 
632 581 8 23 0.012540457 
412 181 8 11 0.012529713 
182 453 10 22 0.012519281 
179 529 12 35 0.012514939 
324 169 7 10 0.012503675 
115 417 11 28 0.012491352 
562 636 13 28 0.012487613 
144 193 7 11 0.012485777 
501 182 9 11 0.012478724 
82 678 18 14 0.012476855 
475 182 9 11 0.0124672605 
882 303 11 21 0.012458645 
778 605 5 12 0.012451196 
977 255 5 17 0.01244524 
328 419 65 84 0.012423388 
395 426 19 32 0.012422575 
399 192 8 12 0.012416135 
784 506 9 22 0.012413996 
925 206 7 9 0.01241136 
300 677 7 12 0.012411342 
83 689 18 14 0.012397789 
976 243 5 15 0.012384142 
747 526 9 18 0.012376708 
603 556 12 30 0.012371859 
694 572 10 19 0.012361411 
581 629 6 16 0.012351704 
157 469 11 22 0.012339419 
714 533 20 25 0.012335786 
438 194 8 11 0.012332691 
290 323 18 33 0.012329444 
979 268 5 15 0.012322757 
237 538 7 13 0.012322723 
539 194 10 10 0.01230959 
773 492 10 27 0.012294914 
520 373 16 32 0.012294364 
433 349 15 30 0.012289941 
309 700 13 20 0.012240515 
280 326 16 28 0.012235299 
824 743 8 17 0.012230511 
568 572 6 22 0.01222615 
677 293 12 18 0.012212706 
695 505 9 23 0.012212538 
304 299 15 28 0.012207553 
445 373 58 81 0.012198464 
353 392 18 31 0.012187243 
35 303 13 22 0.012183087 
931 698 14 28 0.01217968 
165 362 16 28 0.012174023 
836 591 7 11 0.012172476 
641 325 29 35 0.012157983 
58 366 165 221 0.012152018 
711 662 21 21 0.012135525 
457 650 15 16 0.0121210385 
675 351 18 30 0.012112932 
845 600 10 16 0.012110912 
400 590 8 13 0.012103977 
103 205 10 13 0.012098994 
170 206 7 11 0.012084004 
746 512 8 18 0.012080622 
872 281 7 17 0.012071823 
365 416 19 27 0.012069052 
40 236 8 10 0.012050498 
515 556 8 22 0.012045544 
951 308 8 13 0.012042689 
107 458 7 18 0.012041351 
965 220 5 10 0.012038923 
463 182 9 10 0.012038572 
163 415 13 24 0.012034301 
143 493 11 30 0.0120210145 
876 206 5 13 0.012014662 
804 314 13 22 0.011990183 
847 561 9 17 0.011984937 
861 570 13 20 0.011968952 
144 403 12 26 0.01195871 
891 196 4 9 0.011945521 
528 678 6 13 0.01193647 
490 663 10 15 0.011925795 
321 527 9 16 0.011907939 
395 521 11 23 0.011903373 
895 415 12 23 0.011903361 
235 513 7 14 0.0119019495 
951 321 8 13 0.011899201 
644 639 6 14 0.011898478 
936 321 9 14 0.011892735 
385 493 14 30 0.011890794 
1017 222 6 12 0.011888375 
498 580 16 35 0.011885328 
266 553 13 15 0.011880021 
962 342 11 18 0.011876981 
268 278 14 23 0.011863263 
162 494 18 39 0.011860691 
885 484 10 20 0.011810487 
874 530 10 23 0.011784771 
693 586 11 20 0.011783783 
628 509 11 21 0.011776721 
838 580 6 11 0.01177659 
924 446 15 17 0.011771651 
488 610 10 22 0.011769122 
504 559 6 19 0.011762973 
939 278 7 18 0.0117618255 
364 638 7 16 0.011753709 
221 320 11 17 0.011752905 
869 344 13 25 0.011749039 
922 413 12 26 0.011748287 
837 691 7 17 0.011748011 
398 601 11 19 0.011747168 
526 649 9 18 0.011736734 
579 652 9 20 0.011735107 
733 207 7 10 0.011730982 
66 669 14 14 0.01171421 
812 206 5 12 0.011699882 
457 365 17 29 0.011696835 
964 579 9 12 0.011688861 
298 497 7 17 0.011688664 
642 579 11 29 0.011683999 
513 466 10 28 0.011676864 
91 193 10 11 0.011676039 
902 269 6 15 0.011662544 
825 715 10 21 0.011657038 
864 192 4 13 0.011635982 
970 403 11 28 0.011633016 
588 316 72 85 0.011618967 
876 207 165 213 0.011582351 
797 206 6 11 0.011558214 
426 194 8 11 0.011558183 
103 294 12 20 0.011548631 
758 207 7 10 0.011527204 
408 300 14 26 0.0115092285 
741 370 15 23 0.011508366 
311 169 7 10 0.011494698 
234 618 5 11 0.01147976 
814 705 4 14 0.011471355 
884 428 12 25 0.011463381 
963 307 8 14 0.0114543885 
117 193 9 11 0.011445365 
191 415 13 26 0.011429401 
271 509 8 18 0.011427198 
793 559 12 21 0.0114208525 
658 615 7 15 0.011407422 
286 510 7 16 0.011385946 
994 679 16 19 0.011378186 
234 601 5 12 0.011366102 
967 267 5 17 0.011349938 
297 288 14 27 0.011345556 
68 318 10 21 0.01134316 
934 332 12 20 0.011342646 
296 482 8 21 0.011337418 
64 428 12 24 0.011335098 
692 523 9 20 0.011315627 
436 297 73 74 0.011307403 
822 663 9 21 0.011302132 
732 368 14 23 0.011298383 
822 677 7 19 0.011280968 
398 573 10 20 0.011240151 
4 245 7 15 0.011234695 
183 206 7 11 0.011231135 
897 362 17 26 0.011211316 
847 308 10 15 0.011201854 
728 609 9 21 0.011189896 
37 288 11 21 0.011186694 
967 253 5 19 0.011182454 
3 497 7 22 0.011177948 
1003 270 6 13 0.011160745 
121 483 6 17 0.011149638 
182 573 9 18 0.011145318 
483 460 17 36 0.011123498 
91 242 9 13 0.0111167235 
900 549 7 19 0.011113693 
639 303 12 23 0.011103887 
807 561 11 20 0.011102485 
24 477 10 31 0.011091171 
425 182 8 10 0.011082065 
753 568 13 22 0.011061624 
812 217 5 13 0.011059078 
948 341 12 20 0.011050086 
838 216 4 15 0.011041513 
971 736 22 28 0.011038718 
975 333 8 13 0.0110328 
937 308 8 14 0.011013452 
922 434 14 21 0.011009858 
877 194 4 11 0.011003993 
71 383 24 37 0.011000003 
554 693 7 13 0.010984829 
951 583 65 75 0.010983623 
903 253 6 15 0.0109821 
737 434 20 34 0.010971046 
928 680 7 14 0.01095534 
309 356 78 106 0.010935135 
526 546 8 22 0.010887698 
849 577 7 12 0.010886244 
555 666 6 12 0.010871894 
732 480 9 25 0.0108548105 
61 410 16 32 0.010847113 
309 559 9 19 0.010823002 
876 486 9 18 0.010820612 
809 665 8 19 0.010815458 
645 653 6 14 0.010808614 
323 482 9 19 0.010803742 
618 661 9 20 0.010794023 
400 242 10 17 0.010769835 
241 649 10 16 0.010769763 
159 484 13 23 0.010757162 
729 622 10 21 0.0107504465 
848 590 7 11 0.010747946 
642 452 13 25 0.010738738 
872 315 10 19 0.010735304 
581 638 7 17 0.010717013 
273 601 6 12 0.010688553 
721 207 7 10 0.010680519 
398 544 14 27 0.010671835 
154 282 15 18 0.010659961 
809 576 9 16 0.010650541 
666 279 11 21 0.010648741 
664 644 10 24 0.010644306 
432 461 18 35 0.0106329145 
592 265 7 19 0.010608678 
89 460 11 19 0.010603504 
838 205 5 13 0.010600133 
639 412 14 30 0.010588857 
112 397 14 29 0.010588068 
413 193 7 11 0.010582874 
680 490 12 30 0.01056171 
272 539 8 14 0.010551928 
887 280 7 16 0.010551295 
708 507 9 19 0.010550329 
953 255 5 18 0.01053503 
206 501 7 16 0.01052258 
529 493 12 24 0.010521409 
253 450 14 30 0.010513964 
766 545 13 19 0.010513032 
745 612 8 17 0.010505858 
723 403 20 28 0.010503601 
672 335 17 27 0.01050285 
962 332 10 14 0.010498837 
690 599 13 21 0.010491041 
226 591 6 13 0.0104891155 
311 514 7 14 0.010488804 
221 306 10 19 0.010487601 
950 332 10 16 0.010482284 
862 180 5 13 0.010481641 
769 504 14 30 0.010473068 
450 182 9 10 0.010458477 
55 287 11 21 0.010453774 
233 205 7 12 0.010440381 
965 280 6 15 0.010440056 
374 168 7 11 0.010436426 
690 341 15 26 0.010430666 
663 450 16 30 0.010429494 
64 443 12 24 0.010429131 
630 650 7 16 0.01042665 
929 244 5 14 0.0104253655 
975 577 11 12 0.010415753 
668 576 7 17 0.01041195 
656 545 11 18 0.010399871 
951 279 7 17 0.0103965625 
639 464 16 35 0.010393704 
104 242 9 13 0.010388599 
175 501 14 31 0.010379117 
91 232 9 12 0.010377917 
221 205 7 12 0.010364581 
364 652 8 16 0.010364019 
260 541 9 13 0.01036372 
461 642 10 13 0.010359559 
740 314 13 24 0.010357339 
731 551 13 17 0.010351887 
379 454 18 26 0.010339934 
835 600 10 16 0.01033696 
952 267 6 17 0.010330931 
554 574 7 23 0.010330229 
104 193 9 11 0.010318409 
978 549 10 16 0.010316808 
151 362 17 28 0.010311063 
912 291 9 19 0.010309657 
717 576 14 16 0.010307838 
965 566 6 12 0.010302158 
350 638 6 14 0.010296651 
785 206 6 11 0.010296131 
951 213 8 14 0.0102958 
324 496 9 20 0.010295761 
755 583 10 20 0.010294489 
948 599 12 22 0.010289991 
515 258 138 173 0.010287505 
303 528 7 14 0.010282875 
916 371 18 29 0.010281865 
358 544 13 25 0.010279885 
996 753 13 19 0.010279079 
325 693 7 12 0.010275879 
837 257 6 12 0.010271494 
0 313 11 27 0.010267444 
664 501 15 35 0.010263016 
897 560 9 19 0.010228698 
262 508 8 18 0.01022293 
766 300 14 26 0.010221985 
93 296 10 16 0.010215069 
301 514 6 13 0.010207874 
231 439 13 31 0.010194369 
194 377 13 27 0.010193065 
407 375 14 29 0.010182684 
44 270 7 14 0.010165137 
893 210 4 9 0.010139515 
325 667 6 10 0.01013331 
298 641 7 12 0.010130953 
392 502 14 32 0.010129533 
7 -48 19 33 0.010127573 
959 650 14 19 0.010121636 
863 549 8 17 0.01011857 
796 317 11 19 0.010118034 
643 600 8 21 0.010106445 
163 430 12 23 0.01010448 
476 205 8 12 0.010101566 
526 470 10 24 0.010100079 
508 438 14 30 0.010084829 
400 251 11 19 0.010083925 
828 447 16 38 0.010081299 
79 193 8 12 0.010080832 
691 557 12 23 0.010077987 
667 555 12 21 0.010072593 
976 382 9 18 0.010071249 
232 594 6 11 0.010055672 
1017 85 6 23 0.010028296 
79 319 13 20 0.010025765 
513 536 8 22 0.010024269 
298 631 5 13 0.010019358 
964 295 6 14 0.010009454 
43 370 14 22 0.010006284 
371 531 11 21 0.0100025255 
