45_Balloonist_Balloonist_45_857
3602
495 354 15 27 0.84660494 
613 350 17 28 0.77181983 
376 156 19 36 0.4504378 
401 372 10 19 0.3727904 
511 589 14 18 0.33068442 
371 129 12 19 0.25522336 
406 370 11 23 0.21051618 
469 319 16 22 0.2054477 
203 50 11 16 0.18514462 
537 447 13 23 0.18182005 
321 46 8 10 0.17840996 
540 621 7 11 0.17473638 
384 331 13 21 0.17222308 
280 65 12 18 0.17213215 
314 45 7 10 0.17159782 
164 264 236 210 0.1650695 
321 283 14 21 0.16474317 
465 476 10 17 0.15839712 
271 77 10 14 0.15818089 
491 364 12 23 0.1575287 
802 378 17 24 0.15751366 
471 355 11 21 0.15702757 
322 50 9 13 0.15615557 
799 617 6 12 0.15492746 
254 368 15 31 0.15165584 
350 31 7 10 0.14587595 
497 77 13 19 0.14431742 
345 117 10 17 0.14400323 
246 313 9 11 0.14330453 
272 68 12 17 0.14291343 
810 616 6 12 0.14066857 
778 370 19 23 0.13757789 
530 69 7 10 0.1374567 
487 320 10 17 0.13628429 
348 39 8 12 0.13474223 
504 353 15 28 0.13443448 
298 309 9 13 0.13379025 
309 92 9 13 0.13332604 
463 312 11 17 0.13325891 
444 128 13 24 0.13254108 
253 124 18 26 0.13124388 
810 608 6 11 0.13047427 
244 318 11 15 0.1299221 
775 616 7 13 0.1295464 
345 305 12 19 0.12740567 
305 115 13 21 0.12557217 
800 608 6 11 0.12504213 
338 41 7 10 0.12423345 
900 595 6 11 0.124207504 
642 632 7 13 0.123450845 
272 89 13 20 0.12331148 
318 184 15 27 0.12296312 
465 326 13 23 0.12086369 
196 62 764 603 0.120791495 
220 120 8 14 0.12054832 
463 91 9 16 0.11985895 
783 617 6 13 0.119854756 
424 139 12 23 0.119519725 
760 607 6 12 0.11843793 
372 51 8 13 0.11793251 
283 16 9 13 0.11765384 
312 80 9 14 0.117385134 
252 137 16 25 0.11717098 
285 207 7 12 0.11687991 
772 497 7 15 0.11496194 
633 632 7 12 0.11410326 
339 356 21 24 0.113805205 
388 55 7 12 0.113403626 
608 355 12 23 0.113265 
373 42 8 11 0.11305975 
284 42 8 11 0.11285779 
886 595 7 11 0.11250616 
469 101 14 24 0.112472735 
561 357 17 21 0.112189084 
623 362 16 25 0.1120873 
901 679 7 13 0.11045742 
744 373 15 20 0.110284835 
385 67 9 15 0.109042846 
563 104 11 21 0.108887896 
374 120 7 12 0.10854917 
396 154 11 20 0.10804784 
874 644 5 14 0.108009264 
515 68 7 10 0.107919544 
362 296 9 14 0.10768038 
382 129 11 19 0.10756668 
836 630 7 13 0.107194185 
318 80 9 14 0.106968455 
220 233 9 14 0.106839254 
225 344 17 22 0.10625751 
763 369 24 24 0.1060859 
423 307 8 15 0.10601332 
268 29 9 12 0.10576889 
901 672 6 11 0.10573704 
823 630 6 12 0.105498455 
297 42 8 10 0.10495583 
220 127 11 16 0.10454927 
789 371 16 22 0.104125194 
260 31 9 11 0.10380997 
619 633 7 10 0.103338815 
392 160 15 29 0.10331235 
13 -164 290 135 0.10258914 
797 629 7 13 0.10175786 
51 75 180 136 0.10123147 
865 644 5 12 0.10123144 
651 381 12 20 0.1012123 
415 309 9 14 0.10076819 
644 640 7 12 0.100570284 
605 632 7 11 0.10038141 
196 51 11 16 0.10019816 
222 42 7 11 0.09949818 
386 79 9 13 0.09923904 
359 308 11 19 0.09912162 
546 446 15 22 0.09898243 
577 630 9 12 0.09862178 
299 93 9 13 0.09785031 
463 103 12 19 0.09743159 
746 550 7 15 0.097415335 
337 119 9 14 0.09729664 
231 89 9 14 0.09716746 
539 67 7 11 0.096305184 
312 52 8 11 0.095608085 
954 620 6 11 0.09552471 
388 226 205 246 0.09547349 
891 708 4 12 0.095359586 
529 628 9 12 0.09500013 
985 524 11 23 0.09453361 
307 310 10 14 0.09439525 
410 51 9 14 0.094242156 
298 55 8 11 0.09422614 
279 76 11 16 0.09393552 
571 630 6 11 0.09389668 
823 618 6 11 0.09374029 
222 55 7 11 0.09358942 
363 120 7 11 0.093409725 
208 44 9 12 0.09324198 
385 324 10 16 0.09320833 
475 66 9 14 0.093063205 
266 113 16 24 0.09305733 
569 621 6 9 0.09274957 
747 615 6 12 0.092687055 
812 628 6 13 0.0923564 
57 32 5 8 0.09224131 
364 55 7 12 0.09223266 
654 375 11 16 0.09220769 
323 449 7 12 0.09207579 
216 345 16 18 0.091948345 
889 672 6 11 0.0910475 
485 143 13 19 0.091022275 
338 33 6 9 0.0909128 
323 31 7 9 0.090762325 
384 142 10 19 0.09066867 
540 371 12 20 0.09033913 
619 643 7 10 0.09031719 
720 433 10 22 0.09021918 
351 20 6 10 0.089892514 
348 301 8 11 0.08988866 
594 633 8 9 0.089830615 
361 65 9 14 0.08977901 
986 619 7 14 0.08964885 
663 440 10 17 0.08932658 
785 607 6 11 0.08918958 
735 616 6 12 0.08910926 
365 130 8 13 0.08881273 
285 198 7 10 0.08842999 
651 392 13 25 0.08836578 
976 593 7 14 0.08831518 
211 32 5 9 0.088283144 
580 92 10 17 0.08817442 
240 251 15 20 0.08787089 
325 127 9 15 0.087811716 
876 602 6 12 0.08753653 
338 96 6 9 0.08704994 
230 232 10 13 0.08703819 
388 90 8 13 0.08691577 
324 120 9 14 0.08689832 
184 439 6 11 0.08682815 
115 25 10 16 0.08680964 
424 129 10 19 0.0866849 
914 593 5 11 0.08660027 
452 80 8 15 0.08658413 
347 107 9 11 0.086545356 
937 682 8 11 0.08642372 
1010 690 12 20 0.08613055 
269 99 15 23 0.0858867 
308 103 9 15 0.08576079 
170 39 8 15 0.08559359 
545 54 196 131 0.08556356 
464 355 12 23 0.08537481 
90 167 12 19 0.08492548 
209 542 8 12 0.08480952 
401 365 7 12 0.084781565 
721 600 9 16 0.08438215 
554 112 11 19 0.0838739 
322 93 8 12 0.083630614 
118 18 8 13 0.083630405 
298 303 7 10 0.08359191 
590 81 8 12 0.08358928 
363 41 7 11 0.08353677 
219 552 9 14 0.08350234 
851 592 6 13 0.083464734 
197 19 5 10 0.08328808 
89 679 10 21 0.083287016 
82 16 6 12 0.083003804 
862 628 6 15 0.08278273 
926 593 6 11 0.08239902 
324 619 6 10 0.08212931 
444 505 13 27 0.08212126 
877 594 6 12 0.08192635 
350 97 6 9 0.08190143 
150 -170 347 122 0.08189971 
390 329 17 28 0.081822984 
503 69 8 11 0.0817927 
472 367 11 19 0.081791006 
361 30 7 11 0.081471816 
331 270 12 18 0.08137605 
463 81 9 14 0.08134607 
797 643 7 14 0.081124365 
312 450 7 11 0.08102042 
502 40 7 13 0.08100675 
709 578 7 12 0.08088535 
747 607 6 12 0.08084686 
376 108 7 10 0.080674246 
887 645 6 13 0.08063548 
927 567 6 15 0.08058662 
861 308 9 13 0.08055233 
874 684 6 10 0.080533944 
363 94 6 10 0.080532 
389 296 8 13 0.08047292 
261 450 6 12 0.08043929 
233 83 9 13 0.08035606 
586 91 13 19 0.08027317 
221 440 6 11 0.080244586 
324 106 8 11 0.080090925 
259 38 9 13 0.08007837 
875 695 5 11 0.07976871 
732 489 10 20 0.07952643 
68 44 6 10 0.07952432 
547 163 15 22 0.07922079 
337 106 7 10 0.07893105 
247 448 8 14 0.07891019 
389 41 6 11 0.07880608 
510 366 12 21 0.07867725 
987 517 7 14 0.07864558 
334 295 9 14 0.07845918 
432 137 13 23 0.07845095 
220 107 9 14 0.07840651 
167 206 12 16 0.07837631 
707 423 10 18 0.07836635 
978 526 8 16 0.07830452 
347 127 9 15 0.07829609 
231 130 10 16 0.07827076 
434 355 14 23 0.07823874 
219 542 7 11 0.078228675 
246 81 9 14 0.078105725 
90 671 7 11 0.07804643 
519 592 13 16 0.077912904 
325 445 5 8 0.07786308 
529 621 9 12 0.07778709 
548 370 14 20 0.07738577 
220 297 9 12 0.077346064 
376 69 7 12 0.077282876 
902 707 5 11 0.07726708 
401 79 9 14 0.07718913 
474 79 9 14 0.077130236 
566 94 8 13 0.077118635 
658 594 6 12 0.07706055 
411 102 8 14 0.077001505 
839 643 6 12 0.07695704 
273 449 7 12 0.07695012 
408 79 10 15 0.07685948 
515 78 9 15 0.07651639 
760 614 6 13 0.07640778 
248 441 7 12 0.076378025 
180 447 9 18 0.07612648 
862 617 7 16 0.07596999 
515 57 7 10 0.07595993 
720 592 9 15 0.07587774 
913 705 6 13 0.075838976 
848 644 6 12 0.075734966 
256 312 9 10 0.07561958 
889 695 5 11 0.07561218 
800 669 5 11 0.07556529 
1002 628 7 13 0.075542524 
784 515 7 15 0.075418234 
1002 690 9 17 0.0753537 
229 104 12 18 0.075332634 
116 412 8 15 0.075310014 
980 619 7 13 0.07523504 
951 605 8 14 0.07505562 
785 628 6 12 0.07503357 
1002 648 6 11 0.074983306 
1004 566 8 15 0.074946366 
116 349 10 14 0.0748891 
362 82 7 10 0.074875176 
293 64 10 15 0.07481254 
333 127 9 16 0.07472071 
362 288 9 12 0.07470601 
825 668 6 12 0.07419943 
413 298 9 16 0.07417155 
372 321 10 17 0.07414638 
333 53 9 12 0.07409409 
386 118 8 13 0.07406364 
163 215 16 23 0.074032046 
67 54 8 11 0.07400231 
889 682 6 11 0.07387392 
372 286 9 13 0.07374029 
606 622 6 10 0.07356273 
824 606 7 13 0.073506914 
414 420 10 19 0.07346955 
838 592 7 12 0.07337235 
68 32 5 8 0.073337026 
32 138 16 23 0.07333229 
204 128 11 17 0.07297566 
274 301 7 10 0.07292235 
952 629 6 12 0.07291668 
232 550 10 20 0.072904326 
528 79 8 12 0.0728106 
663 370 13 19 0.072775885 
578 623 7 9 0.07258922 
864 683 5 10 0.07256049 
540 155 11 13 0.07250974 
939 672 7 10 0.07237216 
223 33 5 8 0.07231434 
718 424 10 19 0.0723082 
362 107 8 11 0.07221586 
822 411 9 19 0.07210514 
384 436 11 15 0.07203362 
872 309 9 13 0.07202957 
387 30 7 12 0.07187579 
413 364 8 14 0.07184332 
939 644 6 12 0.07183108 
184 5 6 12 0.07181073 
133 426 6 13 0.07177667 
120 5 7 13 0.07172808 
419 418 12 22 0.07170346 
286 301 7 10 0.0716949 
285 449 6 11 0.07167015 
402 43 6 11 0.07163693 
261 442 7 12 0.07161144 
121 402 6 9 0.07141848 
965 707 7 11 0.07141578 
320 460 10 22 0.07138009 
210 553 7 11 0.071360655 
814 370 14 20 0.071277075 
850 629 6 14 0.07126757 
720 582 7 11 0.07113634 
726 432 13 26 0.07112841 
293 318 12 18 0.07111516 
669 593 7 12 0.0711042 
376 30 8 11 0.07097573 
1015 322 9 15 0.07097152 
633 568 5 11 0.070875034 
912 604 6 12 0.070624106 
875 706 6 13 0.07061218 
901 602 6 12 0.07060911 
388 286 7 12 0.070602715 
461 245 10 17 0.070557445 
966 697 6 9 0.07045727 
82 6 6 15 0.0704466 
283 113 11 19 0.070392914 
593 71 6 9 0.0702907 
266 368 13 26 0.06996843 
321 309 9 14 0.06991722 
710 571 6 12 0.06991222 
247 130 10 16 0.069768354 
234 225 7 10 0.069757015 
388 344 11 17 0.069752984 
398 320 9 15 0.069568634 
811 554 6 12 0.06935614 
201 256 17 24 0.06934073 
491 348 13 22 0.06928858 
216 334 17 19 0.06927904 
953 298 6 10 0.06923713 
315 32 5 8 0.06898263 
1002 620 6 12 0.06894929 
172 18 6 11 0.06893023 
634 641 6 11 0.06886501 
278 100 13 21 0.06885444 
398 143 9 15 0.06880645 
385 107 8 12 0.06873279 
472 90 11 17 0.06872934 
731 604 8 14 0.06868983 
398 90 11 16 0.0686578 
212 438 6 11 0.06859421 
975 702 11 15 0.06857613 
285 55 8 12 0.06853896 
925 644 6 12 0.068445005 
541 59 5 10 0.06844034 
279 355 14 22 0.06843488 
300 103 9 15 0.068430446 
1013 592 10 16 0.068406746 
285 313 7 10 0.068289325 
978 603 7 13 0.068257384 
848 655 6 13 0.06825647 
656 631 7 12 0.068235494 
538 80 8 12 0.06819672 
217 354 17 20 0.06812864 
196 5 6 12 0.06807172 
178 204 12 18 0.068057805 
57 43 5 9 0.068017416 
403 52 7 12 0.067927785 
477 41 7 11 0.06790229 
93 154 9 17 0.06783806 
257 78 10 14 0.06778566 
274 442 6 11 0.06765413 
197 439 5 10 0.06764689 
658 661 5 9 0.06753276 
989 629 6 12 0.06746565 
541 107 9 14 0.06743133 
606 367 12 20 0.06742236 
949 694 9 12 0.067355305 
623 334 15 22 0.06734698 
1012 680 10 18 0.067319974 
413 256 10 17 0.067275785 
538 640 10 18 0.0672502 
248 40 8 11 0.0671924 
742 286 12 36 0.067055814 
710 537 6 20 0.06705035 
1001 388 8 14 0.06697427 
369 296 10 14 0.066937745 
798 656 7 13 0.066924125 
821 683 7 14 0.06691232 
963 247 7 11 0.06679193 
602 640 10 15 0.06677556 
859 594 7 13 0.06667056 
399 297 9 15 0.06655817 
976 698 7 10 0.066486895 
313 446 5 7 0.06646816 
965 298 6 10 0.06640722 
282 319 11 15 0.06633969 
377 6 6 11 0.066283405 
146 30 7 10 0.06624804 
68 20 5 10 0.06622316 
555 621 6 9 0.06618993 
172 439 5 11 0.06618268 
297 207 8 12 0.066170715 
301 449 6 10 0.0661503 
133 6 5 11 0.066113874 
272 40 9 12 0.066111386 
220 449 7 13 0.06610999 
767 416 13 25 0.06608843 
27 414 9 13 0.06604775 
243 89 10 16 0.06595581 
774 609 6 11 0.06579694 
43 43 6 9 0.06574498 
861 603 6 13 0.06568995 
581 82 7 10 0.06562511 
258 91 12 16 0.06560772 
120 68 7 10 0.065570675 
409 92 10 15 0.06556974 
57 21 5 9 0.065493874 
313 21 6 9 0.06547406 
339 308 10 14 0.06545043 
742 80 13 15 0.06536121 
966 581 6 11 0.06534042 
158 68 8 11 0.06529008 
903 633 5 11 0.06528789 
231 118 10 16 0.06516271 
387 429 8 12 0.06495661 
248 222 6 11 0.064919926 
286 29 7 11 0.06490719 
208 295 10 13 0.06488183 
874 618 6 13 0.06482455 
45 33 5 7 0.064805776 
171 31 7 11 0.06471842 
477 57 7 11 0.06461215 
400 313 7 11 0.06459114 
425 119 8 16 0.06451196 
283 216 9 16 0.06450073 
168 68 8 11 0.064469144 
515 630 9 12 0.06446551 
377 17 7 10 0.06443085 
838 656 6 13 0.06441445 
224 93 7 11 0.0644099 
53 345 13 17 0.06440721 
978 646 6 10 0.06440207 
936 693 11 16 0.0643753 
276 199 6 8 0.06423654 
247 232 8 14 0.0642104 
296 361 13 17 0.06420242 
377 330 10 18 0.06419608 
977 311 7 11 0.06419172 
439 310 7 13 0.064091116 
1001 425 7 15 0.064045765 
776 392 15 23 0.0639533 
621 622 5 9 0.06391858 
978 569 6 13 0.06389555 
844 395 11 24 0.063680455 
197 432 5 8 0.063571125 
325 612 5 7 0.063507944 
805 416 13 26 0.06350754 
145 68 7 10 0.0634274 
114 191 13 18 0.06324552 
344 314 16 25 0.06313478 
864 671 5 12 0.06295579 
145 41 8 12 0.06293739 
263 136 15 24 0.06288839 
750 377 18 26 0.062843814 
155 205 12 15 0.06279204 
233 54 7 12 0.06273484 
401 16 7 12 0.06271703 
861 284 8 13 0.062646426 
236 540 7 13 0.06258246 
1003 656 5 11 0.06253497 
704 497 8 17 0.062433813 
170 55 6 11 0.062323205 
670 565 9 15 0.062322788 
477 142 13 19 0.062280644 
84 671 6 10 0.06227928 
991 659 6 10 0.0622672 
706 491 7 14 0.062264767 
773 629 6 13 0.062151637 
454 311 8 12 0.062128324 
631 217 10 14 0.06209307 
488 331 11 19 0.06201824 
660 670 6 11 0.061859813 
497 334 13 23 0.06185382 
219 241 12 17 0.061805982 
965 656 6 11 0.06180207 
922 524 10 23 0.06178923 
321 204 10 16 0.061786793 
845 384 9 18 0.06177982 
595 624 6 8 0.061749876 
399 385 13 30 0.06162406 
209 121 8 13 0.061609004 
362 18 7 11 0.0616088 
516 618 10 12 0.06158855 
260 461 7 14 0.061567612 
657 642 6 12 0.06155197 
1004 273 5 10 0.06153084 
721 618 6 12 0.061440945 
751 89 15 19 0.061414145 
1016 311 7 14 0.061405536 
42 56 6 9 0.061231397 
299 115 11 19 0.061230674 
412 45 7 11 0.061194133 
447 86 181 152 0.061125066 
499 322 9 17 0.061052933 
750 404 17 28 0.06088839 
778 417 13 28 0.060863297 
421 256 10 19 0.06083235 
730 287 12 35 0.06080176 
130 17 7 11 0.060742352 
243 358 11 18 0.060690366 
875 654 5 14 0.06068713 
589 373 10 18 0.060629863 
551 358 14 21 0.06056936 
990 646 6 11 0.060522106 
578 190 12 21 0.060477164 
504 57 6 11 0.060475074 
155 41 9 13 0.060463637 
118 58 132 87 0.06041937 
274 313 7 11 0.06039504 
833 408 11 24 0.060369875 
586 379 14 29 0.060329907 
245 461 8 18 0.06022706 
524 604 10 13 0.06016196 
198 401 6 10 0.060063265 
620 82 7 12 0.060044356 
301 445 5 8 0.059976734 
322 504 8 13 0.059867516 
314 191 9 16 0.05985201 
743 393 14 28 0.059797723 
754 285 12 37 0.05976979 
324 22 5 8 0.05976393 
414 317 9 16 0.059725836 
531 59 6 9 0.05972268 
718 287 11 33 0.05959198 
26 138 131 86 0.059510767 
321 68 8 12 0.059470028 
247 303 7 8 0.05945315 
804 393 14 22 0.059384417 
234 301 8 10 0.059351936 
888 654 5 13 0.059346016 
928 288 6 9 0.059236817 
1016 335 8 14 0.059233207 
645 658 6 12 0.059232146 
409 502 12 17 0.059197582 
313 504 6 13 0.059137415 
581 592 6 12 0.059067685 
362 141 10 19 0.058880035 
743 69 11 14 0.058760207 
796 697 7 12 0.05873231 
210 235 8 13 0.058725264 
743 88 13 17 0.058722083 
258 68 10 14 0.058649562 
231 68 9 13 0.058567267 
617 336 12 18 0.058557432 
179 98 13 20 0.05850735 
557 58 5 10 0.058457743 
503 154 10 14 0.058426674 
980 518 6 12 0.05840935 
207 345 11 15 0.058347702 
886 602 7 13 0.058276005 
978 262 6 10 0.058254477 
705 288 10 31 0.05823651 
578 168 9 14 0.05822848 
851 683 6 11 0.058215167 
296 34 8 9 0.058198757 
872 302 8 10 0.05811742 
559 453 21 29 0.058101404 
401 6 7 11 0.058083653 
795 126 11 26 0.05805421 
722 538 5 19 0.05794856 
912 682 6 11 0.057911973 
391 360 7 12 0.057773393 
1014 601 9 17 0.057763577 
1015 629 8 15 0.057720702 
781 500 8 14 0.057712674 
902 697 5 12 0.05764387 
466 67 7 13 0.0576161 
835 385 10 16 0.057546552 
315 369 20 24 0.05750987 
211 23 4 8 0.057503127 
821 640 7 15 0.057472717 
678 565 10 16 0.057447556 
371 311 10 16 0.057387795 
849 310 7 11 0.057353705 
513 153 10 13 0.057335015 
233 43 7 10 0.05731231 
249 32 8 10 0.05729499 
145 58 6 9 0.05718911 
185 432 5 8 0.05716002 
768 393 15 24 0.05715801 
413 118 9 15 0.05715141 
421 369 12 23 0.057132658 
966 592 6 12 0.057084046 
860 704 7 15 0.057076912 
375 95 7 10 0.057029944 
870 285 9 13 0.05689293 
311 513 9 17 0.056885514 
109 3 7 13 0.05687435 
697 488 8 15 0.056867737 
267 512 15 27 0.056863118 
1000 375 7 14 0.056833506 
915 631 6 12 0.056665186 
962 409 9 18 0.056625932 
818 690 10 17 0.05661569 
1016 361 8 17 0.056412276 
977 388 8 15 0.056369122 
171 198 8 10 0.05635371 
180 196 9 14 0.056319628 
260 198 5 9 0.0563136 
925 631 6 12 0.056257706 
335 450 8 12 0.05623953 
978 533 9 22 0.056165703 
572 357 13 19 0.0560607 
295 368 15 22 0.05605706 
731 422 9 18 0.055962764 
913 696 7 12 0.05594957 
109 199 17 26 0.055890586 
250 198 6 9 0.055856906 
838 312 7 10 0.055834424 
527 654 12 16 0.055811252 
248 212 5 8 0.055798575 
978 247 6 11 0.055786762 
110 29 8 14 0.055765994 
108 41 7 12 0.055636924 
656 600 7 14 0.055629864 
453 90 8 14 0.055583164 
759 496 7 16 0.05551894 
1016 349 8 15 0.055507664 
158 5 6 12 0.05550441 
1002 400 7 11 0.05549779 
926 581 6 13 0.05547585 
953 290 5 9 0.05546513 
422 359 12 20 0.055444773 
965 312 7 11 0.055393077 
874 631 5 12 0.055387005 
766 286 13 36 0.05531137 
537 654 10 16 0.055282526 
398 226 11 20 0.055277925 
618 653 9 15 0.05526307 
275 210 6 9 0.055175964 
925 617 7 15 0.05516153 
272 461 7 14 0.054997303 
798 552 6 14 0.05493935 
226 167 110 87 0.05490353 
760 566 6 13 0.054797854 
836 620 6 12 0.054792047 
876 670 5 12 0.054757267 
427 42 6 12 0.054735735 
313 461 8 18 0.05473091 
338 149 109 105 0.054708686 
489 381 10 19 0.054659512 
117 183 9 12 0.05465759 
890 714 7 23 0.05464983 
394 446 16 27 0.054648515 
222 227 6 9 0.0546008 
550 157 10 14 0.054587804 
450 118 10 17 0.054560907 
757 578 10 16 0.05452666 
314 611 4 8 0.054496642 
860 695 7 13 0.054474518 
105 412 10 17 0.05446984 
670 581 7 12 0.05445195 
349 54 7 11 0.054427166 
540 358 13 21 0.05439711 
499 100 12 18 0.054360088 
501 203 9 19 0.054351103 
376 77 8 13 0.05433756 
121 57 7 11 0.0543241 
347 451 9 14 0.05430871 
256 102 15 20 0.054291986 
173 7 5 11 0.05427817 
977 237 6 10 0.054268997 
963 621 6 10 0.054266546 
542 608 6 9 0.054217942 
527 372 11 18 0.054195575 
990 311 7 12 0.05410533 
556 630 6 11 0.054102104 
577 99 11 19 0.05405935 
389 311 8 12 0.05403246 
400 29 8 12 0.054001953 
405 164 12 21 0.053947687 
925 670 8 12 0.053826567 
951 592 6 12 0.053787414 
692 288 10 31 0.05375648 
964 630 6 11 0.05375096 
679 288 10 30 0.053678222 
641 371 11 19 0.053678066 
808 365 11 13 0.053631324 
556 69 6 10 0.05358434 
24 130 17 21 0.053570647 
424 473 9 15 0.053489886 
951 683 7 11 0.0533914 
296 410 9 12 0.05338928 
270 54 10 14 0.05338574 
157 19 6 11 0.05337234 
160 438 5 11 0.05337122 
83 31 6 10 0.0533654 
796 512 7 16 0.053344067 
978 424 7 16 0.053319413 
198 32 6 8 0.053306222 
422 317 10 18 0.053288683 
447 345 12 22 0.053246085 
633 579 6 11 0.053226415 
825 579 5 13 0.053221848 
20 20 5 9 0.053181462 
299 82 8 12 0.05316083 
172 449 7 14 0.05314259 
528 156 8 12 0.053141017 
663 393 14 24 0.053139325 
351 66 8 13 0.053126324 
386 17 7 11 0.05305636 
237 450 6 13 0.053035896 
557 94 7 12 0.052960772 
593 641 11 14 0.052955963 
914 582 6 12 0.052854996 
485 192 10 19 0.052852202 
978 580 6 12 0.05280167 
915 617 7 14 0.05279921 
863 303 6 10 0.052764893 
629 81 8 13 0.052757666 
287 443 5 10 0.052685246 
568 71 6 9 0.052622188 
811 595 6 11 0.05260832 
297 197 7 12 0.05256345 
837 581 6 12 0.052550096 
951 671 7 11 0.05254308 
311 300 8 11 0.05253169 
412 243 10 17 0.052529596 
567 168 9 15 0.052527178 
497 380 12 20 0.05252682 
322 217 8 16 0.05252103 
146 402 6 9 0.052511234 
299 127 10 17 0.052499007 
363 413 7 11 0.052433576 
991 262 5 10 0.05238256 
655 183 12 17 0.052375566 
937 550 7 18 0.052360646 
376 440 8 12 0.052306563 
951 262 6 10 0.052297384 
467 40 6 12 0.052262153 
132 68 7 9 0.052252106 
925 703 9 14 0.05217242 
132 30 6 11 0.052171145 
157 58 7 9 0.052155018 
135 43 6 10 0.052102417 
407 383 15 34 0.052059297 
156 30 6 10 0.052058704 
569 82 6 10 0.052058104 
157 198 9 11 0.05204307 
633 656 6 12 0.052020703 
693 372 12 21 0.0519533 
1004 264 5 9 0.051928673 
364 7 6 10 0.051870823 
1012 421 10 20 0.051815614 
216 255 15 20 0.05180383 
409 230 12 21 0.05176383 
823 399 8 15 0.051695388 
208 338 12 14 0.05168895 
733 477 8 14 0.051642243 
540 345 13 22 0.051617317 
223 66 7 12 0.051611613 
787 552 6 15 0.051611364 
247 20 7 9 0.05159936 
402 103 8 13 0.051591475 
979 632 5 10 0.051577717 
124 323 99 81 0.051576056 
746 416 11 22 0.05153954 
312 69 8 12 0.05153397 
18 413 8 15 0.051530592 
45 22 5 9 0.051520057 
916 263 5 11 0.05151871 
728 367 18 25 0.051436134 
230 244 13 17 0.051395044 
491 69 7 11 0.051341284 
569 611 6 9 0.051288005 
261 394 8 14 0.05125936 
493 42 6 11 0.05125572 
583 72 5 9 0.051250923 
176 215 13 19 0.051232234 
241 347 13 18 0.051215596 
212 431 4 8 0.05120073 
134 402 5 9 0.051195394 
439 319 10 17 0.05117055 
502 147 10 13 0.051149417 
95 5 5 13 0.051133335 
116 41 8 13 0.051098134 
664 382 12 18 0.05109112 
799 464 6 14 0.051084608 
1011 565 10 18 0.05108257 
252 255 12 19 0.05101964 
540 163 14 22 0.05099959 
305 378 18 23 0.050979935 
787 668 5 12 0.050900944 
410 284 10 16 0.05089872 
185 18 5 11 0.05085616 
836 603 7 14 0.050854232 
696 497 9 18 0.050754596 
822 448 9 17 0.05073923 
720 570 5 11 0.050706893 
168 79 9 12 0.0506601 
555 610 5 8 0.05059684 
988 567 6 14 0.050595257 
805 486 10 21 0.05056089 
337 445 6 8 0.050541904 
119 340 7 11 0.050536577 
472 482 10 18 0.050530955 
273 359 11 18 0.050510872 
666 278 10 28 0.05050868 
818 383 11 19 0.050479684 
314 209 7 11 0.05046614 
990 424 8 15 0.050419584 
474 244 11 18 0.050406285 
525 641 14 18 0.05036714 
183 81 8 12 0.05035065 
851 616 7 17 0.050348267 
325 175 18 32 0.05030701 
336 67 8 12 0.05030476 
866 655 5 13 0.050282087 
130 349 9 14 0.05027892 
6 44 4 10 0.050266262 
633 623 5 9 0.050250854 
147 4 6 12 0.05021984 
274 20 8 11 0.05020313 
220 288 8 12 0.050117638 
941 631 5 11 0.050085325 
925 656 7 13 0.05007464 
232 322 13 16 0.05002677 
625 378 14 25 0.050020773 
35 150 13 20 0.050000727 
473 602 9 17 0.04999386 
775 404 15 27 0.04994736 
951 322 7 12 0.049918707 
109 351 7 11 0.049909323 
781 299 12 34 0.049897056 
926 263 6 10 0.049896795 
402 620 5 9 0.04988047 
737 553 6 13 0.049814034 
657 619 7 14 0.04980371 
708 590 9 14 0.049800456 
1002 435 6 14 0.04979059 
82 43 6 11 0.049782764 
421 243 10 19 0.04969232 
977 273 7 10 0.049657013 
759 554 7 13 0.049516935 
235 311 10 12 0.04949957 
248 69 8 12 0.049449515 
619 590 6 14 0.04944898 
426 68 7 12 0.049442213 
1004 286 5 10 0.049403444 
620 90 9 16 0.04937379 
424 268 8 18 0.04937068 
133 60 6 8 0.049356025 
989 666 8 16 0.049295742 
474 127 12 19 0.04929002 
116 356 11 17 0.049246937 
337 84 6 10 0.04923681 
259 53 10 14 0.049226265 
5 56 5 11 0.049194917 
219 461 9 18 0.049098276 
785 447 8 17 0.049064316 
664 407 11 23 0.049049657 
785 565 7 14 0.049045525 
963 401 8 16 0.04901759 
658 444 11 19 0.049010824 
873 714 8 26 0.04896977 
333 320 13 19 0.048944462 
540 144 11 15 0.048936427 
460 435 10 19 0.048914246 
372 400 7 12 0.048887745 
205 242 12 17 0.04884824 
247 54 8 12 0.04883591 
937 566 6 15 0.048831195 
586 188 14 22 0.048803627 
39 411 9 15 0.04879726 
773 511 8 18 0.048771873 
1012 386 10 17 0.048738018 
851 603 6 14 0.048732333 
577 179 11 18 0.048725296 
540 91 8 13 0.04870798 
568 56 6 10 0.048687786 
901 619 5 12 0.048675004 
132 434 7 15 0.048644133 
1016 645 7 13 0.04864172 
785 465 7 14 0.04861465 
926 605 6 12 0.04857964 
634 557 5 13 0.04854663 
994 376 5 10 0.048533347 
644 382 10 19 0.048521496 
978 413 6 13 0.048515953 
223 105 206 138 0.048504643 
850 671 6 12 0.04849884 
670 602 7 13 0.048487257 
259 303 7 9 0.048482936 
350 443 6 9 0.048364654 
861 277 7 10 0.048340898 
887 618 6 13 0.04829435 
307 360 15 19 0.048274178 
824 552 6 14 0.048232965 
941 583 5 13 0.048229724 
731 462 9 17 0.048163936 
722 522 6 23 0.048160836 
411 435 11 15 0.0480977 
451 319 9 16 0.04808717 
19 45 4 8 0.048080057 
1003 593 7 13 0.04807188 
737 542 5 15 0.048054546 
1016 300 7 13 0.048027232 
834 395 11 22 0.048017833 
953 313 6 11 0.04795217 
253 319 11 15 0.047935076 
549 347 14 20 0.047930915 
553 278 8 27 0.047919255 
147 20 6 10 0.047893982 
579 609 7 10 0.0478628 
462 641 11 15 0.047828294 
811 564 6 15 0.047822174 
247 120 9 15 0.047820017 
419 433 12 18 0.047816202 
314 219 6 13 0.047814228 
798 450 7 14 0.047625255 
581 583 5 11 0.04760913 
1013 532 11 25 0.047604147 
526 253 10 24 0.04756698 
735 524 6 19 0.047563 
1014 401 8 15 0.04755967 
900 582 6 11 0.047542598 
671 660 5 9 0.047539335 
966 262 5 10 0.047508247 
372 413 8 14 0.047503293 
799 497 8 18 0.04744282 
389 619 5 8 0.047401235 
491 56 7 11 0.0473762 
362 448 9 15 0.047362406 
837 670 5 12 0.04734449 
229 253 16 20 0.04733537 
401 287 7 13 0.047308326 
795 144 10 33 0.047307644 
424 464 9 14 0.04730429 
348 141 13 23 0.047276802 
281 239 11 21 0.047272168 
321 322 10 14 0.047271013 
965 291 5 8 0.047268327 
275 188 6 9 0.047244582 
645 567 5 12 0.047243856 
978 375 7 15 0.047234286 
796 702 8 16 0.047212325 
823 497 10 23 0.04718138 
20 34 4 8 0.0471509 
639 220 11 13 0.047126234 
1003 366 5 9 0.04712483 
364 442 7 11 0.04706166 
254 243 11 17 0.047056343 
771 577 8 16 0.047034387 
734 581 6 11 0.047024302 
160 431 5 9 0.047015045 
645 555 6 16 0.04698395 
510 335 12 21 0.046950903 
284 187 8 11 0.04688747 
79 55 7 11 0.046850428 
307 398 11 13 0.046845596 
318 153 13 22 0.04682233 
374 448 10 16 0.046795182 
257 362 11 19 0.04679331 
539 265 10 27 0.04671591 
542 667 8 13 0.04667542 
513 379 11 21 0.046652466 
824 435 8 18 0.046589665 
604 83 8 11 0.046539046 
412 67 7 12 0.04648034 
259 187 6 10 0.04645905 
319 167 14 23 0.046457328 
313 244 8 17 0.046454165 
401 70 7 11 0.046405848 
976 399 8 13 0.046402466 
1016 617 8 15 0.046398494 
315 618 5 10 0.046395015 
665 362 12 18 0.046338342 
702 373 12 21 0.04632901 
1005 313 5 10 0.046320435 
966 238 5 10 0.046308957 
787 596 5 10 0.046274718 
197 45 7 11 0.04624931 
298 402 9 12 0.046242896 
951 386 6 15 0.04624094 
336 260 8 15 0.0462118 
95 44 6 11 0.046209138 
106 181 9 14 0.046195988 
977 657 5 10 0.046167266 
903 286 6 11 0.046157934 
654 404 11 24 0.04614327 
577 426 9 17 0.04604403 
387 7 6 10 0.046006005 
134 415 5 11 0.045960106 
222 431 5 8 0.045958135 
525 89 11 15 0.045866787 
964 334 6 13 0.04586255 
120 -8 6 16 0.045826994 
307 319 10 16 0.045785323 
398 131 9 16 0.04573253 
463 633 9 11 0.045628693 
781 489 9 18 0.04562853 
296 257 9 16 0.045612864 
198 414 5 9 0.045603976 
351 288 7 11 0.045582615 
436 119 10 16 0.045576498 
397 437 12 16 0.045566298 
231 138 14 23 0.04555812 
426 162 10 21 0.04554708 
460 125 13 22 0.04554302 
476 502 8 14 0.04554277 
797 415 13 30 0.0454968 
107 53 7 12 0.045493405 
467 32 6 11 0.04548867 
180 231 11 16 0.045429777 
240 329 15 21 0.045410216 
246 150 11 19 0.045406535 
311 490 7 14 0.045404818 
65 79 8 13 0.045389254 
327 349 23 21 0.045334935 
851 276 6 9 0.04532944 
195 234 10 14 0.045328703 
635 344 13 23 0.04531007 
705 314 11 29 0.045304585 
103 203 13 22 0.04529621 
939 290 5 9 0.045287963 
542 328 176 212 0.045213677 
1004 237 5 9 0.045180865 
547 141 12 19 0.045163866 
688 473 12 19 0.04516109 
442 502 8 15 0.04515892 
635 357 13 22 0.045141254 
55 339 10 13 0.045135368 
902 643 6 12 0.0451259 
968 571 5 12 0.04511791 
512 103 10 14 0.045101788 
155 77 11 13 0.04509741 
761 630 6 15 0.045070194 
365 401 7 11 0.045035392 
43 66 6 13 0.045012448 
928 276 5 9 0.04500813 
403 611 5 8 0.04500089 
734 510 7 18 0.044994947 
914 275 5 10 0.044980023 
536 394 14 25 0.044967446 
375 427 7 12 0.04496079 
818 363 11 14 0.044955775 
23 330 60 81 0.0448934 
954 248 6 11 0.04488901 
707 414 8 15 0.04488681 
244 104 11 17 0.04487993 
812 669 5 12 0.044826705 
437 534 11 25 0.044819828 
451 43 7 12 0.044817235 
-41 394 308 237 0.04477461 
210 414 6 9 0.044767015 
474 467 9 14 0.04474637 
925 683 8 10 0.044725377 
708 431 10 19 0.044720087 
262 210 5 9 0.044686206 
93 145 9 17 0.04467457 
235 462 7 17 0.044664778 
155 109 118 102 0.044652645 
339 22 5 7 0.0446463 
437 107 9 14 0.044643614 
895 321 9 13 0.04463164 
262 500 9 18 0.04462472 
95 53 7 12 0.044610295 
-11 243 203 179 0.044580158 
800 487 9 19 0.044579517 
172 432 5 8 0.04455745 
58 55 6 10 0.044545952 
346 457 12 22 0.044541385 
746 475 7 14 0.04453414 
1004 606 5 11 0.04451716 
810 450 7 15 0.044514205 
414 28 7 13 0.04451378 
1004 248 5 10 0.04451244 
298 218 7 14 0.0445061 
942 592 5 11 0.04448787 
744 498 8 17 0.044487003 
197 -5 5 11 0.04446597 
723 553 5 14 0.04445184 
321 139 11 19 0.044450834 
491 502 7 14 0.044412043 
189 91 11 18 0.044405982 
446 532 12 27 0.044375286 
376 229 9 20 0.04436409 
1013 411 10 18 0.044300124 
782 433 10 22 0.044293128 
772 465 7 16 0.04428862 
209 403 6 9 0.04426069 
938 384 7 19 0.044226527 
798 543 7 14 0.044223584 
708 601 9 15 0.044214223 
320 513 9 18 0.044206023 
901 659 5 10 0.044200964 
731 628 8 15 0.044196617 
965 647 5 10 0.044183534 
550 367 101 105 0.04417829 
286 8 6 10 0.044144172 
679 384 11 17 0.04413548 
147 430 5 9 0.044082403 
621 606 5 12 0.044027552 
84 680 8 15 0.04401806 
411 219 12 19 0.04399095 
721 629 7 14 0.04395497 
280 333 12 18 0.043945327 
1013 579 9 14 0.04394232 
492 89 10 17 0.0439335 
991 274 6 10 0.043912694 
859 384 9 17 0.04390645 
39 75 9 18 0.043895934 
269 498 11 20 0.043857973 
993 366 4 9 0.043846473 
292 332 13 19 0.043809097 
797 394 12 21 0.043804675 
603 379 12 25 0.04378266 
730 363 13 15 0.04375113 
462 422 9 16 0.04371097 
295 139 10 17 0.043691747 
924 695 10 14 0.043671284 
823 658 8 15 0.04367124 
273 319 10 14 0.04366503 
936 535 7 21 0.043639805 
320 245 8 18 0.043631144 
121 394 5 9 0.043629758 
185 -7 5 13 0.043619804 
601 90 11 17 0.043606605 
563 438 14 19 0.043591615 
108 -8 6 15 0.043569393 
850 566 6 14 0.04351014 
462 509 9 20 0.043504015 
676 370 15 20 0.043481987 
284 128 9 16 0.043481342 
645 539 6 16 0.043422967 
633 592 7 13 0.043422807 
458 148 265 299 0.043409303 
1015 656 7 13 0.043373365 
800 598 5 10 0.043352287 
104 170 10 15 0.043318428 
979 323 6 11 0.0433042 
311 157 10 16 0.04329612 
885 382 10 25 0.043291874 
1004 577 6 13 0.043214783 
645 593 6 12 0.043169733 
478 191 10 18 0.04311941 
133 681 7 11 0.043116927 
772 552 7 15 0.043075547 
32 56 6 9 0.043059964 
965 669 7 13 0.043037865 
30 20 6 9 0.042960573 
556 82 6 10 0.042960305 
450 330 12 21 0.042935286 
528 149 7 11 0.042933706 
452 489 8 12 0.04289643 
948 373 9 19 0.042889215 
912 528 8 18 0.042886816 
870 380 11 22 0.042875018 
567 279 8 26 0.042811736 
475 593 8 13 0.04272861 
631 605 7 12 0.04271361 
708 618 7 13 0.04270539 
324 492 6 11 0.04267655 
222 22 5 9 0.04262601 
992 389 6 14 0.042607095 
989 249 7 10 0.042577088 
984 704 11 16 0.042516224 
784 579 7 13 0.042512834 
351 7 6 10 0.042500243 
62 346 12 17 0.042476915 
924 380 9 24 0.042472262 
939 657 6 11 0.04246679 
163 253 13 19 0.042423077 
421 510 10 19 0.042420406 
903 276 5 10 0.042391215 
285 139 9 17 0.042370748 
85 661 5 9 0.042335086 
833 432 10 23 0.04231811 
237 441 6 10 0.042316996 
548 174 14 24 0.042311747 
421 407 12 23 0.042303685 
659 186 16 25 0.0422897 
810 542 7 15 0.04227586 
18 56 5 10 0.042243604 
363 425 8 12 0.0422215 
478 423 6 15 0.042199843 
672 632 6 12 0.042175267 
284 168 10 15 0.042135924 
488 100 12 18 0.04211723 
387 276 8 12 0.042083 
717 313 11 30 0.042072736 
889 320 9 13 0.04203668 
487 181 10 17 0.04201489 
644 622 6 11 0.041965105 
270 170 9 14 0.041958403 
232 288 8 11 0.04191779 
463 604 10 17 0.04189797 
235 33 6 8 0.041869666 
797 682 7 13 0.0418641 
349 501 9 14 0.041849453 
219 325 12 15 0.041848607 
66 90 8 15 0.041844167 
490 393 8 20 0.041837122 
107 681 7 13 0.041831437 
182 43 6 11 0.041814897 
681 67 9 14 0.041773174 
961 605 7 13 0.04176779 
6 31 5 10 0.041765425 
749 582 6 11 0.041758195 
991 401 6 11 0.041752066 
746 565 6 13 0.041733872 
598 101 17 27 0.041702624 
353 359 14 18 0.041678093 
666 299 11 30 0.041675434 
437 520 12 25 0.04167192 
321 199 101 104 0.041634608 
928 298 6 10 0.041618012 
1002 683 8 15 0.0416019 
105 193 11 16 0.04159745 
29 78 9 17 0.04159152 
1005 323 6 11 0.041587926 
208 64 8 12 0.041567903 
296 19 7 10 0.041534223 
651 460 15 21 0.04153294 
950 331 8 16 0.041518956 
977 300 6 10 0.04149727 
321 255 10 17 0.041486934 
633 71 5 9 0.041449018 
889 632 5 12 0.041444745 
990 321 7 14 0.04143861 
391 612 4 7 0.041426208 
514 266 9 24 0.04140867 
889 583 6 10 0.04138975 
965 538 6 16 0.041381806 
845 375 11 18 0.04137547 
465 57 6 11 0.04135528 
542 515 6 14 0.04135347 
659 583 6 10 0.0413453 
681 592 7 12 0.041344784 
619 70 6 10 0.041329287 
709 631 6 12 0.041324362 
453 107 8 12 0.041311197 
811 642 7 14 0.041276 
350 85 7 10 0.04121373 
241 550 10 20 0.0412135 
810 461 7 16 0.041197278 
860 319 10 15 0.041194353 
953 399 7 16 0.041188516 
512 116 11 16 0.04112631 
434 422 11 18 0.041116636 
29 7 6 10 0.041107446 
224 83 7 12 0.041106377 
83 157 7 12 0.041106116 
226 163 16 28 0.041102238 
709 525 7 20 0.04106391 
903 264 5 10 0.041060723 
990 593 7 13 0.040991794 
690 259 13 33 0.040962145 
424 389 10 27 0.04095376 
310 168 11 19 0.040935285 
129 183 11 12 0.04091868 
413 269 8 17 0.040861055 
668 671 6 11 0.04084531 
400 118 9 14 0.040842798 
288 411 8 12 0.04082562 
936 526 7 18 0.040796343 
144 207 14 17 0.040794004 
1000 527 8 17 0.04078589 
293 347 13 18 0.0407758 
680 579 9 13 0.04077376 
671 619 7 13 0.040755138 
681 617 8 15 0.040722318 
860 554 6 14 0.040710863 
1002 413 7 13 0.040675357 
490 511 8 16 0.040668167 
913 313 7 11 0.04066705 
320 225 10 22 0.040659007 
682 488 9 15 0.04061777 
681 56 7 12 0.040606298 
540 501 7 16 0.040604897 
257 347 11 16 0.040603105 
719 460 9 17 0.040580988 
425 79 8 13 0.040578075 
625 89 12 18 0.0405731 
414 129 10 17 0.04056308 
280 365 15 25 0.04056252 
692 314 11 29 0.040478557 
386 227 10 20 0.04047463 
941 263 5 9 0.040473353 
497 392 11 23 0.040461183 
221 309 11 14 0.040423866 
569 159 7 12 0.040417224 
1014 372 10 19 0.04036401 
606 71 6 8 0.04034826 
935 702 10 14 0.040334977 
463 500 9 16 0.04032911 
178 455 11 28 0.04031642 
772 682 6 18 0.040307127 
127 193 13 15 0.0402921 
794 290 10 27 0.040277295 
670 556 8 15 0.040272046 
285 254 9 16 0.040260416 
752 99 13 22 0.04023371 
185 54 8 12 0.040232323 
771 567 7 13 0.04020283 
315 346 45 48 0.04018734 
294 243 11 20 0.04018407 
873 276 8 11 0.040177282 
195 128 12 18 0.04017422 
500 312 8 15 0.04014403 
749 628 7 15 0.040117756 
102 86 11 19 0.040110808 
890 1 5 20 0.040104 
784 144 9 33 0.04008927 
787 657 5 13 0.04007793 
284 157 9 15 0.040075593 
237 211 6 8 0.040065248 
260 221 6 11 0.040048644 
938 297 6 11 0.040039413 
766 124 11 28 0.040031653 
249 184 7 12 0.039997067 
232 561 10 17 0.03999355 
752 81 12 14 0.03998678 
416 141 10 17 0.03995669 
114 420 9 19 0.0399416 
296 184 9 14 0.03991893 
515 253 9 23 0.03989161 
197 552 8 11 0.039886534 
1002 516 6 14 0.039838675 
831 499 10 24 0.03982669 
464 303 8 12 0.03982005 
195 63 8 13 0.039818194 
745 366 10 13 0.039816912 
257 232 9 15 0.03981579 
266 151 12 20 0.03980932 
67 65 7 13 0.039784107 
195 449 7 14 0.039761472 
978 224 5 9 0.039737344 
922 319 9 16 0.039728187 
644 68 7 13 0.03972587 
770 429 11 25 0.039703812 
237 530 6 12 0.03967225 
147 438 5 11 0.039635826 
478 630 8 12 0.0396318 
319 357 21 22 0.03961503 
738 567 5 12 0.039610226 
574 436 13 20 0.03960625 
527 381 11 19 0.039600845 
25 398 11 14 0.039562408 
887 315 8 10 0.039506808 
513 90 11 15 0.03949517 
824 541 6 16 0.03949178 
421 231 11 19 0.039483905 
642 473 11 16 0.039480586 
527 278 9 24 0.03947174 
798 564 7 15 0.039468743 
426 54 7 12 0.039417848 
264 310 121 113 0.039360385 
775 671 5 12 0.03933643 
710 554 6 15 0.039325908 
298 500 8 15 0.039314926 
678 392 11 20 0.039314274 
454 69 6 12 0.039311733 
312 255 9 16 0.03930622 
903 302 6 9 0.039287567 
680 555 8 16 0.039274663 
812 683 7 13 0.039274164 
962 714 9 17 0.03926814 
938 311 6 13 0.039254833 
965 685 7 10 0.039235108 
360 331 11 17 0.039182384 
824 568 6 12 0.03917165 
83 147 7 13 0.039159656 
210 533 7 12 0.03912023 
775 641 5 13 0.039118495 
719 412 8 17 0.03910713 
212 450 6 12 0.039106328 
953 276 5 9 0.03910441 
117 78 9 12 0.039089702 
33 45 5 8 0.03908166 
729 263 12 33 0.039068185 
813 580 6 13 0.039060857 
345 330 14 18 0.039042585 
782 125 11 27 0.03903534 
177 113 13 19 0.039033536 
979 288 5 9 0.03903301 
270 397 8 14 0.03901659 
990 414 7 12 0.03899211 
681 632 6 12 0.03898482 
852 695 7 12 0.038975716 
476 580 8 13 0.03895924 
152 213 19 26 0.03892495 
542 525 7 15 0.03892494 
245 368 15 27 0.0389004 
414 17 6 11 0.03889152 
694 617 9 15 0.03887612 
451 435 10 18 0.03886978 
272 287 8 13 0.0388473 
330 136 13 24 0.03880841 
92 18 6 12 0.038804613 
441 82 7 12 0.03879837 
914 288 6 10 0.038780753 
440 93 7 12 0.038760886 
691 462 11 18 0.0387533 
101 214 14 21 0.038725846 
564 192 11 19 0.038709804 
411 155 9 16 0.038681902 
913 300 6 10 0.038672548 
422 450 10 15 0.03866535 
144 284 10 15 0.038637403 
642 464 11 16 0.038631182 
432 162 12 22 0.038573638 
646 530 5 13 0.038568597 
238 20 5 9 0.038563892 
286 593 6 11 0.038560368 
144 448 8 16 0.03856032 
850 304 6 9 0.038510296 
925 546 8 20 0.038509022 
383 446 13 22 0.03849198 
848 320 9 14 0.03849104 
788 696 6 13 0.038478177 
348 428 7 10 0.038473327 
491 200 10 22 0.038471546 
619 582 6 12 0.03846664 
989 608 6 11 0.03843874 
979 363 7 12 0.03842623 
377 620 5 8 0.038415592 
586 98 16 24 0.038401905 
578 278 9 28 0.03838579 
1016 236 7 13 0.038352013 
703 263 11 31 0.038342487 
147 416 5 9 0.038340747 
645 581 5 10 0.038330983 
101 152 11 19 0.03831702 
224 413 6 11 0.038296256 
351 613 5 6 0.038282525 
962 372 8 20 0.038278215 
760 465 8 16 0.038275417 
845 419 10 22 0.038197886 
708 460 9 16 0.03816218 
913 674 5 9 0.03816133 
17 66 6 12 0.038142633 
244 170 10 16 0.038128935 
821 484 9 19 0.038107302 
953 646 6 11 0.03809672 
30 328 9 10 0.038094375 
548 126 13 21 0.038071565 
18 422 9 19 0.038070492 
338 622 6 7 0.03806569 
172 556 7 11 0.038046245 
217 133 16 27 0.038008977 
285 460 7 14 0.038004935 
517 44 6 11 0.03800008 
502 196 8 15 0.03798742 
79 98 11 26 0.03796165 
357 499 11 17 0.037937563 
655 68 7 13 0.037931368 
821 350 10 13 0.037915405 
734 70 9 12 0.037893835 
782 366 11 13 0.037882518 
107 673 5 11 0.037881114 
4 67 6 14 0.03786551 
272 474 6 17 0.037862394 
33 34 4 7 0.037861653 
324 399 9 12 0.037845608 
284 581 6 11 0.037834235 
990 579 6 12 0.03780231 
95 68 6 11 0.037798267 
914 319 9 15 0.037775625 
897 714 8 24 0.037757743 
926 311 7 13 0.037731152 
873 566 7 14 0.037706364 
1004 350 6 11 0.037699625 
861 565 7 15 0.037669383 
199 543 7 13 0.03765241 
746 464 8 16 0.0376465 
243 265 13 19 0.03763486 
660 684 6 11 0.03760087 
809 512 8 17 0.037598103 
108 358 8 14 0.037589137 
453 55 6 11 0.03758534 
513 229 11 20 0.03747762 
659 455 20 27 0.03746962 
25 89 11 17 0.037425168 
307 410 10 13 0.03742275 
464 579 8 14 0.037422426 
248 430 6 10 0.037393734 
351 414 7 10 0.037386287 
717 263 12 32 0.037369005 
587 400 13 32 0.037360135 
52 155 10 15 0.03735183 
709 451 8 15 0.03733965 
106 82 8 11 0.03732665 
128 356 13 18 0.037321128 
258 285 9 13 0.037313495 
-16 163 167 169 0.03731161 
551 441 10 16 0.037298847 
282 228 10 21 0.03729748 
504 218 7 18 0.03729428 
989 695 8 12 0.037275128 
146 -7 6 14 0.037245005 
424 282 9 17 0.037219625 
1016 245 7 14 0.037207507 
415 610 5 9 0.037185255 
515 643 11 14 0.037161574 
93 408 12 21 0.03715292 
664 420 10 22 0.03714693 
966 527 6 15 0.037124366 
577 372 11 17 0.03711767 
731 593 7 12 0.037114836 
527 105 10 14 0.037098218 
571 569 5 11 0.03709035 
161 170 109 110 0.037077434 
951 708 8 11 0.037068117 
837 683 5 11 0.037053727 
512 322 10 17 0.037043497 
785 641 7 14 0.037042733 
323 274 12 17 0.03703276 
742 432 12 26 0.03697474 
679 313 11 29 0.036909822 
729 312 12 31 0.036899626 
437 300 8 13 0.03686802 
328 163 15 26 0.036829703 
672 644 6 11 0.03680986 
877 541 5 15 0.036804717 
627 324 11 16 0.03680348 
205 286 11 15 0.03676686 
194 258 12 19 0.036757242 
992 287 6 10 0.036753714 
29 338 10 12 0.036717787 
476 620 8 12 0.036715634 
333 216 10 19 0.036696967 
808 476 8 16 0.036690857 
555 596 5 10 0.036687728 
513 690 9 20 0.03663329 
50 143 10 15 0.03661473 
755 117 13 36 0.03657829 
502 230 9 17 0.03656615 
232 474 9 20 0.036566116 
330 332 15 19 0.036564905 
485 163 12 18 0.036544923 
889 275 6 10 0.03653406 
619 327 8 13 0.03651114 
851 287 7 10 0.036506042 
16 398 12 15 0.036494855 
255 268 12 19 0.03647303 
1017 262 6 12 0.036453653 
107 402 7 12 0.03644985 
94 32 6 10 0.036448725 
964 323 6 11 0.036424898 
755 69 10 12 0.036419593 
358 349 11 15 0.03639783 
158 449 7 14 0.036389604 
576 643 12 15 0.036376048 
912 713 9 25 0.036375728 
825 308 7 14 0.03637133 
154 253 14 18 0.0363507 
336 459 9 18 0.03634524 
734 79 13 15 0.0363415 
514 240 10 21 0.036329743 
743 102 12 19 0.03632921 
640 210 11 14 0.03632026 
581 56 5 10 0.036305133 
425 107 9 14 0.03628871 
697 631 6 11 0.03627121 
851 581 6 12 0.036249347 
217 561 11 16 0.03623898 
807 350 10 13 0.03623848 
62 337 12 14 0.0362128 
178 184 9 13 0.036200784 
437 332 12 20 0.03620011 
475 397 9 20 0.036184717 
410 333 12 21 0.03618263 
823 595 6 10 0.03617554 
824 526 7 17 0.036170732 
936 373 9 19 0.03611238 
109 392 5 9 0.036108237 
741 313 13 30 0.036102954 
911 371 10 24 0.036102094 
745 511 7 16 0.036090918 
87 96 14 31 0.036074452 
988 678 9 18 0.03607134 
614 378 15 27 0.036036827 
461 521 10 24 0.03600204 
514 279 9 22 0.035953518 
610 589 6 14 0.035936095 
463 615 9 14 0.03593331 
964 421 8 22 0.035893828 
631 683 8 12 0.035893176 
195 119 9 14 0.035889603 
501 501 7 14 0.035879605 
502 526 7 16 0.035868593 
990 300 7 11 0.035839807 
575 112 13 22 0.0357865 
82 -9 6 16 0.035760526 
340 612 4 7 0.035753332 
796 366 9 11 0.03575272 
213 265 15 21 0.035745025 
579 383 11 23 0.035742022 
760 593 6 12 0.035729792 
195 349 11 14 0.035721727 
487 131 11 16 0.035714384 
567 644 10 14 0.035689387 
645 685 5 10 0.035670135 
424 349 10 17 0.035661392 
837 320 8 15 0.035661332 
416 620 5 9 0.035656475 
219 473 10 24 0.035641443 
37 166 12 18 0.035614703 
527 394 11 22 0.035600133 
230 576 11 18 0.035592634 
901 0 6 20 0.03557751 
275 218 6 12 0.035562236 
525 239 10 24 0.03555576 
876 582 5 11 0.03554622 
211 -6 5 12 0.035532705 
436 433 10 18 0.035492294 
747 593 6 10 0.03549051 
1016 273 6 12 0.035474833 
680 497 10 17 0.035471607 
312 469 9 23 0.03546675 
476 181 10 16 0.03543389 
555 644 7 12 0.035430737 
646 603 6 12 0.035416447 
1005 338 6 12 0.03539894 
180 566 9 15 0.035392053 
26 148 15 22 0.0353807 
952 584 5 11 0.035377454 
733 705 6 16 0.03537645 
581 568 5 11 0.035357714 
452 28 6 13 0.035353303 
319 333 14 18 0.03532116 
900 313 7 10 0.03530342 
130 338 9 14 0.035298187 
296 229 9 17 0.0352966 
852 553 6 15 0.03528621 
566 653 10 16 0.035269577 
942 606 5 11 0.03524672 
15 106 8 15 0.03522627 
301 610 4 9 0.035216335 
117 684 8 12 0.035207603 
888 527 6 16 0.035203047 
569 444 19 27 0.03520193 
925 515 7 15 0.035179827 
965 388 7 16 0.03517558 
540 292 10 23 0.0351677 
143 195 12 14 0.035166044 
25 419 12 20 0.03514901 
244 472 9 22 0.035144474 
274 347 10 16 0.035141654 
477 435 8 17 0.035121582 
296 267 9 19 0.035108052 
113 690 14 22 0.03509607 
211 4 5 11 0.03507889 
644 391 12 23 0.035077404 
913 567 7 14 0.035058822 
692 506 11 23 0.035040975 
655 80 8 13 0.035002913 
411 346 10 17 0.034982655 
249 7 5 9 0.034977067 
591 266 10 30 0.034958236 
593 361 9 14 0.034947388 
966 274 6 10 0.034932718 
16 338 9 13 0.03491612 
77 408 11 22 0.034914654 
501 167 10 15 0.034893144 
323 626 9 16 0.034875438 
646 669 6 11 0.034858212 
852 528 5 14 0.03483941 
784 542 7 15 0.0348015 
646 695 5 12 0.034800522 
183 70 7 10 0.03478441 
562 200 10 20 0.034769513 
194 460 8 21 0.034748457 
720 477 8 14 0.034730483 
80 65 7 13 0.03470802 
888 287 7 10 0.03469933 
487 241 11 19 0.034692913 
555 656 8 13 0.034687784 
169 567 11 15 0.03468554 
225 363 19 27 0.03465642 
875 263 6 11 0.034655653 
246 288 8 12 0.034636296 
40 338 10 11 0.034609087 
923 713 11 26 0.03459616 
691 394 12 20 0.034588415 
374 275 9 14 0.034584433 
159 417 5 9 0.034575704 
707 506 8 23 0.0345557 
55 -9 8 14 0.034554362 
473 162 13 21 0.034507617 
839 568 6 12 0.03445709 
792 315 11 25 0.034455746 
360 387 11 16 0.034447506 
298 6 6 10 0.034440488 
378 612 4 7 0.034431864 
877 0 6 21 0.034428954 
474 406 8 20 0.034412332 
1016 514 9 17 0.03439548 
235 412 7 11 0.034375887 
409 461 11 17 0.034364905 
653 280 11 27 0.034360997 
421 219 11 19 0.03435587 
401 502 11 16 0.03435513 
813 691 9 16 0.03435263 
603 204 10 17 0.034351 
443 491 6 12 0.034326725 
491 450 8 15 0.034300227 
822 321 8 16 0.03429317 
608 580 7 14 0.03428717 
224 402 6 10 0.034276266 
705 396 10 20 0.034265283 
422 332 10 19 0.034245662 
835 375 11 16 0.034230407 
564 225 10 27 0.034226373 
401 630 7 12 0.034214754 
730 330 13 25 0.034204226 
571 557 4 12 0.03419433 
490 525 8 17 0.0341696 
528 115 12 17 0.03415882 
608 609 5 10 0.034157507 
939 277 5 9 0.034147136 
141 182 11 12 0.034139477 
1006 301 5 9 0.03413779 
501 512 7 16 0.034114905 
681 603 8 14 0.03409976 
566 180 10 17 0.034078334 
596 569 5 11 0.034056365 
581 558 5 10 0.03397222 
81 92 8 15 0.033970233 
500 114 12 17 0.0339702 
862 264 6 10 0.03392188 
93 90 9 17 0.033893276 
453 304 7 10 0.033877887 
811 434 8 17 0.03386506 
772 539 8 17 0.03385674 
502 179 9 16 0.033847746 
161 33 201 138 0.03384447 
513 216 10 19 0.033828925 
1016 286 7 13 0.0338159 
889 11 6 21 0.03381503 
159 401 6 10 0.033810817 
719 368 15 24 0.033809032 
1000 536 8 20 0.033800516 
56 90 9 16 0.033775833 
975 334 8 13 0.033743348 
852 540 5 16 0.03374144 
887 301 7 9 0.033739958 
346 257 9 16 0.03372964 
16 120 9 14 0.03371252 
334 246 9 18 0.033699322 
258 170 8 14 0.033639032 
923 406 8 25 0.03360601 
722 512 7 19 0.033583947 
26 121 11 15 0.033566248 
350 494 7 10 0.033563085 
623 442 16 28 0.03351771 
518 477 8 13 0.03350287 
400 428 8 14 0.03349851 
1003 553 8 16 0.03349242 
1004 225 5 9 0.03349021 
423 504 8 13 0.033475854 
222 533 6 10 0.03340474 
133 -7 6 14 0.033395972 
411 448 10 17 0.03338368 
402 243 10 17 0.03337988 
516 655 10 13 0.033368077 
731 348 11 15 0.033360112 
298 242 92 92 0.03335993 
70 8 5 11 0.03334463 
296 158 10 16 0.033342257 
938 422 7 23 0.033290587 
196 295 10 14 0.033272285 
299 491 8 16 0.033262808 
822 456 9 21 0.033261865 
936 395 9 24 0.033255875 
511 130 13 16 0.033209324 
164 269 14 21 0.03320504 
939 622 5 10 0.03318038 
475 380 10 20 0.03316865 
696 553 7 15 0.033157494 
755 365 14 15 0.033154555 
742 262 12 33 0.033152066 
184 556 6 10 0.033134203 
194 244 11 16 0.033103902 
528 664 9 15 0.033099007 
312 228 8 18 0.03309898 
173 -7 5 13 0.033086993 
463 237 8 13 0.03308578 
476 509 8 18 0.033065047 
273 335 9 15 0.033029962 
657 420 10 21 0.033025075 
41 205 29 22 0.03302251 
899 371 9 23 0.033003718 
861 542 5 15 0.032993563 
110 18 7 13 0.03298799 
644 79 7 12 0.032966882 
513 394 10 20 0.032966033 
537 237 11 27 0.032964587 
437 461 8 15 0.03296276 
562 380 13 22 0.03296193 
561 123 13 22 0.032953534 
809 526 8 18 0.032931827 
338 6 7 10 0.032911014 
858 394 10 24 0.03289179 
523 345 12 21 0.03286832 
330 201 12 21 0.032868087 
885 542 6 14 0.032867033 
695 439 8 12 0.032857016 
260 475 6 18 0.03285585 
325 597 5 9 0.03285442 
339 494 6 10 0.032853156 
500 240 10 20 0.03283411 
696 593 8 12 0.03282079 
761 474 7 15 0.032817878 
476 643 8 14 0.032807864 
553 668 8 15 0.03280008 
350 622 6 7 0.03279147 
567 428 9 15 0.032730058 
492 32 6 11 0.032724287 
1015 670 8 15 0.032716364 
767 310 13 32 0.032713566 
424 488 8 14 0.032703694 
174 358 19 21 0.032687057 
32 68 6 11 0.032662217 
619 228 9 18 0.032659277 
96 82 6 11 0.032651976 
99 225 15 23 0.03261892 
391 373 9 15 0.032604393 
723 497 7 15 0.032598257 
952 715 8 16 0.03258518 
741 331 13 24 0.032578237 
512 166 12 16 0.032572694 
96 401 7 14 0.032568987 
25 105 10 16 0.03255855 
288 405 7 11 0.032546006 
1010 552 11 18 0.032525282 
599 401 14 32 0.03251112 
335 629 9 12 0.032493893 
514 203 11 20 0.032484256 
259 704 7 17 0.032479722 
1002 448 7 19 0.032451343 
825 -179 222 184 0.03242282 
490 629 7 12 0.032416467 
425 31 6 11 0.03241603 
153 282 12 17 0.032415185 
862 524 6 16 0.03240713 
27 197 51 42 0.032386877 
490 462 8 16 0.032382376 
477 33 7 11 0.032381814 
313 6 5 10 0.03235652 
836 696 6 11 0.032354154 
490 233 9 14 0.032350097 
356 458 13 22 0.032348167 
355 370 13 18 0.032342836 
450 447 10 19 0.032339677 
489 621 8 13 0.03232777 
176 291 14 20 0.032290272 
694 601 9 15 0.03228497 
505 581 10 14 0.032280497 
236 430 6 9 0.03226038 
69 684 6 9 0.03225943 
308 140 11 17 0.032256406 
559 42 5 12 0.03225412 
782 277 9 29 0.032248035 
862 516 6 16 0.032213204 
810 293 8 21 0.032195542 
404 259 8 13 0.032194503 
810 305 9 21 0.0321913 
525 227 13 25 0.032175597 
21 8 5 11 0.03214451 
111 214 14 22 0.03214388 
460 447 9 18 0.032112032 
436 267 9 17 0.03210969 
620 58 5 10 0.032106277 
953 538 6 17 0.03208945 
320 521 9 22 0.032084875 
776 657 5 12 0.03205398 
93 660 5 10 0.032041907 
656 364 10 15 0.032016512 
990 238 6 8 0.031996142 
656 224 10 11 0.03199524 
743 347 12 16 0.031985287 
247 412 7 11 0.031978555 
441 43 6 12 0.031962384 
91 186 12 22 0.031944167 
554 191 11 20 0.03192409 
978 504 6 13 0.031914167 
938 321 7 14 0.03189446 
439 478 7 11 0.03188191 
788 683 5 14 0.03187423 
557 568 5 12 0.031842865 
628 229 12 17 0.03184251 
953 657 6 10 0.031841487 
677 261 13 31 0.031816304 
808 334 9 18 0.031814262 
109 70 6 10 0.031805247 
859 373 12 20 0.03180219 
489 420 8 20 0.031790085 
199 486 7 20 0.03178571 
89 698 9 21 0.031781014 
526 361 11 19 0.03177164 
180 267 11 17 0.031770993 
821 335 9 16 0.031768735 
577 237 10 28 0.03173768 
145 79 8 11 0.031703074 
346 272 9 15 0.031685747 
446 366 14 24 0.031671107 
754 312 13 30 0.031668715 
1000 669 6 14 0.031664163 
185 417 5 8 0.031662304 
514 310 9 17 0.03165026 
546 390 16 28 0.031642742 
216 349 38 63 0.03162789 
859 -117 186 353 0.03161655 
539 337 10 16 0.031613696 
185 31 5 10 0.03160471 
206 307 11 15 0.03158364 
762 707 5 12 0.03156152 
839 304 5 9 0.031555552 
514 295 9 18 0.03153042 
282 287 9 15 0.031527687 
554 518 6 11 0.0315216 
455 480 7 12 0.03150123 
132 693 11 17 0.03149778 
311 669 7 15 0.031486567 
476 301 8 14 0.03148456 
95 -8 6 15 0.03148336 
118 588 7 20 0.031481758 
207 355 12 17 0.03146942 
171 185 8 11 0.031459823 
773 594 6 11 0.03142527 
38 120 11 16 0.03139455 
967 553 5 15 0.03137512 
70 -8 6 14 0.031363185 
877 554 5 13 0.03133817 
795 332 10 20 0.031301085 
696 541 7 17 0.031286072 
275 593 6 11 0.031283405 
810 283 7 17 0.031260006 
798 580 7 12 0.031244937 
608 338 8 14 0.031244334 
571 581 5 11 0.031204706 
464 405 10 23 0.031193774 
119 656 6 13 0.0311923 
428 648 5 10 0.031175803 
262 23 7 8 0.031169321 
41 328 8 9 0.031156717 
528 294 8 20 0.031135088 
415 569 6 12 0.031114947 
774 708 4 11 0.031112999 
797 524 8 17 0.031096732 
504 601 11 15 0.03106195 
924 393 10 28 0.031051045 
211 516 5 12 0.031045517 
830 460 10 20 0.031033993 
617 435 12 22 0.031007752 
698 581 7 10 0.030997906 
294 168 11 17 0.030990247 
16 130 12 18 0.03095296 
978 551 7 17 0.03095188 
796 435 8 17 0.03092086 
373 566 10 12 0.030918255 
159 -7 5 14 0.030898342 
809 318 9 20 0.030896042 
690 77 10 18 0.030889317 
464 140 11 17 0.030855577 
256 332 11 17 0.030824156 
782 331 10 21 0.03080494 
646 56 6 11 0.03079263 
284 564 8 13 0.030779 
666 261 12 31 0.030771801 
243 539 8 15 0.03076956 
450 422 10 17 0.030765602 
557 557 4 12 0.030755432 
599 179 14 19 0.030750468 
671 57 6 10 0.030748103 
455 246 9 14 0.03074598 
485 113 12 21 0.030736187 
782 350 10 14 0.030733684 
872 318 10 16 0.030724498 
423 176 11 21 0.030694742 
552 336 10 17 0.030681388 
720 489 8 17 0.030645685 
772 445 8 19 0.03064179 
500 405 10 22 0.030616011 
783 473 8 18 0.030609854 
202 133 16 26 0.03058388 
756 430 11 24 0.030583296 
825 300 6 13 0.030576607 
66 102 9 18 0.030573986 
837 526 6 16 0.030557789 
799 475 7 15 0.03055262 
694 452 7 13 0.030544879 
912 409 8 24 0.030526288 
581 530 5 11 0.030515468 
987 549 9 19 0.030496173 
274 580 7 12 0.030478165 
69 411 11 18 0.030459102 
248 398 7 13 0.030450853 
659 470 19 25 0.030440705 
401 273 7 13 0.030437035 
759 543 6 13 0.03042913 
298 617 7 11 0.03042614 
501 132 11 15 0.03039398 
620 222 7 12 0.030392546 
552 252 8 29 0.030376805 
846 363 10 14 0.030370694 
634 474 8 14 0.030351918 
299 669 9 17 0.030348007 
570 597 5 9 0.030314634 
426 578 10 14 0.030302897 
274 412 7 12 0.030295327 
80 402 9 15 0.030285005 
298 286 8 14 0.030283084 
347 630 9 12 0.030262703 
374 241 9 19 0.0302513 
746 528 7 14 0.030238181 
186 399 6 11 0.030238 
400 509 14 21 0.030227913 
540 423 9 21 0.030223308 
781 116 11 21 0.030213129 
478 235 8 13 0.030211918 
692 70 7 12 0.030208927 
697 426 8 13 0.030203816 
697 642 5 11 0.030188454 
409 204 11 20 0.03017454 
193 79 8 14 0.030152934 
313 597 5 9 0.030134117 
324 431 7 9 0.030133918 
403 596 6 10 0.03011837 
732 408 10 21 0.030113056 
999 461 9 22 0.03010901 
412 473 8 15 0.030093407 
527 308 9 18 0.03008812 
425 93 8 13 0.030071497 
567 43 6 12 0.030067127 
338 429 7 10 0.030052194 
788 704 6 13 0.030036492 
94 389 7 12 0.030033708 
111 226 15 22 0.030031182 
400 469 10 17 0.030029412 
190 357 14 18 0.030020509 
501 254 9 21 0.030017244 
861 580 6 12 0.030017132 
579 160 8 13 0.03000879 
991 436 6 13 0.029993525 
889 264 6 11 0.029982775 
466 467 8 13 0.029972585 
484 364 95 109 0.029942855 
502 619 10 13 0.029932689 
490 579 9 14 0.029923178 
674 228 17 20 0.029912323 
652 207 11 15 0.0298701 
315 286 8 14 0.029811183 
499 536 11 22 0.02980133 
663 228 18 20 0.029799772 
939 411 7 18 0.029780222 
503 34 6 10 0.029777143 
514 680 8 17 0.029774746 
834 349 9 13 0.029756647 
490 434 8 19 0.029729895 
550 424 10 19 0.029720576 
500 434 9 22 0.029706212 
594 556 6 11 0.02969947 
977 434 6 16 0.02969324 
208 326 10 14 0.029654425 
916 644 6 11 0.029648403 
126 203 14 21 0.029641077 
439 54 7 13 0.029636882 
588 418 11 23 0.029621758 
344 380 16 23 0.029611256 
427 633 6 11 0.029609555 
556 583 5 10 0.029595563 
88 218 13 17 0.029594172 
530 525 7 15 0.029571684 
424 523 10 20 0.029561568 
488 536 11 23 0.029552553 
182 259 10 15 0.029541079 
604 266 9 28 0.029516455 
134 395 5 9 0.029515043 
941 250 5 10 0.029506186 
538 152 38 60 0.029505886 
424 190 11 23 0.029470341 
17 139 12 20 0.02946694 
415 631 7 11 0.029466286 
578 253 9 28 0.029446304 
668 498 10 18 0.02943573 
955 239 4 9 0.029431881 
821 704 7 14 0.029424485 
503 630 10 12 0.029421415 
426 567 8 14 0.029414363 
567 516 7 12 0.029404413 
555 528 5 13 0.029379914 
24 347 15 19 0.029351365 
530 515 6 14 0.029347507 
534 134 123 88 0.029307498 
58 79 7 14 0.029303495 
168 91 10 14 0.029300403 
51 132 9 14 0.029297305 
580 517 6 12 0.029294858 
595 580 6 12 0.029291155 
300 461 7 15 0.029282046 
57 67 6 12 0.029280886 
524 194 15 23 0.029268678 
74 216 16 19 0.029258674 
1000 702 10 16 0.029249273 
105 418 12 23 0.029238982 
56 8 7 11 0.029228972 
634 543 5 12 0.029228367 
550 223 11 27 0.0292279 
810 657 7 14 0.029227512 
858 407 9 22 0.02918902 
938 330 9 21 0.029151883 
167 335 12 16 0.02913649 
195 389 7 12 0.02912181 
592 594 6 11 0.029105695 
498 447 9 18 0.02909433 
491 490 6 12 0.029090231 
502 298 8 15 0.029080542 
607 530 5 11 0.029065294 
682 440 7 13 0.029015565 
935 716 10 20 0.029005913 
690 360 13 20 0.029001866 
489 405 8 21 0.028988266 
207 473 11 26 0.028977888 
199 501 6 16 0.028949829 
69 157 8 12 0.02894727 
42 7 7 11 0.028945224 
424 205 10 20 0.028942833 
117 369 10 17 0.028923763 
526 164 11 18 0.028921627 
170 539 10 16 0.028920602 
463 592 10 15 0.028903835 
54 412 9 15 0.028902495 
902 527 6 16 0.028882273 
769 350 11 13 0.028865198 
476 524 8 19 0.028851686 
415 595 5 10 0.028837427 
361 492 8 13 0.02883383 
897 346 9 16 0.028828721 
233 489 8 16 0.028815104 
655 231 13 15 0.02879881 
859 712 10 29 0.028770972 
234 401 7 11 0.02875006 
678 408 9 18 0.028731372 
595 609 6 10 0.028708754 
733 394 12 25 0.028705755 
299 680 8 16 0.028697513 
838 705 5 12 0.028694794 
543 681 8 13 0.028680114 
396 202 12 22 0.028669847 
541 127 11 18 0.028668651 
886 404 11 31 0.02865992 
502 669 6 13 0.02862777 
607 219 8 17 0.028619815 
325 6 6 10 0.028616574 
632 670 6 11 0.028608829 
977 667 8 14 0.028553106 
773 695 6 13 0.02852549 
331 381 17 21 0.028522734 
438 450 8 15 0.028522095 
439 69 6 12 0.028519105 
851 264 5 11 0.028518543 
400 491 8 12 0.02851794 
543 596 6 10 0.028510382 
452 17 6 11 0.028467292 
501 420 9 22 0.028450422 
229 266 13 18 0.028443584 
682 473 12 20 0.028443543 
679 348 11 17 0.028433423 
6 20 5 10 0.028415075 
502 657 7 12 0.028373208 
761 512 7 15 0.02834768 
591 167 11 19 0.028298073 
682 643 6 11 0.028294258 
838 554 6 14 0.028280862 
889 568 6 13 0.0282776 
988 503 8 16 0.028252548 
450 579 10 15 0.028247751 
209 461 9 19 0.02824532 
680 331 10 21 0.02823224 
142 603 8 22 0.028217267 
360 151 14 24 0.028195772 
406 186 14 26 0.028190339 
638 335 12 19 0.028142352 
412 491 9 13 0.02813564 
833 362 10 14 0.02811807 
683 77 10 17 0.028112307 
377 346 9 14 0.02810272 
261 412 6 12 0.028098669 
-37 690 296 293 0.028081918 
237 5 6 11 0.02807985 
502 267 9 21 0.028063007 
434 562 13 20 0.028062684 
631 692 7 16 0.028042112 
415 580 6 11 0.028029747 
66 116 8 17 0.028012117 
643 232 10 13 0.027998801 
953 410 7 18 0.02799715 
502 282 9 18 0.02795445 
859 419 10 24 0.027943317 
452 607 9 12 0.027925951 
671 67 7 12 0.02791941 
525 475 10 16 0.027889939 
512 180 10 16 0.027868222 
639 319 11 20 0.027866606 
430 375 17 33 0.027862566 
375 558 8 13 0.0278625 
642 449 12 21 0.027849633 
564 213 9 21 0.027837183 
41 398 10 15 0.02783116 
552 306 10 21 0.027816512 
282 513 11 20 0.027769543 
478 14 7 11 0.027756311 
214 316 38 47 0.027738249 
540 307 9 19 0.02771835 
531 502 6 14 0.027705066 
929 250 4 11 0.027700942 
428 657 5 12 0.027669398 
797 350 9 14 0.027657673 
373 392 7 11 0.027653873 
734 88 13 16 0.027650675 
211 108 7 11 0.027649745 
656 56 7 11 0.027649423 
133 675 6 9 0.02764482 
966 501 6 14 0.027621774 
952 550 6 18 0.02759722 
180 323 10 15 0.027596945 
92 206 10 16 0.027570589 
990 463 9 19 0.027568672 
374 631 7 10 0.027561843 
463 654 10 17 0.027561491 
324 412 8 11 0.027558666 
698 671 6 11 0.027542625 
84 168 8 15 0.027508348 
453 256 10 17 0.027505036 
53 103 10 17 0.027446372 
244 564 8 16 0.027417865 
64 357 11 17 0.027401837 
327 363 24 26 0.027400061 
1015 489 8 16 0.027395202 
506 691 7 18 0.027388139 
38 89 10 17 0.027356487 
490 593 8 12 0.027345138 
387 568 7 11 0.027342355 
119 599 6 23 0.027339768 
721 72 9 10 0.02733925 
221 209 6 10 0.027333729 
286 430 7 9 0.02730731 
718 79 11 14 0.027304186 
210 389 6 12 0.02729322 
288 606 6 11 0.027284652 
528 406 10 22 0.027261628 
311 520 11 26 0.02726135 
180 243 11 16 0.02722857 
565 306 9 20 0.027228158 
460 533 10 24 0.027188448 
81 81 7 12 0.027186595 
373 491 9 14 0.027167972 
847 349 9 14 0.027166417 
531 438 10 21 0.027161382 
1001 209 6 14 0.027160216 
691 345 11 20 0.027150959 
812 706 7 12 0.027135585 
182 543 7 13 0.027134046 
570 541 5 14 0.027114047 
606 501 6 13 0.027111696 
131 79 9 12 0.027108565 
701 248 13 27 0.02710664 
666 223 12 13 0.02705425 
769 332 10 21 0.027049193 
644 486 9 16 0.02703461 
651 485 12 19 0.027029356 
448 563 11 18 0.027006017 
601 194 11 14 0.026984775 
697 414 7 14 0.026982335 
569 529 5 12 0.026980909 
581 542 5 13 0.026976876 
1013 446 10 23 0.026975788 
345 288 88 103 0.026947329 
899 568 7 13 0.026945176 
37 178 14 19 0.02691784 
452 461 8 15 0.026913615 
755 348 12 16 0.026899645 
53 168 10 16 0.026867846 
581 31 4 10 0.026842203 
991 450 6 14 0.02683369 
334 396 10 14 0.026817394 
310 271 9 15 0.026814489 
181 707 9 12 0.026813518 
965 224 5 9 0.026806725 
594 530 6 11 0.026802909 
916 658 6 11 0.02678715 
307 348 13 16 0.026786057 
70 673 6 9 0.026766138 
834 334 9 15 0.026733719 
526 336 9 16 0.026727699 
877 -12 5 17 0.026723709 
3 6 6 12 0.026716573 
308 336 11 15 0.026691165 
190 135 15 25 0.026648996 
281 380 14 23 0.02664587 
222 3 6 12 0.026644932 
158 392 230 217 0.026635034 
896 406 10 30 0.026635021 
563 336 12 17 0.026579034 
487 253 10 21 0.026569992 
434 191 10 21 0.026563464 
336 503 9 12 0.026559807 
435 406 11 22 0.026542703 
210 502 7 15 0.026538111 
639 279 13 28 0.026510973 
626 406 12 25 0.02647724 
17 80 7 13 0.026476491 
710 641 5 12 0.02647477 
606 518 6 11 0.026459776 
260 578 8 14 0.026445389 
1014 433 9 18 0.026429554 
86 225 17 23 0.026426358 
16 93 8 15 0.02641204 
1001 15 6 21 0.026409388 
463 376 12 24 0.026383474 
654 301 11 27 0.026375031 
210 80 7 12 0.026372325 
284 500 10 16 0.026355375 
601 652 13 16 0.026343115 
565 252 9 29 0.026328027 
446 151 13 23 0.02632197 
177 335 13 14 0.026321858 
273 431 6 9 0.026303694 
300 596 6 9 0.026275177 
589 199 12 20 0.026265904 
488 283 9 17 0.026234133 
346 226 11 22 0.026228487 
260 430 6 10 0.02619275 
67 327 8 12 0.026188176 
502 644 9 13 0.026176918 
217 364 16 24 0.026160046 
365 622 5 7 0.026132392 
27 164 15 21 0.026132273 
199 144 42 76 0.026126716 
578 404 12 25 0.02611704 
1000 500 9 17 0.02609336 
275 7 7 9 0.026064863 
173 418 5 8 0.026051503 
435 176 11 22 0.02602801 
593 517 6 12 0.026023272 
526 212 12 20 0.026020879 
347 247 8 16 0.026016148 
41 106 10 17 0.025990194 
488 475 8 14 0.02597756 
284 267 11 20 0.02595884 
437 281 9 17 0.025949124 
660 570 6 10 0.02594446 
337 414 8 11 0.025944375 
564 142 11 18 0.025939351 
707 478 7 13 0.025918288 
952 528 6 14 0.02591801 
207 561 10 18 0.025895111 
852 703 7 15 0.025888098 
16 120 39 49 0.02588164 
428 619 5 9 0.025871253 
21 689 21 25 0.025866767 
527 321 9 16 0.025840372 
681 424 8 16 0.025839042 
870 359 10 17 0.025836349 
226 177 197 181 0.025820132 
33 693 15 18 0.025819013 
895 331 10 17 0.025769154 
965 345 7 16 0.025733074 
269 270 12 18 0.025697336 
371 499 11 17 0.025670297 
989 223 6 10 0.025649535 
435 231 11 19 0.025640028 
989 14 6 20 0.02563251 
977 684 7 13 0.025628095 
46 192 22 24 0.025624353 
111 343 5 9 0.025612345 
272 256 9 17 0.025604328 
761 641 6 13 0.025600279 
505 682 6 15 0.025586748 
838 541 6 16 0.025586128 
426 18 6 10 0.025524562 
491 605 8 13 0.02552433 
491 646 7 12 0.025513036 
720 347 10 16 0.025502529 
301 581 6 10 0.025494747 
647 514 6 14 0.025487991 
20 356 20 26 0.02547728 
396 185 13 25 0.025467921 
0 98 114 94 0.025450064 
516 526 7 15 0.025444567 
260 488 9 20 0.025433986 
435 578 12 16 0.02542984 
117 172 9 13 0.025306463 
591 289 10 25 0.025295394 
488 267 9 20 0.025269201 
602 419 11 23 0.02524557 
370 512 12 21 0.025244197 
635 532 4 12 0.025237387 
754 331 12 23 0.025211118 
18 152 10 17 0.025180586 
577 214 9 20 0.025164291 
542 538 7 15 0.025153786 
199 517 5 13 0.025150921 
876 527 6 16 0.025141206 
771 524 9 17 0.025137994 
309 579 8 12 0.025111852 
298 427 7 11 0.025110733 
860 329 10 18 0.02509568 
681 509 10 19 0.0250735 
210 94 7 12 0.02507154 
889 -12 5 16 0.025036901 
195 285 9 15 0.025023121 
613 404 12 26 0.025021112 
283 474 8 18 0.025019659 
244 575 9 17 0.025010122 
766 91 12 16 0.025000954 
154 185 12 13 0.024997719 
311 428 7 10 0.02498805 
633 58 5 9 0.02498114 
1015 501 10 18 0.024978347 
978 209 6 12 0.02497332 
474 266 11 20 0.024965024 
349 400 10 13 0.024916122 
591 239 9 25 0.024911588 
847 332 9 16 0.024900882 
899 10 8 21 0.024897449 
911 545 9 21 0.024891645 
489 300 8 14 0.024885127 
681 451 9 14 0.02487827 
-177 217 1360 853 0.02487179 
198 339 9 12 0.024861382 
503 492 6 11 0.024847044 
195 324 10 14 0.024817333 
517 668 8 13 0.024794752 
170 325 10 15 0.024784442 
262 513 11 21 0.024777472 
831 487 10 19 0.024773484 
39 347 12 16 0.024768597 
388 413 8 15 0.024760423 
365 613 5 6 0.02475636 
52 398 10 16 0.024753807 
526 129 11 15 0.024745205 
3 338 7 14 0.024724042 
314 659 6 12 0.024719289 
134 350 45 60 0.024717452 
870 393 13 28 0.02471364 
498 462 9 16 0.024695553 
967 518 5 12 0.02469443 
593 542 6 12 0.02469413 
2 142 10 19 0.024690164 
362 275 8 14 0.02468832 
586 445 13 23 0.024684021 
756 444 10 22 0.024675444 
374 456 12 20 0.024656998 
91 352 10 11 0.024655662 
237 199 6 9 0.024637634 
514 408 9 21 0.0246262 
719 396 10 22 0.024613814 
65 169 9 15 0.024586784 
461 264 11 21 0.024566973 
591 155 10 19 0.024557771 
67 131 8 15 0.024545427 
15 217 11 18 0.024536906 
385 244 9 17 0.02453643 
82 689 10 22 0.024530984 
642 240 13 21 0.024522979 
669 540 10 19 0.024511017 
425 534 10 24 0.024507944 
491 220 8 16 0.024465801 
218 593 10 15 0.024458637 
491 657 7 14 0.024447035 
613 102 14 20 0.024446972 
165 288 15 24 0.024442688 
831 473 10 20 0.024361202 
608 60 5 8 0.02435843 
129 443 10 23 0.024354693 
386 555 8 15 0.024351535 
360 244 9 18 0.024342746 
236 517 6 13 0.024293669 
476 200 10 22 0.024287598 
16 207 11 17 0.024247065 
669 508 9 17 0.024242457 
230 379 13 22 0.024241874 
59 192 17 21 0.024215935 
70 147 7 12 0.024196586 
903 537 7 18 0.024172729 
425 550 10 21 0.024147553 
222 -5 6 11 0.024139525 
577 306 10 20 0.024113301 
302 360 37 46 0.02410032 
297 513 10 18 0.024092132 
452 235 9 16 0.024089959 
463 568 8 15 0.024058176 
413 6 6 10 0.024042262 
654 264 11 28 0.024023874 
4 107 7 15 0.024019703 
556 541 6 14 0.02400446 
107 374 8 13 0.023978671 
581 44 5 10 0.02397829 
360 511 10 19 0.023977576 
528 485 8 16 0.023931216 
18 327 7 13 0.023929449 
195 310 10 14 0.023918353 
539 321 10 17 0.023911122 
80 350 11 14 0.0239094 
840 275 6 11 0.023860382 
547 406 12 25 0.02382372 
221 577 10 17 0.023817638 
361 108 198 203 0.023813177 
342 641 16 17 0.02378228 
589 437 10 17 0.023777863 
964 361 8 18 0.023776444 
476 284 9 17 0.02377281 
66 370 9 15 0.023771608 
553 321 9 17 0.023767281 
363 632 8 10 0.023760896 
179 309 11 16 0.02374938 
478 453 7 14 0.023719568 
871 349 10 15 0.023719544 
464 153 13 21 0.02370814 
221 383 10 17 0.023673242 
244 487 9 20 0.02366865 
529 539 7 15 0.023666274 
604 570 6 12 0.023661613 
371 524 11 22 0.023658346 
3 131 9 17 0.023562212 
595 60 5 9 0.02356168 
99 95 15 30 0.02355568 
605 490 7 14 0.023545953 
452 616 9 13 0.023512919 
824 286 6 13 0.023486864 
443 376 16 29 0.023480352 
169 457 11 24 0.023463294 
316 -157 379 101 0.023425942 
42 -6 7 12 0.023425594 
845 432 9 21 0.023425354 
652 499 11 19 0.023391267 
991 352 6 11 0.023379607 
594 350 8 15 0.023363661 
441 30 6 11 0.023360038 
1013 460 9 21 0.02333847 
17 152 43 62 0.023335973 
50 180 14 19 0.023325924 
38 420 10 19 0.023321168 
592 227 9 23 0.023313032 
646 498 8 16 0.023305349 
274 240 10 20 0.023295874 
860 361 10 15 0.02328777 
697 661 5 11 0.023271734 
91 358 10 15 0.023263903 
620 531 5 11 0.023218855 
455 634 7 10 0.023209622 
349 512 8 14 0.023184275 
410 520 11 21 0.023176972 
63 181 12 18 0.023169681 
178 125 13 20 0.02316451 
387 501 10 15 0.023158684 
170 399 7 11 0.023148984 
666 208 11 16 0.02313774 
134 603 6 20 0.023119131 
268 189 37 65 0.023116153 
436 245 10 17 0.023093367 
634 488 7 13 0.023088714 
987 207 8 14 0.02308201 
665 247 14 26 0.023069588 
616 419 11 23 0.023068812 
900 361 8 17 0.023062149 
1001 3 6 17 0.023060251 
654 318 10 21 0.023058653 
52 -23 10 17 0.023038005 
517 486 7 14 0.023013137 
621 209 7 12 0.023010755 
475 568 8 15 0.023006624 
362 567 10 12 0.02299657 
697 571 7 12 0.022983098 
385 181 13 27 0.022981405 
190 367 13 20 0.022979094 
978 478 5 13 0.022976724 
490 567 8 15 0.02295918 
189 342 43 62 0.022956442 
323 581 8 11 0.022946792 
122 674 5 10 0.022927603 
389 395 9 19 0.022902926 
653 334 10 17 0.022895541 
606 227 9 21 0.022886584 
623 99 15 21 0.022875264 
565 320 9 18 0.022872005 
1001 488 8 16 0.02287199 
519 400 99 110 0.022860222 
669 684 7 11 0.022812886 
887 330 10 19 0.022794805 
885 553 7 13 0.02277975 
236 501 7 15 0.022771368 
476 220 8 16 0.022735465 
402 571 6 10 0.02271494 
400 644 6 12 0.022706015 
25 657 13 13 0.022670152 
2 351 48 57 0.022666901 
285 489 9 18 0.022638578 
259 567 9 14 0.022633629 
339 598 5 8 0.02262785 
197 473 8 22 0.022622587 
670 524 9 17 0.022602882 
50 44 129 94 0.022594698 
695 520 9 21 0.022586644 
593 501 7 14 0.02257754 
216 601 13 18 0.022570163 
666 488 12 17 0.022557333 
299 658 8 16 0.02253293 
212 226 6 10 0.022531169 
529 46 5 9 0.022529941 
403 580 6 12 0.022517983 
539 487 9 17 0.022513732 
722 706 7 14 0.022509694 
493 667 7 16 0.022508204 
82 132 7 17 0.022480572 
28 -6 8 12 0.022468133 
973 710 12 21 0.022440273 
435 219 11 19 0.022421291 
763 681 6 18 0.022418864 
604 288 10 25 0.022413861 
360 228 10 21 0.022404589 
601 164 12 22 0.022400493 
563 391 13 24 0.022377187 
224 516 6 12 0.022365121 
625 237 15 27 0.022344748 
670 81 7 12 0.022308756 
668 350 9 15 0.022303626 
166 570 15 24 0.022291865 
977 351 6 12 0.022283956 
429 610 5 9 0.022228127 
441 18 6 10 0.022188388 
503 568 8 15 0.022177825 
387 203 11 22 0.022177149 
388 632 6 10 0.022172999 
679 18 8 11 0.022167189 
990 334 8 14 0.02214889 
250 91 35 44 0.022134313 
449 219 10 18 0.02211032 
672 18 6 10 0.022080319 
81 178 12 20 0.022078373 
194 565 10 16 0.022070842 
476 535 9 22 0.022063473 
53 355 13 20 0.022060826 
81 186 213 175 0.022057535 
653 239 14 20 0.022054026 
193 221 9 13 0.0220419 
129 92 56 89 0.022038287 
643 437 12 22 0.022037176 
450 266 10 19 0.022028863 
875 515 5 16 0.022007743 
529 424 8 19 0.022005003 
450 282 9 16 0.02199777 
164 112 17 25 0.021994753 
359 203 10 20 0.021966575 
538 224 12 26 0.02196467 
126 227 16 22 0.021924233 
219 152 16 31 0.02190795 
979 448 6 16 0.021902384 
231 604 12 16 0.02188959 
348 472 9 18 0.021883963 
575 125 14 21 0.021861749 
923 420 9 30 0.021854637 
460 317 28 43 0.021843087 
314 680 6 16 0.0218015 
841 289 5 10 0.021768404 
390 383 9 18 0.02175732 
154 273 12 16 0.0217541 
565 408 10 19 0.02174115 
654 348 10 16 0.02173894 
720 641 8 17 0.021734713 
499 548 11 21 0.021724105 
374 257 9 16 0.021718252 
746 58 7 10 0.021710217 
44 160 48 66 0.02169822 
524 583 9 12 0.021685505 
617 251 11 27 0.02168467 
442 649 5 7 0.021684073 
346 215 11 20 0.021678995 
527 179 11 18 0.021670228 
261 594 7 11 0.021663124 
53 117 9 16 0.021652458 
705 345 10 19 0.021636833 
643 196 12 14 0.021630857 
592 215 9 20 0.02162252 
441 635 6 9 0.021600585 
953 569 6 13 0.021588746 
360 255 10 18 0.02158748 
387 153 36 57 0.0215813 
912 0 7 21 0.02156734 
514 538 8 17 0.021548005 
542 46 5 9 0.021537207 
273 706 6 14 0.021523254 
615 664 12 17 0.021521805 
119 644 6 15 0.021512656 
34 192 22 22 0.021509672 
915 248 5 12 0.021503672 
4 80 6 14 0.021480046 
416 647 5 10 0.021471908 
9 501 68 80 0.021448208 
454 646 7 9 0.021446528 
435 204 10 21 0.021414867 
576 320 10 18 0.021391151 
345 177 13 22 0.02138313 
623 571 5 10 0.021373207 
978 490 6 14 0.021354547 
538 470 12 20 0.021352228 
363 558 8 12 0.021280061 
464 17 6 10 0.021278432 
179 573 11 19 0.021270907 
1014 474 8 18 0.021263294 
876 11 6 22 0.021261087 
576 653 12 16 0.021258248 
608 326 7 14 0.02123951 
631 463 12 17 0.021238755 
17 166 9 17 0.021217477 
27 176 14 21 0.02119311 
578 501 8 15 0.02118315 
82 387 7 14 0.021170208 
382 336 87 111 0.021162359 
639 301 12 27 0.021149395 
667 332 10 19 0.021147361 
272 567 9 14 0.02113471 
476 549 10 20 0.021131642 
616 267 11 26 0.021126999 
659 556 6 13 0.021121228 
615 235 13 29 0.021112373 
889 24 7 24 0.02110133 
345 161 14 25 0.02108063 
988 1 8 20 0.021074494 
230 591 11 16 0.021068452 
463 164 13 21 0.021056691 
680 540 10 20 0.02101234 
516 516 7 13 0.020983117 
650 87 14 21 0.020961227 
274 230 8 18 0.020949377 
479 655 7 15 0.020944813 
192 207 9 15 0.020942502 
68 385 8 16 0.020934816 
618 335 28 43 0.020909857 
222 502 7 15 0.020906355 
806 146 10 32 0.020885807 
360 217 9 20 0.020884285 
912 346 8 18 0.02088335 
335 360 38 58 0.020861618 
449 406 12 23 0.020849027 
514 421 9 22 0.02084707 
886 346 9 16 0.020818748 
240 130 34 49 0.020798905 
137 570 17 22 0.020791292 
246 501 8 17 0.020784982 
286 549 11 17 0.020765554 
553 501 7 14 0.02073447 
54 683 8 10 0.020732349 
551 212 12 23 0.020642255 
714 251 13 26 0.020625964 
643 404 11 22 0.020623224 
319 532 11 26 0.020602312 
565 500 9 16 0.02056878 
21 668 16 17 0.020542616 
656 526 7 15 0.020538548 
514 568 9 15 0.020534953 
69 695 7 12 0.020515224 
66 703 8 16 0.02049763 
576 335 11 17 0.02048778 
273 604 8 12 0.020486517 
749 706 5 14 0.020446936 
912 362 9 18 0.020420654 
120 328 6 11 0.020405922 
4 95 6 13 0.02039163 
69 401 9 15 0.020384472 
1017 223 7 13 0.020383472 
465 193 9 17 0.020382697 
167 100 14 19 0.02038175 
450 179 11 19 0.02035784 
709 82 7 13 0.020337705 
516 502 7 13 0.020335365 
117 433 9 18 0.020331461 
864 -12 5 18 0.020320158 
244 605 10 12 0.02031407 
605 541 6 12 0.020313727 
77 206 13 18 0.020301752 
4 120 7 15 0.020291304 
714 87 14 19 0.020265242 
259 605 7 11 0.020239754 
460 548 11 22 0.020235065 
502 477 7 13 0.020229923 
965 0 6 21 0.020226095 
860 349 9 15 0.020214895 
213 207 6 12 0.02018258 
544 556 6 13 0.020182043 
89 710 11 28 0.020174302 
14 226 10 23 0.020155651 
376 360 8 12 0.020143427 
387 512 10 18 0.020125268 
320 563 9 15 0.020101564 
129 216 13 19 0.020099336 
530 455 12 20 0.020089516 
204 577 10 16 0.020084653 
605 435 10 18 0.020082848 
622 541 5 11 0.020081893 
272 360 35 55 0.020053715 
55 328 9 10 0.020050837 
143 304 11 21 0.020022007 
80 324 8 14 0.020009037 
925 361 8 17 0.020005006 
538 190 14 23 0.020002082 
66 397 49 83 0.019984284 
604 238 9 26 0.019968275 
259 695 7 14 0.01992593 
465 178 10 18 0.019906523 
308 199 34 65 0.019896682 
157 557 7 11 0.019895682 
80 358 10 17 0.01986063 
589 105 53 85 0.019859532 
448 164 13 22 0.019851713 
20 678 17 18 0.019841457 
207 368 11 17 0.019820891 
191 196 9 14 0.019813213 
734 60 8 9 0.01980237 
705 362 11 16 0.019790322 
384 535 11 23 0.01978824 
902 -12 5 16 0.019781113 
154 88 12 17 0.019775411 
440 659 5 9 0.019773021 
128 171 13 14 0.019761313 
12 349 15 19 0.019710604 
210 601 9 15 0.019682167 
657 539 6 16 0.01968037 
753 263 12 33 0.019671122 
453 6 6 9 0.019662967 
585 248 27 75 0.019645698 
367 131 29 46 0.01962952 
766 100 12 20 0.019618258 
140 226 15 20 0.019617097 
177 138 14 23 0.019610249 
102 127 14 29 0.019597065 
363 526 8 18 0.019576307 
92 131 10 22 0.019569492 
53 672 8 11 0.019565862 
628 277 12 29 0.019561615 
590 305 10 20 0.019560061 
824 272 6 15 0.019532815 
464 283 8 16 0.019512683 
717 379 12 23 0.019500496 
566 666 9 16 0.01949328 
695 56 6 11 0.01949082 
52 383 11 17 0.019470366 
952 421 7 23 0.019432982 
114 87 12 18 0.019405723 
605 556 6 11 0.019392654 
604 477 7 13 0.019369598 
335 475 8 16 0.019351479 
246 528 8 15 0.019331064 
684 658 5 11 0.019329377 
526 552 8 16 0.019269994 
761 527 7 14 0.019267336 
375 473 8 15 0.019259633 
546 429 37 48 0.019244509 
762 670 6 14 0.019243052 
145 276 9 11 0.019221172 
544 566 6 13 0.01921494 
528 678 8 15 0.019169645 
184 514 7 19 0.019122051 
356 147 35 62 0.0191051 
618 459 11 17 0.019082198 
372 535 11 23 0.019081386 
625 420 11 24 0.019073976 
1 323 8 17 0.019040953 
161 188 36 54 0.019037465 
130 324 8 15 0.019030167 
654 510 9 17 0.019029913 
730 639 11 23 0.018973235 
145 323 8 15 0.018959943 
616 418 37 59 0.018939434 
400 111 111 103 0.0189294 
653 249 13 25 0.01892101 
137 703 14 21 0.018890074 
133 283 9 15 0.01888849 
388 491 8 12 0.018883852 
57 347 44 73 0.018880963 
451 593 10 14 0.018864105 
245 593 9 14 0.018853733 
144 338 10 14 0.018845998 
109 657 6 12 0.01883906 
592 488 8 16 0.018838303 
40 671 10 12 0.01883111 
451 191 9 18 0.018779004 
428 593 7 11 0.018778544 
56 223 25 25 0.018770732 
465 220 7 15 0.01871606 
966 -15 6 19 0.018706221 
976 1 7 18 0.018654812 
689 239 18 24 0.018611081 
258 552 10 17 0.01860863 
210 596 7 11 0.018590713 
422 362 32 66 0.01854256 
586 629 46 62 0.018530201 
620 199 7 10 0.018517097 
346 202 11 21 0.018516136 
644 421 9 21 0.018486748 
872 331 11 17 0.018470023 
441 609 7 9 0.018465057 
506 581 31 40 0.018446878 
948 345 8 20 0.018445976 
157 326 8 14 0.01843132 
463 205 9 17 0.018428138 
285 500 40 76 0.018410033 
199 531 6 13 0.018407488 
146 389 8 12 0.018404555 
646 45 5 10 0.018395366 
359 187 12 24 0.018392326 
13 433 11 31 0.018380865 
478 6 7 11 0.018352922 
680 521 10 19 0.018341644 
52 369 10 17 0.018336315 
605 449 10 17 0.018294496 
219 169 14 30 0.018291438 
38 -26 11 17 0.018259272 
101 184 34 49 0.018242672 
41 682 9 11 0.018212384 
852 515 6 14 0.018207943 
130 367 13 20 0.018146059 
413 554 8 16 0.01813241 
387 258 8 14 0.018123643 
298 473 9 20 0.018123338 
351 571 7 9 0.018095654 
385 525 10 19 0.018094474 
334 514 7 14 0.018069077 
221 195 7 12 0.0180669 
105 87 50 90 0.018042602 
262 497 36 63 0.018016674 
266 77 31 44 0.018008174 
707 672 5 11 0.01797873 
80 261 114 95 0.017965907 
487 327 30 50 0.017965553 
295 103 31 46 0.017956823 
576 483 10 22 0.017943567 
236 -6 5 12 0.017922247 
322 682 6 15 0.01789908 
518 34 5 8 0.017889164 
142 88 11 16 0.017868394 
336 643 11 15 0.017862177 
338 583 7 9 0.017847368 
315 270 28 42 0.017846147 
54 701 11 18 0.017840305 
150 571 17 23 0.017836297 
681 27 7 13 0.017824898 
454 238 38 63 0.01781293 
675 248 15 27 0.017802214 
491 681 7 15 0.01780133 
593 338 8 15 0.01778887 
451 207 8 17 0.01778667 
351 598 5 8 0.017786378 
321 321 41 50 0.017761163 
938 345 9 22 0.01771819 
373 203 11 22 0.017664304 
140 460 11 22 0.017643243 
297 563 9 14 0.017643051 
526 566 8 15 0.017629478 
658 696 5 11 0.017625952 
615 183 10 13 0.017619735 
275 697 5 12 0.017592806 
633 518 6 11 0.017579569 
76 176 122 107 0.017568555 
440 618 8 11 0.017538358 
245 205 37 58 0.017515529 
5 416 6 14 0.01748246 
142 554 10 14 0.017464409 
888 516 7 16 0.01745217 
39 657 10 12 0.017442454 
197 248 36 47 0.017416779 
999 191 7 23 0.01739784 
261 7 6 9 0.0173748 
514 551 9 18 0.017368518 
616 288 11 24 0.017349657 
234 303 38 49 0.017325219 
129 87 11 17 0.017311279 
113 61 49 67 0.017293043 
322 670 7 14 0.017291399 
988 192 7 20 0.017290467 
474 320 29 47 0.017285673 
941 236 4 11 0.017267814 
362 538 9 18 0.01725948 
864 -1 6 24 0.017217174 
15 195 12 18 0.017185662 
120 630 5 18 0.017185025 
749 641 7 15 0.017108282 
358 472 10 17 0.017100971 
71 661 5 10 0.0170897 
988 96 9 42 0.01708888 
633 500 7 13 0.017052222 
911 330 11 18 0.017041227 
314 628 7 14 0.017041113 
426 6 6 9 0.01703939 
143 588 9 17 0.017036194 
121 541 6 16 0.017031757 
949 361 8 19 0.017025707 
400 522 10 19 0.017018246 
-26 538 245 272 0.017010242 
769 142 11 37 0.01700981 
180 383 11 16 0.017002435 
350 580 8 11 0.016987873 
759 656 6 16 0.016978472 
222 124 33 50 0.01696413 
570 32 5 11 0.016954841 
298 628 7 15 0.01694825 
680 43 8 14 0.01694739 
440 6 6 9 0.016945641 
886 360 9 16 0.016944563 
83 121 34 62 0.01693713 
592 473 9 17 0.016932137 
117 577 9 20 0.016876997 
580 20 5 10 0.016864905 
684 673 5 9 0.016855104 
373 578 10 13 0.016850363 
139 692 12 19 0.016848058 
141 171 12 14 0.01684561 
285 616 9 14 0.016812794 
249 -5 5 11 0.016808303 
977 -16 7 19 0.016800826 
507 626 38 50 0.016798368 
271 451 270 202 0.0167642 
167 681 10 14 0.016760563 
680 462 13 18 0.016741745 
763 694 5 14 0.016718477 
158 77 40 54 0.01668972 
164 278 113 87 0.016686544 
25 205 18 19 0.016679652 
660 20 5 8 0.016657304 
335 127 33 51 0.016625687 
107 700 10 19 0.016624743 
620 517 5 11 0.016616646 
522 176 37 57 0.01661557 
337 569 7 11 0.016571786 
168 306 12 19 0.01656833 
675 223 15 14 0.016561477 
287 349 36 50 0.016504748 
407 289 90 117 0.016502231 
309 562 10 16 0.016498664 
376 377 8 12 0.016466483 
542 691 9 17 0.01645353 
115 154 12 20 0.0164429 
156 336 11 15 0.01642394 
318 136 34 55 0.016423246 
80 336 9 13 0.016421651 
590 321 9 17 0.01639394 
657 45 6 12 0.016377803 
109 328 6 11 0.016368065 
518 466 7 13 0.016347656 
167 693 12 17 0.016307274 
280 532 14 24 0.016267851 
576 141 12 19 0.016260838 
657 176 8 11 0.016260818 
385 129 31 52 0.0162226 
205 207 92 96 0.016206315 
143 244 14 19 0.016197741 
168 508 11 30 0.01617935 
155 307 9 17 0.016154572 
177 170 9 16 0.016142147 
438 592 10 12 0.016142122 
659 31 5 9 0.01613989 
324 659 6 11 0.016123421 
400 554 8 15 0.016095283 
389 597 6 9 0.016081253 
990 26 6 25 0.016060684 
159 673 7 10 0.016049165 
350 529 7 13 0.016029434 
156 461 10 19 0.016000932 
245 513 8 17 0.015976317 
733 697 6 12 0.01596483 
293 520 14 27 0.015939401 
937 360 8 18 0.01593158 
180 470 9 23 0.015922371 
606 375 97 107 0.015911775 
1 309 8 20 0.015902419 
158 679 10 15 0.015899183 
399 535 10 21 0.01586487 
73 159 36 53 0.015845956 
412 535 10 22 0.015841138 
53 423 10 17 0.015822446 
418 138 35 60 0.015808128 
9 186 40 61 0.015794832 
308 303 37 49 0.015786145 
25 192 18 22 0.01577167 
80 370 9 17 0.015758138 
987 487 9 18 0.015715152 
664 172 11 13 0.015692744 
197 707 8 12 0.01567911 
532 388 33 61 0.015678464 
144 682 8 11 0.015677309 
623 557 5 12 0.01564265 
576 664 11 17 0.015640052 
618 501 7 13 0.015638318 
619 489 7 14 0.015637094 
361 578 11 12 0.015624987 
170 705 10 14 0.015624694 
387 579 8 12 0.015605606 
447 331 97 111 0.01559739 
6 388 35 62 0.0155946445 
159 604 6 18 0.015576326 
620 475 8 13 0.015569025 
707 683 7 13 0.015555627 
91 371 10 16 0.0155534735 
632 199 9 11 0.015530455 
709 72 6 10 0.015505193 
16 179 10 19 0.01548776 
689 85 13 24 0.01548457 
416 658 6 12 0.015442219 
718 712 10 31 0.0154382605 
180 697 10 13 0.015432507 
126 240 14 22 0.015421025 
721 694 7 14 0.01541682 
81 710 9 26 0.015409396 
39 383 12 16 0.015393177 
317 238 36 60 0.01539267 
385 369 30 59 0.015389007 
161 628 4 16 0.015387128 
24 383 14 17 0.015355345 
616 242 34 77 0.015332646 
648 435 34 52 0.015331673 
513 432 10 23 0.015327097 
372 180 14 30 0.0153206615 
795 711 10 26 0.015278121 
466 342 27 43 0.0152781075 
171 672 6 10 0.015270375 
92 340 8 11 0.015268233 
902 550 7 17 0.015261973 
631 45 4 10 0.015253963 
409 236 33 56 0.015147336 
557 33 5 10 0.015138574 
334 526 7 15 0.0151339965 
601 150 13 24 0.015111569 
181 486 9 22 0.015103013 
91 324 8 14 0.0151010705 
250 204 107 98 0.01509931 
897 24 9 25 0.015090896 
1018 209 6 14 0.015061625 
299 642 7 15 0.015053626 
671 27 7 13 0.015039663 
489 690 8 18 0.01501331 
304 152 33 57 0.014940474 
77 191 13 20 0.014935366 
628 305 11 22 0.014906588 
183 530 6 14 0.014880325 
231 74 34 47 0.014856166 
55 695 8 12 0.014855839 
687 233 16 17 0.014854039 
268 304 35 47 0.014834932 
676 209 14 15 0.014806559 
1001 26 6 26 0.014788076 
5 411 34 104 0.014782845 
536 211 14 22 0.014732255 
463 5 7 10 0.014714158 
924 328 10 20 0.014672353 
543 584 6 11 0.0146613745 
553 676 9 18 0.014609587 
491 17 6 11 0.014573652 
359 172 13 27 0.014571113 
251 705 6 13 0.014569359 
314 646 6 12 0.014548126 
939 516 6 14 0.014540347 
614 382 33 61 0.014509523 
429 118 33 52 0.014488873 
260 107 34 51 0.014482889 
54 660 8 10 0.014458354 
710 696 5 12 0.01445641 
213 195 7 14 0.014453789 
52 299 230 201 0.014445245 
645 90 11 16 0.014424757 
139 357 22 25 0.014410597 
87 78 39 71 0.014397384 
119 310 8 16 0.014393027 
36 358 15 19 0.014390699 
217 90 31 45 0.0143812755 
134 238 110 96 0.014376017 
589 142 12 20 0.014338822 
578 138 43 68 0.014331883 
861 246 7 13 0.014318155 
129 305 11 20 0.014295527 
101 429 15 24 0.014263728 
731 100 15 22 0.014252005 
704 87 12 21 0.014249614 
4 208 8 17 0.014241251 
587 121 16 24 0.014234625 
768 80 11 14 0.01422321 
530 33 5 8 0.014220795 
586 95 35 50 0.014206209 
671 45 7 12 0.014202217 
145 256 12 17 0.014187957 
272 616 10 15 0.014185816 
1015 711 10 23 0.014175238 
106 310 7 16 0.014172446 
604 305 10 20 0.014167237 
1016 -9 8 15 0.014156546 
695 42 7 11 0.014146694 
709 658 6 11 0.014135579 
810 269 7 19 0.014134324 
644 381 28 47 0.014127002 
902 515 6 15 0.014108963 
142 349 13 15 0.01410692 
323 644 7 14 0.014081073 
111 134 16 30 0.014069765 
365 437 35 55 0.0140668815 
388 469 10 18 0.014042392 
3 425 7 20 0.014032044 
569 97 34 53 0.014023617 
129 291 12 23 0.014016721 
-18 -39 180 188 0.014002296 
132 274 8 12 0.013999032 
978 15 5 18 0.013965084 
953 -1 7 23 0.0139538795 
122 555 5 15 0.013919347 
570 232 27 73 0.013914472 
204 148 16 30 0.013905478 
146 674 6 9 0.0138954185 
551 345 33 40 0.013891277 
142 542 8 16 0.013850643 
553 98 29 50 0.013839751 
599 117 19 29 0.013812306 
194 576 9 17 0.0137965195 
913 515 7 16 0.013788438 
497 98 39 53 0.013768664 
998 -13 9 17 0.013767179 
518 146 38 54 0.013764474 
2 166 9 19 0.013759186 
886 34 9 32 0.01373146 
151 169 14 17 0.01372705 
546 260 24 64 0.01372594 
573 466 13 24 0.013714701 
168 603 8 18 0.013711759 
339 171 38 71 0.013689864 
206 283 37 46 0.013668492 
608 365 201 246 0.013658165 
612 675 16 24 0.013637887 
707 706 7 13 0.01362909 
183 605 6 15 0.013619899 
963 12 7 21 0.013613144 
874 245 7 13 0.013598341 
590 652 13 15 0.013593916 
439 327 31 49 0.013592484 
349 541 8 14 0.013585708 
543 31 5 10 0.013575042 
606 463 8 15 0.01355965 
442 358 35 60 0.013527592 
850 713 9 27 0.0135224005 
516 233 28 57 0.013500219 
443 413 32 61 0.013484086 
785 714 8 23 0.013477517 
141 474 11 21 0.013473383 
235 237 34 51 0.013464868 
26 -29 12 19 0.0134483455 
19 -7 7 12 0.013448212 
320 547 11 22 0.013401031 
176 150 14 24 0.013360453 
486 83 34 47 0.013296916 
548 183 34 66 0.013286697 
541 94 259 217 0.013284172 
978 465 6 15 0.013283061 
2 -7 7 14 0.013277904 
441 706 8 16 0.013248555 
153 98 15 21 0.013231037 
90 395 33 56 0.013228298 
999 746 13 48 0.0132216895 
156 690 12 18 0.013218935 
551 464 15 25 0.013215857 
133 574 11 19 0.013212174 
272 329 34 48 0.013207525 
720 58 7 10 0.013190384 
589 382 29 59 0.013158854 
529 214 29 62 0.013156091 
565 706 8 18 0.013148492 
566 197 31 69 0.013140797 
501 383 31 59 0.013135505 
438 669 7 13 0.01312344 
646 703 6 18 0.013101921 
193 181 9 17 0.013096707 
282 117 34 53 0.013095789 
616 306 10 20 0.013092134 
597 233 29 76 0.013088525 
515 446 10 19 0.013068491 
240 499 37 62 0.01302212 
167 380 13 18 0.013019829 
351 558 7 12 0.013005541 
914 -12 6 16 0.01300152 
999 36 8 34 0.012991439 
182 587 9 17 0.012985682 
455 380 32 63 0.012977995 
184 459 30 79 0.012964223 
951 515 5 14 0.012961184 
376 597 6 9 0.012960195 
160 614 5 17 0.01295494 
183 497 9 22 0.012940314 
558 295 39 66 0.012938036 
545 120 39 64 0.0129289115 
412 126 27 48 0.012918648 
603 370 30 55 0.012916788 
472 137 33 44 0.012893821 
529 333 32 49 0.012893815 
130 206 43 52 0.012867405 
990 38 7 31 0.012845595 
631 188 9 10 0.012843214 
159 357 26 25 0.012839696 
630 701 8 23 0.012838741 
438 680 7 18 0.012825488 
1018 190 7 24 0.01280522 
196 124 39 54 0.012774297 
1018 4 7 17 0.012773112 
271 549 12 18 0.012759296 
12 380 19 22 0.012745764 
674 193 16 20 0.012717893 
284 249 34 57 0.012712734 
771 404 26 52 0.012710532 
119 283 9 18 0.012701374 
160 320 43 53 0.012700196 
967 446 6 18 0.012698564 
663 377 33 52 0.012680445 
134 542 7 17 0.012677716 
133 590 6 16 0.012661408 
197 592 6 12 0.012657208 
868 415 12 33 0.012655646 
240 614 14 17 0.012652858 
12 326 43 55 0.012641907 
528 -160 332 100 0.012636224 
653 356 33 44 0.012631715 
372 169 36 66 0.012622548 
697 75 53 94 0.012616214 
986 -17 9 20 0.012615157 
334 537 8 18 0.012614563 
167 472 10 23 0.012612687 
963 491 6 14 0.012583064 
580 367 29 52 0.012581347 
3 217 9 20 0.012578948 
364 598 6 8 0.012572784 
359 372 36 57 0.012569435 
333 102 29 45 0.012567025 
319 163 39 63 0.012554446 
307 540 15 31 0.01252785 
79 527 9 15 0.01251433 
283 627 10 17 0.012508469 
241 348 32 52 0.012493575 
261 597 47 81 0.012481416 
336 303 30 44 0.012470835 
280 155 37 56 0.012466326 
170 169 10 17 0.012448676 
157 383 12 15 0.012417211 
2 434 9 30 0.01237468 
462 664 11 18 0.01237289 
551 482 11 22 0.012363378 
246 65 35 45 0.012361771 
157 122 45 70 0.012359873 
839 261 6 13 0.012354486 
552 694 7 16 0.012328341 
621 44 5 11 0.012323431 
731 712 9 30 0.012279724 
595 43 5 11 0.0122782765 
210 706 8 13 0.01226874 
644 185 12 14 0.012256888 
13 240 9 24 0.012255363 
459 98 27 44 0.012232291 
906 373 25 75 0.012230516 
118 335 38 53 0.012215772 
261 532 11 22 0.012186944 
374 228 87 116 0.012186853 
954 222 5 11 0.01217087 
23 428 15 30 0.012169036 
111 111 17 33 0.012167937 
34 223 25 21 0.012152929 
190 148 15 26 0.01214108 
362 306 30 46 0.012126943 
173 166 45 66 0.012121404 
100 237 13 21 0.012119849 
977 198 6 14 0.012119142 
548 364 31 49 0.012111415 
965 210 5 12 0.012086292 
160 662 5 12 0.012071987 
146 459 38 96 0.012059698 
335 439 35 55 0.012056158 
596 32 4 10 0.0120413955 
479 667 7 16 0.012034306 
140 154 13 20 0.012032776 
563 480 14 25 0.012028259 
925 348 8 18 0.01200252 
264 135 37 55 0.01198374 
40 387 38 60 0.011977949 
719 357 33 46 0.01197074 
256 250 38 56 0.0119628245 
666 88 10 17 0.0119436085 
666 548 32 54 0.011943123 
339 649 22 25 0.011933213 
52 508 48 107 0.011926564 
215 242 37 42 0.011911969 
35 369 15 18 0.011908552 
169 527 9 21 0.011843642 
780 103 12 19 0.011832824 
156 474 11 23 0.01183219 
562 260 25 67 0.011824152 
475 381 30 61 0.011819707 
926 -1 7 23 0.011804869 
709 56 7 11 0.011804712 
697 683 6 13 0.011802132 
642 403 32 60 0.011786525 
509 332 29 49 0.011763179 
134 554 7 13 0.011756234 
127 155 13 19 0.011740777 
915 394 25 86 0.011726633 
11 89 38 59 0.011722615 
385 404 36 51 0.011711197 
291 390 38 52 0.011697121 
527 424 27 52 0.011676776 
66 526 11 16 0.011675737 
505 247 28 60 0.011659312 
119 293 9 21 0.011656763 
257 616 10 13 0.011655209 
537 450 38 66 0.011644463 
438 153 37 63 0.01161485 
155 706 10 16 0.011614422 
1000 711 10 21 0.011609546 
382 312 33 47 0.011607117 
333 553 9 15 0.01158484 
876 24 7 25 0.011577952 
141 61 44 54 0.011561298 
1018 15 7 21 0.011557137 
450 633 38 68 0.011555208 
562 158 40 56 0.011555159 
303 63 33 47 0.011542318 
684 686 5 10 0.011536406 
531 249 25 58 0.011515975 
3 -168 71 127 0.011510612 
121 144 51 61 0.011452553 
272 686 6 14 0.011434789 
75 81 29 59 0.011434093 
114 239 13 21 0.011429039 
835 713 9 26 0.011417569 
696 32 6 9 0.011417021 
24 -41 14 20 0.011402288 
611 309 35 50 0.011398855 
613 166 12 18 0.011347461 
411 303 30 51 0.011342651 
632 452 35 49 0.0113072805 
358 641 14 14 0.0112941 
209 174 12 24 0.011282557 
164 132 16 29 0.011274799 
272 233 33 54 0.011265756 
808 712 10 25 0.011259267 
454 136 35 52 0.011246322 
812 235 30 67 0.01123589 
26 226 16 19 0.011228032 
160 360 43 71 0.011196619 
391 183 36 57 0.011185692 
682 86 10 19 0.011182803 
529 692 8 16 0.011171719 
305 378 98 112 0.011167506 
483 156 36 55 0.0111660585 
433 251 40 65 0.011146831 
850 503 6 15 0.011115298 
554 703 9 19 0.011113159 
110 645 5 13 0.011083491 
569 626 39 50 0.011081207 
698 697 5 11 0.0110687055 
238 707 6 13 0.01105325 
888 386 28 83 0.011051045 
162 658 373 329 0.011049378 
218 216 34 44 0.011029564 
454 657 7 12 0.011022373 
262 -5 5 10 0.011015665 
768 657 300 314 0.01100691 
399 263 33 53 0.0109898755 
485 231 32 61 0.0109856585 
902 247 6 13 0.010972072 
933 399 24 77 0.010960331 
34 -39 15 18 0.010946312 
282 639 9 18 0.010944247 
493 303 34 57 0.010930722 
656 235 29 64 0.010896164 
291 316 41 51 0.010890923 
224 708 6 12 0.010877331 
170 628 6 19 0.010873391 
-1 444 78 87 0.010868018 
400 180 93 108 0.010854954 
388 645 8 12 0.0108517585 
20 414 48 78 0.010847134 
15 656 14 15 0.010839646 
105 712 13 27 0.010837753 
862 220 179 200 0.010837694 
293 296 32 43 0.010837304 
144 240 38 51 0.010832403 
494 137 39 49 0.010831601 
465 176 33 54 0.010819623 
152 110 19 28 0.010801898 
257 711 9 30 0.010800348 
953 -11 6 17 0.010794395 
488 395 30 61 0.0107936105 
294 548 12 21 0.0107874265 
413 346 32 48 0.01078639 
720 76 40 49 0.010782136 
601 135 15 26 0.010772975 
232 383 38 63 0.010745559 
306 446 29 59 0.0107451845 
497 67 32 45 0.010708685 
358 233 37 62 0.01070422 
302 307 190 207 0.010678585 
851 -12 6 20 0.010668534 
645 4 302 231 0.010665654 
491 641 32 68 0.010654104 
621 91 56 80 0.010640858 
363 196 31 59 0.01063894 
112 97 15 27 0.010622692 
965 27 6 22 0.010619464 
65 709 11 26 0.010618493 
987 739 11 32 0.010606686 
2 180 9 19 0.010558785 
182 613 7 19 0.010558087 
503 20 5 9 0.010550678 
49 208 44 49 0.010541513 
353 282 34 47 0.010531759 
260 350 30 48 0.010517776 
939 -2 7 24 0.010516248 
497 313 105 105 0.010507434 
939 509 27 57 0.010503068 
169 611 7 21 0.010501818 
133 629 6 17 0.010484836 
694 577 34 53 0.010481482 
158 274 37 53 0.010478911 
869 483 34 63 0.010470607 
180 302 39 54 0.010466834 
746 296 27 57 0.010442754 
956 317 38 68 0.010439015 
5 671 39 51 0.0104310885 
683 516 29 62 0.010393895 
909 8 9 25 0.010360391 
819 161 10 33 0.01035516 
622 110 18 23 0.010334354 
672 696 6 10 0.0103338715 
528 101 32 49 0.010326954 
213 591 44 58 0.010324683 
111 589 6 22 0.010324176 
126 138 13 24 0.01031655 
226 610 18 25 0.0103122555 
268 54 30 40 0.010310885 
569 383 29 59 0.010297102 
791 396 28 48 0.010252492 
133 660 5 11 0.010248244 
639 241 31 67 0.01024657 
486 366 28 43 0.010233387 
146 624 6 20 0.010220433 
573 675 15 25 0.010196722 
988 58 10 45 0.010171634 
170 662 6 13 0.010168967 
976 517 27 50 0.010164973 
684 697 5 10 0.010159794 
426 668 7 15 0.010146213 
473 94 32 50 0.010107877 
268 536 38 57 0.010096394 
141 297 41 63 0.01009588 
998 170 9 35 0.010070249 
470 261 35 62 0.0100659495 
27 241 11 21 0.010063692 
431 562 41 58 0.0100392895 
525 287 33 59 0.010021005 
285 652 8 18 0.010020773 
1 754 73 95 0.01001967 
180 712 13 22 0.010008156 
26 38 34 62 0.010005462 
645 177 9 10 0.010001685 
