16_Award_Ceremony_Awards_Ceremony_16_474
198
354 184 374 521 0.999534 
125 499 12 60 0.032533403 
634 953 32 60 0.032140214 
122 640 213 299 0.03207468 
-314 1155 369 484 0.028520467 
435 937 15 40 0.028294692 
114 400 8 32 0.02792548 
1047 -117 217 668 0.025842447 
904 224 13 56 0.025705712 
632 754 9 39 0.024648571 
-198 -90 236 544 0.024604756 
609 767 13 51 0.024459781 
126 421 10 38 0.02444847 
629 769 10 43 0.023551777 
423 931 17 46 0.02328211 
112 1011 9 38 0.023082798 
111 421 11 36 0.022422168 
601 818 18 65 0.021698756 
620 355 210 375 0.02166426 
759 955 17 45 0.021289129 
129 401 8 32 0.020984009 
1008 1191 4 18 0.02069375 
147 507 10 48 0.020492703 
920 968 15 56 0.020074865 
908 265 9 46 0.019333513 
1008 1209 5 18 0.019073017 
989 1193 4 17 0.019005962 
988 1343 4 13 0.018493181 
92 401 9 32 0.01782474 
971 1156 4 18 0.017687155 
890 227 12 52 0.01756109 
988 1174 4 17 0.01752588 
887 156 10 44 0.01750293 
309 916 10 36 0.01748544 
1007 1227 5 16 0.017317623 
110 490 10 45 0.017314993 
988 1248 4 14 0.01725799 
928 496 7 40 0.016971892 
867 148 12 58 0.016961997 
151 549 8 34 0.016776174 
73 384 10 37 0.01674033 
1118 939 217 494 0.016635528 
987 1155 4 18 0.016594702 
945 950 12 50 0.016517313 
612 739 10 35 0.016281636 
927 250 9 45 0.016176343 
1008 1174 5 17 0.015931737 
989 1325 4 13 0.015897093 
149 475 10 42 0.015868891 
949 988 10 44 0.015866991 
986 1230 4 15 0.015817093 
130 986 13 47 0.015763892 
442 951 12 37 0.015698772 
292 806 14 41 0.015662193 
966 1463 8 21 0.015654929 
971 1095 5 19 0.015605924 
985 1449 5 19 0.015363207 
924 229 9 45 0.015346228 
959 990 11 40 0.015193473 
73 810 8 34 0.015094056 
349 884 11 41 0.014971987 
988 1266 4 15 0.014905117 
4 1071 7 38 0.014893499 
969 1451 5 18 0.014794782 
70 839 13 58 0.014623845 
971 1077 5 20 0.014582613 
297 161 9 44 0.014576796 
990 1307 4 14 0.014560135 
908 971 15 50 0.014518718 
125 453 13 46 0.014516544 
112 1030 9 42 0.014420997 
168 130 1391 2029 0.014243627 
157 400 225 391 0.014106815 
871 243 11 48 0.014084384 
308 806 15 48 0.014057956 
911 312 6 30 0.013984611 
970 1116 5 20 0.0139727285 
759 948 12 28 0.013969746 
982 1462 7 23 0.013914159 
610 874 11 45 0.013889815 
1005 1343 4 13 0.0138558075 
170 1450 5 16 0.013780757 
890 267 9 41 0.013778262 
910 289 8 38 0.013725663 
987 1360 4 13 0.013651409 
923 920 14 46 0.013638909 
446 1148 7 30 0.013584726 
944 924 14 48 0.013479888 
948 494 8 39 0.0134789 
831 151 11 50 0.013475145 
651 770 11 36 0.013467161 
500 1461 10 29 0.013373798 
969 1138 5 19 0.013371615 
665 159 189 347 0.013308702 
92 1069 10 42 0.013291136 
111 521 10 51 0.013220427 
627 802 11 43 0.013216448 
630 731 12 42 0.0131894145 
912 352 5 24 0.013112666 
813 154 11 43 0.013043883 
794 157 10 36 0.013031279 
147 419 10 38 0.012954621 
987 1211 4 16 0.0129117565 
879 831 21 66 0.012871804 
926 475 7 38 0.012815339 
254 884 16 38 0.012651727 
306 831 19 61 0.012605634 
988 1398 4 14 0.012568783 
751 859 16 33 0.012554966 
310 878 12 42 0.012530186 
565 859 282 385 0.012526039 
629 899 11 42 0.012524146 
351 861 12 41 0.0125212325 
851 149 12 54 0.012420522 
298 885 9 30 0.012416113 
969 1325 4 13 0.012401224 
150 400 8 31 0.012380286 
344 913 20 56 0.012374726 
929 289 7 40 0.012365602 
929 313 6 31 0.012332628 
383 202 17 63 0.012332453 
971 1175 4 17 0.012292198 
298 141 7 36 0.012272369 
74 794 8 30 0.012231858 
302 902 9 33 0.012185487 
624 936 18 48 0.012151315 
988 1138 4 17 0.012127605 
913 479 7 35 0.012122316 
970 1343 4 12 0.012112733 
778 158 10 32 0.012104353 
299 124 6 24 0.0120755425 
200 848 10 32 0.012069292 
187 1450 6 16 0.011996156 
715 173 13 47 0.0119650485 
964 1010 7 36 0.01191984 
948 269 7 42 0.011898875 
926 368 6 29 0.011893799 
146 437 10 39 0.011862524 
1005 1359 5 13 0.011827596 
850 1438 10 44 0.011807951 
370 886 10 34 0.01174759 
1008 1157 4 16 0.011661916 
330 200 17 67 0.011643749 
90 814 243 244 0.011602457 
1006 1397 4 15 0.011593585 
146 458 10 40 0.011528257 
907 159 11 38 0.0114923 
989 1288 4 14 0.01149035 
912 332 5 26 0.011480561 
91 1029 11 48 0.011426776 
926 525 11 56 0.011394541 
1005 1378 5 15 0.011326253 
718 153 12 38 0.011311216 
294 278 12 63 0.011283148 
702 191 14 44 0.011230552 
625 864 11 37 0.011194804 
1183 901 52 183 0.011178917 
955 917 18 66 0.01097054 
317 111 6 22 0.01096301 
93 1005 10 50 0.01096166 
758 266 14 42 0.010957499 
768 958 14 36 0.010871309 
367 866 10 36 0.010848228 
627 881 11 39 0.010799258 
343 201 18 67 0.010757644 
16 1447 7 26 0.010720205 
928 333 5 27 0.010675885 
707 917 28 49 0.010658474 
186 1465 8 20 0.0106332395 
969 1058 6 25 0.010607802 
153 1455 5 13 0.010565547 
913 498 7 37 0.010563349 
84 821 15 49 0.010558158 
239 282 10 51 0.010505123 
364 220 20 67 0.010429534 
967 1307 4 14 0.010411783 
972 1232 4 15 0.010411213 
167 1466 8 19 0.010410624 
985 1116 5 19 0.010403944 
700 279 14 54 0.010381179 
794 200 11 31 0.0103533175 
780 891 9 26 0.010298376 
145 1006 10 42 0.0102850385 
294 827 12 42 0.010255676 
-72 780 270 555 0.010240635 
184 843 13 40 0.010181636 
762 156 10 31 0.01017576 
299 112 7 24 0.0101573765 
928 352 5 26 0.010150103 
311 272 15 69 0.010132822 
987 1379 5 14 0.010130799 
467 -23 484 181 0.010093707 
910 368 6 28 0.010076417 
88 419 15 40 0.010043162 
858 817 26 61 0.010041674 
315 154 10 48 0.010031483 
965 267 9 44 0.010018607 
277 280 12 59 0.010016095 
