11_Meeting_Meeting_11_Meeting_Meeting_11_189
2399
197 385 21 38 0.993005 
99 385 14 24 0.98742014 
810 144 29 57 0.9738187 
66 365 15 24 0.92004955 
26 353 11 16 0.8941709 
255 361 10 15 0.8828501 
286 348 10 17 0.8606926 
153 400 12 17 0.8207439 
36 353 10 15 0.8138417 
335 367 9 15 0.8068548 
222 356 8 13 0.7879545 
164 364 11 19 0.74690205 
169 354 8 12 0.741902 
230 363 9 13 0.7172689 
106 365 9 14 0.7154924 
425 367 10 12 0.6876224 
395 390 12 20 0.67429024 
496 361 13 16 0.6458588 
272 374 11 15 0.6232217 
158 368 9 14 0.5873675 
18 357 9 14 0.5842946 
143 365 8 12 0.57794505 
140 403 11 15 0.49676672 
292 350 10 15 0.4898539 
414 358 8 10 0.48185253 
225 363 8 13 0.4731195 
374 359 7 10 0.47127685 
114 380 11 16 0.46411303 
3 364 8 17 0.454282 
253 392 10 16 0.44696894 
279 374 11 17 0.4147352 
24 360 12 18 0.4022778 
2 356 8 15 0.4009981 
325 377 8 16 0.3880921 
470 415 16 16 0.37502903 
163 458 20 30 0.3686782 
409 438 14 22 0.36524862 
133 402 10 14 0.36331487 
4 373 9 18 0.3559029 
115 366 9 12 0.33707702 
143 359 7 11 0.33562848 
251 363 7 12 0.33405435 
871 137 13 37 0.32910562 
39 376 12 17 0.3147511 
220 378 10 15 0.30756494 
400 368 8 11 0.29783413 
266 466 13 17 0.2929536 
307 369 8 14 0.29140604 
128 392 10 14 0.2824956 
158 345 6 11 0.27977148 
12 374 10 18 0.27878112 
215 388 14 24 0.27596202 
207 369 7 11 0.2647123 
300 375 9 15 0.26029328 
301 369 7 13 0.25678894 
138 359 6 11 0.25067142 
198 368 7 11 0.24791059 
437 391 9 12 0.23994213 
38 361 11 16 0.2398132 
144 376 9 14 0.23755068 
77 356 9 14 0.23338743 
135 365 7 11 0.22451186 
413 365 8 11 0.21722911 
213 356 6 11 0.21669671 
425 374 10 15 0.21332088 
363 380 9 16 0.20756663 
495 359 8 13 0.2044588 
435 367 8 11 0.20417927 
390 359 6 9 0.19703817 
388 390 13 20 0.19697641 
183 366 8 12 0.19628263 
517 364 9 12 0.19488421 
170 348 5 9 0.19219571 
568 368 7 11 0.19078128 
424 359 7 10 0.17835273 
334 389 9 19 0.17669375 
912 359 8 20 0.17480901 
372 380 9 15 0.17048442 
1 180 217 358 0.16903739 
387 381 9 13 0.16902922 
389 367 7 11 0.16654673 
397 380 10 13 0.16528583 
436 403 9 13 0.16463067 
263 471 19 30 0.16428766 
305 375 9 16 0.16345705 
304 391 10 17 0.16340297 
260 377 9 13 0.15860985 
160 355 6 10 0.15559939 
523 364 10 12 0.1553882 
437 382 9 12 0.15439741 
367 359 6 10 0.15432844 
203 379 15 23 0.15420951 
233 427 10 16 0.15393418 
371 405 10 18 0.1524387 
28 375 11 17 0.15241833 
304 401 12 18 0.15193054 
347 367 8 13 0.14851615 
464 391 10 11 0.14816126 
163 413 13 20 0.1471249 
488 391 10 12 0.14426275 
162 402 12 19 0.14291771 
465 384 8 10 0.14288954 
468 427 18 19 0.14133412 
518 360 7 9 0.13853924 
75 419 12 17 0.13796668 
411 432 11 15 0.13599932 
30 346 8 10 0.13595183 
141 395 10 13 0.13568509 
13 436 17 24 0.13274935 
2 407 10 14 0.13158031 
60 552 16 33 0.13142551 
169 305 6 11 0.12944447 
435 470 12 17 0.1239506 
399 417 9 16 0.123860046 
551 383 8 10 0.12241223 
361 406 11 19 0.12231592 
154 448 20 29 0.12143065 
298 402 10 16 0.119629994 
24 437 15 22 0.11916398 
474 392 10 11 0.116387114 
50 375 12 19 0.11605203 
336 400 9 17 0.11582763 
708 298 6 22 0.11414732 
151 347 5 10 0.114143126 
373 391 8 13 0.11241773 
225 401 14 18 0.11199928 
11 417 13 17 0.111418776 
161 424 15 23 0.10967322 
277 347 6 10 0.109629154 
349 404 10 18 0.10713454 
107 362 7 10 0.10660523 
696 297 6 24 0.10439155 
364 364 8 12 0.103598766 
473 408 15 16 0.10333709 
513 392 14 14 0.102893874 
147 486 16 24 0.10274912 
403 361 6 8 0.102390684 
553 393 9 11 0.10192227 
328 368 7 13 0.101846196 
325 386 9 18 0.10130097 
394 425 14 20 0.101194 
226 393 12 15 0.10000536 
414 376 9 13 0.099573754 
447 391 10 12 0.099353574 
2 415 12 17 0.098667204 
359 589 10 28 0.0986563 
129 416 11 16 0.09817349 
23 416 12 14 0.0977789 
119 361 6 10 0.09717391 
356 432 13 20 0.0967182 
449 384 8 10 0.09660804 
283 392 9 13 0.095803864 
476 384 8 10 0.09441967 
467 437 18 22 0.09367582 
203 440 11 19 0.09363951 
347 375 8 16 0.09360369 
568 359 5 9 0.09334366 
231 377 9 13 0.09311606 
484 407 12 14 0.09242445 
12 405 11 16 0.092250325 
275 355 7 11 0.09212188 
35 439 11 18 0.09145782 
420 430 11 15 0.09102462 
155 411 12 18 0.090840384 
961 226 8 36 0.0895897 
130 604 13 30 0.08944815 
23 432 11 16 0.08910047 
246 380 8 11 0.087696396 
576 368 8 11 0.08725796 
693 159 8 21 0.08675792 
95 365 8 12 0.086598866 
248 400 10 15 0.086064585 
1016 94 9 22 0.08574437 
129 382 9 12 0.08484493 
157 334 5 8 0.084123105 
239 466 19 20 0.083912715 
411 420 8 12 0.08367753 
889 230 8 27 0.082833804 
185 360 5 10 0.08177398 
352 360 5 9 0.08157676 
395 513 14 27 0.08050309 
240 427 15 19 0.080352426 
500 393 10 11 0.08018473 
260 457 12 16 0.0799701 
960 204 9 31 0.079742745 
93 358 7 11 0.07961607 
339 263 5 16 0.079569235 
808 135 70 89 0.079474404 
28 390 9 13 0.07920511 
288 445 25 20 0.07819839 
488 385 9 10 0.0781284 
865 162 16 34 0.07679915 
304 413 14 18 0.07645652 
680 297 7 28 0.07552967 
464 406 12 13 0.0748971 
167 391 9 16 0.07471944 
63 616 11 23 0.074412785 
386 426 15 22 0.07402971 
120 416 10 15 0.07377075 
406 389 10 17 0.073180504 
70 357 9 13 0.072996624 
41 384 13 20 0.07287285 
523 395 10 12 0.07284323 
338 275 6 16 0.072559334 
171 316 5 10 0.07196264 
281 521 10 14 0.07161144 
-38 664 339 296 0.071577504 
231 419 11 14 0.07104341 
568 380 7 11 0.07102428 
514 382 11 12 0.07052954 
556 371 6 8 0.07043283 
388 415 11 17 0.070042275 
593 443 8 15 0.06988799 
323 417 9 14 0.06927886 
708 309 6 28 0.06884433 
16 392 8 13 0.06878879 
574 454 10 18 0.06865726 
590 391 8 11 0.06843609 
255 443 14 15 0.068278134 
339 252 5 15 0.06822673 
426 405 10 13 0.06779603 
917 361 10 20 0.0677697 
38 402 11 18 0.066871576 
27 406 10 15 0.06685139 
1005 86 5 13 0.06683977 
449 406 9 11 0.06675495 
242 459 13 14 0.06628377 
722 312 6 24 0.06622327 
197 531 9 17 0.06615793 
132 596 10 17 0.065571025 
950 205 10 29 0.06555944 
500 380 10 11 0.065400116 
466 454 11 19 0.065022185 
298 590 9 21 0.064804405 
879 132 10 28 0.06414876 
298 414 12 15 0.064134136 
283 532 8 12 0.06405105 
452 373 6 8 0.06400169 
62 592 12 25 0.06399112 
974 232 7 28 0.063900165 
578 359 6 10 0.063872784 
486 456 11 13 0.06375884 
350 601 10 29 0.06338293 
372 437 12 19 0.06232325 
684 160 7 17 0.062183965 
1014 327 10 22 0.061498307 
350 438 12 17 0.061468396 
7 477 18 27 0.061377157 
1017 84 7 18 0.061008118 
95 379 10 17 0.060997486 
695 182 7 21 0.060958505 
165 390 202 136 0.060888033 
138 415 13 18 0.060726624 
1005 97 6 14 0.060723905 
696 307 7 31 0.06067821 
894 233 8 23 0.060663708 
398 437 17 23 0.060594015 
949 227 10 32 0.060536824 
429 392 9 13 0.06052534 
503 418 9 10 0.06016552 
133 658 19 21 0.06008504 
83 347 6 10 0.06001013 
156 429 11 16 0.059976734 
19 347 6 9 0.059959993 
52 443 10 16 0.05993169 
172 454 15 23 0.05985831 
524 382 10 11 0.059831515 
272 389 9 15 0.059641514 
286 404 8 12 0.05959843 
255 431 14 15 0.059203666 
2 344 6 13 0.059080496 
205 561 11 27 0.05880578 
284 545 8 15 0.058630295 
681 290 7 18 0.058561943 
68 428 10 16 0.05819818 
409 405 10 15 0.058192536 
68 632 9 20 0.05807471 
570 447 6 9 0.058062278 
-11 7 248 347 0.057701465 
80 608 7 17 0.057601873 
336 360 6 10 0.05701905 
485 466 13 20 0.0568903 
872 127 10 18 0.056718834 
348 391 8 14 0.056708384 
29 467 11 18 0.056622997 
853 173 18 34 0.056581214 
79 621 7 17 0.056575663 
38 346 8 11 0.056278825 
339 288 6 16 0.056031376 
1005 200 5 18 0.055882253 
334 415 8 14 0.05565752 
525 360 7 10 0.055557095 
684 170 8 19 0.055262093 
126 425 12 18 0.05504436 
321 605 9 20 0.054948747 
56 433 8 12 0.05480819 
938 148 7 16 0.05477232 
104 411 11 18 0.054658983 
965 331 6 11 0.05462908 
327 275 5 16 0.05462212 
795 504 15 21 0.054422062 
327 264 5 15 0.05407696 
788 378 6 13 0.053919658 
163 305 5 11 0.0537655 
74 439 15 21 0.05355513 
243 417 10 15 0.05351168 
135 608 17 33 0.053461112 
749 108 5 20 0.053327136 
308 609 8 18 0.053300854 
705 182 8 23 0.05328877 
559 360 5 9 0.053136148 
514 407 10 10 0.053123362 
90 345 7 11 0.05261339 
79 596 8 17 0.052568026 
108 278 5 12 0.052527737 
107 609 7 15 0.05250602 
580 381 8 13 0.052499283 
555 446 6 8 0.052476052 
4 290 4 14 0.05243565 
134 587 6 13 0.05236106 
439 361 5 9 0.052031666 
36 467 10 17 0.05172254 
671 250 7 13 0.05146275 
204 542 10 18 0.051447805 
465 374 6 8 0.051370494 
694 148 7 18 0.051294655 
749 96 4 20 0.050976694 
589 383 9 14 0.050960686 
109 290 5 13 0.05086376 
990 197 6 23 0.050737817 
937 157 8 21 0.05072644 
565 394 7 10 0.050664097 
794 322 10 31 0.050651956 
593 434 6 10 0.050637685 
422 419 10 12 0.05058198 
350 288 6 16 0.05052588 
541 396 8 9 0.05052546 
197 361 6 10 0.05047954 
322 403 9 15 0.050393693 
952 330 6 12 0.05026706 
707 287 7 20 0.050033376 
669 289 8 19 0.04997412 
295 518 9 14 0.04951514 
76 644 12 24 0.049480308 
53 366 10 14 0.04946811 
305 430 14 14 0.04939085 
350 264 5 15 0.049226746 
384 437 14 20 0.049149282 
455 489 16 28 0.048997834 
83 535 21 27 0.04893591 
976 208 6 24 0.048823446 
350 277 5 15 0.048812196 
141 582 8 17 0.048789565 
369 591 10 26 0.048740856 
271 404 9 13 0.048494007 
955 556 4 16 0.048439912 
36 477 10 17 0.0483692 
332 506 13 16 0.048158932 
446 466 10 17 0.047989808 
978 299 6 21 0.047938935 
308 622 9 16 0.04791061 
858 125 10 13 0.047882378 
653 277 10 19 0.04786638 
671 243 5 11 0.04777742 
97 278 5 12 0.047645155 
77 633 8 18 0.0476424 
287 336 5 8 0.04761241 
62 571 14 28 0.04757702 
328 360 5 9 0.047513563 
857 134 16 27 0.047481652 
966 317 5 14 0.04747592 
350 637 6 16 0.04731681 
215 349 4 9 0.047158983 
277 464 15 19 0.047123574 
126 647 16 20 0.047085643 
487 433 9 11 0.047051057 
978 366 6 14 0.04696269 
274 474 17 26 0.04692621 
306 592 9 21 0.046800375 
578 447 7 11 0.046791714 
787 209 8 16 0.046731237 
145 572 8 17 0.046688948 
160 320 4 9 0.046615973 
300 607 8 17 0.046523303 
64 508 14 15 0.046406474 
124 628 14 25 0.046346895 
966 298 6 22 0.046131037 
3 301 6 17 0.04591418 
545 383 7 9 0.045844518 
403 277 5 14 0.04579932 
544 372 6 8 0.045730703 
275 530 8 12 0.045600023 
437 418 10 12 0.0454414 
94 394 14 22 0.045416396 
363 637 5 16 0.045379538 
153 332 4 9 0.04531393 
772 324 6 21 0.045203634 
759 118 8 25 0.045136113 
512 417 9 11 0.045059595 
150 499 15 26 0.045052934 
722 300 5 19 0.044886865 
14 470 12 16 0.044867292 
953 318 5 13 0.044772845 
222 430 10 16 0.044712007 
966 560 3 12 0.044703692 
54 543 13 22 0.044635482 
503 456 8 11 0.044489108 
811 352 7 14 0.04445642 
603 430 6 13 0.044422332 
223 350 5 9 0.04442198 
774 368 4 11 0.044407997 
1018 262 6 19 0.04430487 
684 149 7 15 0.044249136 
747 81 5 21 0.044202924 
895 244 8 26 0.044148006 
349 529 10 18 0.04414029 
108 316 6 12 0.044079628 
990 174 5 22 0.044008944 
911 162 7 15 0.0439718 
322 594 9 21 0.043920506 
747 132 6 20 0.04374726 
691 259 11 22 0.04373002 
268 606 11 19 0.043665297 
748 121 5 20 0.04355599 
3 394 8 14 0.043535825 
948 144 8 20 0.043470625 
194 563 13 30 0.043454833 
1006 212 4 17 0.043317676 
92 608 8 17 0.043291193 
568 437 6 8 0.043233674 
924 160 7 16 0.043180745 
195 539 12 25 0.043124907 
39 435 8 12 0.043020643 
53 356 9 12 0.042984262 
268 430 13 13 0.042974237 
166 513 14 25 0.04292253 
792 207 9 19 0.04290908 
526 403 9 11 0.04281356 
137 647 15 19 0.04277855 
418 351 5 9 0.04276019 
926 150 6 13 0.042687513 
704 170 8 23 0.04267265 
366 493 17 18 0.04247221 
735 70 5 18 0.04241041 
693 247 11 20 0.042404816 
174 468 16 27 0.04237521 
517 447 6 11 0.042242534 
119 634 11 21 0.042174496 
804 207 132 272 0.04209168 
100 453 12 16 0.042043287 
979 376 5 17 0.042042322 
434 428 14 18 0.041982103 
314 277 5 14 0.04196847 
964 341 7 12 0.041898876 
871 194 10 22 0.04185181 
109 306 5 11 0.041792084 
36 451 10 18 0.041734442 
895 225 7 18 0.04168346 
843 124 12 14 0.041643325 
580 434 6 9 0.041624337 
967 570 4 16 0.04151833 
479 371 6 8 0.04147373 
977 408 6 11 0.041375678 
49 396 12 21 0.041329924 
31 337 6 9 0.041312315 
762 339 6 18 0.041299324 
136 594 13 23 0.041288443 
553 402 8 11 0.04118286 
185 320 5 10 0.041180972 
246 442 12 15 0.041166153 
283 510 10 15 0.040982142 
775 360 5 12 0.040962193 
298 569 7 18 0.040937588 
938 208 9 24 0.040932834 
771 377 5 13 0.040917214 
266 442 18 17 0.04089062 
503 409 8 10 0.040746987 
20 334 5 11 0.040621955 
1017 117 8 26 0.0406068 
232 438 10 17 0.040595226 
103 597 10 16 0.04053551 
760 95 7 22 0.04053117 
787 325 7 22 0.04051416 
937 230 10 27 0.040458582 
939 331 6 11 0.04042579 
0 597 15 35 0.040332325 
327 251 5 16 0.040329605 
725 69 5 16 0.040269107 
962 183 9 27 0.04026423 
290 264 4 14 0.040237952 
121 426 9 16 0.04020838 
171 297 5 9 0.040163632 
97 291 4 12 0.04015374 
556 438 6 8 0.04008217 
337 621 7 19 0.04001435 
295 432 13 13 0.039967798 
365 303 5 14 0.039847415 
351 252 5 14 0.03976661 
799 356 6 12 0.039739534 
951 184 10 26 0.039711773 
27 449 13 20 0.03969523 
163 295 4 9 0.03967707 
72 507 16 16 0.039668776 
448 418 11 12 0.03966389 
279 450 24 21 0.039635587 
149 669 17 23 0.03962599 
34 543 13 24 0.03957914 
1018 72 7 18 0.03954042 
1007 226 3 16 0.03953954 
1005 188 4 17 0.03953161 
76 554 11 22 0.039485883 
204 535 9 15 0.039441958 
66 644 12 21 0.039400484 
796 536 7 10 0.039361503 
165 504 11 20 0.039354045 
878 148 13 33 0.039270334 
178 518 12 20 0.039251853 
53 589 14 28 0.03925039 
300 264 5 15 0.039247934 
391 278 5 14 0.03924699 
620 181 7 23 0.039227236 
652 262 10 16 0.039183915 
315 264 4 15 0.039169747 
16 290 5 13 0.039017223 
86 425 14 22 0.039009664 
311 357 6 11 0.039007906 
640 277 12 20 0.038979154 
90 456 14 17 0.0389328 
954 549 4 11 0.038858917 
1004 330 6 13 0.038819876 
449 455 9 16 0.038766127 
326 289 6 14 0.03876412 
273 637 8 12 0.03872496 
364 276 6 16 0.0385527 
390 291 5 14 0.03844757 
504 448 7 11 0.03839187 
1017 131 8 26 0.038380492 
704 158 7 22 0.038345788 
621 288 5 18 0.03826196 
1000 429 8 15 0.038261674 
1006 75 4 13 0.038228635 
104 584 10 17 0.038186625 
581 391 8 11 0.03818501 
92 593 10 18 0.03817788 
280 624 10 16 0.03813566 
696 242 7 11 0.038122665 
289 278 4 13 0.038121443 
216 556 10 20 0.038068924 
129 460 11 14 0.038022116 
321 427 10 15 0.03797643 
115 401 11 16 0.037967436 
776 559 5 11 0.037955668 
787 371 6 10 0.03794664 
171 336 5 9 0.037908565 
736 79 5 22 0.037903026 
450 433 10 13 0.037892934 
262 278 4 14 0.037892304 
339 302 5 14 0.03788245 
14 504 11 17 0.03780391 
669 278 7 16 0.037796512 
217 437 12 21 0.037775416 
364 290 5 15 0.037770946 
870 208 11 22 0.037758987 
486 445 10 13 0.03773966 
365 265 5 14 0.037735175 
978 330 5 12 0.037692092 
948 156 9 25 0.03768645 
403 266 5 13 0.03767615 
164 489 12 20 0.037576675 
23 505 13 18 0.037554875 
896 170 10 21 0.037516426 
64 536 10 14 0.037511338 
733 315 6 22 0.03749505 
594 410 6 9 0.03736436 
887 212 7 17 0.03734674 
718 264 10 17 0.037231516 
402 290 5 14 0.03722709 
812 334 10 24 0.03722415 
105 621 8 16 0.037190985 
694 271 8 20 0.03718712 
319 541 12 25 0.03716474 
78 583 9 16 0.03714889 
618 365 8 19 0.03714345 
298 534 7 12 0.037136525 
87 465 18 21 0.03706523 
964 254 7 31 0.037020776 
322 621 8 19 0.036928345 
313 289 5 14 0.03691533 
976 182 7 27 0.03688787 
626 143 9 24 0.036836866 
117 573 8 16 0.036836065 
66 443 10 16 0.0368087 
834 148 76 117 0.036802046 
990 122 6 18 0.036784332 
257 419 10 13 0.03675986 
250 351 5 9 0.0367573 
391 350 4 9 0.03674225 
164 670 18 23 0.036741886 
294 510 11 15 0.036682386 
174 669 17 23 0.036628895 
745 68 6 21 0.036603153 
1005 174 4 19 0.036576483 
952 341 7 12 0.0365275 
641 262 11 15 0.036518753 
117 507 9 19 0.036500774 
419 449 12 21 0.036483422 
926 209 9 22 0.036480088 
684 184 7 18 0.036428448 
705 193 9 24 0.036416918 
939 137 6 15 0.036405813 
937 169 9 24 0.036340613 
312 543 8 19 0.03630044 
160 162 5 19 0.036297627 
1015 360 9 22 0.036274657 
832 125 12 16 0.03621119 
65 517 13 14 0.03619606 
349 581 12 25 0.036091745 
16 278 5 13 0.036023922 
940 319 5 12 0.035976253 
734 323 7 26 0.03597134 
921 357 7 13 0.035894167 
120 609 7 15 0.035877116 
244 475 18 22 0.035840522 
141 626 14 24 0.035838097 
1006 61 4 14 0.03580914 
93 620 8 16 0.035808027 
89 412 14 20 0.035802517 
183 304 5 12 0.035751067 
280 635 10 14 0.035704136 
142 501 15 24 0.0357008 
882 167 11 27 0.03569899 
450 440 11 16 0.03568833 
1007 238 3 16 0.035668284 
108 266 5 12 0.03558779 
1002 422 6 9 0.035475597 
402 303 5 14 0.03543856 
8 590 16 30 0.035430867 
170 198 210 279 0.03537983 
437 455 12 18 0.035373487 
182 377 9 15 0.03536047 
834 250 8 17 0.035355296 
681 262 9 20 0.035256848 
39 415 9 14 0.03521198 
262 266 4 13 0.035203066 
979 316 5 15 0.035106607 
619 167 8 25 0.0350871 
281 431 15 13 0.03508582 
3 315 5 18 0.03503511 
351 303 6 13 0.035006437 
966 377 6 17 0.03499432 
592 370 6 10 0.034910195 
968 405 5 15 0.03489741 
795 546 9 16 0.034892667 
148 134 4 17 0.034829397 
661 84 4 16 0.034823548 
338 637 7 15 0.03477874 
55 615 11 24 0.034753807 
668 262 9 17 0.034689963 
924 171 8 21 0.034681257 
380 548 15 33 0.03466842 
620 145 8 20 0.03466116 
974 258 7 27 0.03457772 
609 276 5 17 0.034563225 
390 302 5 14 0.034548048 
102 427 10 16 0.034479987 
619 156 9 23 0.034475893 
66 657 12 20 0.03444754 
747 339 5 20 0.034429673 
626 181 9 26 0.034411855 
93 585 10 15 0.03436713 
322 582 9 20 0.03436636 
194 376 12 20 0.03434798 
925 220 10 23 0.034319278 
271 421 9 11 0.034312997 
910 170 8 19 0.034285344 
419 553 15 25 0.034248307 
107 371 89 105 0.034231454 
335 606 9 22 0.034218434 
160 175 5 18 0.034201913 
408 462 14 18 0.03417454 
120 619 9 18 0.03415097 
967 366 6 14 0.034113936 
989 130 7 25 0.034083404 
809 368 6 14 0.034068234 
501 433 8 10 0.03398937 
157 665 374 293 0.033988558 
668 295 10 34 0.033968743 
787 535 5 10 0.033956204 
719 184 8 21 0.033915553 
621 301 5 19 0.03386937 
670 94 6 22 0.033802196 
978 598 5 16 0.033780392 
1004 338 7 17 0.033704687 
251 304 4 14 0.033700198 
738 133 4 19 0.033685777 
185 347 4 9 0.03363732 
300 276 5 15 0.033637267 
273 585 7 13 0.033564437 
220 414 11 16 0.03356141 
415 565 18 24 0.03352228 
516 349 6 9 0.03348614 
151 630 12 21 0.03348407 
707 274 8 18 0.033459984 
737 146 5 18 0.033452403 
361 649 7 16 0.033382192 
1005 107 5 18 0.033366095 
644 255 8 11 0.033337507 
169 554 11 21 0.033335373 
88 441 15 20 0.03330942 
284 418 11 12 0.033289537 
1003 411 6 9 0.033261426 
358 530 9 16 0.03326118 
416 303 5 15 0.033242773 
696 196 7 19 0.033199538 
854 205 15 27 0.03316125 
315 251 5 16 0.03315917 
156 567 7 18 0.03314126 
863 506 5 17 0.03312442 
41 508 10 15 0.033111632 
350 619 7 22 0.033098366 
979 358 5 11 0.03309191 
5 276 5 15 0.0330365 
736 62 4 12 0.032942124 
54 534 11 16 0.032914374 
870 218 12 27 0.03290518 
822 246 10 25 0.032894652 
605 422 5 12 0.032890912 
786 525 6 9 0.032872904 
863 493 5 18 0.032817792 
436 439 13 19 0.032814644 
332 517 12 19 0.0328002 
976 143 8 24 0.03277472 
582 426 6 7 0.03269509 
1014 419 8 12 0.032690424 
989 158 7 23 0.032669056 
409 523 12 27 0.032668825 
195 525 9 12 0.032668315 
1007 252 3 16 0.032666143 
682 274 7 19 0.032663353 
977 132 7 22 0.0326583 
629 136 7 17 0.032618612 
796 587 6 10 0.0325823 
794 376 8 15 0.03254974 
104 446 9 14 0.032542124 
119 306 6 11 0.032430407 
301 251 4 16 0.032415252 
251 290 5 15 0.032348946 
375 663 6 13 0.03233669 
416 277 4 13 0.032327592 
152 647 12 17 0.032324273 
621 225 5 14 0.032270987 
36 576 16 28 0.03227092 
283 596 9 18 0.03226515 
75 565 10 21 0.032260608 
978 395 5 14 0.032243546 
300 335 5 9 0.03217205 
539 404 8 10 0.032157306 
990 109 5 15 0.03213214 
608 265 4 16 0.03212992 
939 342 6 11 0.032108404 
938 182 9 26 0.032075185 
891 522 5 13 0.03204735 
659 242 5 11 0.031986013 
977 342 6 12 0.031984538 
289 252 5 14 0.031968117 
22 577 18 28 0.03191121 
207 463 9 17 0.031878904 
151 320 4 10 0.031860754 
76 452 15 18 0.03181089 
193 494 9 14 0.031796686 
760 80 8 23 0.03177751 
990 222 5 23 0.03172873 
481 359 6 10 0.031685207 
883 197 9 19 0.03166777 
376 350 5 8 0.03160346 
369 503 15 20 0.03159289 
816 298 12 34 0.03157726 
311 44 245 352 0.031506274 
176 549 15 28 0.031432603 
194 480 9 16 0.03142768 
670 122 5 18 0.0314239 
990 235 5 24 0.031392854 
950 136 6 17 0.03139252 
119 584 7 13 0.031376354 
231 533 10 15 0.031367935 
217 452 11 18 0.031363532 
963 171 8 25 0.031360533 
143 427 11 15 0.031331908 
1004 121 5 19 0.031319544 
760 144 8 20 0.031271428 
950 169 9 25 0.031230861 
336 649 8 14 0.031176973 
322 534 11 19 0.031161683 
199 160 4 17 0.031150045 
282 649 10 14 0.031136567 
680 250 9 16 0.031106068 
44 289 6 14 0.031057449 
279 489 12 19 0.031000245 
653 287 11 23 0.030993482 
390 266 5 13 0.03096553 
67 451 10 17 0.030954823 
655 255 7 10 0.030921087 
261 290 5 14 0.03083572 
104 519 11 15 0.030830333 
366 351 5 9 0.030815654 
940 303 5 16 0.030790957 
312 568 6 17 0.030779574 
775 551 5 10 0.030775731 
771 336 6 20 0.030767184 
363 617 7 24 0.030763373 
334 592 10 22 0.030751402 
604 408 6 11 0.03074981 
97 266 4 12 0.030692266 
346 507 10 14 0.030676253 
927 138 6 14 0.030673204 
160 148 4 19 0.030658972 
27 475 13 21 0.030642072 
416 289 5 15 0.030621782 
465 482 9 15 0.030612914 
963 157 8 25 0.030608812 
594 424 6 8 0.030466327 
976 157 8 26 0.030439017 
105 506 11 18 0.030381186 
26 -186 249 130 0.030368995 
898 160 9 18 0.03036032 
168 565 10 22 0.030323712 
262 546 6 14 0.030315863 
967 357 5 11 0.030311894 
625 166 9 27 0.030204767 
67 499 10 11 0.03020351 
633 278 8 15 0.03016172 
863 520 5 16 0.030143969 
570 455 8 14 0.030132148 
966 548 4 11 0.03013205 
358 563 12 27 0.030129008 
119 292 5 11 0.030109111 
340 241 5 15 0.02999001 
857 149 17 34 0.029943014 
280 607 9 16 0.029939633 
278 335 4 9 0.029913956 
898 259 6 22 0.029904632 
619 277 6 17 0.029887816 
308 582 8 20 0.029859552 
262 253 4 12 0.029840074 
796 517 11 14 0.029802952 
898 213 6 16 0.029756892 
977 121 6 18 0.029748311 
26 548 15 26 0.029707382 
136 350 5 9 0.02967989 
444 302 4 15 0.029679475 
288 290 4 13 0.029644534 
153 370 89 90 0.029632559 
567 406 6 9 0.029618155 
694 135 7 19 0.029593106 
271 597 11 18 0.029556245 
952 301 6 20 0.029501598 
334 532 12 18 0.029493317 
351 347 6 10 0.029491203 
96 305 5 11 0.02948185 
104 569 11 19 0.029475186 
300 621 8 15 0.029458635 
310 345 6 11 0.029455326 
220 545 8 15 0.029407663 
79 541 12 21 0.029390115 
720 195 8 22 0.029309167 
813 292 8 19 0.029215205 
808 376 7 15 0.029213175 
993 331 5 11 0.0292112 
4 430 12 16 0.029166704 
661 135 5 16 0.029151628 
3 438 14 20 0.02912667 
71 304 5 12 0.02909859 
607 227 4 13 0.029081358 
1003 132 6 22 0.029046467 
145 555 9 22 0.029041937 
17 302 5 14 0.029020429 
621 311 6 22 0.029001987 
383 506 12 15 0.02898065 
54 632 9 18 0.028980363 
721 159 6 20 0.028915586 
24 492 12 18 0.028900608 
119 315 6 12 0.028868312 
662 121 4 18 0.028851368 
360 522 8 14 0.02884445 
543 360 5 8 0.028822996 
40 492 9 15 0.028809551 
621 135 6 16 0.02878053 
979 610 5 15 0.028777204 
327 239 4 15 0.028775657 
776 459 3 14 0.028730353 
236 459 10 14 0.028712625 
991 303 5 17 0.028710334 
721 146 6 20 0.028665112 
900 407 5 10 0.028662043 
336 442 11 15 0.028655848 
273 622 9 15 0.028653877 
234 523 8 11 0.028613213 
720 172 6 20 0.028579464 
296 545 7 15 0.028517064 
596 276 5 17 0.028500844 
738 123 5 19 0.02849923 
747 147 5 17 0.028491259 
449 533 10 17 0.028466534 
334 431 11 14 0.028456122 
271 246 216 237 0.0284015 
809 231 10 27 0.02838207 
963 145 7 21 0.028375324 
628 192 9 28 0.028344974 
926 197 9 23 0.028337672 
249 523 7 10 0.028336609 
847 249 8 16 0.028320711 
810 302 10 23 0.028308235 
670 108 5 20 0.028294653 
924 182 10 24 0.028290553 
1004 320 5 12 0.02828267 
252 276 4 16 0.02827274 
54 519 10 13 0.028195472 
221 601 28 38 0.028190918 
478 467 10 15 0.028167352 
118 531 10 20 0.028165253 
127 525 12 29 0.028159702 
929 120 5 19 0.028144423 
808 392 8 19 0.028138421 
913 236 8 18 0.028121432 
128 441 10 15 0.02811947 
835 349 7 19 0.028112233 
671 136 5 15 0.028103478 
820 349 8 17 0.02806684 
180 508 10 15 0.028045796 
363 659 7 16 0.028004419 
669 80 7 20 0.02796972 
531 461 5 10 0.027931955 
1007 262 4 16 0.02793115 
706 250 9 14 0.027913006 
420 527 12 26 0.02788028 
1015 410 7 11 0.027818521 
595 453 6 14 0.027805896 
118 442 9 15 0.027785523 
378 277 5 14 0.02778542 
1 542 9 22 0.02777147 
629 209 7 21 0.027771339 
912 247 7 21 0.027766136 
371 448 14 20 0.027764587 
135 306 4 11 0.027756939 
630 224 6 16 0.02775159 
2 520 7 16 0.027730046 
375 651 5 14 0.027696867 
1015 346 11 25 0.027690202 
454 291 4 14 0.027681233 
785 359 5 12 0.02767951 
288 238 4 14 0.02767528 
313 552 8 22 0.02764404 
706 243 8 10 0.027583417 
396 462 15 20 0.027578983 
72 667 16 25 0.027577287 
428 470 11 15 0.027507467 
275 278 4 13 0.027476043 
24 565 16 25 0.027466169 
598 264 4 17 0.027450448 
1019 251 5 19 0.027419329 
399 450 14 20 0.027418757 
604 394 7 12 0.027394995 
68 401 9 17 0.027299602 
660 172 5 17 0.027278312 
719 285 8 21 0.02724551 
4 329 5 15 0.02724305 
229 541 11 20 0.02718957 
621 194 7 22 0.02716031 
697 230 5 10 0.02714835 
526 446 6 10 0.027144693 
927 307 5 11 0.027009513 
53 660 10 16 0.02699402 
75 518 14 14 0.026955431 
838 133 17 24 0.026952695 
776 394 4 13 0.026944328 
83 292 4 12 0.026921408 
836 365 6 17 0.026905764 
695 213 7 15 0.026807578 
22 529 18 29 0.026796019 
820 231 11 30 0.02675749 
51 576 15 27 0.026743162 
661 72 5 14 0.026718855 
152 663 12 14 0.026710669 
777 524 4 10 0.026686473 
53 648 9 16 0.026670171 
597 253 4 15 0.026640942 
860 116 8 10 0.026639642 
195 451 10 18 0.02662811 
759 98 80 110 0.026625942 
890 511 4 13 0.0266068 
617 378 10 19 0.026585976 
389 515 12 23 0.026567101 
606 215 4 14 0.026565671 
767 129 11 26 0.026546614 
444 290 5 15 0.02653857 
633 287 8 18 0.026530974 
876 492 6 19 0.026529375 
252 188 4 16 0.026529117 
964 134 6 17 0.026510738 
661 96 4 19 0.026467508 
895 181 10 22 0.0263889 
737 93 5 23 0.026343254 
621 211 6 17 0.02630285 
797 220 8 21 0.026289957 
829 134 15 28 0.02626536 
321 638 8 15 0.026246889 
377 636 5 17 0.0262455 
779 -195 265 170 0.02623728 
236 350 4 9 0.026219543 
147 445 10 14 0.026216358 
1 584 10 21 0.026209624 
776 470 4 17 0.02619893 
798 369 6 13 0.026178535 
371 582 9 20 0.02617454 
968 583 4 19 0.026156753 
308 637 9 16 0.026153201 
1003 143 5 23 0.026132226 
378 266 4 13 0.026094692 
260 553 8 19 0.02608757 
192 466 11 18 0.026060766 
659 162 5 15 0.026008105 
242 586 10 16 0.025971062 
77 497 11 12 0.025960106 
326 302 6 14 0.025957441 
889 256 7 25 0.025935749 
274 569 8 17 0.02592456 
914 150 6 14 0.025919601 
264 533 6 11 0.025902385 
1001 652 5 9 0.025860751 
1003 158 5 21 0.02585198 
813 310 17 47 0.025813483 
788 336 7 21 0.025797622 
914 278 5 15 0.025797255 
924 243 11 26 0.025783695 
952 405 5 15 0.025778718 
71 293 5 11 0.025765635 
377 303 5 14 0.02573969 
1019 225 5 19 0.025725977 
465 610 8 14 0.025708115 
773 281 5 8 0.025697103 
276 544 7 14 0.025690129 
224 304 4 13 0.025665874 
966 392 5 16 0.025627153 
516 458 5 10 0.025620248 
55 509 10 13 0.02561464 
79 404 9 14 0.025599739 
260 350 5 9 0.025598906 
156 581 8 19 0.025598714 
760 160 7 16 0.025594553 
992 319 5 12 0.025594454 
315 239 4 15 0.025590613 
837 391 5 17 0.025588702 
644 158 6 20 0.025570719 
797 574 6 10 0.025545908 
70 348 7 10 0.025545377 
786 575 6 10 0.02550336 
672 230 5 11 0.02549575 
260 570 8 16 0.025454441 
708 263 8 16 0.025431184 
1019 156 7 25 0.025421802 
276 291 4 12 0.02540672 
4 506 8 15 0.025365481 
1019 200 5 18 0.025355762 
643 185 7 21 0.025348648 
724 81 5 20 0.02531085 
378 290 4 14 0.025307007 
527 420 7 9 0.025302725 
148 148 4 20 0.025278501 
619 351 7 22 0.02527383 
202 572 14 30 0.02527325 
84 279 4 12 0.02527194 
992 342 6 13 0.025253128 
999 440 9 19 0.025250454 
285 584 7 14 0.025242386 
23 515 14 21 0.025239049 
785 391 6 14 0.02523214 
311 535 7 14 0.025201524 
402 350 5 8 0.025181722 
833 261 8 16 0.025167374 
1018 625 6 13 0.02516477 
762 327 5 18 0.025162859 
177 425 13 21 0.025156198 
8 613 16 29 0.025152778 
453 302 5 15 0.0251197 
833 234 10 24 0.025089303 
199 147 4 17 0.025087455 
915 294 4 11 0.025062965 
818 290 9 22 0.025059097 
480 264 4 14 0.025056127 
927 320 6 10 0.025041327 
643 196 7 24 0.024993077 
239 304 4 14 0.024990594 
597 110 5 17 0.02497734 
942 406 5 14 0.024944358 
297 672 8 15 0.024916291 
607 161 5 17 0.024909638 
627 309 9 27 0.024900002 
186 332 5 10 0.02487145 
321 442 12 16 0.024862263 
87 518 16 17 0.024847817 
338 348 6 9 0.024847656 
262 526 7 9 0.024833253 
54 422 8 12 0.024822976 
630 297 8 24 0.024820853 
275 266 4 12 0.0248191 
87 507 15 15 0.024788685 
375 618 7 25 0.024785176 
926 393 6 13 0.024767496 
263 240 3 12 0.024731768 
599 442 9 19 0.024722468 
1019 212 5 19 0.024716685 
671 186 5 16 0.024708869 
822 367 6 13 0.02470164 
198 644 18 24 0.024689572 
281 660 10 16 0.024673913 
276 253 4 12 0.024664879 
745 61 6 15 0.024624586 
735 186 6 18 0.024594987 
952 394 5 15 0.024563232 
609 289 4 18 0.02454169 
897 197 8 19 0.024532216 
911 182 9 22 0.024491249 
737 160 5 18 0.024483187 
120 599 6 13 0.024460576 
660 228 5 13 0.024408778 
281 670 10 18 0.024407445 
364 502 11 18 0.024405906 
1019 238 5 19 0.024399934 
673 149 5 14 0.02439273 
467 290 4 14 0.024379099 
173 161 5 19 0.024375834 
620 322 7 24 0.024367811 
773 215 6 13 0.024338981 
365 253 4 14 0.024307659 
349 647 8 16 0.024282526 
505 276 5 16 0.024278661 
784 559 7 13 0.024275115 
786 548 5 11 0.024246586 
427 304 5 14 0.024223238 
784 220 9 18 0.024212364 
381 496 13 14 0.02420836 
230 554 10 20 0.024183473 
557 251 5 15 0.024182042 
206 524 7 11 0.024131687 
467 278 4 14 0.024121076 
991 638 5 10 0.024118554 
645 209 6 20 0.02411359 
321 566 9 22 0.024109552 
917 453 4 7 0.024096103 
976 284 6 28 0.02409609 
545 438 5 7 0.024089303 
646 243 6 11 0.024087386 
884 126 8 16 0.024057684 
415 266 5 13 0.024055557 
722 331 6 32 0.024053194 
244 572 9 16 0.024021579 
2 661 8 19 0.023989629 
776 419 4 14 0.023978671 
898 329 7 15 0.023951566 
187 585 17 37 0.023949314 
786 678 5 8 0.023935977 
99 530 15 23 0.023905825 
617 404 8 16 0.023895923 
607 99 4 15 0.023890385 
789 509 7 13 0.02388689 
734 242 6 10 0.02388069 
776 404 4 14 0.023869509 
684 137 6 15 0.023850856 
837 380 6 15 0.023836367 
1 695 78 95 0.023829125 
365 315 5 14 0.023824237 
516 435 6 9 0.023806589 
632 242 6 11 0.023796184 
845 326 10 22 0.023794357 
570 348 5 10 0.02379036 
451 360 6 9 0.02377769 
660 148 5 15 0.023748148 
912 261 7 20 0.02373778 
989 378 6 15 0.023736732 
425 350 5 9 0.023734156 
788 586 6 11 0.023706516 
777 483 4 16 0.023696562 
1019 173 6 20 0.023688084 
448 480 10 16 0.023675019 
759 174 6 15 0.023673562 
738 109 5 19 0.023663515 
593 359 6 11 0.023660006 
320 453 12 17 0.023657992 
852 494 4 14 0.02364864 
661 108 5 20 0.023641985 
915 122 5 17 0.023610976 
644 169 7 21 0.023577517 
606 85 5 15 0.023568762 
308 521 8 14 0.023548964 
284 553 8 17 0.023502903 
785 319 5 13 0.023497263 
777 445 4 12 0.023455538 
326 226 5 15 0.023433462 
12 539 15 27 0.023431955 
940 394 6 14 0.023428705 
991 99 5 14 0.023427967 
609 124 4 16 0.02341915 
302 459 18 23 0.023417678 
518 302 5 17 0.023394343 
557 263 5 15 0.023391552 
760 226 7 13 0.023384366 
605 384 6 12 0.023370354 
516 477 7 16 0.023355436 
44 277 6 13 0.02333167 
735 198 6 17 0.023326477 
850 594 9 20 0.023323143 
408 507 10 17 0.02328667 
146 -187 359 106 0.023270229 
528 436 6 9 0.023256317 
193 509 9 12 0.023246698 
1012 430 9 17 0.023206541 
505 289 5 16 0.023203392 
532 469 6 11 0.023197887 
390 636 5 17 0.023197303 
276 239 4 13 0.023181101 
89 568 11 17 0.023177031 
301 289 5 14 0.023168623 
289 456 22 26 0.023119237 
774 319 5 14 0.02308179 
298 559 7 15 0.02306361 
149 307 4 10 0.023059683 
671 174 5 15 0.023055162 
606 171 6 19 0.023022637 
116 540 11 23 0.023008505 
736 173 6 17 0.022985587 
131 552 9 21 0.02298378 
777 432 3 12 0.02297098 
736 49 4 12 0.022948554 
607 150 5 15 0.022935588 
82 304 5 12 0.022926647 
271 660 12 17 0.022923406 
937 122 6 18 0.02290087 
621 599 5 9 0.022870341 
300 637 7 14 0.02284189 
135 317 5 11 0.022837615 
56 291 5 13 0.022831634 
929 107 6 20 0.022818899 
992 423 5 9 0.022780351 
914 224 7 17 0.022763772 
1020 188 5 18 0.022746634 
233 587 11 17 0.022740271 
71 279 4 11 0.022722783 
728 267 8 14 0.022716895 
477 611 7 13 0.022708202 
434 484 14 23 0.022703845 
212 303 4 14 0.022695012 
747 351 6 20 0.02267659 
1019 276 6 18 0.022670092 
426 291 5 14 0.02265931 
481 277 4 15 0.022615042 
598 226 4 15 0.022583675 
577 -27 194 291 0.02258014 
789 430 5 13 0.022575144 
1003 398 5 11 0.022554904 
759 68 9 22 0.022513479 
477 480 7 15 0.022502288 
878 521 4 15 0.022474835 
1004 364 6 15 0.022469118 
850 276 6 17 0.022466213 
180 492 10 17 0.022426926 
608 113 4 15 0.022419536 
12 580 14 24 0.022408135 
382 484 14 14 0.022388026 
287 320 4 11 0.022373848 
313 302 5 14 0.022372013 
852 519 4 15 0.022358458 
291 477 16 21 0.022358295 
67 484 8 11 0.022345465 
952 357 6 10 0.022342335 
878 507 5 17 0.022338195 
288 227 4 13 0.022289205 
672 162 6 14 0.022281274 
619 337 7 24 0.022253342 
619 266 6 13 0.022249078 
128 481 12 17 0.022243947 
814 126 7 15 0.022226777 
607 371 5 11 0.022203306 
1005 613 4 11 0.022190219 
921 374 8 20 0.022162033 
979 109 5 16 0.022151725 
232 569 10 20 0.022144396 
927 291 6 16 0.022134854 
321 649 9 14 0.022120703 
979 624 5 13 0.022111738 
119 280 4 11 0.022111613 
747 174 6 16 0.022097655 
633 255 7 11 0.022096107 
684 231 5 10 0.022088155 
645 136 5 15 0.022055618 
988 367 6 13 0.02204899 
912 406 7 13 0.022040881 
901 394 5 14 0.02203956 
607 253 4 14 0.0220366 
301 239 4 15 0.022019878 
90 647 12 20 0.022010187 
344 537 14 30 0.021968687 
1003 350 7 16 0.0219592 
777 537 4 9 0.021957222 
770 222 8 16 0.021950625 
202 658 13 18 0.02193219 
1003 641 4 8 0.021929964 
389 620 6 22 0.021908049 
990 261 5 22 0.021884577 
383 451 15 19 0.02188292 
500 469 9 14 0.021862725 
844 336 9 22 0.021861307 
934 253 11 30 0.021860657 
256 481 17 25 0.0218571 
849 263 6 15 0.02184311 
391 665 4 11 0.021816242 
633 265 9 13 0.021811886 
845 234 10 21 0.021791589 
991 353 6 14 0.021791415 
852 507 4 14 0.021790456 
105 633 11 20 0.021776825 
150 604 13 25 0.021761404 
149 161 4 20 0.021753108 
304 478 13 19 0.021747533 
661 186 5 18 0.021709725 
581 411 6 8 0.02170897 
239 596 14 19 0.021681605 
720 255 7 11 0.021664659 
272 647 10 15 0.021656672 
771 107 10 23 0.021640169 
810 574 6 11 0.021636115 
707 230 7 11 0.021632634 
516 471 6 12 0.021606432 
407 535 18 32 0.021601068 
284 570 8 17 0.021595152 
1018 639 6 11 0.021592354 
127 416 109 100 0.021548416 
747 162 5 15 0.02154555 
345 451 11 16 0.021503747 
801 677 4 8 0.02148193 
203 670 14 20 0.021442415 
963 624 5 13 0.021431495 
117 493 9 17 0.021415697 
134 575 7 15 0.021414557 
904 360 8 23 0.021406503 
644 147 6 18 0.021401409 
556 457 5 10 0.021398125 
781 142 11 22 0.021397747 
494 289 5 16 0.021396048 
926 346 6 10 0.021390306 
899 338 8 16 0.02138809 
261 304 4 13 0.021344954 
395 479 14 16 0.02133948 
990 395 5 11 0.021323357 
726 61 5 14 0.02130362 
93 635 9 16 0.021293165 
927 332 6 10 0.02128571 
14 516 11 20 0.021276264 
598 123 4 17 0.021270698 
64 382 11 20 0.021245291 
333 661 10 15 0.021232642 
776 496 5 15 0.021213315 
788 420 6 13 0.021211138 
824 115 7 14 0.021196136 
314 227 4 13 0.021149926 
795 264 9 18 0.021133075 
41 637 8 14 0.021129457 
889 496 5 14 0.021126842 
2 555 8 19 0.021121742 
2 635 8 17 0.021104584 
953 378 5 15 0.021086996 
798 249 8 19 0.021042898 
914 210 8 19 0.021024926 
979 419 6 12 0.021020982 
404 638 4 14 0.020996332 
503 350 7 9 0.020962995 
745 241 6 12 0.02096296 
952 367 5 12 0.020960972 
705 147 8 21 0.020939792 
97 319 5 10 0.020931661 
596 238 5 15 0.020874731 
966 538 4 10 0.02084888 
17 316 5 15 0.020769179 
5 264 5 15 0.020754647 
238 292 4 13 0.020724908 
952 418 6 16 0.020704275 
219 536 9 13 0.020703483 
621 124 6 14 0.020694891 
863 482 6 18 0.020691525 
384 466 15 18 0.02069002 
914 137 6 16 0.020673215 
786 667 5 8 0.020668201 
409 479 13 16 0.02065205 
608 136 5 15 0.020638982 
747 48 5 12 0.020625573 
417 579 14 20 0.020620989 
295 494 11 16 0.020615919 
428 650 7 12 0.020592846 
660 200 5 17 0.020591432 
822 126 11 18 0.020573365 
481 290 4 15 0.020572266 
454 278 4 14 0.02055992 
682 242 7 11 0.020553049 
149 293 4 11 0.02054067 
978 586 4 15 0.020534532 
747 231 5 10 0.020530866 
144 453 14 20 0.020522296 
125 664 24 28 0.020512756 
154 593 10 22 0.020491548 
180 600 14 28 0.020479705 
220 466 9 16 0.020475898 
307 496 10 14 0.020458758 
465 623 9 16 0.020415716 
180 388 11 21 0.020366117 
148 121 4 16 0.020363864 
80 467 13 16 0.020363739 
1005 304 4 16 0.020358367 
42 517 9 15 0.020340703 
940 451 5 7 0.020330662 
117 481 9 14 0.020294812 
263 190 4 14 0.020294309 
835 276 7 17 0.020282676 
169 649 9 15 0.020268688 
876 482 5 19 0.020267315 
758 57 9 20 0.020263327 
557 238 5 15 0.020199627 
167 576 11 24 0.020190082 
13 568 14 22 0.02017896 
346 469 10 14 0.020169213 
326 499 8 11 0.020141544 
661 213 4 16 0.020133525 
24 657 14 20 0.02013018 
910 391 7 15 0.020105813 
900 278 5 15 0.020102486 
79 426 107 116 0.020093437 
54 481 8 15 0.020062359 
851 20 5 19 0.020053705 
784 280 7 12 0.020024976 
759 187 6 15 0.020024152 
371 486 13 14 0.020004923 
319 464 13 18 0.020004569 
848 376 7 22 0.019993568 
749 327 5 19 0.019991655 
1017 376 8 18 0.019961402 
335 500 9 11 0.01993554 
746 187 6 15 0.019926615 
992 74 5 15 0.019918632 
25 634 12 19 0.019914195 
729 273 9 16 0.019913599 
259 639 8 11 0.019911887 
811 535 6 11 0.019903319 
777 575 5 10 0.019901685 
764 356 4 16 0.019895336 
263 228 4 12 0.019893918 
542 654 5 7 0.019881267 
772 272 5 8 0.01987708 
1019 58 6 21 0.0198756 
252 201 4 15 0.01986581 
462 598 9 15 0.019864429 
948 252 10 32 0.01985691 
129 513 12 23 0.019855665 
247 544 7 17 0.01981928 
925 406 7 14 0.019812806 
858 229 11 27 0.019802826 
787 406 5 13 0.01978786 
597 85 4 14 0.019774104 
161 134 4 17 0.019773174 
396 536 15 31 0.019770756 
774 203 6 12 0.019766787 
307 507 10 15 0.019751234 
116 553 10 20 0.019748516 
826 98 6 16 0.019723732 
481 303 4 15 0.019722784 
374 560 13 27 0.019705955 
211 388 30 38 0.0196609 
596 97 5 16 0.019647582 
863 18 5 20 0.019636257 
467 303 4 14 0.019635692 
276 228 4 11 0.019609043 
768 159 9 19 0.019602899 
90 493 13 15 0.019580225 
912 345 6 12 0.019558076 
770 172 7 18 0.01949544 
621 254 5 11 0.019488404 
568 425 6 7 0.019487975 
953 450 5 8 0.019482587 
52 668 13 20 0.019480577 
916 485 4 11 0.019477399 
803 496 13 18 0.019476961 
903 549 4 11 0.019467913 
387 607 7 23 0.019459542 
141 535 13 31 0.01945875 
772 188 7 15 0.01943861 
358 448 13 18 0.019417793 
597 149 4 16 0.019398829 
339 316 5 13 0.019346252 
211 160 4 17 0.019307084 
429 477 12 17 0.019295756 
104 494 11 16 0.01928992 
874 612 8 15 0.019280007 
333 452 11 16 0.019266056 
41 335 6 10 0.019265475 
334 539 14 27 0.019263169 
135 293 4 11 0.019255383 
978 572 4 13 0.019222265 
807 256 11 26 0.01920325 
476 624 8 15 0.019200277 
735 231 5 10 0.019167483 
858 594 10 20 0.01916597 
444 278 4 14 0.019155968 
912 196 8 21 0.019145722 
231 669 11 20 0.01914431 
153 539 12 26 0.019127332 
797 237 8 19 0.01912632 
103 550 13 26 0.019124575 
197 347 4 10 0.01910708 
494 277 5 15 0.019106315 
531 626 5 11 0.019103315 
606 185 5 18 0.019090796 
506 303 5 15 0.019077187 
1004 626 4 10 0.019075027 
257 648 9 14 0.01907249 
391 650 5 14 0.019068947 
598 136 4 16 0.019067338 
878 533 4 14 0.019057577 
874 115 7 11 0.019037012 
1017 318 8 20 0.01902078 
56 278 5 13 0.019019196 
824 575 6 13 0.019007966 
773 95 9 22 0.019005254 
118 473 8 11 0.019003667 
207 479 9 16 0.018998368 
235 513 7 11 0.018983843 
963 637 6 13 0.018965408 
246 555 7 18 0.01895757 
761 216 6 12 0.018954953 
467 360 5 10 0.018938506 
556 423 6 9 0.01892549 
861 174 81 130 0.018907132 
427 278 4 13 0.018879242 
823 379 6 14 0.01886042 
608 595 5 13 0.0188512 
378 253 4 13 0.018847035 
136 135 4 18 0.018842736 
199 305 5 12 0.018827261 
793 593 9 15 0.018823735 
962 674 8 15 0.01880166 
846 350 8 21 0.018801268 
401 664 5 12 0.018801162 
967 595 5 20 0.01879142 
1 646 9 19 0.018781178 
938 379 6 15 0.018778741 
898 148 8 19 0.018774014 
1015 482 8 14 0.018772623 
14 633 11 19 0.018760592 
762 273 5 8 0.018745422 
103 479 11 15 0.018738862 
786 485 5 13 0.01871868 
102 469 12 16 0.018706243 
56 499 7 10 0.018678835 
632 600 6 9 0.018674364 
22 618 14 23 0.01865147 
314 214 4 14 0.01862141 
326 316 5 13 0.01858782 
670 68 9 19 0.018577516 
953 538 4 10 0.018569306 
777 513 4 11 0.018568162 
325 520 10 16 0.018567163 
542 421 6 9 0.018509757 
83 267 5 12 0.01850602 
57 304 5 13 0.018478155 
37 669 13 20 0.018456526 
1003 377 6 15 0.01844336 
787 497 6 12 0.018434143 
833 300 10 24 0.018411268 
793 276 10 19 0.01836427 
273 555 8 17 0.018331887 
813 83 6 17 0.0183282 
321 482 9 14 0.018304601 
398 498 10 12 0.018288828 
83 334 5 10 0.018283475 
301 227 4 14 0.018280191 
873 241 10 29 0.01827021 
992 430 6 12 0.018238664 
597 172 5 18 0.018235924 
916 110 5 17 0.018231124 
263 215 4 13 0.018219452 
897 611 10 14 0.018218404 
350 486 8 11 0.018213714 
494 347 6 10 0.018197156 
274 506 10 16 0.018178867 
246 534 8 14 0.018172795 
32 291 5 13 0.018148832 
352 316 5 13 0.018132556 
184 294 5 12 0.018095486 
38 659 11 17 0.018091286 
1005 48 4 15 0.018077007 
143 464 13 20 0.018063806 
139 516 16 36 0.018061304 
620 241 5 12 0.018029356 
844 202 16 29 0.018019129 
864 532 5 16 0.018016674 
408 494 12 15 0.018003365 
898 416 7 13 0.017995002 
889 610 8 14 0.017980374 
376 541 10 25 0.017963383 
106 329 6 12 0.017962886 
827 96 77 99 0.017960206 
221 524 8 11 0.017935226 
914 560 5 12 0.01793462 
926 452 4 7 0.017929513 
178 442 11 19 0.017920548 
468 266 4 12 0.017911296 
71 333 5 11 0.017894972 
1006 278 3 14 0.01789162 
179 573 15 34 0.01789106 
350 497 9 12 0.017878722 
926 274 7 20 0.017863072 
765 368 5 16 0.017854214 
978 562 4 11 0.017845998 
440 612 6 13 0.017845236 
543 627 4 11 0.0178374 
890 450 4 8 0.017830016 
966 525 5 11 0.01782402 
569 465 8 16 0.017821833 
607 239 5 13 0.01779261 
191 671 14 19 0.01777066 
912 548 5 12 0.01775155 
325 507 11 14 0.017741201 
326 348 6 10 0.017737305 
437 515 11 24 0.017725976 
598 214 4 16 0.017725803 
439 529 10 22 0.01772106 
556 113 5 11 0.017708566 
533 278 4 14 0.017679915 
4 82 5 21 0.017669259 
1000 474 8 13 0.017669085 
403 622 6 18 0.017658819 
606 586 6 11 0.017628264 
671 199 5 16 0.01758904 
992 411 5 9 0.01755789 
796 146 10 22 0.017555948 
241 407 209 190 0.017554749 
94 333 6 10 0.01755256 
38 602 13 23 0.017543525 
770 45 9 17 0.017533017 
224 291 4 14 0.01753295 
67 468 10 14 0.017532844 
646 226 6 15 0.017527891 
783 58 11 21 0.017522892 
771 57 11 21 0.017508918 
1017 612 6 15 0.017503817 
758 45 8 15 0.017499618 
151 520 14 31 0.017496107 
723 590 5 7 0.017493404 
323 660 10 15 0.01746936 
835 116 8 12 0.017469164 
518 290 4 15 0.01746139 
556 122 5 14 0.017453175 
833 332 10 26 0.0174367 
416 314 5 15 0.01743642 
890 535 3 11 0.017434917 
70 318 5 12 0.017423438 
965 124 5 15 0.017373912 
517 312 6 17 0.01729614 
220 512 8 11 0.017294032 
38 534 11 18 0.0172899 
965 611 5 15 0.01727921 
837 521 5 13 0.017276155 
557 277 5 14 0.017249422 
797 135 9 18 0.017246148 
219 581 11 20 0.017214537 
506 264 5 15 0.017208388 
38 647 11 17 0.017198214 
847 301 9 21 0.017191526 
4 469 9 15 0.017188797 
847 116 9 11 0.017187806 
706 210 8 18 0.017181918 
617 390 10 19 0.01716426 
808 275 11 23 0.017124424 
499 476 9 18 0.017104138 
684 198 6 16 0.017099274 
491 489 9 19 0.017096814 
248 649 8 15 0.017081644 
423 518 11 21 0.017081259 
924 649 10 12 0.017073879 
963 650 7 11 0.017071119 
1017 651 6 10 0.017065957 
529 347 5 9 0.017065167 
363 488 9 10 0.017046366 
178 617 15 25 0.017031278 
857 609 230 292 0.017028006 
543 460 5 10 0.017021917 
671 214 5 15 0.017019963 
597 187 5 17 0.01700918 
891 458 4 10 0.016993273 
798 155 11 28 0.016967159 
358 538 10 23 0.016966198 
796 290 8 14 0.016964113 
903 559 4 11 0.016963987 
811 585 5 10 0.016941957 
148 175 5 19 0.01694083 
900 123 6 15 0.0169175 
722 243 6 9 0.016917052 
817 136 18 34 0.016915802 
631 125 5 14 0.01689146 
499 505 9 17 0.016880708 
916 460 4 8 0.016847692 
683 123 6 17 0.016834665 
617 416 7 15 0.016814535 
852 32 5 20 0.016813561 
993 59 4 16 0.016805017 
426 661 9 14 0.016793834 
168 665 11 14 0.016772794 
263 203 4 13 0.016766598 
823 391 5 16 0.016763942 
16 267 5 11 0.016763171 
762 550 4 10 0.016742906 
170 634 11 18 0.016736485 
579 347 6 12 0.01670071 
733 301 6 19 0.016671566 
826 166 20 40 0.016663628 
657 265 157 285 0.016663134 
941 417 6 15 0.016650543 
386 525 10 22 0.016650192 
434 555 12 19 0.016634446 
844 173 17 34 0.016608808 
901 526 4 10 0.016603906 
436 501 12 24 0.01659836 
603 455 7 14 0.016592165 
1 571 10 19 0.016587667 
606 200 5 16 0.01656853 
760 201 6 14 0.016533138 
332 564 13 28 0.016531486 
52 465 10 18 0.016530983 
903 536 4 9 0.016518056 
547 446 4 9 0.016501984 
788 471 4 12 0.016477747 
911 331 6 11 0.016471945 
940 434 6 11 0.016471675 
313 318 5 12 0.016444473 
517 277 5 14 0.016443964 
847 365 7 21 0.016425611 
196 427 12 20 0.016424494 
454 315 5 15 0.016416686 
207 510 8 12 0.016395725 
529 480 7 15 0.016394196 
940 357 5 10 0.01639275 
371 467 13 16 0.01638487 
827 84 4 15 0.016381381 
889 549 4 12 0.016371552 
310 332 5 11 0.01636338 
147 459 29 43 0.016351376 
545 278 4 13 0.016346293 
531 303 5 17 0.016339248 
2 452 11 17 0.016329993 
298 648 7 13 0.01632443 
302 214 3 13 0.016321255 
21 602 16 25 0.01631768 
758 237 8 15 0.016309995 
396 350 176 158 0.01629508 
44 302 6 15 0.016287474 
333 464 12 18 0.016279293 
80 478 12 15 0.016273413 
859 244 10 23 0.016272314 
839 586 4 14 0.01626557 
848 285 8 20 0.016253838 
963 665 6 10 0.016250303 
259 467 35 54 0.016236616 
210 174 5 17 0.016236037 
1002 481 7 13 0.016223554 
875 16 6 22 0.016195966 
953 525 4 9 0.016193792 
952 663 7 11 0.016187347 
597 470 5 11 0.01617261 
989 274 6 23 0.016166722 
760 601 5 8 0.01614354 
40 620 11 19 0.0161326 
373 515 11 19 0.016108414 
168 590 10 24 0.01609758 
289 215 3 13 0.016095668 
120 329 6 13 0.01607738 
871 619 12 19 0.016068188 
660 60 5 15 0.016054144 
289 174 4 15 0.016044663 
440 639 6 13 0.016042618 
953 671 8 17 0.016028516 
797 428 12 15 0.016020477 
619 432 5 13 0.016020073 
494 302 4 15 0.015994214 
187 161 5 17 0.015986726 
992 651 6 11 0.015984446 
952 432 6 13 0.015981864 
221 481 9 14 0.015968611 
991 628 4 10 0.015963174 
774 667 5 7 0.015950274 
646 124 5 15 0.015939089 
936 652 8 10 0.01593739 
541 665 6 8 0.015932828 
332 671 12 16 0.015928514 
417 664 5 11 0.015865495 
745 200 6 15 0.015837703 
454 626 7 12 0.015837697 
243 671 9 19 0.01583219 
0 770 80 78 0.015830304 
990 288 5 21 0.01580364 
326 213 5 15 0.015782738 
247 511 8 13 0.015736299 
761 590 5 8 0.015730044 
721 229 7 13 0.015713513 
520 627 5 11 0.015711324 
273 669 11 18 0.015709385 
205 494 10 14 0.0157053 
926 461 5 7 0.015696539 
876 470 6 16 0.01569475 
978 637 5 12 0.01568001 
176 552 31 64 0.015672047 
390 253 5 14 0.015653508 
441 626 6 13 0.015642665 
681 108 6 20 0.015641842 
805 557 8 16 0.015641565 
859 273 8 18 0.015622596 
943 537 4 10 0.015609571 
887 112 6 13 0.015575435 
785 270 7 11 0.015568096 
543 346 5 10 0.015543903 
130 493 12 18 0.015539533 
900 111 6 15 0.015527356 
897 316 7 13 0.015507206 
597 201 4 16 0.015505505 
899 135 7 18 0.015482256 
870 27 153 269 0.015439564 
749 603 4 7 0.0154308975 
403 314 5 15 0.0154228145 
277 319 5 12 0.015420287 
937 662 8 12 0.015405245 
835 287 8 20 0.015401397 
466 316 5 14 0.015397621 
759 37 8 12 0.015390453 
992 86 4 15 0.015389664 
597 161 4 17 0.015362932 
839 597 6 15 0.015362846 
545 265 4 13 0.015329139 
889 16 7 21 0.015316714 
606 357 5 15 0.015316211 
608 71 5 14 0.015310222 
952 624 7 13 0.015308899 
813 97 6 17 0.015296929 
403 652 5 13 0.015285599 
894 408 4 11 0.015278179 
115 656 19 21 0.015277318 
939 366 6 13 0.015272054 
4 59 559 686 0.015269279 
4 73 5 17 0.015253534 
847 312 9 22 0.015251358 
300 321 5 11 0.015234207 
773 677 7 10 0.015225591 
96 254 5 12 0.015224339 
13 671 12 22 0.01522138 
235 478 12 17 0.015220321 
633 614 5 9 0.015215414 
533 291 4 15 0.015207848 
199 174 4 19 0.015204193 
79 387 10 16 0.015198425 
788 458 4 12 0.015181761 
276 305 4 12 0.015159705 
425 504 10 20 0.015142841 
251 176 5 18 0.0151329525 
197 319 5 12 0.015114322 
680 91 9 24 0.015105438 
821 274 9 22 0.015103041 
250 161 5 17 0.0150970835 
449 518 11 20 0.015075325 
556 291 5 13 0.015073896 
360 470 10 13 0.015040213 
911 416 8 15 0.01503373 
252 264 4 15 0.015027333 
848 389 6 21 0.015017315 
799 391 7 14 0.015011377 
812 704 5 9 0.015010307 
837 509 5 13 0.014999996 
262 587 6 13 0.014964816 
850 483 5 15 0.014963719 
783 119 9 21 0.014949122 
287 305 5 12 0.014944145 
760 626 5 8 0.014904501 
363 328 6 13 0.014900645 
837 402 7 19 0.014897683 
188 150 4 16 0.014893822 
1001 666 6 10 0.014887289 
838 574 5 13 0.014879122 
901 469 6 12 0.014865053 
443 315 5 15 0.0148461135 
825 587 5 12 0.014841483 
860 261 7 19 0.014825785 
749 616 5 8 0.01479153 
762 280 5 9 0.014785631 
351 329 6 14 0.014762308 
309 647 9 13 0.014723148 
965 417 6 16 0.014712202 
134 672 25 34 0.014695851 
901 483 5 13 0.014691081 
783 154 11 24 0.014686988 
297 663 7 13 0.01467471 
998 458 8 14 0.014663649 
427 314 5 16 0.014653958 
684 215 6 13 0.014648864 
557 225 4 15 0.014647899 
771 35 8 14 0.014641039 
900 294 4 11 0.014640985 
211 146 5 18 0.014639947 
952 651 7 10 0.014591379 
566 250 5 16 0.014573373 
930 35 3 12 0.014568744 
723 602 4 8 0.014561393 
260 508 8 13 0.01455735 
862 29 6 24 0.01455655 
582 264 5 16 0.0145389475 
484 570 15 16 0.014532697 
351 241 5 14 0.014506858 
680 76 10 22 0.014496508 
110 662 55 68 0.014486156 
84 110 4 17 0.014484385 
583 276 4 17 0.014481584 
263 444 37 41 0.014481174 
508 109 6 12 0.014477174 
914 307 5 10 0.014469659 
799 481 8 14 0.014469087 
181 400 11 22 0.014464714 
168 619 11 21 0.014462581 
772 639 6 9 0.01444883 
621 112 5 15 0.014440143 
735 590 5 7 0.014431051 
532 265 4 15 0.014427268 
221 671 10 18 0.014415948 
481 316 4 14 0.014408404 
26 646 14 20 0.014393927 
953 637 7 11 0.014393635 
425 673 11 15 0.014374059 
857 117 32 50 0.014353225 
539 470 6 12 0.014352497 
119 267 5 11 0.014352186 
556 214 4 13 0.014287468 
710 613 5 9 0.0142825125 
437 648 8 13 0.01428208 
105 645 12 20 0.014273331 
179 665 12 14 0.014264115 
925 417 7 14 0.014253754 
737 35 5 13 0.014248208 
252 214 4 14 0.014247269 
565 237 5 17 0.014231233 
799 668 5 8 0.014214413 
951 124 6 16 0.014202964 
671 601 5 7 0.0141982455 
902 462 5 8 0.014186064 
783 289 7 12 0.014181748 
238 191 4 14 0.01418103 
732 253 8 13 0.014179696 
749 626 4 8 0.014176391 
798 406 6 13 0.014144166 
105 345 7 12 0.014119108 
492 505 7 17 0.0141127175 
964 449 5 10 0.014109825 
862 584 7 18 0.014092961 
874 597 7 15 0.014068309 
541 503 7 17 0.014061446 
556 303 5 14 0.014056443 
556 470 7 13 0.0140552595 
814 114 6 14 0.014025516 
746 36 6 13 0.0140121095 
498 490 9 19 0.013960417 
530 330 5 13 0.013952102 
765 375 6 18 0.0139500825 
851 584 6 17 0.0139193265 
1019 289 5 19 0.013914328 
837 534 5 13 0.01390334 
219 493 9 14 0.013903045 
647 273 29 89 0.013886929 
799 171 11 25 0.013882566 
1013 443 8 15 0.013882162 
735 603 5 7 0.013862567 
400 674 7 12 0.013855443 
952 613 6 14 0.013854368 
263 175 4 17 0.013843427 
837 496 5 12 0.013836907 
719 210 8 17 0.013831605 
952 461 7 7 0.01382806 
566 262 5 16 0.013817725 
3 671 7 22 0.013804113 
339 228 5 15 0.01377056 
233 663 8 14 0.013743871 
851 532 5 15 0.013741325 
889 600 6 12 0.013723451 
121 347 6 11 0.0137185715 
427 489 12 19 0.013716803 
823 534 5 11 0.013702258 
800 690 5 10 0.01370095 
201 585 42 64 0.013697245 
715 45 95 139 0.013696472 
416 653 4 10 0.01367325 
735 213 6 15 0.013646485 
466 547 10 13 0.013636939 
452 584 10 15 0.013630949 
723 135 5 19 0.013620496 
811 599 4 10 0.013619363 
893 417 5 13 0.013604996 
148 281 4 11 0.0135954125 
935 670 11 20 0.013588584 
806 547 8 13 0.013580138 
557 348 5 9 0.013572998 
938 287 7 23 0.013567132 
838 20 4 18 0.013535308 
570 111 4 12 0.013531652 
900 601 7 10 0.013510569 
302 202 4 13 0.013508897 
322 671 12 17 0.013502704 
785 235 8 18 0.013497305 
627 333 9 32 0.013491536 
173 148 5 20 0.013469405 
787 189 7 15 0.013455617 
852 572 5 15 0.013455111 
808 520 8 13 0.013446018 
914 473 5 8 0.013433144 
450 557 12 17 0.013431882 
990 445 7 14 0.013425552 
192 636 17 23 0.013425249 
824 560 6 14 0.01342035 
796 123 8 16 0.013401309 
348 662 7 13 0.01339893 
594 72 5 13 0.013395874 
460 585 11 13 0.013389839 
991 613 4 11 0.013389309 
941 524 4 9 0.01337624 
518 490 7 16 0.013367206 
454 596 8 15 0.013346951 
336 483 8 12 0.013343083 
682 654 6 12 0.013323844 
794 70 10 22 0.013317891 
620 456 6 15 0.013315026 
773 627 5 9 0.013298242 
786 308 5 10 0.013298092 
937 107 6 19 0.013293525 
83 319 5 11 0.013293476 
890 485 4 13 0.013274405 
956 568 4 19 0.013254866 
888 326 10 19 0.01324398 
135 331 5 11 0.013241687 
760 638 6 9 0.013214525 
747 271 5 9 0.013205474 
862 608 9 16 0.013200119 
476 635 9 14 0.013198568 
785 108 8 18 0.013195691 
390 314 5 15 0.013175819 
263 334 4 11 0.013159956 
71 266 4 12 0.013129227 
314 202 4 13 0.013127935 
438 599 7 13 0.013108479 
276 216 4 12 0.013106128 
325 331 6 12 0.013101218 
774 590 5 9 0.013025387 
118 460 9 12 0.013023886 
169 604 11 24 0.013015393 
1017 7 5 17 0.013002009 
582 252 5 16 0.012995715 
898 305 6 11 0.012970429 
135 266 5 12 0.012936362 
376 314 6 15 0.0129335495 
475 489 8 17 0.012928247 
913 573 6 12 0.012927335 
581 110 5 15 0.012922073 
827 73 5 15 0.0129101155 
617 68 7 16 0.012886128 
289 203 4 13 0.012884667 
238 176 4 17 0.012817255 
4 252 6 15 0.012811629 
951 285 7 26 0.012792556 
796 420 9 14 0.01278923 
517 330 6 13 0.012782526 
530 315 5 16 0.012777558 
879 546 4 15 0.01277615 
746 215 5 13 0.0127641745 
730 287 8 19 0.01276075 
136 280 4 11 0.012755307 
294 683 13 21 0.012753279 
888 560 5 12 0.0127424775 
189 612 19 33 0.012727357 
744 250 7 14 0.01268085 
377 673 6 14 0.0126602 
620 98 5 16 0.012655098 
236 613 18 24 0.012645234 
15 660 11 19 0.012644383 
761 578 5 8 0.012641729 
452 636 8 14 0.012631246 
386 417 29 39 0.012626132 
634 70 5 14 0.012624771 
250 315 5 15 0.012614705 
658 601 6 7 0.012614444 
710 590 5 7 0.0126122115 
825 600 6 11 0.012611969 
89 669 16 24 0.012610705 
422 596 8 15 0.012593829 
197 331 4 11 0.012589109 
-2 -178 106 133 0.01257838 
808 210 10 22 0.0125713395 
891 434 4 10 0.012566392 
993 46 4 15 0.012563233 
787 447 5 10 0.0125416955 
762 562 4 10 0.012536253 
4 94 5 22 0.012521363 
402 253 5 14 0.012520279 
90 304 195 194 0.012510024 
798 185 9 21 0.012502804 
56 317 6 14 0.012500591 
891 274 6 19 0.012498566 
656 641 5 8 0.012490835 
1016 476 7 11 0.012486896 
632 591 5 7 0.0124639375 
429 640 6 12 0.012462094 
235 491 10 15 0.012456802 
1005 290 4 16 0.012450176 
1004 601 4 13 0.012445592 
32 279 5 12 0.012441431 
773 291 5 11 0.012434566 
823 547 6 12 0.0124332905 
402 610 7 18 0.012432249 
706 327 9 41 0.012417405 
314 523 32 65 0.012403957 
414 609 7 17 0.01239399 
864 573 5 16 0.012387028 
339 330 5 12 0.012367542 
375 530 9 18 0.012363722 
545 123 5 13 0.01233323 
260 608 10 17 0.012325404 
774 308 4 11 0.012309098 
246 661 7 15 0.012305521 
878 460 4 12 0.012287006 
991 600 4 13 0.012286247 
179 412 11 20 0.012274583 
645 72 5 12 0.012261361 
417 639 4 12 0.012260422 
644 603 6 7 0.012244977 
748 279 6 11 0.0122367265 
543 498 6 12 0.012231362 
692 77 10 21 0.012221814 
609 303 5 16 0.012221814 
385 578 11 20 0.01222155 
795 81 10 21 0.012209041 
913 320 5 10 0.012177809 
38 389 111 116 0.012170297 
543 642 5 8 0.012161603 
455 267 4 13 0.012155802 
654 299 12 39 0.012154004 
264 160 5 17 0.012148996 
758 616 6 8 0.0121413525 
390 673 6 13 0.012138292 
517 263 5 15 0.012110332 
762 653 6 10 0.012101913 
810 169 14 34 0.012095398 
582 98 4 12 0.012068086 
772 80 11 22 0.012063755 
965 510 6 13 0.012059283 
545 291 4 14 0.012050419 
977 651 6 11 0.012037811 
622 614 4 10 0.012036224 
914 585 7 14 0.0120068295 
301 303 5 14 0.011986993 
583 239 4 15 0.0119829215 
812 613 4 11 0.011982526 
929 47 4 14 0.011976915 
161 281 4 11 0.011966284 
381 388 25 39 0.011953346 
708 67 7 17 0.011949541 
644 629 5 9 0.011947052 
1017 -1 5 13 0.011943889 
633 98 5 17 0.011935907 
889 587 5 11 0.011923008 
621 589 4 8 0.011918111 
309 673 10 15 0.0118731605 
546 252 4 13 0.011872432 
850 607 8 15 0.01186504 
17 460 35 51 0.011851847 
697 613 5 8 0.011832816 
197 135 5 16 0.011830261 
842 659 21 19 0.011826488 
784 168 9 22 0.011823429 
797 95 8 19 0.011812614 
979 100 5 15 0.011799946 
482 345 5 11 0.011798745 
556 102 6 10 0.011770264 
414 594 10 17 0.011766794 
771 236 8 17 0.011755204 
952 513 5 10 0.011729722 
471 556 13 16 0.011726866 
1018 397 6 13 0.011724273 
804 271 34 78 0.011723533 
477 597 9 14 0.011719334 
515 521 9 16 0.011686079 
218 647 11 18 0.011685876 
224 333 5 12 0.011682831 
888 574 5 12 0.011680266 
426 610 6 14 0.011662861 
569 99 5 11 0.011661449 
595 288 5 19 0.0116548175 
1018 302 7 21 0.01165205 
547 201 4 14 0.0116342 
532 640 4 9 0.011634194 
276 203 4 12 0.011633679 
528 493 7 15 0.011629677 
212 290 4 15 0.011629388 
517 654 5 8 0.011621984 
725 50 5 13 0.011595711 
435 571 10 15 0.011583792 
363 672 8 15 0.011583307 
858 287 9 18 0.011583006 
582 122 5 16 0.011576764 
201 589 15 27 0.0115738055 
223 316 5 15 0.011573058 
315 175 4 13 0.011564906 
696 589 5 8 0.011559288 
677 63 16 23 0.011548109 
243 683 12 21 0.011543852 
620 469 6 13 0.0115432 
902 511 5 11 0.011542569 
708 81 7 18 0.011542079 
518 640 5 10 0.011532117 
482 583 15 17 0.011523922 
290 189 3 14 0.011519004 
723 615 4 8 0.011513847 
505 333 5 11 0.011499494 
625 360 11 29 0.011484248 
606 472 4 12 0.011481323 
556 330 5 13 0.011469538 
785 95 9 20 0.011459659 
901 370 9 25 0.011456684 
914 597 7 12 0.011454907 
709 603 5 8 0.011450145 
212 317 5 13 0.011448176 
877 573 5 14 0.011447986 
252 227 4 13 0.011438411 
893 396 5 13 0.011434702 
619 84 6 16 0.011422683 
55 332 6 12 0.01141148 
786 688 6 11 0.01139301 
506 315 5 14 0.011391673 
940 461 6 7 0.011386384 
488 613 6 10 0.011375817 
1014 490 11 24 0.011372191 
302 188 4 14 0.011358142 
260 659 10 16 0.011355455 
880 448 4 10 0.011339556 
467 328 5 14 0.011338219 
246 634 10 16 0.011326092 
277 173 5 16 0.01131704 
347 559 14 33 0.011309205 
722 625 4 10 0.011284731 
314 189 4 13 0.011268677 
395 563 19 29 0.011243999 
825 703 4 10 0.011235367 
96 109 4 16 0.011223703 
772 652 7 11 0.011213849 
926 560 5 13 0.011207013 
327 174 5 12 0.01118257 
249 149 5 16 0.011176546 
647 85 5 15 0.011158157 
178 633 15 21 0.011158 
160 120 5 18 0.01114988 
547 214 4 14 0.011119821 
545 303 5 15 0.011112395 
858 300 10 20 0.0111075165 
530 677 6 10 0.011104458 
749 591 5 7 0.011099124 
193 657 15 17 0.011095661 
929 97 5 18 0.011094509 
473 548 10 13 0.011094138 
941 513 4 9 0.0110893985 
891 470 5 12 0.011082995 
936 270 8 28 0.011075377 
800 468 9 16 0.011069165 
1015 -138 10 30 0.0110565815 
427 267 5 13 0.011054589 
528 689 9 12 0.011017795 
902 452 4 7 0.011013099 
580 88 6 12 0.010991799 
238 278 4 14 0.010973965 
734 347 7 28 0.010965193 
813 73 5 16 0.010962488 
566 276 5 15 0.010957861 
695 575 7 10 0.0109516205 
710 624 6 12 0.010949223 
278 426 41 40 0.0109390365 
489 625 6 12 0.010918933 
428 625 5 14 0.010914598 
-27 -133 179 322 0.010908259 
977 496 6 12 0.0108965235 
861 391 6 18 0.01089082 
147 491 32 47 0.01088891 
261 672 9 17 0.0108801415 
281 684 13 19 0.01087117 
821 401 6 16 0.010869032 
250 331 5 13 0.010866588 
679 310 11 46 0.010847809 
736 627 4 8 0.010847022 
530 506 7 15 0.010840602 
863 470 5 17 0.0108314175 
762 677 6 10 0.010818 
486 546 11 14 0.010805261 
476 571 11 14 0.010785401 
462 517 9 19 0.010781119 
252 239 4 14 0.010778128 
481 330 4 13 0.010777854 
359 400 31 43 0.010762329 
925 435 6 10 0.010753951 
842 186 32 54 0.010747931 
924 573 5 13 0.010731699 
43 317 6 13 0.010731092 
546 227 4 13 0.010729564 
619 445 6 13 0.010721408 
454 613 7 13 0.010710317 
84 99 4 15 0.01070582 
978 549 4 11 0.010702671 
785 641 5 8 0.010696216 
385 650 370 322 0.010691589 
476 520 8 14 0.010675437 
338 214 5 15 0.010673548 
464 554 14 19 0.010670014 
277 189 4 13 0.010668796 
55 348 7 10 0.010641561 
923 641 8 9 0.010635815 
348 674 9 13 0.010618573 
956 167 23 64 0.010618557 
556 201 4 14 0.01061746 
463 636 10 14 0.010611892 
451 573 10 14 0.010610846 
827 126 36 51 0.010607763 
646 112 5 15 0.010607702 
213 332 4 11 0.010604805 
1019 45 6 22 0.010578775 
443 267 4 13 0.010574698 
901 432 5 11 0.01055028 
646 640 5 10 0.010536859 
801 704 4 10 0.010533438 
645 613 5 8 0.010531194 
31 304 5 13 0.0105202375 
747 362 6 23 0.010516595 
888 313 8 15 0.0105158705 
107 254 5 12 0.010513781 
103 656 16 21 0.010507632 
263 149 5 16 0.010500436 
762 666 5 8 0.010482239 
838 547 5 13 0.010477788 
476 584 12 15 0.010476982 
261 316 5 14 0.010452275 
515 687 9 13 0.010451018 
435 662 9 13 0.010436071 
200 291 4 14 0.010432201 
21 98 3 16 0.010411694 
260 623 8 12 0.010410476 
142 512 31 62 0.010404175 
839 611 5 13 0.010393694 
29 318 7 13 0.010384506 
914 434 5 11 0.010366317 
96 122 5 17 0.010364234 
518 665 6 9 0.010354138 
159 567 32 64 0.010340012 
597 -191 313 127 0.010328942 
82 124 6 18 0.010317523 
278 160 4 16 0.010310143 
465 34 214 262 0.010294984 
965 461 6 8 0.010291637 
851 559 5 16 0.010287908 
627 275 29 70 0.010257921 
838 561 5 13 0.010255985 
966 497 5 10 0.010228443 
811 626 5 11 0.010200933 
415 624 6 15 0.010194792 
917 32 4 17 0.010194494 
938 193 24 59 0.010178446 
868 630 14 19 0.010155627 
494 332 4 12 0.010146242 
415 674 8 12 0.010142095 
2 432 31 49 0.010135023 
437 585 8 14 0.010132066 
454 328 5 15 0.010112135 
799 307 6 13 0.010091568 
979 449 5 10 0.010072518 
462 535 9 14 0.010072304 
697 602 5 8 0.010068549 
62 675 21 31 0.010048251 
878 559 5 15 0.0100374855 
486 596 9 13 0.010036532 
21 679 18 29 0.01003278 
832 219 14 26 0.0100293895 
836 7 6 20 0.010027219 
826 627 5 11 0.010026853 
556 316 5 15 0.0100185545 
505 650 5 9 0.01001522 
533 654 4 8 0.01001272 
857 365 10 20 0.010012081 
386 595 8 19 0.010009639 
965 110 6 16 0.010006767 
