4_Dancing_Dancing_4_53
2634
286 188 90 87 0.9963703 
398 237 76 87 0.9901945 
563 275 100 86 0.9590099 
94 218 92 101 0.90730333 
780 379 350 258 0.5449928 
231 371 128 206 0.42731652 
675 160 601 526 0.32180285 
0 523 156 216 0.24879003 
230 732 207 204 0.24586132 
367 352 94 119 0.14568293 
39 206 81 133 0.14308783 
65 118 151 195 0.13502073 
365 798 18 35 0.10970297 
464 840 7 12 0.1081979 
76 499 18 25 0.10652825 
477 840 7 13 0.10361302 
166 197 85 99 0.10321204 
464 161 12 20 0.102741644 
454 842 7 12 0.10248484 
436 803 9 16 0.095267676 
0 159 75 156 0.09521521 
6 617 179 282 0.09324938 
700 652 14 35 0.08884895 
491 840 7 13 0.08738305 
477 835 6 10 0.07594484 
453 75 225 269 0.07526815 
494 832 6 11 0.074236535 
452 671 6 20 0.07410735 
192 350 15 47 0.07378953 
224 821 5 10 0.07260254 
435 814 9 16 0.07125399 
484 485 12 36 0.07116531 
332 220 89 95 0.070967026 
583 213 221 197 0.070699975 
714 521 11 17 0.07034361 
613 775 16 25 0.070082 
467 836 5 9 0.069988765 
-21 289 140 217 0.06966603 
211 835 5 9 0.06856938 
90 354 94 135 0.0677499 
705 522 13 17 0.06663139 
397 658 10 25 0.0663021 
200 244 85 107 0.06531615 
715 668 11 35 0.06488569 
230 857 12 33 0.06470497 
222 844 7 12 0.06404384 
50 182 13 27 0.06391101 
527 757 13 25 0.06390264 
235 212 94 100 0.063864075 
411 671 10 29 0.06375623 
732 352 9 15 0.063747175 
703 511 13 14 0.063355066 
222 833 6 10 0.062917516 
266 167 13 34 0.06283492 
566 681 8 29 0.061507966 
543 495 6 16 0.061288 
437 830 8 13 0.06116283 
603 50 9 31 0.06114425 
618 49 9 36 0.06100376 
713 532 12 22 0.06010938 
99 274 88 127 0.059672087 
570 828 21 29 0.05966322 
759 513 23 33 0.059094563 
718 642 9 28 0.058647063 
439 670 8 26 0.058521826 
441 840 8 14 0.05814877 
208 842 8 13 0.057952672 
211 226 20 40 0.057125513 
165 174 16 17 0.05686187 
275 227 108 138 0.056735173 
207 172 88 106 0.056003917 
346 673 8 17 0.055896424 
503 725 7 21 0.055782415 
383 800 13 28 0.0555933 
145 256 84 116 0.055532165 
498 760 11 23 0.055513192 
-3 388 164 235 0.05549604 
466 672 6 17 0.055282097 
431 805 6 13 0.054970175 
566 777 9 16 0.054882392 
331 822 13 30 0.054625228 
555 498 5 13 0.054586012 
154 637 9 17 0.0542312 
388 659 8 22 0.053909134 
490 748 8 23 0.053517263 
530 553 7 27 0.053053502 
454 761 204 148 0.05292038 
495 769 13 29 0.05269956 
501 750 9 20 0.05262529 
592 105 9 32 0.05256319 
567 500 6 12 0.05246829 
310 39 8 30 0.05235828 
582 510 6 14 0.052324925 
328 379 89 130 0.052303597 
175 174 14 20 0.052143615 
519 833 15 28 0.051945902 
475 464 9 26 0.05163029 
336 817 7 16 0.051617283 
235 842 6 14 0.051465947 
731 654 9 30 0.051288288 
490 227 160 171 0.050993405 
242 791 13 28 0.050901137 
745 642 8 28 0.050831337 
732 672 8 26 0.050810054 
488 536 12 45 0.050798677 
283 96 11 38 0.05075469 
121 481 83 132 0.050722696 
412 659 9 24 0.050684873 
425 840 9 15 0.050658036 
760 158 7 26 0.050226953 
363 688 6 14 0.05014483 
361 6 10 26 0.04993662 
568 510 6 13 0.04985661 
628 50 11 39 0.049843073 
360 699 7 16 0.04943738 
351 689 6 13 0.049314987 
207 147 12 27 0.049242135 
428 830 7 12 0.04897833 
303 295 96 135 0.048964385 
425 671 10 31 0.048709095 
174 638 6 12 0.048551414 
183 832 6 10 0.048357375 
185 479 84 129 0.047674447 
454 836 6 10 0.047643468 
503 736 8 20 0.04747559 
68 62 7 12 0.047375757 
489 443 9 14 0.0472607 
602 644 8 17 0.04709617 
115 475 15 26 0.046956856 
580 731 9 28 0.046896104 
541 486 7 14 0.046775214 
217 145 12 28 0.0467318 
885 668 9 30 0.046636406 
204 628 53 75 0.046601225 
466 156 7 13 0.046382185 
589 830 12 20 0.046307757 
387 670 9 24 0.04623047 
500 536 12 41 0.046178564 
741 342 10 16 0.045931913 
873 695 10 27 0.045752514 
475 848 10 24 0.04554333 
533 746 15 33 0.04553906 
373 623 7 18 0.04542604 
623 775 13 24 0.045339987 
165 28 13 34 0.045329075 
875 673 7 21 0.04507017 
389 648 7 19 0.04502814 
783 842 11 15 0.0450281 
605 65 8 30 0.04498805 
477 747 10 25 0.044896 
183 638 6 11 0.044724714 
320 822 14 31 0.04468787 
196 842 8 12 0.044648048 
862 683 8 24 0.044524573 
689 651 17 35 0.044278447 
478 444 8 14 0.0442372 
49 280 13 40 0.044227205 
-4 435 92 125 0.04420347 
516 830 10 20 0.044129077 
492 724 7 20 0.044117164 
358 722 9 23 0.044093393 
336 663 8 15 0.044028427 
476 474 11 36 0.043918014 
734 347 7 12 0.043917574 
359 775 10 20 0.043819617 
220 850 10 18 0.04376409 
373 609 7 18 0.043692857 
360 791 12 21 0.04365107 
372 685 8 19 0.043566193 
353 700 6 14 0.043507952 
339 673 8 17 0.04333477 
489 849 9 20 0.04326392 
487 453 10 23 0.043178067 
528 546 7 23 0.043159984 
591 518 7 16 0.04314473 
82 433 93 143 0.043067172 
605 436 8 10 0.042808734 
136 731 12 28 0.042753663 
197 434 5 12 0.042661183 
362 673 7 18 0.04255107 
194 441 8 18 0.042538553 
637 812 15 35 0.042388093 
878 646 4 14 0.042252425 
593 645 9 14 0.0421927 
371 672 10 22 0.04203042 
429 816 8 15 0.04181627 
370 175 9 18 0.04173285 
484 390 12 20 0.04151459 
563 782 14 28 0.041454386 
512 539 10 35 0.04118212 
716 712 287 210 0.0411267 
463 442 9 17 0.04110422 
475 377 11 22 0.041094415 
445 802 11 17 0.04102637 
606 80 8 28 0.04096267 
556 510 4 14 0.04095609 
592 511 7 15 0.040930577 
399 648 8 20 0.040927805 
498 513 11 33 0.040834304 
460 179 13 23 0.04083108 
369 790 13 22 0.0407564 
460 771 11 25 0.04075439 
281 158 9 26 0.040656332 
626 12 12 34 0.040528577 
206 721 10 18 0.040372975 
373 635 8 20 0.040342975 
364 601 5 14 0.04032984 
384 590 11 29 0.040240854 
544 821 54 59 0.040240522 
372 697 9 21 0.040230695 
492 737 6 19 0.04018846 
450 561 10 38 0.040173206 
67 71 8 15 0.040133975 
669 517 24 24 0.04012455 
323 35 7 20 0.040078025 
358 710 9 21 0.040046334 
188 544 15 37 0.039877217 
824 642 5 8 0.0397952 
486 511 12 35 0.039734073 
372 661 9 21 0.03962172 
517 751 8 18 0.039551638 
502 860 9 23 0.03943046 
517 737 7 18 0.039379895 
877 640 4 12 0.0393731 
837 642 5 8 0.039360184 
461 850 10 22 0.039327882 
862 676 6 17 0.03929198 
461 452 10 25 0.03910899 
267 618 17 29 0.038975578 
183 757 11 26 0.038936697 
179 232 13 32 0.038889814 
491 760 10 24 0.03888517 
358 815 16 30 0.038855236 
458 361 15 28 0.038734846 
439 795 6 13 0.038617402 
558 683 7 25 0.038587574 
469 167 13 25 0.038495503 
541 556 6 22 0.03834721 
348 543 9 27 0.03826999 
356 245 11 27 0.038196683 
158 310 79 124 0.03800185 
594 171 8 28 0.037976716 
364 626 5 15 0.03797347 
184 627 6 12 0.037933867 
150 536 88 121 0.0379053 
365 612 5 15 0.037808567 
364 588 5 14 0.0378015 
373 571 6 17 0.037791 
477 526 9 33 0.03775673 
215 708 14 22 0.03775504 
216 168 13 30 0.037726503 
187 232 16 35 0.037557594 
540 576 8 32 0.037532136 
500 443 9 17 0.03747858 
239 802 6 14 0.03742305 
232 704 13 26 0.037417952 
400 552 11 29 0.037372585 
514 860 9 24 0.037308954 
593 183 7 31 0.03723868 
888 646 6 16 0.037195917 
168 20 11 24 0.03718102 
526 736 10 20 0.03717371 
579 641 7 10 0.03714065 
237 832 6 12 0.0371338 
500 451 11 23 0.037129417 
235 820 6 11 0.037126396 
192 453 9 23 0.037082158 
94 58 49 110 0.037067927 
739 351 13 20 0.037064813 
878 96 258 297 0.037055336 
179 61 12 40 0.03694919 
811 439 5 8 0.03689782 
374 597 6 18 0.03686703 
359 734 8 21 0.036822546 
6 -69 77 70 0.036811203 
337 808 6 11 0.036631644 
464 435 7 12 0.036619015 
337 651 8 17 0.03658519 
586 728 13 30 0.036556292 
617 77 9 31 0.03641133 
69 29 6 11 0.03638289 
514 872 9 26 0.03629527 
529 491 9 23 0.036285747 
373 648 8 20 0.03626374 
787 862 20 27 0.03626233 
346 745 12 29 0.036251247 
573 787 12 24 0.0362118 
431 338 18 25 0.036176186 
243 833 10 26 0.036047768 
615 28 11 30 0.03603215 
462 559 10 41 0.03588175 
204 127 13 31 0.035879705 
411 165 88 125 0.035866752 
2 857 9 29 0.035862647 
580 119 7 25 0.03585092 
554 525 4 13 0.03573426 
165 61 13 41 0.035727702 
782 854 13 16 0.035705928 
732 629 9 30 0.035688445 
884 695 11 30 0.035633277 
516 845 11 21 0.035632562 
387 568 10 24 0.035610396 
640 58 13 41 0.03556203 
629 133 10 25 0.03544181 
574 776 10 18 0.035438526 
88 45 11 19 0.03542487 
539 394 13 16 0.035408072 
554 487 7 14 0.035326548 
141 748 9 22 0.035311233 
780 864 16 22 0.035305828 
208 224 13 28 0.035255548 
800 434 5 11 0.035225358 
206 710 10 17 0.035210345 
461 683 8 27 0.035183307 
349 612 5 16 0.035154596 
578 646 9 13 0.035133854 
516 761 9 20 0.035120796 
282 145 9 24 0.035101283 
291 100 11 33 0.03507276 
348 601 6 15 0.035043992 
852 641 5 9 0.035021342 
626 256 13 13 0.03501479 
476 388 12 23 0.03493237 
387 636 8 20 0.03489055 
745 169 8 28 0.0347745 
442 660 7 20 0.034760904 
162 181 19 25 0.034725294 
196 648 8 17 0.034683753 
181 671 11 23 0.034645274 
356 758 12 26 0.03462489 
297 683 9 25 0.034563836 
582 520 6 15 0.034548074 
269 146 11 27 0.03450204 
864 641 4 9 0.034489356 
175 705 15 27 0.034430936 
716 512 11 15 0.03440531 
259 168 12 31 0.034327567 
449 773 12 24 0.034317326 
478 497 10 31 0.034310855 
547 522 5 16 0.034279168 
501 679 9 30 0.0342427 
230 143 12 30 0.03423755 
319 91 12 30 0.03416023 
864 649 4 11 0.03407906 
328 663 6 14 0.034057673 
500 831 7 13 0.0339993 
374 583 7 19 0.033953324 
550 403 12 18 0.03394068 
439 629 6 11 0.03393235 
346 664 8 16 0.033921048 
473 364 11 24 0.03388819 
452 849 10 21 0.03387542 
565 699 10 38 0.03386094 
294 658 8 20 0.033779655 
544 505 6 19 0.03377245 
279 665 13 36 0.033675577 
81 46 10 18 0.033658177 
348 810 11 24 0.033609215 
411 314 102 121 0.03356299 
426 658 8 22 0.03353987 
530 483 9 18 0.033536814 
501 407 11 17 0.03348047 
593 55 8 21 0.033463366 
569 522 6 15 0.03343259 
356 487 171 313 0.03342865 
311 91 10 28 0.033391614 
244 811 10 21 0.033391032 
593 44 7 17 0.0333575 
375 561 6 15 0.033329647 
370 777 10 20 0.033304185 
3 177 37 93 0.033277284 
431 797 5 11 0.0332306 
69 37 6 12 0.033096153 
447 815 10 15 0.033049263 
528 575 9 34 0.033037428 
191 66 10 32 0.03301994 
890 639 5 12 0.032993052 
370 364 12 27 0.032989614 
770 157 8 24 0.03288957 
197 629 5 11 0.03287702 
602 94 10 32 0.032871682 
363 664 6 16 0.032853268 
399 677 10 31 0.03285083 
268 665 15 37 0.032834943 
168 307 12 32 0.032826163 
241 705 11 25 0.03282446 
92 212 11 18 0.032812767 
207 637 10 17 0.032778397 
156 621 8 16 0.032750383 
641 800 11 25 0.032738954 
364 178 8 15 0.032721728 
116 521 12 17 0.032708507 
511 561 11 42 0.032695226 
363 638 6 15 0.032637075 
240 152 13 33 0.032592803 
197 640 7 12 0.032530427 
477 720 7 28 0.032502394 
791 373 18 35 0.03246482 
387 532 7 20 0.032429434 
791 506 16 23 0.032402433 
796 841 13 13 0.0323345 
445 348 14 27 0.032330543 
851 634 5 8 0.03229631 
185 436 5 12 0.032240707 
398 575 11 33 0.03224067 
502 874 8 20 0.032207366 
281 180 12 30 0.03219874 
372 709 9 21 0.032130357 
371 722 9 23 0.032114126 
179 282 11 32 0.03209821 
574 682 13 30 0.032070756 
334 94 9 27 0.03202349 
-9 -81 216 89 0.032015108 
388 519 8 22 0.032005757 
79 552 101 122 0.031960595 
655 291 241 186 0.03195253 
452 678 9 34 0.031924047 
192 127 13 31 0.03186637 
326 650 7 15 0.031865608 
688 508 17 16 0.031836998 
11 325 12 32 0.031821944 
492 821 6 12 0.031796087 
315 263 35 75 0.03176757 
296 649 8 17 0.031761307 
0 285 9 28 0.031758197 
575 -76 313 107 0.031671703 
786 834 7 9 0.03166714 
382 814 15 34 0.03165874 
780 356 12 20 0.031633522 
10 297 12 33 0.031613834 
91 59 10 19 0.031605776 
350 778 7 16 0.031596757 
212 822 5 9 0.031592976 
604 659 9 18 0.031565346 
206 734 9 21 0.031563748 
614 658 11 24 0.031543054 
826 440 3 7 0.031524092 
369 186 10 20 0.03152236 
283 652 12 31 0.03149807 
703 670 15 51 0.031422775 
309 145 10 24 0.03135694 
548 393 13 16 0.03135661 
703 499 11 13 0.031255208 
681 302 8 19 0.031251505 
169 647 8 14 0.03124866 
184 661 8 17 0.03123275 
664 498 12 13 0.031209186 
554 535 5 15 0.031169826 
386 763 8 17 0.031148724 
848 695 8 25 0.031142589 
133 37 8 16 0.031095967 
722 354 8 14 0.031076606 
367 573 5 16 0.031065729 
596 796 19 32 0.031059962 
308 686 7 17 0.03104412 
412 550 11 33 0.031019183 
448 789 9 17 0.030992594 
441 637 7 14 0.03095787 
582 110 7 22 0.030950794 
462 528 9 32 0.030939562 
854 439 4 8 0.030914208 
224 809 5 9 0.03090538 
463 198 10 21 0.030898945 
354 714 5 15 0.030872043 
181 602 11 26 0.030828817 
603 36 8 20 0.030816427 
861 708 8 25 0.030815372 
493 640 5 10 0.030812854 
645 421 6 11 0.030796936 
348 534 9 20 0.030788317 
503 841 8 14 0.030778578 
212 696 19 24 0.030767957 
81 60 8 14 0.030764868 
465 663 7 18 0.030759176 
65 104 10 28 0.0306877 
578 746 9 21 0.030674111 
352 725 7 16 0.030581674 
37 216 13 31 0.030571915 
695 265 8 19 0.030570699 
434 849 12 24 0.03055745 
526 869 10 30 0.030535785 
176 307 12 31 0.030527294 
68 49 7 15 0.03045695 
176 9 14 19 0.030432822 
615 437 7 10 0.030294022 
58 193 16 31 0.03027231 
592 82 7 24 0.030245144 
364 651 6 15 0.030217046 
386 621 8 22 0.030213267 
822 647 6 12 0.030191293 
641 784 12 28 0.030161604 
591 798 12 28 0.03015179 
494 40 6 9 0.030117054 
612 766 13 21 0.030111128 
554 547 6 17 0.030096827 
484 380 11 20 0.030056572 
12 131 9 29 0.03002977 
463 475 10 27 0.030004306 
825 634 5 7 0.03000124 
37 171 12 24 0.029930944 
900 835 5 9 0.029899385 
389 559 7 18 0.029848823 
632 124 7 21 0.029818285 
620 625 9 17 0.029802445 
96 10 185 246 0.02978424 
194 737 8 18 0.029779088 
604 774 16 23 0.029776264 
427 638 6 14 0.029760176 
197 837 5 8 0.029689208 
577 29 8 12 0.029685957 
568 734 8 25 0.029631699 
730 360 11 24 0.029614467 
890 835 5 8 0.029612305 
297 162 9 20 0.02960571 
94 297 10 26 0.029601803 
401 637 7 17 0.029590039 
351 14 9 29 0.029581297 
477 736 8 24 0.029465653 
386 475 10 28 0.0294636 
210 446 44 108 0.029421272 
386 749 8 20 0.029419113 
296 146 9 21 0.029392807 
76 374 11 21 0.029348519 
579 500 7 14 0.029303577 
377 534 7 19 0.029284898 
513 771 10 21 0.029257523 
243 83 15 50 0.029235927 
525 785 13 23 0.029193545 
592 130 9 26 0.029170074 
479 438 6 10 0.029161632 
554 57 9 18 0.029102981 
168 10 13 19 0.029063605 
619 246 8 11 0.029011248 
176 330 14 37 0.02900938 
350 626 5 15 0.02900866 
489 648 7 13 0.028996779 
568 535 6 15 0.02899366 
336 609 7 17 0.028969372 
689 324 12 29 0.028942753 
280 624 10 18 0.028937386 
510 450 12 24 0.028933676 
554 556 7 21 0.028859343 
309 68 10 25 0.028849825 
486 402 13 20 0.028745435 
768 494 10 19 0.028727815 
515 684 7 23 0.028723063 
377 547 6 17 0.02871616 
661 507 21 22 0.028708369 
183 443 7 16 0.028699633 
503 851 7 16 0.028691461 
651 799 13 25 0.02868523 
813 641 6 9 0.028664399 
213 212 16 32 0.02864837 
338 640 6 14 0.028628208 
692 301 9 22 0.02860786 
789 474 18 30 0.028591817 
192 748 8 22 0.028581293 
475 559 10 39 0.028574852 
398 528 10 28 0.028558634 
638 13 14 33 0.028556015 
837 634 4 7 0.028550275 
172 239 7 16 0.028524298 
610 795 16 29 0.028516628 
778 507 18 24 0.028512157 
336 601 7 16 0.028507527 
390 508 7 21 0.028507365 
613 442 10 14 0.02834379 
371 761 10 22 0.02832818 
170 441 9 20 0.028326849 
627 246 10 11 0.028312888 
651 51 15 43 0.028302137 
86 514 15 20 0.0282776 
811 444 7 12 0.028261827 
336 30 7 22 0.028246252 
850 675 5 17 0.028203664 
242 436 47 95 0.028155887 
189 757 10 25 0.02813538 
242 771 17 37 0.028115137 
181 642 87 119 0.028074699 
688 520 18 18 0.02804427 
766 355 15 22 0.028001549 
425 846 11 25 0.027994154 
527 402 53 81 0.027959136 
524 33 11 21 0.027957963 
284 127 11 30 0.027950512 
476 774 9 19 0.027940039 
234 750 37 78 0.027890515 
336 19 7 20 0.02787773 
307 128 12 31 0.027868792 
310 163 10 19 0.027831215 
577 768 8 14 0.027829468 
156 49 10 32 0.027828304 
395 810 11 26 0.027819317 
576 814 13 21 0.027789155 
412 576 11 34 0.027786858 
337 793 7 13 0.027769824 
512 512 11 33 0.027757978 
852 648 4 11 0.027757231 
798 631 5 7 0.02775223 
40 405 54 93 0.027740682 
101 343 16 32 0.027734239 
524 646 10 14 0.027699497 
182 453 9 25 0.027697435 
576 35 11 20 0.027694881 
537 401 14 20 0.027628215 
278 812 49 88 0.027615188 
526 798 11 21 0.027595961 
102 324 12 26 0.027578715 
310 677 7 15 0.027572434 
504 632 5 8 0.027572062 
535 769 12 23 0.027563075 
10 348 12 32 0.027535932 
472 182 11 21 0.02749335 
415 644 8 20 0.027480055 
333 779 9 15 0.02746081 
81 38 8 14 0.027451588 
243 464 12 35 0.02741807 
784 492 12 20 0.027405705 
297 174 11 22 0.027403422 
548 417 14 23 0.02737482 
387 778 7 16 0.027345158 
79 760 8 25 0.027339427 
261 600 8 15 0.027329259 
111 361 15 27 0.02732392 
400 761 7 20 0.027296258 
253 85 15 47 0.02727013 
85 482 14 21 0.027259972 
586 672 13 22 0.027248545 
838 649 5 10 0.027245574 
205 744 10 26 0.027241873 
519 647 8 13 0.027240796 
211 630 6 11 0.027237363 
204 698 14 19 0.027211677 
547 533 6 17 0.027188528 
605 766 11 17 0.027187074 
229 277 107 118 0.027178919 
184 648 7 14 0.027112715 
411 216 9 17 0.027055766 
695 601 9 13 0.027054742 
678 322 14 33 0.027039781 
525 404 13 16 0.027022013 
495 632 4 8 0.02698617 
629 812 13 31 0.026974523 
371 214 11 20 0.026963891 
500 249 12 24 0.026943825 
864 633 3 9 0.026857013 
386 188 10 19 0.02684389 
171 624 8 13 0.02684059 
578 661 9 16 0.026832126 
655 876 11 22 0.026823591 
576 673 10 21 0.026800545 
101 211 12 19 0.026770955 
172 287 9 25 0.026765645 
495 486 13 34 0.026765166 
303 821 18 30 0.026748009 
626 670 11 31 0.02674132 
59 308 96 135 0.026735982 
153 435 13 32 0.026725862 
221 860 12 28 0.026720503 
145 635 9 19 0.026683573 
462 786 10 18 0.026662793 
694 274 9 23 0.026660318 
361 187 10 18 0.026636975 
293 127 11 30 0.026628843 
546 547 5 18 0.02662262 
328 676 5 12 0.026612261 
423 562 11 36 0.026608165 
198 723 8 17 0.02660407 
464 641 6 10 0.026603881 
194 656 10 21 0.026586285 
61 169 13 27 0.02658453 
325 639 6 15 0.026583655 
884 843 8 13 0.026547864 
207 849 11 17 0.026533335 
269 87 14 44 0.026528617 
449 440 11 20 0.026528358 
322 788 8 14 0.026499152 
173 433 7 16 0.026488146 
91 699 8 20 0.026473401 
42 283 11 36 0.026461918 
197 710 10 18 0.026459228 
814 634 4 7 0.026424477 
425 644 8 19 0.02642301 
568 767 7 14 0.026342718 
790 852 16 17 0.026329463 
91 711 8 21 0.026323473 
104 519 14 17 0.026307225 
663 52 16 43 0.026297782 
471 208 12 27 0.026284885 
500 435 9 15 0.026246477 
790 628 4 9 0.026190273 
390 491 7 23 0.026147684 
491 800 8 19 0.026134022 
338 687 6 13 0.026133906 
321 69 9 25 0.026123391 
78 484 12 20 0.026086988 
208 171 11 22 0.026071562 
616 892 10 17 0.026058894 
614 875 12 23 0.026046494 
567 749 8 19 0.026033677 
156 131 10 30 0.026024291 
399 507 7 21 0.025976986 
350 638 5 14 0.025903704 
297 32 9 26 0.02590305 
535 734 11 27 0.025893845 
157 21 9 19 0.02586106 
217 721 11 21 0.025813945 
80 72 8 15 0.02580038 
155 392 9 18 0.025763538 
860 722 8 23 0.025715135 
350 737 7 18 0.025714321 
592 158 9 28 0.025683112 
325 820 7 14 0.02566688 
449 450 13 25 0.025647622 
851 444 6 11 0.025592394 
227 164 15 34 0.025591485 
193 146 11 25 0.025581155 
736 336 6 12 0.025563052 
538 829 12 17 0.025530806 
589 661 9 16 0.025524834 
372 748 10 23 0.02551614 
797 834 8 8 0.02549911 
370 230 13 30 0.025459306 
586 682 14 27 0.025454145 
399 605 9 25 0.02544181 
386 738 9 18 0.025399178 
318 774 11 17 0.025375865 
451 181 11 21 0.025375674 
628 73 11 36 0.02536793 
527 640 8 10 0.025279222 
744 672 9 24 0.025279164 
8 194 19 44 0.025270382 
568 648 6 12 0.025265278 
64 296 13 36 0.025232116 
704 261 11 28 0.02521345 
342 818 16 33 0.025211694 
335 590 9 18 0.02517243 
555 640 7 11 0.025171647 
3 347 36 104 0.025169997 
477 819 7 14 0.025160238 
452 433 8 13 0.025121694 
656 418 52 78 0.025116805 
388 547 6 17 0.025115566 
350 590 6 15 0.025108417 
873 719 10 27 0.025084015 
49 200 15 36 0.025081472 
499 557 13 49 0.025076788 
471 153 11 17 0.024995824 
410 526 13 35 0.024992932 
374 735 8 20 0.024971753 
62 79 12 27 0.02495209 
498 461 12 31 0.024925785 
883 248 8 18 0.024901662 
487 857 10 27 0.024872536 
437 562 10 37 0.024854725 
551 749 12 26 0.024850082 
152 747 12 27 0.024849065 
554 718 9 29 0.024844723 
90 200 42 84 0.024844237 
629 894 9 15 0.024830736 
455 641 5 11 0.024823554 
190 98 14 44 0.02481206 
93 322 10 25 0.024792152 
331 37 10 30 0.024787024 
876 660 7 19 0.02476956 
296 50 11 30 0.02471469 
628 799 12 24 0.024711402 
92 203 12 16 0.024687478 
803 504 15 24 0.024638366 
321 48 10 32 0.024554865 
517 662 6 14 0.024554243 
88 346 15 30 0.024526129 
329 284 17 41 0.02452502 
452 170 12 22 0.024511091 
193 56 9 22 0.024507923 
690 313 10 23 0.024503255 
702 606 14 20 0.02446998 
238 606 48 65 0.024463741 
304 772 16 18 0.024452267 
741 360 13 27 0.024450716 
129 391 41 83 0.024433054 
203 101 14 39 0.024418639 
247 419 7 20 0.024417171 
667 877 10 21 0.024415035 
100 58 13 23 0.0244107 
891 630 5 9 0.024406005 
188 590 12 31 0.024401434 
450 526 11 36 0.024395464 
516 407 10 15 0.024379829 
595 844 17 34 0.024323424 
184 838 7 13 0.02429452 
181 216 32 69 0.024245294 
179 720 13 22 0.02424098 
632 275 21 20 0.02423785 
336 747 11 23 0.024213886 
526 531 8 24 0.024205187 
718 362 10 19 0.024199085 
79 772 8 30 0.024188874 
505 651 6 10 0.024188744 
242 844 13 32 0.024137346 
53 104 9 26 0.02413227 
877 243 6 11 0.024125371 
59 48 6 14 0.024102436 
338 624 6 16 0.024073783 
267 241 16 40 0.024069835 
252 768 18 42 0.024064615 
321 163 11 20 0.024061078 
386 724 9 20 0.02404803 
371 201 10 19 0.024029108 
194 213 10 22 0.024021823 
226 231 16 32 0.024008512 
296 15 8 24 0.02400426 
349 793 8 14 0.02396099 
442 647 6 16 0.023922438 
395 801 9 20 0.023911789 
440 594 7 27 0.023894982 
311 652 6 12 0.023806589 
269 192 11 31 0.023785112 
515 820 9 16 0.02377376 
116 510 10 16 0.023773203 
668 431 11 15 0.02377121 
241 868 12 29 0.023760034 
181 41 9 22 0.023749648 
257 416 10 25 0.023738675 
362 363 11 27 0.02372785 
693 607 12 18 0.023725329 
345 176 11 19 0.02370333 
386 -26 194 185 0.023702312 
529 816 9 18 0.023695374 
706 251 10 21 0.023677662 
798 424 5 11 0.02366415 
161 542 157 184 0.02364177 
190 186 12 20 0.023607954 
542 638 7 11 0.023607833 
464 335 12 27 0.023597348 
181 128 11 31 0.023577664 
617 5 10 27 0.023560597 
601 304 121 108 0.023538139 
878 631 4 10 0.023529952 
822 674 8 20 0.02350688 
681 293 8 17 0.02349684 
377 520 7 21 0.023476234 
149 685 88 126 0.023464266 
449 856 12 28 0.023458153 
836 461 7 13 0.023457306 
576 702 10 32 0.023437038 
401 779 6 15 0.023435634 
864 664 5 14 0.023427645 
63 267 13 32 0.023422444 
153 655 11 24 0.023411842 
599 827 12 21 0.023410473 
175 194 16 26 0.023403887 
512 783 13 25 0.023401637 
598 869 14 29 0.023394134 
650 814 14 29 0.023384843 
326 690 5 11 0.02336273 
784 331 10 14 0.023360994 
158 34 9 24 0.023344643 
616 671 10 24 0.023302915 
566 488 8 15 0.023297805 
659 424 7 11 0.02328622 
453 647 6 15 0.023275236 
517 675 5 17 0.023272548 
221 616 7 13 0.023267638 
525 515 9 27 0.023264213 
66 494 12 19 0.023262868 
365 560 6 17 0.023246765 
181 213 10 20 0.023227595 
145 41 8 21 0.023210775 
798 441 8 15 0.023193175 
527 683 8 26 0.023184778 
504 641 5 9 0.023183575 
350 102 7 31 0.02317778 
128 523 10 17 0.023159003 
402 227 10 20 0.023158565 
464 218 9 24 0.023135483 
644 878 9 19 0.02312014 
237 282 19 41 0.023106547 
336 148 9 22 0.023100022 
397 408 45 71 0.023080874 
719 161 8 20 0.023072217 
223 796 6 10 0.023060082 
181 734 12 25 0.02304931 
518 641 7 11 0.02303117 
177 677 19 36 0.023021698 
763 355 44 86 0.023018673 
836 674 7 19 0.022985201 
2 875 7 21 0.022982152 
312 664 6 13 0.022976052 
258 401 9 26 0.022973591 
582 841 20 37 0.022962654 
803 475 15 29 0.022961983 
311 699 8 17 0.02293929 
400 188 8 18 0.022933576 
177 165 13 18 0.02292781 
172 233 6 13 0.0228973 
194 788 9 17 0.022894468 
642 119 8 25 0.022893775 
169 341 11 31 0.022872359 
511 247 15 25 0.022869484 
169 705 12 25 0.022839274 
823 471 8 16 0.022826225 
537 818 11 16 0.022824109 
260 238 12 28 0.022819366 
179 82 13 45 0.022817604 
431 629 4 10 0.022810586 
600 720 14 30 0.022789147 
666 91 11 35 0.022785846 
808 470 9 20 0.022785144 
125 467 13 24 0.022753134 
588 745 11 22 0.022723926 
334 162 11 20 0.022722427 
127 785 13 21 0.022718586 
416 778 6 15 0.022711847 
58 62 5 13 0.022678927 
78 198 11 21 0.022676041 
603 167 12 27 0.02266597 
486 173 11 18 0.022648348 
418 637 6 15 0.0226478 
66 772 8 31 0.022641268 
191 464 11 26 0.022637168 
144 393 9 17 0.022637056 
343 323 13 29 0.022631636 
255 831 13 31 0.02262801 
402 624 7 19 0.02262733 
450 762 10 22 0.022625035 
77 353 11 23 0.022615941 
472 197 11 22 0.02259491 
277 742 19 30 0.022580473 
848 722 8 25 0.022579676 
833 472 10 14 0.022572331 
843 542 15 35 0.022567255 
793 687 12 20 0.022565797 
101 508 12 16 0.022546262 
615 645 10 19 0.02254193 
280 77 13 38 0.022540292 
151 414 14 27 0.022531517 
57 75 5 12 0.022516683 
501 821 7 13 0.022485742 
258 144 11 29 0.022473045 
883 849 10 21 0.022447333 
701 635 13 24 0.022443287 
295 83 10 25 0.0224255 
55 84 7 18 0.022401914 
681 311 10 23 0.02240096 
218 625 11 18 0.02239501 
537 868 12 31 0.022393728 
255 696 11 23 0.022390429 
824 447 5 9 0.022390377 
649 782 16 32 0.022385934 
505 663 6 13 0.022355339 
316 761 15 19 0.022319354 
535 801 13 21 0.022307111 
823 460 7 14 0.02228677 
639 125 241 198 0.022284888 
144 52 11 29 0.022284077 
555 36 10 17 0.022277523 
643 893 9 15 0.022260185 
693 288 9 22 0.022222672 
154 720 11 24 0.022203019 
619 135 10 24 0.022196198 
769 -85 283 98 0.022181774 
391 347 19 34 0.022178356 
411 201 8 18 0.022169411 
-17 12 118 271 0.022168115 
43 252 29 85 0.022167308 
201 680 19 28 0.022145215 
582 198 6 22 0.02212855 
616 255 13 14 0.02209965 
440 777 8 18 0.02209961 
377 356 40 67 0.022097694 
308 787 11 14 0.022094453 
166 113 11 40 0.022089195 
535 784 13 24 0.022087008 
325 19 7 18 0.022064878 
837 662 6 15 0.022047363 
848 709 9 24 0.02204524 
692 500 11 11 0.022042643 
758 510 13 20 0.021998148 
195 849 10 17 0.021986425 
613 597 13 25 0.02194647 
167 608 11 22 0.021941664 
551 785 13 23 0.021938728 
384 225 10 21 0.02193543 
556 28 6 12 0.021934042 
594 434 8 10 0.021932015 
172 419 7 16 0.021924939 
783 476 13 25 0.021921944 
717 374 11 24 0.02192009 
794 356 12 20 0.021905242 
387 793 9 18 0.021903165 
439 615 6 15 0.021898553 
8 844 13 36 0.021891832 
559 654 204 221 0.021885857 
550 801 13 21 0.02186291 
466 820 7 12 0.021862691 
604 183 9 24 0.021838456 
464 803 8 15 0.021829173 
602 595 11 24 0.021819355 
489 782 11 25 0.021802727 
650 439 108 100 0.021776794 
400 200 9 18 0.021776257 
527 395 12 15 0.021748867 
603 441 10 16 0.021741334 
666 267 8 12 0.021716107 
387 175 8 19 0.021708358 
384 215 9 16 0.021701004 
490 673 9 21 0.021692075 
479 641 6 10 0.0216899 
335 129 9 29 0.021674216 
463 488 11 29 0.02167028 
343 283 13 28 0.021667197 
381 371 19 37 0.021658191 
820 501 13 27 0.021655608 
619 683 9 24 0.021639353 
93 239 9 18 0.021621607 
269 757 13 28 0.02161897 
140 476 13 23 0.02160949 
1 357 11 36 0.021601852 
11 223 14 46 0.021587797 
462 514 10 28 0.021587629 
268 718 49 68 0.021584025 
783 156 9 27 0.021583265 
92 687 8 20 0.021575969 
179 338 32 77 0.021564802 
103 109 51 102 0.02154739 
209 807 6 12 0.021529112 
183 347 11 32 0.02149176 
208 432 7 15 0.021462599 
874 844 9 12 0.021428905 
489 873 8 20 0.021403093 
618 611 10 21 0.021401249 
602 197 8 25 0.021400522 
92 71 11 19 0.021385668 
355 268 14 36 0.021383552 
477 663 8 17 0.021350129 
101 200 15 17 0.021349443 
310 19 8 18 0.02132629 
510 464 13 27 0.021288553 
528 26 7 14 0.021260936 
516 709 7 26 0.021260595 
78 696 104 142 0.021243216 
681 277 8 17 0.02123678 
812 646 8 13 0.021226153 
195 670 12 26 0.021217445 
245 430 9 23 0.021210922 
800 640 6 9 0.021207418 
591 147 8 27 0.021200497 
247 601 8 14 0.021173682 
834 481 14 20 0.021172723 
428 778 6 15 0.021155814 
114 379 12 22 0.021137709 
151 500 16 32 0.02112235 
707 330 11 24 0.021116365 
730 689 14 39 0.02110672 
616 144 13 28 0.021097925 
805 390 11 21 0.021094605 
86 141 42 77 0.021086574 
209 442 8 18 0.021068716 
190 176 12 17 0.02105758 
666 409 14 18 0.021055443 
247 402 8 23 0.02105302 
731 535 10 16 0.02103249 
168 757 12 27 0.021026812 
196 383 84 145 0.021022543 
443 176 7 15 0.021021862 
80 30 6 11 0.021018647 
384 202 10 18 0.021018168 
484 162 13 18 0.021010486 
761 498 7 15 0.021000328 
157 11 11 20 0.020996647 
214 194 14 28 0.020986434 
366 1 6 12 0.020974979 
26 157 14 33 0.02096995 
207 185 11 21 0.020958897 
154 402 11 23 0.020957625 
653 497 12 15 0.020935977 
11 383 63 88 0.020927055 
732 522 8 16 0.020915968 
335 -2 7 13 0.020900995 
165 83 13 46 0.020898549 
554 774 10 19 0.020859234 
256 209 11 27 0.020853134 
590 777 11 17 0.020849742 
295 68 11 27 0.02083962 
210 318 50 98 0.020829273 
830 502 13 24 0.020818628 
167 450 12 30 0.0208112 
118 390 10 20 0.020806644 
242 208 13 29 0.020798672 
169 392 10 19 0.02079781 
208 792 7 13 0.020792177 
540 682 8 26 0.020790437 
476 673 7 17 0.020777095 
539 313 64 82 0.020763135 
66 234 10 23 0.02075867 
821 478 12 22 0.020756463 
137 711 13 21 0.020740053 
78 744 9 27 0.020700043 
248 809 42 86 0.02069949 
81 250 8 18 0.020687424 
269 723 14 25 0.020671433 
348 905 8 19 0.02066727 
563 553 12 28 0.020662455 
61 123 15 45 0.020661706 
205 236 16 37 0.020658493 
158 613 8 15 0.020655913 
416 829 7 14 0.020644046 
452 595 7 25 0.020642472 
409 874 13 28 0.020633796 
832 516 11 25 0.02063303 
398 328 52 75 0.020627728 
38 147 11 23 0.020621669 
861 457 8 13 0.020620013 
714 684 17 48 0.020617653 
114 325 13 24 0.020599993 
902 647 5 15 0.020590749 
550 816 15 21 0.020589685 
748 522 9 16 0.020580078 
64 245 12 29 0.020542482 
782 336 13 20 0.020530364 
846 535 12 22 0.020505644 
430 614 6 16 0.020470219 
850 664 5 13 0.020467835 
702 533 19 32 0.020467086 
444 473 16 32 0.020463316 
746 533 10 18 0.02044759 
169 403 9 19 0.020430434 
782 592 12 32 0.02042695 
877 248 8 17 0.020421166 
202 74 14 41 0.020417264 
269 691 11 27 0.020409295 
10 383 14 39 0.020392535 
222 763 8 18 0.020392496 
476 685 7 19 0.020391507 
81 286 11 26 0.020386761 
402 218 8 15 0.020378565 
206 197 13 26 0.020376768 
840 440 4 7 0.020376224 
600 110 13 38 0.02035209 
601 506 9 18 0.020344742 
591 767 9 15 0.020338599 
569 641 6 10 0.020330915 
41 197 12 28 0.020324223 
183 419 7 16 0.02031993 
681 865 8 24 0.020316008 
454 164 8 14 0.02031101 
644 414 7 11 0.020309873 
323 704 6 12 0.02029365 
347 572 8 21 0.020290773 
4 296 37 94 0.02028268 
233 612 9 17 0.020257741 
298 369 50 111 0.020210434 
650 22 17 35 0.020209467 
90 40 10 14 0.020199759 
624 264 19 17 0.020197492 
127 390 12 21 0.020190042 
756 355 12 17 0.020165874 
438 440 11 20 0.020156913 
172 831 8 12 0.020148637 
43 182 11 25 0.020144694 
47 185 41 89 0.020143079 
433 472 16 34 0.020124048 
154 91 13 52 0.020111095 
363 547 7 19 0.02010692 
318 126 13 34 0.02008834 
488 662 8 16 0.020083036 
268 735 18 32 0.020075833 
320 146 10 24 0.02006124 
255 807 12 27 0.020060487 
875 172 6 24 0.020034757 
192 198 12 22 0.020024732 
786 26 8 11 0.020021701 
199 360 17 45 0.02001486 
255 190 13 32 0.020006513 
218 747 11 25 0.020004638 
603 519 8 17 0.02000049 
612 810 15 27 0.019982224 
177 471 15 37 0.019968199 
179 497 15 37 0.019965356 
488 185 10 19 0.019954562 
607 21 6 19 0.019946627 
655 891 10 17 0.019938475 
519 631 5 9 0.01993809 
385 695 9 24 0.019926619 
231 718 11 24 0.019919747 
617 93 10 29 0.019887218 
51 306 12 35 0.019885834 
638 744 15 34 0.019883942 
164 472 15 36 0.01988059 
882 861 12 26 0.019875942 
200 333 16 36 0.019856842 
834 695 10 26 0.019851876 
534 115 393 408 0.019842172 
330 174 16 23 0.019835094 
166 719 13 24 0.019834045 
861 735 8 22 0.019825546 
415 792 6 14 0.019815234 
190 295 12 31 0.019809917 
293 813 17 28 0.019798683 
270 132 10 27 0.019795569 
840 446 5 10 0.01978911 
363 165 8 16 0.019785367 
125 489 13 25 0.019779056 
414 763 8 19 0.019772975 
471 334 12 30 0.019766895 
80 101 34 93 0.019763947 
682 748 50 111 0.019760251 
465 142 7 15 0.0197423 
306 359 13 36 0.019724714 
346 652 7 15 0.019700572 
667 891 10 17 0.019691275 
218 731 11 26 0.019687762 
84 454 18 35 0.019682104 
476 805 8 15 0.01967763 
189 268 14 33 0.019676777 
415 608 8 21 0.019674774 
116 288 45 73 0.01967363 
227 622 16 24 0.01966916 
567 547 8 19 0.019657865 
590 706 12 25 0.01964799 
582 534 6 15 0.019643227 
491 695 8 23 0.019639766 
80 261 10 23 0.019638931 
261 587 8 18 0.019630436 
654 104 10 33 0.019628106 
214 248 18 37 0.019623524 
451 196 11 24 0.019614242 
488 239 9 19 0.019599933 
143 403 11 22 0.019597732 
449 225 9 20 0.01958546 
418 336 20 27 0.019573515 
568 661 7 17 0.01956117 
98 67 18 30 0.019539421 
666 279 9 15 0.019521965 
425 591 8 32 0.019508464 
361 905 7 19 0.019491531 
628 545 62 103 0.01948873 
681 501 11 11 0.019466478 
153 733 11 25 0.01944712 
282 693 11 26 0.019439721 
593 532 7 17 0.01943112 
297 638 8 15 0.01942985 
629 879 9 18 0.019423002 
321 109 13 37 0.019411368 
706 895 9 14 0.019408217 
180 146 12 24 0.01939989 
615 374 185 142 0.019386616 
256 610 15 22 0.01938486 
636 267 16 15 0.019366259 
489 250 9 21 0.01936051 
191 775 9 20 0.019359918 
158 173 13 18 0.019345874 
415 434 19 30 0.019335221 
575 10 10 16 0.019333601 
832 491 15 23 0.019330537 
693 893 10 15 0.019329613 
167 840 10 16 0.019311639 
169 659 10 20 0.01930456 
332 111 12 35 0.019302046 
12 267 12 32 0.019302018 
102 48 9 15 0.019297954 
76 388 11 22 0.019289004 
105 711 9 22 0.019274654 
666 864 10 26 0.01926757 
270 600 10 15 0.019267106 
729 558 47 94 0.019265922 
687 622 15 19 0.019247582 
581 56 8 18 0.019245362 
157 242 9 16 0.019236825 
332 542 13 28 0.019232357 
91 746 8 25 0.019225657 
662 22 18 35 0.019218847 
0 831 11 40 0.019216295 
518 26 7 13 0.019201033 
237 421 6 16 0.019177958 
743 182 9 28 0.019153375 
165 148 12 25 0.019152796 
243 720 11 22 0.019133788 
668 424 11 14 0.019126156 
494 47 7 13 0.019119918 
744 336 8 11 0.019117212 
385 235 11 26 0.019111883 
549 828 20 23 0.019100623 
756 648 7 20 0.01909273 
804 688 12 23 0.019091273 
657 411 8 14 0.019082578 
224 780 6 13 0.019076401 
92 224 11 22 0.01906994 
89 732 10 26 0.01906385 
479 647 8 14 0.019054953 
320 712 10 16 0.019049697 
421 538 13 38 0.01904259 
804 526 15 30 0.019031262 
90 373 13 26 0.019011943 
627 657 12 24 0.01900444 
81 274 9 23 0.019000519 
712 407 234 176 0.018980268 
13 783 8 31 0.018979257 
334 888 10 23 0.018902458 
693 40 14 37 0.018896384 
600 706 13 26 0.01888789 
325 810 6 11 0.018883808 
693 867 10 23 0.018877529 
740 683 14 27 0.01886526 
398 492 9 22 0.01885602 
273 588 9 16 0.018854126 
68 376 10 19 0.018848546 
283 254 44 76 0.018845588 
526 658 9 18 0.01884054 
476 786 8 18 0.018827084 
65 322 12 30 0.01882625 
215 113 14 36 0.018814776 
873 773 9 29 0.018790428 
347 148 9 22 0.018785238 
168 816 11 18 0.0187814 
155 709 12 22 0.018773787 
60 38 6 12 0.018770281 
863 235 4 7 0.018768826 
338 703 5 11 0.018748496 
756 363 14 24 0.018735396 
487 260 11 26 0.018731765 
807 843 14 11 0.01872909 
526 372 51 59 0.018719299 
240 682 13 26 0.018712956 
627 92 10 30 0.018702665 
899 841 7 12 0.0186999 
567 27 8 12 0.018696025 
322 2 10 23 0.018693151 
695 254 8 17 0.018669188 
810 407 6 14 0.018665142 
207 778 7 16 0.018662844 
9 12 18 36 0.018636998 
890 825 4 9 0.018636534 
193 161 11 19 0.018636134 
593 632 6 10 0.01862677 
707 880 8 15 0.01862365 
512 798 13 22 0.018619053 
645 435 8 13 0.01861728 
530 632 6 7 0.018611385 
243 130 11 31 0.018564366 
463 647 7 15 0.01855676 
129 725 15 26 0.018536707 
849 457 8 14 0.018510586 
618 634 10 18 0.018505467 
565 815 14 22 0.018503474 
395 871 15 31 0.018498804 
722 318 6 16 0.018496346 
847 734 8 24 0.018479794 
653 277 11 15 0.018461253 
399 747 9 22 0.018457321 
170 237 35 84 0.01843876 
297 356 13 38 0.018399592 
399 792 6 16 0.018391753 
52 155 14 32 0.018387806 
831 720 12 31 0.01838624 
818 528 14 29 0.01838447 
861 748 8 22 0.018374022 
218 283 39 68 0.018371379 
681 121 9 27 0.018365031 
412 502 11 26 0.0183611 
144 816 7 13 0.018359385 
863 438 4 7 0.018359203 
708 355 8 14 0.01835706 
811 426 5 9 0.018352702 
614 732 13 26 0.018348511 
108 464 39 60 0.018345399 
556 676 7 20 0.01834179 
171 250 8 19 0.018340793 
511 416 12 18 0.018336125 
256 548 13 33 0.01833024 
236 776 8 20 0.018325226 
682 267 7 14 0.018307617 
80 396 46 88 0.018305164 
70 505 12 18 0.018299807 
59 26 6 14 0.01828956 
677 834 14 31 0.01827442 
772 610 10 21 0.018273132 
502 47 8 13 0.018271487 
657 437 8 11 0.018269768 
284 617 8 13 0.018268693 
616 904 9 20 0.018259022 
192 607 8 22 0.018257879 
348 130 9 29 0.018254355 
513 476 13 28 0.018252432 
417 629 5 13 0.018233145 
366 278 17 40 0.0182203 
594 26 7 13 0.018214185 
381 304 16 37 0.018204056 
521 285 199 220 0.01819344 
142 130 11 32 0.01819114 
257 680 12 30 0.018189352 
363 535 7 19 0.018187214 
193 634 34 61 0.018186921 
243 181 12 30 0.01818454 
398 477 9 26 0.018164784 
705 301 9 23 0.018159851 
347 273 11 24 0.018144827 
92 762 7 22 0.018081868 
629 904 9 18 0.018072551 
835 684 8 22 0.018061398 
292 759 18 22 0.018060317 
11 471 14 24 0.018053899 
104 700 9 20 0.01804767 
502 39 6 11 0.018032765 
604 609 9 19 0.018030833 
170 215 8 17 0.018030467 
353 249 39 83 0.01801576 
594 213 6 19 0.018003717 
209 873 10 23 0.017996328 
129 746 11 25 0.017995628 
284 197 11 27 0.017983237 
271 538 50 65 0.01796902 
346 892 9 19 0.017953167 
336 726 8 17 0.01794993 
233 800 35 80 0.017935451 
38 242 12 28 0.017933486 
270 400 10 27 0.017928014 
179 783 13 23 0.017924795 
476 401 11 20 0.017911438 
695 879 9 17 0.017909778 
475 871 9 23 0.017883848 
205 270 12 27 0.017869262 
604 212 7 20 0.017862294 
544 452 570 383 0.017860077 
358 23 12 35 0.017859776 
310 806 8 14 0.017841535 
269 415 11 25 0.017833265 
651 508 15 18 0.01782968 
833 532 13 26 0.01782671 
564 35 12 19 0.017816735 
250 299 20 41 0.017815083 
603 672 10 21 0.017805766 
566 57 9 17 0.017798688 
580 83 8 21 0.017795235 
795 454 11 21 0.017792204 
578 633 7 8 0.017778859 
746 401 51 97 0.017776126 
114 198 14 18 0.01777279 
640 259 11 11 0.017761886 
235 456 10 31 0.017748648 
411 188 8 18 0.017746454 
463 385 12 25 0.017742073 
337 904 7 20 0.017741643 
95 264 39 66 0.01773965 
324 610 8 18 0.017735818 
1 659 9 22 0.017727936 
281 724 15 25 0.017710939 
554 645 8 14 0.017704485 
895 668 11 34 0.017688323 
218 580 12 27 0.017685719 
457 157 5 11 0.017685091 
382 868 15 32 0.017683286 
789 619 5 13 0.017678978 
666 323 13 31 0.017648108 
593 427 9 10 0.017647754 
374 905 8 19 0.017642431 
476 237 8 19 0.017641043 
436 451 12 24 0.017635534 
294 802 13 21 0.01761853 
705 285 9 26 0.017608454 
762 532 20 32 0.017601827 
347 163 9 18 0.017593918 
678 52 15 39 0.017588867 
101 310 14 24 0.017588144 
579 96 8 22 0.017587682 
155 379 9 21 0.017580457 
371 258 12 30 0.017577058 
170 672 11 23 0.017575417 
810 458 8 15 0.017568206 
605 148 11 26 0.01754738 
279 631 13 26 0.01754623 
179 525 30 67 0.017540764 
877 188 5 16 0.01753908 
141 506 12 23 0.017538637 
72 460 38 60 0.017536746 
171 260 9 21 0.017536089 
499 797 11 23 0.01752612 
247 587 8 19 0.017507834 
384 458 11 33 0.017506188 
705 315 9 22 0.017499223 
153 476 14 27 0.017494388 
463 307 12 37 0.01749089 
335 9 6 18 0.017483551 
140 490 14 26 0.017467633 
831 541 17 37 0.017452039 
3 80 37 112 0.01742045 
337 717 6 13 0.017419195 
464 424 6 13 0.017413424 
454 632 5 10 0.01741154 
476 699 7 21 0.017410086 
295 710 10 23 0.017402723 
452 422 8 15 0.017393356 
774 865 11 17 0.017389266 
592 547 7 15 0.017355159 
131 758 10 21 0.017352054 
211 616 6 14 0.017327411 
499 271 11 28 0.017321818 
51 551 62 68 0.017314628 
226 681 17 28 0.017311076 
334 569 10 27 0.017308438 
467 633 4 8 0.017306905 
786 433 6 13 0.017305437 
885 716 12 31 0.017294591 
194 43 9 15 0.017292088 
453 613 6 15 0.0172841 
799 827 71 52 0.017279128 
775 523 20 32 0.017250199 
360 351 11 26 0.017248144 
485 361 12 28 0.01724597 
12 606 55 89 0.017237639 
310 599 12 17 0.01720522 
139 772 13 27 0.017184637 
825 428 4 8 0.017177546 
529 11 8 15 0.017174285 
654 440 11 19 0.017163014 
146 246 163 225 0.01715014 
551 574 10 32 0.017137028 
77 102 11 32 0.01712806 
257 869 12 26 0.017116887 
480 633 4 8 0.017106583 
237 434 6 17 0.017105099 
488 224 10 21 0.017103208 
796 403 9 21 0.017098553 
894 695 14 33 0.017084235 
229 291 19 40 0.017062256 
591 499 11 21 0.017048968 
120 790 9 15 0.017044872 
478 419 8 15 0.017003415 
64 502 46 67 0.016989851 
257 722 11 23 0.016989721 
817 581 251 261 0.016987681 
425 482 33 78 0.016982764 
371 165 9 18 0.016977707 
29 147 10 25 0.0169754 
129 509 10 17 0.016970882 
666 147 13 27 0.016953407 
791 524 16 31 0.016944213 
752 532 19 32 0.016941212 
153 116 110 123 0.016935326 
53 230 11 29 0.016921684 
878 617 5 13 0.016913408 
679 89 11 35 0.016895402 
385 709 9 22 0.016889635 
15 878 8 18 0.016883954 
436 525 11 35 0.016883343 
537 413 16 27 0.01687495 
580 548 7 16 0.016865434 
323 -14 9 16 0.016856898 
163 802 15 25 0.0168567 
680 892 10 16 0.01683285 
384 352 14 28 0.016814094 
629 805 32 72 0.016806278 
222 418 7 18 0.016804496 
542 25 6 12 0.016794683 
12 173 13 30 0.016793031 
823 659 7 16 0.016768863 
689 634 15 22 0.01676483 
576 220 124 100 0.01676439 
654 524 60 74 0.016755566 
440 185 9 19 0.016749721 
845 749 8 23 0.016745629 
409 225 12 24 0.016713494 
222 434 7 16 0.016709702 
158 173 40 61 0.016709255 
144 620 11 18 0.016708292 
258 385 10 29 0.016704548 
78 689 9 17 0.016697453 
528 827 40 65 0.016688341 
756 342 13 16 0.016661227 
305 810 34 65 0.016655853 
215 632 18 27 0.016622415 
1 309 9 30 0.016619498 
158 217 8 17 0.016610071 
500 395 10 16 0.016597707 
914 837 5 9 0.016586224 
245 610 13 21 0.01657501 
144 543 11 20 0.01657101 
267 328 14 39 0.016568676 
819 685 10 23 0.016565252 
487 416 12 19 0.016559077 
222 602 8 16 0.016556552 
488 198 10 21 0.016549785 
642 905 9 17 0.016496925 
527 471 10 21 0.016495949 
592 612 7 16 0.016492011 
502 240 10 19 0.016489673 
701 41 16 37 0.016453763 
217 563 13 30 0.016427785 
159 163 10 17 0.016422346 
794 157 9 27 0.016420182 
606 232 6 14 0.016415408 
308 444 97 137 0.016414538 
49 284 38 88 0.016411742 
858 834 8 8 0.016392596 
160 506 38 81 0.016386038 
607 243 7 12 0.016381474 
222 442 7 19 0.01637116 
638 679 16 38 0.016368119 
91 248 9 18 0.016367089 
287 732 23 33 0.016366636 
168 373 10 26 0.016358702 
604 427 9 10 0.016352711 
359 892 9 19 0.01634537 
266 842 16 36 0.016330155 
104 681 9 24 0.016329754 
663 351 14 24 0.016328521 
153 671 11 24 0.016323015 
87 122 16 48 0.016305506 
281 -3 14 32 0.016302738 
51 804 54 76 0.016300613 
664 525 20 26 0.016295759 
669 118 8 30 0.016295582 
375 509 7 22 0.016290622 
202 575 14 33 0.016289469 
514 314 54 72 0.016285073 
259 226 11 24 0.016282793 
671 302 8 18 0.016277866 
373 891 9 21 0.016277187 
82 240 7 17 0.01626917 
150 769 13 27 0.016258901 
369 870 14 28 0.016247101 
628 644 14 22 0.016231788 
230 226 42 72 0.016227009 
526 380 15 19 0.01622331 
514 430 10 20 0.01621954 
350 390 163 205 0.016204583 
422 511 14 35 0.016199034 
78 81 10 22 0.016185954 
51 -65 67 65 0.01618537 
581 72 7 19 0.016171845 
77 124 14 44 0.016171213 
604 631 7 11 0.016159564 
676 583 14 19 0.016157096 
599 682 14 26 0.016144123 
665 487 11 15 0.016139245 
756 656 9 26 0.016134975 
615 748 11 22 0.01612616 
578 557 9 18 0.016117016 
352 1 5 12 0.01611102 
138 652 13 30 0.016104907 
322 600 10 19 0.016099436 
808 543 44 98 0.016077857 
877 235 4 7 0.016071945 
473 49 38 68 0.01606494 
641 87 10 35 0.016064443 
577 498 180 188 0.016062438 
91 388 10 21 0.016041012 
535 845 17 26 0.016033495 
264 49 32 87 0.01601778 
669 293 7 14 0.01601028 
196 418 8 19 0.016004048 
276 248 21 45 0.016003147 
637 642 22 27 0.015991213 
464 299 106 125 0.015971612 
163 497 18 37 0.015966836 
612 860 13 27 0.01593745 
196 696 12 22 0.015932955 
358 366 38 95 0.015929665 
487 210 11 23 0.015928216 
229 264 17 42 0.015924435 
582 242 6 11 0.01590281 
439 212 88 122 0.015897084 
715 -62 72 60 0.015880913 
94 596 45 106 0.01585271 
851 482 23 19 0.015845934 
63 484 12 20 0.015828602 
708 366 8 14 0.015800599 
236 443 7 22 0.015776725 
324 623 7 15 0.01577625 
270 710 10 23 0.015766008 
538 327 16 21 0.015749702 
68 389 9 20 0.015737634 
159 313 34 79 0.015727675 
379 -19 57 103 0.015686192 
92 776 7 22 0.015678065 
667 814 12 25 0.01564741 
565 408 10 16 0.015646823 
7 -32 60 78 0.015644971 
146 25 7 15 0.015641917 
337 -13 7 13 0.015639119 
52 125 12 37 0.015627004 
735 321 6 13 0.0156238945 
283 710 11 24 0.01561322 
12 455 11 24 0.015600474 
535 380 18 19 0.015586441 
563 419 12 16 0.015581548 
448 370 14 29 0.015570734 
126 195 16 25 0.015564911 
595 234 5 11 0.015564911 
470 304 13 38 0.015560233 
93 674 8 21 0.01555905 
396 325 13 24 0.01555575 
479 41 6 9 0.015555568 
29 319 44 71 0.01555321 
380 69 158 203 0.0155410515 
265 777 17 35 0.015538766 
143 161 10 20 0.015538637 
234 602 7 15 0.015534648 
162 412 79 141 0.015533656 
568 13 9 14 0.0155202225 
780 373 18 34 0.015516384 
622 -65 80 67 0.015508809 
400 176 8 20 0.015491128 
41 310 10 29 0.015474496 
654 267 11 12 0.015463431 
786 639 6 10 0.015462995 
896 851 10 21 0.015444233 
139 412 16 33 0.015424559 
6 4 48 98 0.015424234 
1017 681 8 32 0.015423763 
192 320 13 33 0.015415293 
634 423 7 12 0.015411104 
582 234 5 10 0.015407298 
154 697 12 22 0.01540118 
616 118 10 29 0.015395873 
604 904 9 21 0.015395728 
417 837 8 17 0.015394818 
871 757 11 31 0.015388068 
182 578 12 31 0.015374875 
55 775 10 27 0.015371497 
92 276 10 25 0.015368028 
583 215 5 16 0.01536573 
668 313 11 22 0.015354293 
81 337 36 63 0.0153496945 
540 11 9 16 0.0153283905 
714 18 16 25 0.015326874 
693 349 11 19 0.015308426 
66 362 13 21 0.015304745 
679 661 15 35 0.015297404 
862 446 6 10 0.015294184 
312 638 6 13 0.015293898 
76 528 15 25 0.015291586 
704 146 11 22 0.015286166 
0 465 55 63 0.015275352 
158 231 8 16 0.01527181 
195 879 9 20 0.0152666485 
384 888 12 24 0.015240003 
885 243 7 11 0.015236039 
734 162 7 23 0.015235038 
418 431 39 73 0.015227713 
517 617 6 14 0.015225834 
268 61 15 40 0.0152226295 
629 862 10 23 0.0152162425 
41 134 9 21 0.015197766 
541 56 9 19 0.015192494 
916 437 4 7 0.015191759 
188 486 16 36 0.0151659 
649 754 16 33 0.015161014 
156 251 11 19 0.01514402 
425 215 9 17 0.015137914 
24 282 14 35 0.015137352 
310 711 11 18 0.015131156 
661 782 17 29 0.015128297 
104 374 14 26 0.01512594 
15 660 12 24 0.01512493 
678 349 13 23 0.015123588 
656 259 8 11 0.015120628 
25 312 13 29 0.015118867 
767 340 15 20 0.015116182 
894 860 13 29 0.015114564 
79 719 10 26 0.015113407 
915 446 6 10 0.015103763 
602 890 11 20 0.0151007995 
674 23 18 33 0.015100474 
385 904 10 22 0.01509592 
805 851 16 15 0.015086083 
440 763 8 19 0.015072346 
234 585 9 21 0.015066982 
577 431 53 86 0.015060246 
233 763 9 21 0.0150551945 
281 829 16 32 0.015051604 
602 749 11 22 0.015049809 
395 834 13 25 0.015031513 
285 599 9 14 0.015031498 
729 544 12 20 0.015010646 
524 706 11 33 0.014977334 
822 409 6 12 0.014971186 
742 687 66 79 0.014968022 
484 271 13 31 0.014964226 
863 243 5 8 0.014954403 
45 70 8 19 0.014949908 
272 482 65 98 0.014945934 
625 625 12 17 0.014936881 
0 140 9 35 0.014932231 
102 497 12 18 0.014928969 
178 820 10 16 0.014911253 
902 638 5 11 0.014895695 
664 798 16 28 0.014891184 
284 585 11 15 0.01488675 
293 723 15 25 0.014870641 
140 518 13 22 0.014858783 
693 34 33 72 0.014857179 
415 806 7 14 0.01485399 
80 324 9 23 0.014840284 
220 40 97 130 0.014835504 
277 769 15 27 0.0148342615 
518 13 6 12 0.014831488 
372 338 11 22 0.01483068 
223 630 27 35 0.014817978 
705 161 10 21 0.014802311 
279 330 13 36 0.014797346 
52 255 13 33 0.014777956 
639 133 11 24 0.014775853 
17 894 6 16 0.014769678 
783 439 9 18 0.0147617 
876 836 5 8 0.014761193 
367 830 16 34 0.014755224 
719 895 9 13 0.014722804 
782 565 12 36 0.014712597 
142 806 9 13 0.014703337 
434 341 36 72 0.014691613 
292 293 42 86 0.014690231 
207 418 8 18 0.014689072 
329 836 18 43 0.014680605 
65 530 13 24 0.014678137 
692 590 10 14 0.014660726 
475 457 25 64 0.014659123 
61 226 38 79 0.014655939 
1 196 13 36 0.014647818 
348 521 8 19 0.014647775 
-12 741 152 306 0.01464635 
914 645 6 16 0.014643323 
664 -62 74 62 0.014621384 
258 743 46 73 0.014618068 
336 735 9 21 0.014616268 
687 662 39 77 0.014613487 
96 177 50 66 0.014601065 
427 764 7 18 0.014599082 
832 748 9 27 0.014596845 
771 877 10 16 0.014591902 
754 -64 75 63 0.014579927 
379 843 19 40 0.014579647 
758 181 9 32 0.01457655 
168 734 12 23 0.014575708 
463 239 8 19 0.014567951 
289 867 16 34 0.014564732 
323 902 8 22 0.01456257 
11 421 12 28 0.01455638 
372 379 14 35 0.014551551 
293 770 16 23 0.0145378 
517 0 7 11 0.014535354 
53 106 33 80 0.014532 
493 32 4 8 0.014515211 
78 699 10 20 0.01449956 
517 394 9 15 0.014492476 
714 604 13 24 0.014492469 
901 436 5 7 0.014484332 
771 500 39 57 0.01446479 
215 308 20 36 0.014431715 
271 209 10 25 0.014424297 
660 373 25 31 0.014423266 
526 55 10 18 0.014418862 
293 786 13 19 0.014411544 
594 241 7 12 0.014404938 
13 649 11 22 0.01439967 
166 529 13 27 0.01439043 
78 337 10 22 0.014389928 
7 -64 31 33 0.014364002 
282 413 12 27 0.0143601755 
514 240 12 18 0.014357686 
180 526 16 37 0.014355088 
419 460 16 32 0.01435137 
501 379 10 19 0.014343312 
719 670 29 67 0.014342942 
245 548 11 34 0.014337058 
588 867 14 29 0.01433439 
278 794 16 28 0.01433412 
504 29 5 10 0.014331533 
673 44 31 72 0.014315282 
238 792 8 17 0.01431136 
306 866 16 34 0.014309382 
245 748 11 28 0.01428356 
206 595 10 24 0.014278544 
198 537 18 39 0.014277954 
781 453 12 22 0.014273337 
591 597 9 21 0.014272533 
476 521 21 75 0.014270299 
282 810 15 28 0.014263781 
79 209 10 23 0.014261239 
141 533 12 20 0.0142604355 
421 873 12 27 0.014244458 
438 225 10 21 0.014231869 
26 226 37 92 0.014230784 
629 762 11 23 0.014228398 
608 418 61 82 0.014215068 
239 364 39 93 0.014213584 
552 71 11 21 0.014205135 
415 819 7 15 0.014187731 
407 336 18 30 0.014187024 
130 802 9 16 0.014184283 
552 14 8 12 0.01418367 
424 831 32 66 0.014180925 
314 732 39 65 0.01417667 
48 332 17 37 0.014161791 
631 748 10 22 0.014161058 
331 869 14 30 0.014154164 
342 870 14 28 0.014151648 
731 880 9 15 0.0141425645 
359 334 11 27 0.01413944 
475 249 11 22 0.0141384285 
575 -2 12 14 0.014138097 
541 0 11 16 0.014133911 
629 695 11 29 0.014132303 
438 212 9 20 0.014122939 
728 19 15 24 0.014116646 
68 520 10 16 0.014106311 
1 387 9 30 0.014086469 
626 633 15 20 0.014076897 
133 816 8 14 0.01407603 
355 871 14 27 0.014055114 
164 846 14 24 0.014049974 
45 99 7 19 0.014043435 
785 821 9 10 0.014041984 
196 38 9 13 0.014035925 
378 798 36 64 0.014028734 
159 843 7 14 0.014022667 
100 186 20 24 0.014014823 
177 476 39 85 0.013985519 
864 175 6 22 0.013984992 
167 786 11 24 0.013976473 
872 743 10 27 0.013944955 
142 295 33 81 0.013938778 
381 409 36 85 0.01391866 
784 14 9 12 0.013906008 
464 123 8 24 0.01390283 
736 185 7 21 0.013901288 
40 255 12 30 0.013901248 
245 385 11 28 0.013898955 
194 864 11 20 0.0138982935 
84 712 33 80 0.0138925975 
124 361 14 28 0.013892062 
231 213 12 25 0.013889083 
129 209 13 24 0.013886268 
769 483 9 19 0.013885074 
351 38 9 27 0.01388194 
30 134 8 21 0.013881078 
614 835 13 26 0.013879655 
617 712 10 21 0.013865506 
152 529 13 26 0.013862128 
241 233 15 31 0.013854226 
749 512 8 15 0.013846397 
282 30 12 30 0.013827072 
501 177 9 15 0.013823301 
736 173 7 21 0.013823288 
501 346 12 32 0.013823171 
462 870 11 25 0.0138173485 
447 496 14 34 0.013815744 
360 148 9 22 0.013810118 
448 870 11 26 0.013801503 
499 271 45 90 0.013800322 
322 586 11 21 0.013798551 
503 188 7 16 0.013775671 
299 627 7 12 0.013772134 
79 295 36 73 0.013758449 
195 820 8 13 0.013750479 
517 34 10 20 0.013739639 
807 368 13 18 0.013729009 
138 467 42 79 0.013724663 
274 388 48 103 0.01371094 
621 17 23 70 0.0137051195 
243 732 12 26 0.013694346 
343 346 14 30 0.013689292 
721 335 8 15 0.013683793 
716 571 14 25 0.013683068 
188 367 41 88 0.013682571 
24 777 58 97 0.013673391 
605 8 8 21 0.013665793 
230 195 13 27 0.013652443 
98 358 43 71 0.013649284 
100 223 13 24 0.013646279 
387 339 11 23 0.013645805 
39 327 12 28 0.013641158 
456 516 23 81 0.013640594 
741 63 291 236 0.013638618 
5 742 52 116 0.013621002 
320 885 12 28 0.013618377 
155 813 11 17 0.013616542 
759 334 9 12 0.013604828 
771 663 8 18 0.013586616 
103 465 13 23 0.013577992 
1 252 10 37 0.013575757 
359 105 9 34 0.013564216 
229 875 13 34 0.013549485 
85 426 16 33 0.0135358805 
716 617 12 27 0.0135279745 
676 623 17 20 0.0135224825 
591 903 8 22 0.013514274 
668 258 8 12 0.013513092 
117 -69 64 72 0.013499305 
229 730 13 29 0.013493985 
706 390 10 24 0.013493306 
436 868 12 29 0.013487995 
195 803 9 17 0.013476051 
630 734 11 25 0.013469531 
271 226 11 25 0.013469099 
345 241 14 30 0.013468922 
10 35 15 33 0.013463562 
209 754 108 131 0.013461081 
298 -57 51 80 0.01345418 
114 211 13 20 0.013452781 
172 757 42 75 0.013450826 
715 42 14 29 0.013447264 
629 108 9 24 0.013441527 
205 312 15 27 0.013437671 
765 370 18 35 0.013428041 
407 488 33 73 0.013424625 
231 563 12 31 0.013423095 
773 855 9 16 0.013398396 
55 762 10 25 0.013391918 
154 878 9 18 0.013388099 
42 119 9 22 0.013385991 
359 223 13 22 0.013385612 
78 803 9 25 0.013382457 
638 725 39 81 0.013381161 
864 163 5 20 0.0133763645 
773 331 10 13 0.013370746 
137 428 16 37 0.013368726 
300 84 30 73 0.013366751 
52 491 14 20 0.013363031 
311 612 9 15 0.013349319 
153 343 12 31 0.013348617 
135 197 15 24 0.0133466935 
607 262 57 63 0.013342663 
41 166 33 62 0.013340754 
531 616 6 14 0.013336927 
90 186 16 24 0.013335504 
317 377 18 41 0.013323851 
265 200 40 74 0.013309935 
772 148 8 22 0.013301723 
342 816 42 71 0.013298755 
295 184 15 25 0.0132963145 
101 706 41 76 0.013295877 
265 635 17 35 0.013291123 
876 149 6 21 0.013288161 
775 841 9 14 0.0132773975 
675 407 16 20 0.013273838 
111 184 18 25 0.01326803 
358 199 13 21 0.0132555 
208 454 8 21 0.013246835 
701 17 17 26 0.013241102 
889 436 5 8 0.013240273 
654 905 10 18 0.013237987 
720 879 9 16 0.013224116 
663 767 44 84 0.013223469 
94 819 8 14 0.013219339 
760 481 9 21 0.013215122 
348 256 11 27 0.013210515 
140 608 12 16 0.013207271 
742 29 14 24 0.013205842 
471 136 13 21 0.0131889805 
731 894 9 14 0.013183545 
81 628 37 84 0.013183136 
106 41 7 10 0.013180841 
773 831 42 49 0.013179836 
76 398 12 27 0.013172049 
816 696 14 29 0.013169601 
148 417 35 74 0.013165956 
729 381 13 32 0.013155498 
66 404 9 21 0.013153665 
569 242 5 11 0.013152371 
630 843 12 30 0.013150034 
738 554 18 31 0.013131524 
684 638 201 177 0.013128164 
546 -68 81 69 0.013126978 
318 723 13 21 0.013122253 
618 696 10 23 0.013122247 
360 307 13 28 0.01311658 
648 653 22 29 0.013110557 
690 670 15 45 0.013103932 
543 648 8 12 0.013102458 
677 144 14 28 0.01310027 
859 578 8 27 0.013099851 
653 326 13 24 0.013093036 
674 572 15 19 0.013093036 
299 614 8 12 0.013089548 
12 807 9 32 0.013085341 
318 750 14 20 0.013076015 
742 539 14 26 0.013069524 
640 614 59 55 0.013068965 
80 678 8 16 0.013060259 
257 734 13 25 0.013052455 
63 767 29 86 0.01304624 
793 886 13 21 0.013045552 
360 381 13 34 0.0130443 
915 253 4 11 0.013029685 
333 521 12 20 0.013018296 
847 517 11 20 0.012999353 
177 827 41 56 0.012991979 
331 344 15 32 0.012991102 
541 44 7 15 0.012964797 
650 793 39 74 0.01293465 
23 198 17 35 0.01293103 
150 541 12 25 0.012927603 
66 142 36 79 0.012920959 
438 196 10 23 0.012917944 
890 234 5 7 0.012912971 
139 698 13 24 0.012911245 
517 185 9 21 0.012910601 
461 832 30 64 0.01290806 
540 472 10 21 0.0129020065 
11 -22 112 125 0.012893887 
11 68 13 30 0.012882398 
796 28 7 9 0.012878699 
528 0 9 13 0.012876942 
179 -60 70 71 0.0128767 
280 865 14 34 0.012865001 
798 647 8 13 0.012858487 
55 623 571 591 0.012857295 
706 381 9 17 0.0128526725 
233 509 33 84 0.012852521 
707 407 63 96 0.012831539 
484 322 13 27 0.012831345 
680 612 13 17 0.012830379 
196 665 39 54 0.01282928 
522 247 15 25 0.012827316 
512 584 11 38 0.012823507 
529 232 7 15 0.0128232725 
165 875 11 23 0.012816766 
167 379 37 75 0.01281667 
279 76 26 71 0.012810567 
335 68 8 25 0.012801368 
775 833 7 10 0.012796541 
80 309 10 25 0.012789437 
581 424 9 12 0.012788653 
703 619 13 20 0.012786138 
137 186 15 25 0.012785139 
397 457 14 33 0.012765856 
309 1 12 26 0.012757135 
311 626 6 12 0.012755591 
154 315 13 37 0.012753052 
448 33 37 80 0.012751357 
502 227 8 18 0.012745435 
555 632 6 9 0.012745351 
319 174 16 24 0.012729957 
703 786 50 94 0.012720121 
876 457 6 11 0.0127198445 
397 903 11 23 0.012716008 
485 533 24 87 0.012715397 
775 402 42 74 0.012695014 
53 510 11 16 0.012691504 
279 52 14 35 0.012689103 
132 30 7 13 0.012684594 
642 855 13 33 0.012680326 
12 437 11 23 0.012672787 
654 316 11 19 0.012672685 
126 155 14 31 0.012669757 
528 200 8 22 0.012669309 
176 0 16 17 0.012659913 
98 438 15 32 0.012655909 
93 790 7 22 0.012652036 
901 252 5 13 0.012646712 
647 365 49 56 0.012645603 
516 381 9 16 0.012638413 
254 465 16 31 0.012633703 
106 479 12 20 0.012629896 
542 233 7 14 0.0126261385 
130 699 12 21 0.012621258 
706 236 9 26 0.012617213 
675 643 20 28 0.012616405 
259 747 12 27 0.012612301 
246 442 9 25 0.012609173 
679 593 14 20 0.012607949 
654 291 10 14 0.012605587 
179 249 14 36 0.012597464 
288 263 22 38 0.012592561 
538 886 11 27 0.0125893345 
464 402 9 19 0.012589033 
1 453 9 28 0.012586822 
71 75 29 75 0.012580392 
141 173 12 20 0.012578523 
393 848 16 30 0.012571369 
201 719 33 68 0.012566107 
282 385 12 32 0.012564249 
892 681 36 84 0.012563303 
602 581 11 22 0.012546633 
267 805 14 28 0.012545519 
909 484 12 12 0.012544495 
772 818 10 12 0.012536213 
16 906 6 17 0.012525667 
370 5 11 23 0.012519264 
13 105 8 29 0.012516789 
424 200 9 18 0.012509182 
262 561 39 64 0.012506649 
118 699 9 19 0.012500325 
372 491 9 27 0.012486284 
121 39 8 13 0.012480864 
354 210 33 66 0.012477572 
502 547 22 78 0.0124755455 
499 414 39 69 0.01247487 
698 508 34 49 0.012473085 
449 405 10 20 0.0124729145 
635 662 35 77 0.012471627 
100 326 37 63 0.012469456 
116 59 12 21 0.012469292 
182 403 9 21 0.012465499 
487 335 13 31 0.012465165 
412 490 12 24 0.012458838 
3 893 6 19 0.012447209 
176 278 35 79 0.012442357 
720 301 9 22 0.012437133 
741 512 35 59 0.012431264 
758 816 12 14 0.0124231065 
119 44 10 16 0.012421258 
795 677 9 19 0.012414072 
234 400 9 24 0.012404271 
434 508 14 35 0.012403676 
421 483 17 32 0.012402437 
644 439 12 20 0.012400369 
455 341 34 64 0.0123960795 
865 484 18 15 0.0123946415 
19 702 54 92 0.012362248 
844 474 14 15 0.012353239 
189 250 44 78 0.012341802 
106 390 10 18 0.012340279 
372 306 13 29 0.012340244 
174 620 174 260 0.012335786 
26 345 16 33 0.012327423 
192 181 36 65 0.012324777 
181 878 9 19 0.012319136 
374 322 11 25 0.012295968 
264 278 43 77 0.012295671 
566 73 8 17 0.012289443 
44 59 9 21 0.012289315 
335 321 11 28 0.012284749 
803 511 39 68 0.01228236 
269 867 13 29 0.012281105 
444 536 24 81 0.012270085 
223 829 29 62 0.012261819 
7 495 22 31 0.012256056 
241 253 17 34 0.012253794 
268 352 13 37 0.012253413 
319 286 18 42 0.01225234 
280 354 13 37 0.012245831 
102 663 12 32 0.012240054 
391 220 35 66 0.012236452 
900 242 6 9 0.012222737 
150 254 35 82 0.012218124 
581 256 7 15 0.01221423 
91 263 10 21 0.012214052 
807 357 13 18 0.012212907 
2 28 10 26 0.012204378 
629 -1 10 17 0.012195172 
251 324 38 100 0.012192463 
482 150 14 22 0.012185855 
793 548 15 42 0.012178118 
757 463 12 27 0.012178095 
1 214 13 41 0.0121611515 
433 355 18 33 0.012159399 
157 835 7 12 0.012158958 
526 413 13 21 0.0121548865 
228 112 13 36 0.012150193 
359 49 12 31 0.012146999 
189 512 15 36 0.01213994 
782 887 12 18 0.012138144 
729 341 36 60 0.012136155 
122 632 40 79 0.012125275 
77 170 13 30 0.012120193 
406 441 19 35 0.012120033 
230 748 11 24 0.012106019 
269 427 13 27 0.012097668 
483 -67 68 67 0.012090347 
22 148 37 68 0.012068234 
154 788 10 19 0.012064357 
489 763 32 59 0.0120603675 
799 863 23 24 0.012055153 
612 452 13 22 0.012051156 
73 539 18 30 0.012043427 
78 830 10 14 0.012029681 
426 187 8 19 0.012005936 
4 243 36 91 0.012004943 
580 172 7 25 0.012004885 
514 97 10 21 0.011996789 
860 762 9 24 0.011988156 
546 378 18 18 0.011986388 
818 718 13 34 0.011984542 
131 640 11 26 0.011984169 
113 668 43 76 0.011961978 
540 661 8 17 0.011954519 
476 61 10 19 0.011950689 
45 84 8 18 0.011944114 
129 651 13 32 0.011943326 
412 850 12 24 0.0119255865 
213 700 39 73 0.011925007 
1 631 9 28 0.011917706 
500 788 317 170 0.011905056 
514 273 10 26 0.0119046625 
180 387 10 24 0.011897749 
94 803 8 20 0.011885748 
182 370 12 31 0.0118823545 
168 -1 15 18 0.0118775135 
102 240 10 19 0.01187668 
63 428 14 28 0.011874358 
706 569 12 21 0.011862323 
619 -1 8 17 0.01186011 
513 819 34 52 0.011856014 
556 347 62 81 0.011855835 
247 95 30 78 0.01185511 
140 360 12 27 0.011850078 
117 494 43 66 0.011847449 
468 374 37 57 0.011846499 
895 484 13 12 0.011846475 
296 336 36 87 0.01184607 
769 466 10 23 0.011843306 
343 734 35 67 0.011841878 
394 307 16 32 0.011840238 
525 450 13 26 0.011838976 
263 301 19 41 0.011835909 
464 41 7 9 0.01183462 
254 265 17 37 0.011828723 
123 344 17 31 0.011820588 
457 146 32 54 0.011815842 
890 190 5 17 0.01181581 
155 195 14 23 0.011814524 
409 901 12 24 0.011811134 
55 530 11 24 0.011802778 
316 553 15 28 0.011800637 
606 234 45 51 0.01178355 
60 320 42 74 0.011774735 
190 6 17 23 0.011766981 
638 146 12 23 0.011764199 
118 160 45 66 0.011758434 
126 678 14 29 0.011745503 
516 58 10 16 0.01174516 
449 88 11 34 0.011733018 
168 687 34 55 0.011730109 
784 117 35 64 0.011719142 
810 835 9 7 0.011718517 
791 338 14 18 0.011715067 
738 802 52 77 0.011708879 
128 401 12 25 0.011708328 
856 474 14 15 0.01170723 
808 675 9 20 0.0117050735 
152 293 17 35 0.011701636 
793 573 11 40 0.011698157 
1 325 9 30 0.011695505 
444 166 5 13 0.011693462 
90 830 10 13 0.011688971 
36 343 18 35 0.011686564 
570 235 4 10 0.01168499 
168 587 9 20 0.011674492 
475 889 9 18 0.011670103 
402 369 22 38 0.011660762 
79 820 8 14 0.011653023 
594 10 8 17 0.0116499085 
604 812 38 68 0.011641215 
474 119 13 25 0.011640936 
884 786 10 26 0.011620057 
344 188 15 22 0.011617982 
260 162 25 60 0.011615374 
550 456 38 65 0.0116144065 
884 444 9 13 0.011600379 
831 518 39 72 0.011593345 
557 234 5 12 0.011588992 
62 349 14 26 0.011588773 
318 866 15 33 0.011570271 
459 360 85 119 0.011566413 
272 570 12 22 0.01156404 
841 489 19 22 0.011556057 
501 214 8 17 0.011553117 
654 726 60 83 0.011548631 
999 701 10 39 0.011524934 
79 437 14 29 0.011524336 
580 144 8 31 0.011519741 
805 891 13 17 0.011518563 
715 554 15 26 0.01151674 
551 469 12 23 0.011513194 
116 715 12 19 0.011500547 
48 -40 47 79 0.011493698 
80 225 9 19 0.011492597 
542 319 11 14 0.011491477 
324 800 32 57 0.011479859 
553 412 54 78 0.011477714 
88 148 17 43 0.011477152 
692 131 11 30 0.011474237 
297 600 10 15 0.011468456 
54 521 10 17 0.011468208 
589 888 11 23 0.011464312 
912 840 9 14 0.011452655 
328 289 37 74 0.011445941 
141 214 11 18 0.011444048 
518 843 27 67 0.011437144 
328 378 17 39 0.011430936 
55 420 12 21 0.01142081 
104 722 12 26 0.011420563 
553 258 41 73 0.011412534 
864 617 5 12 0.011410768 
891 224 4 7 0.011409235 
506 618 5 14 0.011408295 
477 322 33 75 0.011404466 
117 679 11 25 0.0113847535 
197 544 36 74 0.011381647 
341 840 19 41 0.011378583 
644 106 9 30 0.011373627 
634 46 26 72 0.011365085 
154 360 11 27 0.011363424 
743 880 9 16 0.011342979 
23 575 74 81 0.011338444 
858 842 11 11 0.01132652 
854 429 4 7 0.011311882 
430 326 18 22 0.01129337 
661 664 19 34 0.011283348 
655 150 11 22 0.011273236 
175 564 29 71 0.01126044 
551 888 12 25 0.011249545 
150 594 13 23 0.011248093 
875 805 7 16 0.011242616 
677 394 54 88 0.011240523 
646 823 19 44 0.011228393 
605 -2 9 17 0.0112274075 
554 660 8 17 0.011218486 
878 207 4 11 0.011215324 
901 446 5 9 0.011215124 
755 670 11 28 0.011209206 
886 161 6 22 0.01120917 
97 150 19 43 0.011208927 
577 484 11 21 0.011206105 
294 380 14 38 0.0112034585 
3 676 45 92 0.011196568 
466 614 6 16 0.011188587 
344 371 15 35 0.011163436 
283 571 14 18 0.011161294 
26 236 14 36 0.011147856 
147 154 41 54 0.01114599 
369 276 35 75 0.011138782 
522 764 35 60 0.011135531 
64 418 12 23 0.011130634 
614 194 12 26 0.011113557 
620 150 43 86 0.011111933 
315 165 41 58 0.01111163 
115 453 14 25 0.011107155 
865 189 5 16 0.011099428 
490 66 24 33 0.011093483 
687 836 14 30 0.01108838 
636 717 21 40 0.011084103 
180 849 11 19 0.01108335 
86 528 17 23 0.0110682305 
443 421 34 59 0.01106549 
683 478 47 54 0.011057035 
462 284 14 31 0.011053329 
1 495 60 110 0.011048815 
319 343 15 35 0.011046616 
682 256 7 14 0.011043257 
285 751 46 52 0.011030765 
362 520 7 20 0.011029367 
55 407 10 22 0.011023085 
859 776 9 22 0.011014231 
233 406 36 86 0.011012184 
254 61 15 43 0.011010709 
665 439 13 23 0.010986291 
666 904 10 19 0.010983507 
651 516 16 24 0.010972911 
566 -2 11 12 0.010972414 
502 888 8 22 0.010969785 
65 797 11 34 0.010969475 
155 -2 15 18 0.010968937 
261 644 29 68 0.010964208 
569 124 8 19 0.010958481 
250 650 19 33 0.0109520955 
691 570 12 18 0.0109468065 
275 775 45 66 0.010945694 
256 440 14 29 0.010941255 
592 559 8 16 0.010925362 
462 192 31 69 0.010916261 
628 442 11 18 0.0109026525 
76 416 13 25 0.01090256 
274 166 30 60 0.010901263 
540 35 7 14 0.010888798 
892 206 4 11 0.010884853 
63 685 14 24 0.010883391 
309 175 13 21 0.0108739035 
39 850 49 79 0.01087098 
796 38 10 12 0.010868161 
27 326 13 32 0.01086813 
706 868 9 21 0.010866234 
44 46 9 20 0.010866132 
564 901 10 25 0.010863067 
208 884 9 24 0.010863005 
108 791 6 14 0.010853889 
203 297 14 27 0.010845993 
614 181 12 23 0.010843266 
577 902 10 23 0.010834252 
206 761 39 71 0.010834156 
877 263 6 17 0.010827974 
654 303 10 16 0.010820424 
268 42 15 36 0.010816428 
244 698 40 71 0.010816096 
143 97 32 90 0.01080813 
267 346 40 96 0.010782432 
690 851 11 27 0.010781993 
564 81 12 23 0.010779136 
140 678 15 30 0.0107732145 
47 371 16 27 0.010763984 
537 705 10 34 0.010754462 
741 616 12 32 0.0107542705 
542 631 6 9 0.01075362 
734 -38 60 66 0.010745922 
434 400 15 26 0.010741261 
730 808 14 30 0.010736808 
109 780 6 14 0.010736377 
423 320 38 61 0.010735223 
742 384 13 30 0.010730074 
431 785 35 52 0.010724401 
66 677 9 19 0.010719405 
198 47 30 82 0.01071631 
675 785 17 27 0.010708211 
294 332 13 31 0.010700701 
792 331 12 14 0.010699626 
350 -13 8 13 0.010687303 
679 305 32 63 0.0106833 
462 86 11 33 0.010681713 
560 429 14 21 0.010671292 
241 620 17 24 0.010664972 
730 510 10 18 0.010663472 
502 351 43 70 0.010654496 
868 697 30 71 0.010650079 
721 172 7 19 0.010649969 
590 569 10 19 0.010639281 
526 885 9 26 0.010638167 
446 323 14 26 0.010631534 
727 566 18 33 0.010606036 
250 -57 55 78 0.010577663 
668 687 77 83 0.010577269 
611 164 19 27 0.010570863 
518 200 8 19 0.010565499 
768 183 9 28 0.010561506 
878 438 5 7 0.010560625 
591 582 9 21 0.010558306 
694 347 127 106 0.010555677 
10 510 16 29 0.010553097 
926 448 5 8 0.010551435 
786 422 8 14 0.010545776 
876 823 6 10 0.010544218 
819 382 11 16 0.010534449 
901 235 4 6 0.010530287 
595 -59 58 68 0.0105284555 
856 550 12 35 0.010523435 
556 242 6 13 0.010522599 
471 491 24 67 0.010508935 
398 524 27 63 0.010507826 
181 556 13 34 0.010504341 
0 481 14 28 0.0104929805 
576 567 11 24 0.010484237 
2 470 9 25 0.010475565 
654 532 12 20 0.01047547 
425 337 200 283 0.010473482 
139 341 39 83 0.010471239 
145 11 9 18 0.010470242 
757 827 12 16 0.010469144 
798 619 5 11 0.010469027 
585 768 35 59 0.010466132 
502 200 8 18 0.010465812 
525 238 12 20 0.010461422 
743 893 10 15 0.010453049 
316 132 84 115 0.010449273 
738 595 19 38 0.010448616 
553 -1 10 11 0.010444741 
784 676 9 19 0.010443918 
771 -3 11 15 0.010439352 
764 570 37 89 0.0104390355 
142 98 15 43 0.010436499 
795 169 9 28 0.010436165 
460 261 32 79 0.010410702 
923 486 10 11 0.010406301 
252 255 39 77 0.010404534 
364 -13 39 65 0.010403542 
878 224 4 8 0.010398953 
821 394 7 14 0.010397358 
143 659 38 66 0.010389168 
131 543 10 19 0.010387687 
65 743 11 28 0.010370329 
543 217 7 17 0.010340667 
885 485 13 10 0.010339652 
453 457 28 62 0.010338871 
488 889 9 19 0.010326876 
263 595 43 68 0.01032479 
913 460 7 12 0.010317492 
464 593 8 28 0.0103171095 
452 31 7 8 0.010310514 
244 652 31 70 0.010307541 
78 462 13 29 0.010306524 
601 125 29 67 0.010304651 
899 462 7 12 0.010302489 
844 484 49 67 0.010300943 
315 343 38 80 0.010300049 
91 78 13 26 0.010293605 
796 905 9 17 0.010289015 
734 149 7 23 0.010287961 
105 821 6 11 0.01027663 
91 667 38 75 0.010275947 
900 825 6 10 0.010275442 
438 419 11 20 0.010270448 
394 396 16 28 0.010268191 
655 488 11 17 0.010266892 
542 336 19 28 0.0102626765 
417 396 20 32 0.01026134 
784 687 11 20 0.010248805 
230 383 13 32 0.010234633 
514 302 13 28 0.010234024 
624 155 17 27 0.010219806 
933 -64 87 58 0.01021642 
513 365 10 21 0.010212785 
94 760 40 83 0.010200438 
181 41 26 74 0.010178253 
160 22 27 70 0.010178051 
646 729 20 37 0.010175861 
24 -63 41 27 0.010164998 
768 591 15 31 0.010156926 
680 485 11 17 0.010155484 
265 141 83 102 0.010135921 
364 -57 70 78 0.010129479 
675 418 17 22 0.010124698 
12 155 12 31 0.010110086 
67 829 9 15 0.010108527 
175 802 15 24 0.01010283 
488 197 37 72 0.010102435 
712 347 31 65 0.010095174 
231 533 13 36 0.010094593 
315 427 46 96 0.010091492 
529 215 7 16 0.010088448 
551 900 10 26 0.010081314 
784 35 12 15 0.010080555 
527 85 11 24 0.010080009 
39 -42 207 154 0.01006803 
458 250 15 25 0.010056537 
387 462 33 75 0.010054889 
914 639 6 10 0.010053167 
372 463 10 30 0.010034581 
279 276 18 38 0.01002788 
355 167 34 61 0.010027422 
773 649 7 15 0.010013888 
815 866 21 20 0.010003625 
478 48 8 11 0.010001674 
695 270 128 128 0.010000986 
