7_Cheering_Cheering_7_687
3877
574 75 48 89 0.9975714 
822 210 25 42 0.96932095 
895 445 13 32 0.87823886 
677 380 16 24 0.83184147 
16 501 8 16 0.5161693 
3 491 8 18 0.41696405 
56 465 8 14 0.39920852 
927 482 17 29 0.34334978 
131 453 8 13 0.32400754 
927 515 10 22 0.31300637 
356 178 11 22 0.27326328 
321 469 9 12 0.2575003 
222 463 8 14 0.2538013 
271 515 9 14 0.25366682 
190 518 10 17 0.24852858 
156 514 9 15 0.24824043 
285 274 8 13 0.24808735 
93 489 8 14 0.24426039 
94 466 8 12 0.24360044 
130 518 9 16 0.23582076 
245 286 9 14 0.23533085 
18 298 8 14 0.23417021 
255 464 10 15 0.23068777 
681 16 8 24 0.2269893 
184 519 10 15 0.22698298 
81 470 7 12 0.22402872 
857 184 15 21 0.22322033 
204 506 9 16 0.22287543 
132 271 9 14 0.21832229 
20 480 6 13 0.21799801 
951 460 9 18 0.21744916 
205 449 9 15 0.21494944 
28 503 9 15 0.21234834 
134 474 9 16 0.21115841 
134 467 8 14 0.21026771 
814 443 22 31 0.20890526 
542 483 21 25 0.20430733 
963 424 13 26 0.20094739 
948 257 13 25 0.19985238 
297 493 8 11 0.19948474 
547 84 19 47 0.19724743 
599 477 13 20 0.19661838 
637 461 21 27 0.19637546 
93 481 8 14 0.19612399 
122 494 7 14 0.1945419 
67 529 10 16 0.19440167 
140 469 9 15 0.19389254 
31 467 7 13 0.19381654 
911 440 9 18 0.19318694 
103 457 8 13 0.19299538 
152 490 10 16 0.19267868 
16 495 7 14 0.19258176 
731 105 10 18 0.19222885 
283 481 9 12 0.1910897 
39 492 9 14 0.19096977 
475 145 10 17 0.19010109 
81 477 8 13 0.18880542 
320 476 9 14 0.18856113 
62 465 9 14 0.18852016 
156 456 8 13 0.18678759 
829 13 14 32 0.18637481 
156 464 8 14 0.18465921 
168 439 8 13 0.18464088 
296 455 7 12 0.18207528 
938 428 8 20 0.18204144 
857 506 14 29 0.18196386 
256 455 9 12 0.18196246 
221 326 7 13 0.18111277 
398 220 11 19 0.18101992 
97 529 8 14 0.18024345 
322 457 8 12 0.1800767 
597 485 16 28 0.1796234 
5 498 8 20 0.17948788 
57 457 7 13 0.17508267 
64 456 8 13 0.17441855 
336 479 8 12 0.17393391 
31 493 8 14 0.17362216 
40 468 8 13 0.17319143 
169 431 7 12 0.17265898 
77 491 8 13 0.17195305 
718 360 8 15 0.1710867 
769 438 8 14 0.17017715 
908 63 12 30 0.16997178 
597 436 13 30 0.16951777 
313 470 8 12 0.16923007 
115 443 9 14 0.16697532 
857 172 11 14 0.16695379 
299 443 7 10 0.16647992 
219 300 9 14 0.16500145 
43 442 8 15 0.16420111 
898 293 11 19 0.16405956 
517 512 12 19 0.16353254 
314 456 7 10 0.16335759 
830 304 13 22 0.16301508 
793 312 9 19 0.16264552 
212 251 6 11 0.16257343 
19 455 6 12 0.1625731 
207 470 8 12 0.16246353 
231 437 8 14 0.1622629 
794 30 9 18 0.16178687 
808 512 12 21 0.16143101 
194 303 7 12 0.16050056 
78 428 8 12 0.16007225 
96 459 7 11 0.15961386 
126 493 9 16 0.15942702 
782 320 12 23 0.15941612 
56 517 8 13 0.15715356 
905 446 12 28 0.15668586 
70 429 7 11 0.15653263 
71 493 7 12 0.15477704 
154 508 8 13 0.15470196 
22 14 11 20 0.15456566 
288 455 7 10 0.15326251 
667 496 12 23 0.15274014 
67 504 8 13 0.15160704 
335 500 10 16 0.15069681 
94 418 7 11 0.15052769 
195 466 8 13 0.14980155 
146 491 9 17 0.14979658 
450 562 24 26 0.14923619 
296 467 8 12 0.1489936 
385 92 9 16 0.14881186 
272 509 8 12 0.14809392 
65 521 8 12 0.14795843 
759 443 8 13 0.14700787 
25 479 8 14 0.14692353 
298 286 8 14 0.1469111 
51 441 9 15 0.1464366 
742 18 10 19 0.14627118 
866 185 13 18 0.1458049 
196 455 7 12 0.14529546 
363 456 6 10 0.14523801 
38 502 8 15 0.14463715 
194 479 9 14 0.14451596 
193 491 9 14 0.14440875 
681 7 6 16 0.14424239 
794 466 9 17 0.14399615 
285 506 8 12 0.14386474 
185 464 8 13 0.1438608 
37 208 10 17 0.14357819 
677 435 12 18 0.1430651 
94 426 8 13 0.14283933 
295 506 8 12 0.14281903 
27 513 8 15 0.14266922 
311 477 9 14 0.14216568 
310 443 7 10 0.14169769 
756 451 10 18 0.14099887 
18 290 6 12 0.14093372 
198 505 9 15 0.14081989 
57 401 7 15 0.14057817 
366 325 7 16 0.14007267 
170 454 8 13 0.13985255 
207 476 8 14 0.13909076 
286 493 7 10 0.13881046 
502 285 11 18 0.13870634 
874 392 7 15 0.13785692 
227 463 10 16 0.13687335 
54 479 8 13 0.13643134 
271 468 9 13 0.13626501 
195 313 7 16 0.13591863 
217 262 9 16 0.13551383 
769 451 11 21 0.1355065 
243 526 9 14 0.13396202 
808 500 11 19 0.13361175 
4 484 6 13 0.13332532 
876 398 8 16 0.13311055 
224 457 7 14 0.13238852 
295 276 9 13 0.1314645 
741 28 12 22 0.13129947 
220 492 8 13 0.13120896 
17 277 6 12 0.13037705 
996 439 10 21 0.12979655 
19 470 6 11 0.1297315 
975 455 8 15 0.12944846 
104 492 7 12 0.12939861 
128 503 8 13 0.12936988 
131 446 7 11 0.12898973 
436 478 9 12 0.1289314 
499 293 13 22 0.12883568 
212 261 7 15 0.12847951 
103 481 8 14 0.12846318 
218 251 7 12 0.12786184 
923 464 10 20 0.12753148 
287 266 6 11 0.12721804 
541 431 6 13 0.12705724 
94 302 7 13 0.12699734 
219 271 7 15 0.12691684 
679 457 15 30 0.12679227 
27 456 8 12 0.12660928 
19 512 8 16 0.1263655 
1014 360 10 20 0.12627222 
719 352 7 14 0.12626529 
733 18 8 15 0.12606391 
231 482 9 13 0.12592348 
229 98 9 15 0.12591054 
408 1 10 25 0.12584725 
334 457 8 12 0.1253919 
909 -1 9 26 0.12537253 
449 14 8 21 0.12466402 
32 391 6 12 0.12447943 
770 431 7 13 0.124333926 
80 288 8 13 0.12380217 
921 27 10 24 0.12373801 
992 439 8 17 0.12372913 
779 517 10 14 0.12366588 
285 288 8 13 0.123471215 
224 438 8 13 0.123445295 
73 529 11 17 0.12331887 
156 478 8 14 0.123257026 
354 175 8 17 0.12297022 
26 298 8 15 0.12289465 
326 287 7 13 0.122848004 
268 426 9 15 0.122665316 
2 458 7 13 0.122456886 
91 503 8 14 0.122188106 
260 492 7 11 0.1219399 
299 482 8 11 0.12163735 
104 429 8 12 0.12134824 
402 380 6 11 0.121060826 
954 567 6 12 0.12099343 
41 392 6 12 0.120676555 
534 30 11 18 0.120609686 
218 515 9 16 0.12046649 
296 265 7 11 0.12028389 
258 274 8 12 0.12014401 
344 475 10 16 0.12010999 
373 3 8 21 0.119893156 
3 464 6 14 0.11987123 
234 493 8 14 0.119725704 
794 -10 10 20 0.11955318 
882 400 9 17 0.119547084 
879 9 14 36 0.119331755 
316 213 22 24 0.11898776 
983 50 11 30 0.11895133 
273 480 8 11 0.11881507 
160 441 7 11 0.11848906 
184 456 8 13 0.11840672 
768 -10 9 21 0.11838822 
962 243 9 21 0.118063934 
707 430 8 14 0.11805772 
235 499 9 17 0.1178972 
182 481 9 14 0.11782841 
244 495 8 13 0.117763445 
337 468 7 11 0.11775184 
182 289 7 12 0.11766214 
679 319 9 26 0.11762446 
320 518 8 13 0.11751038 
855 282 13 25 0.11731711 
220 480 9 13 0.11693098 
868 509 15 30 0.11692002 
795 17 9 19 0.11683406 
180 507 9 14 0.11666427 
883 92 12 25 0.116265126 
957 256 13 25 0.11621853 
229 454 9 17 0.11621324 
294 405 9 14 0.11567514 
286 468 9 12 0.11546389 
183 489 9 15 0.115314394 
159 430 7 12 0.11512934 
633 179 16 25 0.11511567 
224 433 7 11 0.115090065 
169 303 7 13 0.11508116 
104 521 7 13 0.11503901 
792 39 11 22 0.11484328 
54 301 8 14 0.11438368 
52 490 8 14 0.11432147 
410 528 10 14 0.11392102 
80 275 7 12 0.11360302 
961 455 8 15 0.11357709 
345 500 9 16 0.113318786 
210 290 7 12 0.11290129 
259 247 8 13 0.11274774 
590 14 9 23 0.11270592 
109 442 8 14 0.11254601 
219 416 8 11 0.11219518 
257 288 8 13 0.112113416 
248 327 7 13 0.11191246 
282 517 9 15 0.11183659 
147 505 7 13 0.111606784 
170 262 6 13 0.11143502 
824 14 10 24 0.111310765 
209 494 8 12 0.111292325 
334 288 8 13 0.11107455 
258 480 8 12 0.1107676 
310 493 8 11 0.110363476 
717 325 8 18 0.1103213 
413 491 9 11 0.11031252 
737 471 16 31 0.109907225 
1000 274 7 16 0.1098472 
631 14 8 19 0.10971723 
732 301 7 13 0.10948098 
989 308 10 22 0.109422095 
708 216 11 20 0.10938483 
386 32 9 15 0.10923381 
258 265 8 13 0.10858809 
991 300 7 13 0.108320184 
915 249 7 14 0.10825626 
747 301 6 11 0.108035386 
998 300 8 15 0.10772816 
847 11 13 31 0.107511826 
58 393 5 11 0.10717503 
120 451 8 13 0.10710219 
273 494 8 11 0.10702998 
693 41 9 19 0.10690519 
324 275 7 12 0.10677809 
69 481 7 12 0.10662894 
237 288 7 13 0.10662404 
44 264 6 12 0.10661547 
196 429 7 11 0.10652584 
272 455 8 11 0.10640037 
223 199 6 12 0.10588227 
79 235 7 13 0.10586419 
43 480 8 12 0.10566537 
103 311 9 16 0.10561257 
167 222 8 15 0.10535513 
348 469 7 11 0.10534443 
677 411 12 20 0.10499613 
78 520 8 12 0.10485819 
43 451 8 14 0.1046535 
29 288 7 12 0.10451806 
196 250 6 12 0.10447001 
237 530 7 12 0.10425023 
308 286 8 13 0.10410329 
920 309 14 32 0.10406485 
702 181 11 21 0.10406252 
807 27 9 20 0.10404002 
709 349 7 14 0.10399297 
387 41 9 19 0.10390605 
211 300 8 15 0.10350276 
783 -10 9 20 0.10329886 
508 282 12 21 0.10290478 
540 -9 10 19 0.10290072 
259 444 8 12 0.10274701 
144 453 8 13 0.10257289 
949 371 11 22 0.102416806 
247 280 6 11 0.10240236 
95 312 8 15 0.1019178 
57 430 7 11 0.10187034 
773 515 10 16 0.10152536 
209 431 7 11 0.1015209 
675 510 14 27 0.10151779 
1000 15 9 22 0.10147959 
80 441 7 13 0.101309516 
219 528 9 14 0.10106602 
924 453 8 17 0.101056464 
388 51 9 20 0.10099572 
146 428 8 11 0.10089179 
734 30 9 16 0.10069168 
964 299 8 13 0.1002879 
70 441 7 13 0.10006829 
898 429 8 14 0.10006014 
183 276 6 13 0.10002032 
920 247 9 17 0.09978986 
172 287 7 13 0.09959511 
42 274 7 13 0.099499665 
949 427 8 19 0.099296845 
258 338 6 14 0.099131115 
363 467 6 11 0.09907549 
324 445 6 9 0.099012196 
63 401 9 16 0.09899726 
689 453 11 21 0.0989923 
628 348 9 21 0.09895739 
81 263 7 12 0.098836996 
219 504 10 17 0.09865448 
712 205 13 23 0.09850668 
672 7 6 14 0.09813937 
951 365 10 15 0.09813414 
167 212 9 15 0.097999886 
324 507 7 12 0.09794533 
272 444 7 11 0.09789724 
720 312 8 15 0.09784425 
707 339 7 15 0.097829014 
918 61 15 32 0.09779808 
1000 262 7 14 0.09770997 
170 311 6 13 0.09766809 
400 32 9 16 0.097622596 
211 417 7 11 0.09761126 
853 9 14 34 0.09757218 
41 236 8 13 0.097566634 
93 443 7 12 0.097547114 
108 337 6 15 0.09744252 
18 445 5 11 0.097415425 
142 515 9 15 0.09733029 
671 318 9 26 0.09712797 
745 327 7 14 0.097081415 
832 3 11 23 0.09702884 
184 429 7 11 0.09698911 
271 525 10 15 0.09685174 
53 263 7 12 0.096821986 
142 286 7 15 0.09680527 
899 -2 9 25 0.09676333 
263 427 7 13 0.09672875 
133 287 7 15 0.09669192 
766 15 10 23 0.096482635 
247 442 7 12 0.096481346 
184 249 6 13 0.09622618 
194 405 8 12 0.09592181 
120 479 7 13 0.0956881 
397 39 9 17 0.0956488 
269 419 8 12 0.095429786 
786 316 8 15 0.09531348 
286 296 8 16 0.0953115 
132 327 6 14 0.09515668 
326 7 6 15 0.09508345 
105 504 7 13 0.0947711 
1016 514 9 19 0.094679885 
220 291 7 12 0.09457864 
139 274 9 15 0.09445368 
40 315 8 14 0.09432936 
1000 289 6 14 0.09420049 
771 244 8 19 0.09375906 
733 -9 7 17 0.09368494 
118 469 7 13 0.09367808 
720 -9 7 17 0.09358871 
16 236 7 11 0.09355662 
1000 479 9 17 0.09339946 
351 455 7 10 0.09335822 
691 415 9 15 0.093332455 
896 112 12 22 0.09326071 
426 483 9 11 0.09313903 
337 275 6 11 0.093137056 
185 405 8 12 0.09305956 
413 485 8 11 0.0928893 
17 226 6 11 0.09281542 
914 11 8 25 0.09269168 
97 521 6 12 0.092686065 
171 276 7 12 0.092649885 
82 457 6 11 0.0924739 
348 313 8 14 0.09232476 
656 352 6 14 0.09230164 
581 242 13 23 0.09225991 
326 299 7 13 0.09224003 
132 238 8 13 0.09214868 
257 222 9 16 0.09212088 
161 326 5 12 0.09202968 
370 566 10 19 0.09198593 
808 -9 9 18 0.091969535 
170 327 5 12 0.091935605 
117 311 7 14 0.091827504 
961 50 10 26 0.091808416 
1002 7 7 17 0.09171773 
132 297 8 13 0.09153444 
701 271 10 20 0.09152359 
249 336 7 14 0.09142317 
195 263 6 14 0.09127855 
195 418 7 10 0.09126383 
788 280 5 10 0.09114112 
295 516 8 14 0.09113226 
197 211 7 13 0.09109041 
82 421 6 11 0.09091697 
770 348 11 17 0.09085878 
268 209 10 17 0.09085768 
275 323 6 14 0.09079727 
144 237 7 13 0.09079422 
170 251 7 13 0.09078815 
66 536 13 21 0.09074945 
982 69 14 40 0.0907423 
103 418 7 12 0.09071514 
41 223 7 13 0.09061429 
40 6 8 13 0.09047857 
107 274 8 13 0.09045052 
938 453 7 14 0.09031244 
963 503 8 16 0.09022477 
971 270 11 19 0.09010192 
208 211 7 13 0.089973755 
259 506 9 14 0.089958236 
257 325 7 14 0.08990036 
759 -10 8 20 0.089633934 
696 182 11 23 0.08956602 
322 313 8 14 0.08949255 
185 418 6 11 0.08945883 
82 504 8 14 0.08943981 
766 358 15 24 0.089434154 
258 236 8 13 0.08934682 
359 187 12 24 0.08934606 
674 499 13 24 0.08932864 
767 1 10 22 0.08916845 
91 406 8 12 0.089168005 
871 10 14 36 0.08912618 
170 234 7 15 0.08882539 
300 352 6 12 0.088811375 
717 336 9 17 0.08865783 
80 314 8 14 0.088435985 
119 226 6 11 0.0884276 
310 5 6 17 0.088404395 
107 265 7 11 0.088149056 
37 16 10 19 0.08799491 
93 289 7 12 0.087918274 
146 446 6 10 0.087876864 
669 17 7 19 0.087847926 
1002 468 7 14 0.08783013 
684 90 9 23 0.08781641 
533 39 13 21 0.08775189 
184 263 6 13 0.087731116 
263 418 6 12 0.08767233 
374 15 8 17 0.08761417 
182 236 6 14 0.087553136 
390 384 5 8 0.08755218 
331 40 12 25 0.08754151 
334 6 8 17 0.0875074 
451 6 6 17 0.08734472 
734 6 7 17 0.087297566 
67 393 6 12 0.087131016 
970 435 11 21 0.087115034 
57 508 6 11 0.08709066 
758 56 9 16 0.087087885 
759 17 9 19 0.08698728 
789 285 6 12 0.08674781 
184 442 7 12 0.08672249 
79 226 7 13 0.08668462 
488 85 14 40 0.086579956 
487 157 10 21 0.08652618 
794 287 7 13 0.08651037 
902 417 7 14 0.0864529 
735 273 7 15 0.08644225 
69 236 7 12 0.086416826 
990 290 7 14 0.08638667 
120 339 5 15 0.08626914 
987 234 9 20 0.086211234 
333 17 9 18 0.08619321 
378 419 4 9 0.08618034 
743 4 9 20 0.086141996 
492 81 84 82 0.086123936 
195 223 7 14 0.08611302 
745 56 10 16 0.086093165 
731 311 8 14 0.08607924 
57 223 7 14 0.08602589 
32 209 9 15 0.085960455 
388 407 6 10 0.08589388 
222 334 7 15 0.08587366 
205 550 12 22 0.085626245 
220 407 7 11 0.085532956 
167 516 9 15 0.08546127 
168 466 8 12 0.08545131 
731 285 8 16 0.08542645 
771 504 11 19 0.08535269 
42 287 7 12 0.085220784 
212 274 6 14 0.08521484 
159 262 7 13 0.08515564 
961 364 9 16 0.085089915 
159 250 6 13 0.08505525 
26 8 10 15 0.085027136 
171 480 8 13 0.0848983 
769 45 8 16 0.08487367 
197 444 8 12 0.08485812 
781 247 9 18 0.08483857 
884 1 10 24 0.08483453 
120 326 6 14 0.08483123 
771 462 10 20 0.08480906 
784 452 7 16 0.08461445 
247 296 8 16 0.084362686 
920 258 10 19 0.08430413 
287 446 7 10 0.084003285 
160 223 7 14 0.08389607 
131 250 8 13 0.08389425 
641 17 8 19 0.08377198 
283 525 8 14 0.08375069 
958 460 10 19 0.08366888 
577 572 8 12 0.08365174 
422 490 9 13 0.08360486 
427 170 8 16 0.08359885 
209 200 7 12 0.083527915 
80 250 7 12 0.083435826 
251 465 8 14 0.08337275 
913 257 9 20 0.08337238 
119 351 6 17 0.08336597 
375 430 5 10 0.083283186 
320 593 12 17 0.08327796 
320 322 9 16 0.083270006 
314 518 8 13 0.08326399 
262 516 8 13 0.083248265 
386 17 8 15 0.08320126 
989 17 7 21 0.08310029 
907 295 11 20 0.08299908 
911 45 7 16 0.082926564 
925 499 13 23 0.08284146 
288 406 7 12 0.082784966 
54 309 8 15 0.0825726 
796 304 7 14 0.08256777 
846 182 14 19 0.08253183 
30 445 7 11 0.082500994 
717 463 9 15 0.082362376 
744 -9 8 18 0.08230789 
733 360 8 15 0.08218389 
67 225 8 14 0.08215329 
222 184 6 15 0.08200516 
975 235 9 20 0.08197384 
793 1 10 23 0.08195525 
221 240 6 10 0.081945635 
389 393 5 9 0.081939176 
69 250 7 13 0.08168346 
118 431 7 12 0.08167177 
297 337 7 14 0.08160058 
986 42 9 21 0.081594795 
915 30 7 19 0.081578 
768 238 9 17 0.08145364 
701 190 15 28 0.08142798 
858 491 9 17 0.08132303 
828 69 13 37 0.08132079 
962 567 6 13 0.08131812 
670 409 11 21 0.08127379 
911 596 10 16 0.08119303 
754 64 11 22 0.081129305 
365 446 5 8 0.08095817 
224 97 9 15 0.08095514 
631 313 7 16 0.08094019 
720 516 9 17 0.0808418 
94 262 6 13 0.080807865 
350 446 7 9 0.080787264 
56 290 6 11 0.08075702 
187 303 6 11 0.080695175 
507 291 14 26 0.08067101 
92 213 6 12 0.08055428 
348 276 7 12 0.08050012 
333 28 10 20 0.08042524 
910 429 8 15 0.080336854 
19 429 6 13 0.080325305 
811 462 11 18 0.08025769 
337 434 5 9 0.080167696 
55 251 6 12 0.08015281 
974 312 9 15 0.0801355 
796 416 6 13 0.08011856 
963 290 9 13 0.08007629 
365 69 7 18 0.08002596 
427 163 7 12 0.07999521 
101 537 9 17 0.07999114 
158 237 7 12 0.07989416 
538 594 11 17 0.07989328 
403 3 8 21 0.07983442 
963 513 8 17 0.07976601 
384 5 9 19 0.07975881 
709 491 10 18 0.079751454 
529 465 8 14 0.079711236 
474 197 11 18 0.07962106 
221 311 7 13 0.07955169 
81 301 7 12 0.07940803 
902 553 7 16 0.07937436 
300 432 7 11 0.079344735 
271 299 8 15 0.07925037 
334 299 8 13 0.079242155 
106 304 7 12 0.07919709 
311 277 7 12 0.079164356 
325 494 7 11 0.0790383 
949 438 8 17 0.07899599 
235 199 6 13 0.07891351 
402 527 8 15 0.07883674 
871 487 12 24 0.078768015 
741 463 13 22 0.07872752 
335 528 7 14 0.07860297 
555 19 8 17 0.078585215 
349 5 7 16 0.078546785 
145 226 6 12 0.07844825 
246 417 7 12 0.07839635 
973 244 8 19 0.0783253 
248 199 6 13 0.07829733 
580 15 9 21 0.07827052 
646 351 6 15 0.07816852 
693 18 7 18 0.078118116 
145 299 7 13 0.0780172 
236 276 6 11 0.07780004 
31 277 6 12 0.07778931 
70 289 7 11 0.077739105 
971 417 11 20 0.0776629 
259 351 6 14 0.07762658 
903 44 7 17 0.07757442 
347 324 9 15 0.07756292 
17 213 6 12 0.07754664 
540 438 7 14 0.07750409 
362 2 9 20 0.07749724 
69 262 7 11 0.07740518 
742 41 11 18 0.07732391 
898 276 8 14 0.07729876 
242 541 10 16 0.0772027 
259 143 10 20 0.0771884 
565 15 10 22 0.07708475 
234 328 6 11 0.07702291 
832 -9 10 19 0.07700885 
825 458 18 27 0.076992415 
68 199 8 13 0.07697544 
601 466 11 20 0.07696555 
323 415 6 12 0.07693503 
373 -6 7 16 0.07687416 
631 341 7 15 0.07684519 
627 372 10 23 0.07684011 
106 324 7 15 0.07680344 
196 274 6 13 0.07677318 
159 314 6 12 0.07665977 
219 172 7 16 0.076645866 
453 425 8 21 0.076636106 
54 197 8 14 0.076593235 
17 527 7 15 0.07657202 
141 526 8 16 0.07645216 
313 508 7 11 0.076377094 
197 200 6 12 0.07635695 
247 236 8 14 0.07617515 
782 528 10 15 0.07612547 
242 553 10 17 0.07608624 
820 -9 11 19 0.076018184 
70 276 6 11 0.07598839 
144 555 7 17 0.07598722 
337 266 7 11 0.07596342 
447 24 9 24 0.07596234 
260 299 8 16 0.07593155 
584 235 14 20 0.07591265 
1000 52 12 24 0.0757622 
493 33 7 16 0.07574609 
255 28 10 21 0.075716205 
956 370 12 22 0.07570186 
16 314 7 12 0.07569438 
146 327 5 12 0.07560272 
337 443 8 10 0.075593956 
1017 338 8 17 0.07557489 
769 30 8 16 0.07549904 
43 402 7 13 0.07541531 
999 448 9 18 0.07536326 
413 -5 7 14 0.07532892 
261 406 6 11 0.07530243 
208 529 8 14 0.07527745 
980 44 7 17 0.07527672 
309 434 7 10 0.07526191 
879 512 13 25 0.07524864 
312 352 5 12 0.075224884 
234 266 6 11 0.07494725 
974 300 7 13 0.0748913 
208 183 7 15 0.07487313 
197 290 6 11 0.07486623 
787 418 7 12 0.074820735 
645 340 6 14 0.074820496 
672 385 13 22 0.07477295 
711 329 6 12 0.07474399 
770 527 10 16 0.07460004 
95 276 6 11 0.07455586 
822 3 9 21 0.07444659 
401 391 6 11 0.07427339 
274 353 5 12 0.07425674 
550 -9 9 17 0.074249595 
992 374 8 17 0.0741551 
215 551 12 22 0.07410276 
234 362 7 16 0.07398964 
17 199 6 11 0.07390973 
722 31 7 14 0.07388927 
691 31 8 19 0.0738717 
997 374 9 18 0.07382366 
767 53 11 18 0.07377587 
250 455 7 12 0.073690996 
287 337 6 13 0.07365177 
1001 220 7 20 0.07362842 
963 491 7 14 0.073572785 
121 236 6 12 0.07355762 
146 337 6 15 0.07353887 
850 568 6 13 0.07349641 
376 445 5 10 0.073447414 
710 462 8 16 0.073393084 
208 312 7 12 0.073360525 
274 275 7 11 0.07325515 
891 308 16 28 0.07321842 
889 429 7 15 0.073212266 
143 539 8 16 0.07320101 
706 43 7 15 0.072957814 
922 1 9 26 0.07291539 
910 603 13 23 0.07284026 
327 433 6 10 0.07281467 
903 57 8 17 0.07274676 
923 606 11 21 0.07273454 
67 210 9 14 0.07270755 
67 326 7 13 0.07267563 
995 307 12 26 0.07264342 
274 406 6 10 0.07258568 
749 454 7 14 0.072548926 
54 274 7 13 0.07237941 
245 431 7 11 0.07237456 
118 303 7 12 0.072256744 
974 289 8 15 0.07220443 
233 185 7 14 0.072181 
259 529 10 14 0.07215009 
134 337 5 16 0.07212628 
693 427 9 15 0.072120465 
911 127 13 25 0.072033115 
260 362 6 15 0.072003804 
987 28 8 22 0.07198584 
678 535 10 20 0.071952365 
714 195 15 23 0.07185692 
332 594 12 19 0.07183276 
950 501 10 20 0.0717965 
336 520 7 12 0.071715094 
422 514 9 16 0.07166906 
258 154 10 20 0.071595855 
387 85 8 14 0.07158064 
933 463 11 20 0.07151544 
745 335 8 16 0.07151492 
669 -6 6 15 0.071487665 
172 405 6 12 0.07148174 
962 25 10 29 0.07139025 
273 290 7 11 0.071389206 
784 428 8 14 0.07127352 
990 509 10 23 0.071228206 
436 303 8 12 0.0712056 
313 265 6 11 0.07110947 
826 269 19 26 0.07109675 
896 596 12 15 0.07099759 
902 62 11 26 0.070971124 
934 373 12 22 0.07091994 
484 144 10 18 0.070904605 
133 428 7 12 0.07089017 
433 168 10 20 0.07083906 
833 415 7 15 0.07083312 
32 401 6 13 0.07080068 
282 55 10 19 0.07079044 
525 217 10 22 0.07071263 
295 296 8 16 0.07062528 
205 562 13 22 0.07062045 
80 202 8 11 0.07060176 
409 30 9 17 0.07056397 
367 432 6 9 0.07051267 
629 188 15 24 0.07048839 
461 193 11 19 0.070480555 
184 393 6 12 0.070462465 
523 502 12 21 0.07043391 
248 224 8 14 0.07041248 
709 -9 6 17 0.07040586 
387 245 12 20 0.07023263 
374 455 6 11 0.07015312 
630 9 7 15 0.070085935 
422 42 9 19 0.07004728 
43 300 7 13 0.06999124 
843 321 14 28 0.06996334 
884 392 7 15 0.0699202 
984 217 9 24 0.06981799 
786 41 9 18 0.06981286 
778 345 12 19 0.06978002 
147 313 6 13 0.06974021 
40 199 9 15 0.069728106 
732 350 7 15 0.06969099 
922 441 8 17 0.06969018 
30 527 8 16 0.069646604 
965 312 8 13 0.069630966 
32 237 6 12 0.069568545 
160 337 6 15 0.06945531 
274 250 8 13 0.06944022 
233 299 7 14 0.06941045 
212 240 5 10 0.069400355 
778 504 11 19 0.069311276 
999 208 8 20 0.06928492 
973 260 10 19 0.06924584 
402 217 18 27 0.06924553 
427 -6 5 13 0.06921808 
659 19 7 16 0.06920699 
566 572 9 12 0.069029674 
980 30 6 19 0.069012284 
628 219 16 25 0.06900335 
455 276 6 10 0.068974026 
70 419 6 11 0.068951055 
133 225 6 12 0.06881274 
937 607 9 17 0.06877983 
643 299 7 18 0.068563975 
843 250 13 25 0.06854419 
323 406 6 11 0.06848193 
57 325 6 12 0.06839358 
299 363 6 13 0.0683553 
844 389 9 18 0.06828126 
210 406 7 11 0.068193614 
324 526 7 14 0.06818451 
43 381 6 12 0.068153344 
248 362 7 15 0.068030536 
735 325 8 16 0.06802551 
18 187 6 12 0.068007566 
361 18 7 17 0.06799329 
284 326 7 13 0.06798589 
215 564 12 20 0.06796124 
728 388 9 20 0.06788224 
871 475 12 21 0.06786924 
308 42 8 17 0.06786616 
1000 235 8 18 0.067865595 
348 286 8 15 0.06784267 
324 268 7 10 0.06784192 
789 331 13 27 0.06783679 
808 2 9 20 0.0678301 
633 323 6 15 0.06779669 
747 65 10 19 0.06778595 
426 313 7 12 0.06775582 
665 24 9 23 0.067721926 
677 489 11 19 0.06771008 
39 24 10 22 0.067694515 
257 309 9 17 0.06765777 
1017 525 9 20 0.06762178 
308 593 11 15 0.06758632 
512 16 9 17 0.067585 
283 253 8 12 0.06756319 
387 417 5 10 0.06748503 
144 250 7 12 0.06747765 
352 18 6 16 0.06747583 
4 225 6 12 0.06746914 
94 252 6 13 0.06744953 
724 20 6 14 0.0674416 
885 413 8 16 0.06743603 
411 389 8 14 0.06742456 
397 53 9 19 0.06736811 
160 214 7 13 0.067312464 
69 336 7 15 0.06730075 
784 464 9 18 0.067300715 
908 553 8 18 0.0672934 
218 541 10 16 0.067265555 
145 421 6 11 0.06715359 
104 286 8 14 0.06714354 
484 436 15 21 0.06710287 
132 313 6 13 0.06708779 
897 469 13 26 0.06706965 
832 31 11 27 0.067063674 
95 223 6 13 0.06703022 
257 16 8 20 0.06701053 
248 247 7 13 0.066968724 
711 360 8 15 0.06689851 
948 383 10 21 0.06689735 
831 321 15 25 0.066889666 
256 41 12 22 0.06683428 
221 210 7 12 0.06681787 
57 382 5 11 0.06678968 
1015 383 9 24 0.066766895 
364 479 7 12 0.06674642 
577 383 10 28 0.066710785 
109 352 6 14 0.06660998 
300 43 8 16 0.06660493 
274 339 6 13 0.066594385 
184 224 7 13 0.06655168 
363 -6 7 15 0.066529855 
669 398 11 18 0.066509426 
988 479 8 16 0.066438645 
789 536 13 24 0.066429354 
694 437 9 16 0.066409074 
183 199 7 14 0.06634105 
130 538 8 17 0.066300794 
158 525 8 16 0.06626003 
720 373 7 16 0.06621493 
297 327 6 11 0.06616912 
117 273 7 13 0.06614876 
288 414 8 13 0.066135295 
55 -4 7 11 0.06613097 
144 264 7 12 0.06611671 
631 299 7 17 0.06610732 
490 296 12 18 0.06601825 
366 336 6 14 0.065993294 
834 53 11 26 0.06593483 
435 160 9 14 0.06590604 
907 414 10 19 0.06590468 
851 490 8 15 0.065899126 
858 -8 10 17 0.06584593 
106 378 6 14 0.06582033 
564 370 10 29 0.065709926 
322 584 10 14 0.06564021 
420 50 11 25 0.06562349 
172 507 7 13 0.065614015 
373 469 7 12 0.06560666 
413 518 9 15 0.06555762 
716 500 10 18 0.06554637 
722 5 6 16 0.06552435 
45 250 7 12 0.06551081 
437 506 9 18 0.06549128 
206 85 10 14 0.065469205 
208 223 7 13 0.065450616 
273 266 7 11 0.06544917 
603 429 10 20 0.06542284 
796 454 7 13 0.06541577 
56 17 7 16 0.065342315 
400 490 8 12 0.065289296 
759 1 9 21 0.065248236 
376 559 5 11 0.06523014 
780 391 173 198 0.06520903 
999 429 8 15 0.0651233 
590 -8 8 15 0.0650345 
835 401 7 14 0.06500989 
119 361 6 17 0.06499094 
234 338 6 12 0.06499059 
333 602 13 26 0.064943776 
56 237 7 12 0.06494229 
976 492 8 14 0.0648946 
287 353 5 12 0.0648718 
950 238 8 17 0.06486434 
825 418 6 13 0.06484323 
759 243 9 20 0.06477885 
326 17 7 16 0.06476549 
122 517 8 16 0.0647416 
82 352 5 14 0.06469615 
435 311 8 13 0.06466594 
158 420 6 11 0.06462395 
18 393 6 12 0.064608596 
950 489 9 18 0.06449015 
682 -6 7 14 0.064487934 
131 405 7 13 0.064477585 
17 557 6 15 0.06438138 
32 382 5 11 0.06437951 
681 370 8 12 0.06437733 
396 230 12 20 0.064373106 
859 481 9 16 0.06434634 
743 271 8 16 0.06431044 
269 197 9 14 0.06429526 
1000 28 9 23 0.06428253 
260 212 9 14 0.06426819 
279 63 14 25 0.06423459 
660 26 8 20 0.064221226 
746 313 6 12 0.06417033 
646 363 6 17 0.06414563 
96 338 6 14 0.06410625 
57 417 6 12 0.06410252 
539 602 12 23 0.06409148 
249 407 6 10 0.06409134 
948 605 10 20 0.064074814 
527 595 12 14 0.06406494 
220 225 7 12 0.06405529 
247 481 8 12 0.06394392 
594 430 8 17 0.063929 
250 352 6 13 0.06389686 
686 41 8 18 0.06383574 
71 350 5 15 0.06378414 
81 339 6 13 0.06376143 
81 210 8 13 0.06368601 
749 444 7 11 0.0636695 
718 429 8 14 0.063660376 
816 498 11 22 0.063633144 
949 597 8 15 0.06362673 
57 336 6 14 0.063560255 
309 31 7 15 0.063557416 
972 363 10 17 0.06351378 
669 160 8 14 0.0635123 
350 302 7 11 0.063371636 
421 178 12 26 0.0633294 
979 219 8 21 0.06330278 
557 479 16 20 0.06329501 
109 363 5 15 0.06327926 
442 17 7 17 0.06324375 
898 11 9 27 0.0631957 
785 1 8 21 0.063174054 
811 300 7 14 0.063156225 
183 211 7 12 0.06313329 
119 267 6 11 0.06312499 
41 515 8 14 0.06310731 
899 484 10 23 0.06309444 
463 16 7 19 0.063057326 
234 555 9 18 0.06304639 
196 237 6 12 0.063009985 
349 264 6 11 0.06300001 
849 481 8 15 0.06299577 
324 352 6 12 0.062971875 
977 480 8 14 0.06293627 
623 148 16 30 0.0628654 
17 403 5 12 0.06282311 
874 93 10 23 0.06281264 
623 167 16 26 0.06279334 
758 350 11 16 0.062753215 
536 494 16 23 0.06275072 
96 352 5 14 0.06272442 
119 554 7 16 0.06258974 
412 193 9 17 0.06258244 
323 337 6 13 0.06256008 
995 510 11 23 0.06254525 
1015 274 8 17 0.062479332 
797 403 7 14 0.06247364 
451 -7 7 15 0.062468715 
120 404 7 13 0.062462285 
871 53 10 23 0.062420644 
757 529 9 15 0.062419444 
309 248 8 15 0.062413555 
395 94 10 17 0.06241014 
796 280 6 10 0.062345922 
768 63 13 27 0.062298443 
441 28 7 19 0.06229025 
805 40 10 20 0.062286142 
924 596 8 15 0.062279105 
638 171 13 21 0.06224329 
499 32 8 19 0.062225327 
410 537 9 16 0.062218904 
108 198 7 13 0.062208295 
951 205 8 26 0.062182706 
922 298 11 20 0.062099636 
31 200 7 13 0.062090863 
588 513 13 19 0.062088527 
298 586 9 13 0.062063728 
728 235 10 21 0.061919846 
990 449 8 17 0.061843984 
95 236 7 12 0.061839104 
731 400 8 15 0.061828926 
68 300 8 13 0.06181592 
1015 371 10 23 0.0618147 
753 459 13 23 0.061803617 
853 195 19 33 0.061791852 
92 201 6 11 0.06178652 
119 213 6 12 0.06176412 
753 126 12 32 0.06170163 
311 54 7 16 0.061678573 
1014 451 9 19 0.06167239 
293 66 9 20 0.06161991 
44 554 7 17 0.061610647 
885 56 8 19 0.06155074 
868 63 11 25 0.06153881 
1016 415 8 18 0.06153095 
939 597 7 14 0.06145319 
207 92 9 16 0.06141552 
366 352 5 12 0.06137534 
82 393 6 11 0.061369386 
707 5 7 17 0.061301112 
591 7 8 16 0.06126457 
747 292 6 11 0.06125034 
389 66 9 18 0.061242804 
268 220 9 17 0.06119944 
757 30 9 16 0.06116774 
271 237 7 13 0.06115905 
172 199 7 14 0.061142784 
402 16 8 16 0.061141066 
209 324 7 13 0.061128806 
759 339 8 13 0.061092414 
265 141 12 23 0.061085057 
869 112 11 28 0.061081637 
372 479 9 13 0.06106972 
313 338 5 13 0.061060086 
763 431 7 13 0.061029945 
643 387 7 20 0.061020896 
425 16 8 17 0.061019238 
183 555 7 15 0.060932383 
104 554 8 16 0.06078832 
872 2 10 22 0.060743522 
900 248 7 13 0.060742296 
540 456 8 15 0.060725328 
287 363 6 14 0.06072303 
120 541 7 15 0.06058146 
75 548 11 21 0.060530532 
960 204 9 26 0.060517654 
256 54 13 20 0.06051764 
537 465 12 18 0.06049391 
547 468 15 18 0.060442436 
721 388 8 17 0.06042944 
694 -8 7 16 0.060376205 
1016 426 8 18 0.06032591 
963 269 11 20 0.06027171 
182 585 8 15 0.06024986 
580 -8 8 15 0.06022832 
287 395 6 10 0.06021799 
1000 41 10 21 0.060194455 
5 314 6 14 0.060076587 
273 312 8 14 0.06005868 
452 157 10 18 0.060053725 
172 419 6 10 0.060005695 
680 353 8 14 0.059984114 
107 236 6 13 0.059980303 
54 6 7 13 0.059959438 
772 278 7 13 0.059957065 
133 419 7 12 0.05993984 
706 175 7 13 0.05991685 
514 -7 8 15 0.05986113 
428 322 125 78 0.059784595 
296 593 12 15 0.05977555 
991 430 7 14 0.059758134 
424 5 7 17 0.0597542 
314 524 7 16 0.059749436 
464 4 6 17 0.059565715 
119 393 6 12 0.059543453 
312 416 7 12 0.05945469 
30 251 7 12 0.05945251 
962 482 7 13 0.059417773 
320 601 14 27 0.059412252 
659 390 8 16 0.059406538 
56 186 7 13 0.05940562 
513 6 8 16 0.05940008 
157 583 8 17 0.059376504 
54 554 8 17 0.059369404 
581 314 23 37 0.059340276 
108 392 6 12 0.059294987 
195 538 10 19 0.059278224 
28 429 7 12 0.059221864 
55 211 8 14 0.059166048 
1001 249 7 15 0.05912291 
551 427 7 15 0.05909889 
18 381 5 12 0.059081804 
922 238 7 15 0.059070133 
234 172 7 16 0.059047073 
246 185 7 14 0.0590386 
402 -5 6 13 0.059002455 
217 583 12 17 0.058926012 
236 211 6 12 0.058908697 
619 -8 7 15 0.058880337 
269 538 9 16 0.058831513 
295 76 9 23 0.05880422 
236 237 7 13 0.05874269 
32 225 6 11 0.05872851 
312 364 6 13 0.05871185 
106 252 7 11 0.058629245 
108 404 6 12 0.058606457 
671 352 6 13 0.058583915 
1015 465 8 17 0.058577143 
96 379 6 13 0.058572315 
759 418 8 15 0.058562987 
601 16 8 21 0.058556724 
18 417 5 13 0.058541838 
898 27 9 24 0.05851266 
783 260 7 16 0.058479734 
440 -8 6 14 0.05845285 
399 404 7 11 0.058384784 
197 395 6 11 0.058381625 
859 89 10 24 0.058357213 
236 418 7 11 0.058344875 
449 559 16 17 0.058274243 
642 374 8 18 0.05825755 
310 587 9 12 0.058198687 
363 44 7 16 0.05818791 
105 581 9 21 0.058153585 
186 327 6 12 0.058147743 
121 417 7 11 0.05814034 
648 233 14 24 0.058128394 
807 476 11 18 0.058126293 
195 585 9 15 0.05812295 
729 110 14 29 0.058094084 
772 473 9 17 0.058069516 
696 7 7 15 0.05805747 
694 514 10 18 0.058055032 
859 569 7 14 0.05795163 
170 584 8 17 0.057947014 
314 323 7 15 0.057930887 
82 379 6 12 0.05791785 
990 7 6 17 0.057817582 
553 418 6 14 0.057795692 
637 221 14 22 0.057749797 
879 484 14 27 0.057647265 
884 40 9 22 0.057642058 
1015 438 9 21 0.05763866 
935 204 10 30 0.057591647 
275 364 5 13 0.057558082 
988 466 7 15 0.057507895 
171 554 6 17 0.05748921 
728 194 13 20 0.05748693 
723 302 7 14 0.057331126 
835 184 12 18 0.057252474 
250 266 6 10 0.057228178 
67 17 9 17 0.05719824 
831 473 11 18 0.057180244 
919 127 12 27 0.05717924 
846 -7 10 16 0.057170607 
785 441 7 13 0.05714159 
297 378 7 13 0.05713152 
862 62 10 25 0.057114743 
132 377 6 14 0.057106916 
133 214 6 12 0.057086807 
389 492 8 13 0.057078943 
973 401 9 19 0.057068087 
326 365 5 12 0.05706634 
412 501 12 19 0.057056386 
448 37 9 23 0.05703782 
232 118 7 18 0.056960866 
889 286 8 16 0.056898866 
174 394 5 11 0.05689368 
247 392 7 12 0.05689245 
761 46 8 14 0.05688218 
348 30 8 17 0.056877457 
746 526 9 16 0.05687095 
910 357 11 20 0.056838192 
787 33 7 15 0.05681623 
169 527 8 15 0.05678414 
43 543 7 13 0.05678187 
773 260 7 15 0.05675739 
874 469 9 15 0.056742013 
346 85 10 31 0.05673158 
65 187 8 13 0.05670998 
747 416 7 15 0.05670803 
187 312 6 12 0.056701973 
962 220 8 23 0.056608535 
504 -7 7 14 0.056582857 
322 67 9 20 0.056571927 
218 29 8 19 0.056546103 
274 396 6 10 0.0565359 
630 -8 7 15 0.056521147 
373 315 7 16 0.056518808 
524 53 14 20 0.05651378 
253 63 18 28 0.056506474 
234 405 7 11 0.056472525 
82 363 5 15 0.056431048 
301 30 7 15 0.056391273 
43 432 7 10 0.05637415 
269 154 10 20 0.0563448 
172 336 6 15 0.056255233 
159 274 7 13 0.0562427 
145 583 8 18 0.05620075 
883 595 12 16 0.056187093 
637 230 17 28 0.056171894 
362 516 9 13 0.056125816 
160 303 6 12 0.056092218 
738 104 13 21 0.056084618 
310 299 7 13 0.056019023 
95 539 8 16 0.055962987 
115 198 8 15 0.055943575 
334 584 9 14 0.0559371 
66 548 12 22 0.055898838 
439 38 8 22 0.0558558 
248 310 8 16 0.05573675 
158 539 7 16 0.055691216 
299 253 7 12 0.055667445 
729 373 9 20 0.05558261 
424 31 8 16 0.05558164 
119 377 6 15 0.05558123 
260 198 8 13 0.05557167 
479 300 9 13 0.055467494 
171 490 8 15 0.055438437 
33 314 7 13 0.05542198 
3 513 7 18 0.05541666 
145 393 7 12 0.05538624 
873 38 9 23 0.055359293 
545 421 4 12 0.055314377 
133 392 6 12 0.05528244 
410 380 7 12 0.055263195 
908 119 12 19 0.055218145 
235 313 7 12 0.05521762 
15 325 7 14 0.0551808 
621 7 7 15 0.055158067 
57 529 8 13 0.055136155 
732 338 8 15 0.055124503 
185 338 5 12 0.05506582 
690 80 10 23 0.05506076 
810 449 14 22 0.05501124 
949 399 8 20 0.05499032 
297 393 7 11 0.054977994 
17 570 6 17 0.05497745 
710 33 6 14 0.054973435 
717 61 99 101 0.054928824 
338 312 7 13 0.05492495 
697 174 8 13 0.05486983 
608 417 6 14 0.054858297 
505 279 8 15 0.05479054 
234 390 7 14 0.05476726 
206 583 11 17 0.05470543 
18 541 6 14 0.054684058 
117 582 9 20 0.054665904 
528 210 8 18 0.054637145 
397 103 11 20 0.054611217 
951 584 7 15 0.054589752 
184 378 6 14 0.05458195 
299 570 7 13 0.05450469 
722 285 8 16 0.05449538 
243 567 10 17 0.05447867 
270 187 8 15 0.05446616 
788 17 7 17 0.054448847 
1014 481 8 15 0.054411694 
629 71 9 16 0.05432544 
812 290 7 12 0.05431967 
939 260 9 19 0.054299936 
913 586 7 13 0.054296207 
925 584 6 14 0.054290906 
95 393 6 11 0.05424859 
491 70 8 19 0.054206517 
31 263 6 12 0.054066412 
855 230 11 24 0.054063026 
107 226 7 12 0.054045968 
6 444 5 11 0.054037094 
19 266 5 11 0.05396898 
535 433 5 12 0.053968277 
859 73 11 27 0.05394781 
539 21 9 14 0.05382472 
313 66 8 18 0.05381431 
424 322 9 16 0.053778507 
372 334 7 16 0.053755973 
301 17 6 17 0.05372498 
871 175 9 14 0.05365978 
369 192 11 21 0.053637885 
938 288 8 13 0.05363327 
709 479 9 14 0.053596884 
193 591 11 18 0.053572506 
413 56 9 17 0.0535206 
602 58 10 15 0.053511277 
364 303 6 12 0.05350444 
461 273 8 12 0.053498775 
80 322 8 13 0.053493712 
234 541 8 15 0.053469874 
930 97 20 31 0.053332493 
333 65 10 22 0.05328558 
735 265 7 14 0.05328105 
520 520 14 26 0.053271823 
4 213 6 12 0.053260878 
1015 320 10 23 0.05325195 
17 249 6 12 0.053243548 
379 93 7 16 0.053220995 
657 338 6 15 0.05320193 
83 405 6 11 0.053176593 
365 315 6 13 0.053160742 
183 568 7 15 0.053091433 
845 399 9 17 0.05306548 
788 306 6 11 0.05299419 
362 508 7 12 0.052951064 
951 417 7 16 0.052938413 
778 362 12 19 0.0529097 
377 30 7 15 0.052901387 
818 581 13 18 0.05287427 
909 472 11 22 0.05284604 
668 537 11 19 0.05281846 
952 354 7 12 0.052793108 
349 417 7 11 0.05278562 
439 473 8 11 0.052774485 
249 28 9 19 0.05276711 
612 217 19 33 0.052732464 
745 264 7 14 0.052724227 
97 364 5 14 0.052707855 
822 272 11 17 0.052695714 
332 125 10 32 0.052641824 
21 22 14 26 0.052637044 
874 380 7 13 0.052572444 
92 553 8 17 0.052558254 
744 351 9 15 0.052538883 
787 476 9 18 0.052535832 
196 351 7 14 0.05251831 
370 184 9 17 0.052482046 
222 351 7 14 0.052443355 
364 569 9 16 0.05243525 
914 239 7 14 0.05239615 
286 431 8 11 0.052368477 
259 556 8 14 0.05236763 
196 337 7 13 0.052350074 
658 -9 7 17 0.05234933 
745 402 7 15 0.052326962 
668 329 10 23 0.05230897 
908 310 14 28 0.052285437 
286 378 7 13 0.05228365 
40 171 8 14 0.052259877 
704 283 9 17 0.052241668 
819 470 13 21 0.05220924 
722 400 7 14 0.05213289 
697 349 7 14 0.05211303 
144 403 7 13 0.052084982 
576 286 14 19 0.052044228 
466 -7 6 15 0.052031692 
158 556 6 16 0.052014474 
661 312 5 17 0.052010827 
451 301 8 12 0.052008394 
1003 418 6 13 0.05197797 
384 100 10 20 0.05197162 
491 -8 6 15 0.051939547 
617 415 8 15 0.05189873 
851 174 8 11 0.051884983 
221 148 5 13 0.051875997 
1016 261 8 17 0.051857136 
540 1 9 18 0.051850487 
592 58 10 15 0.051828854 
295 524 8 16 0.05181313 
534 53 13 21 0.051795255 
347 39 10 22 0.051777843 
514 596 10 13 0.051763795 
351 432 6 9 0.05168738 
1005 364 7 14 0.05168363 
159 394 5 11 0.05166822 
349 -4 6 12 0.051661372 
757 327 8 13 0.05165963 
29 417 7 13 0.051613178 
324 54 8 17 0.051575128 
310 77 8 22 0.0515723 
926 569 6 15 0.051554248 
673 368 6 11 0.051534437 
688 97 12 31 0.051518172 
777 63 17 32 0.051513262 
640 157 10 17 0.051478393 
221 161 6 13 0.051456854 
804 387 9 20 0.05142077 
617 384 12 28 0.051400505 
1012 15 11 23 0.051363688 
286 570 7 13 0.051359963 
262 395 5 10 0.051340323 
718 185 11 17 0.0512833 
830 592 13 22 0.051277664 
720 68 9 17 0.051195268 
717 524 10 18 0.051185437 
395 66 10 18 0.051173028 
160 405 6 12 0.05115867 
423 529 8 14 0.051155176 
693 327 8 16 0.051149067 
245 375 7 16 0.05113951 
248 212 6 12 0.05113722 
324 572 7 13 0.05108394 
406 207 14 23 0.051068407 
146 214 6 12 0.051064853 
237 224 7 13 0.051043276 
17 11 10 14 0.051006272 
643 327 6 14 0.050991993 
477 -8 7 16 0.050985005 
538 585 11 14 0.050967272 
374 508 8 12 0.05096148 
563 360 9 24 0.050945524 
210 338 6 13 0.050921377 
1017 400 8 20 0.05091949 
844 207 13 25 0.050910104 
348 69 8 17 0.05084873 
234 353 6 13 0.050844543 
395 81 10 16 0.050812304 
990 245 7 16 0.050811186 
364 365 5 12 0.050794143 
348 519 7 11 0.05079124 
963 401 8 19 0.05078139 
145 567 7 16 0.05077339 
234 373 8 18 0.05075239 
804 361 10 21 0.050749704 
656 364 6 15 0.050730936 
339 353 5 12 0.050689254 
501 156 10 18 0.050670557 
438 150 7 12 0.050634284 
184 539 8 17 0.050629374 
757 359 14 20 0.05060641 
43 338 6 13 0.050598517 
474 231 9 18 0.05057541 
390 237 8 13 0.05057418 
265 63 17 27 0.05055604 
838 391 7 15 0.050536357 
133 352 5 15 0.0505333 
530 401 6 17 0.050489154 
211 173 6 15 0.050468016 
133 555 6 15 0.050466154 
28 186 7 13 0.050458603 
758 401 7 15 0.050424226 
848 281 13 24 0.0504182 
653 170 9 16 0.050395206 
1017 536 9 23 0.050332636 
716 568 12 19 0.050320387 
935 298 9 18 0.050308153 
416 315 8 13 0.050293986 
236 248 7 12 0.05024033 
575 583 11 13 0.050231785 
734 416 7 13 0.05022892 
791 528 12 19 0.05022584 
429 302 7 13 0.05020822 
272 30 8 18 0.050207306 
981 19 5 18 0.050194528 
349 559 6 12 0.050162904 
209 395 6 11 0.050141115 
478 4 6 17 0.050123226 
975 501 8 16 0.050121635 
455 192 9 18 0.05010183 
871 -8 9 17 0.050072443 
349 191 11 20 0.050064545 
925 290 8 14 0.050061196 
93 581 9 21 0.049978465 
495 42 6 15 0.049968585 
33 323 7 13 0.04996758 
495 63 16 32 0.04996414 
119 528 8 14 0.049933463 
222 360 8 17 0.04989976 
371 69 8 18 0.049883634 
911 566 8 18 0.049851492 
1007 61 16 31 0.04981731 
823 283 10 18 0.04980438 
95 323 7 15 0.049796943 
375 57 8 14 0.049738955 
282 310 9 17 0.049723122 
732 454 8 14 0.049705427 
734 467 9 16 0.049688924 
718 479 8 14 0.049650874 
552 27 10 18 0.049631592 
196 553 8 17 0.04957952 
312 313 8 14 0.049576245 
109 213 6 11 0.04957388 
509 142 15 21 0.0494931 
683 83 8 18 0.049490258 
260 539 9 16 0.049486324 
186 363 6 15 0.049462542 
69 381 5 11 0.049405858 
643 310 6 18 0.04939666 
985 196 10 24 0.049394764 
299 558 6 14 0.04937763 
261 188 7 13 0.049347598 
990 -6 6 15 0.049340054 
310 377 7 14 0.04931692 
53 581 9 20 0.049316 
339 559 5 11 0.049297553 
160 352 5 14 0.049282745 
560 488 15 19 0.04921419 
934 28 10 24 0.04920566 
694 52 8 17 0.0491821 
1016 248 8 18 0.04914162 
978 59 11 30 0.049123906 
505 18 7 16 0.0491154 
6 302 6 11 0.049113616 
159 288 7 12 0.049089357 
743 117 12 24 0.04908294 
489 5 7 17 0.049052127 
858 593 12 22 0.04902017 
867 200 15 28 0.04895567 
244 172 8 17 0.048938848 
859 167 8 11 0.048924796 
705 594 12 17 0.048899807 
992 275 6 14 0.048894424 
924 271 9 16 0.048889037 
723 104 11 21 0.048882272 
543 404 6 15 0.048825104 
528 477 11 19 0.048802327 
758 538 9 18 0.04879371 
437 288 8 13 0.048768744 
237 519 7 14 0.048760712 
971 383 11 23 0.048713606 
896 499 9 20 0.048634633 
595 417 6 15 0.04851966 
302 5 6 18 0.048483066 
339 365 5 13 0.048477784 
409 594 13 16 0.048452012 
30 538 7 16 0.0484374 
539 569 10 14 0.048419334 
411 41 9 17 0.048418567 
613 502 9 17 0.048412528 
708 17 7 16 0.04840755 
959 604 12 23 0.048395287 
208 29 8 19 0.04839375 
590 397 8 22 0.04837018 
721 43 7 14 0.048365854 
670 525 11 22 0.04836513 
171 353 5 13 0.048341505 
144 377 7 14 0.04830454 
952 288 8 13 0.04829094 
597 511 14 21 0.048277102 
627 397 11 22 0.048267726 
170 539 8 17 0.048241436 
70 312 7 14 0.048225485 
875 413 8 15 0.04822036 
895 93 11 21 0.04816645 
71 364 5 14 0.048158154 
722 418 6 12 0.048152976 
940 239 7 14 0.04810267 
829 255 16 25 0.048096128 
337 572 6 12 0.04808743 
364 56 7 14 0.04806647 
566 -8 8 15 0.048064332 
594 466 10 17 0.04803759 
998 148 10 35 0.04803172 
325 394 5 11 0.04802279 
977 195 9 26 0.04799586 
441 6 6 15 0.047992416 
846 592 12 23 0.04798792 
313 406 7 12 0.047938623 
42 531 7 14 0.04793825 
402 372 5 7 0.04791362 
196 567 9 16 0.04791235 
604 572 8 12 0.04789308 
603 63 64 95 0.047886882 
744 125 14 32 0.04786373 
410 104 9 19 0.047852688 
848 558 6 13 0.047847323 
388 430 6 12 0.047841962 
885 81 9 19 0.04781918 
552 570 10 12 0.047808778 
492 291 8 12 0.04780307 
374 351 6 13 0.04780093 
196 360 7 18 0.047773026 
526 490 12 20 0.047728986 
889 297 9 16 0.047699817 
164 755 16 26 0.047661286 
588 496 17 24 0.047629647 
887 65 8 20 0.04759134 
463 489 11 16 0.047589257 
1013 87 12 27 0.047567047 
617 59 8 14 0.047547065 
321 82 11 34 0.047543645 
456 266 5 11 0.047541782 
759 303 6 11 0.047533676 
887 276 9 16 0.04752174 
286 558 6 14 0.047497027 
951 312 8 15 0.04749328 
931 65 12 27 0.04749004 
463 157 10 19 0.04747896 
339 338 5 12 0.04745829 
890 438 10 18 0.04745658 
759 261 7 15 0.047428403 
349 530 6 12 0.04741749 
488 196 8 16 0.04741401 
133 362 6 17 0.0474114 
285 585 9 14 0.047393054 
326 30 8 16 0.04737539 
468 146 9 16 0.04736484 
962 582 7 16 0.04733234 
680 221 10 20 0.04732385 
339 326 6 13 0.04730001 
497 440 10 17 0.04727853 
926 554 7 16 0.047238287 
259 569 8 14 0.047229607 
54 563 8 19 0.04722585 
620 347 9 21 0.04722205 
643 279 10 26 0.047177568 
844 271 12 20 0.04715456 
257 584 11 16 0.047151837 
742 358 10 18 0.0470914 
298 311 7 15 0.047083907 
345 604 13 23 0.047070928 
401 418 6 11 0.047057975 
232 565 10 18 0.047036063 
497 304 14 22 0.047022976 
881 203 12 23 0.04699059 
274 378 6 12 0.046989735 
463 27 8 19 0.046977196 
873 594 11 18 0.046924513 
603 45 8 15 0.04687908 
504 5 7 16 0.046878066 
826 309 9 17 0.046861783 
771 338 10 17 0.046853073 
972 372 11 20 0.046848025 
495 461 15 24 0.046836846 
798 373 10 17 0.0468235 
387 -6 7 14 0.046759825 
536 219 10 22 0.046726912 
796 346 10 18 0.046716515 
550 454 9 18 0.04671155 
909 272 9 17 0.046705052 
147 352 5 14 0.046696592 
950 219 8 22 0.046651777 
959 381 11 24 0.04665026 
902 262 7 14 0.046641782 
336 540 7 15 0.04663672 
365 560 6 11 0.046622615 
152 755 15 26 0.04661999 
452 148 8 14 0.046613928 
618 312 8 17 0.046601936 
196 376 6 15 0.046585653 
269 56 11 18 0.046578467 
824 37 8 20 0.04656698 
972 318 11 21 0.04656194 
375 492 8 13 0.04655335 
939 585 6 13 0.046550535 
450 52 8 20 0.046530124 
272 556 7 13 0.046507306 
244 584 11 16 0.04649837 
941 249 7 13 0.04646399 
873 271 10 20 0.0464346 
349 406 7 12 0.04641921 
991 262 7 14 0.046399523 
324 540 8 16 0.04636774 
927 374 9 18 0.046365704 
846 53 9 21 0.046339072 
897 603 13 21 0.046335116 
579 6 8 16 0.046320125 
107 189 7 12 0.046302903 
768 383 10 21 0.04628292 
951 475 8 18 0.04627904 
691 399 10 18 0.04625154 
988 489 10 19 0.046233255 
283 210 8 15 0.046211552 
217 592 13 19 0.04619443 
308 17 7 17 0.04618645 
157 568 8 16 0.046166323 
338 418 6 10 0.046143122 
209 352 6 12 0.0461083 
644 -8 7 15 0.046077516 
391 370 4 8 0.046070512 
272 570 7 13 0.046060838 
437 52 9 21 0.046051957 
333 199 12 17 0.046035536 
550 439 9 18 0.046028446 
626 80 12 22 0.046017967 
628 206 14 23 0.04600468 
347 594 11 18 0.04598896 
660 324 6 19 0.045961354 
871 76 9 22 0.045915026 
489 20 7 14 0.045875918 
296 54 8 16 0.04586782 
122 251 7 12 0.04584314 
940 570 6 12 0.04578294 
209 361 6 16 0.045775753 
859 582 9 18 0.045769162 
938 351 8 14 0.045762602 
615 427 9 18 0.045761634 
7 279 6 12 0.04576136 
92 564 9 20 0.045732066 
420 62 12 28 0.045720655 
6 289 6 12 0.045709636 
41 -3 8 11 0.045704603 
350 351 6 13 0.045692656 
660 6 6 15 0.045676067 
349 126 9 27 0.04566164 
656 301 7 18 0.04562798 
530 -7 7 14 0.045625024 
182 67 8 16 0.04559881 
45 416 6 12 0.045592107 
532 459 6 13 0.04558582 
67 580 8 21 0.045578286 
861 557 6 14 0.045556724 
717 230 11 23 0.0455362 
818 592 14 21 0.04546374 
1000 70 12 30 0.045459922 
561 64 13 26 0.045442782 
1015 100 10 27 0.04543555 
42 185 8 13 0.04542933 
380 410 4 9 0.045362677 
501 219 8 19 0.04535514 
707 53 8 16 0.045226026 
655 160 7 14 0.045211498 
42 364 6 15 0.04521104 
759 386 9 18 0.045197256 
950 25 11 29 0.04518205 
131 582 9 19 0.045167573 
598 551 14 20 0.045156196 
821 429 10 16 0.04513517 
429 151 6 11 0.045134787 
693 365 8 14 0.04513145 
337 -4 7 13 0.04511251 
79 582 9 20 0.04509006 
177 755 16 26 0.045081932 
816 523 12 22 0.045043897 
349 337 7 13 0.045026254 
104 566 9 19 0.04500771 
760 290 7 11 0.045007586 
936 366 10 17 0.045003675 
939 419 6 16 0.04497674 
771 490 11 20 0.0449741 
526 585 12 14 0.044929914 
773 286 6 11 0.04492784 
792 69 16 37 0.044917744 
872 282 10 20 0.04479389 
375 82 7 15 0.044776436 
552 595 11 16 0.044757523 
537 94 20 45 0.0447512 
975 352 8 13 0.044705972 
120 287 7 13 0.044697594 
746 432 6 12 0.044660337 
414 323 9 14 0.044623196 
782 487 11 19 0.044620804 
626 105 11 25 0.044608854 
657 398 9 18 0.044601887 
449 480 8 12 0.044574846 
754 185 12 14 0.044567358 
205 37 10 22 0.044560973 
55 173 9 14 0.04455643 
362 493 7 12 0.044471107 
745 551 9 22 0.044462685 
845 229 13 26 0.04443398 
386 506 7 12 0.04441927 
720 56 8 14 0.04435505 
808 310 8 16 0.04433256 
619 299 7 16 0.044330966 
470 488 16 20 0.04432238 
533 418 5 14 0.044303678 
741 194 13 19 0.04425917 
658 379 7 14 0.044217546 
812 278 7 11 0.044192787 
668 167 10 18 0.044191338 
452 290 6 11 0.044172753 
285 540 6 14 0.044151977 
708 418 7 12 0.04415016 
807 349 8 18 0.044144224 
217 86 11 14 0.044128723 
692 540 9 17 0.044098392 
19 584 6 17 0.04405709 
565 5 9 17 0.044056218 
488 183 8 17 0.044053636 
624 91 13 27 0.044010893 
798 430 7 13 0.043994457 
326 41 8 18 0.04398106 
29 169 9 15 0.043979228 
754 517 11 17 0.043970916 
357 202 13 22 0.04395282 
349 543 7 13 0.04392342 
798 517 9 15 0.043918695 
387 443 7 12 0.043868985 
351 377 6 14 0.043855544 
719 441 8 14 0.04384859 
158 376 6 15 0.04384205 
667 41 9 19 0.04382326 
847 580 10 18 0.043785077 
223 137 5 12 0.043769095 
833 491 9 18 0.04374806 
649 454 15 19 0.043679245 
323 556 7 14 0.043670204 
436 90 10 24 0.04365151 
519 494 8 14 0.04365107 
799 388 9 19 0.0436114 
583 251 16 26 0.04359581 
5 200 5 12 0.04355324 
450 66 8 20 0.0435463 
139 755 15 26 0.043531753 
170 568 8 16 0.043517757 
669 56 7 15 0.043492127 
427 542 7 13 0.04347463 
632 28 7 17 0.043455362 
43 350 6 14 0.043454777 
934 331 9 23 0.04345472 
925 400 7 18 0.04343408 
910 403 8 17 0.043419734 
651 205 14 24 0.043405466 
535 227 13 32 0.043395486 
744 515 11 19 0.04339488 
494 96 18 35 0.04336839 
434 178 11 24 0.043367382 
338 378 6 13 0.04335152 
56 351 5 13 0.04335045 
772 420 7 13 0.043345045 
233 132 7 15 0.043335542 
900 566 8 16 0.043323416 
156 591 9 20 0.043311138 
819 566 11 19 0.04330672 
270 42 9 17 0.043298848 
925 383 8 20 0.04329087 
232 584 11 16 0.043271855 
928 429 7 16 0.043242678 
325 378 6 13 0.043183163 
393 223 8 15 0.04317936 
474 184 11 18 0.04316162 
797 443 8 13 0.043155495 
751 193 16 20 0.043094423 
63 173 10 14 0.04302834 
695 204 11 22 0.042983316 
159 361 7 17 0.042923115 
146 199 6 13 0.042863842 
478 19 7 15 0.042844795 
707 66 10 19 0.04281592 
387 569 7 14 0.042794317 
396 595 14 15 0.042786308 
679 160 8 15 0.042784423 
743 95 10 19 0.042781796 
170 362 7 15 0.042775344 
190 756 16 24 0.042769983 
225 105 6 15 0.04275839 
638 80 10 19 0.042754468 
720 79 9 18 0.04272481 
681 300 8 19 0.042718194 
680 271 10 19 0.04270038 
551 605 11 20 0.042699937 
93 188 7 11 0.042688813 
448 469 8 13 0.042679008 
361 30 7 15 0.042638265 
186 351 5 14 0.04262943 
744 186 10 13 0.042625498 
564 584 11 13 0.04261329 
1014 7 9 19 0.04260023 
605 -8 7 14 0.042592596 
717 540 9 17 0.042579617 
576 489 14 21 0.042579405 
285 45 7 14 0.042566467 
735 42 8 15 0.042549502 
401 539 8 15 0.042548507 
313 393 5 11 0.04253103 
388 558 5 13 0.04253029 
522 553 13 19 0.042511944 
704 263 8 17 0.042503715 
366 421 6 10 0.042503465 
580 479 10 15 0.042464595 
798 504 9 15 0.042452116 
435 492 9 13 0.04245191 
695 281 9 19 0.042407487 
351 365 5 13 0.04235986 
706 513 9 19 0.0423261 
612 490 11 18 0.04232147 
922 94 14 23 0.04229837 
692 568 9 15 0.0422668 
259 167 8 17 0.04226051 
694 67 8 17 0.042252947 
350 393 6 12 0.042250723 
498 454 11 18 0.042242553 
643 8 6 15 0.04224069 
733 527 10 16 0.04221481 
933 157 13 46 0.042206597 
199 186 6 14 0.042204555 
844 294 14 25 0.042197846 
843 308 12 23 0.04218459 
910 484 12 22 0.042149115 
508 113 21 27 0.04212507 
735 431 7 13 0.042107973 
933 612 13 31 0.042088028 
587 117 80 116 0.042024974 
31 350 6 14 0.042024758 
118 567 7 17 0.042019475 
299 542 6 14 0.042018697 
261 377 6 13 0.041969523 
424 585 10 15 0.041964367 
504 597 8 12 0.04192786 
1000 383 8 21 0.041915644 
464 40 7 19 0.0418802 
745 391 8 15 0.041854095 
728 219 11 22 0.04183717 
691 231 11 21 0.041806873 
52 26 9 19 0.041798588 
632 44 6 14 0.041763727 
927 539 8 18 0.041755293 
439 533 7 12 0.04172817 
477 166 9 19 0.041714795 
172 378 6 14 0.041700874 
261 348 222 221 0.041698482 
234 147 7 14 0.041694455 
875 427 9 16 0.041688483 
755 550 12 25 0.041671272 
556 385 7 21 0.041668735 
453 436 7 19 0.041661307 
985 125 12 37 0.04163815 
846 75 10 27 0.04163324 
69 27 8 17 0.041630074 
934 11 10 27 0.041591424 
492 137 6 12 0.041578613 
712 316 6 13 0.04157622 
465 302 8 11 0.041573767 
887 315 13 27 0.041565645 
520 61 18 30 0.041546043 
369 756 16 24 0.041519526 
709 541 7 15 0.041517608 
78 563 10 21 0.041514624 
911 547 7 14 0.041506078 
312 570 7 13 0.041500684 
811 259 9 18 0.04147285 
964 527 7 16 0.041470934 
719 176 8 12 0.041462805 
1015 491 9 18 0.041421585 
896 515 9 17 0.04141536 
733 68 8 16 0.04141314 
542 389 6 18 0.041405637 
565 557 9 13 0.04140139 
885 377 7 14 0.04139064 
793 243 10 23 0.041378267 
556 59 9 17 0.041375004 
422 193 10 20 0.041374765 
337 392 6 12 0.041369136 
478 439 12 17 0.041365 
357 756 15 24 0.041274928 
1017 287 7 17 0.0412747 
693 553 9 16 0.041266605 
194 69 9 14 0.041260142 
270 584 11 16 0.04121924 
160 200 6 12 0.04120323 
459 428 9 16 0.041176096 
593 89 25 37 0.041173905 
1017 504 8 19 0.041165836 
865 389 7 14 0.04115691 
641 70 7 14 0.0411227 
794 484 12 22 0.041115012 
568 398 7 20 0.041064583 
231 40 10 20 0.04106323 
933 53 11 23 0.041043747 
839 555 7 14 0.041042414 
125 754 16 28 0.040988285 
29 158 9 15 0.040981904 
756 219 10 19 0.040966548 
313 557 6 13 0.040959965 
839 216 16 28 0.04095935 
16 335 6 15 0.040953122 
284 199 7 14 0.04094236 
848 88 9 26 0.040941183 
899 586 8 12 0.040891413 
24 70 13 16 0.040881418 
989 382 9 21 0.04084882 
382 756 15 24 0.040834453 
27 -3 10 12 0.040816076 
861 111 10 28 0.04081606 
833 582 10 16 0.0408144 
112 754 17 29 0.04079075 
500 57 10 18 0.040785566 
965 321 8 17 0.04069727 
552 5 8 16 0.040682603 
745 541 9 16 0.040681526 
933 309 10 23 0.040638022 
57 542 8 14 0.04061532 
31 339 6 13 0.040591616 
736 56 7 15 0.040590912 
552 558 9 12 0.040556695 
652 594 14 18 0.04054122 
395 756 15 24 0.040531356 
230 592 13 19 0.040504646 
344 756 15 24 0.04048468 
934 539 9 18 0.040482506 
614 69 12 19 0.04046763 
802 71 14 35 0.040440153 
334 82 11 34 0.04043196 
358 595 14 19 0.04042701 
463 266 6 12 0.040416922 
753 208 12 18 0.040384505 
65 559 10 24 0.040377505 
604 385 11 27 0.04037268 
202 756 17 24 0.040367667 
586 370 13 25 0.040332414 
617 45 7 14 0.04032562 
284 168 10 19 0.04032476 
773 306 6 10 0.04029646 
310 -5 7 16 0.04026545 
363 379 6 11 0.0402604 
541 557 9 13 0.040250145 
939 271 8 16 0.04021466 
490 207 8 16 0.04020207 
23 77 15 21 0.04019405 
360 580 12 18 0.040176567 
469 567 15 18 0.040172428 
450 166 11 22 0.040164504 
776 325 8 16 0.040078875 
619 372 10 22 0.040076513 
428 288 9 16 0.04006375 
209 375 6 15 0.040059455 
985 144 14 43 0.040041108 
370 579 12 20 0.040036958 
631 60 7 12 0.0400117 
371 514 10 15 0.039996997 
528 388 8 19 0.039985675 
799 363 9 17 0.039980493 
459 757 15 23 0.039976552 
481 292 6 10 0.039974313 
377 103 8 19 0.039972834 
346 250 9 14 0.03996164 
688 471 12 23 0.03995382 
408 756 15 24 0.039951075 
802 184 75 71 0.039946392 
506 145 9 16 0.039944097 
233 159 7 15 0.03993989 
472 757 15 23 0.039935414 
501 240 10 24 0.039920323 
283 158 9 18 0.03990441 
639 208 12 22 0.039874587 
80 189 8 12 0.03985936 
923 350 8 18 0.03985044 
650 218 13 23 0.039809044 
735 442 6 13 0.03980832 
948 613 12 29 0.039802805 
698 338 7 15 0.03980083 
850 501 10 22 0.03979557 
808 581 13 19 0.03976571 
337 406 7 12 0.0397605 
528 4 8 16 0.039747927 
939 557 7 12 0.03970842 
927 416 6 16 0.039690677 
780 372 10 18 0.03963267 
381 384 4 8 0.039630733 
693 595 10 16 0.03962628 
990 419 7 13 0.039618585 
761 274 8 15 0.03960698 
493 62 6 12 0.039589893 
964 355 7 11 0.039570477 
337 251 9 14 0.039570373 
391 239 17 29 0.0395337 
5 324 6 15 0.039514694 
952 300 8 13 0.039486717 
960 175 10 32 0.03943059 
614 436 10 23 0.039426934 
360 114 8 26 0.039417036 
612 474 13 20 0.03934556 
923 206 11 29 0.0393294 
524 567 13 16 0.039281663 
424 101 9 21 0.03926424 
420 756 16 24 0.039261997 
463 501 11 17 0.039256718 
361 287 7 14 0.039234873 
282 237 9 15 0.039233226 
900 406 7 14 0.039209504 
283 221 9 15 0.039186507 
582 414 6 16 0.039179225 
388 484 8 11 0.03916243 
331 756 15 24 0.03915996 
580 -17 6 13 0.039136276 
578 27 9 19 0.03912663 
484 757 16 23 0.039124705 
533 440 6 13 0.03911899 
807 337 8 18 0.039014716 
658 55 7 16 0.03899287 
870 605 14 22 0.038990043 
513 55 14 20 0.038968336 
497 757 16 23 0.038956366 
319 165 11 24 0.038953103 
446 757 16 23 0.03895197 
1017 208 7 20 0.03894985 
691 526 10 18 0.038918495 
372 206 11 19 0.03891252 
378 366 4 11 0.038896933 
723 274 6 15 0.038878936 
361 527 9 16 0.038873244 
512 152 11 19 0.038851965 
1012 28 12 22 0.038848326 
669 150 7 12 0.038847107 
576 271 14 22 0.03883579 
390 211 9 15 0.038799472 
642 26 8 19 0.03879676 
510 757 16 23 0.03878743 
952 53 10 22 0.038761273 
361 92 8 21 0.038732637 
484 308 15 20 0.038709942 
463 439 8 16 0.03870755 
358 604 14 21 0.038699456 
885 364 7 14 0.038695067 
412 586 10 13 0.038687788 
248 120 7 16 0.03868458 
516 46 9 14 0.038649634 
975 335 9 18 0.03861396 
6 236 6 13 0.038609568 
759 316 6 11 0.038590312 
808 536 11 21 0.03856768 
618 -18 7 14 0.038562223 
40 159 8 13 0.038558222 
554 336 7 18 0.03855512 
679 595 12 16 0.03854814 
1003 402 6 16 0.03851128 
592 -17 7 13 0.03850741 
242 592 14 19 0.03850662 
811 420 6 12 0.03849225 
3 527 7 16 0.038468592 
672 424 11 19 0.038460534 
823 82 11 34 0.038409054 
530 22 8 13 0.03840787 
769 537 10 20 0.03836213 
369 595 14 19 0.03836206 
554 184 7 17 0.038354103 
732 187 10 14 0.038329706 
824 297 11 21 0.038315773 
272 168 9 17 0.038297556 
308 235 10 18 0.038291283 
433 757 16 23 0.03829004 
847 194 14 23 0.03828033 
323 140 8 26 0.038265727 
493 221 7 16 0.038239464 
313 542 6 15 0.03822884 
413 366 6 12 0.038208768 
413 403 7 13 0.03819754 
452 548 8 10 0.038195424 
1016 221 8 19 0.038170185 
425 416 7 14 0.038158126 
576 597 12 14 0.0381345 
462 482 10 14 0.0381183 
678 550 12 22 0.03810461 
471 498 15 22 0.03808277 
220 37 10 22 0.038066197 
975 541 8 18 0.038061224 
716 594 13 16 0.038039204 
882 604 14 20 0.037968475 
99 753 18 30 0.037964076 
652 182 10 18 0.037898652 
834 429 10 16 0.03789847 
810 441 10 18 0.037883464 
844 38 10 24 0.037877303 
523 756 15 24 0.0378183 
578 299 13 19 0.03781405 
559 76 16 34 0.03778572 
843 62 10 26 0.037780043 
757 369 13 23 0.03777874 
385 594 13 17 0.037754953 
389 518 7 12 0.037725724 
17 365 5 14 0.037723444 
793 581 14 20 0.037718967 
885 -8 10 18 0.037710164 
796 235 10 20 0.03770218 
694 586 9 14 0.037664577 
627 456 15 18 0.037661064 
948 68 9 22 0.037659887 
486 450 14 20 0.037659444 
630 286 8 20 0.037649438 
619 358 10 22 0.037645105 
377 43 6 15 0.037620034 
31 363 7 16 0.037588935 
853 167 6 11 0.037559625 
886 586 9 12 0.03753909 
668 302 8 19 0.037513327 
707 403 7 13 0.037509643 
668 66 8 17 0.03750547 
845 416 8 15 0.03750338 
535 64 14 28 0.037475176 
474 558 11 12 0.037464995 
718 585 11 15 0.03743047 
768 185 11 14 0.0374246 
363 544 6 13 0.03737028 
566 271 10 20 0.037370123 
513 227 11 27 0.037357036 
537 210 9 18 0.037349507 
539 185 8 14 0.03733578 
668 259 10 18 0.037320565 
901 388 7 16 0.03731757 
658 40 8 18 0.037294813 
539 172 7 16 0.037291214 
604 6 7 15 0.037281595 
654 443 9 13 0.03725745 
924 362 9 18 0.037251674 
1017 115 8 27 0.037248056 
318 199 16 17 0.037247322 
821 334 10 21 0.037244953 
806 399 8 16 0.03722116 
976 515 8 16 0.037201133 
398 116 9 20 0.03718768 
665 550 13 23 0.037138663 
282 182 10 17 0.037081666 
318 756 16 24 0.037064306 
489 59 27 63 0.037062738 
718 553 9 18 0.037056647 
375 547 6 11 0.037038274 
1001 129 8 28 0.037033197 
568 286 10 17 0.03701214 
452 533 7 12 0.03696478 
208 73 9 12 0.036955122 
707 554 8 16 0.03694395 
448 505 8 15 0.03690329 
413 65 9 19 0.03686721 
215 756 17 24 0.036864877 
349 570 7 12 0.036864243 
56 364 6 14 0.03684916 
1016 235 7 18 0.036848534 
888 112 11 24 0.03683524 
756 175 9 15 0.036826357 
679 171 10 17 0.036810763 
464 206 9 17 0.036810156 
68 42 8 16 0.03680867 
693 505 10 16 0.036796033 
886 539 8 17 0.036767308 
523 294 11 21 0.036756888 
535 756 16 24 0.03675609 
961 596 9 17 0.03675451 
819 536 11 21 0.036728323 
681 182 10 22 0.03669566 
528 604 11 19 0.036691144 
629 411 9 19 0.0366665 
556 197 7 16 0.036606327 
348 585 9 14 0.036602024 
437 65 9 23 0.03658217 
66 -6 8 13 0.036572166 
463 223 9 16 0.036568686 
517 221 9 20 0.03654588 
463 546 10 12 0.036536258 
605 -18 7 14 0.0364839 
514 33 8 14 0.03646859 
794 49 12 24 0.036457684 
722 94 9 16 0.036456745 
132 199 7 13 0.0364471 
795 262 7 17 0.036445282 
222 393 7 12 0.036418065 
398 428 8 15 0.036415324 
987 333 9 19 0.03636523 
640 595 12 18 0.036348715 
613 205 14 25 0.036320247 
825 437 18 27 0.03631691 
984 92 13 36 0.036301047 
820 346 10 23 0.036299054 
811 430 7 12 0.036298197 
733 482 12 24 0.036296267 
437 118 9 20 0.036250297 
133 567 7 16 0.036226865 
975 177 10 27 0.036224943 
364 396 5 10 0.036180206 
503 588 8 11 0.036166936 
787 405 6 13 0.036162242 
305 756 16 24 0.036125913 
651 279 10 24 0.035997037 
292 756 16 24 0.035993952 
500 210 8 18 0.0359873 
846 543 7 17 0.035972238 
548 756 16 24 0.035955187 
554 373 8 23 0.03594887 
626 595 14 18 0.03592922 
768 580 13 21 0.035923187 
838 177 8 12 0.035922155 
372 172 8 16 0.035909444 
680 207 10 20 0.03590577 
1016 300 8 18 0.03589715 
428 558 8 14 0.03588902 
860 468 9 16 0.035866942 
5 431 6 12 0.035841163 
863 403 7 13 0.03582028 
377 250 7 13 0.035753973 
554 168 8 19 0.03574384 
424 405 8 14 0.035738315 
618 289 8 18 0.035719343 
586 355 15 25 0.035716005 
375 117 7 21 0.035715844 
733 539 9 16 0.035709605 
910 221 11 21 0.03570433 
836 569 8 14 0.035688482 
399 552 8 17 0.03568783 
771 401 7 14 0.03567819 
903 547 6 13 0.035666425 
347 54 8 17 0.035655115 
465 55 6 17 0.035653632 
684 68 7 15 0.03564977 
782 386 9 18 0.035639632 
434 323 11 17 0.035629112 
1018 196 7 21 0.03561986 
669 473 12 20 0.035606906 
741 497 13 26 0.035606176 
53 160 8 13 0.035587262 
286 15 7 18 0.035579752 
818 553 11 22 0.03554925 
448 76 9 23 0.035547405 
709 570 8 14 0.035539854 
283 591 13 18 0.035522483 
343 206 14 20 0.03550113 
43 564 8 19 0.035490103 
901 241 6 12 0.035459805 
830 95 11 32 0.035447683 
990 367 8 14 0.035440393 
593 46 8 14 0.03543331 
824 185 11 18 0.035431992 
541 -16 7 13 0.035429038 
703 602 14 25 0.035404492 
1001 180 7 23 0.03540221 
845 429 9 15 0.035371337 
388 353 6 11 0.035363916 
18 350 5 14 0.035353694 
941 88 20 34 0.035335463 
372 301 8 15 0.03532249 
421 592 13 18 0.035295486 
841 450 13 23 0.03527161 
255 591 14 20 0.035245948 
584 300 16 21 0.03523994 
87 753 17 31 0.035233576 
907 105 12 19 0.035229605 
845 463 10 19 0.035216678 
567 503 11 14 0.035165537 
306 163 13 28 0.035162102 
381 394 4 9 0.035150945 
300 237 8 14 0.035129998 
909 89 13 24 0.035103545 
279 756 17 24 0.035100345 
268 88 12 22 0.035097357 
842 369 11 25 0.035095297 
721 -18 6 16 0.03508733 
402 199 7 12 0.03503348 
680 584 11 16 0.03502782 
581 469 7 12 0.0350271 
692 220 11 20 0.03502192 
664 206 12 22 0.034974597 
325 -3 6 13 0.034974508 
979 6 5 18 0.034973353 
805 51 10 22 0.03497321 
227 756 18 24 0.03495923 
411 117 9 19 0.03493988 
514 587 11 12 0.034933772 
765 193 14 19 0.03491484 
884 217 10 22 0.03491107 
552 44 9 16 0.034908183 
561 756 16 24 0.034846745 
67 7 7 13 0.034813855 
509 61 18 32 0.03480882 
948 172 11 37 0.034786303 
472 310 15 19 0.034773055 
15 78 12 20 0.034740333 
707 298 8 16 0.034716707 
987 521 11 21 0.03469377 
766 564 12 23 0.03468522 
643 57 7 14 0.034679208 
985 175 11 29 0.03467225 
579 44 8 15 0.034657806 
888 247 9 16 0.034654997 
449 235 10 16 0.034646112 
876 362 7 17 0.03464146 
938 397 9 19 0.03464041 
147 363 5 15 0.03462359 
697 163 7 14 0.034617256 
451 418 9 18 0.034612514 
402 353 6 11 0.03460316 
948 338 8 15 0.034601778 
829 198 16 27 0.034589022 
465 68 6 16 0.034555774 
707 586 9 14 0.03454431 
564 197 7 18 0.034539152 
834 368 13 27 0.034503803 
200 85 8 13 0.034458563 
733 -17 7 15 0.034457576 
541 376 8 19 0.034454945 
684 55 7 15 0.034437522 
645 427 7 16 0.034428407 
976 557 6 14 0.03442607 
498 182 10 19 0.034400053 
217 54 10 20 0.034397546 
921 158 12 42 0.03436799 
240 756 17 24 0.034367226 
663 564 13 22 0.034347523 
781 580 14 22 0.03433547 
603 193 13 24 0.03430054 
855 307 11 23 0.03428963 
729 205 10 19 0.034272667 
829 146 87 96 0.03425983 
908 191 12 27 0.034214806 
465 231 9 19 0.034202892 
498 166 11 21 0.03419842 
232 31 8 16 0.034147512 
564 348 9 23 0.034146238 
588 226 11 15 0.03412839 
364 409 6 10 0.034128252 
268 590 14 20 0.034098256 
377 260 8 15 0.03407514 
465 291 6 10 0.034072544 
423 389 9 16 0.034027033 
806 322 10 20 0.0340016 
694 490 8 15 0.03395285 
253 756 17 24 0.03392013 
451 249 7 13 0.03390218 
870 214 12 27 0.033881683 
564 596 11 14 0.03388029 
249 16 8 18 0.033870455 
440 -16 6 13 0.0338692 
828 192 175 181 0.033845156 
720 242 10 20 0.033819206 
286 32 6 14 0.033816107 
711 440 85 109 0.03380162 
384 468 9 14 0.03379584 
519 378 148 188 0.033789404 
822 322 10 18 0.03378851 
554 325 7 16 0.033779528 
698 263 7 18 0.03377794 
438 545 8 12 0.033777136 
782 54 11 19 0.033754278 
603 373 10 21 0.033733197 
929 317 13 29 0.0337223 
656 429 7 13 0.033704843 
769 223 10 16 0.033651136 
376 240 8 11 0.033631325 
5 265 5 11 0.03360062 
776 316 5 10 0.033571433 
681 283 9 20 0.033550907 
266 756 17 24 0.033543956 
989 403 7 16 0.033510838 
67 54 10 21 0.033476416 
452 517 7 14 0.03347026 
705 162 9 15 0.0334395 
730 79 10 18 0.03343717 
414 77 9 18 0.03342924 
529 185 7 14 0.033419587 
987 349 8 15 0.033415705 
672 437 10 16 0.033411022 
567 -17 6 13 0.033339147 
359 164 8 16 0.033296343 
539 155 9 17 0.03328042 
539 198 8 15 0.03324729 
576 605 12 16 0.033241417 
574 756 16 24 0.033190824 
782 545 14 30 0.033107728 
566 44 8 16 0.03310019 
554 66 13 24 0.03308548 
756 579 12 22 0.033075914 
29 754 23 25 0.033060346 
913 385 8 18 0.033037685 
875 455 9 16 0.03303022 
451 493 9 13 0.033024162 
426 118 8 19 0.033016995 
412 95 9 17 0.03300171 
809 553 10 22 0.032998513 
525 536 11 20 0.03298756 
976 569 6 13 0.032979637 
525 284 11 20 0.032955106 
681 113 10 27 0.03293083 
362 264 6 11 0.032929663 
499 429 9 15 0.032896183 
693 242 9 22 0.03288132 
554 -16 6 13 0.032837287 
566 415 7 16 0.032823615 
1001 553 8 20 0.0328147 
477 247 8 16 0.032810125 
923 116 11 20 0.032783784 
478 29 7 16 0.03277973 
767 550 12 26 0.03274809 
43 582 8 18 0.032729324 
616 464 14 21 0.032705437 
668 122 88 98 0.032702953 
438 136 7 14 0.032695055 
885 261 9 16 0.032672405 
578 310 15 22 0.032670546 
667 220 11 21 0.032622337 
536 510 12 22 0.0326183 
873 296 9 19 0.032591607 
648 250 16 29 0.03258833 
987 538 9 20 0.032582544 
875 438 9 18 0.032547936 
706 78 10 20 0.032533836 
603 584 9 12 0.03251854 
833 345 12 25 0.032494504 
793 196 12 20 0.0324734 
529 199 6 13 0.03244594 
6 403 6 14 0.03244139 
748 247 7 17 0.032414876 
362 277 7 13 0.03238511 
730 515 11 19 0.032383606 
665 594 13 17 0.03238129 
353 165 6 15 0.032380812 
552 269 10 23 0.03237461 
382 605 17 20 0.032367755 
746 562 9 22 0.032362834 
462 313 12 14 0.032333452 
809 564 12 22 0.032310035 
390 544 6 13 0.032308303 
808 591 14 21 0.03228001 
707 229 10 21 0.032276038 
244 94 9 16 0.032274544 
579 358 12 23 0.03227002 
911 376 9 17 0.0321983 
677 260 10 18 0.032194313 
450 456 7 15 0.03214159 
565 606 10 17 0.032134358 
655 107 8 18 0.032129254 
410 552 9 17 0.03210943 
274 16 7 19 0.032102272 
658 67 7 15 0.032100886 
26 -20 11 14 0.032097954 
522 139 15 22 0.0320905 
464 529 10 15 0.032085158 
690 113 12 30 0.032066487 
874 572 6 12 0.032044813 
622 215 37 63 0.031990334 
385 453 8 15 0.031965427 
5 186 5 14 0.031957638 
487 463 16 24 0.0319531 
631 -17 6 14 0.03195299 
283 87 10 22 0.031924784 
898 125 12 25 0.03191264 
730 586 10 14 0.03190144 
361 127 9 25 0.031896938 
488 559 7 11 0.0318931 
320 250 11 16 0.031872377 
340 218 17 21 0.031851653 
504 -17 6 13 0.031830583 
722 263 7 14 0.03181745 
630 571 8 12 0.031809974 
909 162 12 32 0.03180561 
743 206 10 18 0.031782214 
29 585 7 17 0.03177736 
901 361 9 15 0.03176986 
208 55 9 16 0.031725742 
516 208 9 19 0.0317175 
1002 -4 6 16 0.031710185 
637 481 16 24 0.031691805 
666 182 11 20 0.031652056 
975 583 9 16 0.03164268 
515 399 9 18 0.03162383 
753 470 13 26 0.03161306 
577 559 8 12 0.031602494 
730 568 9 18 0.03159896 
770 175 9 15 0.031584162 
385 116 9 20 0.031580098 
874 585 8 14 0.031577095 
294 165 12 25 0.031573992 
618 179 12 21 0.031538103 
607 399 8 21 0.03152416 
872 537 10 21 0.031505097 
707 388 9 16 0.03150266 
513 169 10 17 0.03149103 
838 542 8 17 0.031449616 
386 339 8 14 0.031441398 
629 429 8 15 0.03143844 
908 326 14 28 0.031427357 
536 77 16 33 0.031414732 
583 284 16 23 0.03140077 
886 458 13 25 0.03138726 
258 118 10 21 0.031379975 
554 587 9 12 0.03135964 
873 260 10 18 0.031334452 
42 36 10 21 0.031328924 
859 452 10 18 0.031310968 
695 298 8 17 0.03129197 
584 228 6 13 0.031284332 
585 760 18 33 0.03128328 
225 118 6 16 0.03126563 
307 602 13 24 0.031225238 
553 311 8 17 0.031204605 
414 418 7 11 0.031198932 
516 466 10 17 0.031167233 
74 754 18 29 0.031158753 
18 594 6 18 0.03115337 
74 17 12 18 0.031136328 
755 500 13 23 0.031123767 
579 194 9 20 0.031113572 
551 81 33 74 0.031077487 
824 54 9 21 0.03105646 
975 527 8 16 0.031035785 
667 233 10 18 0.031030968 
299 223 8 14 0.031028574 
669 82 7 14 0.03099104 
17 172 7 14 0.030964913 
509 306 13 21 0.03094749 
452 -16 6 12 0.030928332 
501 113 14 24 0.030911334 
791 562 13 25 0.030893994 
216 71 11 15 0.030883452 
519 110 24 34 0.030852793 
709 527 8 16 0.03084346 
554 347 8 22 0.030831324 
361 248 9 14 0.03082661 
679 245 10 19 0.030816192 
870 160 10 16 0.030811638 
452 136 8 13 0.030811464 
643 43 7 15 0.030739285 
628 485 14 20 0.030734107 
950 543 8 15 0.030705303 
550 511 11 19 0.03069011 
248 42 9 18 0.030683974 
392 604 18 21 0.030667845 
555 404 5 16 0.03065826 
746 175 9 15 0.030654162 
526 235 13 30 0.030642925 
335 157 8 20 0.030625483 
997 597 14 42 0.030617634 
375 130 9 22 0.030601496 
453 313 9 12 0.030587021 
618 165 13 24 0.030575985 
653 117 9 19 0.03057415 
369 605 15 19 0.030547392 
320 185 10 17 0.030527571 
1011 41 12 23 0.030518485 
1016 139 9 32 0.030515784 
418 162 6 12 0.030501207 
428 135 6 15 0.030449335 
605 221 14 22 0.030438168 
413 351 7 13 0.03038807 
855 254 11 23 0.030371226 
654 566 13 21 0.0303436 
374 284 9 17 0.030321049 
745 74 11 23 0.030315364 
668 105 8 19 0.030313704 
707 245 8 19 0.030307123 
463 515 11 19 0.030306112 
31 554 6 16 0.030302575 
615 194 13 22 0.030276831 
452 176 100 112 0.030230045 
886 349 7 16 0.03022099 
978 -8 5 17 0.03018089 
400 586 9 13 0.030163025 
528 171 8 15 0.03015872 
627 499 12 21 0.030151412 
477 430 12 14 0.030138649 
385 314 8 15 0.030118058 
743 373 10 20 0.030106949 
746 583 10 17 0.03009168 
871 230 11 23 0.03008005 
642 571 8 13 0.03005492 
642 148 8 17 0.03004244 
988 555 8 17 0.030023262 
401 502 10 17 0.03001234 
552 155 9 19 0.029968703 
642 408 10 23 0.029968632 
861 538 9 20 0.02996702 
537 141 12 21 0.029965417 
448 90 9 22 0.02995785 
554 301 7 15 0.029950855 
859 438 10 19 0.029947313 
426 427 7 17 0.029935783 
598 759 18 34 0.029916098 
640 259 15 37 0.029914523 
706 125 12 30 0.029910684 
463 453 8 16 0.029882314 
400 570 8 15 0.029870065 
193 59 8 13 0.029866366 
250 148 7 14 0.029847033 
855 319 12 25 0.02983978 
620 573 7 11 0.029838111 
577 177 12 27 0.029803662 
834 113 9 24 0.029784687 
413 340 7 12 0.029772375 
893 326 15 29 0.029743878 
413 473 9 12 0.029738652 
639 93 9 22 0.029737331 
564 180 9 22 0.029737106 
386 199 9 14 0.029686289 
350 143 7 21 0.029667862 
780 194 12 20 0.029661437 
515 184 8 16 0.02961453 
537 270 11 24 0.029597715 
537 254 11 25 0.029575836 
501 258 10 20 0.029544348 
665 582 12 17 0.029502526 
385 322 8 16 0.029487295 
592 586 9 10 0.02944733 
731 500 11 21 0.029433517 
282 145 9 20 0.029334644 
584 269 16 24 0.02933041 
683 -17 6 15 0.029317226 
766 208 11 18 0.029316686 
619 29 7 17 0.02930702 
951 320 9 18 0.029298654 
492 -17 5 13 0.029296117 
886 381 177 198 0.029288193 
249 157 8 17 0.02928504 
480 133 89 108 0.02926661 
247 109 7 14 0.029263524 
666 247 10 18 0.029256465 
882 184 10 16 0.029254287 
550 141 11 22 0.029248727 
657 150 6 11 0.029243208 
512 551 14 21 0.029223403 
461 466 10 16 0.02918798 
694 -18 7 15 0.029175948 
411 571 10 14 0.029155055 
964 543 7 15 0.029152386 
172 67 6 19 0.029149076 
862 415 7 14 0.029140515 
27 134 7 13 0.029136632 
553 254 10 24 0.029074727 
483 474 17 24 0.02907471 
627 584 11 16 0.029048054 
858 114 92 101 0.029044062 
887 330 11 24 0.029030755 
478 277 8 13 0.029015942 
563 166 10 24 0.029013732 
358 219 12 18 0.029011898 
392 529 6 13 0.02898548 
827 405 6 12 0.028952759 
1002 568 7 19 0.028924238 
416 175 6 12 0.028894085 
1005 353 7 12 0.028859584 
473 478 15 20 0.02885253 
602 312 12 19 0.02884828 
484 413 13 17 0.028825887 
556 209 6 15 0.028757513 
567 540 9 18 0.028751023 
615 452 11 20 0.02873448 
6 392 5 14 0.028721217 
610 759 19 34 0.02871861 
481 91 8 23 0.028711153 
491 232 8 18 0.028683342 
655 582 12 18 0.028679157 
129 590 10 23 0.02867763 
486 542 9 13 0.028668433 
511 534 16 23 0.028668433 
630 444 8 15 0.028647032 
555 360 7 20 0.028641924 
530 -17 6 12 0.02863619 
424 206 10 18 0.028621992 
425 337 9 15 0.028608844 
670 454 10 17 0.028602626 
300 213 8 11 0.02859583 
460 417 11 16 0.02859583 
565 258 10 19 0.028580837 
426 571 8 14 0.028569542 
783 222 8 16 0.028567724 
34 79 12 16 0.028567197 
885 127 10 25 0.028560644 
482 82 6 17 0.028552888 
900 349 9 18 0.02855264 
581 457 7 14 0.028545523 
26 -266 220 302 0.028538452 
625 129 10 26 0.028535485 
949 524 10 21 0.028530313 
705 90 11 22 0.028527893 
733 551 8 19 0.028523348 
694 315 7 15 0.028521484 
654 487 14 22 0.02850038 
644 443 9 15 0.028497485 
899 530 7 14 0.028497422 
244 73 14 22 0.028466942 
862 40 9 21 0.02844411 
782 186 10 14 0.028430194 
258 108 9 18 0.02842676 
478 -17 6 13 0.028416697 
442 281 5 10 0.028404716 
37 72 9 13 0.02836157 
753 146 12 29 0.028353339 
538 526 9 20 0.028334586 
887 237 8 15 0.028330768 
513 605 12 18 0.028276004 
708 -18 6 16 0.0282716 
5 378 5 14 0.028263403 
862 378 8 16 0.02825938 
476 542 10 13 0.028257987 
601 596 13 15 0.02824796 
548 115 17 33 0.028244756 
464 80 7 18 0.028233254 
269 104 10 22 0.028226914 
60 754 20 28 0.028226579 
1018 182 7 22 0.028222665 
53 41 8 18 0.028220216 
842 345 12 24 0.02819924 
441 567 12 18 0.028192159 
679 566 11 18 0.02818403 
999 523 9 19 0.028161407 
824 64 10 26 0.028157292 
387 585 10 15 0.028148187 
658 412 9 18 0.028130766 
620 340 7 14 0.028128732 
795 187 9 15 0.028125199 
566 310 10 17 0.028110046 
617 322 9 16 0.028105324 
222 375 8 16 0.02801396 
732 175 9 15 0.027990561 
681 147 8 15 0.027963469 
450 119 8 19 0.02794563 
257 90 12 18 0.027944386 
640 498 12 22 0.027925799 
822 260 12 18 0.027883846 
594 573 7 11 0.027870651 
659 541 9 16 0.027868764 
566 301 10 15 0.027857391 
1000 582 9 23 0.027853558 
317 227 16 22 0.027842138 
427 -16 6 13 0.027818762 
516 -17 6 13 0.027816713 
466 -17 5 13 0.027812816 
489 249 8 16 0.02781207 
385 143 9 19 0.027794577 
834 528 9 18 0.027770016 
833 508 11 25 0.027750803 
375 223 9 14 0.027713146 
588 607 13 15 0.027668422 
793 208 11 20 0.027650917 
615 596 13 15 0.027645929 
638 105 10 24 0.027644617 
440 426 7 19 0.027637225 
965 336 8 16 0.027582126 
655 552 12 23 0.027573222 
452 224 9 15 0.027563814 
493 113 9 21 0.027534664 
860 428 8 15 0.027526518 
488 571 8 11 0.027514804 
896 194 12 22 0.027514374 
599 357 12 23 0.027499357 
566 468 9 13 0.027484605 
848 115 8 22 0.027462436 
414 -15 6 12 0.027461393 
522 57 36 61 0.02745966 
900 167 9 23 0.02741662 
641 556 9 16 0.02740755 
758 -18 8 16 0.02740113 
1018 553 8 22 0.02738415 
376 271 9 17 0.027366225 
540 299 9 17 0.027365396 
810 188 9 14 0.02736032 
420 605 15 21 0.027326312 
568 528 9 20 0.02731859 
466 136 8 14 0.027274406 
608 405 93 117 0.027258934 
964 2 7 27 0.027226916 
899 79 95 102 0.027212016 
512 258 11 23 0.02716414 
233 52 10 22 0.027149338 
312 201 9 13 0.027143054 
915 516 9 16 0.027139926 
4 250 7 14 0.027137188 
385 187 8 13 0.027104978 
597 318 16 28 0.027067598 
385 157 8 16 0.027035644 
897 138 12 28 0.02697537 
81 171 9 14 0.02696863 
481 71 6 14 0.026957639 
523 307 12 20 0.026944144 
669 95 8 17 0.026935736 
640 17 163 183 0.02693545 
783 89 102 105 0.026927255 
440 234 8 14 0.026918197 
932 131 15 40 0.02688614 
587 176 14 29 0.026876323 
476 262 9 15 0.02683905 
374 160 8 17 0.026826292 
805 96 13 31 0.026818894 
534 459 37 47 0.026795065 
384 131 10 20 0.026790857 
657 95 7 16 0.026737714 
745 220 9 18 0.02673364 
474 414 13 17 0.026682725 
959 145 13 41 0.026665993 
438 558 9 14 0.026644442 
339 173 7 16 0.026627816 
1000 99 9 27 0.026626965 
504 507 8 12 0.026622675 
343 234 14 18 0.0266195 
2 542 6 18 0.026617436 
746 236 8 17 0.026589632 
645 85 77 98 0.026588123 
745 -18 7 16 0.026563594 
427 474 9 11 0.026549509 
707 105 10 22 0.026538633 
901 376 7 14 0.026537595 
884 173 9 16 0.026500251 
716 122 14 33 0.026496962 
232 86 9 13 0.026486631 
781 210 10 17 0.026479809 
566 208 6 16 0.026467508 
41 57 8 14 0.026446959 
425 232 9 15 0.026413832 
623 759 19 34 0.02634444 
522 91 18 31 0.026328119 
812 218 86 97 0.026309513 
888 572 7 11 0.026289187 
403 191 6 11 0.026278699 
847 131 8 21 0.026267543 
463 92 9 20 0.026250798 
437 195 8 19 0.026249485 
913 502 9 16 0.026219953 
755 103 12 26 0.026172798 
692 603 12 23 0.026148964 
526 153 11 20 0.026123768 
491 278 8 14 0.02612338 
198 44 7 15 0.026095644 
312 144 8 23 0.026026769 
729 594 12 15 0.026021391 
616 513 8 16 0.025988938 
249 133 6 14 0.025986925 
752 485 14 27 0.025959395 
374 143 9 19 0.025955312 
312 211 15 18 0.025954958 
518 479 8 16 0.025951512 
836 132 8 19 0.025915926 
415 302 8 14 0.02590997 
505 516 10 15 0.02590822 
484 526 13 20 0.025868544 
566 322 10 20 0.025847295 
483 487 15 20 0.025845988 
472 524 16 23 0.025825648 
1001 539 8 19 0.025813794 
589 597 12 14 0.025813185 
535 119 18 30 0.025809363 
372 527 9 18 0.025743522 
589 192 12 22 0.025709633 
540 543 8 15 0.025707861 
453 207 9 17 0.025698075 
266 115 12 26 0.025687873 
501 606 11 18 0.025675686 
116 187 8 15 0.025660513 
18 -3 9 12 0.025653984 
472 579 13 17 0.025634399 
643 -18 7 14 0.025625475 
682 130 8 21 0.025558596 
583 441 7 16 0.025533399 
873 245 9 20 0.025524905 
398 130 9 20 0.025507076 
657 82 7 15 0.025502462 
525 271 11 21 0.02548048 
580 60 8 15 0.025477601 
1002 338 8 16 0.02546244 
643 585 9 15 0.02541445 
500 112 41 62 0.025378436 
478 450 10 17 0.025349034 
618 585 9 13 0.025344903 
765 124 15 33 0.025330883 
247 55 11 20 0.02532943 
869 459 109 103 0.025327722 
808 196 10 20 0.025312742 
898 181 10 20 0.02528343 
440 440 7 18 0.025267169 
456 487 42 66 0.025244175 
873 553 8 16 0.02523466 
567 458 7 14 0.025204815 
591 -32 8 12 0.025154479 
338 185 8 15 0.025144065 
989 569 7 15 0.025143461 
507 88 19 35 0.025116092 
554 286 9 18 0.025115302 
566 428 7 15 0.025065018 
669 134 7 16 0.02505304 
771 57 33 63 0.025041746 
25 -36 13 17 0.02500879 
382 279 13 22 0.024983557 
361 239 10 14 0.024968373 
488 585 9 13 0.0249422 
582 211 7 15 0.02492951 
542 308 8 18 0.024919402 
566 335 8 18 0.024906904 
777 305 25 49 0.024904436 
874 312 10 18 0.024900137 
489 260 9 16 0.024899777 
709 375 7 15 0.024897141 
22 746 16 21 0.024893137 
825 179 7 11 0.024888335 
601 181 12 24 0.02487437 
667 281 10 23 0.024858713 
503 131 10 16 0.024853837 
427 276 8 14 0.02479666 
413 428 8 15 0.024792995 
6 416 6 15 0.02478378 
514 566 12 16 0.02477369 
627 510 12 23 0.024726773 
362 146 8 18 0.02469507 
1018 168 7 24 0.024694094 
973 125 12 36 0.024663292 
647 397 170 201 0.024643935 
412 131 8 18 0.024631843 
651 604 15 21 0.024621224 
735 581 291 351 0.024515195 
899 221 10 19 0.024497744 
873 321 10 20 0.024485258 
439 227 7 12 0.02447272 
295 182 10 18 0.02441916 
498 193 10 20 0.024402127 
306 158 110 89 0.024378387 
481 60 5 13 0.024327915 
959 123 14 35 0.024320118 
584 430 6 15 0.024229392 
636 759 19 34 0.024226991 
17 157 8 17 0.024222404 
844 440 10 16 0.024217881 
568 245 9 19 0.024198296 
755 90 12 24 0.024196805 
874 350 9 18 0.024170255 
397 440 9 16 0.024133943 
299 202 7 12 0.024125298 
525 375 11 22 0.024112852 
401 160 7 14 0.02407584 
957 89 14 30 0.024056397 
579 509 14 23 0.024025744 
455 309 56 63 0.024025396 
717 158 10 18 0.024005592 
424 350 10 17 0.023997832 
656 134 8 16 0.023952736 
498 397 13 20 0.023947721 
569 237 7 15 0.023934828 
691 170 32 52 0.02392554 
479 44 6 14 0.023907404 
945 131 15 42 0.023879794 
323 114 9 31 0.023874566 
416 149 6 14 0.02386368 
500 415 9 17 0.02383828 
476 467 11 16 0.023835288 
424 363 10 17 0.023787137 
407 604 16 19 0.023779277 
638 604 15 21 0.023763636 
884 466 28 54 0.023739493 
542 363 8 17 0.023724368 
516 197 8 16 0.023702467 
490 595 8 15 0.02366822 
770 -17 8 16 0.023656921 
399 143 8 18 0.023629664 
768 84 15 32 0.023604173 
871 140 11 24 0.023529049 
670 -16 6 14 0.023524692 
27 148 8 13 0.02352331 
553 232 9 22 0.023522824 
180 751 11 13 0.023503203 
439 417 7 15 0.023456356 
426 378 8 13 0.023437724 
454 203 39 66 0.023408541 
441 247 8 15 0.023406811 
565 440 8 17 0.023367153 
712 101 34 68 0.02330894 
631 559 8 13 0.023295498 
973 594 11 18 0.023287985 
167 751 12 13 0.023278976 
30 568 6 16 0.023269685 
400 342 7 11 0.023232153 
437 591 14 20 0.023213305 
463 248 8 15 0.023212964 
572 475 37 49 0.023140365 
624 470 39 66 0.023139708 
184 59 6 13 0.023132185 
525 253 12 25 0.023115102 
331 382 40 68 0.022974266 
74 28 13 18 0.022973284 
590 210 10 17 0.02291326 
668 118 8 19 0.02291166 
46 754 21 25 0.022894027 
885 156 10 19 0.022882015 
448 104 9 21 0.022859957 
605 302 9 15 0.022829486 
807 141 11 22 0.022822767 
649 759 19 34 0.022710644 
788 263 87 104 0.022708973 
693 143 10 20 0.022696013 
518 415 6 15 0.022695731 
600 524 11 19 0.022685956 
768 151 11 25 0.022642057 
434 604 15 21 0.02261953 
351 174 33 54 0.022612518 
503 526 11 18 0.02256234 
848 596 36 75 0.022543492 
441 458 7 15 0.022542967 
550 774 14 29 0.022531968 
563 774 14 29 0.022508888 
679 603 14 20 0.022507891 
784 173 8 15 0.022450376 
341 124 92 88 0.022435088 
193 751 11 13 0.022429164 
502 556 10 15 0.02242911 
503 571 8 12 0.02237753 
308 183 11 19 0.022375882 
795 223 10 18 0.022345623 
380 263 16 29 0.022340946 
5 335 6 17 0.022335138 
657 -17 6 14 0.022303289 
565 507 36 69 0.02230242 
840 208 29 61 0.022292312 
538 774 13 29 0.022279413 
178 595 14 39 0.022277942 
525 774 14 29 0.022209814 
641 131 9 21 0.022208218 
576 774 14 29 0.022204276 
296 141 10 24 0.022188412 
555 222 7 17 0.022177776 
443 591 19 22 0.022163266 
77 55 9 19 0.022151588 
512 774 14 29 0.02212779 
439 580 12 19 0.022080192 
372 752 11 12 0.022073945 
400 314 8 12 0.022069763 
422 258 11 18 0.0220532 
976 76 14 38 0.021999398 
329 229 16 22 0.02199932 
42 149 8 12 0.021913314 
359 752 11 11 0.021856813 
577 538 8 18 0.021843601 
766 98 15 34 0.021838674 
567 513 10 18 0.021817198 
386 300 8 17 0.021805052 
499 774 14 29 0.021797016 
535 114 39 76 0.021791814 
385 171 8 15 0.021766333 
606 458 34 47 0.021736098 
820 357 12 26 0.021718293 
951 1 9 28 0.021690603 
154 751 12 13 0.021674283 
461 774 14 29 0.021669246 
426 440 7 17 0.021662697 
385 752 11 12 0.021655202 
474 774 13 29 0.021650625 
371 774 14 29 0.021641558 
988 583 10 18 0.021638075 
888 554 7 16 0.021634372 
359 774 13 29 0.02162489 
17 135 7 16 0.021609742 
463 103 9 22 0.021589762 
400 472 9 12 0.021587458 
398 752 11 11 0.02158074 
410 774 13 29 0.021562403 
101 772 15 33 0.021554317 
519 431 5 12 0.021550007 
3 7 8 15 0.021542763 
837 144 8 18 0.021529032 
639 513 12 22 0.021495163 
487 774 13 29 0.021494197 
850 176 33 42 0.021434011 
346 774 13 29 0.021418495 
422 774 14 29 0.021416506 
746 110 29 65 0.021399034 
402 -15 5 12 0.021374688 
822 143 9 18 0.021358231 
410 752 12 11 0.021319076 
88 772 15 34 0.021311473 
503 211 31 70 0.021292126 
427 457 7 14 0.02128472 
397 774 14 29 0.021284247 
448 774 14 29 0.021280697 
346 752 12 11 0.021278095 
384 774 14 29 0.021245666 
333 774 13 29 0.021162473 
661 758 20 35 0.021158319 
849 526 8 18 0.021146573 
12 -64 14 28 0.02108467 
3 171 7 15 0.021081781 
485 499 14 20 0.021049198 
412 286 11 19 0.021032574 
435 774 14 29 0.020999974 
462 752 11 11 0.020980135 
423 752 12 11 0.02097579 
190 597 15 36 0.020948734 
604 -32 8 12 0.020916358 
601 606 13 16 0.020888347 
12 741 17 30 0.02085605 
320 775 14 28 0.02084037 
728 463 32 56 0.020836137 
5 364 6 16 0.020825103 
988 -22 7 20 0.02081785 
400 325 8 14 0.020813424 
713 603 16 24 0.020813148 
818 588 40 71 0.020805888 
441 262 7 13 0.020762 
858 359 10 20 0.020761706 
914 528 8 16 0.02075179 
603 287 11 19 0.020748382 
114 772 15 32 0.020728704 
449 752 11 11 0.020693647 
23 58 12 16 0.020692904 
463 120 8 17 0.020674093 
475 752 11 11 0.020583207 
579 -32 7 12 0.02057137 
880 611 17 32 0.02051481 
563 154 11 22 0.020509489 
54 -15 7 12 0.020502305 
307 775 14 28 0.020484177 
301 -7 6 17 0.020481806 
481 396 19 22 0.020474466 
597 253 17 27 0.020418877 
754 591 14 22 0.02041376 
334 752 11 11 0.020408986 
3 158 8 17 0.02040863 
973 144 13 40 0.020407448 
76 773 15 33 0.020405121 
436 752 11 11 0.020388048 
617 -32 8 12 0.02033607 
24 735 12 16 0.020330342 
550 527 11 20 0.0203046 
848 145 8 19 0.020252272 
661 531 7 14 0.020238958 
940 -226 74 66 0.020222392 
294 775 14 27 0.020218037 
517 458 6 13 0.020200476 
824 336 31 62 0.02019073 
203 597 15 35 0.020158121 
911 468 29 51 0.020130338 
872 599 38 66 0.020128995 
487 752 12 11 0.02005376 
743 593 13 18 0.020034924 
127 773 15 31 0.020024054 
940 442 100 103 0.020021431 
783 -18 8 17 0.02000643 
863 480 30 56 0.019991213 
900 105 146 231 0.019960698 
90 172 9 15 0.019953648 
205 751 12 13 0.019941341 
502 540 11 16 0.019939596 
403 175 6 12 0.01993445 
625 401 37 71 0.019929733 
908 295 28 56 0.019928811 
807 154 10 20 0.019920068 
970 602 15 28 0.019912934 
618 137 12 29 0.019892646 
438 406 8 15 0.019858515 
598 268 14 24 0.019851392 
438 208 8 15 0.01984323 
399 299 9 16 0.019825824 
822 131 9 20 0.019822309 
727 151 104 92 0.01980822 
500 752 11 11 0.019769339 
889 303 31 52 0.019767813 
281 774 15 28 0.019756608 
576 524 11 19 0.019739406 
140 773 15 31 0.01972522 
568 227 6 13 0.019715535 
997 629 12 50 0.019705974 
856 609 16 35 0.0196934 
309 192 42 44 0.019692436 
413 441 8 16 0.019665262 
552 544 9 16 0.019664615 
519 443 5 12 0.01965301 
674 758 19 35 0.019646889 
837 164 7 13 0.019638833 
639 541 10 19 0.019637687 
663 487 28 49 0.019631982 
821 115 10 24 0.019596132 
808 244 12 24 0.019545406 
795 172 8 16 0.019543175 
26 -45 11 15 0.019529272 
-45 550 295 374 0.019525476 
321 752 11 11 0.019501029 
806 128 12 24 0.019495703 
809 175 7 14 0.019432312 
219 18 7 14 0.019413183 
658 496 13 24 0.019408919 
310 127 9 29 0.019404126 
664 604 15 20 0.019402957 
1016 580 9 23 0.01938088 
411 217 190 167 0.019346952 
638 155 95 105 0.019313388 
791 95 15 33 0.01930152 
166 595 14 39 0.01925521 
69 66 7 17 0.019239793 
477 120 8 17 0.019228414 
791 125 15 27 0.019227766 
822 372 10 21 0.019224592 
513 752 11 11 0.019219868 
153 773 14 30 0.019219382 
821 197 15 25 0.019164903 
1017 568 8 21 0.019161291 
804 285 178 205 0.019128975 
561 307 35 61 0.019122684 
872 334 10 21 0.019104175 
866 450 34 54 0.019088173 
364 317 198 167 0.019071914 
542 350 8 16 0.019023597 
543 325 7 16 0.01894665 
780 123 14 30 0.018933425 
9 770 19 37 0.018933302 
269 775 14 27 0.018928058 
212 108 6 14 0.018890994 
17 146 7 15 0.018869832 
183 188 7 13 0.018850187 
215 598 16 34 0.018842295 
500 494 10 14 0.018840307 
902 598 31 66 0.018818974 
951 594 34 73 0.018795975 
788 113 38 73 0.018785978 
235 69 11 18 0.01874019 
525 474 32 49 0.018698871 
421 244 13 21 0.018688617 
13 731 12 26 0.018652251 
744 145 13 30 0.018641043 
825 392 7 14 0.018609302 
39 -17 9 12 0.01860863 
142 751 11 14 0.018603293 
544 339 7 15 0.018584002 
256 774 14 28 0.018525228 
616 557 9 14 0.018516093 
308 751 12 12 0.01846727 
617 542 8 15 0.018446002 
166 774 14 29 0.018432114 
625 178 30 48 0.018392147 
450 405 12 15 0.01836375 
858 348 11 20 0.018335 
243 775 14 27 0.018333564 
814 312 32 59 0.018280456 
360 143 177 188 0.018236306 
436 338 11 16 0.018221313 
145 183 8 16 0.01821743 
369 251 41 66 0.018210363 
284 102 9 24 0.018183468 
526 752 11 11 0.01817047 
613 605 15 18 0.018139457 
230 774 14 28 0.018126851 
16 106 8 19 0.018098721 
217 774 15 28 0.018059589 
295 751 12 12 0.018050829 
687 758 20 35 0.018040078 
827 235 20 31 0.018017638 
1017 -5 7 18 0.017993998 
761 29 96 111 0.017983414 
469 321 21 24 0.017981544 
612 236 16 31 0.017935375 
76 42 10 16 0.017929532 
2 555 7 20 0.01792802 
398 453 9 16 0.017901242 
485 116 171 187 0.017836487 
205 774 14 28 0.017821591 
512 384 13 24 0.017817184 
2 -228 94 70 0.01780836 
680 475 272 234 0.017781306 
179 774 14 29 0.017762078 
496 273 30 49 0.01775837 
474 293 40 49 0.01774411 
16 605 7 21 0.0177419 
461 392 39 48 0.017741276 
777 96 16 36 0.017690644 
855 214 33 71 0.017663386 
218 751 12 13 0.017661747 
192 774 14 29 0.01756159 
615 271 10 22 0.017530177 
4 15 9 19 0.017515555 
282 751 12 12 0.017467903 
57 56 8 15 0.017462166 
611 190 35 55 0.017437011 
765 101 37 73 0.017400203 
538 752 12 11 0.017400073 
413 456 9 15 0.017397521 
518 223 36 73 0.017383335 
153 595 14 40 0.017381169 
599 67 15 22 0.017348582 
212 161 4 13 0.017332504 
14 -23 13 17 0.017329562 
455 591 19 21 0.017316137 
231 751 12 12 0.017309267 
728 154 13 22 0.017284943 
180 78 7 21 0.017266849 
28 124 7 13 0.017265378 
579 222 35 48 0.017223451 
592 415 28 53 0.017216634 
322 423 36 50 0.017198771 
273 2 7 23 0.017194357 
958 620 14 37 0.017171133 
16 122 7 16 0.017168025 
243 751 13 12 0.017128283 
3 -3 7 12 0.017048482 
859 145 9 20 0.017018022 
577 68 13 23 0.017015982 
256 751 13 12 0.01683319 
451 324 12 16 0.016831653 
766 327 34 50 0.016819103 
473 593 13 18 0.016814183 
551 752 12 11 0.016782144 
784 153 10 22 0.016774163 
396 282 12 21 0.016746337 
524 322 11 18 0.016722165 
269 751 12 12 0.016696444 
699 758 20 35 0.016651848 
553 486 38 61 0.016640607 
843 -270 186 256 0.016633984 
347 192 98 102 0.016630873 
863 288 109 99 0.016625492 
592 478 34 56 0.01652426 
296 601 15 25 0.016497279 
758 76 31 68 0.016454317 
524 361 12 19 0.01645187 
434 349 50 64 0.016439661 
703 189 29 46 0.016362617 
12 32 16 27 0.016355556 
794 151 11 23 0.01634534 
283 128 11 27 0.01632594 
658 514 10 20 0.016310167 
534 489 34 58 0.016269635 
1011 599 12 36 0.016250247 
592 537 13 24 0.016245728 
393 524 35 65 0.016240396 
381 227 36 53 0.016226064 
999 -25 9 25 0.016219448 
919 506 27 49 0.016157776 
984 599 17 36 0.016146336 
4 350 6 18 0.016115073 
564 752 11 11 0.016105149 
714 178 39 50 0.016013924 
1008 -60 15 43 0.015955025 
62 774 16 33 0.01588989 
501 515 36 53 0.015883867 
639 529 11 21 0.015868876 
36 -34 12 14 0.015847608 
408 240 15 26 0.015834633 
56 71 6 11 0.0158033 
-13 -27 222 332 0.015743604 
206 490 30 47 0.01573319 
752 55 28 57 0.015676359 
199 92 7 17 0.01564553 
820 480 31 60 0.0156434 
472 450 37 53 0.015605337 
642 225 35 59 0.015599052 
629 540 13 21 0.015542568 
952 119 28 78 0.015503554 
464 349 55 70 0.015492509 
510 322 15 20 0.015436535 
618 530 8 15 0.015402176 
662 447 30 51 0.0153944865 
4 569 6 21 0.0153457755 
577 752 11 12 0.0152931865 
297 592 37 61 0.015287873 
228 598 16 33 0.015243316 
847 491 26 54 0.015157028 
475 76 28 66 0.015156037 
978 704 44 94 0.015155533 
415 123 85 96 0.015149657 
824 243 30 47 0.015148978 
15 92 10 21 0.015125285 
129 751 11 14 0.015106134 
489 194 33 70 0.015102361 
24 91 11 19 0.015095029 
823 159 8 15 0.015084341 
712 754 20 28 0.015082967 
959 407 28 49 0.015014832 
140 595 15 41 0.0149607975 
259 4 8 23 0.014955023 
65 162 9 13 0.01494639 
461 403 17 16 0.014933262 
736 173 41 50 0.014874923 
923 601 33 66 0.01483268 
553 135 33 69 0.01478163 
470 400 21 20 0.014768698 
862 185 34 58 0.014730303 
572 272 37 56 0.014681771 
337 194 43 61 0.014642602 
778 524 32 53 0.014628889 
685 94 30 64 0.014594547 
680 441 28 51 0.014586375 
809 230 13 25 0.0145639675 
4 144 7 18 0.014542829 
792 348 33 61 0.014514572 
985 481 30 60 0.014513684 
4 582 6 20 0.014511898 
794 168 38 58 0.014508706 
801 753 21 30 0.014500432 
210 18 6 13 0.014494505 
730 136 14 30 0.014456309 
569 339 32 55 0.0144467335 
636 188 35 56 0.014439002 
375 -15 6 13 0.014436599 
483 31 84 88 0.0144217685 
627 525 13 25 0.014408282 
795 -18 8 17 0.014406318 
153 -216 77 46 0.014395091 
4 593 6 21 0.014385331 
696 115 35 63 0.0143695865 
567 155 32 63 0.014354358 
562 612 14 28 0.014346219 
724 754 21 28 0.014284807 
11 -41 18 25 0.014211834 
34 736 16 14 0.014211332 
1000 38 32 59 0.014200502 
557 92 17 42 0.014187931 
64 -244 317 131 0.0141858505 
672 173 28 56 0.014157977 
945 355 29 48 0.014154217 
814 753 20 30 0.014152368 
590 752 11 12 0.014126126 
827 447 93 103 0.014100111 
230 538 29 48 0.0140833715 
921 455 28 46 0.0140821915 
825 176 36 50 0.014048482 
666 395 29 47 0.014048156 
601 236 36 71 0.014043186 
497 46 38 53 0.014040611 
639 153 34 55 0.014031848 
630 263 12 31 0.01401941 
59 526 30 44 0.014016907 
372 192 34 52 0.014001217 
772 445 87 104 0.013994056 
504 282 39 61 0.013992504 
630 -32 7 12 0.013988616 
334 254 34 57 0.01396012 
296 100 8 29 0.01395651 
144 517 28 54 0.013916565 
858 511 31 63 0.013903138 
228 486 31 48 0.013896269 
622 137 32 54 0.013887515 
750 754 21 28 0.013863244 
594 176 33 56 0.013848897 
310 99 8 29 0.013832536 
968 115 27 77 0.013820799 
600 166 14 24 0.013811904 
819 90 31 70 0.013800194 
566 -32 7 13 0.013790052 
737 754 21 28 0.013775282 
304 148 30 61 0.013761193 
549 45 32 54 0.013743129 
804 499 26 48 0.013731682 
488 606 11 19 0.01372935 
300 226 33 55 0.013722713 
333 513 34 61 0.013703172 
789 754 20 28 0.013656167 
465 134 30 48 0.013639272 
100 -217 81 49 0.013611767 
849 467 31 51 0.013592484 
827 753 20 30 0.013584361 
367 612 19 28 0.013573682 
245 -217 100 44 0.0135683 
26 108 8 14 0.013544555 
240 598 17 32 0.013522192 
410 268 12 21 0.013521236 
971 579 38 68 0.013492958 
26 -57 10 13 0.013460365 
1013 -195 12 34 0.013442818 
537 602 340 316 0.013434827 
878 492 33 58 0.013428546 
808 456 31 45 0.013422002 
998 -164 11 53 0.013421636 
580 178 92 110 0.013359824 
132 185 7 15 0.013358768 
952 172 25 63 0.013349721 
763 754 21 28 0.013322146 
452 147 30 53 0.013307305 
425 155 29 51 0.013303198 
6 503 27 56 0.013301758 
563 137 12 28 0.013262152 
425 83 29 60 0.013187195 
715 223 31 57 0.0131358635 
20 761 19 29 0.013126917 
909 343 32 59 0.013103043 
521 29 30 46 0.013100491 
822 292 29 46 0.013095362 
605 398 31 59 0.013080601 
776 754 20 28 0.01303647 
851 430 226 381 0.013013476 
319 507 32 53 0.012997262 
388 -15 6 12 0.012967152 
411 52 31 61 0.012952469 
844 608 16 36 0.012931083 
476 149 30 52 0.012930086 
612 79 15 23 0.0128721185 
690 254 30 53 0.012849054 
840 753 20 30 0.012840512 
741 197 36 58 0.012833241 
602 752 12 12 0.012829848 
524 350 11 17 0.0127923265 
613 166 30 49 0.012748368 
752 354 31 52 0.012740676 
441 394 33 53 0.0127348965 
328 463 31 46 0.01267826 
1008 501 29 59 0.0126182465 
537 248 30 59 0.012604506 
255 517 31 50 0.012598733 
49 149 11 15 0.012563849 
486 25 33 59 0.01255583 
798 240 32 57 0.012544483 
477 113 33 57 0.012527573 
728 481 100 117 0.012525992 
662 518 32 52 0.0125223715 
246 747 32 50 0.0125119565 
732 352 32 57 0.0125035625 
271 747 32 50 0.012493624 
362 -15 6 13 0.012488823 
589 68 15 23 0.012487524 
1012 621 11 40 0.0124659445 
914 167 28 71 0.012456755 
400 229 41 65 0.012429473 
15 54 12 20 0.012419457 
128 440 29 44 0.012415574 
437 386 11 17 0.012414469 
653 311 26 59 0.012399122 
196 746 31 51 0.012387508 
758 531 30 57 0.012384532 
809 209 12 24 0.012368987 
220 747 32 50 0.0123511925 
980 40 23 55 0.012329281 
912 527 29 61 0.012322867 
487 594 41 64 0.0123213185 
821 423 35 53 0.012310495 
255 195 31 50 0.012305173 
654 143 35 55 0.012278179 
311 747 30 52 0.012246062 
669 211 30 55 0.012241714 
647 477 32 53 0.012234923 
408 488 30 49 0.012232942 
580 244 39 63 0.012220757 
89 537 28 52 0.012211802 
870 421 31 55 0.012204855 
741 448 29 49 0.012200235 
847 421 32 55 0.01218644 
158 533 27 57 0.012167466 
363 747 29 52 0.012148687 
436 43 30 63 0.0121321585 
392 264 16 28 0.0121211065 
337 747 30 52 0.012105712 
5 83 7 16 0.01210282 
995 -87 14 52 0.012080112 
127 371 34 59 0.012071394 
371 474 36 53 0.012066181 
974 510 32 65 0.012065738 
169 -214 36 14 0.012065153 
781 227 29 55 0.0120550515 
170 745 30 52 0.0120463995 
357 534 33 58 0.012018874 
11 -87 12 30 0.0120162135 
388 747 30 52 0.011998292 
1006 76 29 66 0.011988703 
668 254 31 56 0.011982994 
129 517 28 54 0.011973373 
306 -218 105 45 0.011955904 
986 618 14 44 0.0119421 
354 500 36 54 0.011931404 
917 124 25 66 0.0119191995 
146 746 29 52 0.011909489 
524 338 10 16 0.011901378 
612 92 15 26 0.011882349 
681 -32 8 12 0.0118806595 
734 530 30 59 0.011872516 
700 589 37 77 0.011855662 
667 307 24 55 0.011855293 
104 533 28 56 0.0118442 
233 18 8 16 0.011831091 
3 132 7 19 0.011830479 
977 90 25 70 0.011825996 
818 736 39 70 0.011806053 
793 737 38 68 0.011777548 
892 185 32 65 0.011751189 
938 377 27 56 0.011717987 
970 619 15 39 0.011713647 
752 150 39 62 0.011707754 
116 751 12 15 0.011688669 
474 418 33 44 0.0116722435 
413 748 30 50 0.011662164 
615 122 14 30 0.01166184 
837 581 33 56 0.011645626 
561 253 31 54 0.011641598 
14 616 8 25 0.011623721 
505 358 32 67 0.011622564 
615 752 12 12 0.011615485 
120 746 28 52 0.011609447 
452 748 30 50 0.011585037 
930 94 33 73 0.011584579 
280 398 31 46 0.0115788365 
79 161 9 15 0.011570058 
693 -33 8 14 0.011570021 
696 529 32 57 0.011562356 
282 513 32 61 0.0115506565 
428 47 148 160 0.011537739 
42 325 28 60 0.011518551 
494 142 37 60 0.0115101775 
377 597 47 52 0.011482964 
253 599 17 30 0.011452823 
844 736 40 70 0.011447074 
669 423 31 44 0.011436046 
852 753 21 30 0.011432623 
545 311 30 66 0.011408267 
504 748 29 50 0.011395154 
940 188 23 61 0.011393315 
960 310 31 55 0.01138864 
360 310 30 60 0.011373253 
805 569 35 46 0.0113601675 
420 302 39 55 0.011341984 
536 420 32 63 0.011338973 
873 255 30 53 0.011327352 
192 494 28 47 0.011325789 
728 252 30 54 0.011317211 
171 476 30 45 0.011308812 
455 282 37 49 0.011300194 
542 748 30 50 0.01129649 
521 501 33 61 0.011293088 
896 276 30 49 0.011283753 
477 748 30 50 0.011266435 
996 12 27 59 0.011239945 
63 750 15 16 0.011229547 
161 -200 25 16 0.011218211 
896 531 28 57 0.011206517 
203 541 26 45 0.011194497 
989 53 26 59 0.011176076 
835 529 31 62 0.0111717405 
231 462 32 46 0.011167532 
726 604 17 21 0.011162211 
519 592 35 57 0.01114723 
703 319 28 49 0.011141733 
562 352 24 59 0.011136923 
568 748 29 51 0.011119094 
144 -214 34 14 0.011110592 
430 593 52 64 0.011105323 
992 -227 37 92 0.01110106 
790 311 33 62 0.011075549 
450 462 44 54 0.011074068 
584 517 38 62 0.011073769 
389 484 34 50 0.011068497 
17 516 29 56 0.011040872 
24 601 11 25 0.011040592 
422 211 36 59 0.011030823 
435 481 37 58 0.011012195 
998 -46 12 35 0.010980841 
992 525 29 69 0.010975778 
588 136 40 66 0.010973024 
522 537 36 51 0.010964385 
748 319 32 48 0.010963708 
413 352 38 59 0.0109572625 
388 199 33 48 0.010944908 
950 12 23 56 0.010929422 
686 367 32 52 0.010921642 
871 337 32 63 0.0109195355 
838 309 32 59 0.010917754 
446 528 40 47 0.010915586 
675 497 30 51 0.010901993 
48 749 17 15 0.010901079 
705 484 30 50 0.010894397 
756 485 30 51 0.0108844945 
622 64 30 55 0.010876428 
332 599 354 324 0.010869237 
931 311 34 60 0.010860724 
77 7 9 13 0.010860591 
369 -218 106 45 0.010854514 
305 462 32 44 0.010853961 
840 91 28 66 0.010846663 
906 242 29 51 0.010821215 
768 738 38 65 0.010820382 
436 348 12 19 0.010783245 
755 219 29 50 0.010780082 
459 -218 106 45 0.010778454 
1015 -24 10 24 0.010776257 
127 594 15 43 0.010770698 
170 187 8 15 0.010767158 
156 186 8 15 0.01074722 
511 190 33 58 0.010733025 
961 446 29 49 0.010718666 
896 120 26 55 0.010717392 
895 399 28 54 0.010692417 
637 594 45 57 0.010656628 
85 580 29 64 0.010649984 
193 527 28 45 0.010630341 
622 259 29 63 0.0106291985 
193 463 30 45 0.0106134545 
243 283 31 50 0.010606065 
6 71 6 15 0.01058553 
276 583 37 49 0.010580698 
265 599 17 29 0.010577639 
1008 365 28 60 0.010562474 
930 486 27 50 0.010553545 
935 245 26 48 0.010537991 
742 739 38 63 0.010536187 
842 276 29 50 0.010529036 
106 580 31 62 0.010527605 
824 46 23 55 0.010512665 
756 439 27 46 0.010511852 
349 336 30 64 0.01050382 
522 -218 107 45 0.010497032 
493 318 20 25 0.0104955565 
576 49 33 46 0.010494883 
401 178 30 53 0.010485661 
322 595 29 55 0.010449572 
952 381 26 56 0.010447837 
931 10 26 59 0.01044242 
245 533 31 52 0.010441066 
733 40 29 47 0.01042237 
926 356 29 48 0.0104208505 
579 377 27 55 0.01041414 
284 200 35 56 0.010409277 
879 402 93 99 0.010404956 
705 741 36 60 0.010402982 
89 449 30 47 0.010398898 
394 86 30 55 0.010389853 
11 -220 17 33 0.010388848 
142 351 31 60 0.010376468 
676 139 36 61 0.0103650605 
1012 -149 11 48 0.010361711 
675 352 31 51 0.010361598 
717 344 28 50 0.010357769 
886 589 36 44 0.010354983 
193 -214 40 14 0.010353871 
628 752 12 12 0.010349044 
421 268 33 53 0.010348574 
549 533 36 54 0.010348213 
272 534 29 55 0.010348086 
936 152 23 71 0.010331448 
255 585 43 69 0.010324019 
920 65 30 52 0.010319587 
716 773 16 31 0.010308762 
747 255 31 55 0.010280535 
48 541 27 58 0.010277058 
718 438 32 52 0.010249772 
218 367 31 53 0.010247567 
861 586 34 49 0.010233899 
789 77 31 70 0.010233058 
473 218 37 69 0.010226163 
906 145 26 65 0.010222618 
804 532 33 60 0.0102039 
37 747 35 54 0.010191035 
650 385 28 51 0.01015535 
633 300 28 61 0.010138725 
885 229 32 56 0.01011664 
899 74 29 50 0.010111928 
596 58 36 50 0.010110124 
178 513 28 43 0.010106613 
683 62 28 53 0.0101047475 
794 462 30 46 0.010102516 
450 183 31 48 0.010074967 
49 774 17 33 0.010067117 
833 34 27 58 0.010063431 
990 423 25 51 0.010058392 
975 178 26 58 0.010033766 
861 105 26 58 0.010029836 
286 -8 6 18 0.010023673 
730 78 32 54 0.010010574 
