7_Cheering_Cheering_7_57
3776
434 338 38 56 0.99886936 
2 303 42 57 0.9970245 
554 348 43 49 0.9918594 
34 163 32 48 0.9900523 
891 302 20 42 0.9842508 
796 279 44 60 0.98173267 
134 304 38 46 0.9772839 
750 335 35 56 0.9762018 
335 314 31 47 0.9382623 
603 172 17 37 0.90425915 
670 317 27 39 0.8477227 
496 707 18 42 0.822494 
1005 338 24 53 0.8103493 
543 707 22 44 0.7648243 
392 221 27 38 0.7535629 
251 358 21 36 0.7439068 
608 237 20 37 0.6612007 
136 245 19 28 0.6508791 
539 226 13 26 0.61790574 
354 198 19 29 0.5942167 
701 261 19 34 0.5930638 
670 359 23 42 0.5571627 
985 212 15 30 0.52657706 
108 323 22 39 0.47867894 
260 704 14 30 0.47341064 
305 234 13 32 0.44838983 
116 315 36 46 0.3939265 
704 467 16 25 0.37502673 
745 146 23 34 0.36942735 
95 158 17 34 0.30879432 
908 112 13 23 0.28729665 
120 80 11 27 0.28656122 
487 231 10 18 0.2555057 
155 265 13 22 0.24987347 
953 339 16 41 0.24952482 
233 313 75 83 0.24180059 
938 213 10 23 0.2415516 
138 228 15 23 0.23471816 
408 717 23 31 0.22051218 
277 199 12 26 0.21956487 
600 385 13 30 0.21652298 
908 106 11 17 0.21641557 
72 85 15 22 0.21489826 
415 742 20 28 0.21355797 
658 744 19 23 0.20655304 
689 201 11 20 0.19125815 
702 700 12 27 0.18942942 
701 220 18 31 0.18908218 
576 241 11 19 0.17989373 
225 544 14 33 0.17577453 
999 206 11 19 0.17231992 
890 124 24 40 0.17055002 
273 213 11 24 0.16626522 
331 218 12 23 0.16290243 
0 367 12 29 0.16048577 
1001 706 12 33 0.16040008 
274 736 19 35 0.15894483 
711 220 18 32 0.1574748 
494 692 17 27 0.14206566 
1012 206 10 17 0.14052437 
939 209 7 14 0.14043857 
314 339 15 30 0.13984242 
707 195 10 16 0.13773271 
362 103 7 16 0.13083708 
805 750 9 23 0.12765521 
408 299 17 34 0.1263314 
95 26 9 17 0.12626505 
253 301 18 42 0.12547275 
685 352 20 36 0.12456781 
705 201 13 23 0.122490406 
495 280 16 28 0.12083426 
278 338 19 30 0.1195813 
275 220 15 31 0.11740019 
279 639 15 23 0.11649517 
560 690 18 26 0.11429044 
713 799 46 105 0.112626545 
1 498 8 24 0.112022825 
489 237 13 25 0.111632444 
333 805 39 96 0.11082045 
820 178 12 21 0.1095445 
777 183 22 34 0.10936655 
147 252 17 27 0.10910515 
471 714 13 27 0.10864179 
648 649 16 25 0.106900916 
74 710 16 40 0.106069036 
161 275 15 28 0.105746076 
621 237 15 32 0.10521999 
735 465 23 38 0.103719585 
49 265 14 31 0.10327565 
830 180 11 20 0.102919206 
148 228 14 23 0.102818996 
490 689 13 23 0.10193085 
356 279 14 24 0.10141547 
666 560 10 16 0.10129598 
47 30 11 26 0.100482635 
418 299 14 29 0.10040542 
189 106 12 30 0.10013179 
720 639 9 17 0.10010731 
809 273 84 82 0.09993732 
471 315 14 30 0.09932711 
548 220 10 17 0.09913239 
106 572 8 19 0.09895004 
837 638 258 342 0.09767831 
663 804 42 99 0.09761571 
134 23 8 20 0.096970215 
141 222 10 15 0.09654673 
191 22 14 22 0.09617763 
650 581 14 29 0.09496755 
322 225 10 24 0.09490483 
760 158 24 35 0.094488025 
494 316 18 31 0.09402915 
357 803 40 98 0.09237835 
430 746 16 27 0.091916434 
512 250 11 22 0.09157024 
309 806 37 94 0.091536105 
325 719 19 37 0.09119272 
690 803 44 100 0.090041175 
967 376 19 43 0.08883098 
998 415 14 31 0.08871375 
570 262 17 30 0.08848723 
319 776 14 28 0.08820561 
746 263 20 36 0.08806645 
691 213 15 30 0.087181486 
1002 87 7 25 0.08676133 
383 804 39 97 0.0865963 
896 246 19 44 0.08610558 
737 249 20 34 0.085652605 
392 277 17 29 0.08539093 
699 350 15 34 0.08519161 
108 302 79 81 0.0849947 
402 336 18 36 0.0846266 
573 246 17 33 0.083875164 
195 77 9 17 0.0836438 
422 805 40 95 0.08336837 
147 720 17 36 0.08322353 
792 176 14 27 0.08319306 
613 807 41 94 0.08309082 
857 277 76 84 0.0830681 
821 169 10 17 0.08270081 
749 300 75 74 0.08218558 
9 148 14 28 0.082162745 
640 806 41 96 0.08143551 
739 798 49 106 0.08128068 
668 640 10 17 0.08065595 
359 107 9 25 0.08022972 
500 626 7 20 0.08007131 
235 619 19 32 0.07982394 
627 538 14 18 0.07967307 
649 303 75 89 0.07919805 
358 534 8 20 0.07890074 
353 698 15 30 0.07864554 
322 286 67 76 0.078027174 
1014 213 10 21 0.077901326 
509 276 14 30 0.07776451 
259 26 7 17 0.07771963 
156 416 11 26 0.0774815 
444 165 6 18 0.07704938 
1002 108 8 28 0.076889224 
645 608 20 32 0.07675679 
806 763 10 25 0.07627699 
395 620 12 30 0.076113 
278 535 16 26 0.07601657 
609 714 18 29 0.07555647 
809 179 9 19 0.075448774 
232 750 10 20 0.07483687 
419 389 13 26 0.07473581 
1008 701 15 29 0.07419887 
33 399 21 38 0.07401049 
495 245 15 31 0.07399352 
895 547 11 25 0.0739317 
588 809 41 90 0.0736667 
242 77 9 16 0.07364505 
308 101 7 19 0.073533334 
826 197 20 38 0.07329871 
17 596 11 28 0.07319936 
444 738 15 28 0.07319621 
12 413 15 39 0.0731762 
450 546 8 26 0.07276712 
127 532 15 32 0.07267314 
1014 108 9 31 0.072588876 
204 75 9 17 0.07225629 
872 178 83 117 0.07196172 
4 151 9 23 0.07157491 
593 482 9 17 0.071110465 
959 376 16 38 0.07061384 
989 218 20 35 0.07052789 
12 496 10 25 0.07029989 
882 792 14 23 0.070189744 
316 235 12 29 0.06997043 
348 268 12 22 0.06972756 
119 422 11 22 0.069604866 
895 792 14 23 0.06955097 
191 534 11 24 0.06951663 
702 283 17 35 0.06923597 
511 265 10 23 0.069194645 
2 557 9 29 0.06917861 
446 806 40 95 0.069068044 
14 523 10 24 0.06897076 
465 716 12 22 0.06887586 
231 88 10 20 0.06884943 
129 598 9 24 0.06860474 
409 279 13 24 0.06830384 
1004 75 5 20 0.068196274 
721 676 7 16 0.068173066 
504 534 7 26 0.06810012 
257 350 41 64 0.067929804 
496 338 16 34 0.06743214 
969 294 16 42 0.06738466 
411 632 10 29 0.06693828 
807 782 10 20 0.06681122 
711 668 5 13 0.0666949 
446 163 9 22 0.066690594 
387 458 7 21 0.066584624 
571 692 14 22 0.06657883 
805 792 14 23 0.06650071 
283 803 38 98 0.06642719 
678 263 13 24 0.06642569 
574 493 10 27 0.06606182 
868 278 15 30 0.06603487 
244 776 12 24 0.06577587 
722 650 8 16 0.065600775 
138 534 13 27 0.06557648 
942 221 13 30 0.0654494 
44 25 9 18 0.065414466 
576 485 9 19 0.0653888 
411 264 12 23 0.06524119 
681 749 13 22 0.064723715 
126 422 10 22 0.06460618 
490 681 11 18 0.06457451 
369 411 13 37 0.06448705 
262 324 20 41 0.06446416 
719 669 7 15 0.06446338 
294 470 9 26 0.06430123 
502 614 7 18 0.06414885 
898 374 14 34 0.063911214 
361 635 10 26 0.0638926 
801 744 7 17 0.06385777 
846 433 14 25 0.06372996 
683 665 8 14 0.06364494 
735 152 93 77 0.06354198 
332 691 13 24 0.06346462 
496 233 10 19 0.063443735 
780 160 16 26 0.0633822 
422 492 13 41 0.063338004 
227 95 11 26 0.06333398 
473 705 12 21 0.06298048 
391 263 16 27 0.06290959 
150 442 12 30 0.062852934 
2 801 76 106 0.06277343 
946 208 8 16 0.06274528 
111 111 13 29 0.06264992 
450 728 11 19 0.06243658 
1015 134 9 29 0.062300853 
305 206 81 87 0.062163547 
28 128 11 22 0.062030148 
387 621 11 29 0.061959915 
1015 86 8 28 0.061958686 
709 680 6 15 0.06187632 
124 624 12 23 0.061823722 
677 274 15 31 0.061796237 
329 775 13 28 0.06176684 
277 194 8 17 0.061750896 
233 766 9 20 0.06173557 
19 407 22 45 0.061378453 
1014 240 12 22 0.061370157 
331 264 16 28 0.06125803 
12 631 14 41 0.061244067 
232 22 10 22 0.061177246 
296 459 8 24 0.06108144 
963 299 10 28 0.060970157 
449 574 7 22 0.060873672 
244 69 8 15 0.060827445 
562 810 41 87 0.060771003 
114 241 74 91 0.060742736 
285 496 8 22 0.060711864 
795 764 10 24 0.060493283 
792 792 15 23 0.060342833 
279 711 14 27 0.060239732 
3 525 8 20 0.06011077 
1011 334 15 31 0.06009557 
712 199 14 29 0.060072135 
391 242 20 32 0.06004603 
104 446 9 18 0.060034793 
400 495 8 26 0.059957407 
898 754 9 15 0.059927154 
964 264 11 25 0.059916064 
820 187 15 26 0.05981138 
386 441 8 27 0.05972471 
640 337 13 30 0.059605137 
818 794 13 20 0.05940844 
144 444 10 25 0.05890096 
251 339 19 34 0.05887796 
1001 199 8 14 0.058851674 
168 535 10 19 0.058787957 
291 544 15 26 0.058780346 
370 101 8 18 0.058692716 
830 168 11 19 0.058589328 
694 669 6 11 0.05853108 
17 511 7 19 0.058503926 
397 748 15 26 0.05849685 
517 546 7 23 0.058434285 
370 633 10 28 0.058264915 
375 524 6 20 0.058249965 
11 250 13 32 0.058188405 
42 16 6 12 0.058166698 
907 792 14 23 0.05816473 
794 394 12 25 0.0581002 
463 533 7 27 0.058092684 
795 781 9 20 0.05791608 
389 521 7 24 0.057884794 
450 502 10 39 0.05784577 
721 629 8 16 0.05768703 
1008 426 16 33 0.057570018 
695 256 13 23 0.057436585 
399 458 8 22 0.057144046 
236 186 8 25 0.05709311 
947 328 16 37 0.05704767 
115 444 12 24 0.05688495 
12 -32 11 25 0.05678243 
387 497 7 21 0.05676717 
416 689 16 24 0.056733236 
499 678 13 19 0.05664713 
34 123 15 29 0.05663123 
245 120 9 30 0.05661641 
800 204 85 97 0.05660283 
659 486 6 16 0.056472834 
241 85 11 21 0.056457065 
667 486 8 19 0.05643247 
815 544 17 25 0.056374554 
368 288 15 27 0.05636601 
162 414 12 30 0.0563468 
256 775 11 25 0.056273732 
68 83 11 13 0.056033015 
150 775 16 26 0.055975623 
599 719 19 32 0.055894986 
13 555 11 32 0.05580977 
979 213 12 26 0.05579504 
188 788 48 119 0.055743475 
50 333 15 38 0.055714983 
268 100 8 21 0.055528164 
484 320 19 35 0.055526864 
544 231 15 34 0.055506688 
586 242 11 21 0.05549949 
613 736 15 29 0.05544796 
649 412 14 36 0.05543913 
809 694 7 19 0.055319972 
870 792 14 21 0.05530903 
821 783 8 17 0.05525813 
241 723 78 100 0.055237953 
120 72 6 12 0.055208996 
982 231 17 33 0.055180352 
191 199 11 24 0.05516792 
417 262 13 27 0.055128727 
384 749 15 24 0.05512446 
220 539 12 21 0.055096403 
1005 64 4 18 0.05509104 
333 555 9 16 0.055016045 
1002 135 8 25 0.054915708 
632 583 7 15 0.054770447 
952 566 7 14 0.05462642 
523 302 15 34 0.054535195 
388 509 8 22 0.054386634 
537 392 13 28 0.054377243 
360 548 7 18 0.05434448 
300 229 12 27 0.0543037 
555 710 17 33 0.05422264 
12 468 10 29 0.054130673 
-11 654 152 252 0.054094955 
460 506 9 34 0.054094035 
642 415 13 31 0.053921457 
265 720 16 32 0.053811103 
22 723 16 36 0.05380279 
637 539 13 16 0.053759288 
699 471 11 21 0.053731207 
243 742 10 20 0.05370792 
387 473 6 19 0.053675827 
536 810 41 88 0.053633694 
38 262 18 36 0.05362065 
687 750 13 25 0.05360431 
731 587 10 20 0.053404726 
609 378 15 33 0.053375747 
363 625 9 21 0.05334826 
397 443 8 26 0.053184964 
131 587 8 20 0.053133927 
599 482 10 20 0.053071864 
972 261 11 28 0.053044945 
71 310 17 36 0.05299589 
262 389 24 32 0.052987847 
859 237 9 24 0.05290023 
450 469 9 29 0.052876435 
854 432 13 27 0.052828427 
796 612 7 25 0.05273143 
608 193 16 32 0.05270269 
164 545 13 29 0.052685905 
472 807 40 95 0.052685432 
374 546 9 24 0.05262708 
124 89 13 32 0.05260276 
586 702 13 21 0.052573446 
374 533 9 24 0.052561533 
549 690 17 23 0.052536413 
663 573 11 22 0.05227049 
387 531 9 28 0.052240875 
730 792 13 23 0.05223464 
284 453 9 31 0.052163117 
267 689 14 30 0.052017055 
709 658 5 11 0.05201359 
640 447 9 21 0.05191541 
140 775 15 26 0.051914003 
980 210 7 16 0.05171526 
333 646 11 28 0.051701162 
414 483 8 26 0.05169938 
742 793 13 21 0.051636986 
386 484 7 21 0.051546276 
576 477 9 15 0.05154057 
494 628 5 18 0.05151491 
358 256 11 21 0.05149012 
586 615 154 178 0.051482063 
1016 290 10 24 0.05145832 
711 251 18 30 0.051428717 
347 210 14 27 0.051380035 
213 725 17 29 0.051329635 
359 646 11 30 0.051324584 
498 181 139 223 0.051234093 
649 676 14 20 0.051181152 
529 241 9 22 0.051059995 
436 469 9 29 0.05095919 
808 733 6 16 0.050944075 
570 297 15 38 0.050789967 
957 189 83 114 0.050784517 
345 691 14 26 0.050769392 
201 629 14 37 0.050760295 
420 280 12 23 0.050668035 
536 241 15 33 0.05064673 
3 703 7 23 0.0506355 
0 466 11 32 0.050613634 
440 84 7 20 0.050525997 
823 770 7 17 0.05051424 
898 784 9 17 0.050513025 
118 411 8 16 0.050495215 
309 221 9 18 0.050455835 
991 88 7 22 0.050392553 
438 612 8 21 0.050377093 
669 665 10 15 0.050296277 
63 709 14 33 0.0502912 
250 266 82 100 0.050244983 
488 546 7 23 0.050230615 
611 213 15 27 0.050207224 
373 559 10 26 0.050181475 
90 467 12 28 0.0501634 
569 494 8 25 0.0501227 
508 688 14 27 0.050108492 
885 784 9 17 0.050104477 
286 467 8 30 0.05009695 
237 78 7 13 0.05006466 
191 84 11 23 0.050006557 
527 544 8 27 0.049937334 
414 495 9 30 0.04993103 
720 612 11 22 0.049821217 
102 468 11 27 0.049713124 
258 122 8 26 0.049697276 
434 491 12 39 0.04968041 
1013 226 12 22 0.049677465 
907 95 165 212 0.049517795 
633 343 9 21 0.049505647 
276 323 40 60 0.049494226 
107 456 10 22 0.049450006 
487 224 8 15 0.049410105 
810 719 5 15 0.049387354 
263 99 7 20 0.049307406 
258 136 8 25 0.04924695 
645 476 7 15 0.049213357 
810 655 7 16 0.04919545 
371 111 8 21 0.0491831 
126 441 11 27 0.04912561 
484 231 7 15 0.049123306 
602 211 14 28 0.049101036 
896 766 11 20 0.049083002 
303 101 6 18 0.049051303 
555 520 7 24 0.048943028 
465 706 11 20 0.04884823 
500 264 12 24 0.048750445 
950 101 8 20 0.048718873 
984 750 10 19 0.048714597 
360 562 9 20 0.048710305 
232 776 11 23 0.048688695 
988 109 9 28 0.048675265 
693 722 12 28 0.04866802 
552 506 8 27 0.048639763 
309 110 7 21 0.048613604 
627 725 11 25 0.04851419 
269 495 10 25 0.048485156 
1016 263 11 25 0.048479952 
516 560 9 24 0.048474535 
354 537 6 15 0.048457485 
780 793 15 22 0.04845349 
355 104 5 13 0.048392408 
191 777 13 23 0.048353 
94 449 8 15 0.04835012 
91 459 9 18 0.048318308 
269 228 14 32 0.048218206 
787 211 23 35 0.04811624 
182 535 10 21 0.04809127 
668 731 11 14 0.04806531 
946 316 13 28 0.04799185 
38 585 11 30 0.047982823 
125 523 14 24 0.04798094 
414 225 17 30 0.04795519 
425 468 9 29 0.0478901 
114 574 8 19 0.04782454 
356 360 17 34 0.047807142 
570 241 9 18 0.047747385 
642 459 8 19 0.047739882 
729 626 10 18 0.04773154 
460 480 10 29 0.047721643 
62 312 17 37 0.047673486 
303 252 16 35 0.047666248 
299 217 8 19 0.04763358 
18 131 8 17 0.04761011 
640 618 15 27 0.04759808 
39 110 12 25 0.047540225 
903 589 155 229 0.047522213 
15 770 7 19 0.047516927 
697 566 7 17 0.047469474 
384 285 15 28 0.047407564 
358 120 10 26 0.047388718 
1014 679 10 18 0.04734891 
857 251 10 24 0.0473297 
260 109 8 25 0.047241908 
321 551 11 19 0.047191598 
511 809 40 90 0.04717186 
797 596 7 21 0.04716372 
645 664 11 17 0.047145862 
976 563 11 15 0.047143143 
71 289 17 35 0.047141097 
60 264 14 31 0.047075227 
270 108 8 25 0.046938896 
242 300 15 32 0.046915732 
354 530 5 13 0.046869803 
200 25 11 20 0.04684468 
378 461 5 17 0.04680256 
842 364 15 34 0.046771772 
744 560 11 19 0.046763737 
203 109 11 27 0.04675825 
845 181 9 17 0.04675765 
964 88 8 20 0.046737734 
567 473 9 18 0.046732146 
831 795 14 18 0.046680897 
714 504 15 32 0.04661163 
907 753 10 16 0.046607602 
637 548 12 16 0.04657549 
729 241 15 26 0.04655703 
217 777 12 22 0.046475388 
987 133 9 29 0.0464539 
873 744 8 16 0.046440057 
692 273 15 29 0.046432544 
767 793 14 22 0.046424963 
897 171 14 32 0.046397746 
523 326 13 29 0.046394896 
400 471 7 22 0.04627928 
437 555 9 27 0.046243787 
658 565 8 14 0.046231177 
205 778 12 22 0.046206 
330 232 15 30 0.04618272 
173 684 166 176 0.0461804 
963 98 10 24 0.046070542 
517 247 8 16 0.046033125 
317 726 17 36 0.046013925 
754 373 17 35 0.045998402 
44 389 21 37 0.045987222 
225 565 16 32 0.045948792 
593 460 7 16 0.04594832 
681 727 11 18 0.045935333 
652 302 13 26 0.04592986 
834 784 8 14 0.045877676 
905 160 14 30 0.045811694 
489 136 8 25 0.045784313 
116 778 11 21 0.045725577 
242 187 8 24 0.04565743 
106 551 8 18 0.04565013 
25 582 13 34 0.045549642 
374 713 13 26 0.045462027 
389 613 9 20 0.045385394 
308 775 14 27 0.04537362 
204 733 14 26 0.045352 
380 722 93 83 0.045339122 
296 497 7 20 0.045321375 
412 702 24 31 0.045273677 
979 751 8 17 0.04526018 
593 507 8 24 0.045251593 
489 600 6 20 0.045241844 
140 610 11 26 0.045224518 
42 524 10 21 0.045219813 
824 719 7 16 0.045154434 
920 793 14 20 0.0451235 
603 273 13 31 0.045000006 
220 107 10 28 0.044965606 
232 222 11 32 0.044956554 
284 631 9 12 0.04492527 
27 549 12 28 0.044922233 
509 677 12 19 0.044910524 
805 416 13 30 0.044846393 
153 464 11 31 0.04480801 
352 195 12 17 0.044747785 
214 795 44 111 0.044718347 
379 722 16 30 0.044666644 
85 88 13 18 0.044625197 
112 307 17 25 0.044614747 
115 564 8 17 0.04459789 
450 456 10 26 0.044548742 
503 506 8 27 0.044547856 
400 483 8 24 0.044525277 
958 482 12 29 0.0445108 
324 114 6 18 0.044421494 
1009 736 12 27 0.044368494 
284 510 9 19 0.04428876 
495 297 17 33 0.044286277 
799 732 7 14 0.04426118 
344 723 15 34 0.04420359 
541 517 9 31 0.044178613 
755 793 14 21 0.04416737 
488 510 7 23 0.04415081 
505 574 7 20 0.044119984 
477 124 7 23 0.04395038 
487 303 13 26 0.043946784 
46 410 20 39 0.043945868 
629 711 94 92 0.043918792 
532 230 10 20 0.043897513 
770 147 11 16 0.04388891 
108 584 7 20 0.043783925 
974 87 9 24 0.043726012 
771 239 14 25 0.04370728 
783 781 10 18 0.043638412 
324 501 6 13 0.043636948 
669 717 11 16 0.043600217 
344 646 12 30 0.043558545 
385 583 11 27 0.043555915 
407 245 17 32 0.043532167 
349 123 8 23 0.043520123 
3 772 7 19 0.043508258 
1003 150 6 22 0.043504033 
413 457 8 26 0.043480877 
367 349 13 34 0.04346737 
246 149 8 24 0.043450505 
872 784 10 17 0.04344902 
857 421 11 25 0.043436203 
347 624 9 22 0.043411247 
503 520 8 27 0.043392573 
165 777 14 23 0.04338416 
176 338 14 32 0.04334687 
1004 13 6 18 0.043339446 
668 496 7 17 0.043329272 
400 598 9 21 0.043235727 
179 217 9 18 0.04323519 
239 749 14 26 0.04316592 
868 104 78 82 0.043107163 
188 78 7 16 0.043098684 
256 493 12 30 0.043085605 
930 209 7 14 0.043079086 
347 599 9 20 0.04304037 
135 222 9 15 0.04300229 
592 495 9 23 0.042988196 
184 103 10 24 0.04297923 
362 515 5 14 0.042974226 
347 711 12 25 0.042891692 
352 113 7 19 0.04288177 
713 481 17 27 0.042838182 
863 471 20 35 0.042800643 
325 126 6 20 0.04274906 
705 184 9 15 0.042735912 
699 327 85 85 0.042727243 
275 656 20 34 0.042680968 
366 194 15 20 0.04263044 
43 103 10 17 0.042615533 
791 165 11 20 0.042583562 
481 546 6 22 0.042556416 
569 507 7 23 0.042531423 
60 686 14 28 0.042496733 
224 92 8 16 0.04247255 
152 222 10 14 0.04244174 
910 785 8 16 0.0424157 
616 346 9 22 0.042408105 
717 380 14 29 0.042316668 
465 112 7 22 0.04227575 
456 736 15 30 0.042265467 
376 443 7 23 0.042222008 
77 140 11 21 0.04218787 
133 576 7 16 0.0421836 
770 783 9 17 0.04215162 
664 650 11 17 0.042150907 
116 588 8 17 0.042135507 
887 225 10 28 0.042027887 
645 578 9 18 0.041959364 
256 801 39 101 0.041956045 
106 536 9 20 0.041941922 
764 -140 298 160 0.04176655 
178 278 11 25 0.041662544 
902 267 19 36 0.04157612 
231 119 10 33 0.041523118 
504 604 6 16 0.041502856 
166 454 11 30 0.041484796 
271 123 8 24 0.04145635 
606 228 14 25 0.041454457 
856 794 15 19 0.04143452 
179 778 13 21 0.041403472 
537 492 13 32 0.04134247 
100 139 12 24 0.04132895 
910 97 7 13 0.041308116 
983 561 12 15 0.041306395 
973 119 11 33 0.04129631 
488 589 7 19 0.041293822 
657 478 6 14 0.041282415 
799 722 6 15 0.041258227 
350 444 6 22 0.041257534 
493 613 6 18 0.041231517 
717 363 12 29 0.041210372 
0 261 10 37 0.041143697 
346 611 10 20 0.041117474 
449 158 7 16 0.041109435 
375 512 6 17 0.04110783 
1004 740 8 21 0.04108603 
351 500 5 15 0.041081604 
115 251 16 27 0.041058473 
339 501 5 13 0.041036278 
450 627 7 19 0.041019127 
782 562 11 20 0.040992707 
259 694 11 24 0.04099063 
143 716 12 21 0.040985797 
847 755 11 15 0.040963292 
383 416 11 33 0.040952146 
629 532 10 11 0.040899165 
586 725 17 30 0.040848594 
49 521 12 23 0.040844318 
847 424 11 21 0.040820505 
490 715 83 86 0.040755138 
14 701 9 27 0.040744733 
421 554 12 31 0.040689703 
104 438 8 17 0.040680427 
310 459 8 21 0.04064276 
832 365 13 29 0.040626675 
150 305 77 91 0.04058507 
502 494 9 25 0.0405756 
336 209 9 15 0.040558808 
634 614 8 18 0.040549785 
948 111 10 22 0.04052242 
132 779 12 21 0.04050331 
102 610 9 25 0.04048919 
441 572 8 23 0.040486615 
619 615 7 21 0.040470626 
950 571 8 19 0.04038808 
895 504 11 27 0.0403705 
360 601 9 20 0.040332794 
19 119 6 14 0.040309876 
921 452 12 34 0.04030722 
949 784 9 15 0.04028373 
441 77 6 15 0.040250704 
948 355 15 41 0.040244482 
357 726 13 29 0.040223528 
729 518 185 213 0.040212523 
120 14 6 12 0.040210184 
723 694 7 16 0.04020653 
401 647 10 28 0.040165544 
192 509 10 23 0.04014271 
6 376 70 99 0.040136997 
962 395 14 36 0.04012104 
601 748 16 25 0.040116835 
831 731 11 17 0.040115133 
629 354 11 24 0.040103134 
910 453 12 32 0.040072847 
951 89 7 18 0.040070005 
870 240 9 20 0.04006511 
477 680 10 19 0.040059004 
323 529 7 13 0.04005735 
3 688 7 23 0.040024348 
686 304 18 33 0.040023718 
48 360 16 33 0.0400233 
502 136 8 25 0.03999689 
234 161 7 26 0.03998179 
369 238 74 93 0.039964274 
801 401 14 32 0.039915927 
93 142 10 19 0.039897628 
727 637 11 21 0.039848372 
461 454 11 28 0.0398175 
522 467 18 29 0.039775733 
58 333 18 40 0.03973561 
65 93 19 29 0.03971186 
396 297 19 37 0.03968365 
936 784 8 15 0.039653506 
293 369 18 40 0.039602444 
363 97 6 11 0.03959543 
269 755 14 32 0.0395478 
753 561 10 17 0.039545838 
452 113 7 22 0.039544474 
479 510 7 24 0.039535988 
602 497 9 20 0.039520115 
101 491 12 29 0.03947043 
845 191 10 19 0.039468147 
484 437 13 30 0.039432317 
894 221 14 39 0.039389983 
594 520 7 23 0.039380103 
810 667 7 15 0.039354682 
885 767 9 18 0.03935357 
204 465 13 33 0.03934669 
9 262 70 95 0.03934061 
775 203 24 35 0.039305184 
400 101 7 19 0.039300315 
14 780 8 23 0.03928746 
846 236 10 27 0.039285205 
932 792 14 21 0.039259933 
711 284 17 36 0.03924685 
727 596 15 31 0.03923625 
721 179 9 18 0.03923296 
450 586 7 20 0.03923263 
192 17 11 13 0.039204866 
370 265 13 23 0.03920384 
280 436 11 36 0.03916181 
196 632 11 32 0.039125 
908 535 9 21 0.03910359 
622 531 7 12 0.039095648 
1016 198 7 15 0.03908857 
270 510 9 19 0.03903524 
171 219 8 14 0.03898862 
321 261 13 28 0.03898145 
918 125 12 24 0.038968954 
119 598 8 22 0.038892448 
157 537 8 18 0.038883142 
726 379 15 32 0.038872596 
720 703 10 23 0.038867887 
678 91 171 136 0.038863126 
694 183 10 18 0.038809337 
118 400 7 14 0.03878503 
374 613 8 17 0.03877461 
352 515 5 13 0.038761254 
489 497 7 20 0.038726885 
218 222 11 32 0.038718235 
284 112 8 22 0.03870093 
855 362 14 33 0.038687132 
16 -13 8 17 0.038647838 
845 795 14 18 0.038647555 
804 436 14 36 0.038634162 
397 428 9 27 0.038631182 
963 122 11 27 0.03859981 
357 779 12 21 0.038588013 
857 767 12 20 0.038577814 
887 755 7 14 0.03855979 
642 602 11 21 0.038552776 
126 271 18 33 0.038520854 
627 795 12 18 0.038511693 
1016 161 9 25 0.03849065 
232 16 8 16 0.038470887 
1 609 9 25 0.0384578 
727 701 12 24 0.038436648 
528 137 7 23 0.03843169 
584 261 15 29 0.038413037 
900 270 69 114 0.03840263 
42 44 9 23 0.038388938 
632 448 8 18 0.038375907 
272 526 11 20 0.03836199 
448 86 7 19 0.038360987 
387 599 9 20 0.03835449 
342 222 13 29 0.038326472 
567 232 9 18 0.038315523 
222 529 7 13 0.038272485 
509 337 14 31 0.038272258 
335 444 8 24 0.038264025 
374 584 10 26 0.03822353 
1016 63 7 23 0.038175527 
204 187 11 28 0.038169984 
159 61 8 20 0.038152568 
63 520 12 22 0.038135454 
167 724 11 27 0.038125448 
105 779 9 20 0.038114645 
22 391 20 37 0.038099784 
684 174 84 90 0.038093336 
635 684 20 31 0.038071502 
924 754 9 15 0.038067907 
14 721 11 32 0.03802378 
14 239 12 27 0.037950225 
515 137 8 24 0.037936535 
335 625 9 19 0.037936304 
514 470 12 24 0.0379317 
718 792 13 22 0.037926495 
950 304 10 24 0.037921514 
843 384 14 36 0.037896056 
991 198 8 14 0.03789135 
139 586 9 22 0.037878636 
310 725 13 28 0.037864015 
872 267 11 24 0.03785307 
362 613 8 18 0.037841734 
896 520 11 23 0.037833333 
566 219 9 16 0.03781912 
385 777 12 21 0.037818793 
237 70 7 14 0.03780965 
191 225 12 26 0.037806883 
315 596 15 23 0.037803315 
523 264 11 25 0.037803072 
260 63 7 19 0.037791383 
941 669 48 94 0.037770547 
489 485 7 19 0.03776551 
665 291 15 29 0.03776143 
859 782 10 17 0.037753224 
729 649 9 20 0.037734795 
258 510 10 20 0.037728276 
896 628 7 16 0.03771592 
649 751 22 35 0.03771486 
361 429 9 25 0.03767785 
975 254 9 21 0.03767123 
793 380 12 26 0.037659068 
441 174 8 21 0.037656836 
521 275 13 30 0.037645947 
2 160 10 27 0.037624188 
1016 12 8 21 0.037619907 
410 441 11 29 0.037615333 
1014 689 11 22 0.03761368 
449 613 7 18 0.037585497 
860 743 12 17 0.03758391 
63 289 15 31 0.037549183 
793 436 13 35 0.0375161 
310 471 8 21 0.037487853 
373 746 13 27 0.03747886 
384 646 10 29 0.03747122 
162 255 13 24 0.03746987 
232 197 9 27 0.03746922 
191 750 12 24 0.037442937 
244 224 10 29 0.037419602 
626 807 14 22 0.037416533 
99 32 10 24 0.037409462 
145 433 9 18 0.03740928 
782 268 16 26 0.037379473 
589 695 10 16 0.03737395 
438 95 8 23 0.037365135 
205 249 11 28 0.03735457 
834 434 12 24 0.03734357 
23 522 12 25 0.03733245 
94 537 8 19 0.03732109 
413 380 13 27 0.037308574 
131 562 9 18 0.03729097 
862 137 9 22 0.03728173 
729 677 8 18 0.03726235 
12 389 15 33 0.03725285 
506 730 16 39 0.037204623 
248 35 8 21 0.03716991 
857 752 12 18 0.037141494 
300 112 7 20 0.037136212 
400 518 10 28 0.037124824 
310 93 6 16 0.03709786 
559 405 20 34 0.03709754 
505 559 7 24 0.037035245 
335 431 9 24 0.03702533 
906 365 13 35 0.037018143 
346 561 9 18 0.03700471 
2 719 10 31 0.036982488 
313 500 6 15 0.036980126 
731 765 10 24 0.03697555 
337 616 7 16 0.036972325 
467 575 6 20 0.036915947 
423 440 11 32 0.036887676 
231 730 11 19 0.036886945 
349 433 7 21 0.03688006 
102 789 13 26 0.036862805 
144 708 9 18 0.036834523 
821 703 8 21 0.036816344 
337 126 6 19 0.036790613 
232 513 9 18 0.036786705 
819 442 13 30 0.036774557 
157 548 9 22 0.036763314 
515 584 9 24 0.03675869 
307 548 14 21 0.03675295 
925 785 8 14 0.03674885 
565 273 15 24 0.03671846 
231 526 9 16 0.03666326 
589 792 13 21 0.036655623 
478 138 7 22 0.036609504 
104 249 16 31 0.036606267 
733 783 8 19 0.036601443 
385 556 11 27 0.036587507 
175 601 19 42 0.036583662 
985 412 15 35 0.036530323 
920 160 12 29 0.036504038 
510 313 14 28 0.036478896 
192 252 10 24 0.03641818 
1003 162 7 22 0.036404163 
897 615 7 17 0.036397982 
118 524 11 22 0.036388014 
444 159 5 13 0.0363661 
205 715 12 21 0.036339883 
601 705 11 18 0.036328334 
204 210 12 30 0.03631557 
324 543 7 12 0.036291067 
320 440 11 28 0.036281984 
874 752 8 16 0.036249265 
422 624 10 23 0.036227033 
792 412 15 32 0.036222335 
321 700 15 24 0.036185414 
121 612 9 21 0.03617655 
933 465 13 33 0.036169015 
601 510 8 20 0.036163677 
220 186 10 28 0.036111634 
348 137 8 24 0.036083717 
1005 52 4 18 0.03606336 
290 738 14 30 0.036049444 
588 805 14 25 0.036036987 
323 489 6 15 0.036035262 
1004 3 6 15 0.036014196 
680 720 9 14 0.036005102 
110 160 14 30 0.035995647 
636 643 6 14 0.035993986 
423 324 13 29 0.035992187 
859 192 8 18 0.035981752 
949 768 9 17 0.035945207 
937 769 8 16 0.0359005 
120 243 11 20 0.035893455 
724 212 16 31 0.035801657 
242 96 11 25 0.035767563 
373 658 10 28 0.035743527 
323 102 6 17 0.035725303 
189 557 15 35 0.035690937 
541 534 8 27 0.035683982 
383 661 11 28 0.03567157 
424 599 9 22 0.035656862 
871 416 11 28 0.035641883 
697 464 10 19 0.035614055 
177 225 12 24 0.03561187 
106 596 8 23 0.035607435 
670 630 8 13 0.035594076 
374 601 9 19 0.035561632 
338 529 5 13 0.03555012 
649 334 18 35 0.03554116 
450 98 7 21 0.03551995 
541 693 12 19 0.035509612 
963 784 8 16 0.035505757 
826 730 8 19 0.035503473 
289 339 20 31 0.035503045 
476 472 9 21 0.03550187 
410 659 11 24 0.035481095 
908 768 10 18 0.035480503 
472 733 13 28 0.035462197 
59 398 17 38 0.03544524 
724 208 85 91 0.03544239 
218 118 10 34 0.035433628 
613 806 14 23 0.035422735 
163 239 13 25 0.03541433 
715 338 14 34 0.03540993 
136 271 20 31 0.03537358 
141 576 8 17 0.035321135 
615 794 12 19 0.03529853 
696 616 7 14 0.035287254 
847 784 10 14 0.03527764 
753 210 17 27 0.035262037 
90 789 12 26 0.035254527 
659 555 7 12 0.03524317 
793 562 11 24 0.035241604 
705 451 12 22 0.035227638 
910 495 11 26 0.03522137 
909 427 11 33 0.035211183 
112 459 15 36 0.035208974 
362 444 6 21 0.03519017 
51 99 13 22 0.035181705 
350 553 6 14 0.035173975 
117 547 9 21 0.03516622 
906 184 11 28 0.035147455 
465 125 7 21 0.035146877 
931 244 14 35 0.03514404 
601 806 14 23 0.03514334 
924 770 9 15 0.035113033 
403 292 76 81 0.035087846 
337 515 6 13 0.035086416 
126 462 14 36 0.03507649 
360 137 9 24 0.035068717 
472 776 14 27 0.03503433 
476 112 8 23 0.03501393 
207 70 7 14 0.035007726 
683 212 13 26 0.03499223 
114 291 16 29 0.034976643 
17 63 6 22 0.034960918 
669 542 6 10 0.034949254 
961 147 11 29 0.034911416 
706 793 12 20 0.03490863 
23 509 11 22 0.034894906 
679 640 10 15 0.034890916 
889 617 6 13 0.034869373 
275 386 21 35 0.034867086 
336 542 6 11 0.034866717 
140 525 12 20 0.034857396 
905 95 6 13 0.03483864 
246 164 7 21 0.03479327 
689 736 13 26 0.034779612 
623 538 8 13 0.03477774 
374 125 8 21 0.03477441 
138 30 10 25 0.03476584 
478 496 7 22 0.034763012 
234 302 12 26 0.034749642 
832 718 11 18 0.034744345 
478 484 7 20 0.03473967 
14 451 11 30 0.034714546 
534 404 18 39 0.034694873 
437 533 10 28 0.03468962 
669 449 8 17 0.034611024 
729 692 9 20 0.03459628 
541 138 7 21 0.034582295 
667 478 7 16 0.03457708 
51 512 11 20 0.034573786 
500 458 10 21 0.03455636 
259 150 8 22 0.034548886 
245 511 10 19 0.03454342 
286 101 7 19 0.03454211 
346 401 11 30 0.034533445 
477 279 13 26 0.034527864 
641 678 13 19 0.03449365 
489 473 8 19 0.034492765 
476 437 12 31 0.034490783 
34 17 6 11 0.03448353 
897 429 11 31 0.034483027 
465 560 7 20 0.03448024 
399 112 8 21 0.034469645 
450 200 9 24 0.034453426 
611 153 12 22 0.03444814 
781 390 12 27 0.034421727 
816 429 13 29 0.03439928 
158 302 22 33 0.03439156 
323 474 7 18 0.03437802 
36 543 15 35 0.03436454 
330 375 15 32 0.034359053 
207 555 13 30 0.03435456 
89 177 16 36 0.034314133 
863 91 6 15 0.03431301 
395 775 13 24 0.034300163 
669 126 7 20 0.034284078 
683 451 7 16 0.034259647 
383 677 11 23 0.034258813 
992 76 6 18 0.034244403 
934 228 15 37 0.034242447 
190 291 12 27 0.034229357 
359 585 10 23 0.034188867 
524 761 12 29 0.034170732 
413 613 8 19 0.034160305 
406 751 21 35 0.034159757 
683 659 8 11 0.0341528 
671 533 4 9 0.034150638 
745 785 7 16 0.034143753 
459 790 15 25 0.034127466 
499 443 10 24 0.034125738 
429 300 15 32 0.03411134 
538 791 12 23 0.034087863 
550 791 12 23 0.0340759 
731 663 8 20 0.034059472 
18 105 6 16 0.034044918 
855 387 13 33 0.034020346 
413 127 8 20 0.033962592 
151 752 12 23 0.033962484 
112 131 14 28 0.033962235 
617 624 6 21 0.03395473 
982 285 12 32 0.03395359 
505 588 6 17 0.033939622 
15 36 6 19 0.033925775 
356 677 11 23 0.033924375 
577 792 12 22 0.033915333 
548 400 19 33 0.03389395 
860 313 13 30 0.033893052 
624 215 12 25 0.033877913 
44 556 170 274 0.033872176 
602 794 13 19 0.03387023 
308 542 10 14 0.033864208 
890 629 6 14 0.033856824 
205 86 9 19 0.0338558 
311 127 7 19 0.033834495 
311 487 7 18 0.03381398 
398 195 11 18 0.033806346 
17 90 6 18 0.03379385 
965 76 7 19 0.033784866 
16 212 10 24 0.033781014 
60 257 81 99 0.03376793 
399 126 8 21 0.03375452 
383 688 13 24 0.03372437 
142 464 13 32 0.033691805 
768 652 12 22 0.033687405 
194 741 10 21 0.033650078 
130 703 10 23 0.033629827 
973 145 11 32 0.03360874 
696 714 10 21 0.03359863 
165 229 12 22 0.033551317 
694 449 9 18 0.033534486 
319 37 9 15 0.0335325 
437 601 9 20 0.03350732 
90 700 12 30 0.03350519 
502 150 8 24 0.033488516 
555 139 6 19 0.033486787 
976 76 7 19 0.03347555 
769 575 9 18 0.033455614 
948 123 10 25 0.0334444 
184 206 9 17 0.033439763 
840 209 15 37 0.03341596 
834 771 8 15 0.033384364 
614 299 12 30 0.033384338 
533 466 16 28 0.033379108 
258 740 11 22 0.033375647 
185 88 8 19 0.03337089 
363 205 20 34 0.033363227 
988 161 8 25 0.033358205 
932 222 76 147 0.033344936 
872 253 9 22 0.033321813 
947 453 11 29 0.033315226 
381 702 14 29 0.033311926 
139 94 13 29 0.03331174 
244 728 8 18 0.033294696 
732 447 12 24 0.03325696 
440 586 7 20 0.03322948 
690 287 16 32 0.033228997 
525 790 12 24 0.033224877 
911 479 11 27 0.033219427 
702 375 13 28 0.033211064 
910 519 9 24 0.033178806 
514 149 9 25 0.03317511 
682 461 8 17 0.03316601 
604 204 134 175 0.03315667 
475 456 10 23 0.03312642 
1017 306 9 22 0.033124365 
788 599 6 16 0.0331217 
344 776 13 26 0.03311441 
336 138 8 22 0.033106454 
204 750 13 23 0.033093024 
262 227 11 23 0.03308906 
220 579 13 29 0.03308673 
178 302 14 27 0.033085965 
479 577 6 18 0.033085708 
665 307 17 26 0.033073515 
886 119 9 16 0.03307168 
481 588 6 18 0.033065576 
784 554 8 14 0.033028748 
450 636 8 23 0.03301762 
733 461 15 23 0.03300062 
298 445 7 23 0.032996096 
219 512 9 19 0.03297587 
167 350 13 26 0.032972325 
92 548 9 22 0.032966465 
336 458 7 22 0.032951243 
939 318 10 23 0.0329507 
698 681 5 12 0.03292999 
190 595 14 34 0.03290605 
720 783 9 18 0.03290191 
489 150 8 23 0.032886904 
91 492 12 27 0.032851633 
438 203 8 20 0.032849636 
130 410 9 16 0.032842435 
408 361 14 32 0.032842267 
5 144 7 17 0.0328015 
412 599 9 22 0.032797176 
543 548 6 22 0.03279213 
862 291 12 24 0.032786958 
451 720 10 16 0.032783348 
285 125 8 21 0.032768928 
869 389 13 31 0.03275815 
898 715 9 21 0.032740492 
322 457 8 23 0.032737713 
761 381 18 37 0.03272072 
569 522 6 21 0.03270842 
860 203 9 19 0.032707375 
488 457 10 22 0.032700952 
563 791 12 23 0.032699134 
435 511 12 37 0.032678235 
968 349 17 37 0.03263563 
770 564 10 16 0.032622874 
962 563 8 15 0.032612886 
245 199 8 24 0.03259322 
347 589 8 18 0.0325891 
114 788 13 26 0.032584045 
433 726 16 25 0.032571364 
897 589 7 18 0.032561366 
717 449 13 23 0.03256068 
320 316 28 51 0.032557197 
3 415 14 33 0.03255565 
917 114 11 21 0.03255226 
459 778 14 24 0.03255118 
19 630 16 41 0.03254716 
1000 781 8 21 0.03252098 
180 496 12 27 0.032517597 
180 544 12 26 0.03251003 
472 412 16 40 0.03248806 
336 416 8 24 0.03248628 
811 643 7 17 0.032480277 
910 747 8 15 0.032473948 
484 338 14 32 0.03245835 
938 76 8 16 0.032445535 
1002 320 9 23 0.03239377 
835 113 8 19 0.03238933 
704 766 11 22 0.032383572 
696 555 6 12 0.032377016 
410 679 15 23 0.03237653 
791 267 20 28 0.03237078 
246 313 15 32 0.032364737 
793 97 157 197 0.03235753 
319 415 12 30 0.032342236 
525 685 76 89 0.032331187 
420 647 11 28 0.03232697 
189 337 16 36 0.03232458 
980 747 6 12 0.032312207 
527 520 11 31 0.032311603 
122 231 10 19 0.03228933 
269 541 14 27 0.032275632 
847 251 10 25 0.032270472 
651 807 15 22 0.032268707 
486 774 12 27 0.03226673 
442 757 18 31 0.032258984 
111 71 6 10 0.03224862 
439 114 7 20 0.03222841 
350 460 6 19 0.032225706 
682 127 7 18 0.032221302 
1007 718 14 33 0.032203242 
13 791 10 33 0.03220255 
941 797 72 109 0.0321816 
482 601 6 17 0.032168906 
593 453 7 14 0.032145973 
924 743 10 18 0.03214127 
149 785 50 122 0.032132134 
640 807 14 21 0.03212896 
640 533 9 11 0.032126117 
764 265 16 29 0.032125827 
1002 180 8 19 0.032102548 
811 680 6 16 0.032102447 
324 516 6 12 0.032097187 
656 125 8 21 0.03209463 
869 192 9 19 0.03208816 
198 70 6 14 0.03208607 
26 497 10 24 0.032077692 
515 600 8 19 0.03207599 
337 115 7 17 0.03207505 
869 203 9 21 0.032069463 
987 701 12 29 0.0320629 
726 488 17 33 0.032058418 
323 138 8 21 0.032050326 
54 676 11 22 0.03203759 
1001 696 9 16 0.032026816 
971 408 16 36 0.032010127 
373 779 10 19 0.032000117 
383 311 14 31 0.031998858 
979 386 19 39 0.031977423 
708 128 7 17 0.031959876 
371 703 12 26 0.03194644 
252 397 22 30 0.031926513 
410 553 13 34 0.031921674 
448 691 11 17 0.031914655 
982 260 12 29 0.031890728 
887 563 8 17 0.03188506 
465 140 7 19 0.03187958 
284 184 7 15 0.0318782 
359 402 12 30 0.03186112 
116 631 14 31 0.031853095 
426 126 7 20 0.03184686 
753 240 15 26 0.03184604 
91 776 10 24 0.03184601 
527 149 8 24 0.031822562 
900 114 15 25 0.031819455 
680 762 13 24 0.031792402 
26 147 15 27 0.03179137 
782 641 8 18 0.03178788 
347 677 11 23 0.031787563 
105 118 13 30 0.031762663 
232 315 12 26 0.031761166 
49 582 13 34 0.031753916 
936 326 13 32 0.031734493 
568 127 6 18 0.031694304 
634 604 6 15 0.03169291 
106 527 9 18 0.031692185 
141 561 9 19 0.031691164 
31 117 8 16 0.031677376 
378 474 5 16 0.031662744 
293 763 13 27 0.031647544 
206 610 11 27 0.031645387 
498 804 14 27 0.031637806 
695 128 7 17 0.03163451 
835 101 8 18 0.031606704 
356 762 13 27 0.03159874 
964 215 8 20 0.031595383 
695 139 8 19 0.03158255 
858 264 12 26 0.031581003 
351 488 5 16 0.03157552 
18 25 5 15 0.031568434 
35 220 16 32 0.03156351 
1015 322 10 22 0.031542964 
94 610 9 26 0.031533144 
539 297 71 96 0.03151335 
822 100 8 20 0.031495396 
486 790 12 24 0.03148827 
548 716 93 92 0.03146141 
76 789 13 26 0.031456575 
445 775 15 25 0.03143806 
428 166 7 17 0.031432938 
127 106 12 29 0.03141631 
503 670 8 15 0.0314139 
272 138 8 22 0.031401437 
282 771 11 28 0.031399757 
849 90 6 16 0.03139858 
66 647 10 30 0.031396847 
922 477 12 31 0.03138749 
296 513 7 16 0.03137196 
208 538 8 17 0.031368233 
824 759 6 12 0.03135742 
401 724 14 25 0.031355307 
707 140 8 19 0.031349465 
868 430 12 27 0.031312488 
426 611 9 21 0.031308264 
257 44 9 24 0.03127492 
356 790 15 25 0.03126649 
247 47 8 22 0.031265967 
306 415 13 30 0.03126255 
180 525 10 21 0.03125705 
641 639 12 19 0.031249974 
47 136 17 29 0.031249939 
992 66 5 16 0.031240499 
57 358 18 36 0.031239972 
339 489 6 14 0.03122299 
694 232 16 32 0.031219926 
513 460 11 22 0.031218247 
954 557 6 12 0.03120877 
906 386 13 35 0.031206252 
646 484 7 17 0.031201985 
576 778 12 23 0.031193078 
398 543 12 31 0.03118113 
218 249 10 28 0.031175226 
616 144 8 18 0.031161891 
872 769 10 18 0.031150118 
669 138 8 21 0.03112406 
75 265 12 26 0.031122558 
177 238 13 26 0.031100696 
145 421 9 19 0.031065948 
810 541 10 16 0.031062707 
933 682 15 35 0.031062054 
527 398 17 37 0.03105967 
733 102 7 18 0.031057375 
974 538 10 18 0.031045139 
729 751 10 25 0.031038359 
97 572 7 19 0.031036174 
936 752 9 17 0.031018738 
326 209 8 14 0.031015389 
633 459 7 17 0.031009711 
347 574 8 20 0.031005386 
412 113 8 21 0.030998137 
468 629 5 16 0.030987296 
710 615 7 15 0.030986996 
261 76 7 17 0.030984527 
321 648 11 24 0.030982172 
53 779 9 19 0.03090519 
884 276 13 29 0.03089969 
660 498 5 16 0.030841358 
242 477 12 32 0.030834535 
35 723 13 30 0.03082726 
696 659 7 11 0.030820299 
268 772 12 28 0.030818945 
961 226 11 23 0.030817775 
742 548 15 24 0.0308117 
632 680 11 17 0.030798456 
794 552 10 18 0.030787561 
358 744 13 30 0.030785676 
182 740 9 23 0.030776897 
191 264 11 23 0.030759891 
56 711 10 25 0.030745996 
132 400 7 14 0.03074263 
293 163 10 19 0.030733733 
399 137 9 23 0.03073055 
17 75 7 21 0.030699544 
883 414 11 30 0.030685049 
968 332 68 104 0.030684238 
166 59 8 22 0.03066575 
645 316 11 27 0.03064669 
947 791 13 21 0.03063982 
16 48 6 22 0.030637989 
682 138 8 20 0.030626213 
576 805 14 25 0.030615589 
86 96 15 27 0.03060878 
947 147 11 28 0.030593859 
853 547 16 23 0.030588116 
758 785 9 16 0.030573994 
466 638 7 20 0.030572863 
738 447 15 28 0.030535292 
513 520 9 27 0.03052894 
611 758 16 28 0.030499538 
262 91 7 17 0.030490799 
397 206 12 18 0.030476416 
482 410 17 42 0.030464636 
330 283 18 35 0.030464549 
963 769 8 16 0.030461498 
436 442 9 28 0.030460682 
451 125 7 21 0.030450756 
309 442 10 24 0.030407809 
706 783 10 17 0.03038029 
222 752 9 18 0.030352013 
822 689 9 23 0.030351233 
270 91 7 19 0.030340435 
668 679 10 15 0.030326338 
920 327 13 27 0.030322766 
15 226 11 26 0.030302763 
630 331 11 24 0.030282555 
792 365 13 28 0.03027182 
747 130 9 17 0.030244859 
2 -31 8 25 0.030244537 
155 483 9 22 0.03023238 
77 255 10 21 0.030204963 
209 430 11 30 0.030202873 
66 778 9 20 0.03016748 
374 137 9 23 0.03015335 
93 524 8 18 0.030099612 
978 497 8 18 0.030099062 
179 429 11 28 0.030091316 
298 127 7 19 0.030084707 
217 428 11 35 0.03008265 
771 554 8 13 0.03007024 
45 221 18 34 0.030060988 
292 712 13 27 0.030057253 
870 321 15 36 0.03005478 
388 126 8 20 0.030054348 
605 664 7 18 0.030048622 
74 646 12 30 0.030045377 
303 362 15 37 0.030008871 
577 733 14 34 0.03000396 
848 102 7 17 0.029995734 
423 532 11 27 0.029980011 
52 633 9 29 0.02997486 
337 600 7 16 0.029963978 
780 654 10 19 0.02995377 
732 578 9 17 0.029928142 
822 525 12 15 0.02992115 
685 531 5 10 0.029913962 
970 321 15 33 0.029909452 
986 762 10 23 0.029896997 
574 709 15 27 0.029885022 
19 18 5 11 0.029884117 
143 412 8 16 0.029872695 
457 759 17 31 0.02986729 
1002 566 7 11 0.02985392 
907 550 8 19 0.029836332 
487 262 13 28 0.029819844 
130 727 12 24 0.029814804 
511 489 13 32 0.029810637 
472 749 14 28 0.0297943 
259 676 11 26 0.029784488 
478 152 7 20 0.02977686 
756 130 11 19 0.02974401 
751 521 13 24 0.029733544 
712 642 6 14 0.029729221 
64 663 11 27 0.029724289 
532 301 14 31 0.029701084 
384 217 19 27 0.02968864 
471 802 15 30 0.029678991 
29 63 7 21 0.029678883 
745 101 8 19 0.02964876 
389 115 7 18 0.029632151 
814 801 20 28 0.029628517 
837 757 8 12 0.02961553 
242 275 14 34 0.029605286 
525 692 12 21 0.02960089 
720 764 10 23 0.029600233 
541 150 7 21 0.029597823 
860 215 9 22 0.0295977 
861 149 9 22 0.029568858 
772 793 56 115 0.029556429 
142 750 12 24 0.029554773 
679 486 8 17 0.029546311 
654 461 8 17 0.029521257 
485 803 14 28 0.029518234 
757 575 8 17 0.029509144 
562 776 13 25 0.02949458 
1001 642 8 18 0.029488057 
883 122 18 33 0.02948396 
463 690 10 17 0.029471535 
562 805 14 26 0.029464992 
693 793 12 20 0.02945855 
691 778 11 19 0.029442683 
896 637 8 18 0.029440796 
315 37 7 14 0.029420333 
490 715 15 34 0.029409027 
743 651 11 23 0.029405173 
904 80 6 14 0.029395185 
537 775 12 27 0.029384486 
368 202 34 56 0.02936129 
311 528 8 13 0.029350067 
299 714 89 101 0.029346345 
896 399 12 33 0.029334744 
155 600 11 25 0.02932572 
264 206 8 17 0.029324384 
168 485 9 22 0.029308254 
619 515 7 14 0.029284557 
375 500 6 17 0.029281693 
936 148 11 25 0.029264225 
205 493 11 26 0.029231975 
539 369 13 28 0.029230298 
549 805 14 26 0.029221574 
555 127 6 18 0.029212743 
439 126 7 20 0.029205875 
206 704 8 17 0.029197074 
363 461 6 18 0.029186675 
349 257 11 20 0.02917883 
288 648 18 24 0.02917715 
937 306 10 23 0.029159255 
516 613 7 18 0.029150246 
643 566 9 15 0.029149909 
501 472 10 21 0.029149381 
356 96 4 11 0.029141001 
976 764 9 20 0.029139532 
374 678 10 21 0.029129205 
487 328 31 76 0.029124027 
526 679 10 15 0.029108662 
591 211 13 25 0.02910637 
879 119 6 14 0.029101681 
177 556 16 37 0.029095784 
671 265 11 23 0.029078275 
369 388 13 34 0.02905369 
980 309 15 36 0.029052844 
449 214 10 22 0.029051999 
357 182 13 19 0.029044447 
579 521 7 22 0.02903957 
38 460 14 41 0.029020954 
803 379 13 28 0.029003786 
65 182 138 170 0.028997233 
450 704 10 18 0.028983945 
886 747 7 14 0.028973171 
878 800 20 29 0.028971488 
466 588 6 18 0.028959865 
641 744 16 22 0.028935563 
557 564 5 17 0.028928958 
576 217 10 20 0.028922103 
142 513 10 19 0.02891364 
545 562 5 18 0.028900165 
870 300 16 33 0.028870186 
431 290 12 25 0.028856339 
258 252 11 24 0.028854895 
933 739 12 23 0.028846297 
447 77 8 14 0.028842745 
1001 628 8 18 0.028840331 
798 623 7 22 0.028836386 
451 601 7 19 0.028820291 
383 790 14 24 0.02880503 
264 217 9 17 0.028791934 
465 154 7 18 0.028786564 
633 476 6 14 0.02877088 
272 468 9 29 0.028758418 
208 509 9 20 0.028757062 
848 115 8 18 0.028750194 
848 766 11 18 0.028718412 
426 114 7 21 0.02869639 
1017 2 7 18 0.028692152 
987 782 9 20 0.028654337 
833 697 13 25 0.028648898 
799 641 7 17 0.028647177 
701 310 17 34 0.028636469 
168 755 10 19 0.028636273 
43 6 6 11 0.028633554 
635 656 7 13 0.028627578 
722 165 9 20 0.028617576 
180 752 12 23 0.028600004 
710 629 7 15 0.028594442 
828 520 16 20 0.028578473 
777 249 16 26 0.028565874 
434 774 14 26 0.02856219 
572 412 16 27 0.028558588 
218 265 10 25 0.028554982 
134 18 6 12 0.028544946 
483 223 6 14 0.028540889 
104 291 15 28 0.028537903 
77 523 10 19 0.028526373 
129 163 11 24 0.02849339 
157 585 9 23 0.028486948 
44 513 8 17 0.028483326 
950 441 10 27 0.028473405 
988 654 9 18 0.028471341 
921 105 8 16 0.02845824 
446 789 15 26 0.02845106 
319 388 13 31 0.02843363 
707 518 9 24 0.028422026 
116 726 11 26 0.028410148 
870 214 9 22 0.0284071 
923 675 10 26 0.028403668 
451 142 7 17 0.02836665 
921 246 15 40 0.028364759 
568 140 6 18 0.028364548 
373 251 12 23 0.028343385 
798 217 24 36 0.028330682 
862 128 7 18 0.028311322 
757 115 10 21 0.028291762 
720 115 7 18 0.028282119 
833 744 10 13 0.028280424 
0 385 12 33 0.028249197 
949 469 10 25 0.028226443 
707 605 7 14 0.028219262 
712 307 18 40 0.02820782 
2 635 11 31 0.028205287 
156 75 8 20 0.028201405 
157 527 9 17 0.02818126 
681 564 8 16 0.028180601 
704 432 10 22 0.028173856 
544 578 5 16 0.028150735 
809 100 9 21 0.028147912 
1005 25 5 19 0.028135203 
68 619 10 28 0.028119376 
23 233 17 34 0.028117614 
362 501 6 15 0.028116727 
904 801 19 29 0.028116196 
75 238 12 25 0.028076846 
90 511 11 22 0.028049247 
785 768 8 18 0.028040146 
580 127 7 18 0.028036743 
12 277 13 32 0.028028037 
386 136 10 24 0.0280093 
753 550 11 19 0.027990118 
590 780 10 21 0.027971406 
436 413 16 32 0.027964983 
360 771 234 122 0.027963381 
624 197 13 28 0.027961558 
410 425 11 30 0.027953684 
682 476 8 16 0.027951969 
97 439 7 14 0.027950177 
307 747 13 28 0.02794721 
331 801 15 30 0.027941562 
103 511 11 24 0.027937923 
700 716 14 34 0.027921777 
990 628 7 19 0.02791512 
665 807 13 21 0.027908413 
207 291 11 23 0.027905265 
218 278 11 25 0.027903335 
333 575 10 20 0.027897988 
565 310 14 35 0.027892025 
628 779 10 20 0.02787285 
641 794 12 19 0.027853228 
191 277 11 25 0.02784506 
517 627 6 17 0.027845029 
202 347 15 35 0.027839294 
963 177 8 21 0.027832706 
804 566 15 33 0.027821971 
236 657 77 118 0.027820706 
913 663 9 21 0.027820691 
746 115 9 21 0.027811244 
727 309 16 36 0.02780647 
193 41 13 25 0.027802255 
1016 23 7 24 0.027795192 
270 75 8 19 0.027791264 
229 787 14 27 0.027788203 
408 585 12 26 0.027786508 
566 287 13 27 0.02777302 
644 126 8 20 0.027770344 
1002 555 7 14 0.027764823 
328 643 160 145 0.027759375 
117 701 10 25 0.02775047 
33 7 5 11 0.027737968 
72 334 16 34 0.027730374 
681 497 7 16 0.027727604 
488 750 12 27 0.027712643 
491 576 6 18 0.027708063 
272 62 7 22 0.027705789 
165 395 11 23 0.027705604 
836 125 8 19 0.02770112 
65 791 11 24 0.027699525 
527 559 7 24 0.027678464 
911 80 7 14 0.027678166 
272 437 10 35 0.027658047 
275 38 5 15 0.027653227 
216 768 207 129 0.027647845 
826 534 18 24 0.027634878 
953 481 9 25 0.027632374 
412 100 7 21 0.027629213 
413 138 8 20 0.027626364 
536 805 15 26 0.027625406 
961 574 10 17 0.027624091 
899 198 11 28 0.027615933 
77 621 10 25 0.027613146 
143 400 7 13 0.02760744 
811 171 8 14 0.027598966 
317 797 16 33 0.027594637 
303 382 16 36 0.027582629 
584 823 20 41 0.027574738 
665 413 12 32 0.02757009 
216 492 13 29 0.027559545 
370 791 15 23 0.027539913 
191 313 13 32 0.02753592 
433 278 11 23 0.027520048 
952 75 7 19 0.02750822 
398 357 15 37 0.027502198 
115 270 18 36 0.027496303 
757 100 9 21 0.027494386 
885 216 10 22 0.027493142 
346 742 13 34 0.027489107 
527 575 7 22 0.027482744 
107 17 6 13 0.02746058 
157 569 10 25 0.027448941 
384 203 15 21 0.027439028 
267 667 17 38 0.027434846 
149 294 21 29 0.027406553 
178 452 12 32 0.027396487 
511 789 13 25 0.02739318 
616 502 8 16 0.027391115 
426 588 8 21 0.027322441 
726 257 19 36 0.027308555 
297 206 8 17 0.027277805 
42 102 76 96 0.027273217 
871 148 11 24 0.027271437 
481 616 5 15 0.02725585 
870 360 12 34 0.027243365 
464 164 8 20 0.027235935 
805 590 13 35 0.027234912 
337 474 7 19 0.027232355 
985 667 12 20 0.027224924 
67 700 30 73 0.027222417 
511 805 13 26 0.027217 
634 626 8 18 0.027211549 
603 523 7 20 0.027211245 
432 715 15 22 0.027208937 
697 607 8 13 0.027196113 
33 362 19 34 0.027177218 
221 315 12 28 0.027168427 
608 144 7 17 0.027126074 
629 140 9 19 0.027120955 
700 695 6 14 0.02711895 
883 361 13 34 0.027114872 
465 681 8 17 0.027110284 
797 540 8 15 0.027105357 
465 101 8 19 0.027095914 
919 269 14 34 0.02708179 
541 125 7 22 0.027067067 
448 647 10 28 0.027061958 
668 174 176 185 0.027055506 
624 258 14 31 0.027047215 
980 196 6 15 0.027031315 
323 642 8 17 0.027026819 
936 136 11 24 0.027024299 
829 674 19 31 0.026998943 
233 279 11 26 0.026993556 
847 747 11 12 0.02699066 
437 216 9 20 0.026966177 
19 3 6 14 0.0269618 
552 487 9 21 0.026952531 
372 690 11 22 0.026939638 
567 153 7 18 0.026910994 
898 605 7 16 0.026909338 
821 112 9 22 0.026905498 
934 442 12 27 0.026899038 
476 652 7 19 0.026894739 
17 748 8 23 0.026894554 
318 745 14 31 0.026884709 
100 687 12 26 0.026883474 
295 529 10 15 0.026852291 
142 174 10 26 0.026850361 
938 126 9 20 0.026836352 
345 289 17 29 0.026833847 
221 303 11 24 0.026830183 
261 238 9 22 0.026817992 
13 688 9 25 0.026804753 
249 26 6 17 0.026793033 
77 569 12 27 0.026792971 
389 102 7 16 0.02679203 
871 177 10 21 0.026791392 
317 282 19 38 0.02678105 
41 779 9 20 0.02675048 
47 281 18 37 0.02672999 
630 127 8 19 0.026716163 
555 151 7 20 0.026709344 
603 694 10 16 0.0266922 
376 486 6 17 0.026681194 
295 156 8 16 0.026656058 
240 162 145 170 0.026653294 
548 774 13 27 0.026641019 
921 663 9 23 0.026633883 
229 384 16 35 0.0266249 
634 668 8 15 0.026621897 
902 139 18 32 0.026613882 
770 99 9 22 0.026605068 
801 657 5 13 0.026604775 
111 787 52 120 0.026596121 
159 401 8 15 0.026590684 
950 197 7 15 0.026589569 
57 90 11 16 0.026587224 
656 138 8 21 0.026572544 
661 582 16 29 0.0265721 
963 555 7 14 0.026565664 
89 302 14 28 0.026559345 
1016 669 8 18 0.026558125 
1001 765 8 21 0.026555883 
633 672 42 61 0.026548252 
680 432 9 22 0.026546724 
407 771 16 29 0.026544223 
654 733 12 16 0.02653049 
500 789 12 26 0.026511187 
897 456 10 26 0.026509425 
860 179 8 18 0.026505956 
653 793 13 20 0.026498457 
478 640 6 17 0.026482647 
80 469 10 26 0.026478224 
206 302 12 26 0.026477844 
15 175 10 25 0.026477708 
755 655 41 77 0.026477082 
823 160 8 12 0.026467163 
977 629 7 19 0.026457485 
311 140 8 19 0.026451666 
53 19 7 11 0.026440319 
412 513 12 32 0.026436355 
230 478 161 177 0.026436355 
865 802 20 27 0.026421754 
231 249 10 27 0.026419815 
217 595 15 31 0.026406096 
275 632 8 12 0.026368486 
767 221 18 29 0.026328776 
156 708 8 15 0.026325813 
695 434 8 20 0.026309613 
895 575 8 19 0.026309317 
911 562 6 17 0.026299017 
293 725 14 28 0.02629888 
796 100 9 21 0.026298204 
104 631 14 33 0.02628734 
657 542 7 10 0.026283672 
926 66 8 15 0.026274923 
919 145 13 28 0.026262185 
398 568 13 33 0.026241768 
607 614 6 20 0.026233803 
425 177 8 20 0.026225777 
679 794 12 18 0.026218778 
208 528 7 14 0.026217014 
258 524 10 19 0.026209844 
143 17 7 13 0.026206825 
49 604 12 32 0.026206497 
50 44 9 25 0.026183669 
848 138 8 20 0.02617763 
491 559 6 21 0.026172234 
783 100 9 21 0.026170805 
745 209 15 29 0.026165841 
999 652 10 21 0.026141496 
655 365 15 34 0.02613322 
896 700 10 25 0.026126951 
751 460 15 25 0.026117219 
681 631 8 13 0.026102679 
986 493 12 29 0.026085898 
614 779 12 20 0.026080785 
597 822 20 41 0.026076583 
848 126 8 20 0.026058258 
3 761 34 102 0.026055153 
837 89 6 17 0.026052564 
654 447 8 19 0.026051695 
545 733 19 41 0.026030311 
973 574 10 16 0.02602715 
988 328 12 27 0.02602147 
399 150 9 22 0.02600093 
259 19 6 12 0.025991667 
207 278 10 24 0.025989996 
621 564 5 15 0.02598287 
963 195 8 16 0.025961172 
720 752 10 22 0.025955059 
350 181 11 17 0.025927156 
643 291 12 25 0.02592674 
479 562 6 18 0.025920924 
588 234 9 19 0.025906742 
875 91 6 16 0.025901029 
176 360 16 32 0.025889976 
177 723 12 30 0.025888111 
1004 39 5 19 0.025885317 
398 164 10 20 0.025875034 
632 434 8 19 0.02587284 
426 99 8 21 0.025870804 
834 157 8 15 0.02586223 
884 733 8 14 0.02584767 
833 386 12 33 0.025845855 
266 412 17 32 0.025844296 
604 302 10 24 0.025834423 
862 103 6 16 0.025832262 
459 423 16 37 0.025830742 
671 518 5 11 0.025826927 
533 222 7 14 0.025812548 
567 166 7 18 0.02580661 
939 104 8 16 0.025799565 
95 20 6 11 0.0257941 
331 746 13 29 0.025788996 
312 515 6 14 0.025777252 
272 48 7 22 0.02577089 
394 787 16 27 0.025757352 
1017 51 6 22 0.025742954 
12 196 79 109 0.025728483 
671 236 75 94 0.02572028 
908 688 12 27 0.02572026 
434 238 12 25 0.025711969 
744 574 9 17 0.025709849 
588 746 15 28 0.02570823 
885 719 7 14 0.025705567 
639 213 12 25 0.025699442 
976 177 8 21 0.025681492 
770 131 9 17 0.025644364 
875 77 6 17 0.025640456 
335 150 9 22 0.025634212 
959 427 12 33 0.02562638 
189 577 15 34 0.025618367 
272 644 16 24 0.025614137 
455 401 16 28 0.025610106 
833 420 10 23 0.02559557 
117 686 10 25 0.025594186 
729 399 14 33 0.025578955 
-43 57 884 1165 0.025551545 
744 399 13 34 0.02555101 
989 642 7 17 0.025547247 
130 685 10 25 0.025529051 
639 363 15 32 0.025524667 
975 602 7 16 0.025511527 
741 278 18 38 0.02550401 
627 762 14 25 0.025474573 
740 329 83 108 0.0254485 
49 313 92 110 0.025429092 
653 387 13 31 0.025427409 
251 16 5 12 0.025422983 
398 704 13 22 0.025420092 
168 495 12 25 0.025415348 
94 126 10 21 0.025412664 
858 335 13 35 0.025406769 
632 564 8 14 0.025405126 
725 418 82 117 0.025399765 
463 188 10 25 0.025398161 
628 748 14 26 0.025385499 
572 823 20 41 0.02537783 
241 571 14 24 0.025366819 
323 174 96 84 0.025350722 
500 221 8 16 0.02533802 
479 630 6 16 0.02533674 
590 417 11 24 0.025334578 
645 303 11 25 0.02529857 
216 702 11 20 0.025290163 
426 140 7 18 0.025285637 
742 588 9 18 0.025273617 
1001 305 9 23 0.025272856 
639 199 11 25 0.025271827 
926 77 8 15 0.02526663 
860 164 9 20 0.025261087 
279 539 48 76 0.025243482 
602 778 12 20 0.025240943 
336 590 8 16 0.025234513 
43 62 7 20 0.025234262 
871 163 10 23 0.025230212 
126 132 13 29 0.025229048 
498 741 16 35 0.02522298 
669 461 8 18 0.02521977 
47 540 14 33 0.025216382 
743 430 12 30 0.025191247 
920 502 12 31 0.025187828 
321 166 9 20 0.0251861 
962 240 10 21 0.025174921 
567 210 7 13 0.025158415 
206 173 10 29 0.025135668 
952 585 7 16 0.02513482 
129 751 11 24 0.025133073 
950 395 12 35 0.0251222 
334 682 10 19 0.025114879 
246 525 9 17 0.02509838 
52 721 13 30 0.025097646 
420 771 16 29 0.025090942 
153 86 10 23 0.02508576 
109 413 7 13 0.025079368 
1017 180 8 19 0.025074152 
708 115 7 18 0.02507297 
355 215 17 35 0.025062438 
846 168 8 16 0.0250576 
0 733 10 28 0.025037229 
931 270 14 34 0.025033971 
526 351 13 31 0.025023997 
927 194 8 18 0.025023937 
820 655 10 18 0.02501443 
168 704 8 17 0.025002424 
807 464 12 34 0.024983462 
75 674 12 26 0.02497877 
835 141 8 17 0.02497597 
354 302 18 34 0.024967102 
412 532 11 27 0.024965929 
80 550 9 20 0.024959998 
787 613 8 22 0.024955966 
597 411 15 34 0.024947852 
911 674 10 22 0.024931476 
193 441 12 30 0.024927687 
171 211 7 13 0.024926297 
1015 565 8 13 0.024918452 
821 364 12 28 0.024903089 
526 375 15 35 0.024897587 
450 681 8 16 0.024889879 
179 267 11 21 0.024886355 
610 823 20 40 0.024879592 
640 189 10 22 0.02487938 
196 482 10 25 0.024877734 
886 636 8 19 0.024873858 
89 277 13 27 0.024848718 
125 291 17 26 0.02484865 
558 578 4 16 0.024845842 
128 149 12 26 0.02483257 
884 388 12 31 0.024827335 
438 190 8 20 0.024821412 
682 678 8 14 0.024816323 
267 247 14 29 0.024814086 
203 567 13 28 0.02481172 
412 394 15 35 0.02480723 
852 449 19 37 0.024806505 
25 478 12 29 0.0247953 
853 803 19 25 0.024791308 
37 565 13 37 0.024787428 
949 162 10 25 0.02478352 
179 253 11 23 0.024777828 
781 454 12 28 0.024771744 
295 177 9 19 0.024767447 
695 629 9 17 0.024736792 
771 770 9 18 0.024730073 
435 705 13 20 0.024722304 
804 364 13 29 0.024695946 
742 226 15 26 0.024688676 
510 770 14 31 0.02468648 
20 602 15 33 0.024685139 
476 664 8 19 0.02466598 
277 414 15 30 0.024661347 
374 96 7 12 0.024653748 
743 670 11 27 0.024649024 
525 491 15 31 0.024644785 
747 90 7 16 0.024635425 
718 432 12 26 0.024634652 
600 461 9 18 0.024599582 
668 151 8 21 0.024598213 
705 150 9 22 0.02457621 
909 201 10 23 0.024573369 
727 200 15 29 0.024555093 
256 558 12 23 0.024554858 
983 411 30 73 0.02454871 
153 380 12 22 0.024547422 
720 140 8 20 0.02453878 
254 272 14 35 0.024533225 
939 115 8 17 0.024531985 
980 511 7 17 0.024516337 
243 537 10 21 0.02447571 
887 173 12 28 0.024465926 
928 214 10 21 0.024457226 
783 572 10 21 0.024450338 
959 451 12 32 0.024441969 
827 803 20 25 0.02444123 
62 497 12 25 0.024433522 
1010 448 17 34 0.024423966 
384 340 14 27 0.024418442 
523 818 15 30 0.024417888 
59 83 33 58 0.024414694 
961 791 12 22 0.024400497 
694 642 8 14 0.024393931 
619 475 6 15 0.02439042 
793 157 9 17 0.024374431 
278 680 15 34 0.024372289 
656 164 8 20 0.024342883 
440 637 8 21 0.024341179 
705 567 6 16 0.024340099 
217 361 16 36 0.024336863 
623 823 20 40 0.02433529 
247 251 9 24 0.024329958 
762 248 92 81 0.024312194 
638 241 12 22 0.024304114 
755 190 30 46 0.02430369 
697 528 7 11 0.024281608 
107 422 8 16 0.024275498 
63 466 14 32 0.024263687 
727 802 17 28 0.024261769 
601 313 12 28 0.024257887 
730 433 11 27 0.024254171 
291 659 17 32 0.024238663 
320 362 14 30 0.024234263 
940 591 5 14 0.024229642 
723 592 8 17 0.024201436 
656 177 8 20 0.024179144 
888 78 6 16 0.024166306 
938 200 7 14 0.024165077 
694 151 9 21 0.024150655 
437 692 11 17 0.024141032 
627 378 13 28 0.024138503 
464 178 8 20 0.024125466 
115 493 11 26 0.024098998 
591 681 8 14 0.024097933 
898 731 9 17 0.024089925 
742 629 10 17 0.024083642 
156 512 9 19 0.024074662 
143 483 10 25 0.024073122 
940 91 7 15 0.024056919 
696 482 9 17 0.024051854 
442 142 5 17 0.024045361 
298 430 9 24 0.024040733 
850 -109 29 22 0.024040094 
989 343 12 25 0.024033895 
179 406 11 24 0.024033638 
668 335 17 32 0.024029268 
289 166 7 16 0.024019158 
864 -108 26 17 0.024003703 
951 289 11 28 0.023999022 
611 399 13 30 0.023988403 
754 507 10 22 0.023985032 
351 476 5 17 0.023984171 
420 663 10 21 0.023977341 
54 767 8 20 0.023971004 
742 640 10 18 0.023964198 
924 535 9 21 0.023958879 
654 242 10 20 0.023945965 
187 67 6 15 0.023937127 
600 447 9 20 0.023929883 
474 388 11 30 0.02392506 
953 541 6 16 0.02391947 
286 140 8 19 0.023914834 
615 326 11 28 0.023906311 
277 318 16 30 0.023901397 
436 227 10 23 0.023899883 
966 541 7 15 0.02389801 
717 416 12 30 0.023896959 
942 566 7 15 0.023881916 
707 550 7 17 0.02386518 
477 164 8 20 0.023864968 
781 147 9 15 0.023847725 
740 802 17 28 0.02384509 
549 427 13 30 0.02383383 
859 734 12 16 0.023831842 
43 767 7 20 0.023826271 
413 164 8 20 0.023825971 
261 165 6 18 0.023819147 
249 715 10 21 0.0238079 
273 619 6 12 0.023804938 
178 393 12 25 0.023788163 
60 234 15 34 0.02378023 
555 472 9 18 0.023778578 
106 509 80 103 0.023774209 
497 817 16 31 0.023774128 
76 125 11 22 0.02377164 
303 93 6 15 0.023761196 
501 651 9 21 0.023747064 
242 546 13 28 0.023745753 
110 -109 23 17 0.02374187 
428 156 6 15 0.023737542 
721 102 6 18 0.023737285 
223 70 6 12 0.023722658 
46 434 16 35 0.023718076 
1015 553 9 16 0.023705158 
433 788 16 27 0.023691596 
489 163 9 23 0.023674471 
144 213 8 13 0.023673994 
826 547 17 24 0.023668066 
644 276 10 25 0.02366275 
695 167 9 19 0.023662664 
1002 681 8 16 0.023661401 
681 556 7 12 0.023645865 
644 139 8 20 0.023620762 
770 114 9 21 0.02360546 
535 818 16 29 0.023604486 
134 220 29 46 0.02360348 
565 464 10 18 0.023599613 
556 535 6 20 0.023586333 
46 460 16 40 0.023586292 
510 818 16 30 0.02357361 
473 338 15 29 0.02356811 
636 608 82 106 0.023551103 
808 623 10 27 0.02354855 
734 91 6 15 0.023547757 
840 804 20 24 0.023545798 
889 551 10 20 0.023544945 
873 135 11 25 0.023526043 
296 192 9 20 0.023523686 
580 207 8 16 0.023519855 
707 592 7 15 0.023517208 
976 783 7 17 0.023508653 
626 299 12 29 0.023507593 
932 717 17 38 0.02350202 
524 806 13 25 0.023496658 
799 669 6 14 0.023488166 
79 535 9 20 0.023482865 
753 446 13 24 0.023472914 
45 95 7 15 0.02345458 
64 530 12 27 0.023452304 
123 -109 23 18 0.023440128 
943 715 16 38 0.023426 
818 404 12 28 0.023419302 
559 824 20 39 0.02341758 
513 671 9 14 0.023413103 
-13 -3 157 183 0.023374489 
305 663 13 24 0.02337193 
666 793 12 19 0.02337065 
501 162 10 24 0.023369122 
632 689 13 22 0.023354534 
299 39 6 12 0.023342777 
203 314 13 31 0.023339305 
196 729 11 24 0.02332398 
166 564 16 34 0.023298955 
580 463 8 15 0.023296231 
759 89 7 18 0.023294153 
947 752 10 18 0.02329164 
292 396 15 31 0.023285015 
618 296 148 171 0.023284733 
653 771 13 26 0.023281643 
41 694 35 75 0.023274949 
576 758 14 30 0.023270033 
668 216 10 22 0.023266122 
165 378 13 28 0.023261249 
554 164 8 20 0.023253992 
296 140 8 19 0.023249386 
322 152 9 19 0.023222221 
5 -142 294 154 0.023221297 
838 -108 27 17 0.023214746 
204 15 8 12 0.023206595 
355 803 17 28 0.023178898 
716 399 14 31 0.023177138 
888 108 7 15 0.023173211 
719 722 13 30 0.023167916 
466 615 5 16 0.023161938 
347 196 33 61 0.023161136 
897 485 10 21 0.023146886 
232 494 10 24 0.023146488 
995 491 16 38 0.023134496 
904 321 14 31 0.023134353 
741 184 16 31 0.023127154 
156 210 7 14 0.023124382 
947 249 11 27 0.02312415 
669 242 10 21 0.023121595 
847 733 11 15 0.02311396 
580 141 7 18 0.023107609 
653 227 10 22 0.023092644 
225 594 19 30 0.023084123 
215 333 17 40 0.023079237 
551 680 14 20 0.023074776 
68 26 6 12 0.02306844 
705 165 10 21 0.023065122 
678 220 16 33 0.023054153 
823 678 9 20 0.023029324 
376 242 11 22 0.023027673 
257 662 11 26 0.023016784 
872 554 9 15 0.02300505 
464 602 6 18 0.023004662 
783 114 10 20 0.022998737 
548 818 16 29 0.022984445 
90 264 11 26 0.02298069 
41 621 11 28 0.022965716 
745 772 7 17 0.022961307 
80 163 13 25 0.022944864 
421 413 13 30 0.022935413 
543 213 7 13 0.02292808 
668 164 8 21 0.022922374 
615 706 10 16 0.02291711 
449 226 9 24 0.02291504 
65 120 12 28 0.022913346 
808 112 10 22 0.022905288 
90 240 11 24 0.022888655 
139 117 14 33 0.022874886 
106 51 8 16 0.022869427 
2 0 6 18 0.022854438 
909 715 10 23 0.022853982 
889 607 6 13 0.022853885 
484 817 16 32 0.02285282 
991 52 5 18 0.02285117 
798 680 7 16 0.022817899 
540 260 12 25 0.0228166 
656 189 8 22 0.022806408 
386 194 12 18 0.022803623 
753 535 11 22 0.02279547 
50 495 12 26 0.022790665 
30 47 8 22 0.022779388 
339 196 8 15 0.02277853 
984 367 14 29 0.022763245 
214 464 17 39 0.022760333 
911 731 10 18 0.022736259 
424 206 9 18 0.022731986 
989 -109 25 28 0.022719061 
618 128 8 17 0.022712069 
118 53 8 16 0.022703437 
580 153 7 19 0.022692617 
458 206 83 89 0.022686163 
93 47 9 17 0.022685634 
847 152 8 18 0.022682302 
654 214 10 23 0.022676475 
999 667 10 18 0.022643346 
638 727 13 22 0.022636138 
410 193 11 19 0.022635713 
466 649 8 23 0.022624774 
636 823 20 40 0.022619888 
50 317 16 31 0.022618994 
12 669 11 32 0.022615485 
169 75 7 20 0.02260568 
119 38 8 17 0.022604225 
593 128 7 17 0.022601724 
799 694 7 18 0.022589397 
1017 37 6 23 0.022587575 
215 786 16 29 0.022585705 
181 115 12 34 0.022575477 
39 495 12 24 0.022568943 
101 802 15 28 0.022553958 
234 49 8 19 0.022549398 
471 705 27 54 0.022522403 
155 497 10 21 0.022507029 
922 426 12 33 0.022500701 
202 45 12 22 0.022499587 
89 206 12 33 0.022490676 
15 189 10 23 0.022485035 
31 106 8 15 0.022471065 
734 115 8 19 0.022459053 
695 539 7 13 0.022451855 
529 616 7 16 0.022444742 
822 667 10 18 0.022432677 
1 243 8 22 0.022431813 
168 510 11 23 0.022429958 
433 263 12 26 0.0224165 
295 787 12 28 0.022414159 
877 106 6 14 0.022411613 
765 283 16 34 0.022397995 
445 424 14 32 0.022394225 
654 201 10 23 0.022391582 
276 185 6 14 0.022378575 
491 669 8 15 0.022364905 
939 600 5 17 0.022360152 
800 702 7 19 0.022358216 
413 152 8 19 0.022354826 
560 729 16 37 0.022353383 
1 -16 8 21 0.022344122 
204 129 12 38 0.022330891 
535 288 12 25 0.02232211 
52 791 11 25 0.022320982 
514 550 163 209 0.02231309 
554 461 9 19 0.022304568 
719 127 8 19 0.022285655 
43 383 75 123 0.022283187 
216 618 17 33 0.022282416 
159 24 6 16 0.022282394 
820 124 10 21 0.022282325 
682 151 8 20 0.022278456 
529 124 7 24 0.022278005 
737 363 185 237 0.02227382 
733 159 15 28 0.022266693 
89 82 9 12 0.022263577 
136 -109 23 18 0.022259135 
680 778 10 18 0.022257542 
371 182 11 17 0.022252599 
862 117 6 16 0.022252573 
963 587 9 17 0.022248512 
655 151 9 21 0.022246862 
399 691 12 19 0.022243492 
593 200 11 22 0.022240225 
398 179 9 17 0.022240013 
679 706 11 16 0.022232547 
288 38 5 14 0.022230387 
886 261 14 31 0.022220517 
79 496 9 22 0.022217229 
307 800 14 29 0.022211516 
79 774 11 25 0.022202335 
587 286 13 28 0.022197017 
621 603 6 17 0.022152754 
826 743 7 15 0.022152184 
192 416 12 27 0.022143327 
256 573 13 23 0.022142211 
977 656 8 14 0.022124257 
703 752 11 23 0.022117704 
343 802 16 30 0.022116289 
465 306 13 26 0.02210288 
195 454 12 32 0.02209692 
640 229 10 21 0.022095159 
258 536 12 24 0.022093862 
155 175 10 25 0.022089865 
55 65 9 16 0.022086935 
873 563 10 20 0.022085004 
319 216 31 56 0.02207783 
681 574 9 18 0.022076815 
193 175 10 27 0.022060568 
782 130 10 16 0.022050291 
740 598 11 23 0.022041606 
685 181 9 17 0.02199459 
306 271 15 34 0.021994185 
976 612 7 20 0.021990456 
684 540 6 11 0.02197013 
752 801 18 30 0.021970049 
764 801 19 30 0.021963824 
740 517 16 30 0.021963349 
74 202 16 38 0.021960214 
574 680 12 18 0.021959692 
227 336 15 33 0.021957325 
922 348 13 36 0.0219246 
526 669 9 15 0.021924252 
679 241 12 25 0.021915661 
935 348 14 36 0.021906178 
134 210 8 15 0.021889567 
594 194 79 113 0.021882467 
951 509 8 22 0.021868946 
989 180 8 19 0.021867586 
665 688 15 24 0.021863976 
944 697 16 34 0.021863222 
973 437 14 37 0.021862933 
945 738 11 25 0.021862846 
129 495 11 24 0.02185539 
233 268 9 22 0.021844426 
288 155 7 17 0.021830268 
116 747 11 27 0.021827275 
630 520 7 11 0.021809982 
933 491 11 29 0.021787299 
310 153 9 18 0.021786219 
770 588 9 18 0.02177837 
808 126 9 19 0.021767173 
916 801 20 28 0.02175541 
75 688 12 26 0.021741483 
233 721 9 17 0.021739595 
312 178 9 18 0.021738421 
641 774 12 23 0.021736167 
111 88 9 18 0.02173144 
15 711 33 79 0.021723842 
140 147 12 31 0.021704203 
324 91 6 17 0.02169707 
706 577 6 16 0.021683324 
29 763 9 23 0.021681432 
781 427 13 30 0.021676606 
674 824 20 38 0.02166976 
984 435 15 41 0.021659166 
489 731 12 29 0.021644069 
368 803 16 27 0.021640118 
883 494 12 24 0.02163972 
496 363 17 45 0.021627927 
591 429 10 23 0.021619251 
776 800 20 31 0.02161362 
667 275 16 30 0.021613255 
617 666 8 18 0.021592313 
876 127 9 19 0.021586092 
4 14 6 16 0.021581065 
60 182 78 99 0.021575768 
38 789 13 28 0.021572838 
772 642 9 16 0.021563828 
129 189 11 21 0.021563666 
654 256 10 21 0.021553947 
151 363 15 28 0.02153525 
33 25 7 14 0.02153324 
649 823 20 39 0.021530377 
59 81 8 13 0.02152239 
716 804 15 26 0.02152235 
554 212 7 13 0.021522162 
818 464 14 35 0.021521283 
307 701 13 25 0.021519288 
113 185 13 28 0.021517772 
262 688 28 52 0.021517472 
979 524 8 16 0.021516468 
179 579 16 35 0.021503508 
519 235 6 14 0.02147991 
618 463 7 14 0.021459263 
143 382 10 18 0.021455783 
144 65 8 17 0.021450521 
661 824 20 38 0.021449894 
103 273 15 32 0.021446737 
1002 293 8 20 0.021439642 
606 679 8 16 0.021437813 
922 698 12 30 0.021435667 
609 626 5 21 0.021431709 
476 263 13 29 0.021416934 
785 544 7 12 0.021414569 
607 639 6 18 0.021393491 
24 366 17 31 0.02138571 
921 328 75 106 0.021382283 
511 442 12 26 0.021377135 
343 371 18 38 0.021366714 
110 400 7 14 0.02135219 
995 449 16 37 0.02134977 
76 377 13 28 0.021339651 
266 289 15 36 0.021332482 
62 591 13 32 0.021332407 
922 727 13 26 0.021330768 
796 112 10 21 0.021319155 
678 807 13 21 0.021317204 
491 652 7 19 0.021311224 
951 179 8 19 0.021308651 
796 128 9 17 0.021306504 
752 389 17 41 0.02130362 
129 70 8 16 0.021299426 
25 699 13 26 0.02128702 
420 217 11 21 0.02128147 
822 142 8 17 0.0212695 
622 579 5 15 0.021261102 
605 602 5 19 0.021260118 
245 389 17 28 0.021249043 
665 377 16 38 0.021239107 
36 432 15 39 0.021234872 
727 288 16 31 0.021217199 
407 786 17 29 0.021196295 
771 88 8 19 0.021182317 
399 207 94 87 0.021153571 
167 597 15 32 0.021119948 
508 356 16 41 0.021106925 
425 191 8 19 0.021105038 
362 487 6 16 0.021093672 
627 314 11 28 0.021090658 
286 93 7 17 0.021083856 
563 760 12 29 0.02108307 
739 165 22 32 0.021081766 
863 77 6 16 0.021067211 
352 333 19 35 0.021065796 
639 252 12 25 0.021061523 
727 723 13 30 0.02105914 
208 416 11 28 0.021049513 
606 128 7 17 0.02104792 
513 161 10 25 0.02104656 
528 600 7 20 0.021040438 
999 247 12 25 0.021028362 
97 -109 23 17 0.021025762 
2 753 8 21 0.020971004 
845 717 13 19 0.020966962 
908 211 12 28 0.020948354 
667 177 9 21 0.020937726 
159 38 6 18 0.020924691 
452 288 71 88 0.020924075 
358 239 13 26 0.020923752 
665 777 12 20 0.020922855 
275 30 4 11 0.020919895 
29 90 7 18 0.02090802 
642 179 8 18 0.02090699 
75 803 14 25 0.020898644 
886 538 10 20 0.02089729 
206 690 9 22 0.020892585 
189 359 16 33 0.020888673 
1002 -9 6 13 0.02088209 
628 152 9 20 0.020873016 
750 184 22 33 0.020856727 
89 225 11 26 0.020854233 
312 166 8 18 0.020854041 
335 165 9 20 0.020833386 
129 641 13 33 0.02082282 
990 439 34 77 0.020820534 
498 769 14 33 0.020819925 
683 166 8 19 0.020813987 
39 743 11 30 0.02081115 
875 -109 30 22 0.020805864 
432 718 91 89 0.020805208 
399 680 11 20 0.02079471 
710 496 10 19 0.020792915 
972 587 10 16 0.020789899 
320 49 8 17 0.020786038 
133 763 38 63 0.020720446 
978 642 7 17 0.020703971 
688 381 17 35 0.020699088 
617 640 6 17 0.020685758 
659 519 5 11 0.02068322 
277 218 27 56 0.020679062 
883 290 17 34 0.02066335 
233 478 11 30 0.020645237 
339 105 5 14 0.020642404 
733 564 11 18 0.020640435 
387 182 9 15 0.020640409 
144 51 7 19 0.020620909 
23 258 19 40 0.020592278 
806 203 16 27 0.020579975 
140 539 151 224 0.020558856 
621 550 8 16 0.020551542 
65 137 14 25 0.020550754 
304 824 18 41 0.020529361 
87 166 32 66 0.020515598 
874 734 8 13 0.020509876 
31 36 8 19 0.020501237 
655 364 32 76 0.020485811 
696 498 9 16 0.02048153 
412 178 8 18 0.020468784 
902 67 6 14 0.020448333 
886 205 9 21 0.020445313 
272 151 8 20 0.020436304 
630 408 10 21 0.020435799 
180 699 11 28 0.020427443 
220 159 9 29 0.020417336 
664 615 11 19 0.020408792 
715 262 35 66 0.020404054 
914 67 7 13 0.020403028 
994 690 27 55 0.020401971 
204 388 15 31 0.020392643 
866 456 14 29 0.020372417 
555 552 5 17 0.02037047 
699 593 6 13 0.020367702 
678 692 11 18 0.020365914 
669 192 9 19 0.020362813 
743 703 12 25 0.020359999 
62 208 14 32 0.020355735 
233 348 34 59 0.02035216 
945 676 15 26 0.020339597 
440 649 8 23 0.02032739 
398 525 28 62 0.020321423 
754 429 12 29 0.02030993 
77 182 15 32 0.020277834 
894 352 14 35 0.020266095 
784 625 8 20 0.02025305 
114 802 15 28 0.02024594 
540 682 10 16 0.020240897 
632 419 9 22 0.020236937 
201 648 15 41 0.020208739 
936 177 9 22 0.020187626 
169 88 8 20 0.020173924 
307 651 12 19 0.02016907 
84 459 8 17 0.020166315 
618 486 7 16 0.02015961 
292 824 17 40 0.020158196 
439 681 9 16 0.020156894 
856 717 13 17 0.020150319 
707 533 9 22 0.020140247 
545 630 5 14 0.020135675 
495 284 72 96 0.020122757 
317 824 18 41 0.020065447 
789 230 22 33 0.020027092 
670 203 8 19 0.020019999 
381 802 16 28 0.020002814 
476 178 9 19 0.020002132 
927 563 7 16 0.020001868 
579 230 31 54 0.019984141 
261 180 6 16 0.019982535 
401 155 160 169 0.019971495 
760 652 11 21 0.019970953 
632 486 7 16 0.019968992 
651 273 14 31 0.019964319 
80 113 95 118 0.019956997 
140 684 11 26 0.01994224 
730 172 14 25 0.01993999 
831 451 15 35 0.019938275 
169 101 9 24 0.019933011 
168 583 12 28 0.01992972 
262 194 7 17 0.019904444 
715 524 15 34 0.019897252 
41 603 12 31 0.019895999 
619 449 7 17 0.019881573 
925 93 7 14 0.019872103 
329 823 20 43 0.019869864 
809 794 62 113 0.019865792 
193 648 14 39 0.019862548 
598 333 68 86 0.019854678 
259 629 9 16 0.019842265 
313 50 6 16 0.019840471 
483 383 14 38 0.019839928 
462 214 10 22 0.01983907 
229 406 16 40 0.019837547 
964 755 8 15 0.019778881 
617 678 8 17 0.019776603 
824 90 7 17 0.019774962 
1 442 12 28 0.019773146 
224 600 36 55 0.019749401 
566 177 8 20 0.01974428 
387 164 9 20 0.019744271 
951 524 7 19 0.019742241 
241 400 18 35 0.019733993 
1011 406 12 24 0.019733738 
222 80 7 12 0.019719599 
124 342 19 33 0.01971611 
541 163 8 21 0.01969437 
322 678 10 22 0.019661777 
324 746 114 89 0.019661708 
640 626 34 47 0.019654864 
885 443 10 25 0.01964705 
120 221 10 18 0.019645892 
607 538 6 16 0.01964518 
231 367 14 27 0.019643284 
538 278 10 22 0.019632345 
682 518 6 11 0.01963195 
769 430 11 26 0.019628441 
883 519 12 24 0.019619972 
305 297 17 32 0.019619687 
659 533 6 10 0.019608181 
646 692 21 30 0.01960687 
1000 392 10 26 0.019606054 
934 359 30 73 0.019598603 
812 530 7 12 0.019590698 
529 630 6 14 0.019588519 
66 567 12 30 0.0195851 
117 725 90 97 0.019568374 
692 806 13 22 0.019552156 
937 65 8 17 0.01954033 
644 153 8 18 0.019536361 
916 117 85 120 0.019534314 
524 701 31 60 0.019525113 
359 165 10 22 0.019520646 
322 252 30 52 0.01951635 
743 752 9 20 0.019500554 
781 667 11 19 0.01947959 
606 654 6 17 0.019472424 
705 806 13 23 0.019461943 
581 356 19 28 0.019459713 
594 142 7 17 0.019457817 
299 49 6 17 0.01940174 
839 458 46 70 0.019381836 
893 133 31 63 0.01935193 
323 64 6 18 0.019343829 
152 616 15 32 0.019338077 
638 712 15 24 0.019322312 
595 371 25 49 0.019319385 
78 589 12 34 0.019291263 
163 788 17 27 0.019289386 
768 444 11 23 0.019289296 
448 306 13 23 0.019273143 
965 742 8 16 0.019272832 
409 207 12 18 0.01925883 
458 815 17 34 0.019253872 
829 565 58 84 0.019221863 
904 288 16 34 0.019220898 
221 37 8 18 0.019218544 
811 -109 31 22 0.019212574 
98 706 15 33 0.019207595 
475 190 9 21 0.019198583 
279 825 17 39 0.019198112 
684 618 7 12 0.01919454 
336 179 10 18 0.019153519 
91 594 11 29 0.01914034 
884 472 11 23 0.019132754 
299 302 37 60 0.019130096 
727 350 16 35 0.019122764 
108 100 9 21 0.019118711 
470 823 19 43 0.019117776 
556 277 10 20 0.01911733 
341 822 21 44 0.019113852 
735 142 11 20 0.019109873 
889 573 8 20 0.01910116 
97 192 16 35 0.019093849 
702 191 28 54 0.019056737 
221 50 8 17 0.019005263 
288 32 4 8 0.019002946 
2 657 10 29 0.01899778 
195 712 10 23 0.01899641 
185 193 8 19 0.018960504 
91 632 12 30 0.0189487 
971 237 30 66 0.01894006 
770 459 10 20 0.018928451 
581 192 8 17 0.018920127 
308 689 11 24 0.018919088 
130 50 8 19 0.018916098 
809 142 8 16 0.01891284 
202 786 17 29 0.018903766 
186 16 8 12 0.018902471 
388 92 7 16 0.018886555 
372 163 10 22 0.018886246 
696 115 6 18 0.018870587 
988 518 10 24 0.01887046 
593 666 7 16 0.018864853 
820 390 12 28 0.0188647 
112 78 7 13 0.018852374 
382 384 15 38 0.018852208 
554 263 12 24 0.018845247 
480 239 10 21 0.018843772 
69 19 6 10 0.018826768 
642 391 12 24 0.018809037 
987 746 35 95 0.018803978 
567 192 7 17 0.018794823 
310 645 9 13 0.018786022 
142 78 9 18 0.018783635 
186 23 12 18 0.018776769 
972 451 82 130 0.01877284 
948 339 138 204 0.018768933 
846 264 12 25 0.018766053 
687 824 20 38 0.018764187 
254 818 15 28 0.01876078 
844 538 16 21 0.01874622 
92 581 10 26 0.018731546 
721 152 8 21 0.018722387 
523 439 16 32 0.018706815 
267 819 15 28 0.018705841 
75 392 12 27 0.018691888 
964 510 7 17 0.018691014 
305 316 18 30 0.01869069 
349 165 9 21 0.01868271 
723 579 7 15 0.018674312 
90 328 15 28 0.018661732 
594 537 6 18 0.018659294 
311 77 7 17 0.018656094 
302 78 6 17 0.018646942 
888 92 7 16 0.018644646 
678 415 11 29 0.018639505 
737 270 35 70 0.01861188 
69 70 8 14 0.018611386 
121 27 6 13 0.018585168 
901 198 35 70 0.018579155 
190 391 12 27 0.018565938 
213 640 14 35 0.018562168 
372 224 15 28 0.018561829 
941 556 6 14 0.01855397 
974 681 33 67 0.01854785 
526 161 10 24 0.018537933 
912 640 8 19 0.018533899 
282 246 14 30 0.018531492 
296 803 13 26 0.01851861 
758 587 9 18 0.018508455 
7 364 15 33 0.01849425 
735 129 8 17 0.018491909 
268 558 13 25 0.018479066 
668 346 161 208 0.018478692 
643 166 8 18 0.018476848 
70 267 140 207 0.018475585 
673 360 38 82 0.018466135 
82 715 19 44 0.018455109 
151 106 14 33 0.01844732 
741 505 13 26 0.018444154 
101 297 30 48 0.018443326 
704 400 12 29 0.018407453 
664 597 13 23 0.018379124 
623 589 5 16 0.018377073 
751 489 14 28 0.01835788 
219 383 16 38 0.018350275 
177 787 16 27 0.018331274 
971 693 17 37 0.018329073 
823 513 13 19 0.01832681 
84 28 6 11 0.018322527 
920 368 16 43 0.018314559 
796 144 8 14 0.018313589 
896 651 10 20 0.018304592 
999 524 13 30 0.018296447 
977 668 10 17 0.018287526 
439 662 9 20 0.01827664 
58 510 82 105 0.01825849 
783 88 9 20 0.018248793 
259 651 9 20 0.018238457 
363 475 6 17 0.018217493 
927 553 7 16 0.018213892 
143 636 10 25 0.018212708 
924 653 8 21 0.018207693 
606 115 7 17 0.018204955 
219 412 12 31 0.01820166 
494 765 217 120 0.018198665 
759 770 8 18 0.0181767 
441 401 21 31 0.018166486 
731 185 13 27 0.018166468 
337 76 7 18 0.018164225 
589 404 13 25 0.018162392 
237 597 17 26 0.018161356 
189 786 18 29 0.0181575 
353 80 5 15 0.018154968 
227 308 32 60 0.018152244 
297 416 11 26 0.018137695 
1002 280 7 20 0.018134456 
104 229 11 23 0.01811898 
7 629 32 78 0.018115634 
476 202 9 21 0.018101785 
303 249 30 63 0.018089982 
465 231 8 18 0.018083978 
293 269 15 35 0.018077485 
489 113 8 23 0.01806076 
90 110 12 26 0.018054862 
160 -109 26 18 0.018044285 
770 147 34 54 0.018039461 
570 577 5 17 0.01803752 
602 372 12 24 0.01802469 
33 307 30 59 0.018024389 
975 465 11 30 0.018016387 
380 745 29 50 0.017990485 
569 565 6 16 0.017982706 
323 39 216 181 0.017972015 
160 15 5 14 0.017970845 
1008 525 17 30 0.017944777 
282 803 12 26 0.017935164 
579 165 8 19 0.017910331 
313 63 6 19 0.017907523 
912 627 7 17 0.017894553 
554 176 8 20 0.017879525 
618 115 7 17 0.017876497 
595 155 8 17 0.01784349 
147 -110 27 24 0.017827904 
272 601 8 16 0.01781606 
593 115 7 17 0.017789153 
772 543 7 13 0.017762536 
525 345 82 94 0.017741999 
260 639 9 18 0.01774175 
697 520 7 11 0.017741077 
423 339 88 98 0.01773091 
256 804 13 24 0.017729305 
669 282 32 55 0.017728684 
616 694 10 15 0.017722042 
724 332 33 66 0.017704831 
652 341 30 55 0.01768847 
444 823 20 44 0.017672777 
282 552 17 31 0.017669506 
39 645 13 33 0.01766936 
295 685 11 25 0.017661545 
537 343 12 26 0.017654434 
169 41 7 17 0.017650224 
921 305 12 24 0.01764463 
496 413 14 34 0.017611664 
800 254 20 30 0.017603055 
269 803 12 26 0.017598916 
286 50 6 18 0.017598394 
67 763 9 23 0.017598204 
252 729 31 61 0.01758147 
757 660 12 25 0.017570052 
299 783 34 63 0.017561657 
1 231 8 21 0.017559905 
131 385 9 16 0.017558597 
985 462 14 38 0.0175263 
965 598 8 18 0.017513996 
256 467 11 34 0.017505694 
3 131 7 17 0.01748875 
889 66 6 15 0.017487636 
197 700 9 23 0.017483687 
31 528 32 72 0.017482754 
4 676 27 80 0.017475916 
354 823 20 42 0.017468916 
990 534 9 21 0.017466092 
40 673 13 27 0.017465252 
152 633 14 31 0.01746174 
379 295 28 57 0.01745877 
832 234 12 30 0.017420033 
886 322 12 29 0.01740683 
491 716 31 68 0.017406516 
928 801 20 27 0.017402314 
338 93 6 14 0.017395737 
331 353 14 27 0.017394846 
77 756 13 32 0.017391564 
116 201 12 24 0.017386323 
804 193 36 61 0.017378155 
640 755 19 30 0.017368102 
496 269 28 53 0.017359372 
613 414 13 28 0.017351924 
949 262 13 30 0.017348867 
27 210 16 28 0.017329765 
936 371 14 38 0.017327355 
398 309 27 51 0.017303655 
394 381 18 42 0.01729964 
943 574 7 16 0.017290726 
949 600 7 19 0.017273234 
393 824 19 42 0.01726333 
324 628 8 16 0.017259907 
225 15 7 12 0.017252201 
885 458 9 23 0.017228877 
921 200 30 61 0.017212478 
920 397 14 38 0.017211694 
845 337 13 31 0.017208632 
853 573 20 29 0.017198998 
897 679 9 18 0.0171928 
537 437 14 32 0.017188983 
778 363 15 31 0.017175373 
546 643 5 13 0.017172812 
744 688 11 23 0.017168049 
239 816 18 30 0.017166706 
333 205 29 55 0.01716319 
325 194 7 16 0.017115975 
301 63 6 19 0.017114611 
90 77 172 202 0.017093128 
489 206 9 18 0.017092863 
589 509 143 191 0.017092543 
465 290 12 25 0.01708028 
84 448 8 16 0.017074471 
169 26 7 15 0.01706975 
985 573 10 14 0.017065382 
22 653 16 40 0.017062886 
380 824 20 41 0.017046835 
393 801 17 30 0.01702301 
913 576 5 15 0.017003665 
84 18 5 10 0.016998418 
61 424 13 28 0.01699516 
160 324 18 28 0.016988918 
310 209 7 14 0.016964097 
149 265 25 45 0.016927756 
812 550 50 64 0.016911337 
5 25 6 16 0.016908903 
913 370 34 78 0.016903762 
938 539 8 19 0.016899966 
577 156 74 79 0.01689629 
588 377 17 29 0.016883984 
186 49 8 17 0.016879793 
874 719 9 14 0.016845876 
988 614 9 20 0.016839804 
6 245 29 70 0.01683484 
96 426 7 13 0.016833436 
160 513 80 99 0.01682953 
138 295 20 27 0.016821807 
244 643 11 27 0.016801221 
9 -112 21 38 0.016778221 
500 204 9 18 0.016776128 
115 668 13 32 0.01674873 
62 440 13 28 0.016726185 
860 -77 205 309 0.016724486 
580 450 9 17 0.016714714 
89 377 12 27 0.016712654 
246 661 10 22 0.016711965 
543 588 5 17 0.01671079 
936 519 9 24 0.01670457 
476 229 31 56 0.016685853 
464 251 11 25 0.016685791 
912 614 6 18 0.016664008 
345 265 30 49 0.016662516 
280 286 14 31 0.016660338 
367 823 20 42 0.016658023 
292 627 11 17 0.016640678 
255 636 34 70 0.01661744 
432 824 19 43 0.016601957 
934 287 12 29 0.016587632 
791 339 15 33 0.016556026 
76 287 32 59 0.016523927 
580 115 7 18 0.016519824 
652 713 14 21 0.016516369 
273 166 7 17 0.016512744 
406 824 19 42 0.016502911 
1017 -9 7 16 0.016495755 
52 746 11 26 0.016445613 
67 37 7 18 0.016442684 
380 358 17 41 0.016439222 
786 -108 30 17 0.01643852 
576 427 13 26 0.016430436 
322 577 10 17 0.016429817 
64 545 12 26 0.016422 
489 176 9 21 0.01641633 
882 336 14 36 0.01640197 
261 287 34 68 0.01638337 
272 589 8 18 0.01636822 
476 248 14 29 0.01635093 
717 544 11 23 0.016348891 
91 395 10 21 0.016335469 
65 727 14 36 0.01631527 
889 588 7 19 0.016294971 
39 687 13 26 0.016249485 
854 560 17 24 0.016239792 
536 328 12 28 0.016237592 
369 313 16 31 0.016232671 
680 602 10 17 0.016224632 
34 416 31 77 0.016212413 
1001 265 9 21 0.016205745 
266 774 40 77 0.016203564 
30 778 8 23 0.016202126 
210 529 26 53 0.016178513 
245 756 28 63 0.016174566 
419 824 19 43 0.016157974 
901 -108 29 16 0.016153138 
603 345 11 22 0.016145017 
703 345 27 58 0.01613106 
283 751 33 67 0.01612379 
565 668 10 17 0.016098592 
521 831 19 43 0.016096551 
206 759 31 61 0.016088473 
35 283 19 32 0.016071698 
152 589 32 65 0.016057482 
383 526 25 60 0.016028434 
91 675 11 25 0.016025782 
241 804 15 25 0.016014693 
119 241 29 49 0.016013632 
537 412 33 69 0.016008014 
794 464 11 33 0.016007382 
310 193 8 16 0.015995203 
100 211 12 27 0.01599263 
1002 227 32 60 0.0159812 
841 300 17 26 0.015971258 
645 501 6 15 0.015970971 
324 75 7 19 0.015963407 
873 625 9 19 0.015948327 
261 616 8 15 0.015946904 
90 460 73 105 0.015911154 
286 621 7 12 0.015876204 
1014 763 10 23 0.015870618 
886 139 17 32 0.015852204 
618 654 6 17 0.015839577 
67 560 34 76 0.01583841 
707 500 34 66 0.01583367 
928 614 6 20 0.015823843 
746 377 15 32 0.015812032 
638 710 41 53 0.015811779 
768 497 10 20 0.015804745 
319 608 12 20 0.015799932 
554 193 8 17 0.015791155 
929 640 6 19 0.015785117 
346 679 30 52 0.015782725 
741 311 16 33 0.015770914 
880 674 13 22 0.015770515 
265 533 34 64 0.015765682 
768 473 12 21 0.015765015 
322 790 32 61 0.0157478 
555 289 10 22 0.015729357 
533 831 20 42 0.015727805 
978 66 6 18 0.015716834 
868 573 15 26 0.015698904 
678 768 306 235 0.01569861 
268 573 12 24 0.015698249 
448 252 10 23 0.015693696 
400 91 7 18 0.015688945 
617 431 9 22 0.015675835 
547 239 31 57 0.01566076 
841 521 17 20 0.015648613 
526 712 14 29 0.01562253 
156 192 8 19 0.015622008 
180 523 31 65 0.015616269 
815 566 17 31 0.015597918 
810 90 8 18 0.015590503 
517 638 7 17 0.015572628 
690 698 30 61 0.0155566335 
196 685 10 27 0.015555326 
492 761 31 61 0.015538132 
126 802 16 29 0.015534312 
975 678 12 21 0.015528072 
985 473 29 71 0.015521803 
630 114 8 19 0.015518758 
759 -108 34 21 0.015502724 
526 736 13 28 0.015498082 
66 51 8 19 0.015497673 
400 398 30 70 0.015488489 
212 579 33 61 0.015482737 
967 -117 46 63 0.015479974 
830 437 33 67 0.015463437 
92 790 38 68 0.0154607585 
299 33 5 8 0.015453517 
886 652 10 18 0.015439791 
681 208 28 54 0.015426494 
627 178 10 25 0.01542251 
143 191 9 20 0.01541336 
930 719 38 65 0.0154047245 
811 159 7 13 0.01539223 
182 176 9 25 0.015392014 
928 628 7 19 0.015389493 
965 668 9 16 0.015379596 
290 567 18 30 0.015370075 
771 219 34 49 0.015368978 
726 512 18 40 0.01536586 
517 411 35 69 0.01536449 
953 -108 26 16 0.015358561 
980 311 30 62 0.015346438 
294 301 14 29 0.015344937 
422 364 17 30 0.01534447 
555 303 10 27 0.015304846 
546 831 20 42 0.015302617 
101 734 14 32 0.015287436 
229 658 12 28 0.015265802 
1000 792 10 27 0.01525872 
583 737 33 59 0.015228979 
287 77 6 18 0.015225712 
189 337 96 113 0.015204749 
225 26 7 15 0.015196533 
304 558 15 25 0.015158197 
927 577 6 14 0.0151353255 
84 -109 24 17 0.015135191 
113 69 25 45 0.015108589 
846 405 29 57 0.015100885 
563 268 28 57 0.01510031 
990 726 8 18 0.015088641 
186 37 9 18 0.01508648 
270 634 40 53 0.015082088 
541 666 9 17 0.015060571 
164 628 15 34 0.015058717 
1002 615 9 17 0.015054051 
848 799 54 77 0.01504205 
179 767 39 63 0.015036315 
215 668 14 34 0.015018734 
736 186 31 54 0.015014762 
722 566 7 16 0.01501266 
370 706 30 55 0.014996712 
48 661 33 62 0.0149834845 
62 185 14 29 0.014973184 
596 169 9 18 0.01496519 
723 90 5 16 0.014941637 
168 175 9 25 0.014934594 
83 38 8 17 0.01492123 
831 214 16 39 0.014905273 
631 502 7 15 0.014902389 
1016 654 9 20 0.014899728 
759 631 9 16 0.014877725 
92 623 37 79 0.014872902 
928 602 6 17 0.014864983 
796 89 9 19 0.014863803 
267 273 14 33 0.014836632 
54 184 388 589 0.014833927 
739 611 11 22 0.014828215 
250 692 8 21 0.014784194 
508 831 20 43 0.014766256 
988 603 9 17 0.014763127 
592 689 225 187 0.014735148 
579 178 9 21 0.014724387 
683 115 6 18 0.014695905 
63 149 14 25 0.014688271 
572 333 16 33 0.01467855 
165 563 33 72 0.014673179 
265 399 29 70 0.014671966 
693 418 11 25 0.014659453 
118 386 8 16 0.014642463 
23 441 16 42 0.014625624 
906 334 15 34 0.01461225 
293 578 41 56 0.014609162 
604 275 30 67 0.014607801 
667 703 13 19 0.014600089 
540 192 9 19 0.014592448 
198 367 32 64 0.014584155 
741 719 17 37 0.014581536 
568 115 7 18 0.014579393 
739 648 32 67 0.014574584 
465 664 8 20 0.014564157 
854 313 27 67 0.014561128 
18 543 29 67 0.014554382 
55 740 35 75 0.014546963 
344 716 29 58 0.014524443 
963 526 7 15 0.014509232 
228 803 16 26 0.014507663 
759 642 9 16 0.0145037845 
751 708 19 34 0.014495921 
160 531 29 59 0.0144892065 
797 529 7 14 0.014459902 
363 236 29 53 0.014449144 
949 667 10 19 0.0144403735 
528 237 31 63 0.01443698 
677 588 11 19 0.014433305 
42 77 8 18 0.014417318 
295 319 14 25 0.014409893 
999 576 8 13 0.01440537 
2 102 7 19 0.014403914 
564 445 12 24 0.014388191 
448 294 11 20 0.014385784 
883 666 10 17 0.01436935 
900 357 26 61 0.014358354 
828 560 15 20 0.01433633 
959 696 17 33 0.014332497 
947 203 30 60 0.014322637 
429 89 7 17 0.014321136 
464 91 8 16 0.014320772 
600 246 28 63 0.014316883 
1 788 9 32 0.01431325 
835 379 28 63 0.014313203 
-6 782 270 155 0.014287506 
517 221 7 14 0.014246615 
169 192 8 18 0.014243728 
80 150 27 50 0.014224331 
873 616 9 16 0.014214666 
1009 258 30 64 0.014211057 
75 70 10 14 0.014205541 
1005 -108 19 26 0.014199347 
540 176 9 20 0.014180962 
526 175 10 23 0.014179991 
641 768 38 55 0.014175084 
489 189 10 21 0.014170394 
831 665 14 23 0.014170015 
465 241 9 19 0.014162183 
89 661 12 27 0.014157651 
133 625 34 78 0.014140491 
171 16 6 13 0.014140358 
10 -117 70 72 0.014117668 
167 685 10 22 0.014113532 
7 422 26 67 0.014102277 
431 389 19 32 0.014099363 
65 122 31 55 0.014097751 
106 382 9 22 0.014090217 
938 612 6 23 0.0140864365 
318 750 30 58 0.014085052 
419 800 18 31 0.014083515 
987 263 74 147 0.014065268 
28 666 37 71 0.014056786 
31 128 30 47 0.014037469 
552 664 11 20 0.01403479 
934 407 16 45 0.014032968 
898 666 9 17 0.014024078 
819 642 11 21 0.014017435 
314 33 6 9 0.0140139 
733 -108 34 21 0.014007005 
3 188 9 23 0.013961236 
648 276 30 59 0.013960358 
901 386 29 72 0.013957666 
102 358 14 36 0.013950737 
139 362 15 29 0.013948456 
883 703 10 22 0.013934337 
844 313 14 28 0.013928361 
419 -116 75 75 0.013927432 
233 273 28 57 0.013923295 
785 729 10 18 0.013911809 
289 124 178 164 0.013893498 
962 679 12 20 0.013891879 
935 665 11 24 0.013878056 
801 556 29 67 0.0138613675 
276 684 32 59 0.013859151 
168 55 120 112 0.013857548 
328 367 27 60 0.013839504 
732 546 14 24 0.013838956 
882 157 29 58 0.013831143 
958 313 28 61 0.013830675 
716 231 29 47 0.013829992 
276 594 46 66 0.01382799 
190 126 12 41 0.013817466 
359 273 28 49 0.013816464 
76 102 32 57 0.013802386 
46 154 19 29 0.013793108 
501 188 10 22 0.013757684 
76 418 11 22 0.013738399 
80 434 9 18 0.013727348 
94 412 8 15 0.013693283 
560 422 17 32 0.013683447 
486 355 15 39 0.013681909 
991 39 5 19 0.013681831 
63 804 14 23 0.013677887 
956 258 26 59 0.013665697 
673 246 29 53 0.0136467945 
867 124 32 58 0.01360696 
861 156 32 62 0.013602614 
787 757 7 14 0.013602498 
58 713 106 138 0.013595989 
603 358 11 20 0.013595867 
988 236 31 67 0.013585932 
496 831 19 44 0.013577474 
337 64 7 18 0.013561792 
864 249 30 57 0.013556435 
2 201 9 23 0.013552762 
700 823 20 39 0.013545185 
86 321 35 67 0.013523266 
245 574 94 125 0.013507142 
924 218 15 34 0.013490743 
185 -108 28 16 0.013490621 
836 332 30 62 0.013485755 
507 318 32 64 0.013465375 
216 407 27 74 0.0134643605 
155 683 12 25 0.013459035 
361 382 26 64 0.013456813 
59 51 87 97 0.013451611 
940 286 28 56 0.013442021 
540 213 81 109 0.013405016 
414 525 27 64 0.013392618 
36 95 31 52 0.013386954 
969 423 29 71 0.01336689 
675 407 92 107 0.01335804 
1010 382 16 34 0.013357337 
628 801 37 52 0.013351851 
579 87 321 435 0.013347171 
553 654 7 16 0.013337529 
955 405 27 64 0.013332724 
363 758 33 55 0.013332315 
64 627 30 67 0.013295227 
900 99 28 52 0.013274387 
2 117 7 17 0.01326458 
482 830 20 46 0.013261252 
192 634 30 79 0.013260405 
922 247 32 68 0.013256911 
986 791 12 25 0.013237151 
30 235 30 56 0.01322036 
904 149 31 70 0.0132164415 
513 188 10 23 0.013198349 
101 654 15 35 0.013189564 
801 430 26 68 0.01318424 
750 294 19 37 0.013177208 
55 5 7 11 0.013153951 
192 704 29 62 0.013145188 
295 615 11 18 0.013137837 
782 301 15 25 0.0131288245 
819 495 16 29 0.013128238 
568 536 6 18 0.01312536 
112 523 29 58 0.013118166 
109 770 32 60 0.013100332 
286 261 34 67 0.013095647 
178 366 36 69 0.013087834 
629 166 9 21 0.013073511 
247 679 9 21 0.013047309 
556 642 5 14 0.01304209 
467 -116 80 75 0.013037071 
961 725 12 24 0.0130309295 
259 235 33 66 0.013020936 
166 118 12 34 0.013015235 
261 602 9 16 0.013013838 
815 434 29 66 0.012990364 
772 600 8 18 0.012987618 
1 215 9 21 0.012986457 
25 370 33 54 0.012961525 
287 62 6 20 0.012936513 
967 90 25 62 0.012928827 
531 208 7 15 0.012926105 
544 655 7 15 0.012885261 
180 683 11 28 0.0128790755 
769 511 8 17 0.012878785 
463 634 146 164 0.012868314 
100 101 29 56 0.012862962 
844 281 13 22 0.012846212 
40 627 28 70 0.012844579 
688 388 35 73 0.0128429225 
643 114 8 19 0.012832783 
913 444 26 63 0.012807919 
230 640 14 31 0.0128078535 
990 14 6 17 0.012795054 
259 585 10 20 0.012771549 
987 590 9 14 0.012761381 
986 387 28 56 0.012750793 
486 374 32 71 0.012733506 
684 462 92 121 0.012722457 
448 266 10 21 0.0127221085 
619 288 33 67 0.012720529 
299 -108 30 16 0.012709019 
3 76 7 23 0.012703509 
860 384 29 62 0.0127016185 
139 336 36 62 0.0127008 
723 437 31 59 0.01266358 
496 679 27 48 0.012650059 
111 277 33 51 0.012631115 
777 261 30 48 0.012604075 
370 793 39 64 0.01260211 
138 802 18 30 0.012595316 
73 670 36 75 0.012584274 
704 376 31 65 0.012577858 
973 791 12 23 0.012572358 
828 663 37 56 0.012570595 
701 476 30 55 0.012567712 
343 392 26 63 0.012564061 
139 653 14 36 0.012559886 
811 516 8 16 0.012555913 
517 -116 81 75 0.012555403 
528 190 10 21 0.01254341 
374 360 31 71 0.012513548 
198 307 30 62 0.012512563 
386 402 25 68 0.012511172 
938 431 28 64 0.012506255 
779 682 14 33 0.012503741 
993 495 39 72 0.012494306 
396 765 36 59 0.012486589 
534 210 29 48 0.012484008 
213 621 37 80 0.012483768 
928 591 6 15 0.012481545 
850 77 6 17 0.012472439 
2 89 7 22 0.012457523 
223 86 24 62 0.012450738 
163 653 16 40 0.012449098 
75 745 33 72 0.012447777 
953 143 28 64 0.012439204 
527 796 34 56 0.012429813 
274 -108 29 16 0.01240593 
25 789 14 32 0.012404738 
89 348 16 34 0.012402823 
136 733 32 57 0.012401305 
456 830 21 46 0.012348657 
709 102 6 18 0.012340726 
663 725 32 50 0.0123313945 
757 597 10 20 0.012330782 
508 379 35 69 0.012323442 
529 642 6 14 0.012318046 
475 101 8 21 0.012310031 
473 365 13 28 0.012307213 
870 539 11 17 0.0123057645 
363 83 6 14 0.012305706 
999 708 32 69 0.012303748 
235 214 29 65 0.012293622 
105 378 75 124 0.012278532 
873 396 27 63 0.012270778 
889 380 27 64 0.012261021 
462 795 32 58 0.012258186 
965 65 7 19 0.012246489 
91 458 27 59 0.012236711 
519 292 29 59 0.012235142 
622 691 33 58 0.012229117 
776 343 18 30 0.012224475 
514 203 9 18 0.012219708 
771 629 9 18 0.012205764 
476 678 77 84 0.012192491 
436 795 35 60 0.012186461 
1004 665 34 62 0.012183834 
865 517 18 28 0.012172476 
978 719 32 61 0.012162663 
55 581 29 69 0.012151451 
588 403 30 63 0.01214042 
308 366 29 60 0.012134817 
881 685 15 30 0.012094494 
607 552 6 18 0.012092755 
369 -115 71 75 0.012085097 
514 653 8 18 0.012067028 
512 384 16 38 0.012066734 
796 176 30 57 0.01205014 
600 741 31 51 0.012028798 
93 70 8 12 0.012020516 
427 402 28 63 0.012018183 
215 803 17 27 0.012010146 
822 289 25 32 0.012008448 
114 626 32 73 0.012001549 
-2 559 86 142 0.011993679 
126 713 30 59 0.011991873 
582 -115 79 74 0.01199055 
828 571 18 24 0.011984937 
79 199 32 65 0.011978326 
814 252 19 29 0.011975048 
215 205 25 64 0.011956636 
420 751 32 56 0.011944082 
110 143 32 61 0.011937161 
502 793 31 56 0.0119093135 
64 249 30 58 0.011909061 
890 176 31 70 0.011906672 
470 293 28 51 0.011901826 
230 706 10 19 0.011896343 
321 407 27 63 0.011889741 
948 781 38 63 0.011877468 
334 742 31 63 0.011873966 
718 390 29 64 0.011870815 
151 397 26 59 0.011864039 
885 325 30 66 0.011863532 
456 713 26 45 0.011860009 
813 22 159 165 0.011846762 
792 376 28 56 0.011823122 
751 117 35 58 0.0118222255 
235 100 24 64 0.011820811 
1011 477 17 33 0.01180255 
919 140 31 67 0.011792564 
311 590 11 17 0.011778775 
417 273 30 58 0.01177711 
179 210 29 56 0.01175593 
741 229 29 47 0.011750086 
803 796 42 59 0.011735141 
670 115 7 18 0.011734555 
449 278 10 21 0.011724516 
766 484 13 22 0.011721908 
577 667 10 18 0.011703131 
990 27 6 18 0.011699921 
724 822 23 41 0.011679077 
882 361 27 58 0.011660159 
631 603 28 56 0.011656549 
708 -108 32 17 0.0116460165 
831 338 14 32 0.01164588 
703 438 32 54 0.01163665 
803 401 29 57 0.011629556 
138 679 37 66 0.011627951 
543 617 6 16 0.011622083 
920 330 30 67 0.0115832295 
733 413 30 65 0.011556712 
192 591 29 62 0.0115434285 
62 788 40 65 0.011527785 
723 476 36 63 0.01152577 
843 637 53 75 0.0115125 
248 -108 29 16 0.011502406 
324 -108 32 17 0.011502005 
150 803 18 30 0.0114972405 
539 774 31 53 0.01148251 
922 418 28 63 0.011473355 
127 546 88 132 0.011472214 
580 538 6 18 0.011465938 
2 -109 13 33 0.011457829 
140 437 24 59 0.011448381 
293 587 15 22 0.0114437025 
767 668 17 36 0.011440283 
35 750 34 69 0.011437953 
570 552 6 17 0.01142988 
185 734 33 57 0.011411936 
989 804 42 96 0.011404348 
753 383 33 69 0.011365502 
775 418 28 63 0.011362469 
13 343 36 65 0.011362041 
229 734 30 55 0.011358507 
456 329 32 58 0.011339663 
7 139 26 52 0.011338327 
88 811 17 32 0.011320776 
817 169 28 48 0.011316732 
650 241 31 65 0.011314576 
1 447 23 62 0.0113062365 
3 586 9 23 0.011291726 
552 797 33 56 0.011291007 
508 440 32 57 0.011290788 
164 803 17 29 0.0112822 
374 405 23 67 0.011279493 
744 330 15 27 0.011279253 
1015 641 10 22 0.01126738 
197 207 27 59 0.0112611465 
783 716 12 22 0.01125855 
979 731 7 15 0.011258394 
510 679 31 53 0.011250484 
679 797 38 63 0.011240894 
809 497 9 24 0.011235118 
567 757 31 57 0.011212792 
296 725 30 62 0.011212003 
965 129 25 63 0.0111946985 
61 165 15 27 0.011188308 
956 107 26 59 0.011174522 
86 234 31 59 0.011172719 
656 114 7 20 0.011149723 
913 603 6 17 0.011118831 
605 368 33 62 0.01111425 
299 395 29 62 0.011088489 
1011 -84 13 33 0.011086654 
472 265 27 53 0.01105763 
209 -108 30 16 0.01102868 
936 142 29 66 0.011027921 
584 198 29 49 0.011027858 
898 296 29 55 0.01101846 
509 736 30 65 0.011009764 
178 627 14 32 0.011005238 
39 572 27 62 0.011004771 
113 457 29 63 0.010997876 
602 341 30 57 0.01099755 
964 759 36 70 0.010995863 
984 90 22 62 0.010990974 
163 357 32 59 0.010990141 
249 5 6 10 0.010986177 
537 364 26 53 0.010976803 
188 423 28 64 0.010969241 
343 776 35 53 0.010968312 
202 804 17 27 0.010965063 
590 291 30 63 0.010937239 
205 491 32 61 0.010932381 
511 413 15 35 0.010923599 
334 308 17 31 0.010923311 
1001 379 33 62 0.010918773 
951 65 8 19 0.010917028 
814 317 20 34 0.010916842 
348 -108 35 17 0.010915061 
257 79 28 63 0.010894602 
309 575 11 19 0.010889978 
176 803 18 29 0.010887853 
595 177 13 26 0.010883997 
631 365 33 63 0.01088318 
101 454 148 195 0.010882112 
753 320 16 29 0.010879178 
712 822 22 41 0.010872098 
822 90 30 63 0.010863876 
627 326 28 56 0.010856572 
182 747 95 89 0.010848489 
876 65 6 17 0.010847615 
606 591 5 16 0.010824753 
564 719 29 59 0.010819249 
869 664 13 19 0.010814443 
513 772 30 55 0.010807901 
27 -9 8 14 0.010797914 
668 397 31 71 0.0107876705 
284 599 10 18 0.010780291 
376 646 28 59 0.010772354 
643 520 6 11 0.010767712 
443 489 21 64 0.010764228 
115 359 13 31 0.010762156 
634 -114 77 72 0.010761039 
917 781 37 50 0.010760552 
709 693 32 59 0.010728936 
557 589 5 16 0.010719228 
921 677 30 67 0.010717478 
841 696 18 31 0.010708629 
201 532 86 109 0.010705125 
105 713 29 63 0.010704275 
48 453 31 67 0.010693434 
93 588 27 61 0.010676495 
580 777 34 51 0.010675739 
755 237 30 50 0.010649618 
589 331 12 25 0.010647818 
950 446 29 64 0.010647737 
719 171 31 57 0.010637555 
229 690 10 23 0.010622546 
377 555 26 55 0.010611021 
925 -108 32 16 0.01060997 
929 302 28 56 0.010599088 
207 733 30 52 0.01059178 
129 96 30 65 0.01058433 
835 786 39 45 0.010558039 
737 822 22 40 0.010556714 
873 312 29 64 0.010553736 
407 791 39 66 0.010547165 
663 206 30 57 0.010545751 
775 346 28 58 0.010521647 
227 823 19 39 0.010518541 
275 19 5 10 0.010518371 
288 21 5 8 0.0105136875 
79 50 8 17 0.010510424 
786 742 8 17 0.010503077 
620 743 30 51 0.0104921805 
886 786 31 47 0.010489101 
597 644 30 59 0.0104888985 
710 69 28 64 0.010486974 
193 547 28 56 0.010485479 
128 362 13 27 0.0104847755 
299 687 35 59 0.010480948 
912 493 31 68 0.010474136 
9 513 26 59 0.010471497 
477 678 27 47 0.010458737 
698 580 35 62 0.010451318 
161 275 27 53 0.010439997 
681 -108 35 17 0.01043703 
665 775 36 53 0.010432584 
916 105 34 64 0.010424416 
439 717 29 46 0.0104184225 
180 308 28 58 0.010412736 
167 682 33 72 0.010409159 
812 233 20 31 0.0103952475 
554 115 7 19 0.010392409 
828 296 34 71 0.0103918435 
996 801 16 37 0.010373931 
226 450 18 43 0.010370545 
381 183 33 49 0.010370525 
873 635 11 22 0.010368245 
399 -108 36 17 0.010361837 
844 558 18 23 0.010350059 
283 587 10 21 0.010326321 
445 396 30 59 0.010322402 
189 804 18 28 0.010314933 
181 246 127 166 0.010314933 
178 494 29 58 0.010294284 
741 686 43 70 0.010293459 
588 693 34 51 0.01028901 
888 419 28 67 0.01027647 
152 651 18 42 0.010259897 
415 221 29 57 0.010253527 
818 625 13 25 0.010249599 
616 780 34 49 0.01024073 
324 119 28 62 0.010234373 
850 -94 27 27 0.0102306735 
335 -111 68 54 0.01021023 
806 536 33 49 0.010195331 
2 63 7 24 0.010194494 
398 488 24 61 0.01019434 
44 360 149 221 0.010179142 
509 246 29 58 0.010176812 
307 605 16 26 0.01017325 
462 758 30 53 0.010147975 
607 565 6 18 0.010115322 
430 493 24 65 0.010112171 
134 592 27 57 0.010098663 
770 754 9 18 0.01009285 
151 759 35 54 0.010092797 
7 541 23 62 0.010091849 
269 178 27 52 0.010083439 
282 404 27 65 0.010073217 
642 436 31 61 0.010058672 
589 314 13 29 0.010058055 
529 753 30 59 0.010048355 
225 564 38 63 0.010037584 
343 347 19 34 0.010020867 
511 475 27 56 0.0100165885 
999 126 22 65 0.010003309 
