7_Cheering_Cheering_7_500
256
443 138 333 445 0.9973157 
155 24 188 247 0.1029744 
820 291 78 131 0.06956551 
852 644 237 260 0.06633405 
350 628 9 30 0.058450866 
361 628 8 31 0.04613259 
403 72 18 37 0.04524288 
382 549 11 38 0.041824587 
377 579 7 28 0.038835265 
378 562 8 31 0.03595377 
417 75 17 34 0.03293008 
782 374 144 225 0.030091597 
838 243 16 30 0.02993262 
894 -13 147 258 0.02989329 
359 49 11 34 0.028882649 
385 33 12 36 0.028785195 
-44 657 283 346 0.028177878 
921 320 13 41 0.02623958 
387 576 7 30 0.025466254 
364 579 7 26 0.025347412 
874 114 85 131 0.024874648 
814 159 145 259 0.02475972 
350 656 7 21 0.02444492 
337 630 8 25 0.02407697 
339 212 132 249 0.023707896 
260 602 8 24 0.023624789 
884 115 9 34 0.023358606 
893 302 14 42 0.023090469 
8 -163 233 149 0.022929827 
337 644 7 22 0.022547757 
218 573 12 36 0.022170061 
231 573 10 33 0.022072356 
373 37 10 33 0.021937314 
766 318 79 145 0.021858582 
338 619 6 23 0.021639224 
910 317 12 41 0.021610977 
447 10 151 187 0.02152892 
926 573 25 40 0.021504812 
732 126 134 248 0.0215033 
246 589 10 30 0.021323336 
932 279 13 41 0.021312853 
272 251 7 21 0.021082826 
276 621 6 19 0.020956509 
362 603 7 29 0.020883704 
401 567 7 27 0.020864062 
284 622 8 20 0.020428972 
-26 139 135 219 0.020082558 
396 25 14 35 0.020036189 
257 590 10 28 0.019984465 
324 603 8 25 0.01972952 
310 603 9 28 0.019487254 
183 397 170 222 0.019396367 
923 277 11 38 0.019353006 
998 278 10 31 0.019325666 
976 728 41 104 0.019190218 
398 55 11 27 0.019057818 
922 227 14 42 0.018770661 
745 167 9 30 0.018747894 
410 58 11 23 0.018512588 
385 589 8 30 0.018292695 
276 238 6 20 0.018163562 
335 658 8 20 0.01799303 
244 634 7 20 0.017846934 
326 573 11 36 0.017739268 
239 152 187 268 0.017583158 
932 331 15 43 0.017531589 
528 57 121 117 0.01740326 
388 157 96 154 0.017239118 
29 153 19 31 0.01722945 
375 600 8 32 0.017198417 
438 626 11 37 0.016850222 
312 617 7 24 0.016669791 
372 629 9 31 0.016640522 
76 160 13 19 0.01648311 
-21 -10 134 221 0.016385917 
860 313 84 146 0.016366715 
34 185 16 21 0.01635554 
325 632 6 20 0.016321607 
827 11 14 33 0.01629549 
870 128 12 35 0.016254023 
908 288 12 40 0.016153425 
388 69 10 23 0.016117234 
261 620 6 19 0.015930802 
374 643 8 26 0.015843578 
748 155 9 23 0.015655152 
946 178 12 36 0.015640683 
880 138 16 44 0.015634062 
283 234 8 24 0.015631054 
933 254 11 32 0.015542861 
247 622 7 20 0.015391596 
351 606 6 24 0.015373843 
898 99 10 38 0.015368732 
89 37 12 34 0.015168761 
794 67 140 212 0.01506176 
908 -155 137 95 0.015026009 
297 619 7 23 0.015020491 
219 56 117 116 0.015007091 
880 416 13 40 0.014979485 
402 590 8 32 0.014974744 
808 192 85 143 0.014956349 
274 707 339 283 0.0149363475 
876 222 158 260 0.014933997 
943 338 16 44 0.014931941 
0 193 13 29 0.014881654 
150 87 22 37 0.0148712825 
73 129 17 29 0.014731017 
1014 282 9 28 0.014718889 
781 512 171 200 0.014641005 
180 491 11 37 0.014490445 
374 66 8 24 0.014409276 
364 658 6 20 0.014348125 
920 421 148 207 0.014327377 
893 138 18 44 0.014324374 
883 329 12 33 0.014261208 
682 257 154 264 0.014244994 
387 19 10 24 0.014240281 
102 143 12 25 0.014180976 
309 566 7 22 0.014155587 
804 14 15 31 0.014146408 
792 215 13 36 0.014077029 
411 589 9 35 0.014046659 
232 604 9 25 0.01403186 
271 608 7 18 0.013994833 
895 325 14 43 0.013954627 
818 11 15 32 0.013953579 
729 166 11 37 0.01392188 
320 126 12 34 0.013839021 
880 372 13 33 0.013821417 
945 294 13 37 0.01380323 
409 36 12 26 0.01380042 
364 556 6 23 0.013797363 
947 731 48 101 0.013789202 
233 631 9 25 0.013764195 
216 550 14 37 0.013711005 
348 589 9 28 0.013708922 
89 61 12 29 0.013664493 
275 631 6 21 0.01363223 
893 444 15 38 0.013626154 
298 47 188 240 0.013568401 
501 580 8 28 0.013485812 
119 662 7 22 0.013469974 
169 515 7 25 0.013440466 
304 40 16 30 0.013400729 
8 525 19 32 0.013396359 
92 160 10 18 0.013259961 
410 220 11 32 0.013228112 
91 146 11 22 0.013168578 
1 147 13 22 0.013131104 
879 212 17 47 0.013128176 
771 66 94 135 0.01312526 
100 65 12 26 0.0130954 
611 65 186 177 0.012970143 
933 520 15 37 0.012904891 
36 146 14 21 0.012868459 
960 374 11 30 0.012841309 
714 165 14 40 0.01282748 
2 188 9 18 0.012809826 
888 125 37 87 0.0127704255 
961 498 72 103 0.012768681 
333 568 10 32 0.012690371 
756 195 9 25 0.012645246 
808 219 12 32 0.012635796 
738 402 79 77 0.012621586 
853 250 17 39 0.012418077 
870 235 14 41 0.012417959 
350 567 7 24 0.012324184 
957 353 12 37 0.012266126 
967 443 18 30 0.012221872 
285 222 8 25 0.012205419 
313 632 6 20 0.012202269 
246 646 7 19 0.012174035 
833 237 14 27 0.012081726 
286 603 9 21 0.012080565 
146 63 23 35 0.012020697 
178 552 12 39 0.011976432 
297 605 8 23 0.011970281 
398 553 9 31 0.011941092 
881 303 14 38 0.011932596 
349 41 8 25 0.0119177895 
375 539 10 35 0.011895602 
868 330 15 33 0.011873054 
845 647 11 23 0.011832965 
32 196 19 24 0.011809453 
938 305 12 36 0.011788871 
284 587 11 28 0.011776843 
782 216 12 32 0.011741014 
220 366 5 18 0.011603563 
868 102 13 32 0.011588718 
875 208 32 89 0.011536401 
434 95 12 22 0.011494148 
286 646 6 18 0.0114476625 
73 166 19 31 0.0114341425 
181 524 9 31 0.011429767 
338 558 6 21 0.011397453 
325 619 7 22 0.011389068 
109 101 16 32 0.011371086 
931 228 14 40 0.011358496 
837 293 34 69 0.011347038 
648 543 54 130 0.011288734 
322 73 9 16 0.011224206 
336 607 7 23 0.011223766 
335 673 8 19 0.011169342 
1009 501 16 37 0.011164367 
102 80 12 23 0.01115496 
6 626 29 39 0.011145265 
840 266 17 34 0.011129495 
922 364 14 26 0.0111237755 
961 389 12 29 0.011116445 
986 277 12 36 0.011067702 
294 226 13 38 0.011061212 
140 77 18 30 0.011007444 
350 672 6 18 0.010922091 
511 584 13 43 0.010872514 
752 240 77 160 0.010869679 
983 337 16 47 0.010827556 
771 197 10 22 0.010797618 
427 642 8 29 0.010772781 
408 245 14 30 0.010771441 
919 531 18 33 0.010762898 
218 600 13 32 0.010760212 
309 74 10 15 0.010729978 
311 646 8 20 0.0107035795 
88 132 12 23 0.010700995 
758 170 8 22 0.010675501 
438 248 7 27 0.01060594 
189 83 17 22 0.010577752 
614 661 337 348 0.01049945 
205 538 13 27 0.010496538 
350 52 9 29 0.01049369 
974 367 11 36 0.010486122 
818 304 14 36 0.010467224 
296 563 11 24 0.010456793 
880 25 18 43 0.0104206195 
881 445 15 36 0.010401834 
87 167 13 26 0.010396608 
995 209 16 34 0.010393256 
492 586 6 18 0.010381409 
964 492 23 34 0.0103766825 
896 275 12 39 0.010367598 
361 422 36 106 0.010350528 
629 16 11 28 0.010347306 
262 635 6 17 0.010339496 
135 203 56 79 0.010263617 
959 434 18 33 0.010244772 
708 427 175 254 0.010231605 
948 257 10 28 0.01018601 
861 389 90 156 0.010170446 
745 218 9 30 0.010139717 
325 645 6 20 0.010138534 
162 89 18 31 0.010115266 
247 276 6 19 0.010090567 
321 44 9 23 0.010082678 
425 261 8 23 0.0100280875 
374 17 8 20 0.010027951 
914 685 8 19 0.010022055 
410 564 10 33 0.010011737 
