7_Cheering_Cheering_7_631
2728
387 198 146 213 0.9995732 
706 310 107 178 0.97465026 
136 1074 98 154 0.59603375 
137 1067 35 116 0.3744173 
73 631 12 37 0.15990101 
64 764 24 74 0.1493566 
218 874 19 47 0.14167927 
273 734 30 66 0.12657306 
11 1118 16 68 0.12140341 
749 281 123 166 0.11294454 
6 510 17 48 0.110111125 
498 702 13 34 0.10854985 
653 1316 13 45 0.108268924 
442 1436 8 31 0.10657658 
162 565 21 48 0.10555392 
210 604 15 44 0.10533742 
87 703 17 46 0.09900773 
24 1022 21 71 0.098912545 
3 524 13 46 0.098120295 
732 151 8 34 0.09768791 
163 1102 21 82 0.0963438 
103 602 18 48 0.09590106 
775 134 6 25 0.0924187 
13 1026 18 63 0.09234197 
299 1074 19 78 0.090523355 
511 705 12 32 0.08927736 
184 1044 117 157 0.088940285 
448 1401 7 26 0.08878406 
-7 1336 124 215 0.08552346 
219 606 17 42 0.08509137 
456 1399 9 31 0.084970966 
730 1056 10 33 0.08249743 
485 1196 6 21 0.08179875 
771 150 7 31 0.08087449 
521 1503 7 25 0.080669224 
753 151 7 31 0.08065213 
561 727 9 27 0.0785439 
348 1195 7 16 0.078295246 
189 1277 12 37 0.07684747 
465 1195 7 22 0.07616569 
-4 1118 15 68 0.07553468 
714 150 8 34 0.07432436 
454 1417 10 35 0.07431212 
365 1209 9 21 0.074073575 
144 492 16 38 0.07373603 
434 1484 14 51 0.07356508 
367 1200 8 15 0.07345043 
83 276 16 47 0.07315712 
485 1212 6 22 0.07147755 
448 1423 6 28 0.071473375 
467 185 131 191 0.0707376 
440 1456 9 32 0.070539646 
557 864 7 23 0.06989607 
93 620 15 42 0.06847235 
275 963 22 53 0.06734565 
280 1089 22 81 0.066920474 
788 148 8 36 0.066344164 
602 1466 22 58 0.065735154 
711 162 10 41 0.0656656 
461 1174 6 22 0.06560405 
462 1230 8 33 0.06500117 
859 1410 14 50 0.06459754 
7 543 15 48 0.0645368 
264 928 19 41 0.0643092 
459 1386 7 26 0.064256676 
80 546 21 43 0.06402272 
106 721 15 45 0.06382751 
906 1043 8 25 0.06365756 
514 695 10 25 0.06347056 
376 933 19 43 0.063158825 
465 1211 7 27 0.063060224 
513 716 17 49 0.062426556 
602 1277 209 289 0.061815448 
501 1502 7 27 0.061776824 
562 1367 6 20 0.061716113 
-280 979 213 443 0.06122271 
752 131 7 29 0.06078422 
694 167 8 35 0.060627636 
595 647 10 32 0.060397066 
448 1175 6 20 0.060252585 
149 565 21 48 0.06021043 
421 735 10 18 0.059838496 
348 1308 7 21 0.059612207 
729 182 10 40 0.058884617 
460 1334 11 42 0.058774687 
559 716 8 21 0.058731094 
175 1364 10 25 0.058621556 
110 587 16 39 0.058469214 
611 1433 11 38 0.058405045 
657 649 9 31 0.05840054 
4 1421 24 77 0.057677153 
91 728 19 64 0.057362687 
366 1405 7 20 0.057194334 
699 292 48 138 0.057192896 
659 1313 22 51 0.05711573 
-3 852 12 52 0.056933757 
596 1492 11 35 0.056887638 
525 1369 5 17 0.05678574 
309 1304 8 30 0.056674168 
149 1048 16 62 0.0566535 
109 1317 15 48 0.056544553 
593 688 10 32 0.05636738 
422 1134 8 23 0.056284502 
750 185 9 36 0.0562651 
313 1285 7 30 0.05556374 
308 1500 7 25 0.05540709 
456 1319 11 40 0.05534697 
448 1158 6 20 0.055169128 
17 1254 11 47 0.055106524 
1029 -111 260 634 0.05505932 
571 579 16 28 0.05497188 
485 1231 6 24 0.054739673 
0 1401 11 42 0.054652628 
323 1286 8 28 0.054650728 
128 798 16 42 0.05464835 
386 1464 7 27 0.054591488 
367 1423 7 22 0.054248273 
330 1505 6 22 0.054130528 
1023 1210 5 24 0.0540532 
61 632 13 40 0.05401816 
674 1035 8 25 0.053938143 
209 1280 10 34 0.053770836 
77 705 14 42 0.05366196 
328 1305 7 27 0.053588253 
-2 1028 11 50 0.05357577 
609 531 15 35 0.05351321 
312 1262 9 33 0.053336795 
1008 1212 5 25 0.053092845 
675 1102 7 17 0.053086724 
403 1111 10 27 0.053053305 
15 1172 13 63 0.052968163 
789 133 7 30 0.052950967 
402 1130 10 32 0.05294939 
105 762 22 60 0.052943673 
368 1462 8 29 0.052751485 
460 1156 7 23 0.05273685 
344 1207 10 26 0.052629318 
367 1290 6 20 0.052603174 
277 934 19 39 0.05259755 
367 1307 7 21 0.052328475 
132 157 13 52 0.052165084 
307 1323 8 30 0.05209817 
384 392 12 38 0.051884167 
31 1305 17 65 0.051838998 
163 1026 17 53 0.0518287 
447 1321 9 33 0.051645983 
656 633 8 25 0.051443785 
2 556 12 45 0.051300026 
122 232 22 66 0.05117923 
86 637 17 46 0.05071839 
207 699 14 41 0.050692182 
245 95 16 34 0.05065643 
184 1362 12 30 0.050529763 
732 126 9 36 0.0505058 
332 1350 6 19 0.050021954 
918 1448 14 42 0.04985809 
399 436 12 37 0.049834255 
53 1299 13 43 0.04981577 
520 1513 9 33 0.04975586 
175 1281 10 32 0.049708113 
148 705 13 33 0.04936826 
346 1328 7 21 0.04931814 
382 1211 8 18 0.04927335 
478 1341 8 30 0.049260747 
1023 1197 5 21 0.049198467 
667 662 16 52 0.04914906 
141 869 20 45 0.049139164 
321 1265 9 30 0.049137026 
365 686 16 35 0.04886568 
107 684 14 39 0.04884296 
541 1368 5 18 0.048840046 
-18 1126 12 52 0.048824865 
457 1254 11 43 0.048659794 
626 528 16 39 0.048644222 
401 450 15 49 0.048143916 
424 1381 8 29 0.04812501 
819 1265 13 31 0.048036337 
676 167 8 33 0.047956027 
504 1213 5 20 0.04792299 
666 648 12 35 0.047817674 
153 1003 9 26 0.047699496 
659 1103 7 16 0.04764474 
73 298 14 37 0.04761404 
785 1395 13 46 0.047562785 
315 1078 19 70 0.04754032 
449 1195 5 18 0.0475281 
85 765 22 65 0.04752737 
501 1468 7 20 0.047521114 
331 1326 6 24 0.04748875 
574 632 9 24 0.047483556 
264 723 20 53 0.04745858 
70 1314 17 51 0.047456 
486 1178 6 18 0.04741267 
184 569 17 40 0.04740741 
424 1511 11 35 0.04740101 
443 1336 12 42 0.04734563 
461 746 10 23 0.047337648 
-19 1024 13 55 0.047296006 
434 1445 5 20 0.047265418 
136 496 13 31 0.04719012 
19 1282 10 43 0.04718896 
576 1366 7 20 0.047187157 
383 1200 7 15 0.04718106 
185 1378 12 30 0.047174446 
112 1303 12 36 0.047169082 
91 686 16 43 0.04714569 
134 1301 10 32 0.047046296 
151 689 11 30 0.04700246 
594 1513 13 36 0.04692761 
427 1156 6 21 0.046917234 
346 1502 7 24 0.046888284 
57 1109 10 34 0.046870004 
288 1500 8 24 0.04676552 
601 1442 7 27 0.046711788 
222 1276 16 48 0.046689138 
661 295 51 143 0.04660523 
70 648 18 56 0.046590082 
559 854 6 17 0.046515 
77 613 11 31 0.04643999 
750 110 8 29 0.046419803 
385 1499 8 28 0.046362635 
92 1317 14 46 0.046341904 
641 1324 8 29 0.04633571 
405 1234 7 18 0.04624947 
592 467 16 58 0.046079468 
123 1383 24 65 0.04602572 
404 196 8 25 0.045897048 
635 1035 9 23 0.045861017 
717 1060 6 23 0.045810517 
387 1251 7 19 0.04579874 
386 613 37 60 0.045757342 
152 1262 10 26 0.04561961 
602 506 19 49 0.045511894 
146 523 19 43 0.04526418 
12 497 15 39 0.04503159 
175 1378 11 30 0.045028582 
1008 1195 5 23 0.045015335 
385 1444 7 25 0.045003217 
635 1399 10 37 0.04494505 
561 1383 6 19 0.044893306 
135 706 11 31 0.04488168 
51 1261 13 39 0.04476695 
303 580 143 152 0.044761658 
-255 927 90 244 0.044646874 
247 920 13 34 0.04462442 
173 1267 10 31 0.044610295 
350 1292 7 21 0.044562604 
346 1425 7 21 0.044487733 
294 1323 7 30 0.04447189 
400 202 12 40 0.04441475 
243 891 15 45 0.044401985 
323 1245 8 27 0.04423213 
123 772 18 48 0.04419065 
57 1089 11 36 0.04415888 
238 1007 19 47 0.044139516 
257 529 20 40 0.044078674 
573 646 10 32 0.04406151 
227 639 12 41 0.0440344 
637 1362 8 28 0.044012513 
347 1350 6 19 0.043915078 
595 578 11 27 0.043841336 
500 1195 6 22 0.04379941 
614 1401 10 36 0.043794222 
204 720 14 41 0.043726917 
227 908 15 44 0.04370611 
522 1464 7 23 0.043681566 
693 1056 7 26 0.04366467 
387 412 10 35 0.043642808 
-5 882 13 59 0.043636117 
404 1102 9 20 0.043599285 
558 739 11 33 0.043594703 
51 1043 15 50 0.043541256 
374 685 16 35 0.043533377 
243 788 18 57 0.04352426 
691 1101 7 19 0.043514293 
385 1288 7 22 0.043500304 
173 1000 9 23 0.043476745 
444 1265 9 32 0.043426313 
784 501 223 364 0.043425173 
386 1269 7 21 0.04333135 
209 143 20 43 0.043173786 
147 455 13 32 0.043168105 
655 613 9 27 0.043151285 
313 1246 8 31 0.043092135 
442 1359 11 39 0.043078665 
32 1124 12 47 0.04302251 
669 547 13 38 0.042925872 
386 1233 7 19 0.04292346 
421 1117 8 22 0.04286597 
845 1413 12 44 0.042810638 
91 589 15 35 0.04280045 
654 1287 12 34 0.04270471 
145 794 17 45 0.042696428 
369 1330 6 18 0.04268514 
35 1278 12 47 0.042662703 
153 1285 10 29 0.042597994 
347 1384 7 21 0.042448424 
312 1347 6 23 0.042446416 
226 1316 13 42 0.0424316 
31 1182 13 49 0.042412154 
570 729 9 24 0.04228527 
81 1100 108 178 0.04218432 
134 1286 10 27 0.0421843 
366 1385 7 20 0.04209273 
296 663 19 37 0.04207879 
-5 705 14 67 0.042060714 
114 574 13 33 0.04203204 
774 110 7 28 0.041964345 
364 1225 10 26 0.041952126 
639 1311 9 27 0.041879162 
348 1181 7 18 0.041837994 
441 1276 11 40 0.04182543 
1005 1229 6 26 0.04179113 
787 1379 10 33 0.041714013 
505 1232 5 21 0.041712448 
522 617 8 21 0.041691832 
213 1301 9 29 0.041689787 
601 536 10 25 0.041685212 
70 1090 12 33 0.041670315 
384 1108 13 34 0.041656014 
114 1286 10 28 0.04159942 
1023 1176 6 24 0.04153645 
203 1410 20 46 0.041532733 
609 549 15 36 0.041528188 
501 678 9 24 0.041509315 
73 1070 12 34 0.041442636 
366 1269 7 21 0.041361593 
597 1463 11 32 0.041360967 
187 1396 13 33 0.04125707 
141 1003 7 24 0.04120716 
57 1128 10 33 0.04120133 
819 1284 13 33 0.041186657 
392 933 16 37 0.041172896 
516 635 12 31 0.041150443 
134 690 10 29 0.041082803 
169 1133 24 89 0.041045565 
92 661 15 43 0.04101435 
197 558 236 280 0.04093247 
134 510 16 36 0.0409255 
675 186 9 32 0.04090765 
163 596 19 49 0.04090452 
95 1246 11 29 0.040902365 
69 1130 12 30 0.040882517 
326 1515 10 29 0.040848333 
292 1342 8 28 0.040838998 
406 1252 7 20 0.040823642 
410 734 8 18 0.04075558 
47 1214 18 52 0.040747445 
346 1367 6 19 0.040732153 
163 511 17 40 0.040659245 
482 1246 7 26 0.040548977 
540 1383 6 20 0.040506255 
597 630 9 26 0.04048328 
640 1340 8 28 0.04044714 
610 451 13 40 0.04032236 
324 435 12 34 0.04028127 
707 317 21 59 0.04027649 
884 918 16 33 0.040222805 
429 1177 6 19 0.040171668 
312 1367 5 18 0.040001538 
171 1016 11 33 0.03999837 
91 321 15 39 0.03996202 
499 1513 9 34 0.039935287 
561 650 9 26 0.03991781 
93 1302 12 36 0.039885677 
133 870 16 43 0.039877642 
457 1454 10 33 0.039857656 
1024 1230 5 23 0.039784297 
637 1377 8 29 0.039658878 
169 498 11 28 0.03962813 
600 1367 7 21 0.03957816 
820 1317 17 40 0.039523665 
546 853 5 17 0.039519448 
296 337 21 57 0.039515898 
366 1442 9 25 0.03951084 
428 1498 8 29 0.039485034 
788 200 13 40 0.039463248 
168 683 14 36 0.03946282 
115 1268 10 25 0.03945005 
150 721 13 33 0.039441537 
326 1226 9 28 0.039417002 
292 1308 7 28 0.03938062 
318 891 24 47 0.039327223 
562 1086 5 15 0.039315183 
-2 623 12 53 0.039278045 
371 1350 6 18 0.03926091 
444 746 10 23 0.03917465 
459 1360 9 32 0.039164454 
677 1053 7 25 0.039117485 
188 998 11 26 0.039088905 
688 333 20 63 0.03904196 
131 1319 12 38 0.03901887 
551 175 14 21 0.038890883 
443 731 11 21 0.038873006 
418 189 12 31 0.0388675 
691 1038 7 26 0.038798027 
36 543 13 37 0.038792536 
481 1365 7 24 0.038778823 
639 843 9 29 0.038754936 
557 801 8 27 0.03873242 
292 1366 7 21 0.038732238 
15 1307 16 66 0.038660645 
58 1147 10 34 0.038613886 
560 822 6 24 0.038518414 
131 725 11 32 0.038508084 
481 1307 8 30 0.038499665 
607 1510 20 45 0.038438585 
629 1511 17 39 0.038435165 
598 866 8 27 0.038430233 
678 1179 6 15 0.03842303 
502 1478 7 24 0.03839529 
1 500 11 35 0.03839416 
535 1502 8 26 0.038366687 
717 1040 7 21 0.03835212 
619 1367 6 22 0.038245723 
348 1405 7 21 0.038214743 
385 1422 8 23 0.03814378 
190 684 14 38 0.038129076 
192 607 13 35 0.03810655 
285 1434 12 45 0.03802222 
620 1383 6 24 0.037956867 
94 1286 11 29 0.037928864 
1006 1176 6 26 0.03787352 
917 295 15 53 0.037842263 
671 1353 78 162 0.03782722 
12 1208 16 65 0.03778726 
883 1091 47 56 0.03774347 
190 1323 13 34 0.03772965 
207 1399 14 33 0.037711255 
407 1367 7 24 0.03764702 
561 1061 6 17 0.037629977 
185 1012 15 36 0.037563242 
88 1341 20 65 0.037550792 
750 162 8 37 0.03752181 
-4 1162 15 79 0.037517063 
407 1180 6 16 0.037490625 
418 464 17 56 0.03745534 
694 1175 6 19 0.037366025 
69 1108 12 33 0.037332032 
710 1170 9 26 0.037253384 
221 965 21 52 0.037176795 
243 1300 13 40 0.03716167 
576 1350 6 20 0.037133288 
-15 859 9 42 0.037127845 
163 200 19 51 0.037058663 
135 1264 10 26 0.03705755 
174 103 34 49 0.036998544 
248 530 17 36 0.03696286 
365 1499 7 28 0.036961295 
369 1365 6 20 0.036897104 
385 1362 8 24 0.0368959 
289 1403 8 25 0.0368678 
424 746 8 20 0.036863957 
525 1383 5 20 0.036822516 
386 1100 10 22 0.036802117 
227 704 11 33 0.036797233 
526 876 5 14 0.036744397 
673 1023 8 23 0.036739904 
68 313 15 40 0.036722634 
656 188 9 30 0.0367202 
367 1250 7 21 0.03668296 
37 1280 213 346 0.036647055 
288 1419 10 34 0.036640406 
558 693 9 25 0.036639757 
522 1481 7 24 0.036632646 
150 1301 11 30 0.03659196 
70 1149 11 31 0.036549672 
108 1347 16 51 0.03654118 
503 636 9 26 0.03653949 
-21 985 14 62 0.03651084 
288 746 30 57 0.036492202 
601 1421 7 27 0.036483627 
404 1152 9 24 0.03647392 
690 1022 9 28 0.03646983 
618 1327 7 21 0.036463864 
449 1232 7 23 0.036422413 
332 1367 5 17 0.036390908 
208 1324 12 31 0.03638068 
144 156 16 53 0.036375273 
109 666 13 36 0.036326397 
363 665 15 35 0.036303807 
34 1232 14 52 0.03625101 
1018 940 7 30 0.03624769 
108 1419 19 55 0.036240097 
433 1461 6 22 0.036167223 
186 532 16 35 0.036157455 
480 1323 8 32 0.03611328 
345 1443 9 24 0.036103122 
617 862 9 33 0.036098126 
653 1427 14 48 0.03607351 
95 1229 11 29 0.03607167 
387 1404 7 22 0.03605793 
599 558 10 21 0.036040366 
184 203 18 45 0.036028985 
653 207 11 33 0.035962235 
76 565 17 36 0.03592665 
137 984 8 22 0.03590893 
633 1431 12 40 0.035902485 
386 227 9 31 0.035886146 
160 1061 21 67 0.035884134 
733 1044 8 22 0.035840522 
228 686 10 31 0.0357984 
195 935 141 153 0.03578118 
229 780 15 45 0.03575739 
137 477 12 30 0.0357334 
458 1497 8 28 0.03572666 
187 1414 15 39 0.035716962 
256 100 26 45 0.03567744 
482 552 8 22 0.03567486 
342 323 12 35 0.03565938 
449 1212 5 21 0.035648946 
10 730 117 168 0.03564248 
540 716 8 20 0.035599582 
56 1191 11 31 0.035582438 
408 1383 7 25 0.035522107 
687 552 14 38 0.0355062 
672 610 10 30 0.035490856 
640 1177 6 16 0.035490166 
210 1339 11 31 0.035464894 
608 469 16 50 0.03545783 
428 1197 6 17 0.035394717 
343 1221 11 31 0.035373244 
712 206 10 31 0.03536093 
199 945 21 47 0.035360754 
12 618 18 60 0.035358664 
540 619 8 18 0.035350285 
516 673 11 26 0.0353386 
918 263 12 32 0.0353282 
229 667 9 32 0.03532644 
728 1077 13 40 0.035324015 
578 1384 6 20 0.03532056 
164 642 18 46 0.035311837 
387 1383 8 24 0.035273507 
175 1113 29 78 0.03524321 
769 187 9 36 0.035230678 
694 1193 7 21 0.035213444 
669 633 10 28 0.03512191 
188 665 14 37 0.03507358 
596 879 9 33 0.035061605 
386 1350 6 19 0.03505968 
659 1220 5 13 0.035024654 
37 517 14 38 0.03497037 
111 810 16 47 0.03495798 
77 591 12 27 0.034939285 
221 1429 22 51 0.034937933 
387 1310 6 20 0.034927122 
329 915 310 176 0.034916095 
676 1118 7 17 0.034840275 
637 860 9 32 0.034838174 
205 969 18 42 0.03482991 
95 1267 10 28 0.034813408 
535 725 12 32 0.034803614 
573 688 10 32 0.03479731 
541 1103 6 14 0.034739263 
797 1411 16 50 0.034726195 
595 244 13 39 0.03471653 
389 211 8 26 0.034699015 
608 566 16 43 0.034697827 
526 1104 5 14 0.034679085 
1005 939 9 37 0.034643456 
244 623 14 38 0.03463943 
265 965 19 46 0.034632675 
542 801 8 26 0.034630507 
713 1153 8 23 0.03461472 
12 1401 16 48 0.034613885 
576 800 8 30 0.034605138 
277 1000 19 49 0.034543857 
129 585 13 36 0.034501802 
262 1098 25 75 0.03445517 
921 1041 9 25 0.034409497 
233 746 10 28 0.034369063 
523 1120 6 17 0.034346335 
741 1061 15 47 0.034341015 
449 1246 8 30 0.03432469 
54 1013 13 42 0.034306474 
428 1401 8 27 0.03423991 
113 1248 11 26 0.03422045 
612 662 12 37 0.034211468 
615 686 10 35 0.03419702 
331 1208 9 26 0.034142453 
203 1052 16 41 0.034140058 
351 1269 7 22 0.034114398 
822 1411 15 49 0.03407497 
518 375 116 180 0.034055877 
130 1117 20 76 0.03404882 
613 438 11 32 0.034046594 
445 1141 7 19 0.03401661 
243 834 16 47 0.033983298 
551 188 16 32 0.033982057 
519 1135 8 22 0.03393447 
427 1269 7 24 0.03393132 
67 876 17 44 0.033904728 
801 1394 14 43 0.033878665 
602 1405 8 25 0.033873763 
693 1157 6 18 0.033861957 
146 1428 19 56 0.033837155 
482 1267 7 27 0.033815373 
258 1146 24 58 0.033810847 
169 1396 14 37 0.03380016 
386 436 9 30 0.03377562 
136 962 8 24 0.03374714 
608 892 15 47 0.033743553 
191 627 12 34 0.033738915 
612 874 12 40 0.03372672 
249 216 128 183 0.033699494 
524 600 7 17 0.03367865 
543 870 6 16 0.033645164 
405 1501 6 24 0.03363244 
693 206 10 33 0.03362683 
387 1331 6 18 0.03361786 
210 666 11 36 0.033608686 
596 440 10 31 0.03360864 
602 1385 6 21 0.033592045 
71 408 19 53 0.03354211 
74 1287 11 30 0.033538043 
307 1481 9 28 0.03353574 
216 871 10 24 0.033499185 
233 760 11 34 0.033492357 
228 1025 16 43 0.033438362 
86 405 20 60 0.03341343 
154 666 12 32 0.033411402 
650 873 13 40 0.033388756 
694 1074 7 26 0.033383306 
750 202 11 34 0.033381216 
239 1042 20 49 0.033377193 
110 1390 19 56 0.033360515 
205 569 17 40 0.033354674 
242 722 136 167 0.033345 
324 302 11 35 0.03332994 
405 1216 6 16 0.033308547 
652 658 13 42 0.033299197 
838 246 19 37 0.03328597 
579 1062 6 18 0.033269938 
649 842 11 29 0.03326588 
244 1335 13 41 0.03325125 
861 1377 12 40 0.0332485 
678 1157 6 16 0.033241887 
245 70 15 32 0.03321974 
210 642 12 39 0.03320483 
253 730 10 28 0.03320448 
72 1031 11 35 0.03319803 
149 1243 14 37 0.03319675 
543 1087 6 14 0.033188157 
26 618 22 60 0.033155594 
539 637 8 21 0.033142045 
229 729 11 29 0.033121035 
245 966 16 42 0.03311919 
844 1374 12 41 0.03309536 
244 860 13 33 0.03306501 
428 1285 7 26 0.033064812 
663 1277 23 53 0.03301789 
105 636 18 48 0.033002906 
35 1109 10 37 0.032996126 
618 844 9 31 0.032966707 
633 1012 16 35 0.032936133 
362 1093 12 30 0.032915242 
280 97 26 54 0.03289851 
124 1419 21 62 0.032855824 
305 298 13 42 0.03275538 
649 859 11 33 0.032738544 
822 1248 12 30 0.032718528 
53 651 17 54 0.032713264 
676 1199 5 14 0.032694872 
966 405 8 23 0.032690536 
572 189 15 29 0.032672122 
249 648 11 32 0.03262958 
538 617 250 286 0.032589704 
172 1349 10 24 0.032547817 
486 1503 6 22 0.032543954 
900 1054 13 32 0.03252392 
330 894 24 44 0.03251569 
48 1325 19 66 0.03251048 
405 1268 8 23 0.03247601 
906 1021 8 25 0.032457843 
163 1429 18 49 0.032439742 
534 188 16 32 0.032412454 
406 1399 7 24 0.03240806 
169 702 14 36 0.03239662 
126 743 15 39 0.032388553 
347 1462 9 27 0.032371175 
541 1116 6 19 0.03234172 
599 1062 6 19 0.0323319 
268 1431 15 52 0.032303248 
543 1060 6 17 0.032296095 
-20 735 12 55 0.032294746 
59 1167 10 33 0.032283973 
689 538 12 31 0.032277662 
224 808 18 55 0.032270167 
609 187 14 31 0.03225779 
298 562 58 91 0.03222225 
505 1368 6 18 0.032198552 
537 174 14 22 0.03217897 
619 1347 7 22 0.032162383 
-6 744 18 73 0.032155495 
674 206 10 34 0.032149155 
26 864 23 53 0.032106582 
649 894 15 45 0.032074153 
656 1037 8 21 0.03205126 
-19 532 10 38 0.032026533 
541 599 7 15 0.032022253 
589 256 17 49 0.03196664 
634 207 12 32 0.031965666 
169 478 11 28 0.03196482 
233 1099 114 187 0.031962648 
226 1048 15 40 0.031930014 
482 420 32 71 0.031927396 
543 824 6 22 0.031898957 
0 1066 10 37 0.031866416 
722 301 22 50 0.03186068 
17 1085 11 41 0.031822477 
52 755 21 67 0.0318052 
457 1474 10 32 0.03177554 
209 1384 10 26 0.031768512 
365 1183 8 17 0.031763874 
750 91 8 26 0.03175696 
501 574 8 23 0.031737596 
481 1420 8 27 0.03170426 
525 882 6 20 0.031683993 
458 729 10 22 0.03165841 
126 1482 18 56 0.03160717 
172 981 11 26 0.031589787 
264 762 18 53 0.031579718 
55 872 17 44 0.031576987 
74 683 15 43 0.03157093 
-3 1210 13 63 0.031561907 
89 805 17 50 0.031547163 
652 536 10 27 0.031542957 
267 711 14 34 0.031497404 
92 515 13 26 0.031418305 
134 453 11 30 0.031411946 
-19 772 12 52 0.031398494 
880 1412 13 43 0.03139484 
922 474 10 33 0.03135434 
367 1476 8 29 0.031345285 
92 953 14 36 0.03134051 
72 730 20 66 0.031339098 
108 318 19 46 0.031334374 
558 666 11 32 0.031332813 
129 837 17 42 0.031332474 
188 646 13 36 0.03133207 
2 62 9 46 0.031264033 
634 188 11 30 0.031248469 
155 985 8 22 0.031229364 
73 1246 12 31 0.031224737 
17 869 15 47 0.031203978 
610 628 10 30 0.031203493 
589 187 15 30 0.031199895 
733 104 9 36 0.031191403 
501 1178 6 18 0.031187443 
322 451 16 42 0.031181708 
150 435 11 33 0.031177575 
13 40 13 56 0.031168645 
535 648 12 31 0.031130882 
265 1497 12 33 0.031129517 
2 1096 8 30 0.031108543 
842 1354 12 42 0.031080212 
370 249 8 26 0.031075396 
406 1199 7 16 0.031059496 
-2 1296 12 56 0.03104398 
717 1070 8 27 0.031007957 
963 414 10 34 0.031000666 
133 669 11 29 0.030940136 
204 1006 16 40 0.030882394 
608 206 15 35 0.030845514 
541 696 8 20 0.03083979 
769 164 8 37 0.03083637 
478 748 10 23 0.030780327 
803 201 16 40 0.03072793 
67 1345 20 63 0.03067561 
692 1119 7 19 0.030662043 
691 880 17 42 0.030619169 
-17 1093 9 35 0.030590672 
481 1386 7 24 0.03055318 
563 635 7 21 0.030550528 
559 878 8 24 0.030522168 
593 896 11 37 0.030520942 
678 1139 6 17 0.030516256 
284 1471 12 37 0.030515764 
72 1167 11 32 0.030514784 
67 965 17 39 0.030501815 
131 647 14 36 0.030478094 
839 1337 12 38 0.03046726 
284 1517 11 31 0.030453416 
-1 825 9 34 0.030441197 
611 644 12 35 0.030379953 
74 1016 10 31 0.030376526 
677 1081 7 20 0.030350806 
485 1463 8 24 0.030348256 
430 481 18 45 0.030345704 
767 10 14 40 0.030322347 
282 1026 16 48 0.030288553 
385 1181 8 16 0.030287081 
250 758 12 37 0.03027037 
599 846 8 29 0.030268805 
347 284 9 31 0.03025821 
820 247 20 32 0.03024914 
569 240 16 45 0.030231727 
598 1348 7 21 0.030223055 
152 1324 11 29 0.030182904 
752 544 12 27 0.030179413 
113 556 12 30 0.030170828 
34 1019 121 195 0.030157894 
484 677 8 23 0.030154303 
115 1090 14 42 0.030153392 
522 1153 6 21 0.03014275 
714 1022 8 26 0.030141806 
88 1068 14 35 0.030123636 
7 764 22 69 0.030115487 
110 1490 17 52 0.030106887 
37 496 12 30 0.03008329 
383 730 12 24 0.030076228 
865 593 11 32 0.030071966 
428 1212 6 19 0.03006055 
666 944 15 48 0.030059284 
485 1158 7 18 0.030048221 
349 1248 7 23 0.030032752 
743 554 20 38 0.030016078 
261 1022 18 50 0.030012967 
241 1262 14 38 0.030011553 
575 713 8 23 0.029997777 
576 1513 12 36 0.02999777 
610 329 16 49 0.029987091 
485 870 5 16 0.029985959 
886 538 9 26 0.029984046 
364 207 10 29 0.029979324 
641 631 8 25 0.029965552 
90 1051 14 36 0.029954923 
75 1266 10 30 0.029923493 
116 502 9 24 0.029896304 
420 176 10 22 0.029837403 
660 1180 5 15 0.029834773 
593 383 17 53 0.029833155 
500 781 8 23 0.02980591 
363 1105 14 40 0.029792054 
899 299 15 46 0.02977487 
431 1477 7 26 0.029765751 
511 189 17 31 0.029754102 
822 1347 17 47 0.029744558 
828 277 67 171 0.029736806 
789 1366 10 26 0.029696219 
675 1218 5 15 0.029695451 
483 647 9 28 0.029625762 
291 1386 7 21 0.029611336 
935 1450 15 42 0.029518949 
232 930 13 35 0.029518286 
804 1376 13 34 0.02951431 
66 934 18 44 0.029501531 
299 680 20 39 0.029490815 
252 709 10 27 0.029480292 
620 1057 8 21 0.029472368 
298 968 17 44 0.029441232 
580 885 7 24 0.02943359 
524 1175 5 19 0.029432049 
939 467 14 44 0.029403731 
571 205 15 35 0.029398398 
1020 978 7 26 0.02937355 
560 1101 6 14 0.029361784 
133 910 12 34 0.029313682 
525 853 6 17 0.029295012 
642 1198 5 15 0.029286023 
344 306 9 30 0.029246047 
806 1243 13 39 0.029201439 
323 1137 15 44 0.029197615 
157 1345 10 29 0.029189825 
359 190 11 33 0.029184535 
71 1224 14 36 0.029176457 
222 127 17 38 0.029138546 
564 1350 6 20 0.0291351 
91 892 13 33 0.029123152 
-15 825 9 35 0.029115729 
715 1095 7 23 0.029109463 
480 1404 8 25 0.02910687 
168 408 15 52 0.029101223 
454 282 117 155 0.029098598 
502 621 8 21 0.029064115 
-19 624 11 53 0.029060854 
577 818 8 31 0.029056307 
-19 888 11 51 0.029038407 
669 1245 13 36 0.029006056 
368 397 10 32 0.028964773 
155 1360 12 31 0.028958485 
597 226 12 33 0.028951995 
586 936 20 35 0.02891359 
570 660 14 40 0.02890961 
647 1017 13 29 0.028879618 
92 972 12 32 0.028872456 
186 943 22 49 0.028869625 
356 618 19 48 0.028866002 
18 479 12 30 0.028844194 
46 532 17 36 0.028829046 
650 1003 13 31 0.028814463 
417 200 17 44 0.028813133 
594 713 9 24 0.028801506 
495 174 16 24 0.028798733 
113 302 14 35 0.028791199 
534 1516 11 33 0.02877183 
428 1308 7 23 0.028769473 
479 635 10 27 0.028731802 
383 454 11 35 0.028723085 
334 564 259 319 0.028701847 
136 1068 15 59 0.028697336 
405 711 13 23 0.028667584 
6 112 5 25 0.028621446 
597 1326 8 20 0.02861951 
391 199 6 22 0.028618587 
894 920 14 29 0.02859348 
503 1248 6 20 0.028572865 
126 620 16 42 0.028572384 
187 975 15 31 0.028567236 
385 1126 12 36 0.028557187 
406 1483 6 21 0.028529372 
460 763 12 26 0.028527955 
691 520 11 30 0.028476981 
110 1228 12 29 0.028431026 
432 1428 5 20 0.028416548 
246 608 13 34 0.028406566 
654 552 10 29 0.028381865 
284 340 19 53 0.028364442 
120 347 27 75 0.028362695 
111 958 10 28 0.028348964 
396 413 13 40 0.028345546 
152 741 13 34 0.028332906 
610 244 14 39 0.028311236 
1002 386 9 25 0.028308224 
378 703 13 29 0.028283617 
310 1387 5 19 0.02828178 
575 177 12 20 0.028252548 
241 1415 18 43 0.028240768 
149 408 15 49 0.028233675 
12 706 17 58 0.028201874 
688 997 12 35 0.028137755 
227 1378 13 33 0.028110642 
165 793 17 46 0.028109105 
1006 1250 5 23 0.02808312 
660 1199 4 14 0.028044786 
-43 1003 13 57 0.028031245 
656 169 9 30 0.028015966 
199 108 21 37 0.028006302 
634 873 11 39 0.028005937 
306 1516 10 31 0.027988972 
727 570 18 30 0.027967889 
484 853 6 18 0.027954374 
-18 1068 10 39 0.027954245 
304 1456 11 32 0.027941847 
555 781 10 29 0.027923014 
176 770 244 269 0.027921371 
33 1083 12 41 0.027904538 
899 535 13 32 0.027882205 
671 1231 9 23 0.02788074 
92 914 13 36 0.027858544 
321 355 14 40 0.027818725 
807 1197 14 43 0.027785135 
538 1481 8 24 0.027776798 
302 321 16 44 0.027776461 
114 516 11 25 0.02774888 
128 1450 21 57 0.027744694 
758 1316 18 39 0.027733121 
903 265 12 28 0.02771136 
525 826 6 21 0.02770231 
226 1349 15 44 0.027677212 
757 364 127 224 0.027670383 
408 1349 7 21 0.027669702 
324 339 12 34 0.02765431 
88 1428 16 48 0.0276326 
938 281 13 41 0.02762876 
168 723 13 33 0.027622696 
746 1319 16 35 0.027602633 
300 1122 20 63 0.027598102 
939 1491 13 46 0.02758763 
347 265 9 34 0.027584607 
456 1277 12 43 0.027570782 
570 740 12 32 0.027540857 
57 118 10 30 0.027513208 
611 602 13 34 0.027492326 
521 1197 5 18 0.027473168 
0 609 10 36 0.027416158 
366 417 10 32 0.027407618 
582 1466 7 20 0.027403565 
765 1395 15 49 0.027397892 
807 1265 13 33 0.027373519 
712 122 10 40 0.027350377 
713 1120 7 20 0.02732979 
554 761 12 34 0.02730164 
563 591 11 21 0.02729874 
636 1053 9 23 0.027281798 
425 1348 8 26 0.027270231 
22 116 6 22 0.027269412 
879 589 18 42 0.027245853 
339 1087 15 44 0.027226629 
828 523 11 25 0.027219111 
6 134 6 25 0.027215106 
73 1189 11 28 0.027206391 
885 557 10 25 0.027199281 
524 1087 5 14 0.027180476 
482 619 8 23 0.027168732 
326 321 11 35 0.02715905 
269 694 10 24 0.027150925 
996 352 14 40 0.02714657 
65 829 18 46 0.027134363 
580 1085 6 16 0.027128918 
87 228 232 356 0.027128175 
49 925 21 55 0.027118977 
600 1040 6 18 0.027105559 
818 1201 16 39 0.027081944 
130 1359 15 43 0.027052343 
-1 1252 11 59 0.027030062 
234 534 11 26 0.02701701 
282 76 14 29 0.027011381 
787 225 13 30 0.026998213 
988 1214 6 26 0.026993094 
504 1155 7 20 0.026975987 
333 1194 7 19 0.026967064 
140 1462 24 64 0.026953481 
620 1040 6 19 0.026934974 
654 591 11 30 0.026912903 
655 1273 9 27 0.026887277 
824 474 12 35 0.0268715 
90 1392 15 44 0.026862368 
634 226 11 30 0.026858166 
743 4 14 22 0.026847498 
608 293 17 51 0.026837729 
226 1401 14 33 0.02683753 
299 1007 17 43 0.026826456 
784 706 15 30 0.026799269 
72 1208 12 28 0.026793558 
824 234 14 24 0.026781246 
644 1510 18 43 0.026777077 
692 1138 7 18 0.026747813 
608 224 14 36 0.0267459 
268 77 13 26 0.026741607 
188 861 16 36 0.02672407 
174 1324 11 29 0.026689507 
368 382 9 29 0.026661167 
361 700 15 35 0.026612988 
482 1440 9 26 0.026606245 
72 903 231 266 0.026595047 
78 541 13 25 0.026590003 
180 1150 26 80 0.026584309 
32 1398 17 47 0.026584052 
495 186 18 33 0.02657523 
806 674 9 24 0.026567483 
657 1117 8 17 0.026566336 
750 254 10 19 0.02656548 
15 1382 14 42 0.026561085 
1007 927 7 24 0.02655762 
760 553 14 31 0.02655222 
117 804 137 157 0.026552109 
560 1043 6 15 0.026536874 
1019 927 7 24 0.026536463 
426 1234 6 20 0.02652771 
593 207 13 32 0.026525008 
262 902 16 36 0.026516724 
42 118 8 23 0.026496446 
226 553 14 29 0.026487093 
1023 1156 7 30 0.026484368 
186 553 15 32 0.026472485 
35 567 12 33 0.026468767 
285 1046 18 58 0.026443286 
386 1153 9 25 0.02644009 
578 848 7 24 0.026434258 
169 739 14 37 0.026428625 
87 447 16 41 0.026428316 
263 1065 17 53 0.026399674 
728 1020 10 30 0.026395714 
267 643 13 37 0.026372561 
941 337 12 40 0.02637156 
343 1514 10 32 0.026364164 
303 1034 15 39 0.026336024 
108 1078 49 125 0.02632739 
242 1105 52 111 0.02631706 
326 423 10 28 0.026300836 
551 494 12 32 0.026272677 
91 351 16 47 0.026267543 
513 174 15 22 0.02624897 
433 446 17 45 0.026206864 
559 1407 7 20 0.026190246 
647 1488 15 42 0.026179679 
271 938 154 151 0.02617449 
846 520 9 23 0.026173186 
147 908 16 37 0.026167937 
130 205 13 47 0.02613408 
370 230 8 28 0.026104214 
809 524 10 25 0.026092004 
93 1035 11 30 0.026091663 
631 896 13 38 0.026079498 
276 701 23 48 0.026078653 
919 330 14 51 0.026071373 
784 1423 15 55 0.026058815 
712 994 11 34 0.026058603 
501 740 13 34 0.026041871 
639 1153 6 18 0.026027108 
35 478 14 31 0.026007328 
658 1083 6 17 0.025999198 
250 669 9 28 0.025996724 
713 1138 7 21 0.025981046 
166 817 18 46 0.025936581 
-42 1123 12 53 0.025928052 
534 742 13 36 0.025899766 
691 1210 10 27 0.025893908 
686 664 16 41 0.02589056 
364 434 13 37 0.025881095 
767 541 9 22 0.02587626 
273 1306 8 26 0.025870655 
440 173 13 25 0.025834298 
170 454 11 32 0.02583377 
576 615 9 21 0.025829233 
501 597 8 21 0.025827909 
147 1380 14 35 0.02581967 
12 649 21 77 0.025819035 
336 879 19 36 0.025813827 
613 237 119 184 0.025807753 
115 1000 9 25 0.02580759 
112 938 11 31 0.025807152 
97 1081 200 395 0.025783498 
91 1186 13 32 0.025780356 
420 1101 8 19 0.025771348 
153 960 10 26 0.025736105 
32 588 14 37 0.025734076 
271 1407 8 25 0.025720632 
79 730 122 168 0.025720416 
409 177 7 21 0.025720367 
22 133 6 26 0.025701484 
628 450 16 39 0.025666868 
940 263 11 32 0.025652025 
130 550 14 36 0.025649717 
823 1219 15 42 0.02562976 
550 217 17 45 0.025621522 
883 577 12 31 0.025618427 
114 980 9 24 0.025611171 
-1 323 59 133 0.02560567 
503 873 5 16 0.0255951 
537 882 7 20 0.025588732 
846 1151 11 28 0.025584145 
593 802 10 31 0.025568524 
251 690 9 26 0.025554217 
72 332 15 39 0.02554616 
652 495 12 33 0.025514163 
270 1341 10 29 0.025510442 
671 519 10 30 0.025493752 
487 1101 6 16 0.025485165 
576 867 7 23 0.025480093 
405 1288 8 24 0.025475048 
150 759 14 37 0.025471669 
652 520 10 26 0.025433276 
545 584 7 15 0.0254296 
892 1044 6 23 0.025407419 
728 286 14 33 0.025390675 
93 1017 10 26 0.025382787 
-20 944 13 57 0.025375912 
418 716 13 20 0.02532821 
649 455 16 36 0.025322188 
861 1145 13 35 0.025312277 
724 1322 16 33 0.025249453 
901 284 14 35 0.025244808 
398 538 17 50 0.02521226 
148 593 20 51 0.025207803 
327 1460 9 26 0.025191743 
899 517 11 29 0.025167597 
1003 1156 8 31 0.025133798 
671 589 11 33 0.025132606 
638 666 11 32 0.025122834 
919 1418 15 42 0.025120892 
653 572 12 30 0.025103007 
-20 552 9 34 0.025102178 
455 172 15 27 0.025097411 
270 1362 10 26 0.025095329 
483 1515 9 30 0.025095033 
93 1164 13 36 0.025070256 
426 1253 7 21 0.025028633 
290 1291 8 26 0.025013577 
887 519 10 26 0.025012584 
312 1228 9 31 0.024993248 
283 704 61 95 0.024921255 
576 470 13 42 0.024869563 
327 1481 9 26 0.0248605 
797 338 23 46 0.024832213 
285 567 20 44 0.024822764 
364 971 14 39 0.024815764 
842 233 14 26 0.02480867 
524 1355 6 17 0.024800802 
710 288 13 33 0.024794945 
1025 1249 5 21 0.024788829 
127 1335 14 43 0.024786534 
407 1331 7 18 0.024772719 
807 1357 14 34 0.024753103 
337 1121 16 43 0.024752904 
89 851 17 46 0.024745101 
-3 252 10 49 0.024735713 
48 1365 19 56 0.024709174 
11 8 18 38 0.024687642 
484 693 8 22 0.024677861 
209 556 13 29 0.02466836 
863 1361 10 32 0.024656236 
114 1053 12 33 0.024651164 
151 203 14 43 0.024635242 
95 997 10 28 0.024635172 
53 697 16 44 0.02462064 
415 528 14 39 0.024595974 
135 1246 13 32 0.024574183 
865 1347 8 25 0.02457195 
655 1055 8 23 0.024566889 
464 885 6 17 0.0245252 
242 112 23 47 0.024524517 
-63 748 13 62 0.024499765 
557 1481 10 26 0.024490958 
809 501 10 29 0.024457194 
481 1285 8 29 0.02444577 
1000 332 14 47 0.024434112 
68 908 17 44 0.024401547 
444 905 7 20 0.024379296 
318 60 17 49 0.024364075 
975 404 10 25 0.02435961 
446 887 6 16 0.024358496 
163 852 137 156 0.024357326 
597 613 9 24 0.024334611 
-1 790 12 46 0.024333972 
336 757 19 42 0.02433271 
482 768 8 21 0.024305353 
601 931 23 44 0.02429816 
616 1313 8 21 0.024289755 
942 444 9 28 0.024287917 
667 491 14 40 0.024283316 
582 1483 9 25 0.02427856 
295 189 22 65 0.024277566 
457 1514 11 34 0.02426376 
189 735 15 41 0.02426036 
536 671 11 28 0.024255652 
277 1074 47 132 0.024251917 
370 267 8 26 0.024227392 
650 955 13 38 0.024200933 
112 1120 19 55 0.024178522 
142 1018 6 23 0.024159443 
751 232 10 24 0.024149593 
540 1136 7 19 0.024147894 
420 378 236 344 0.024135921 
347 381 11 31 0.024131922 
808 1302 15 34 0.024131853 
597 412 11 35 0.024124911 
533 218 17 46 0.024115028 
935 1415 16 48 0.024112396 
558 1118 8 19 0.024103966 
731 273 9 20 0.024098363 
301 1052 17 54 0.02409609 
485 783 7 21 0.024092058 
95 1215 11 25 0.024084484 
769 230 10 26 0.024068074 
618 821 10 31 0.024057 
271 1324 9 29 0.024050785 
631 357 15 43 0.02404968 
220 566 20 43 0.024041647 
865 518 9 23 0.024037698 
918 1055 14 29 0.0240125 
53 966 16 36 0.023989014 
575 782 10 34 0.023974575 
730 544 12 27 0.023968749 
49 520 15 30 0.023967143 
750 72 8 28 0.023966953 
883 1320 13 34 0.0239259 
329 1385 7 20 0.02392508 
764 1307 15 30 0.023924107 
600 1081 7 19 0.023915121 
558 1503 10 29 0.02391101 
666 886 20 59 0.023899674 
139 1040 8 29 0.023885688 
21 89 7 29 0.023881664 
346 396 11 34 0.023865035 
551 472 12 32 0.023862232 
286 682 16 36 0.02383925 
114 537 11 26 0.023838645 
264 1460 19 51 0.02383753 
112 917 11 31 0.023834324 
421 433 16 45 0.023821324 
343 415 12 37 0.023814484 
540 1157 5 19 0.023798915 
243 1377 14 34 0.023747707 
707 1183 14 38 0.023743019 
349 1478 8 28 0.023706434 
591 917 15 37 0.023692349 
221 1085 21 45 0.023681263 
808 537 12 30 0.023673562 
823 536 14 34 0.023664024 
240 1087 20 44 0.023640215 
204 123 20 41 0.023639664 
810 474 10 35 0.023635592 
184 428 17 49 0.023629777 
518 759 13 35 0.023621166 
89 1088 15 35 0.023588946 
672 1006 10 24 0.023579272 
594 1049 279 335 0.023574399 
414 499 17 52 0.0235622 
703 877 17 40 0.023556596 
216 156 24 44 0.023547992 
712 228 9 26 0.023547225 
938 312 14 48 0.02354631 
500 137 11 24 0.023532236 
484 883 6 17 0.02353119 
501 1445 8 21 0.023529911 
-7 967 14 52 0.023499396 
278 1030 211 395 0.02348722 
463 1143 7 19 0.023485571 
865 1131 10 26 0.023473214 
406 1446 6 20 0.023452003 
119 1448 42 130 0.02344442 
331 1172 9 26 0.023434447 
360 724 13 29 0.023430334 
437 186 15 33 0.023402762 
344 359 12 34 0.02337905 
956 449 17 48 0.023376463 
505 1100 6 16 0.023352735 
306 1407 7 20 0.023352562 
636 686 10 30 0.023342405 
693 866 14 27 0.023342289 
166 1241 13 38 0.023338279 
690 587 12 33 0.023324141 
639 651 10 29 0.02331287 
143 254 18 50 0.02328342 
405 1309 8 22 0.02328019 
631 246 12 31 0.023266343 
827 503 10 28 0.023261936 
317 925 22 47 0.023243258 
920 492 12 34 0.02324219 
822 208 13 30 0.023238294 
28 649 22 70 0.023225557 
785 106 10 35 0.023215467 
379 668 16 37 0.02319419 
205 535 13 29 0.023191437 
56 831 16 43 0.023186203 
279 902 18 34 0.023184229 
506 1137 7 20 0.023166647 
72 992 12 34 0.023156475 
265 857 13 34 0.023153866 
484 545 7 18 0.02314459 
663 1428 19 42 0.0231337 
579 1044 5 15 0.023133058 
667 1499 20 55 0.023130573 
690 493 13 38 0.023123784 
207 755 14 40 0.023114469 
169 952 17 37 0.023089284 
518 1218 6 18 0.023077589 
263 880 16 38 0.023061834 
783 1194 16 53 0.023060134 
487 1478 7 23 0.023052258 
53 993 12 35 0.023046775 
31 746 43 109 0.023033606 
537 1462 8 26 0.023022465 
1 484 8 26 0.023001442 
658 1138 6 16 0.023001254 
165 853 21 52 0.022998597 
724 3 18 23 0.02299173 
95 1147 13 34 0.022990951 
504 884 6 17 0.022989793 
210 1357 12 32 0.022986723 
58 615 11 28 0.022971151 
758 568 16 35 0.022962373 
374 969 17 36 0.022919202 
1002 1134 9 36 0.022902066 
786 253 14 22 0.02289474 
-2 1326 13 56 0.022877205 
626 564 17 43 0.022872707 
462 782 9 22 0.022844685 
207 799 16 41 0.022841476 
523 1060 6 16 0.022829162 
889 1018 8 26 0.02281423 
41 131 8 29 0.022804055 
341 432 14 42 0.022764312 
845 456 11 33 0.022761563 
342 1149 12 32 0.022735402 
631 337 15 39 0.022732219 
518 778 10 29 0.022725226 
798 1459 22 65 0.022713317 
732 88 10 32 0.022704482 
3 153 7 31 0.0227021 
867 541 8 24 0.022700159 
789 163 9 41 0.022673253 
732 257 8 17 0.022658918 
407 1467 6 21 0.022606684 
670 340 16 45 0.022587521 
574 558 13 25 0.022548273 
975 416 14 35 0.022547606 
461 905 8 20 0.022544153 
505 1083 6 17 0.022536565 
560 1134 7 20 0.022530355 
882 1379 12 38 0.022453232 
866 580 9 26 0.02245273 
542 780 9 29 0.022438355 
287 638 20 49 0.022420883 
344 181 16 44 0.022413554 
731 521 12 29 0.022411283 
112 896 12 31 0.022402968 
35 1348 16 53 0.022402737 
263 366 17 52 0.022318315 
790 501 10 26 0.02231794 
482 728 11 26 0.022317555 
660 1155 6 16 0.022313192 
406 1422 7 21 0.022306511 
637 608 10 30 0.022302274 
862 1448 13 46 0.022294594 
15 583 14 40 0.022291796 
-18 1156 12 65 0.022282772 
807 1286 13 28 0.022262767 
427 1329 7 21 0.022229264 
445 1120 7 19 0.022221137 
842 208 14 29 0.022215074 
599 1026 6 15 0.022207897 
503 1351 6 20 0.0221946 
146 842 18 42 0.022188202 
593 175 12 22 0.022164008 
848 504 9 24 0.02216047 
444 1099 7 19 0.022157768 
231 106 14 33 0.022140445 
476 173 15 25 0.022135297 
311 769 27 48 0.022129117 
885 1363 9 30 0.022043744 
678 1297 28 44 0.021998243 
652 440 12 26 0.021997686 
400 570 15 41 0.02199195 
161 1461 24 64 0.021989753 
633 823 11 30 0.021987427 
454 186 17 34 0.021971729 
781 1152 13 25 0.021957425 
484 707 11 29 0.021936325 
800 708 13 29 0.021932999 
208 780 14 38 0.021928262 
106 347 24 64 0.021906152 
402 1077 12 20 0.021904869 
481 570 10 26 0.021895478 
113 267 17 48 0.021891734 
190 496 11 29 0.021889647 
93 1129 14 33 0.021886948 
-42 969 12 50 0.021886922 
784 1131 14 26 0.021845292 
52 497 13 28 0.021839678 
-41 1068 11 43 0.021827847 
884 1347 9 26 0.021819487 
765 1423 18 60 0.021809444 
-80 727 14 65 0.021799764 
828 675 9 25 0.021796666 
306 1160 14 41 0.021795293 
653 1397 13 40 0.021783257 
708 859 16 30 0.021778526 
672 863 12 29 0.021769796 
578 455 10 34 0.021768957 
417 572 15 35 0.021749914 
326 398 10 30 0.021742305 
388 248 8 31 0.021729229 
296 715 27 58 0.021709342 
207 518 11 27 0.021700209 
48 704 251 287 0.021692252 
91 1110 13 33 0.021655852 
-30 1088 117 225 0.021654546 
590 356 18 54 0.021646233 
283 296 15 46 0.021637974 
903 999 10 31 0.02163742 
657 1236 7 18 0.021630792 
636 1136 8 18 0.021621322 
-129 1164 214 408 0.021604264 
630 266 12 30 0.021601535 
857 261 18 42 0.021595683 
903 252 12 23 0.021589465 
768 252 12 21 0.021581065 
630 394 15 37 0.02155993 
768 1161 15 40 0.021536976 
606 372 17 52 0.021514148 
446 780 8 24 0.021477807 
319 1051 16 49 0.021476267 
496 554 10 24 0.021474805 
-3 1366 48 131 0.021461971 
719 1335 22 40 0.02145699 
727 990 11 36 0.021448372 
751 525 10 27 0.02143 
869 1023 104 124 0.021408407 
37 1378 14 42 0.02140522 
30 755 20 54 0.021400403 
116 1037 10 27 0.021399548 
579 1405 7 21 0.021397369 
536 759 13 37 0.02139165 
781 7 19 49 0.021387853 
663 467 18 44 0.02137615 
-20 411 11 46 0.021375444 
922 251 10 23 0.021359058 
-5 921 16 60 0.02134125 
901 550 14 36 0.021340473 
630 471 14 37 0.021319443 
522 581 7 18 0.021318369 
721 836 22 42 0.02130823 
726 1113 12 32 0.021306675 
116 454 10 30 0.021296438 
485 1120 6 17 0.02129038 
513 157 15 20 0.021275874 
862 1284 13 27 0.021231761 
-42 771 12 55 0.02122838 
804 250 16 25 0.021202603 
241 52 16 33 0.021198744 
498 157 13 19 0.021189988 
1006 210 6 20 0.021165174 
561 617 8 20 0.02116146 
363 1082 10 21 0.021158537 
303 938 15 31 0.021152006 
484 1139 7 18 0.021151878 
868 558 8 23 0.021127757 
76 268 15 42 0.02109114 
688 945 14 45 0.02108206 
297 86 22 44 0.021062719 
402 1517 10 31 0.021034922 
408 746 8 19 0.021030499 
317 832 23 51 0.02101818 
272 1290 9 26 0.0210154 
802 225 16 31 0.021005778 
265 610 13 35 0.020999124 
674 225 11 31 0.0209844 
447 987 264 302 0.020981409 
791 524 8 21 0.020977074 
258 1040 45 109 0.020973232 
788 657 12 27 0.020957524 
714 575 12 27 0.020947145 
321 668 16 31 0.020931812 
54 1428 50 153 0.020914616 
845 539 10 29 0.020909378 
819 549 19 50 0.020906076 
259 1186 21 54 0.020901183 
-60 690 215 309 0.020895042 
810 1336 15 38 0.020883985 
328 580 34 54 0.020879772 
541 1406 6 20 0.02083393 
267 342 13 43 0.02082285 
825 454 12 37 0.020810805 
804 149 10 40 0.020809166 
987 1230 6 29 0.020803504 
54 477 13 28 0.020798884 
327 1407 7 21 0.020798167 
301 659 60 102 0.020791559 
706 838 25 40 0.020772237 
687 378 240 368 0.020771595 
297 616 30 54 0.02075742 
134 936 9 30 0.020744912 
111 1209 14 30 0.02074229 
31 990 17 46 0.020741291 
13 1344 17 60 0.02071517 
840 912 17 40 0.020714257 
362 934 16 37 0.020689718 
616 1101 9 22 0.020678066 
-62 792 12 56 0.020670107 
191 1243 13 40 0.020669905 
627 1453 17 46 0.020668933 
902 499 10 26 0.02065194 
771 67 10 36 0.020642221 
228 1247 14 36 0.020634172 
302 255 13 50 0.020631464 
31 31 18 47 0.020629656 
312 735 26 47 0.02062607 
749 1308 12 25 0.020625481 
878 300 17 47 0.020622801 
190 474 13 32 0.02061683 
323 261 12 42 0.020613817 
840 668 13 37 0.020595996 
362 1516 10 32 0.02058877 
386 1083 10 17 0.02058009 
-16 1433 11 42 0.020578723 
15 839 14 39 0.020556455 
614 805 12 33 0.020551493 
904 1379 13 44 0.020550957 
783 633 11 27 0.020543788 
269 670 10 29 0.020515908 
848 1133 10 24 0.020498702 
209 182 15 29 0.020488214 
1022 1133 8 36 0.020485217 
335 947 20 49 0.020482423 
368 340 11 33 0.020476263 
943 360 10 36 0.020459061 
271 1384 9 24 0.020442804 
472 186 19 33 0.020440407 
715 541 10 22 0.020424433 
610 172 13 26 0.020421026 
560 580 11 21 0.020415494 
864 916 15 32 0.020400519 
725 1143 15 37 0.020397028 
711 587 12 29 0.020392112 
782 265 20 30 0.02038439 
457 474 14 36 0.020378288 
916 1387 17 51 0.020367894 
986 1192 6 28 0.020361919 
444 766 10 25 0.020327622 
548 252 20 52 0.020319728 
637 1101 8 19 0.020307213 
882 995 12 34 0.020305932 
94 244 13 42 0.020292712 
878 1471 13 42 0.020286204 
636 1082 8 20 0.020279601 
506 1123 6 16 0.02027713 
844 557 11 29 0.020265777 
297 824 22 55 0.0202512 
297 787 25 54 0.020244626 
184 821 18 41 0.020210586 
366 357 11 37 0.020205889 
1126 914 221 613 0.020205252 
308 1203 13 36 0.020202495 
596 824 8 29 0.020198494 
-63 1120 13 58 0.020156158 
281 824 22 58 0.020137334 
231 519 11 26 0.020134374 
226 189 17 30 0.020121114 
442 922 10 24 0.020104917 
199 1219 126 241 0.020098446 
576 508 13 40 0.020089082 
846 1249 11 28 0.020077402 
227 202 17 41 0.02006108 
844 1285 11 28 0.020060714 
328 1427 7 20 0.020056127 
817 1443 20 59 0.020054473 
323 682 17 39 0.020040343 
115 477 10 28 0.020016447 
-20 1220 11 53 0.02000584 
424 769 8 21 0.019998316 
358 592 18 36 0.019980833 
330 1241 187 350 0.019969793 
466 1120 6 18 0.019969668 
574 541 10 25 0.019957311 
442 535 12 29 0.019949546 
359 898 21 36 0.01993852 
383 744 12 26 0.019934652 
-22 979 118 200 0.019924277 
540 1353 6 17 0.01991541 
283 191 18 58 0.019906886 
71 1388 17 45 0.019881284 
581 1102 5 15 0.019871885 
1040 1192 8 23 0.01985651 
802 737 14 38 0.01985325 
-160 1017 18 68 0.019845413 
218 1131 55 113 0.019837445 
73 117 12 30 0.019833611 
907 1417 11 34 0.0198331 
211 906 15 42 0.019806493 
763 1083 16 40 0.01980232 
770 525 8 21 0.019793898 
865 1324 9 26 0.019775212 
931 534 72 146 0.019771995 
55 321 15 32 0.019769602 
845 477 11 30 0.019764688 
276 1145 21 56 0.019763088 
346 245 11 34 0.01975438 
51 795 21 62 0.019749401 
281 1194 16 44 0.019745952 
693 225 11 31 0.019742073 
395 592 22 41 0.01974187 
746 269 13 24 0.019735247 
651 362 112 218 0.019734075 
327 1445 8 22 0.019719634 
744 1377 19 46 0.019707434 
376 899 18 34 0.019699184 
227 452 14 37 0.019680088 
802 687 12 29 0.019678023 
525 800 7 27 0.01967614 
568 267 20 57 0.019672804 
284 321 16 45 0.019661963 
904 479 9 28 0.01965997 
770 36 12 48 0.019644476 
846 1268 12 25 0.019641474 
800 1112 18 31 0.019636214 
341 663 17 37 0.019633621 
72 444 18 41 0.019619485 
207 207 14 33 0.019585187 
93 117 13 27 0.01957391 
152 936 12 32 0.019567322 
817 1186 16 31 0.019566385 
117 1018 8 25 0.019552201 
677 212 257 269 0.019535106 
302 871 21 49 0.019527577 
365 1152 11 27 0.01951816 
617 1082 8 21 0.019489953 
1025 1270 5 18 0.019443778 
671 846 13 26 0.019439615 
396 684 20 38 0.019430943 
781 1168 15 32 0.019428471 
287 599 20 43 0.019427931 
762 1339 13 30 0.019420547 
843 571 12 34 0.019412177 
731 230 10 24 0.019406598 
630 284 13 34 0.01940189 
986 1174 7 29 0.019398607 
209 1436 55 146 0.019343197 
168 285 61 170 0.019339198 
880 266 14 30 0.019333893 
-8 651 17 81 0.019332508 
1002 401 12 28 0.01929718 
900 573 17 37 0.019284151 
648 828 13 27 0.019264417 
503 854 5 18 0.01923131 
689 899 18 59 0.01922686 
651 1466 16 47 0.019223271 
715 255 8 19 0.019205939 
192 880 12 29 0.019191107 
921 1487 12 45 0.019190984 
575 443 42 114 0.019180128 
53 548 14 32 0.019170327 
249 719 40 106 0.019155625 
552 457 12 30 0.019146008 
786 687 15 30 0.019139128 
578 900 9 30 0.01913402 
189 188 14 30 0.019130446 
879 1450 13 40 0.019125307 
304 1442 9 27 0.019124705 
987 1270 7 27 0.019111272 
293 108 27 54 0.019080997 
232 71 11 29 0.019048627 
504 1387 6 18 0.019031992 
149 75 65 89 0.019007046 
465 1099 7 19 0.018994203 
15 816 14 40 0.018975344 
19 285 10 30 0.018972889 
466 874 5 14 0.018967023 
767 613 14 30 0.018965771 
203 1441 25 60 0.018965142 
658 1311 74 109 0.018954668 
867 1012 11 37 0.018953927 
262 807 18 55 0.01893782 
851 607 10 29 0.018926425 
383 1514 11 34 0.018913882 
25 686 23 61 0.018910738 
-82 1000 14 62 0.018895747 
277 781 24 57 0.018892221 
133 432 12 37 0.018872237 
-239 -37 251 354 0.018859264 
837 935 18 33 0.018859122 
245 1509 17 42 0.01885282 
747 1103 17 46 0.018846558 
975 431 17 45 0.018846361 
819 1170 17 30 0.018846298 
653 930 13 40 0.018832939 
125 292 19 44 0.018827645 
142 1433 52 139 0.018818548 
843 1304 10 29 0.018795248 
218 303 141 228 0.018793477 
616 710 11 32 0.018793141 
895 588 21 45 0.018791934 
460 542 10 22 0.018791439 
280 529 18 38 0.018769234 
357 874 21 34 0.018756568 
273 778 50 119 0.018756406 
687 607 14 33 0.018746974 
208 1242 13 38 0.018743018 
335 738 18 36 0.01872726 
-46 729 14 62 0.018717514 
982 323 10 37 0.018697679 
937 1471 13 44 0.018644018 
803 1128 16 29 0.018631913 
291 282 120 180 0.018612783 
963 342 10 32 0.018607063 
-19 511 12 41 0.018602919 
111 608 44 106 0.01859781 
844 634 11 26 0.018580992 
789 541 9 23 0.018577969 
1003 1272 5 19 0.01854764 
711 99 11 42 0.018530158 
631 421 13 31 0.018517848 
281 873 19 41 0.018516503 
798 262 23 34 0.01851411 
587 285 21 60 0.018508136 
311 439 10 26 0.018506307 
547 189 136 178 0.018499456 
654 244 11 29 0.018494992 
305 69 16 37 0.01849267 
27 1417 24 66 0.018486805 
82 348 44 123 0.01847218 
842 1166 12 31 0.018464787 
802 1501 16 52 0.01846063 
845 435 12 36 0.018458437 
290 1266 9 28 0.018453013 
715 559 11 25 0.018448798 
749 1045 10 26 0.018444905 
166 892 17 38 0.018417982 
958 282 12 37 0.018387342 
708 945 15 41 0.018376283 
879 972 15 39 0.018363714 
789 673 13 27 0.018357482 
146 1131 24 83 0.018346447 
908 1434 12 36 0.01832921 
283 1217 15 41 0.018326892 
790 1116 13 25 0.018318666 
712 520 11 27 0.01831662 
445 876 6 14 0.018310279 
375 634 61 106 0.018307917 
-252 807 224 383 0.018305877 
111 1184 15 38 0.018299198 
1039 1172 11 29 0.018292697 
878 283 15 37 0.018279111 
438 510 14 36 0.018278264 
183 777 16 40 0.018219214 
636 172 10 27 0.01816286 
614 1117 11 24 0.018160388 
460 925 9 22 0.018141437 
824 431 13 40 0.018112406 
134 859 46 103 0.018106747 
315 136 23 52 0.018099947 
31 967 18 40 0.018081434 
361 756 17 42 0.01807251 
983 387 8 20 0.018059198 
270 1022 124 154 0.018057052 
859 205 16 35 0.018038655 
148 589 43 102 0.018008593 
71 1430 18 48 0.017980771 
714 275 8 19 0.017980138 
165 1132 55 146 0.017976873 
706 1320 18 33 0.017973077 
311 424 9 25 0.017967833 
340 616 24 49 0.017966378 
379 568 14 38 0.017944423 
857 295 21 55 0.017933462 
164 259 23 43 0.01793059 
304 390 13 38 0.017926995 
237 196 20 50 0.017924922 
361 742 13 31 0.01792431 
555 512 12 33 0.017920474 
848 588 11 34 0.017915834 
553 412 14 37 0.017895978 
543 1044 6 15 0.017875457 
183 1447 20 50 0.017873013 
208 449 15 42 0.017868545 
287 513 15 34 0.017859517 
149 1307 143 236 0.01785295 
-19 587 9 33 0.017847233 
183 1042 21 54 0.017839862 
586 205 51 120 0.017837625 
983 1129 10 37 0.017829373 
650 373 16 45 0.017829029 
965 391 7 22 0.017805658 
-260 805 87 203 0.01780544 
785 1307 11 23 0.01779992 
260 407 18 56 0.01778308 
-63 709 13 67 0.017765176 
375 998 16 30 0.017752897 
55 266 14 37 0.017734729 
612 419 10 28 0.017732237 
788 1346 10 26 0.017727995 
479 925 12 22 0.017705996 
490 682 42 94 0.017667074 
1003 304 10 38 0.017649952 
2 619 40 137 0.01764415 
16 259 12 43 0.017615722 
726 1163 14 37 0.017615722 
-260 1067 96 283 0.017594991 
264 441 249 270 0.017590147 
110 116 15 28 0.017587136 
789 473 10 33 0.01757662 
498 107 12 39 0.017569508 
337 682 21 45 0.017564716 
743 284 18 36 0.017561032 
747 31 12 33 0.017554305 
862 230 13 26 0.01754424 
629 496 14 34 0.017542467 
654 1251 8 24 0.017541807 
383 595 13 30 0.017527137 
421 782 8 25 0.01752675 
463 552 10 25 0.017516918 
130 1217 18 47 0.01750667 
781 491 132 180 0.017505113 
882 249 13 27 0.017501077 
406 738 155 177 0.017499816 
691 651 12 33 0.017489735 
745 13 14 30 0.01748948 
459 513 13 33 0.017462501 
261 892 49 93 0.017461054 
769 1291 11 22 0.017443508 
1006 193 6 25 0.017418995 
185 753 16 43 0.017410845 
866 503 9 22 0.017404491 
34 285 12 30 0.017402729 
822 1150 16 31 0.017398247 
841 1207 13 35 0.017388336 
572 761 13 35 0.017360413 
344 1057 12 37 0.017324716 
0 1355 11 47 0.01731552 
-160 977 17 67 0.017313404 
457 686 17 36 0.017312275 
308 456 12 32 0.017309729 
553 441 13 31 0.017300582 
580 1446 7 21 0.017281573 
441 708 16 28 0.017279604 
398 472 19 58 0.017269546 
688 468 17 45 0.017237753 
72 355 15 38 0.017235523 
188 914 15 34 0.017229032 
34 309 13 25 0.01721773 
210 495 11 28 0.017213222 
13 909 20 53 0.017209802 
464 412 64 145 0.017191898 
830 657 8 21 0.017187532 
338 583 47 104 0.017185735 
110 1156 16 47 0.017174672 
979 304 11 39 0.017170494 
675 247 10 27 0.017166343 
728 278 69 125 0.017162548 
881 231 14 26 0.017162032 
540 1174 6 21 0.017161734 
291 811 152 160 0.017137375 
30 257 18 47 0.017106496 
619 1022 8 20 0.017066086 
538 504 119 186 0.017065685 
112 853 16 42 0.017054481 
264 488 17 38 0.017042203 
200 308 55 162 0.017040972 
92 473 14 35 0.017025817 
282 248 15 60 0.017025117 
481 595 9 24 0.017011572 
808 452 12 38 0.016995512 
270 1268 10 27 0.016994659 
864 1113 13 28 0.016992787 
986 1251 6 29 0.016975725 
0 458 9 29 0.016937463 
247 470 16 34 0.016931525 
114 433 12 36 0.016887458 
712 611 11 29 0.016884705 
638 1119 8 19 0.016879436 
598 348 108 195 0.016874474 
537 489 14 39 0.016870312 
417 938 13 28 0.016865933 
287 1243 11 34 0.01685147 
772 499 9 27 0.016834179 
595 734 9 20 0.016832368 
522 1443 8 24 0.016825236 
77 522 12 22 0.016807785 
88 1490 18 49 0.016778253 
558 1462 8 25 0.016741578 
765 1110 17 37 0.01673363 
240 1445 20 49 0.016712522 
50 408 18 46 0.016698148 
455 707 14 29 0.016674701 
835 952 19 34 0.016670419 
788 1265 13 35 0.01666025 
475 461 19 48 0.016654441 
30 834 20 45 0.01661389 
685 967 15 44 0.01661342 
557 1515 14 37 0.016593022 
561 1153 7 21 0.01658002 
601 1100 6 18 0.016576475 
-64 1003 14 56 0.016504964 
528 249 22 61 0.016501844 
885 500 11 25 0.01648977 
1021 1002 6 25 0.016483568 
767 1361 13 33 0.016481033 
919 924 11 26 0.016463581 
-81 1037 14 61 0.016461743 
898 349 15 52 0.016460648 
261 471 17 36 0.01644482 
978 1105 13 40 0.016441982 
320 965 20 48 0.016438259 
522 1405 6 21 0.016437164 
208 96 15 27 0.016422061 
957 299 13 43 0.016419504 
502 803 8 22 0.016416863 
-18 453 10 42 0.016414115 
513 220 19 47 0.016403439 
690 631 12 31 0.016385423 
191 898 13 28 0.0163804 
479 158 12 18 0.016380185 
-44 1155 15 67 0.016377904 
-2 2 14 23 0.016376235 
368 287 8 27 0.016363768 
424 60 284 297 0.016359055 
910 600 26 55 0.016350925 
502 1426 7 21 0.01632715 
809 1321 15 32 0.016326202 
485 1079 8 20 0.016308505 
-41 820 10 43 0.016296942 
197 1161 27 66 0.016291028 
960 264 9 31 0.016286915 
321 2 16 22 0.016264234 
900 931 13 34 0.016258294 
188 1379 53 105 0.016257897 
945 421 8 27 0.016254159 
693 305 14 35 0.016245965 
220 1466 22 50 0.016244479 
229 1012 47 103 0.016216263 
-79 1081 12 53 0.01620123 
984 359 10 32 0.016175773 
922 907 8 18 0.016164873 
749 494 13 34 0.016160551 
167 242 17 37 0.016156867 
367 307 9 27 0.016153753 
877 325 19 60 0.016148455 
306 920 16 32 0.016139116 
301 894 54 98 0.01610811 
748 1013 13 36 0.016102942 
550 184 49 114 0.016089046 
153 817 52 103 0.016078137 
814 348 23 54 0.0160472 
359 463 17 48 0.01603066 
61 313 10 22 0.016022667 
711 971 14 42 0.016016737 
241 567 19 40 0.016009029 
841 1446 16 50 0.016 
285 384 15 45 0.01598266 
34 809 17 46 0.01597718 
-161 939 18 67 0.015970143 
863 1299 12 31 0.015968837 
-120 1034 16 66 0.015966805 
68 646 39 106 0.015964566 
319 234 15 48 0.0159554 
420 921 10 25 0.015954157 
614 1004 9 19 0.0159504 
772 89 9 30 0.015946457 
1005 284 8 35 0.015938107 
652 1344 16 49 0.015934989 
593 745 13 29 0.015930744 
246 342 15 41 0.015912706 
141 647 45 108 0.01590849 
879 883 17 38 0.01590104 
670 436 13 29 0.015884051 
838 294 23 56 0.015856996 
143 364 22 65 0.015848277 
-63 1086 12 47 0.015833972 
578 1327 7 23 0.015831033 
343 3 18 24 0.015830392 
304 1426 8 22 0.015818829 
245 404 17 58 0.01581776 
220 1226 47 120 0.0158156 
344 226 12 34 0.015804546 
939 709 13 27 0.015794935 
710 628 12 30 0.015784577 
765 266 17 28 0.015772885 
940 1053 13 31 0.015770582 
46 782 47 117 0.015758574 
946 405 8 27 0.015754994 
669 691 16 44 0.01575137 
582 1027 5 13 0.01574764 
863 991 14 36 0.015712025 
239 1155 29 54 0.015699847 
503 833 6 19 0.015672762 
26 903 26 60 0.015672047 
336 789 21 50 0.015630659 
1211 863 50 193 0.015627796 
515 136 14 26 0.015620418 
-239 -29 47 166 0.015571399 
842 654 11 26 0.015513534 
145 1502 18 51 0.015505912 
580 1121 7 16 0.01549913 
19 310 11 26 0.015495819 
412 683 23 38 0.0154785225 
-78 695 12 58 0.015471853 
423 905 8 19 0.015453871 
480 905 9 21 0.015451807 
816 -28 84 149 0.015432121 
710 709 12 24 0.015410675 
890 1070 30 49 0.015410031 
769 628 13 29 0.015405071 
590 781 14 38 0.015389282 
266 568 16 39 0.0153845 
630 316 15 39 0.015383143 
640 1217 5 15 0.015380572 
284 494 14 33 0.015356795 
564 4 25 26 0.0153487865 
-5 523 34 109 0.015322619 
878 1295 17 39 0.015319125 
502 713 45 114 0.015306865 
745 982 17 46 0.015285269 
108 406 17 53 0.015272283 
407 446 44 103 0.015271953 
610 303 58 137 0.015271867 
780 1474 18 66 0.015267795 
614 1132 10 25 0.015209112 
316 193 20 50 0.015200524 
380 973 81 101 0.01518999 
748 1411 17 42 0.0151837 
763 1053 14 36 0.015168021 
-12 696 39 134 0.015158487 
962 361 10 30 0.015152971 
446 348 76 122 0.015139897 
263 678 47 106 0.015129478 
784 457 53 136 0.015119398 
900 972 13 39 0.015114238 
299 220 18 65 0.015113258 
865 458 12 33 0.015109866 
41 618 107 188 0.0150974095 
819 359 54 152 0.015096439 
390 652 28 51 0.015060889 
654 419 12 31 0.015035849 
-10 1153 34 154 0.015018713 
824 1133 14 26 0.015011024 
-102 1016 16 66 0.015010772 
501 -46 227 251 0.014996727 
120 312 22 51 0.014990219 
656 634 41 110 0.014976003 
862 937 12 26 0.014967151 
704 357 26 60 0.014954305 
263 314 43 119 0.014945773 
589 534 48 122 0.014941709 
72 469 16 34 0.01492911 
956 1092 14 31 0.014919995 
-286 -95 178 671 0.014910271 
1004 232 6 20 0.0148772225 
335 851 24 45 0.0148767745 
783 1229 16 57 0.01486083 
210 844 14 35 0.014832791 
1003 249 7 25 0.014831725 
912 568 22 42 0.014800975 
742 300 21 45 0.014773244 
945 1351 63 133 0.014760339 
458 157 11 19 0.01475923 
313 100 22 50 0.014750649 
297 1023 46 121 0.014716455 
60 285 11 28 0.014713592 
688 706 15 31 0.014710662 
242 1214 17 43 0.01471037 
307 45 16 39 0.01470302 
789 1097 13 28 0.014685173 
762 283 19 36 0.014683773 
317 1007 20 42 0.0146816755 
580 1423 7 23 0.014652388 
-64 1041 13 55 0.014649131 
433 201 22 45 0.014637566 
-245 917 24 79 0.01463681 
736 835 21 42 0.014635647 
133 691 134 173 0.014622883 
960 320 12 38 0.014620974 
484 835 6 18 0.014594725 
702 904 18 53 0.014576919 
56 594 11 25 0.0145610375 
0 307 8 32 0.014548482 
744 585 20 35 0.01454563 
-164 919 236 398 0.014535545 
1004 269 7 29 0.014518836 
230 53 12 29 0.014514857 
656 269 10 24 0.014510418 
-64 968 13 51 0.014506742 
986 1156 8 31 0.014498047 
86 679 37 95 0.01447969 
1021 1021 7 27 0.014476534 
410 775 7 18 0.014461125 
-301 1193 280 461 0.0144472625 
700 1306 22 32 0.014445111 
616 1149 8 24 0.014434104 
163 155 19 46 0.014427985 
788 1291 11 23 0.014423958 
808 131 8 33 0.014422867 
909 263 38 121 0.014418232 
58 87 11 35 0.014408537 
113 223 14 51 0.014401207 
209 875 36 95 0.014372168 
302 456 64 123 0.014355493 
106 763 42 101 0.014348302 
56 571 12 27 0.0143334195 
75 496 14 30 0.014317604 
364 530 130 150 0.014307951 
785 1323 11 27 0.014289837 
68 1457 24 63 0.014268113 
-22 833 120 188 0.01426358 
387 264 8 33 0.014262071 
954 1507 16 47 0.0142432265 
1040 1211 7 23 0.014243132 
401 508 15 45 0.014237843 
313 611 29 49 0.014237175 
-141 1033 18 69 0.014220181 
353 2 30 29 0.014194929 
232 951 42 94 0.014180516 
885 462 12 32 0.014176285 
19 149 6 30 0.014158235 
768 1269 13 33 0.014142532 
863 884 12 35 0.014124186 
943 1039 10 28 0.014117409 
34 52 16 56 0.014115703 
878 560 58 106 0.014111146 
100 1336 44 112 0.014107543 
-252 916 41 156 0.014099375 
552 5 23 22 0.014095034 
919 513 13 35 0.014081384 
601 1119 7 18 0.014058167 
55 5 56 115 0.014051995 
1248 266 45 181 0.014038947 
943 248 9 24 0.014021638 
282 55 14 29 0.0140168285 
702 1334 23 42 0.013998427 
962 248 8 24 0.0139838895 
-82 965 14 59 0.013975264 
88 606 40 102 0.013956077 
1037 1153 11 33 0.013951571 
337 714 21 42 0.01395045 
729 491 15 38 0.013936354 
573 370 17 51 0.013909501 
-161 1072 19 71 0.013908773 
901 909 12 23 0.01389165 
460 566 14 34 0.013882331 
473 -21 56 160 0.013879955 
609 977 14 26 0.01387026 
728 1309 13 25 0.0138681475 
235 885 38 93 0.01383688 
148 291 19 42 0.0138366865 
844 1112 13 29 0.0138311805 
501 1270 6 19 0.0138299605 
241 165 17 34 0.013818777 
877 952 18 37 0.013816607 
22 1405 56 136 0.013813308 
820 745 13 34 0.013797804 
817 318 24 52 0.013784846 
696 292 10 25 0.013760028 
49 1410 20 53 0.01375837 
650 318 16 38 0.013753442 
410 784 7 24 0.0137493145 
882 1077 15 29 0.013738909 
686 1225 17 37 0.013724921 
268 58 13 26 0.013721178 
638 1292 8 23 0.013712133 
690 845 18 29 0.013711024 
923 1020 9 24 0.01369345 
982 249 8 24 0.0136872325 
772 -11 45 150 0.013673919 
711 479 51 127 0.013673552 
-15 1404 9 35 0.013665829 
530 -22 62 177 0.013665318 
424 1444 36 123 0.013659855 
402 903 10 24 0.013655378 
998 1108 11 39 0.013652275 
803 5 19 23 0.013646742 
261 968 43 99 0.013640261 
380 636 22 43 0.013639567 
218 1317 55 128 0.013635893 
838 318 140 195 0.013629314 
829 632 10 26 0.013623038 
679 1329 27 45 0.01361753 
142 1011 38 118 0.0136081055 
945 381 9 31 0.013591487 
996 768 11 32 0.013591295 
307 739 54 105 0.013586616 
562 540 9 24 0.013581217 
56 449 14 34 0.013573635 
57 1088 46 107 0.013566879 
226 1219 15 38 0.013561602 
360 571 17 35 0.013552145 
978 282 10 39 0.01355187 
572 330 16 54 0.013537268 
767 1195 15 52 0.013535995 
911 1073 25 36 0.013533059 
0 434 10 34 0.013528337 
502 1405 7 21 0.013513937 
442 194 71 130 0.013510066 
30 322 21 40 0.013507213 
314 1073 46 116 0.013487842 
808 662 7 18 0.013484023 
150 757 51 111 0.013483815 
605 237 56 125 0.0134736365 
209 75 13 28 0.013470607 
519 1234 6 18 0.013468301 
682 853 46 114 0.013466978 
1011 351 17 41 0.013440143 
632 973 16 35 0.013426398 
93 1412 46 113 0.01342453 
578 1134 8 20 0.013411008 
-80 767 13 62 0.0134089 
816 377 24 61 0.013406492 
999 1038 10 36 0.01339597 
-17 1362 9 35 0.013386198 
16 969 17 41 0.013385115 
273 929 48 103 0.01338458 
997 408 17 45 0.013354156 
552 368 17 51 0.013331248 
817 1484 16 54 0.013329399 
351 650 51 96 0.01332365 
265 190 14 30 0.013322755 
28 1269 129 202 0.013310549 
458 1055 12 23 0.013309246 
633 708 12 31 0.013305038 
918 532 16 39 0.013290178 
30 448 17 38 0.0132863335 
808 1148 15 27 0.013284666 
31 17 16 30 0.013275761 
485 805 7 19 0.013272233 
481 512 12 34 0.013254965 
517 557 10 21 0.013227427 
459 453 14 37 0.013209938 
570 300 55 153 0.013175112 
679 1256 27 46 0.013168627 
-42 930 11 44 0.013166856 
50 377 19 40 0.013165021 
748 49 10 32 0.013161925 
504 1058 8 18 0.013156068 
281 637 45 97 0.013137583 
726 608 15 29 0.013136655 
865 625 13 33 0.013133367 
860 973 16 35 0.013132934 
38 1310 44 123 0.013126013 
-43 639 12 59 0.013124668 
761 1450 21 74 0.013115759 
785 1070 15 37 0.013113765 
993 620 21 59 0.013113506 
167 1212 16 52 0.013110446 
228 495 12 29 0.01310941 
248 489 16 35 0.013103359 
17 452 14 35 0.013096732 
175 182 147 199 0.013089511 
230 749 43 112 0.013081215 
494 538 11 24 0.01307201 
181 1225 37 98 0.013072004 
253 88 58 112 0.013060799 
69 800 50 119 0.01305111 
630 954 17 37 0.013039095 
695 250 9 24 0.013015612 
-121 997 16 67 0.013014603 
866 1094 12 28 0.013013593 
589 758 15 38 0.013012747 
667 6 57 161 0.013002756 
181 591 39 100 0.013002376 
129 784 47 106 0.012999733 
862 435 13 39 0.012984778 
17 993 15 46 0.012984741 
1248 396 45 181 0.012978465 
7 742 44 117 0.012964618 
452 202 21 42 0.012958841 
313 480 25 55 0.0129493065 
205 1216 17 42 0.012942519 
207 592 37 95 0.012919379 
-6 1041 37 123 0.012904879 
-251 1025 43 172 0.01288913 
222 1191 20 48 0.012888318 
828 705 11 29 0.012880058 
952 1447 17 45 0.012873215 
-18 481 9 37 0.0128634935 
785 57 15 54 0.012859577 
331 1175 43 106 0.012842017 
850 1066 55 101 0.012832456 
461 1076 9 22 0.012829932 
122 356 45 120 0.012821239 
518 900 10 24 0.012800361 
574 941 19 31 0.01278987 
853 254 53 113 0.012783339 
881 620 20 42 0.0127829835 
241 142 20 41 0.012781106 
168 1425 55 121 0.012775584 
481 138 9 23 0.012773791 
10 333 26 63 0.012771772 
128 130 16 35 0.01275113 
286 419 12 32 0.012734003 
95 1 66 118 0.012731239 
295 551 29 47 0.012729513 
987 1290 8 27 0.012711824 
628 934 16 37 0.012710891 
-244 992 23 83 0.012697547 
980 266 8 31 0.012695587 
838 1222 15 39 0.012695007 
667 362 19 57 0.012680528 
-78 1120 11 54 0.012675346 
496 59 16 53 0.01265604 
619 1173 7 22 0.012655652 
241 1119 27 55 0.012646867 
649 341 16 38 0.012639426 
346 869 169 140 0.012636284 
960 1055 10 27 0.012632369 
226 1509 15 41 0.012617462 
201 1036 53 107 0.012612247 
-2 1108 27 117 0.012610211 
86 53 24 51 0.012610175 
674 270 10 23 0.012593616 
78 1371 46 115 0.012593117 
272 160 40 133 0.01259202 
113 1267 42 99 0.012588292 
380 763 12 33 0.012587818 
818 244 54 111 0.012585352 
666 495 49 115 0.012582218 
145 552 39 86 0.012579227 
1252 92 41 179 0.012564132 
958 1127 13 33 0.01256295 
-20 693 13 68 0.012554499 
859 1180 16 44 0.012551367 
535 466 16 41 0.012549105 
824 603 13 34 0.01254251 
761 591 17 32 0.012530912 
797 377 24 59 0.0125215035 
14 1029 39 114 0.01252125 
964 1189 8 31 0.012519535 
1041 923 8 22 0.012512828 
942 1207 9 33 0.0124974605 
906 1367 10 32 0.012494918 
1223 1384 58 156 0.012483439 
862 954 15 32 0.012478113 
385 402 42 113 0.012469285 
782 615 11 26 0.012467483 
280 158 20 47 0.0124645 
461 616 11 23 0.012451377 
163 129 26 47 0.012447139 
295 158 23 51 0.012436592 
246 364 19 59 0.012426232 
-61 658 12 58 0.0124238795 
285 451 14 36 0.012423319 
521 1426 7 23 0.012417469 
45 868 45 104 0.012404576 
863 1265 17 27 0.012395549 
985 234 6 19 0.012379722 
-142 997 18 69 0.01237406 
921 1370 47 117 0.012372617 
165 630 44 110 0.012371649 
40 89 9 32 0.012365067 
52 56 17 48 0.012357604 
149 1192 17 52 0.01235453 
170 712 49 124 0.012352845 
957 706 14 32 0.0123455515 
904 1347 11 32 0.012310697 
174 1288 45 99 0.0123046385 
1014 382 13 32 0.012303365 
130 720 48 112 0.012303088 
-102 1056 16 62 0.012300316 
338 457 19 52 0.012298474 
975 650 21 61 0.012279885 
941 925 9 22 0.012274472 
843 1187 11 29 0.0122698955 
109 676 40 99 0.012252963 
18 853 49 105 0.012249213 
965 1172 7 30 0.012244747 
880 1276 19 35 0.012244036 
1042 977 8 26 0.012233864 
709 493 14 37 0.012232723 
865 648 12 33 0.012231645 
35 1047 37 103 0.012223955 
397 980 18 27 0.012223277 
809 1171 16 29 0.0122071095 
48 24 26 54 0.01220446 
64 22 30 59 0.012199459 
724 628 13 27 0.0121660335 
-103 979 17 66 0.012159914 
711 71 11 36 0.012159845 
942 285 46 130 0.012156804 
122 832 40 92 0.012150621 
578 413 12 37 0.012134881 
810 638 8 20 0.012133618 
936 1382 13 34 0.0121229 
667 825 19 31 0.012117653 
697 273 8 21 0.012076844 
261 526 125 153 0.012076025 
941 1243 11 39 0.012073493 
306 2 15 19 0.012071896 
663 1436 46 115 0.012054994 
131 1177 17 47 0.01205454 
-106 934 133 209 0.0120513495 
181 238 20 41 0.012048863 
417 1077 11 21 0.012044533 
1020 1293 6 16 0.012037415 
330 675 55 106 0.01203417 
781 299 23 40 0.012029717 
186 1209 19 50 0.0120242555 
723 1413 20 41 0.0120221125 
903 1491 12 39 0.012005722 
1020 189 8 31 0.012001955 
267 320 13 40 0.011986693 
662 1396 23 43 0.011984073 
91 89 16 34 0.0119809285 
776 -46 251 302 0.0119710835 
301 491 17 42 0.011970604 
280 474 16 34 0.011948742 
894 611 25 56 0.011945769 
924 444 9 29 0.011933731 
436 681 23 45 0.011925783 
361 552 18 37 0.011919628 
330 548 27 41 0.011903721 
1021 207 7 28 0.011899089 
241 360 48 135 0.011893457 
887 1059 9 25 0.01188543 
12 953 50 123 0.011863145 
1247 508 45 180 0.0118607795 
654 1372 14 39 0.011856439 
428 990 73 121 0.011854372 
821 957 19 33 0.011843541 
-243 1051 22 83 0.01183462 
1022 1111 9 38 0.011827307 
50 335 19 42 0.011825792 
49 1460 21 53 0.011823953 
33 880 132 171 0.011812959 
382 613 18 34 0.011805881 
328 1382 45 105 0.011804368 
248 582 45 110 0.011802788 
806 428 15 45 0.01179237 
497 924 14 23 0.011791837 
593 1312 8 19 0.011787515 
442 158 10 18 0.01178747 
814 269 28 55 0.0117830215 
33 1199 43 103 0.011783005 
561 562 10 20 0.0117806075 
927 1445 39 137 0.0117780985 
76 476 244 378 0.011777721 
526 204 49 116 0.011767702 
576 1412 116 205 0.011750613 
1220 1265 51 137 0.011750457 
136 1264 45 99 0.011738785 
13 321 18 43 0.011734029 
170 777 59 122 0.011733171 
6 565 39 112 0.011730518 
1020 1039 8 34 0.011726478 
796 516 51 128 0.011724952 
749 710 12 20 0.011701732 
129 1391 46 112 0.011685595 
517 535 12 27 0.0116636595 
750 1293 11 21 0.01165311 
403 1060 13 21 0.011637518 
-5 1254 35 138 0.011635204 
842 408 15 43 0.011634084 
440 944 13 23 0.011633295 
318 9 21 43 0.011620921 
103 55 26 50 0.011615184 
200 1081 24 54 0.011611802 
521 1044 7 15 0.011610881 
1039 941 8 26 0.011602687 
300 1220 39 112 0.011566248 
561 1028 6 13 0.011564334 
431 688 55 94 0.011563435 
-180 1017 21 66 0.011562101 
367 331 47 107 0.011544011 
165 1365 45 101 0.0115377065 
13 436 51 102 0.011531279 
153 361 40 117 0.011515518 
1003 168 8 33 0.0115155075 
198 959 43 86 0.011513092 
1217 979 44 190 0.01151108 
961 1073 10 28 0.011509262 
960 1152 10 32 0.0115002105 
14 -51 266 254 0.011497533 
189 161 17 35 0.011494651 
601 1133 8 21 0.011484912 
96 1289 38 100 0.011481244 
942 1226 9 33 0.011467326 
722 1178 19 47 0.011464062 
734 896 60 123 0.01145793 
167 1507 17 42 0.011456338 
807 101 11 41 0.0114498 
782 321 22 41 0.011449487 
901 887 15 29 0.011444317 
-3 1441 19 71 0.0114373285 
578 923 11 28 0.011432089 
-13 1387 8 31 0.011429803 
103 851 43 106 0.0114199 
633 1301 36 100 0.0114146415 
1019 909 8 23 0.011414395 
474 415 25 52 0.011406665 
941 1184 10 36 0.011397662 
491 509 17 38 0.011391914 
752 563 131 207 0.011388896 
263 250 15 55 0.01138325 
1165 -15 105 131 0.011382982 
432 416 20 41 0.011379923 
891 1273 22 43 0.011378921 
-172 991 40 143 0.011374828 
166 558 36 86 0.011374496 
801 1097 16 28 0.011344149 
725 30 15 34 0.011329286 
317 638 22 43 0.011322729 
303 266 40 111 0.011321054 
934 634 21 52 0.01131211 
409 125 162 177 0.011280148 
671 410 15 41 0.0112678 
706 650 15 32 0.011257249 
247 819 50 110 0.011255582 
795 297 27 50 0.011255063 
1240 -6 51 156 0.01124787 
123 551 38 96 0.011245643 
399 1013 21 27 0.011245209 
73 88 14 35 0.011239049 
170 91 1490 2476 0.011237926 
794 228 138 148 0.011226286 
201 1248 35 98 0.01120392 
838 696 19 44 0.011184458 
137 906 50 113 0.011180234 
670 412 53 122 0.011164821 
442 1075 11 23 0.011156169 
982 1067 12 39 0.011150762 
790 1078 62 99 0.011140946 
501 904 8 21 0.011120991 
338 985 19 42 0.011118861 
787 451 13 38 0.011116188 
806 549 18 43 0.011110728 
414 591 22 37 0.01111013 
661 1342 28 53 0.011104086 
356 789 20 50 0.0111007895 
210 1489 15 42 0.011090984 
1221 1120 45 171 0.011078991 
877 1135 23 52 0.011075973 
869 1036 9 33 0.011071467 
183 1001 44 97 0.0110495975 
1000 155 9 32 0.011045241 
514 57 18 55 0.011039701 
332 282 243 328 0.011035491 
628 744 16 31 0.0110199675 
999 789 9 27 0.011018137 
477 945 18 21 0.01100883 
378 177 40 108 0.010998006 
885 272 43 138 0.010994478 
899 1511 14 42 0.010988523 
669 301 16 35 0.0109882075 
-180 958 21 65 0.010987638 
538 538 11 24 0.010985233 
473 564 138 175 0.010965234 
904 1465 13 44 0.01096455 
997 805 12 32 0.010958854 
751 611 15 29 0.010952829 
148 149 42 103 0.010951512 
441 1055 14 22 0.010948879 
232 434 51 106 0.010944949 
111 138 15 49 0.010941403 
855 324 23 64 0.010936601 
177 259 27 43 0.0109263705 
380 1084 40 92 0.010925104 
834 969 22 41 0.010919355 
513 165 52 105 0.010912606 
467 854 6 18 0.0109121995 
537 1441 9 27 0.010908999 
1006 911 8 20 0.01089698 
592 609 49 122 0.010890893 
266 1241 14 35 0.010867253 
241 1470 46 117 0.010865071 
597 454 49 105 0.010852271 
129 114 17 30 0.0108117135 
939 691 15 32 0.010802947 
1265 55 17 71 0.010802019 
534 161 16 19 0.010796335 
920 706 17 36 0.010792089 
423 -25 73 146 0.010787274 
659 843 46 111 0.010780925 
349 1077 45 114 0.0107673565 
298 525 21 44 0.010767269 
182 136 22 42 0.010762203 
995 1083 12 41 0.0107502295 
348 1357 43 104 0.0107479505 
266 215 15 47 0.010742933 
52 1033 42 100 0.010741829 
590 4 20 23 0.010713045 
200 1295 43 111 0.010710064 
718 1354 26 45 0.01070564 
539 1427 7 22 0.010689924 
435 437 51 118 0.010688074 
664 1463 22 55 0.010681013 
47 707 46 117 0.010674323 
944 906 8 17 0.010670235 
209 802 42 110 0.0106516555 
459 944 15 23 0.010641009 
419 19 189 177 0.010629063 
388 175 8 26 0.010609519 
83 230 36 100 0.010603824 
0 339 11 41 0.010599573 
169 853 51 104 0.010595557 
963 1208 7 30 0.010592125 
769 651 13 27 0.010589492 
880 608 60 139 0.010577363 
-244 229 18 74 0.010569087 
491 221 22 48 0.010569072 
378 1012 15 28 0.010564118 
422 804 10 26 0.010544856 
-2 473 37 97 0.010534517 
842 882 14 38 0.010525455 
115 173 41 129 0.010519591 
1001 1023 7 26 0.010503994 
282 297 42 108 0.0105001135 
614 744 14 31 0.0104967 
1260 1245 20 74 0.010489121 
621 630 50 127 0.010478881 
962 1241 48 148 0.01047629 
13 1503 16 50 0.010474254 
554 579 48 108 0.010456014 
822 727 11 29 0.010453991 
704 1197 20 47 0.010453592 
557 1425 8 23 0.010453024 
679 661 70 118 0.010450323 
0 14 12 29 0.010444959 
462 704 49 100 0.010441736 
28 937 27 53 0.010440582 
846 1059 12 34 0.010420978 
-45 690 15 68 0.010410751 
1021 227 8 29 0.010406978 
0 29 13 41 0.010400135 
653 299 15 35 0.010399694 
574 1273 48 97 0.010383365 
303 1404 48 104 0.010374455 
547 257 54 144 0.010373267 
505 440 25 55 0.0103668645 
435 1395 34 108 0.010358533 
382 486 15 40 0.010347984 
739 1395 47 144 0.01034381 
400 176 48 110 0.010343765 
18 795 50 106 0.010339536 
164 1250 37 94 0.010339339 
20 364 34 69 0.010338666 
843 1079 15 34 0.010338364 
754 627 11 26 0.0103306 
755 615 56 122 0.010328143 
-62 871 14 53 0.010325073 
1012 317 14 41 0.010322919 
10 939 25 54 0.010308695 
131 2 79 131 0.0103079155 
425 887 7 17 0.010299858 
669 899 230 314 0.010299046 
859 660 17 45 0.010296951 
462 647 14 31 0.010284383 
959 1037 10 32 0.010281336 
721 1377 23 43 0.010271743 
825 911 15 39 0.010250029 
168 74 19 33 0.010241938 
788 741 12 30 0.01023486 
457 433 16 37 0.010227269 
208 53 15 29 0.010225744 
710 558 60 109 0.01022477 
938 509 15 39 0.010221069 
-62 832 12 54 0.0102024935 
326 285 44 106 0.010195702 
344 -24 65 138 0.010187241 
800 1020 255 349 0.010185327 
786 553 13 29 0.010179973 
706 1387 142 223 0.010169537 
399 697 57 89 0.010164864 
729 955 12 31 0.010159117 
825 190 11 36 0.01015663 
-81 1348 125 185 0.010149805 
297 818 51 102 0.010142579 
239 34 19 29 0.0101248 
430 663 24 40 0.010124738 
745 953 17 37 0.010123194 
462 632 12 26 0.0101216035 
361 695 53 107 0.01012123 
-1 323 9 37 0.010120978 
977 1489 14 47 0.010119199 
361 918 41 85 0.010086887 
594 1052 50 124 0.010086143 
109 90 17 33 0.010082341 
609 178 44 105 0.010078404 
901 949 14 36 0.010077578 
1246 623 46 178 0.010062988 
72 1144 51 103 0.010060951 
573 639 48 119 0.010060225 
499 222 50 129 0.010060116 
-120 1073 15 66 0.010054866 
165 368 19 55 0.0100520225 
-42 1195 13 63 0.010039845 
322 794 63 108 0.010033207 
938 1163 13 40 0.0100270705 
-20 379 11 44 0.0100261895 
276 1258 38 120 0.010024648 
230 127 131 185 0.0100157745 
