23_Shoppers_Shoppers_23_543
633
385 393 317 479 0.9998611 
121 48 13 37 0.16148789 
106 998 274 634 0.12724663 
942 1157 7 32 0.08012641 
961 1159 6 28 0.065123454 
922 1155 8 35 0.06462404 
940 1133 9 38 0.062199622 
921 1135 9 36 0.056863334 
189 -33 388 264 0.055690754 
942 1177 7 30 0.05527213 
123 54 21 59 0.054318234 
1002 1162 5 20 0.054102868 
1001 1219 6 22 0.052738387 
1000 1142 6 24 0.05200363 
717 1238 5 21 0.049707033 
447 1122 5 27 0.04929925 
448 1141 6 27 0.046997476 
717 1258 5 21 0.04673541 
447 1103 5 26 0.04612436 
1003 1259 5 23 0.04578767 
982 1162 5 21 0.045680754 
1002 1202 5 21 0.044776842 
1000 1123 7 26 0.044340145 
1002 1183 5 20 0.0442834 
1067 -142 224 761 0.04353908 
251 755 123 165 0.043310672 
175 784 12 54 0.04190622 
898 459 12 52 0.041559506 
982 1219 6 23 0.040393006 
732 1239 4 19 0.039910357 
1002 1411 5 22 0.039848823 
733 1257 5 20 0.03984849 
960 1179 6 26 0.039798446 
960 1139 7 29 0.03856939 
918 461 11 47 0.037951313 
433 1107 5 23 0.03766878 
1002 1238 5 21 0.03676091 
432 1086 5 23 0.03670161 
880 465 10 46 0.036683735 
959 1198 7 27 0.03591276 
433 1126 5 25 0.03551224 
446 1086 5 23 0.035088535 
1018 1221 5 19 0.035071652 
386 961 13 55 0.035038378 
1017 1260 5 21 0.034900706 
924 1176 7 32 0.034482256 
347 959 12 54 0.0341184 
1003 1278 4 20 0.033960998 
735 1279 4 18 0.033242658 
189 784 13 56 0.033212997 
983 1141 7 25 0.03316365 
1002 1391 5 21 0.033104394 
1018 1240 4 19 0.03292504 
328 959 11 54 0.03275311 
1018 1165 5 18 0.032605767 
448 1160 6 27 0.032583605 
959 1121 8 31 0.032509822 
174 706 12 57 0.031973034 
478 217 12 45 0.03195658 
307 958 12 54 0.031875648 
193 819 12 56 0.031683557 
1002 1372 4 18 0.031556632 
817 838 17 36 0.031282365 
218 114 6 23 0.031157222 
982 1200 5 24 0.030820213 
980 1238 6 22 0.030736597 
983 1414 5 21 0.030324379 
1018 1145 5 19 0.030183354 
478 206 11 29 0.029999832 
363 960 12 57 0.02998041 
219 95 6 24 0.029658046 
431 1066 5 24 0.029598352 
75 1005 14 75 0.029183766 
982 1180 5 22 0.028971713 
1018 1184 5 18 0.028902007 
752 1258 4 18 0.028802404 
463 1143 5 23 0.02874956 
943 1196 6 30 0.028705742 
1002 1298 5 22 0.028380204 
730 1222 5 21 0.028346458 
464 1125 5 22 0.028104912 
728 385 13 44 0.028006027 
1002 1102 6 25 0.027529312 
129 35 16 35 0.027512839 
1017 1089 5 19 0.027356956 
197 561 9 44 0.027290726 
716 1224 5 20 0.027281398 
1018 1127 5 19 0.027269311 
1019 1279 4 19 0.027259253 
386 992 11 51 0.02719229 
960 1240 5 21 0.027164644 
1018 1106 5 19 0.026801623 
960 1219 6 24 0.026792403 
754 1299 3 17 0.026518768 
523 1143 6 21 0.026254611 
175 820 12 55 0.026207682 
1003 1359 4 16 0.026018538 
211 787 11 45 0.025994956 
169 977 12 55 0.025762545 
232 967 10 40 0.02553882 
423 226 11 35 0.025532538 
539 1128 6 20 0.025377408 
1003 1316 4 20 0.025356313 
445 1069 4 20 0.025309777 
275 144 11 26 0.025296358 
429 1047 6 26 0.024893798 
1002 267 5 18 0.024889885 
199 114 6 21 0.024885336 
1017 1202 5 19 0.024879137 
1002 1338 4 17 0.024840072 
1002 1084 7 26 0.024667982 
212 825 12 47 0.02465767 
523 1129 6 20 0.024521023 
410 1084 6 30 0.024465414 
110 1208 14 37 0.024257902 
251 982 11 47 0.024206486 
-241 -51 310 531 0.024159428 
218 567 7 35 0.024020469 
1018 1297 4 21 0.023947949 
542 1105 6 22 0.023939386 
449 1180 5 25 0.023932457 
347 927 11 38 0.02370336 
154 786 13 52 0.023690345 
200 98 6 20 0.023554156 
867 1318 5 16 0.023545066 
750 1242 5 19 0.023372684 
288 137 10 18 0.023341633 
1001 1430 5 23 0.023262111 
214 967 11 40 0.023229167 
216 132 7 26 0.023063017 
281 144 13 28 0.023019822 
982 1391 5 19 0.022987414 
214 773 10 32 0.022975495 
174 745 11 50 0.022852361 
936 448 12 40 0.022816125 
1018 1316 5 19 0.02261775 
199 265 8 34 0.022576524 
883 453 9 36 0.022378625 
157 994 10 57 0.02231808 
199 130 6 23 0.02216501 
902 1155 10 37 0.022158032 
579 1048 8 31 0.022113943 
502 221 8 35 0.022092057 
135 996 14 62 0.02193179 
1038 1166 6 17 0.021922486 
309 930 10 34 0.021917557 
523 1165 5 19 0.021799644 
432 1146 5 25 0.02169744 
440 226 10 34 0.021633789 
191 980 13 54 0.021433542 
1039 1147 5 17 0.021387165 
194 747 12 48 0.021188343 
917 704 12 33 0.02100031 
574 289 10 20 0.02099496 
175 1485 9 24 0.020912716 
173 1212 11 39 0.020891452 
1038 1224 5 17 0.020859534 
1039 1129 5 16 0.020806305 
101 663 8 30 0.020707652 
463 1162 5 24 0.020704558 
102 682 8 28 0.020694502 
324 992 15 62 0.020594375 
346 991 13 62 0.020587858 
863 485 9 35 0.020545863 
980 1121 8 29 0.020521952 
-116 1396 64 104 0.020304523 
1017 1069 5 18 0.020204967 
271 489 10 36 0.020198027 
753 1280 4 18 0.02009036 
941 1101 8 35 0.020041002 
231 1000 12 51 0.020006947 
328 928 9 36 0.019899849 
366 993 13 56 0.01985297 
463 226 8 30 0.019778905 
193 711 12 55 0.01975484 
-330 1237 323 359 0.019722272 
171 1499 14 35 0.019665023 
1039 1242 5 17 0.01954256 
95 45 16 39 0.019306816 
1038 1185 5 17 0.019302558 
957 288 6 15 0.019295936 
343 164 15 36 0.019229986 
464 1106 5 20 0.019144224 
982 1258 5 22 0.019130655 
216 598 9 41 0.018932654 
77 1 16 21 0.018875765 
367 925 11 36 0.018800786 
562 1068 7 29 0.018754113 
287 959 13 51 0.018747484 
212 999 13 54 0.018744484 
387 1019 8 39 0.018730279 
407 1002 8 37 0.018714687 
198 744 230 326 0.018705204 
217 547 9 37 0.01869811 
980 829 6 13 0.018697675 
578 273 7 17 0.01869335 
95 1 14 21 0.018637441 
983 1278 5 20 0.018610403 
1017 1413 5 19 0.018577872 
271 944 10 37 0.018521274 
116 3 12 18 0.01839014 
728 716 10 42 0.01830329 
982 1375 4 16 0.018280942 
980 838 7 19 0.018263226 
561 222 9 37 0.018170297 
119 1324 9 38 0.018157965 
462 1182 5 22 0.018154059 
233 94 8 25 0.018104808 
748 717 10 37 0.018095389 
867 1359 4 19 0.018040648 
271 964 10 42 0.01796758 
411 1064 6 30 0.017958967 
942 1220 6 23 0.017939163 
920 1098 9 40 0.017938308 
193 673 11 47 0.017937208 
708 957 12 48 0.01788115 
232 598 9 40 0.017873857 
78 961 11 58 0.017839914 
735 1300 5 18 0.017787937 
274 166 11 29 0.017753396 
386 1041 8 40 0.017703656 
218 72 7 28 0.017684678 
425 1029 5 25 0.017679492 
612 188 10 29 0.017542982 
122 569 8 27 0.017522171 
994 558 11 47 0.017518567 
233 568 8 35 0.017509056 
959 1104 7 25 0.017419698 
1002 1066 6 23 0.017346682 
959 278 6 14 0.017274166 
1012 252 8 19 0.01725851 
1016 1337 5 17 0.017212212 
215 757 9 32 0.017195668 
960 1259 5 20 0.0171938 
1038 1204 5 18 0.017128253 
252 946 10 35 0.017110568 
118 679 11 33 0.0170903 
154 692 13 49 0.016975153 
403 980 10 42 0.01691137 
751 1217 5 22 0.016864905 
884 1300 5 15 0.016856676 
175 510 11 40 0.016852338 
102 645 7 29 0.016849464 
450 1200 5 23 0.016845971 
411 1024 7 31 0.016813654 
866 1336 5 18 0.016777528 
1039 1110 5 16 0.016761374 
904 824 5 18 0.016760988 
721 743 18 69 0.016746877 
766 740 10 35 0.016746279 
768 755 11 40 0.016732892 
431 1165 6 25 0.01671939 
-12 1066 6 32 0.016710093 
173 672 12 51 0.016620122 
64 1020 9 41 0.016608996 
983 1339 5 17 0.01658665 
882 657 12 33 0.016521527 
1015 266 6 18 0.01651716 
981 273 5 16 0.016480986 
726 695 12 41 0.016477548 
114 1301 10 43 0.016469095 
430 1187 5 21 0.016454589 
248 1013 15 61 0.01641402 
506 1144 6 21 0.01637751 
136 4 15 22 0.01632218 
99 1409 7 27 0.016306624 
693 342 7 20 0.016278889 
928 654 18 42 0.01625602 
-12 1106 6 29 0.016223347 
104 589 7 25 0.016180577 
536 194 10 24 0.016171882 
267 996 14 58 0.016098848 
557 1083 8 30 0.016039275 
151 46 16 42 0.016026894 
748 736 11 39 0.015971234 
410 1044 7 32 0.015965676 
-12 1086 6 31 0.015962036 
-12 1125 6 30 0.01595805 
1011 10 14 39 0.015906377 
925 1199 7 29 0.015861627 
-12 1144 6 30 0.015841184 
1015 302 7 21 0.015833706 
158 967 10 45 0.015818985 
-234 192 14 68 0.015779851 
535 305 10 21 0.015756069 
1039 1260 5 18 0.015744152 
233 533 8 32 0.015692223 
679 779 20 72 0.015642196 
253 505 10 36 0.0156397 
191 1500 12 31 0.01561089 
238 136 6 21 0.015496691 
119 660 11 34 0.015492509 
443 211 9 27 0.015463024 
1015 565 7 40 0.015417992 
101 702 8 27 0.015377423 
74 1043 17 72 0.015248192 
215 638 9 42 0.015186882 
507 1167 5 19 0.01517953 
803 628 10 24 0.015151506 
884 630 8 20 0.015130841 
868 1300 4 16 0.015108376 
467 206 8 24 0.015100642 
766 719 10 32 0.015091625 
-15 947 9 38 0.015088521 
235 117 7 20 0.015049328 
501 240 9 31 0.015026515 
772 1299 4 16 0.014999622 
410 1106 6 28 0.014934692 
156 111 8 21 0.014894032 
-12 1046 7 33 0.014827149 
154 820 14 54 0.014821947 
542 1089 7 24 0.014820429 
704 760 17 65 0.014777721 
943 1240 5 21 0.014765626 
105 570 6 26 0.014734165 
523 270 6 20 0.0147253 
-11 1239 6 29 0.014718074 
155 726 13 51 0.014713648 
147 25 20 41 0.014683041 
888 824 5 17 0.0146631105 
64 1133 10 38 0.014633592 
121 588 8 27 0.014627528 
234 510 10 38 0.014615931 
256 151 7 20 0.01460934 
176 871 10 31 0.014548317 
210 943 13 40 0.014521284 
118 78 18 47 0.014518487 
576 1060 8 36 0.014517928 
86 740 7 28 0.0144952545 
104 609 6 24 0.014412276 
716 1281 4 19 0.0143715255 
88 665 6 25 0.014351661 
534 292 9 20 0.014304871 
195 525 10 44 0.01429917 
-12 1027 7 33 0.014281256 
982 1360 4 15 0.014278525 
502 267 7 22 0.014277659 
518 223 9 33 0.01426975 
1039 1091 6 16 0.014261373 
948 289 6 15 0.014259933 
174 632 12 52 0.014246803 
116 697 13 36 0.014236358 
597 303 9 24 0.014234632 
759 970 15 68 0.014198105 
212 728 11 45 0.014194048 
536 221 10 39 0.014180303 
929 971 19 58 0.014170675 
866 1374 5 19 0.0141616985 
200 74 8 24 0.014086072 
922 1259 6 19 0.014069659 
408 241 8 27 0.014050213 
613 303 9 25 0.014044215 
1015 1394 5 19 0.014038836 
129 1025 17 67 0.014011285 
62 986 9 39 0.014005813 
345 1032 13 57 0.01400358 
304 991 16 63 0.013998624 
-30 1122 7 35 0.013995373 
613 208 12 30 0.013987269 
104 533 6 25 0.013976816 
64 1043 9 37 0.013938764 
288 929 11 38 0.013937821 
280 169 14 32 0.013920662 
957 453 10 32 0.013798999 
1014 1358 6 17 0.013779389 
98 719 9 32 0.013759006 
98 945 9 39 0.013752537 
-13 989 7 33 0.013739904 
422 1008 7 29 0.013730493 
962 1391 4 19 0.013730279 
444 1354 7 28 0.013727387 
708 736 12 48 0.013706629 
121 210 7 29 0.013653034 
105 512 6 28 0.013651648 
522 1104 8 24 0.013628833 
595 1044 8 34 0.013589077 
176 1466 9 25 0.013561965 
903 1177 7 29 0.013554139 
727 417 13 61 0.013539841 
521 289 9 21 0.013483047 
729 1202 7 22 0.013476262 
-234 229 15 70 0.01344813 
-227 -26 41 157 0.0134428935 
728 958 12 51 0.013440212 
119 1345 9 32 0.013438456 
938 629 10 20 0.013434701 
925 1220 6 24 0.013397343 
-12 1220 6 30 0.013389429 
104 493 7 31 0.013382716 
709 718 9 40 0.01335775 
428 1354 6 25 0.01333598 
598 189 11 28 0.013335962 
195 592 10 51 0.01332464 
504 1127 7 21 0.013300513 
131 1197 11 32 0.013293988 
-12 1162 6 32 0.013281448 
1016 1373 5 17 0.013235907 
576 302 10 24 0.013231754 
1015 290 6 16 0.013231461 
75 1102 14 61 0.013229468 
979 289 5 15 0.013200195 
97 736 10 36 0.013114117 
8 1068 6 26 0.013099752 
943 1258 5 19 0.013092134 
179 249 8 30 0.013052615 
923 1243 6 20 0.013026485 
52 1295 21 57 0.013018075 
5 471 7 31 0.012993941 
231 946 11 37 0.012984245 
192 1487 9 25 0.01297926 
384 347 8 17 0.012976677 
284 993 16 60 0.012973184 
75 11 18 31 0.0129699595 
307 136 8 15 0.012967859 
194 871 10 31 0.012949885 
1014 664 8 25 0.012934662 
540 1145 6 19 0.012931814 
939 437 9 28 0.012899746 
983 1297 5 21 0.01289639 
865 457 8 31 0.012891668 
233 550 8 31 0.012868533 
597 209 11 29 0.012857549 
560 305 8 21 0.012851178 
-14 967 8 36 0.012823786 
997 849 9 26 0.012812949 
121 15 12 26 0.012809861 
595 289 9 19 0.012803496 
176 1450 9 24 0.012793663 
6 491 8 37 0.012786053 
309 327 1154 2185 0.01278012 
576 222 10 35 0.012764583 
697 1225 5 20 0.012730329 
176 561 10 45 0.012729029 
744 751 14 47 0.012703671 
114 869 215 327 0.0126687735 
120 511 9 33 0.012658076 
121 642 9 32 0.012611174 
65 1101 8 30 0.012596094 
-31 1103 8 35 0.0125905685 
215 511 11 41 0.012581051 
-234 154 14 68 0.012578292 
121 190 7 29 0.012570506 
690 563 201 373 0.012570475 
122 551 9 28 0.0125635285 
901 438 8 32 0.0125505105 
962 1375 4 17 0.012538129 
1015 649 6 19 0.012524406 
196 281 7 32 0.012502458 
884 1317 5 17 0.0124965 
-16 929 9 37 0.0124859065 
24 1496 10 34 0.012480558 
426 268 7 22 0.012473331 
562 271 6 18 0.012453529 
258 137 6 18 0.01244551 
1016 1051 6 18 0.01242787 
233 640 8 38 0.012427589 
82 944 9 45 0.012423319 
193 633 11 50 0.01241686 
1017 1432 5 19 0.012404166 
193 946 12 37 0.012401316 
87 646 7 27 0.012381032 
102 628 7 26 0.012353484 
382 354 10 29 0.01235335 
82 775 8 35 0.012337472 
254 476 9 32 0.012325421 
162 1213 9 30 0.012322594 
959 1278 5 19 0.012308188 
1003 289 5 15 0.012295418 
993 1456 12 52 0.012274883 
840 560 11 47 0.012267432 
86 706 6 22 0.01225623 
-13 1008 8 34 0.012221112 
-32 1062 9 39 0.0121601885 
293 124 9 17 0.012139551 
8 1087 7 26 0.012121181 
239 150 7 24 0.012117936 
173 1424 12 30 0.012107251 
190 1465 10 27 0.012090564 
101 225 8 39 0.0120755695 
-30 1142 7 34 0.0120731015 
104 1197 10 29 0.012067597 
8 1049 6 26 0.012043574 
883 648 9 23 0.012038005 
122 608 8 25 0.012029943 
129 1322 12 44 0.012016643 
64 1499 8 26 0.012009263 
906 1262 6 18 0.012009223 
146 3 21 25 0.012000475 
156 1028 13 62 0.011995782 
172 952 10 32 0.011961262 
104 552 7 25 0.011915381 
576 189 9 25 0.011887103 
722 885 14 41 0.011881666 
80 1500 11 28 0.0118494015 
138 973 11 40 0.011815916 
953 845 13 31 0.011791164 
999 841 7 18 0.011767524 
177 929 9 24 0.01176227 
421 342 10 19 0.011744877 
258 601 7 33 0.011725015 
919 437 9 32 0.011710347 
885 839 7 21 0.011705171 
175 594 11 50 0.011703815 
694 523 115 228 0.0116816405 
980 850 9 25 0.011652324 
154 653 13 46 0.0116358185 
118 227 8 33 0.011610476 
745 933 14 62 0.011610428 
557 191 9 24 0.011594837 
99 1394 7 24 0.011538658 
86 723 6 24 0.011514172 
215 675 10 46 0.011509027 
463 268 7 21 0.011451926 
690 328 8 19 0.011447037 
906 1281 5 17 0.0113886455 
94 1012 14 62 0.011388118 
1012 842 7 19 0.011371799 
900 1116 11 41 0.011368556 
983 1431 5 23 0.011334437 
449 1220 6 24 0.011269251 
951 674 13 41 0.011257558 
179 267 8 31 0.011251508 
744 464 10 41 0.011238667 
712 345 7 21 0.011235541 
1001 1047 7 24 0.011218211 
286 491 9 31 0.0112142665 
114 964 13 51 0.011207437 
215 151 7 28 0.011152983 
88 685 6 24 0.011150532 
157 512 10 36 0.011145685 
797 637 13 33 0.011117499 
175 915 11 25 0.011104857 
726 360 9 25 0.011090972 
998 471 8 28 0.011078283 
807 587 10 29 0.011060137 
7 1029 7 27 0.011057489 
98 753 10 36 0.01104895 
982 1104 7 26 0.011048096 
824 584 11 36 0.011035568 
698 1243 4 20 0.0110328 
998 457 8 26 0.011013525 
120 170 6 24 0.010988933 
121 626 9 29 0.0109823225 
92 11 18 33 0.010976409 
449 1290 7 26 0.010973936 
562 244 7 26 0.0109725995 
169 1002 17 73 0.010961925 
86 627 6 28 0.010941956 
-12 1260 6 27 0.010929929 
748 974 13 64 0.010926562 
479 196 9 21 0.010923249 
84 758 7 30 0.010919077 
169 1188 17 48 0.010910748 
190 913 12 25 0.010884018 
784 651 15 48 0.010879568 
105 1211 11 35 0.010879003 
188 1005 18 70 0.010872924 
156 601 9 38 0.010870412 
617 346 6 17 0.010849569 
716 1201 7 22 0.010839308 
134 102 12 29 0.010814113 
444 1331 8 29 0.010805944 
160 933 8 21 0.0107901795 
983 1320 5 18 0.010737876 
963 1358 4 16 0.010736595 
257 170 7 24 0.010735417 
198 151 7 25 0.010733683 
409 343 8 18 0.010731951 
448 1277 5 20 0.01072471 
257 122 8 18 0.01071243 
957 437 10 26 0.01070053 
98 773 10 38 0.010700327 
118 495 9 32 0.010689663 
123 531 9 30 0.01068329 
-13 1180 7 33 0.0106793195 
136 696 13 40 0.010667357 
957 609 10 29 0.010662074 
884 1281 6 17 0.010655934 
97 962 11 49 0.010625758 
154 133 8 22 0.010613699 
1001 637 6 15 0.010603954 
671 341 7 20 0.010590206 
64 1079 9 32 0.010581999 
792 1299 4 15 0.010581126 
614 288 9 21 0.010566374 
463 1201 5 21 0.01056616 
136 677 12 37 0.010558757 
323 1031 17 62 0.01055495 
140 224 8 29 0.01055264 
86 604 7 29 0.010533857 
136 657 12 38 0.010513662 
410 1128 6 27 0.010511375 
177 116 7 20 0.010498727 
-212 -10 156 164 0.010483411 
1254 1236 18 66 0.01046711 
155 95 9 26 0.010466493 
427 1374 6 24 0.010454011 
660 262 20 36 0.010451337 
1258 42 16 54 0.010433383 
81 43 14 37 0.010433102 
-13 1200 7 32 0.010401745 
1028 1097 335 612 0.010401121 
735 991 42 183 0.01039362 
558 787 242 384 0.010346671 
129 1119 22 73 0.01034666 
83 790 9 41 0.010345284 
209 925 13 35 0.010330346 
955 299 7 21 0.010305309 
114 727 16 49 0.010302985 
538 327 7 17 0.010288932 
540 271 7 20 0.010278497 
751 1203 7 21 0.010270401 
866 630 7 19 0.01025736 
977 455 9 28 0.010238841 
632 190 10 23 0.010223742 
114 991 17 68 0.010220163 
216 285 7 26 0.010204015 
93 801 16 60 0.010178397 
82 63 13 35 0.0101582585 
614 174 9 23 0.0101559395 
57 2 17 19 0.010153063 
409 270 7 20 0.010148598 
231 696 11 43 0.010139109 
886 1336 4 18 0.01012599 
906 1245 5 17 0.010106999 
157 874 10 28 0.010105559 
560 290 8 19 0.01009344 
99 1359 7 18 0.010091272 
138 625 9 31 0.010090973 
520 242 9 29 0.010080718 
1000 647 7 19 0.010068372 
619 323 7 20 0.010051087 
134 785 17 58 0.01001185 
