26_Soldier_Drilling_Soldiers_Drilling_26_223
1851
204 116 18 36 0.9964767 
165 135 15 32 0.99619055 
617 95 25 40 0.9957314 
914 107 34 54 0.99545836 
723 100 28 39 0.9921327 
278 111 25 34 0.9902586 
408 102 19 37 0.98643285 
18 123 19 34 0.98580986 
386 109 20 36 0.9626974 
67 136 9 23 0.96024114 
130 149 12 24 0.94750965 
466 107 19 32 0.89392954 
526 78 25 36 0.89272475 
624 173 19 33 0.8717739 
90 128 12 26 0.85741866 
675 138 18 30 0.8546128 
101 133 11 26 0.8311255 
365 124 14 29 0.80868363 
139 148 11 27 0.73094296 
79 178 12 24 0.56688094 
580 241 10 25 0.39522964 
247 121 12 26 0.3901062 
202 186 13 24 0.32732698 
223 235 15 30 0.2957508 
51 243 9 18 0.28752294 
130 130 7 15 0.26191363 
423 165 14 31 0.23311059 
114 140 8 19 0.20295778 
415 89 17 30 0.1983123 
576 128 11 22 0.18593465 
121 130 6 15 0.18559945 
519 101 21 32 0.18391554 
496 109 13 23 0.16062278 
889 236 18 25 0.14916305 
160 141 11 22 0.14602228 
106 121 6 13 0.1340331 
74 137 10 23 0.12937216 
15 207 10 21 0.12561618 
491 104 10 21 0.12493235 
178 128 10 23 0.12359746 
732 238 11 24 0.11772749 
153 150 11 23 0.11531475 
574 113 13 27 0.111239366 
84 90 6 17 0.11036085 
90 66 7 16 0.109612145 
625 238 12 32 0.10703556 
144 160 11 22 0.10557202 
714 119 26 39 0.102394864 
684 142 19 34 0.10083985 
88 73 9 26 0.09694367 
440 112 10 23 0.09604186 
134 244 8 21 0.09511172 
447 105 11 20 0.09358707 
590 98 11 22 0.09306827 
172 89 6 16 0.09297393 
449 113 11 22 0.09012669 
85 187 13 25 0.08920194 
778 114 9 20 0.088826634 
154 198 11 23 0.087909885 
181 114 10 22 0.08683596 
631 165 20 32 0.08647344 
169 103 7 16 0.08545301 
83 76 7 20 0.084022954 
68 94 5 14 0.083195865 
991 306 10 24 0.08140365 
51 249 11 27 0.081310645 
84 130 8 19 0.08054212 
154 177 9 19 0.079569735 
186 102 7 17 0.07852151 
184 92 6 15 0.07808887 
205 197 13 29 0.07770428 
123 152 8 17 0.077316634 
58 140 8 20 0.0763663 
67 101 7 18 0.075507395 
153 165 9 20 0.07526427 
124 125 4 11 0.07516841 
577 101 10 23 0.07478648 
466 231 9 23 0.07419762 
19 167 9 22 0.07367377 
3 181 9 23 0.07335144 
16 176 10 25 0.073271334 
86 67 5 15 0.07112524 
737 238 13 30 0.070434935 
171 296 6 13 0.068995856 
43 175 10 29 0.068992615 
108 351 5 12 0.068891294 
996 309 10 19 0.068859264 
101 149 11 22 0.06870529 
173 83 5 12 0.06868355 
1014 77 11 23 0.068397745 
91 204 11 22 0.06712403 
92 164 10 23 0.06610236 
664 226 11 29 0.065524325 
190 167 10 21 0.06460284 
620 229 9 25 0.0644921 
49 175 10 27 0.063146256 
742 252 11 28 0.06006721 
169 115 8 18 0.059100803 
863 247 7 15 0.058661856 
21 172 13 32 0.058557406 
37 125 11 25 0.05786819 
84 101 7 16 0.057781253 
459 199 11 25 0.05776577 
841 100 13 31 0.057262406 
221 55 6 13 0.056953862 
89 87 7 21 0.056774154 
53 280 9 24 0.05656545 
13 188 9 22 0.056373682 
93 150 10 20 0.05636426 
862 255 6 15 0.056310065 
118 346 7 15 0.056061357 
56 127 7 19 0.055803236 
97 352 4 12 0.0557058 
657 279 7 19 0.05508714 
173 361 5 19 0.05495886 
1015 12 9 20 0.054509986 
118 321 8 21 0.054312993 
17 52 5 14 0.054032613 
61 94 4 13 0.052966207 
94 122 7 15 0.05295864 
21 77 4 15 0.052956685 
19 69 5 14 0.05220834 
68 118 7 19 0.052079618 
78 150 10 22 0.052042812 
1010 327 15 27 0.052008502 
193 103 9 18 0.051854726 
172 349 4 16 0.051515445 
101 162 10 22 0.051346395 
1013 112 12 28 0.050886836 
176 145 14 29 0.050299004 
583 246 13 33 0.05028671 
56 116 7 20 0.050132714 
729 264 13 32 0.050065257 
78 203 11 22 0.049775254 
66 164 9 21 0.049597673 
876 335 5 16 0.04904036 
53 293 9 25 0.048424244 
868 175 14 29 0.048208255 
832 75 10 22 0.04819197 
692 319 8 20 0.047899093 
333 127 9 22 0.04765903 
875 242 9 18 0.047472596 
690 128 13 24 0.04725422 
305 160 13 28 0.04709262 
211 349 4 15 0.046877895 
195 177 12 24 0.046539742 
185 166 10 20 0.046465497 
245 136 11 23 0.046417173 
543 82 17 30 0.04635706 
216 175 10 23 0.046291154 
885 345 7 21 0.045928963 
686 318 6 17 0.04579686 
93 105 6 15 0.045786187 
171 289 5 11 0.04549719 
644 268 7 22 0.04547389 
96 360 5 18 0.04543964 
254 134 13 27 0.04531612 
85 58 4 11 0.04514825 
730 203 12 31 0.045075983 
569 113 11 22 0.045073763 
18 46 4 12 0.044934895 
22 203 12 25 0.044798844 
835 88 11 24 0.044734392 
186 348 4 15 0.04448259 
768 203 11 28 0.044474535 
68 177 11 24 0.04445251 
894 217 11 19 0.04434829 
713 260 17 37 0.04424689 
467 125 19 37 0.043901954 
394 152 12 25 0.043822654 
55 151 9 21 0.043458175 
768 174 10 27 0.043327615 
53 163 10 26 0.042847008 
213 361 4 16 0.04283838 
70 82 5 12 0.042682443 
107 371 6 23 0.042514894 
588 233 7 20 0.042485487 
118 360 6 19 0.042361017 
1016 5 8 15 0.04228351 
640 242 8 22 0.04226628 
707 127 17 24 0.042216316 
317 243 11 20 0.04211272 
17 225 9 23 0.04201894 
162 105 6 14 0.041937992 
214 201 11 26 0.041328087 
944 175 14 30 0.041287296 
609 14 7 14 0.040851057 
71 347 4 14 0.04083288 
89 227 10 22 0.040515635 
471 231 8 22 0.04041043 
60 83 4 11 0.040189043 
641 337 10 32 0.040077306 
184 82 5 14 0.039688844 
122 214 8 17 0.03963606 
587 112 11 23 0.03963104 
210 168 8 18 0.039515447 
134 348 6 15 0.03940166 
134 78 6 15 0.039291684 
742 204 12 31 0.03910702 
199 348 4 15 0.03896913 
840 118 16 35 0.038896292 
211 45 4 10 0.038822815 
161 349 5 15 0.038587343 
212 339 3 12 0.038456053 
144 134 7 16 0.038381834 
987 293 10 26 0.038329937 
224 364 3 14 0.03824855 
823 74 9 20 0.03823538 
587 138 10 21 0.038175438 
85 119 5 16 0.03813752 
83 362 5 15 0.038129635 
108 360 5 18 0.03811174 
666 203 10 26 0.038043704 
182 361 5 17 0.03802854 
758 240 9 22 0.037939634 
770 242 8 19 0.03793503 
579 93 7 18 0.037904285 
652 164 12 22 0.03788315 
616 16 6 13 0.03776417 
564 153 10 24 0.03769105 
83 350 4 12 0.03759291 
631 304 7 22 0.03757969 
250 103 8 20 0.03744965 
408 152 12 25 0.03740211 
341 232 14 21 0.037390575 
1002 89 8 20 0.03738234 
875 322 6 19 0.037310425 
640 255 9 23 0.03722884 
877 348 5 17 0.036983244 
758 200 12 33 0.036765482 
666 280 7 19 0.036711615 
68 244 7 17 0.036711372 
130 123 5 13 0.036683735 
591 39 6 17 0.036542874 
348 113 9 20 0.03654261 
160 361 4 16 0.036440637 
717 242 12 22 0.03637831 
863 324 5 16 0.036114953 
561 160 11 32 0.03591929 
82 372 5 17 0.035719022 
148 176 8 18 0.035705496 
253 101 12 23 0.035591602 
232 151 9 21 0.035541464 
59 104 6 16 0.03541463 
1000 67 6 15 0.035409834 
864 334 5 17 0.03524864 
569 138 9 18 0.035196632 
689 157 17 33 0.035093274 
287 291 19 27 0.03501735 
134 360 5 17 0.034878157 
45 95 5 14 0.034692224 
196 124 13 25 0.034530398 
886 219 12 18 0.034528088 
358 146 15 30 0.034500483 
29 107 8 18 0.03449888 
990 364 6 17 0.034445833 
211 129 15 30 0.034392737 
117 179 8 19 0.034330163 
1014 342 10 21 0.034310974 
174 -3 4 9 0.034190014 
199 339 4 13 0.03416587 
43 103 6 16 0.033884473 
142 230 10 24 0.0338772 
450 191 13 29 0.033838432 
20 242 6 17 0.03362473 
172 308 8 17 0.033603717 
195 201 12 22 0.033532415 
862 349 5 16 0.033421602 
161 -4 4 9 0.033416267 
69 205 10 20 0.033218585 
83 -36 5 15 0.03318685 
423 318 10 21 0.033109117 
757 164 14 34 0.033090353 
577 304 7 22 0.033029463 
567 54 6 14 0.03302693 
623 212 13 34 0.032824636 
754 253 11 26 0.032801107 
873 256 8 14 0.03271616 
906 243 12 20 0.03270087 
223 65 6 14 0.03252071 
67 214 10 23 0.032393824 
1015 361 8 20 0.032291103 
109 298 5 14 0.032246556 
161 -36 4 14 0.03223592 
461 214 11 27 0.03223146 
41 117 7 20 0.03217488 
316 234 7 16 0.032148827 
152 212 14 29 0.032058876 
244 206 9 20 0.03201824 
283 202 8 22 0.03177924 
1000 100 9 23 0.031628948 
965 214 9 25 0.03158318 
102 214 9 17 0.031527232 
90 297 7 17 0.031521484 
70 47 4 10 0.031487938 
962 186 11 31 0.031428628 
641 318 9 26 0.031423416 
259 54 6 13 0.03130901 
138 249 10 23 0.031280447 
345 148 14 30 0.031126063 
721 234 8 16 0.031077726 
70 361 5 17 0.031076945 
863 269 6 17 0.031052927 
574 144 12 29 0.031030238 
1003 365 5 15 0.030982468 
768 226 9 22 0.030949092 
404 186 14 33 0.030929534 
385 158 14 32 0.030923152 
200 372 5 22 0.030784354 
198 283 8 19 0.030688718 
1014 232 10 19 0.03066615 
577 256 12 31 0.030629171 
655 155 11 19 0.030628625 
776 110 6 14 0.030590499 
932 170 15 31 0.030578379 
70 55 5 11 0.030531453 
357 143 92 113 0.030450672 
758 222 9 27 0.030391501 
839 325 4 13 0.030370366 
199 362 4 15 0.030233594 
772 93 6 14 0.030184967 
706 253 14 28 0.030115543 
679 201 8 23 0.030066583 
126 213 10 22 0.030060343 
876 307 6 19 0.030012036 
920 561 12 23 0.029921621 
863 284 5 15 0.029881246 
211 54 5 13 0.029875178 
145 350 5 15 0.029866666 
222 46 4 10 0.02985475 
413 162 12 26 0.029849777 
233 140 10 20 0.029782346 
173 -36 4 14 0.029753678 
185 56 4 12 0.029652791 
844 89 10 23 0.029633664 
175 6 4 10 0.029622616 
961 225 11 32 0.029588265 
70 372 5 17 0.029573705 
210 373 6 21 0.029512579 
84 296 7 17 0.029465938 
707 243 10 18 0.029457526 
632 263 9 24 0.029406698 
233 92 8 18 0.029385652 
881 174 14 29 0.029325576 
486 123 12 28 0.029292611 
755 277 12 30 0.029288646 
921 250 17 30 0.02928752 
181 237 11 26 0.029243134 
-56 562 326 345 0.029227406 
52 265 9 22 0.029226964 
-34 -211 726 746 0.029201904 
638 154 14 23 0.029176572 
1017 67 8 19 0.029167786 
22 -245 259 162 0.029089523 
148 -36 4 14 0.02907186 
189 239 13 29 0.029065173 
974 224 9 30 0.02902488 
260 79 9 18 0.029012177 
185 335 5 16 0.028817624 
398 216 9 22 0.028814554 
314 221 7 15 0.028806936 
883 211 84 107 0.028780067 
632 314 8 25 0.028677015 
135 -36 4 14 0.028673982 
684 333 7 19 0.02867356 
862 299 5 14 0.028669288 
180 310 6 16 0.028648343 
935 343 8 21 0.028640369 
201 45 4 10 0.028637294 
976 66 7 17 0.028609378 
122 -36 4 14 0.028521307 
876 282 8 21 0.028466046 
570 105 8 17 0.028458748 
883 286 12 29 0.028443985 
606 7 7 11 0.028426444 
868 136 12 26 0.02840812 
810 103 9 21 0.02835861 
557 43 6 13 0.028356984 
31 55 5 12 0.028281583 
224 351 4 13 0.028223997 
109 -2 4 8 0.028105648 
158 299 5 12 0.028100042 
465 292 7 21 0.028087765 
741 272 14 35 0.028077325 
348 138 11 23 0.028072366 
1014 371 9 22 0.028050337 
474 96 10 18 0.02802748 
97 -2 4 8 0.027929183 
591 30 7 14 0.027917253 
4 169 8 18 0.027904974 
120 165 8 17 0.027885834 
851 322 5 15 0.027884036 
837 197 7 13 0.027858213 
272 216 8 22 0.027839068 
624 155 17 28 0.027838305 
156 308 6 14 0.027836265 
71 -2 3 8 0.027793225 
1017 22 8 21 0.027789617 
860 236 11 18 0.027776122 
211 35 4 9 0.027731355 
184 204 9 18 0.027726037 
182 297 5 13 0.02772492 
371 98 74 72 0.027721513 
81 245 8 17 0.027706878 
119 368 7 23 0.027696058 
1017 259 8 17 0.027640907 
109 310 5 13 0.02762221 
467 94 8 16 0.027562397 
90 306 8 19 0.027519006 
202 281 10 23 0.027499858 
885 151 11 23 0.027458807 
1002 80 6 15 0.027347682 
425 329 7 17 0.027182152 
810 74 8 19 0.027153233 
412 175 14 29 0.027107494 
861 180 8 18 0.027070671 
368 144 15 29 0.027037669 
68 227 8 20 0.027028305 
103 192 9 19 0.027010562 
135 -2 4 8 0.026983075 
120 312 5 12 0.026947504 
478 79 7 17 0.026885532 
451 123 12 24 0.026819743 
273 202 8 21 0.026798505 
271 192 7 20 0.0267938 
97 -36 4 15 0.026778296 
180 217 11 23 0.026771942 
18 18 4 11 0.02668678 
883 191 12 24 0.02667649 
18 104 7 17 0.026650049 
120 255 7 16 0.02663646 
322 90 7 17 0.026601588 
245 149 9 22 0.02660059 
819 98 12 29 0.026598394 
57 350 5 15 0.026586995 
873 153 9 19 0.02658558 
147 310 6 13 0.026559345 
496 119 15 30 0.026542189 
43 200 9 23 0.026542129 
89 243 9 19 0.026534012 
935 186 11 30 0.026528519 
148 -3 4 8 0.02648314 
338 117 7 17 0.026482128 
614 152 12 23 0.026420942 
656 290 8 21 0.026399156 
134 372 5 21 0.026380645 
1015 100 10 24 0.026319107 
182 176 11 21 0.026300823 
337 150 10 24 0.02630053 
247 91 9 19 0.026272805 
107 394 8 25 0.026265018 
650 173 15 28 0.026253864 
474 192 8 20 0.026205676 
505 91 10 19 0.026198125 
109 -36 5 14 0.026174352 
640 304 9 24 0.026131224 
569 92 7 17 0.026119808 
163 189 12 25 0.026118273 
579 66 7 17 0.026069947 
580 79 6 17 0.026047451 
190 98 193 266 0.026014673 
873 354 7 25 0.026005782 
81 255 10 20 0.0259624 
774 124 8 19 0.025930379 
580 318 6 20 0.025884192 
1015 269 9 19 0.02586412 
878 293 7 20 0.025836037 
256 89 11 22 0.025806962 
667 189 10 26 0.025792155 
990 78 8 17 0.025770027 
30 79 4 14 0.025764832 
287 6 5 8 0.025691705 
622 302 7 22 0.025663124 
47 234 8 19 0.025641434 
852 298 4 14 0.025522701 
21 352 4 12 0.025520783 
563 13 7 18 0.025486097 
184 68 5 13 0.025453033 
568 331 6 22 0.02539606 
246 68 7 13 0.025386805 
104 178 9 20 0.02531694 
233 127 10 22 0.025264915 
666 290 7 20 0.025253305 
284 192 7 21 0.025235439 
692 262 12 33 0.025220636 
851 310 4 15 0.025195338 
516 54 9 16 0.025187375 
1002 112 9 23 0.025170663 
863 311 5 15 0.025113778 
683 289 8 24 0.025070516 
1006 16 5 13 0.024995694 
186 47 4 9 0.0249915 
551 114 10 20 0.024958478 
874 494 195 297 0.024949962 
196 272 7 17 0.024942057 
694 254 10 22 0.024940979 
403 41 180 281 0.024791831 
205 293 7 18 0.024773333 
198 326 5 12 0.024760338 
93 59 5 11 0.02472549 
874 268 7 19 0.024687933 
555 53 7 15 0.024650043 
642 292 9 24 0.024530513 
822 89 10 21 0.024489313 
258 148 11 26 0.024459267 
232 101 9 20 0.024438342 
960 100 11 24 0.02441458 
578 276 7 24 0.024410153 
884 249 13 22 0.024344789 
207 107 12 23 0.024315469 
925 202 9 23 0.024259381 
186 -3 4 9 0.024255535 
348 126 10 20 0.024214964 
222 91 7 19 0.024205301 
72 -36 4 15 0.024176177 
754 115 11 21 0.024157252 
217 217 11 24 0.024155876 
87 253 11 23 0.02411849 
166 215 12 25 0.024097286 
944 237 18 38 0.024056766 
1003 261 6 13 0.024024103 
57 360 5 17 0.024008632 
700 169 14 34 0.023958962 
932 63 10 19 0.023954976 
110 6 3 9 0.023941407 
80 227 9 21 0.023915732 
490 308 7 23 0.023862004 
645 6 6 10 0.023861116 
474 178 8 22 0.023846492 
147 362 4 15 0.023796787 
340 79 5 14 0.023795953 
238 366 3 12 0.023789043 
201 36 4 9 0.02378366 
238 385 5 18 0.023772959 
1001 372 6 17 0.023760421 
559 13 5 16 0.023725286 
43 283 6 19 0.02372164 
992 67 7 17 0.023708897 
122 -2 3 8 0.023683771 
194 95 7 15 0.023682034 
19 337 4 13 0.02366445 
117 382 8 25 0.023655204 
930 241 17 31 0.023647236 
516 66 10 19 0.023624288 
294 161 15 31 0.023575453 
825 54 7 15 0.023564035 
325 127 9 21 0.023551362 
679 217 8 21 0.023548367 
84 -2 3 8 0.023544425 
1004 183 5 13 0.023538051 
71 5 4 10 0.023525493 
669 159 13 25 0.023498498 
603 251 10 26 0.023490308 
883 353 10 33 0.023470504 
200 54 5 13 0.0234612 
184 6 5 10 0.023459468 
516 14 5 15 0.023430483 
207 149 11 23 0.02342088 
31 285 7 18 0.023390885 
633 329 8 26 0.023373982 
933 77 12 22 0.023322845 
31 68 4 13 0.023271358 
886 113 79 82 0.023269536 
656 318 9 24 0.023220202 
934 357 8 19 0.023210824 
852 334 4 16 0.023208505 
589 150 10 24 0.023203608 
85 263 13 32 0.023167638 
518 6 4 11 0.023134809 
191 153 11 23 0.023084393 
44 45 5 10 0.023078984 
646 15 5 12 0.023040248 
209 312 5 12 0.023009492 
910 218 9 17 0.023003858 
7 203 8 19 0.022998666 
1003 28 6 15 0.022973469 
83 18 4 11 0.022935927 
224 79 6 15 0.022930108 
212 325 4 13 0.022907421 
239 377 4 14 0.022896 
258 227 10 24 0.02286971 
657 77 10 19 0.022839094 
231 219 10 21 0.022838747 
106 111 5 12 0.022777595 
58 -2 4 8 0.022764295 
268 78 10 19 0.022737488 
883 313 11 32 0.022732202 
260 203 7 20 0.022699703 
18 31 4 12 0.022696842 
110 17 4 11 0.022611024 
728 282 14 38 0.022604778 
909 63 8 17 0.022578003 
133 -45 5 13 0.022551635 
162 116 6 16 0.022521017 
161 288 5 11 0.022511614 
566 45 5 12 0.02248868 
76 398 11 30 0.022466362 
433 277 18 33 0.022442127 
667 271 6 18 0.022436032 
162 82 4 11 0.022411909 
162 93 5 13 0.022405207 
11 405 14 27 0.022390522 
219 102 9 20 0.022332884 
771 254 8 21 0.022301683 
174 18 4 11 0.022300668 
911 53 7 15 0.022287447 
477 293 7 21 0.022285853 
51 201 9 23 0.022255972 
19 94 5 14 0.022241792 
986 284 9 22 0.022221174 
94 399 6 20 0.022158302 
64 280 10 23 0.02212382 
274 66 7 14 0.022120023 
988 328 9 23 0.02211595 
171 241 9 19 0.022115445 
65 255 9 19 0.022109793 
260 218 7 19 0.022098642 
570 317 5 22 0.022081455 
499 305 9 29 0.022073042 
18 6 4 10 0.022067733 
272 227 7 23 0.022054514 
966 66 6 16 0.022039795 
121 301 5 12 0.021996202 
46 253 9 22 0.02198941 
24 228 10 21 0.021970173 
111 336 5 14 0.021915318 
974 189 8 22 0.021897517 
446 286 10 25 0.021891536 
960 90 10 21 0.02187031 
217 153 10 21 0.021864757 
260 67 7 13 0.0218343 
665 254 9 23 0.021831373 
1013 312 11 16 0.021820473 
251 366 4 12 0.021815673 
45 -1 4 7 0.02178171 
671 130 10 21 0.021769185 
1015 136 10 23 0.021761289 
810 92 8 16 0.021751277 
979 289 10 29 0.021704903 
908 232 11 19 0.021691011 
312 92 8 16 0.021689842 
438 343 8 21 0.021680612 
928 360 6 17 0.021663036 
15 -39 192 258 0.02164898 
867 202 133 265 0.021635994 
934 215 11 26 0.0216093 
930 346 6 17 0.021605955 
19 273 6 18 0.0215548 
28 256 8 19 0.021549366 
511 76 17 28 0.021534335 
1016 221 7 17 0.021526886 
596 334 7 19 0.021476986 
474 203 8 22 0.021472652 
371 171 15 35 0.021430312 
782 179 7 19 0.021426558 
656 203 10 24 0.021395583 
847 209 8 14 0.021389917 
862 113 137 181 0.021351255 
497 69 72 70 0.021343421 
568 345 5 22 0.02130855 
194 138 10 23 0.021291284 
384 78 11 19 0.021265952 
600 333 9 23 0.021248406 
709 236 7 15 0.021243744 
667 64 8 17 0.021227142 
567 5 6 12 0.021200353 
320 248 13 26 0.021199387 
71 70 5 11 0.021194391 
845 195 8 15 0.021189164 
18 285 6 16 0.02118757 
43 56 5 11 0.021180531 
633 98 17 31 0.021179402 
909 205 9 20 0.02117645 
225 6 5 9 0.021164438 
607 38 6 18 0.02115676 
915 -2 4 8 0.02111947 
397 115 75 97 0.021116922 
237 68 5 12 0.021113837 
769 279 9 25 0.02111007 
398 176 11 26 0.021105027 
618 24 6 17 0.021100063 
741 299 14 35 0.021078436 
121 108 5 13 0.021073429 
580 333 6 18 0.021059994 
19 321 4 14 0.021049675 
1002 56 6 16 0.021032594 
171 277 6 12 0.02102618 
236 21 4 9 0.020953145 
17 151 11 20 0.020946078 
247 190 8 21 0.020931304 
182 370 6 23 0.020926405 
697 247 7 15 0.02092303 
682 343 7 22 0.020909647 
83 6 4 9 0.020903043 
135 90 5 16 0.020878501 
567 266 8 24 0.020860562 
990 88 8 20 0.020827526 
1005 5 5 11 0.020824555 
607 151 11 22 0.020808162 
475 282 8 22 0.02078545 
654 139 12 23 0.020779783 
963 77 7 17 0.020771941 
283 215 7 23 0.020744989 
1002 196 5 14 0.020739365 
172 335 5 15 0.020730503 
588 263 10 25 0.020729715 
593 319 8 22 0.020728365 
962 167 10 21 0.020722572 
243 228 11 27 0.020716945 
45 6 4 9 0.020711996 
146 -45 5 12 0.020681221 
244 250 12 26 0.020680984 
251 56 5 11 0.020674108 
978 76 8 19 0.020661443 
1003 270 6 15 0.02062563 
989 102 9 22 0.020622559 
960 358 10 22 0.020612907 
436 191 11 25 0.020609561 
1014 280 12 22 0.02058114 
210 93 7 16 0.020571059 
386 128 16 32 0.020554094 
18 297 5 13 0.020550925 
449 94 9 17 0.020535853 
320 219 10 18 0.020495504 
284 65 7 15 0.02048454 
506 79 9 19 0.02047202 
40 165 11 26 0.02047151 
59 46 4 10 0.020461066 
630 66 9 17 0.02045858 
118 191 8 19 0.020447303 
506 5 4 11 0.020437755 
183 288 5 12 0.020436555 
6 82 154 261 0.020427238 
145 373 5 19 0.02041682 
838 334 5 16 0.020408267 
224 374 4 14 0.020384649 
231 164 10 24 0.020384297 
20 257 6 18 0.02038122 
927 63 8 16 0.020377306 
656 306 7 21 0.02037483 
667 173 12 27 0.020366987 
319 162 10 24 0.020344138 
489 278 9 26 0.02033117 
608 233 6 17 0.020325953 
998 299 8 16 0.020325491 
149 301 5 11 0.02031748 
1015 181 7 17 0.020299716 
558 6 5 12 0.02029339 
186 -36 4 13 0.020285383 
1001 327 11 23 0.020276692 
134 382 6 23 0.02023065 
109 321 6 15 0.020229073 
664 77 10 21 0.020226294 
199 7 4 9 0.020225482 
692 286 10 29 0.020222696 
897 564 10 21 0.02019938 
894 572 14 28 0.020190643 
159 371 5 21 0.020179646 
922 174 12 25 0.020168366 
1015 297 10 16 0.020152913 
18 363 4 13 0.02014784 
233 80 6 14 0.020139206 
184 18 5 10 0.02013522 
439 303 10 22 0.020130565 
541 234 6 17 0.020130156 
988 347 7 19 0.02012111 
313 80 6 15 0.020102851 
923 216 10 23 0.020051805 
934 230 12 24 0.020024562 
1004 -2 5 9 0.019976787 
275 58 5 11 0.01992726 
660 213 10 25 0.019903472 
411 82 11 17 0.019896392 
324 82 6 14 0.019861141 
895 160 15 31 0.01982851 
863 194 8 15 0.019774953 
132 337 6 15 0.01976126 
898 346 7 19 0.01972703 
811 53 6 14 0.01970422 
518 219 5 15 0.019700712 
870 539 12 22 0.019699918 
287 58 4 11 0.019683268 
160 6 5 10 0.0196775 
619 8 6 10 0.01967389 
447 307 9 20 0.01964695 
149 201 9 21 0.019642826 
109 65 6 15 0.019631503 
145 79 5 13 0.019623715 
769 268 9 22 0.01958385 
512 133 14 31 0.019568058 
172 34 4 9 0.019539816 
860 125 10 25 0.019520493 
159 -45 5 12 0.019493341 
296 187 9 23 0.019453766 
975 205 7 20 0.019445878 
567 65 7 17 0.019442389 
133 233 7 19 0.019436764 
978 343 7 21 0.019427063 
960 113 11 26 0.019425124 
475 437 9 23 0.019422568 
606 244 7 18 0.019360004 
300 5 5 9 0.019359771 
83 304 9 20 0.019344272 
268 177 9 22 0.01933517 
399 348 7 18 0.019283181 
167 160 10 22 0.019282678 
32 94 5 14 0.019281209 
343 220 13 22 0.019268073 
571 305 6 23 0.019245317 
620 245 11 31 0.019229965 
435 252 16 34 0.019212063 
61 290 11 26 0.01920617 
135 6 4 9 0.01920456 
363 103 9 19 0.01920246 
862 358 5 19 0.01919489 
235 115 8 18 0.019186435 
351 106 7 17 0.019165037 
385 174 10 26 0.01916114 
32 46 4 10 0.019128963 
583 223 6 18 0.019094005 
562 177 12 38 0.01909389 
530 242 5 18 0.019087344 
57 70 5 11 0.019083187 
798 193 6 15 0.01907247 
858 223 10 18 0.019017156 
400 199 10 24 0.018991727 
350 69 5 13 0.018989243 
926 372 7 19 0.018976597 
147 190 10 22 0.018941509 
111 31 4 11 0.018933112 
436 316 10 21 0.018923879 
837 209 6 12 0.018918222 
1002 40 6 17 0.018915683 
491 295 7 21 0.018900188 
608 26 7 16 0.018896664 
584 30 5 13 0.018894466 
439 242 11 26 0.018881345 
1017 -5 7 12 0.018866854 
618 166 15 26 0.018856209 
693 115 11 23 0.018854218 
527 208 7 17 0.018852392 
919 315 14 26 0.018835364 
907 173 14 27 0.018824058 
935 55 7 16 0.018816998 
91 318 9 22 0.018816845 
480 308 6 20 0.01880813 
45 267 8 21 0.01880064 
491 95 7 15 0.01879351 
251 45 5 10 0.018790187 
500 147 12 29 0.018781105 
846 79 8 17 0.018773904 
988 16 6 15 0.018769864 
842 -276 211 287 0.018759256 
965 39 6 16 0.018740157 
161 -22 4 14 0.018694824 
554 152 11 26 0.018688198 
924 555 8 15 0.018688118 
441 66 7 16 0.01868065 
83 47 4 10 0.018672287 
171 -45 6 13 0.018650547 
450 243 9 21 0.018649839 
43 293 7 21 0.018640878 
347 78 6 16 0.01862803 
45 69 4 11 0.018626943 
669 308 7 20 0.018613713 
718 283 14 38 0.018608604 
722 205 9 24 0.018605068 
59 57 5 10 0.018597761 
600 317 11 29 0.01857861 
800 17 5 13 0.018564653 
109 56 4 13 0.018555352 
299 207 7 17 0.018546505 
120 -45 5 13 0.018510683 
185 323 5 14 0.018481147 
830 163 12 26 0.018467575 
341 68 5 13 0.01844358 
284 228 7 23 0.01843914 
752 302 12 30 0.018427 
145 217 10 22 0.018406251 
40 152 10 20 0.018395698 
975 181 8 19 0.018389588 
121 7 4 9 0.018384157 
441 52 6 18 0.01838252 
169 179 9 21 0.018382091 
735 581 282 338 0.018352808 
827 422 5 26 0.01834344 
872 78 7 17 0.018333977 
249 31 5 10 0.018326987 
979 362 7 17 0.018322911 
949 216 10 26 0.01831607 
770 139 8 20 0.018310668 
501 256 7 19 0.018276518 
496 327 12 37 0.018268127 
811 422 6 26 0.018260397 
849 182 7 14 0.018257584 
811 125 10 24 0.018255915 
199 311 5 12 0.018251518 
593 345 8 18 0.018243574 
894 191 11 22 0.018222595 
333 250 13 28 0.018194636 
567 79 7 17 0.018180676 
276 7 4 8 0.018170841 
825 165 9 23 0.018168898 
860 115 8 20 0.018164225 
592 51 7 17 0.01815538 
157 332 7 18 0.018134596 
700 147 16 29 0.018112896 
211 66 5 13 0.018075323 
677 170 13 32 0.018072624 
57 6 4 9 0.018070746 
950 79 9 17 0.018056676 
668 319 7 20 0.018038346 
1016 194 6 17 0.018037302 
977 39 6 18 0.018036084 
46 82 4 11 0.018034853 
853 249 5 13 0.018031156 
98 4 4 10 0.018026022 
43 215 9 20 0.018012876 
885 266 12 27 0.018005729 
574 160 11 30 0.017979186 
438 92 9 20 0.017961824 
860 170 9 18 0.017955597 
321 208 11 20 0.017955173 
873 205 12 22 0.017936442 
174 45 4 10 0.017927717 
308 187 10 24 0.017901469 
832 130 15 29 0.017885406 
518 233 6 15 0.01787893 
267 148 13 28 0.017860154 
948 91 12 21 0.017832378 
271 90 11 21 0.017825257 
159 132 8 17 0.017815651 
518 210 5 14 0.017815284 
863 79 7 17 0.017790869 
271 240 9 24 0.017775219 
963 553 8 14 0.017759526 
261 191 7 20 0.017757297 
976 328 10 24 0.017740289 
256 241 10 26 0.017717527 
450 166 10 25 0.017698525 
332 219 13 21 0.017696708 
287 -2 5 7 0.017693087 
463 304 9 22 0.017690351 
977 90 8 19 0.017689567 
859 209 10 17 0.01768711 
95 336 5 14 0.017673193 
615 136 74 96 0.017648986 
910 91 13 22 0.017644001 
311 103 8 18 0.017626017 
135 286 6 14 0.017624894 
619 39 6 17 0.017603656 
551 138 11 22 0.017600449 
225 337 4 12 0.017599903 
320 235 9 16 0.017597431 
245 176 9 23 0.017594974 
212 7 5 8 0.017575813 
526 177 8 23 0.017564874 
580 56 6 14 0.017550109 
834 179 8 18 0.017529288 
173 -21 4 13 0.017508032 
28 246 7 16 0.017496584 
625 192 15 32 0.01748835 
657 257 8 20 0.017487144 
557 32 5 12 0.017480772 
506 53 7 15 0.017473076 
594 18 6 12 0.017467149 
1003 173 5 12 0.017466953 
583 42 5 13 0.017450888 
685 213 118 239 0.017448975 
555 318 7 24 0.017431587 
977 53 6 18 0.017430672 
353 -33 4 10 0.017427012 
320 176 11 25 0.01742357 
976 103 9 20 0.017414525 
643 435 5 17 0.01736484 
1003 206 5 14 0.017361056 
964 564 8 18 0.017342916 
616 332 9 23 0.017329684 
97 46 4 10 0.017316826 
754 139 11 22 0.017292235 
187 36 4 9 0.01728649 
144 321 7 15 0.017286092 
321 105 8 17 0.017269196 
236 347 5 16 0.01725851 
851 224 7 13 0.017248241 
83 335 6 15 0.017232375 
800 80 6 14 0.01723016 
633 16 5 11 0.017227948 
358 167 16 38 0.017218206 
1004 243 6 17 0.017211761 
260 45 5 11 0.017209776 
555 170 11 34 0.01720885 
174 71 4 11 0.017192323 
925 334 9 20 0.017172651 
155 241 8 20 0.017169096 
248 79 7 15 0.017150413 
33 293 7 17 0.017141614 
925 231 10 20 0.01712671 
620 183 14 28 0.017091526 
672 54 6 15 0.01704797 
171 319 6 16 0.017033562 
250 -2 4 7 0.01703174 
550 129 11 20 0.016985588 
530 42 7 15 0.016980153 
529 233 6 16 0.016962754 
581 4 6 11 0.016957674 
204 269 10 22 0.016957054 
516 179 7 22 0.016938241 
592 188 9 25 0.016934732 
106 284 7 19 0.016925758 
914 5 5 9 0.016908418 
980 16 6 16 0.016901992 
956 244 16 38 0.016896155 
340 -33 4 10 0.016893312 
683 270 8 21 0.016884731 
7 350 4 14 0.016860636 
582 18 6 13 0.016855516 
446 252 12 26 0.016818851 
299 31 5 12 0.01681773 
659 238 9 25 0.016816445 
583 347 5 18 0.016812896 
897 313 13 30 0.01680943 
54 219 9 20 0.016806932 
532 105 18 32 0.016752861 
683 257 7 18 0.016752403 
527 219 6 16 0.016749965 
136 314 4 11 0.016742224 
80 277 11 25 0.016733833 
702 269 16 40 0.016727071 
157 323 7 16 0.016716419 
681 246 7 16 0.016694596 
408 214 10 24 0.016691098 
401 79 10 17 0.016685057 
904 -2 4 8 0.016673982 
680 231 7 18 0.016657978 
719 80 11 17 0.016650222 
636 433 5 17 0.016645703 
432 154 12 29 0.016612783 
479 67 6 16 0.016588543 
18 308 4 15 0.016571172 
449 334 8 21 0.01655629 
146 286 6 13 0.016555887 
866 481 4 9 0.016554397 
571 292 6 24 0.016550329 
605 142 11 20 0.016545812 
324 118 8 17 0.016539713 
870 117 8 19 0.016529633 
491 245 7 17 0.016522955 
901 64 9 17 0.016509414 
1003 233 6 15 0.016495677 
989 229 7 19 0.016481735 
948 341 9 25 0.016463334 
578 85 71 85 0.016463017 
781 191 8 19 0.016459495 
330 206 13 24 0.016458323 
131 180 8 16 0.016455304 
893 239 36 70 0.016442591 
997 615 14 48 0.01643291 
514 160 10 29 0.016410897 
302 220 6 17 0.01641011 
909 254 16 27 0.01640214 
519 376 6 16 0.016393865 
448 179 12 26 0.016386723 
242 291 17 29 0.016382398 
121 -236 374 115 0.016373156 
524 67 17 26 0.016371628 
69 338 6 13 0.016361495 
950 356 10 22 0.016358702 
979 28 5 16 0.016356353 
962 344 8 22 0.016353607 
452 228 9 21 0.016349098 
408 227 12 26 0.016289148 
706 330 9 23 0.01628421 
992 -2 5 8 0.01627101 
1016 208 6 15 0.016268477 
948 195 12 31 0.016250271 
633 8 6 9 0.016242847 
375 104 11 20 0.016240854 
632 278 8 22 0.016236981 
998 580 13 42 0.016228916 
248 376 4 14 0.016224038 
463 346 8 22 0.01621637 
44 32 4 10 0.016197978 
5 96 5 15 0.016185543 
1003 124 9 22 0.016183523 
325 15 5 14 0.016159134 
225 20 4 9 0.016149651 
890 -2 4 7 0.01614372 
595 4 7 12 0.016135672 
238 31 4 10 0.016129646 
493 -3 4 8 0.016075647 
980 -2 4 8 0.016071446 
463 180 9 23 0.016063312 
377 92 8 17 0.016049732 
365 -33 5 10 0.016035493 
605 279 8 20 0.01602902 
321 193 11 22 0.016020058 
889 565 9 18 0.016019253 
370 117 15 26 0.01601585 
787 15 5 15 0.015999032 
755 128 10 18 0.015987866 
346 166 15 37 0.01598212 
404 -33 4 10 0.01597954 
103 227 9 21 0.015977802 
542 204 7 18 0.01596987 
146 44 5 11 0.015962206 
325 28 5 15 0.015960537 
923 238 37 63 0.015948948 
859 104 8 19 0.01594856 
417 -33 4 10 0.015946195 
827 5 4 10 0.015933868 
928 56 6 14 0.015925832 
83 385 6 19 0.01589317 
209 81 6 14 0.015891522 
878 -2 4 8 0.015885357 
860 89 8 18 0.015881363 
491 329 8 31 0.015875416 
160 19 5 10 0.015875222 
905 295 20 34 0.015855953 
772 5 6 13 0.015852338 
901 92 10 19 0.01585033 
960 327 11 27 0.015827822 
184 275 6 13 0.015797501 
429 346 6 15 0.015797352 
339 6 4 9 0.015788889 
651 339 10 28 0.015786903 
467 81 7 15 0.015752997 
1003 141 7 16 0.015744882 
667 330 8 22 0.015732717 
464 335 8 21 0.015724411 
772 82 6 14 0.015722575 
965 30 4 15 0.015713118 
399 360 7 20 0.015713014 
877 481 4 9 0.015693532 
909 572 14 27 0.015689787 
900 78 9 17 0.015678728 
474 218 7 21 0.015674034 
531 5 4 12 0.015648166 
212 22 4 8 0.015642488 
542 41 6 15 0.015632536 
897 330 9 24 0.015629219 
635 425 6 15 0.015623491 
910 191 10 21 0.015617772 
812 44 6 14 0.015612334 
1004 222 5 13 0.0155915255 
300 43 5 13 0.015591249 
120 393 7 22 0.015583597 
288 17 5 11 0.015583565 
528 13 6 16 0.015582719 
992 195 5 15 0.015563681 
796 182 7 17 0.015557691 
446 266 11 27 0.0155446185 
617 316 9 25 0.015528142 
448 133 13 28 0.015519398 
717 172 13 32 0.01546937 
947 578 12 19 0.015455779 
388 228 10 20 0.015446553 
991 6 5 10 0.015435476 
442 -33 4 10 0.015429985 
236 58 4 11 0.015429565 
33 5 4 9 0.015428471 
234 206 10 21 0.015413946 
741 185 14 33 0.015413087 
812 210 5 12 0.015408497 
378 79 8 16 0.015391883 
647 -2 5 7 0.01538468 
425 218 9 21 0.015384008 
391 -33 4 10 0.015373886 
119 68 5 13 0.0153646795 
531 -4 5 9 0.015360589 
541 315 8 29 0.01534354 
451 211 11 26 0.015339796 
577 200 9 28 0.015332219 
305 126 12 23 0.015325139 
797 116 7 17 0.015322369 
507 14 5 14 0.015317859 
30 350 5 14 0.015314968 
146 21 4 9 0.015310812 
525 162 9 26 0.015274034 
119 284 7 17 0.015269372 
148 7 4 9 0.01526396 
199 19 4 10 0.015248749 
895 283 17 39 0.015219822 
544 4 5 13 0.015207704 
663 114 74 90 0.015201835 
853 347 4 18 0.015200794 
263 19 4 10 0.015194085 
1000 385 7 20 0.015183785 
27 267 9 24 0.015167266 
108 255 7 17 0.015162026 
591 221 6 19 0.015158751 
966 55 5 15 0.015142685 
260 177 8 23 0.015138419 
517 45 5 14 0.015124149 
800 93 6 13 0.015122757 
71 17 4 10 0.015120841 
158 258 6 16 0.015113287 
990 27 5 17 0.015094545 
314 210 7 15 0.015083804 
107 -45 6 14 0.0150768915 
-76 -80 1407 1437 0.015072615 
671 43 5 13 0.015069231 
491 253 8 20 0.015059453 
32 -1 4 7 0.015049725 
285 175 9 24 0.01504723 
812 -3 5 9 0.015029736 
184 253 9 20 0.015028844 
435 80 80 95 0.015012899 
235 6 5 9 0.015008903 
874 221 10 16 0.015005105 
325 139 8 19 0.014995423 
96 31 4 11 0.014988586 
990 54 7 17 0.0149487145 
300 -2 5 8 0.014934412 
339 246 20 37 0.01491757 
771 13 7 16 0.014911834 
519 -3 4 8 0.014907967 
224 -2 4 7 0.01489431 
963 543 7 14 0.014892073 
134 396 6 19 0.014879262 
690 339 10 28 0.014877376 
1018 40 7 18 0.014876843 
333 171 13 30 0.014866575 
796 127 9 20 0.0148543455 
936 319 11 24 0.0148499785 
758 155 9 19 0.014846728 
147 335 6 15 0.014835978 
808 198 6 13 0.014835084 
503 175 8 24 0.014832255 
340 -2 3 8 0.014830194 
502 246 6 15 0.014825972 
347 202 11 23 0.014810086 
541 56 9 15 0.01480889 
864 -2 3 8 0.014800962 
304 296 10 18 0.014791063 
65 268 9 20 0.014788937 
539 302 9 29 0.014783366 
436 122 13 27 0.014780623 
786 54 5 15 0.014775923 
719 66 8 16 0.014772021 
298 55 6 13 0.014765611 
590 292 9 23 0.014758441 
198 67 5 13 0.014731908 
522 145 13 32 0.0147117805 
516 267 7 23 0.014704124 
1003 158 6 13 0.014689128 
574 183 11 35 0.014687513 
837 384 5 20 0.014678171 
455 -34 4 10 0.014668671 
97 19 3 10 0.014647851 
971 248 12 32 0.0146464 
690 181 13 32 0.01464483 
23 146 13 25 0.014644506 
262 7 4 8 0.014637661 
387 187 10 23 0.01463496 
17 375 6 15 0.014634031 
326 6 4 10 0.014618968 
199 -3 4 8 0.014606217 
79 58 202 271 0.014591174 
1017 171 7 16 0.014589076 
488 263 11 26 0.014587541 
500 278 9 27 0.014586471 
131 195 7 15 0.014567169 
383 244 11 22 0.01456617 
71 -21 5 14 0.01455434 
183 192 10 20 0.0145540545 
783 283 7 17 0.014553615 
838 395 5 22 0.014552336 
359 289 10 24 0.014534193 
977 154 7 17 0.014533646 
70 385 6 19 0.014529665 
313 180 83 115 0.014520574 
604 186 12 28 0.014520002 
823 135 12 28 0.014512376 
991 203 6 16 0.01451127 
184 -45 5 13 0.014501515 
429 -32 4 9 0.014497754 
847 167 10 20 0.014493667 
522 372 10 22 0.014485278 
1002 565 7 21 0.014485115 
831 148 13 27 0.014482331 
549 100 12 22 0.0144656245 
81 -46 6 16 0.014461317 
667 87 9 20 0.0144590335 
729 80 12 18 0.014458598 
506 -3 4 8 0.014435271 
902 54 7 15 0.014427281 
299 18 5 11 0.014422115 
915 347 6 16 0.014404956 
58 -35 4 14 0.014404815 
107 245 7 17 0.014402696 
378 -33 5 10 0.014401938 
305 282 11 21 0.014383729 
390 215 9 22 0.014380747 
136 21 3 9 0.014366589 
6 363 5 15 0.014363119 
121 92 6 15 0.014360891 
249 22 4 9 0.014360419 
698 237 6 12 0.01435973 
787 349 5 14 0.014358386 
323 154 8 20 0.014357206 
591 306 7 22 0.014346574 
592 276 8 22 0.0143333655 
1018 55 7 17 0.014331452 
660 40 5 15 0.014323997 
828 19 4 10 0.014322832 
327 -33 4 10 0.014317528 
843 149 13 26 0.014307313 
283 271 12 22 0.014302934 
602 265 9 23 0.014300877 
618 65 9 20 0.014294035 
160 400 5 19 0.014285251 
505 67 8 18 0.014283142 
353 -217 740 810 0.014269179 
259 161 10 27 0.014254168 
236 44 5 10 0.014253392 
593 81 7 16 0.014247819 
492 5 4 11 0.014224238 
197 83 5 12 0.014199292 
365 -2 4 7 0.0141837895 
55 333 6 16 0.014180883 
448 345 8 21 0.014150346 
541 218 6 18 0.014143514 
486 174 10 26 0.014141035 
425 362 7 16 0.014109599 
32 339 4 12 0.014108155 
468 -34 4 10 0.014101111 
225 34 3 9 0.014094326 
1001 284 8 17 0.014076156 
795 138 9 22 0.0140654 
644 67 7 16 0.014055384 
283 241 9 23 0.014054261 
84 -21 4 14 0.0140293995 
825 45 5 12 0.014023182 
462 163 11 28 0.014006491 
605 166 11 22 0.013997499 
638 193 14 31 0.013996958 
378 68 6 15 0.01398686 
974 124 10 25 0.013975805 
915 563 10 19 0.013970785 
476 255 7 18 0.013948521 
121 231 7 17 0.013938582 
990 270 7 20 0.01393541 
852 237 7 13 0.013927072 
592 203 8 23 0.013923994 
960 372 9 18 0.013908944 
853 258 4 14 0.013908794 
148 -22 5 14 0.013892073 
487 78 8 18 0.013889134 
314 30 4 13 0.013884394 
637 214 12 29 0.013876099 
961 574 13 21 0.013861276 
401 304 11 18 0.013854602 
197 396 7 22 0.01384361 
451 79 7 16 0.013836341 
875 68 6 14 0.013826266 
840 312 4 13 0.013825668 
780 204 7 19 0.013824296 
120 269 7 18 0.013824114 
397 238 13 26 0.013783465 
912 331 10 21 0.013769025 
44 19 4 10 0.0137668755 
473 161 10 29 0.013763573 
370 264 14 29 0.013747135 
915 19 4 10 0.013744679 
147 92 5 14 0.013738522 
991 257 7 21 0.013731138 
1017 156 8 17 0.013729524 
762 91 7 16 0.013727491 
4 116 9 20 0.01372731 
960 136 11 25 0.013716778 
314 -34 4 11 0.013705951 
924 78 12 20 0.013682617 
768 331 8 22 0.013667829 
402 66 8 17 0.013666918 
720 329 8 22 0.013647359 
313 249 12 24 0.013647094 
224 327 4 11 0.013646639 
757 338 10 26 0.013645547 
933 371 9 20 0.013643822 
552 67 9 17 0.013642198 
58 373 5 17 0.013624386 
1015 384 8 22 0.013603331 
852 568 6 13 0.013602794 
682 117 8 19 0.013592695 
1004 345 6 18 0.01359109 
618 199 11 29 0.0135699725 
977 170 6 15 0.013552876 
536 134 13 29 0.013551985 
462 144 12 32 0.013523176 
977 315 9 24 0.013509596 
741 92 12 20 0.01349655 
293 272 12 21 0.013490267 
209 394 8 28 0.013481829 
811 411 6 22 0.01347628 
607 67 7 17 0.013475273 
849 385 7 21 0.013474461 
941 -2 4 8 0.01347173 
991 183 5 13 0.01346637 
213 -3 4 8 0.013459643 
396 281 15 28 0.013450231 
888 480 5 10 0.013441806 
352 323 5 13 0.01343991 
145 399 6 19 0.013403376 
84 31 4 11 0.013402391 
811 17 5 12 0.013398672 
367 350 4 14 0.013397689 
135 299 4 12 0.013389026 
69 -47 6 17 0.013370778 
531 -34 5 11 0.013357159 
727 173 15 31 0.01335388 
18 387 6 15 0.013337241 
517 307 7 24 0.013336964 
799 349 5 13 0.013336939 
769 155 8 19 0.01333601 
32 360 5 14 0.013334504 
476 335 7 18 0.013333927 
170 256 7 17 0.013331939 
785 296 5 15 0.013330597 
980 6 5 11 0.013316637 
945 149 13 26 0.0133054145 
120 19 4 9 0.013304362 
349 187 11 27 0.01329509 
485 146 12 31 0.013283209 
97 -20 4 13 0.0132765295 
570 -3 4 9 0.01327613 
273 18 5 10 0.013270641 
606 52 6 18 0.013260791 
827 410 5 22 0.013260242 
253 304 12 22 0.013251778 
44 303 7 19 0.013239345 
246 388 5 17 0.013225435 
645 158 74 110 0.0132251 
826 -3 4 9 0.013191761 
204 255 10 20 0.013186934 
891 529 5 13 0.01316042 
915 285 19 35 0.013155658 
976 267 10 26 0.013148406 
832 53 8 16 0.013143487 
683 353 7 27 0.013142869 
134 72 5 11 0.01313731 
544 15 5 14 0.0131041175 
375 336 6 18 0.013102471 
262 32 5 10 0.013091261 
924 382 8 20 0.013085711 
518 -34 5 11 0.013077651 
799 420 7 26 0.013063154 
144 32 5 11 0.013060774 
518 243 6 17 0.013050858 
134 323 5 14 0.01305006 
122 80 5 15 0.0130431205 
935 566 10 19 0.013031943 
813 325 4 12 0.013031071 
4 452 7 14 0.013008276 
542 191 7 21 0.013005945 
956 420 15 26 0.012997336 
237 -2 4 7 0.01298749 
976 137 9 23 0.012972268 
385 93 11 18 0.012966369 
787 29 5 14 0.012962453 
276 -2 5 7 0.012954025 
989 241 8 22 0.012950367 
492 54 6 15 0.012947459 
658 67 8 15 0.012935466 
759 356 7 20 0.01293299 
932 224 84 119 0.012925893 
543 -34 6 10 0.0129203275 
625 104 133 215 0.012919476 
336 300 7 15 0.012916351 
94 -46 6 15 0.012899954 
960 152 10 21 0.012897019 
453 -43 6 9 0.012890315 
170 380 8 25 0.01288668 
51 319 9 20 0.012872797 
826 325 4 12 0.012870778 
7 335 5 17 0.012869136 
423 306 11 22 0.012858814 
544 -4 4 9 0.012857011 
730 341 10 24 0.012856726 
176 56 4 11 0.012832028 
251 5 4 9 0.012826158 
353 7 4 9 0.012811345 
605 291 9 22 0.0127868345 
186 -20 5 12 0.012785927 
159 276 6 12 0.012780275 
352 -43 4 9 0.012777509 
476 267 8 20 0.012762409 
234 189 9 21 0.012751875 
441 79 7 17 0.012749222 
655 87 10 20 0.012745927 
145 121 6 14 0.01272922 
372 243 12 23 0.012707588 
120 43 4 11 0.0126919 
95 384 6 20 0.012673474 
107 79 6 16 0.012650117 
801 5 5 13 0.012649713 
800 335 5 14 0.0126492 
801 66 6 15 0.012627862 
527 55 10 18 0.01262735 
657 -2 5 7 0.012624438 
860 372 7 19 0.012620516 
19 -3 4 8 0.0126183 
911 80 10 18 0.01261818 
314 6 4 9 0.012614587 
366 338 4 15 0.012613002 
506 -33 5 10 0.01261169 
953 -3 4 8 0.012607913 
851 271 4 15 0.012605136 
424 67 8 16 0.012602399 
441 230 9 20 0.012596871 
119 56 5 12 0.012596811 
423 228 11 24 0.012589773 
301 233 7 16 0.012588919 
109 -20 4 13 0.012587651 
440 41 6 15 0.012582213 
145 272 7 16 0.012581163 
466 -43 6 9 0.012577278 
849 373 6 18 0.012577231 
900 102 11 20 0.012577219 
143 383 7 22 0.012575075 
377 54 5 15 0.012546433 
4 105 7 17 0.012541011 
706 302 12 26 0.012540598 
481 -33 4 10 0.012529206 
337 91 6 16 0.012517708 
912 45 6 13 0.012517132 
890 8 4 8 0.012507504 
326 55 5 14 0.0125008095 
692 199 10 25 0.012483315 
313 42 5 13 0.012479789 
637 138 15 25 0.012479594 
543 31 5 14 0.0124727795 
653 115 10 23 0.012470682 
133 107 5 13 0.012470489 
401 53 8 17 0.0124630565 
463 269 8 19 0.012461122 
851 285 5 14 0.0124543635 
493 -33 5 10 0.012439551 
810 382 5 20 0.012436148 
642 359 10 31 0.012433917 
557 -4 5 9 0.012426823 
135 270 6 17 0.012416983 
606 216 8 23 0.012413715 
933 574 17 24 0.012406795 
339 29 4 14 0.012379575 
973 564 9 19 0.012362134 
770 344 7 20 0.0123617025 
990 385 7 17 0.012361341 
786 42 5 14 0.012353949 
487 190 8 20 0.01234883 
199 -36 4 14 0.012346365 
273 105 13 22 0.012345424 
301 -33 5 10 0.0123432595 
705 200 11 27 0.012336798 
478 425 7 20 0.012314119 
137 31 4 11 0.012310355 
235 338 5 15 0.012277779 
56 18 5 10 0.0122683 
282 255 12 27 0.012267018 
861 155 8 17 0.012261005 
799 107 7 15 0.012256355 
721 318 9 23 0.012249108 
105 269 8 21 0.012245704 
758 104 8 16 0.012243421 
99 127 97 103 0.012226513 
656 6 5 10 0.012204362 
364 -43 5 9 0.012201425 
337 16 5 12 0.012199395 
904 6 4 9 0.01219418 
416 317 11 21 0.012189539 
325 41 5 14 0.012188167 
516 258 6 18 0.012183477 
571 255 7 20 0.012174173 
363 323 5 18 0.012164382 
811 4 5 12 0.012151234 
966 -3 5 9 0.012143446 
314 70 5 12 0.0121359555 
239 398 4 16 0.012119708 
567 31 6 13 0.012119348 
300 99 162 214 0.012112922 
379 -3 3 8 0.012111666 
421 82 10 17 0.012110045 
391 336 6 17 0.01209758 
943 121 16 32 0.012082961 
810 149 12 29 0.012076828 
836 21 5 9 0.012056376 
682 63 8 18 0.012052678 
903 18 4 10 0.012033593 
412 66 9 19 0.012027596 
353 -18 4 10 0.012021745 
969 573 14 24 0.012010644 
339 -43 5 9 0.012001335 
736 131 18 33 0.01199341 
161 32 4 10 0.011988156 
351 338 4 12 0.011978033 
659 53 6 16 0.011977282 
2 140 11 22 0.0119749755 
620 264 9 24 0.011973301 
783 410 7 24 0.011962328 
928 -2 4 7 0.011961634 
390 -3 3 8 0.011961357 
887 104 8 17 0.011957955 
64 304 8 21 0.011949585 
416 365 5 14 0.011948742 
885 128 9 23 0.011948365 
954 407 16 23 0.011946355 
554 255 7 23 0.0119432025 
800 326 4 13 0.0119377915 
720 344 8 21 0.011936777 
915 557 6 12 0.011936295 
416 -3 4 8 0.011924879 
556 329 7 27 0.011922031 
415 265 34 62 0.0119214235 
462 250 10 24 0.011913854 
245 265 11 24 0.011897745 
135 -21 4 13 0.011894325 
451 67 6 16 0.011893434 
812 311 4 13 0.011891826 
315 15 5 13 0.011891456 
452 52 6 18 0.011886544 
619 279 7 22 0.0118804015 
633 29 5 13 0.011878611 
9 5 5 12 0.011867131 
5 373 6 16 0.011865208 
529 317 8 25 0.011853467 
68 398 10 24 0.011817491 
308 308 9 15 0.011807005 
6 -6 5 10 0.011802132 
516 278 7 26 0.011798951 
374 350 5 17 0.011795226 
391 -19 4 11 0.01179397 
939 555 6 13 0.011785348 
524 362 9 20 0.0117824115 
274 44 5 11 0.011781523 
223 387 5 17 0.011778764 
392 349 6 17 0.01177356 
787 336 5 13 0.011752506 
568 361 5 20 0.011742603 
990 39 6 18 0.011737076 
32 20 4 9 0.011731989 
555 -34 6 10 0.011718672 
353 -2 4 7 0.01171611 
864 540 9 17 0.01169247 
478 320 7 21 0.011681961 
785 67 5 13 0.011672792 
633 353 9 26 0.011664715 
552 246 7 18 0.0116597405 
207 227 12 24 0.011647608 
387 282 11 25 0.011646044 
160 383 6 21 0.01164104 
282 94 12 19 0.011633827 
898 358 7 21 0.011621486 
441 201 9 22 0.011599583 
418 328 7 17 0.011598909 
109 44 5 12 0.011592094 
889 556 6 13 0.011586806 
466 54 6 16 0.011573751 
590 165 10 24 0.011570523 
440 357 8 19 0.011569421 
694 65 8 17 0.011550504 
670 343 7 19 0.011545496 
873 106 7 16 0.011540197 
328 -3 3 8 0.0115358075 
449 150 10 26 0.01153278 
877 492 3 11 0.011521105 
506 45 5 13 0.011512788 
553 198 8 25 0.0115111 
8 17 5 13 0.011510971 
197 -45 5 12 0.011509061 
491 16 5 12 0.011501252 
411 240 11 26 0.011498065 
800 299 5 13 0.011494726 
504 235 5 14 0.011494163 
250 348 5 13 0.011492398 
298 79 8 17 0.011486547 
505 190 7 19 0.011486267 
261 -2 5 7 0.011483603 
531 29 5 16 0.011460994 
284 78 9 19 0.011459275 
645 29 5 13 0.011433053 
425 242 10 26 0.011431976 
989 220 6 17 0.011430752 
643 80 9 16 0.011429298 
801 28 4 14 0.011425597 
434 134 14 32 0.011419022 
351 311 6 17 0.011415362 
289 30 5 13 0.0114012305 
271 120 18 29 0.01139403 
782 138 9 21 0.01138705 
364 7 4 8 0.011385332 
46 350 4 14 0.011378754 
348 294 9 21 0.011377918 
811 180 7 16 0.011374581 
695 220 8 17 0.011373928 
784 257 7 18 0.011357586 
888 93 7 15 0.011356178 
594 -3 6 9 0.011352276 
332 190 11 23 0.011352243 
873 91 7 16 0.011350418 
603 198 10 29 0.011345678 
604 91 12 20 0.011314928 
619 52 6 19 0.011309542 
412 54 8 17 0.011300439 
769 321 7 18 0.011288031 
915 30 5 11 0.011284605 
517 293 7 24 0.011281583 
415 5 5 10 0.011270334 
375 323 7 20 0.011268666 
852 -2 4 7 0.011262404 
388 307 9 19 0.011260811 
323 276 10 23 0.011259246 
538 95 72 90 0.0112429345 
671 -3 5 8 0.011240125 
161 71 4 11 0.011229817 
377 -43 5 9 0.011217068 
441 -43 5 9 0.011203786 
339 56 5 14 0.01119981 
418 -19 4 10 0.01119461 
697 -3 5 9 0.011182776 
58 34 3 9 0.011173573 
122 -20 4 12 0.011173562 
384 267 12 26 0.011171846 
387 67 7 16 0.011160715 
482 -2 4 7 0.0111497175 
781 215 8 20 0.011148671 
326 -43 5 9 0.0111327125 
787 6 5 12 0.011113704 
121 33 3 10 0.011104385 
928 257 20 35 0.011086047 
289 -33 4 10 0.011084876 
878 209 32 51 0.011075461 
313 -43 5 10 0.011066167 
783 93 7 14 0.011059283 
463 319 9 23 0.011054766 
952 566 8 16 0.011047716 
953 30 5 14 0.011036213 
774 360 5 16 0.011017669 
379 -18 4 10 0.011005384 
253 282 14 26 0.010995412 
340 -19 4 11 0.010974525 
582 -3 5 9 0.010949921 
607 80 9 16 0.010945775 
366 -18 4 10 0.01094242 
425 202 10 22 0.010937416 
429 -18 5 10 0.010933528 
937 17 6 12 0.010926742 
416 348 6 14 0.0109253 
838 -2 4 8 0.01092306 
837 373 6 19 0.01089785 
359 216 10 20 0.010896431 
681 102 9 19 0.01086569 
45 360 4 15 0.01086174 
926 29 5 12 0.010855056 
850 361 5 17 0.010833277 
356 259 16 35 0.010825733 
316 -244 364 134 0.010796487 
916 362 6 16 0.0107924035 
785 269 7 17 0.010787086 
800 55 6 14 0.01078612 
33 307 5 15 0.010769875 
954 39 5 16 0.0107674375 
555 264 7 29 0.010763111 
928 19 4 11 0.010739994 
255 268 11 23 0.010739629 
873 365 10 34 0.010733522 
682 55 6 15 0.01073257 
272 31 5 12 0.01073211 
82 317 10 24 0.010724453 
11 54 4 13 0.010722201 
706 217 10 21 0.010714117 
987 124 10 23 0.010707746 
953 554 6 13 0.010704433 
31 111 73 103 0.010702988 
467 66 6 16 0.010698643 
299 67 5 14 0.010694762 
363 68 5 13 0.010687715 
786 324 5 13 0.010669823 
527 330 9 27 0.010664603 
271 253 10 25 0.010663461 
403 -43 5 9 0.010659539 
34 32 3 10 0.010649953 
340 324 4 10 0.010645216 
2 158 9 17 0.0106437905 
488 66 7 17 0.0106427055 
886 575 12 22 0.010637088 
160 45 4 10 0.0106364805 
307 141 10 20 0.010626391 
339 107 6 16 0.010592315 
617 356 7 22 0.010548936 
6 217 8 18 0.0105448365 
313 55 6 14 0.0105427755 
308 116 10 20 0.010536475 
811 335 5 14 0.010526534 
731 67 8 16 0.010516088 
540 177 9 24 0.010491189 
487 206 7 18 0.010434437 
670 118 8 19 0.010423014 
893 258 17 39 0.010416236 
672 6 5 9 0.010411783 
958 301 15 31 0.010405943 
632 39 5 17 0.010405904 
390 -43 5 9 0.010402619 
826 396 5 21 0.010400361 
55 -46 6 15 0.010395974 
719 -240 286 138 0.010382908 
568 -34 6 10 0.010380151 
981 373 6 15 0.010364244 
221 297 7 15 0.010350382 
593 67 6 16 0.010330049 
632 54 6 17 0.010326448 
531 303 7 26 0.01031821 
494 -18 4 10 0.010311837 
146 71 5 12 0.0103000095 
300 -43 5 10 0.010295121 
480 16 5 13 0.010291871 
892 17 4 11 0.010286865 
404 -19 4 10 0.010273396 
159 56 4 11 0.010272638 
287 -43 5 10 0.010272349 
658 31 5 12 0.010265914 
610 69 61 77 0.010254175 
479 -43 6 9 0.01023286 
745 358 10 22 0.0102191875 
708 65 8 16 0.010206 
529 255 6 20 0.01020574 
513 330 10 27 0.010202157 
486 354 11 30 0.010198603 
1013 -197 13 34 0.01017639 
420 137 14 31 0.010164428 
863 68 6 14 0.010163602 
655 17 5 12 0.010152211 
11 46 4 12 0.010147792 
416 -43 4 9 0.010133893 
517 364 7 17 0.01013331 
427 55 6 16 0.010130684 
887 469 6 9 0.010125129 
519 -19 5 11 0.010115428 
353 16 4 12 0.010109032 
402 17 5 12 0.010098363 
991 171 6 13 0.010091059 
351 57 4 14 0.010086228 
517 29 5 15 0.010085706 
826 334 4 15 0.010072765 
430 -3 4 8 0.010070358 
961 488 6 13 0.010063815 
428 -43 5 9 0.010058759 
427 30 6 14 0.010034613 
454 102 23 44 0.010028311 
475 460 8 20 0.010021118 
866 490 4 12 0.010017078 
952 5 5 10 0.01000816 
