12_Group_Group_12_Group_Group_12_759
1889
829 125 72 111 0.99787474 
63 94 70 119 0.99688584 
541 178 76 105 0.99645597 
377 112 69 94 0.99628145 
246 173 72 107 0.9957873 
626 94 15 27 0.15489748 
1008 165 16 37 0.106002845 
793 276 8 18 0.10446273 
789 279 5 13 0.100113094 
1009 76 15 31 0.0937789 
1011 117 14 27 0.09295266 
881 65 13 28 0.086201906 
125 98 70 114 0.07409187 
647 74 6 13 0.07363818 
604 106 8 16 0.072767675 
646 82 8 14 0.07269769 
95 70 67 115 0.070704736 
280 74 14 35 0.06482507 
986 133 11 22 0.060215343 
127 57 15 42 0.059833832 
885 59 9 18 0.058843732 
256 18 9 18 0.05877808 
193 26 11 22 0.05832706 
629 46 7 14 0.058015786 
759 278 5 11 0.057435386 
977 110 8 15 0.0574036 
887 134 70 109 0.055500686 
695 68 6 16 0.053282812 
639 102 12 24 0.051348414 
736 60 5 13 0.050848804 
691 209 9 21 0.050357956 
-12 429 135 182 0.050345447 
234 18 10 19 0.050319742 
244 17 9 20 0.049887307 
529 59 7 13 0.049655024 
692 241 15 36 0.049288493 
620 86 6 12 0.048812073 
171 59 7 14 0.048184916 
654 83 7 14 0.048145864 
985 167 11 20 0.047950894 
760 185 6 15 0.047767725 
412 518 10 16 0.04713044 
606 117 10 21 0.04709728 
356 63 15 35 0.046634417 
706 187 7 15 0.04623687 
256 79 12 28 0.04553083 
631 86 9 14 0.04495688 
403 79 71 104 0.044924606 
781 106 9 21 0.04476803 
6 84 21 45 0.044436526 
127 88 12 29 0.044412445 
705 197 7 16 0.04419721 
781 415 10 18 0.043960907 
180 57 8 16 0.043913506 
1003 90 10 21 0.0438874 
976 115 13 25 0.04377751 
774 212 5 16 0.043761086 
811 174 7 15 0.043687824 
723 288 6 14 0.04366217 
220 67 10 19 0.042804454 
761 197 6 16 0.042776972 
176 111 76 113 0.042772677 
833 72 8 17 0.0426658 
257 29 10 20 0.04254559 
694 59 7 17 0.0425374 
752 278 5 10 0.04227761 
664 175 12 35 0.04213676 
610 186 69 106 0.04185498 
222 57 8 16 0.04177075 
223 47 7 13 0.04174333 
551 386 10 20 0.041735042 
490 58 5 13 0.041613385 
746 59 5 14 0.04132228 
132 47 9 17 0.04118556 
28 86 43 91 0.04111903 
575 118 87 105 0.041078094 
786 79 8 18 0.041019097 
705 209 8 19 0.040721036 
747 161 5 16 0.04056816 
784 404 7 14 0.040551994 
772 83 6 13 0.040518958 
1013 56 11 23 0.040494747 
721 149 5 14 0.04044461 
1010 139 14 24 0.04030777 
761 393 6 12 0.040301822 
849 57 7 15 0.040228 
749 171 5 16 0.040140085 
595 59 4 13 0.039711565 
939 95 9 20 0.039705794 
887 47 7 14 0.03968607 
214 152 140 237 0.039618097 
300 355 4 14 0.039603315 
184 31 7 16 0.03959055 
411 353 14 20 0.039588783 
182 44 8 16 0.039581064 
723 277 6 12 0.039554663 
671 160 8 18 0.039477006 
596 50 4 11 0.03945949 
874 57 8 17 0.03894747 
57 679 338 276 0.03880376 
862 57 7 17 0.038740736 
939 118 88 126 0.03854933 
773 172 5 16 0.038485806 
759 212 6 16 0.038406625 
946 100 11 26 0.03838314 
787 68 8 19 0.038367596 
427 47 5 12 0.038162168 
200 68 6 15 0.037958506 
809 182 8 18 0.037936136 
773 224 6 15 0.037797105 
888 36 5 12 0.037789125 
760 59 5 14 0.037716098 
347 46 7 15 0.03762211 
115 41 12 22 0.037476104 
759 175 5 15 0.0374063 
656 173 13 41 0.037358254 
760 269 5 9 0.037286755 
782 97 9 18 0.03705057 
491 50 5 12 0.036945067 
784 160 6 15 0.036862575 
340 414 6 19 0.036856353 
680 67 7 17 0.036781393 
339 401 6 20 0.03678065 
185 477 6 14 0.036764555 
774 281 4 9 0.036738824 
292 125 16 41 0.03671697 
990 82 8 16 0.03669405 
11 244 9 34 0.036662273 
837 58 6 14 0.03658215 
829 76 13 27 0.03656705 
749 47 5 14 0.036536977 
985 111 9 16 0.036460012 
620 60 5 11 0.03635036 
1 75 14 34 0.036349013 
927 55 9 17 0.03610906 
820 58 7 16 0.036062926 
193 411 10 35 0.03593645 
877 36 5 12 0.035903394 
220 33 7 13 0.0358139 
158 248 6 17 0.035738185 
674 17 15 23 0.03572052 
512 155 11 29 0.03570317 
632 56 6 13 0.035638608 
974 100 7 14 0.035542518 
835 -202 196 178 0.03550622 
761 73 6 13 0.035495784 
208 32 7 15 0.035443008 
786 391 7 14 0.03533655 
772 199 5 15 0.035261407 
709 160 6 14 0.035210114 
654 74 6 14 0.03515889 
607 49 5 11 0.035122994 
751 269 4 9 0.035115503 
903 34 5 13 0.035064135 
774 162 6 15 0.03500703 
991 30 7 15 0.03496116 
608 58 4 13 0.03485698 
193 40 8 18 0.034854896 
622 47 5 13 0.034816004 
425 55 8 18 0.034803197 
692 220 10 23 0.034737702 
181 503 10 27 0.034729104 
821 147 10 19 0.034716856 
721 159 6 16 0.03445017 
869 475 87 87 0.03427028 
789 269 5 10 0.03416397 
529 456 5 17 0.034146227 
218 76 11 25 0.03403476 
761 289 6 11 0.03400818 
821 81 9 20 0.03399681 
732 289 6 12 0.033908587 
172 45 7 15 0.033858698 
774 423 16 29 0.03383746 
128 103 11 27 0.03378015 
351 205 9 23 0.03368643 
1000 140 10 20 0.03352352 
772 185 6 16 0.033408303 
500 222 8 18 0.0334 
-22 210 156 195 0.033353902 
813 162 7 14 0.033334717 
852 46 6 14 0.03331252 
582 49 4 12 0.03327007 
170 67 8 16 0.033233114 
709 176 5 13 0.03319775 
710 151 5 12 0.03317723 
734 73 5 12 0.033147022 
317 77 10 24 0.033137485 
480 93 7 22 0.03307973 
696 201 6 13 0.03302689 
824 71 7 15 0.03296095 
784 59 7 14 0.032930877 
890 190 82 100 0.032927647 
734 280 5 10 0.03288627 
614 118 9 22 0.03284361 
697 83 6 13 0.03280739 
760 225 5 14 0.032751303 
977 128 13 27 0.03270685 
980 556 16 25 0.03266069 
570 48 5 12 0.032586016 
590 322 9 22 0.03246487 
838 46 5 14 0.032454588 
620 75 6 12 0.032361113 
862 46 5 14 0.032349735 
422 517 10 16 0.03232919 
105 33 9 16 0.03229477 
515 148 7 19 0.03216331 
774 124 6 11 0.032147277 
579 98 5 12 0.032145128 
1005 111 7 14 0.032131035 
116 35 9 15 0.032071613 
181 300 11 18 0.031932253 
962 70 7 17 0.0318655 
554 60 6 12 0.031778004 
861 216 151 188 0.031774014 
722 173 6 15 0.03174549 
492 223 7 19 0.03169067 
79 347 8 26 0.03162154 
811 58 7 15 0.031614073 
812 252 6 15 0.031561658 
-34 320 176 180 0.031523578 
851 36 5 12 0.031484 
71 61 19 37 0.031474993 
876 45 6 15 0.031449337 
788 198 5 15 0.031376503 
773 97 7 15 0.031331204 
632 75 6 12 0.031301245 
215 346 12 24 0.031240962 
504 182 8 23 0.031239288 
811 261 6 17 0.031231876 
170 490 6 16 0.031205194 
951 386 6 24 0.031139672 
208 68 6 15 0.031126885 
731 301 7 16 0.031100538 
531 443 5 17 0.031041572 
608 366 8 18 0.031034393 
287 356 5 14 0.030998392 
530 50 5 11 0.030903481 
596 101 5 11 0.03087597 
810 276 7 19 0.030840944 
736 49 5 12 0.030812053 
722 298 9 19 0.03076956 
772 289 5 11 0.030662443 
106 17 9 15 0.030641468 
511 247 10 27 0.03060649 
895 69 9 18 0.030545685 
620 103 10 21 0.030497579 
489 229 10 27 0.030490603 
759 403 6 14 0.030483587 
68 342 9 30 0.030443436 
644 115 8 20 0.030418744 
143 108 7 19 0.030398218 
207 20 7 14 0.0302923 
312 354 5 14 0.03027143 
275 72 7 14 0.030260712 
709 61 6 13 0.030252753 
140 53 9 22 0.030252518 
481 60 5 11 0.03024818 
595 87 5 11 0.030244598 
1014 41 10 22 0.030230982 
938 82 9 21 0.030197183 
898 60 7 13 0.030174548 
199 61 6 13 0.030153986 
595 73 5 12 0.030136399 
466 48 5 13 0.030125558 
993 77 6 13 0.030109469 
696 99 6 11 0.03005006 
180 67 8 17 0.030034434 
792 384 10 20 0.030020878 
868 272 11 25 0.029967677 
953 60 92 125 0.029946905 
144 94 8 20 0.029742394 
773 133 6 14 0.029720796 
821 249 8 20 0.029674092 
797 199 6 16 0.029561728 
978 157 10 20 0.029520491 
143 313 6 17 0.029518977 
196 80 8 21 0.029507127 
158 107 6 17 0.029496508 
356 203 10 27 0.029477485 
794 298 8 18 0.029458303 
724 48 5 11 0.029428259 
499 233 9 21 0.029362282 
966 98 7 14 0.029360516 
1000 284 9 19 0.029233726 
95 361 9 28 0.029170386 
721 185 6 16 0.029141778 
277 119 68 110 0.029130826 
525 156 10 26 0.029045204 
437 282 10 32 0.029026443 
736 267 4 9 0.028934518 
372 240 11 32 0.028914927 
171 483 5 13 0.028890807 
322 242 10 32 0.028886039 
736 173 6 15 0.028873602 
260 73 7 14 0.028860928 
294 102 11 25 0.028780023 
674 71 6 14 0.028739257 
991 94 8 16 0.028735917 
440 47 6 12 0.028648106 
798 211 6 15 0.028635355 
273 59 7 14 0.028613308 
782 118 7 15 0.0285997 
980 32 6 14 0.02858685 
885 508 30 36 0.028522706 
620 34 5 11 0.02847842 
792 67 9 19 0.028477278 
261 39 8 18 0.028453084 
629 35 7 13 0.02843523 
313 77 8 22 0.028432667 
143 47 7 15 0.028400043 
306 131 10 28 0.028383017 
536 336 10 29 0.02838061 
817 282 11 29 0.028361045 
784 172 6 15 0.028343195 
505 147 7 19 0.02832987 
173 277 6 14 0.028324153 
341 428 5 18 0.02831923 
510 175 12 34 0.028292082 
823 48 6 13 0.028279148 
1001 74 8 17 0.028255243 
798 267 5 12 0.028231649 
1003 160 8 18 0.028219402 
347 55 7 16 0.028212234 
645 60 6 13 0.028180398 
530 465 5 17 0.02816771 
361 57 9 18 0.028121576 
786 187 6 15 0.0281194 
308 377 6 16 0.02811692 
697 48 6 13 0.0281139 
336 95 8 20 0.028098352 
174 191 20 42 0.028028121 
581 87 5 12 0.028025487 
271 42 7 16 0.02802309 
812 285 7 19 0.028018964 
679 160 7 16 0.02791656 
750 291 5 10 0.027909022 
221 21 7 14 0.027896881 
773 74 5 13 0.027880082 
247 27 9 19 0.027877035 
504 168 9 24 0.027868507 
1002 29 7 17 0.027808132 
504 158 8 20 0.027688319 
704 224 8 19 0.02768522 
948 371 8 27 0.027642196 
738 161 5 15 0.027621677 
722 199 5 15 0.027606273 
157 234 7 20 0.02758821 
450 279 11 35 0.027574336 
761 85 5 12 0.027570665 
454 46 5 12 0.027555853 
230 57 8 15 0.027506735 
583 59 4 13 0.027487488 
284 60 7 14 0.027486958 
748 73 5 12 0.027430959 
736 254 4 11 0.027383067 
466 59 5 13 0.02737221 
608 74 5 12 0.027369253 
212 148 18 44 0.027368542 
38 131 44 103 0.027357254 
787 212 5 15 0.027355656 
654 209 73 111 0.027342126 
40 229 89 97 0.02733331 
233 364 9 20 0.02733125 
861 67 7 17 0.027283758 
579 132 8 20 0.027251171 
190 298 10 20 0.027215006 
963 105 9 16 0.027206916 
1004 169 10 25 0.02719986 
320 88 10 27 0.027159566 
672 150 6 13 0.02714871 
297 22 7 14 0.027141836 
774 239 5 12 0.027118223 
801 225 5 14 0.027102614 
169 349 7 19 0.027069261 
724 61 5 11 0.027050298 
142 115 8 23 0.026981432 
597 108 6 13 0.026954561 
112 88 16 33 0.02695059 
335 105 7 21 0.02688107 
580 111 5 12 0.02687814 
759 161 5 15 0.026860656 
261 364 6 15 0.026859207 
88 41 13 22 0.026853465 
346 400 8 21 0.026825815 
900 48 6 12 0.026805345 
562 320 9 24 0.026799511 
132 251 6 16 0.026776819 
321 71 8 18 0.026754651 
735 240 5 11 0.026737971 
502 214 7 16 0.026736632 
92 35 9 16 0.026691537 
730 310 8 18 0.026690647 
518 98 6 12 0.02667799 
773 394 6 10 0.026674295 
411 527 11 20 0.026649475 
551 363 8 23 0.02660453 
1011 308 13 29 0.026587345 
763 254 4 11 0.026557844 
551 331 10 32 0.02655534 
476 229 10 30 0.026501995 
774 268 4 10 0.02649342 
255 100 14 30 0.026493039 
543 48 6 11 0.026482219 
924 78 9 21 0.02639885 
170 378 9 16 0.02637762 
516 224 8 17 0.026377589 
724 134 5 13 0.02637593 
1002 277 8 13 0.02635665 
1003 7 6 12 0.026345093 
789 255 4 11 0.026330037 
760 302 6 12 0.026314484 
341 47 6 13 0.026304342 
788 301 6 14 0.026280098 
158 263 6 16 0.026276631 
612 362 11 23 0.026250461 
735 185 6 16 0.026218686 
291 146 14 36 0.026215175 
785 149 6 13 0.026131643 
839 37 4 11 0.02610286 
291 77 11 29 0.026086597 
518 392 7 17 0.026052294 
1013 272 12 19 0.026033685 
723 124 4 11 0.025870388 
175 472 5 12 0.025822058 
747 136 5 12 0.025816062 
131 232 7 20 0.025758741 
914 34 5 13 0.025652599 
545 380 6 14 0.02564882 
527 146 8 20 0.025643826 
773 146 6 15 0.025618576 
847 69 8 18 0.025614306 
248 12 6 11 0.025612427 
931 66 12 21 0.025598627 
749 255 4 10 0.025594266 
397 286 9 23 0.025561959 
720 310 10 22 0.025528502 
144 303 6 15 0.02552242 
750 227 5 12 0.025509927 
172 263 6 16 0.025488058 
185 22 6 14 0.025482584 
925 67 10 19 0.02547334 
990 44 9 20 0.025470955 
303 377 5 14 0.025450986 
184 291 7 14 0.02544201 
748 184 6 16 0.025406273 
211 44 7 13 0.025399478 
1003 21 6 16 0.025366358 
800 186 5 15 0.025305001 
749 147 5 15 0.025300344 
506 62 5 10 0.025284726 
207 141 13 29 0.025284005 
1013 259 11 20 0.025253516 
948 41 12 27 0.025250101 
961 43 8 21 0.025233211 
570 98 5 12 0.02523018 
9 79 36 85 0.025211846 
865 36 4 12 0.02520473 
143 18 7 15 0.025199633 
272 77 13 29 0.025197929 
814 150 6 13 0.025144164 
720 265 6 12 0.025114246 
259 353 8 19 0.02511093 
157 96 6 16 0.02510426 
416 355 18 28 0.025098244 
341 58 5 12 0.025069347 
878 84 17 35 0.025042327 
579 121 7 16 0.025031578 
102 40 13 22 0.024997242 
231 46 8 14 0.024987312 
170 134 6 17 0.02496808 
933 51 12 22 0.024960522 
749 114 91 132 0.024908535 
709 72 5 12 0.024848375 
170 107 6 17 0.024843214 
734 198 5 15 0.024834257 
362 150 13 35 0.024777412 
65 322 7 24 0.024754297 
516 234 9 19 0.024749942 
875 390 6 18 0.024686724 
487 183 9 23 0.024661621 
456 150 13 34 0.024652304 
567 121 6 15 0.024650102 
794 312 8 16 0.024638526 
776 108 7 18 0.024636565 
723 75 5 10 0.024597054 
346 217 12 27 0.024585241 
822 135 9 19 0.024559777 
664 378 12 22 0.024546934 
159 341 6 16 0.024538493 
760 49 5 13 0.02452934 
659 136 6 12 0.024460543 
963 387 7 20 0.024430241 
1013 27 11 23 0.024427596 
708 48 6 12 0.024424663 
761 239 5 12 0.024420002 
608 87 6 11 0.024406083 
171 248 6 18 0.024395555 
748 198 6 16 0.024390727 
772 419 8 16 0.02438431 
737 147 5 14 0.024363445 
711 124 4 11 0.024332818 
184 496 7 15 0.024320673 
260 61 7 13 0.024320023 
345 412 7 25 0.024312379 
749 86 5 12 0.024305278 
301 367 5 13 0.024286253 
542 73 6 11 0.024270497 
582 74 5 11 0.024226835 
658 47 7 15 0.02422335 
949 85 8 17 0.024200642 
324 402 6 18 0.024192387 
787 238 4 13 0.024188373 
300 10 6 12 0.024175951 
309 104 8 22 0.02416361 
721 210 6 16 0.024139952 
1004 58 6 15 0.02412966 
786 226 5 13 0.024122167 
235 11 7 12 0.024087522 
943 181 14 23 0.02405553 
540 108 8 17 0.024052816 
296 418 9 23 0.024022778 
168 340 7 19 0.02401065 
579 311 9 22 0.023990707 
961 56 8 19 0.023989124 
863 273 10 22 0.02394479 
735 124 5 12 0.023937419 
566 365 8 20 0.023920063 
157 351 6 17 0.023916002 
773 403 7 13 0.023904791 
212 75 83 94 0.023897503 
145 330 6 14 0.023824302 
904 152 18 41 0.023801021 
543 61 6 11 0.0237907 
799 174 6 14 0.023784816 
736 135 5 13 0.023780765 
218 133 77 110 0.023764439 
300 42 8 16 0.023763342 
710 135 5 12 0.023689456 
176 445 4 13 0.023660693 
170 121 6 18 0.023624199 
800 255 4 12 0.02361719 
158 278 5 13 0.023611443 
677 40 10 19 0.023597328 
188 457 4 12 0.023596317 
414 510 8 13 0.023589693 
979 75 5 13 0.023582041 
208 62 6 12 0.023573348 
616 248 79 102 0.023572985 
527 195 11 26 0.023569912 
390 323 17 22 0.023540458 
926 17 6 15 0.023525707 
326 417 5 16 0.02350161 
325 47 5 12 0.023474192 
896 77 10 23 0.023462733 
465 71 6 15 0.023460561 
525 178 12 30 0.023456562 
555 49 5 12 0.023455566 
774 255 4 9 0.02343497 
259 11 6 12 0.02342333 
776 48 5 12 0.023409083 
792 78 9 19 0.023405373 
723 97 5 13 0.023363639 
756 417 8 19 0.02335948 
962 372 8 25 0.02335439 
749 239 5 12 0.0233529 
399 55 9 18 0.023293117 
12 232 9 29 0.023290839 
818 258 9 25 0.023264611 
432 227 15 35 0.02326027 
489 135 7 17 0.023245323 
520 49 5 10 0.02324159 
8 423 23 30 0.023212012 
308 154 10 24 0.023166725 
437 58 7 15 0.023146369 
460 117 13 29 0.023106694 
591 312 8 20 0.02310452 
759 147 5 15 0.02310222 
567 133 8 17 0.023089375 
351 68 8 21 0.023073079 
78 45 12 20 0.023034137 
580 323 8 20 0.023031361 
749 379 6 13 0.023006521 
198 10 6 13 0.022970436 
950 33 8 19 0.022969235 
914 17 7 16 0.022962764 
337 390 7 17 0.022960873 
812 69 6 14 0.022955848 
356 92 39 87 0.022932999 
732 327 7 16 0.022924801 
209 78 8 21 0.022910042 
786 49 5 11 0.022887066 
933 181 16 25 0.02281876 
555 320 9 25 0.022775615 
182 278 6 14 0.022771897 
1000 298 10 21 0.022771237 
160 135 6 16 0.022759244 
75 64 43 84 0.022748457 
120 -3 7 12 0.022714995 
359 216 11 28 0.022698306 
1003 1 5 11 0.022676159 
719 322 10 23 0.022634633 
761 97 6 13 0.02262441 
308 120 9 23 0.02261817 
381 296 13 21 0.022615615 
424 285 9 27 0.022606729 
402 49 6 11 0.022601131 
798 59 7 14 0.022597777 
310 388 6 19 0.022592634 
605 374 8 20 0.02251675 
824 37 5 12 0.022458244 
160 146 7 18 0.022432724 
63 64 16 30 0.02243252 
446 124 18 40 0.022430668 
568 112 6 11 0.022430643 
130 219 8 22 0.022426551 
697 162 5 13 0.022422979 
48 471 67 102 0.022398723 
412 287 8 21 0.022392297 
333 131 10 24 0.022376733 
490 97 6 16 0.022373931 
874 552 222 360 0.02233779 
607 351 8 22 0.022319525 
492 213 6 17 0.022318589 
760 382 5 10 0.022281867 
388 277 7 19 0.022246806 
876 421 5 14 0.022236656 
670 138 5 11 0.022232724 
321 173 7 17 0.022228522 
997 530 10 21 0.022227308 
862 393 5 17 0.022191864 
978 84 7 15 0.02218245 
919 156 15 30 0.022166733 
359 193 10 26 0.022155683 
736 227 5 13 0.02212872 
141 77 9 24 0.022107618 
159 120 6 17 0.022094753 
912 94 9 20 0.022061 
433 376 14 23 0.022059971 
979 44 6 17 0.022058515 
411 271 9 23 0.022054326 
749 367 5 13 0.022051891 
167 147 8 18 0.022045959 
12 214 11 32 0.02203286 
916 6 6 14 0.022003023 
544 366 6 18 0.021996638 
22 39 13 23 0.02198776 
810 196 7 18 0.02197013 
516 72 6 12 0.021963282 
800 237 5 14 0.021955082 
896 92 12 27 0.02194722 
313 58 6 13 0.02193408 
492 72 5 12 0.021916332 
348 194 10 26 0.021901002 
281 150 16 37 0.021893946 
144 193 10 24 0.021861743 
1010 225 15 33 0.021849548 
147 249 5 17 0.021803988 
748 124 5 12 0.021761319 
311 398 6 20 0.02175666 
785 369 6 11 0.02174956 
305 235 12 35 0.021747742 
824 232 9 19 0.021665933 
872 255 10 23 0.021624465 
687 211 6 17 0.021621944 
900 621 7 17 0.021603052 
441 499 6 10 0.021597309 
725 87 5 11 0.021584818 
335 120 8 21 0.021581769 
709 98 5 12 0.021578817 
608 33 5 12 0.021562908 
453 37 5 13 0.021562746 
595 382 5 12 0.021560952 
506 72 6 12 0.021547912 
878 22 4 12 0.021546435 
209 10 6 12 0.0215265 
169 78 8 20 0.021523034 
682 197 7 17 0.021494554 
172 366 6 15 0.021489661 
2 169 9 23 0.021486716 
926 8 5 12 0.021456605 
313 496 5 11 0.021452308 
609 190 19 40 0.021449674 
300 470 5 11 0.021443253 
706 298 10 22 0.021418419 
310 87 10 25 0.021408847 
423 530 9 16 0.021408672 
362 548 6 9 0.021366041 
696 111 5 10 0.021365836 
320 206 11 29 0.021349514 
167 156 9 21 0.02134523 
67 46 10 17 0.021337718 
274 355 5 16 0.021337673 
541 96 8 14 0.021336285 
752 425 12 24 0.02133507 
460 279 11 34 0.02132009 
287 363 6 15 0.021316087 
977 168 10 20 0.021304294 
924 170 40 70 0.021252003 
872 281 10 22 0.021230621 
887 19 6 15 0.021227777 
722 225 6 16 0.021223675 
2 182 9 25 0.02122313 
722 240 6 14 0.021205595 
542 35 5 13 0.02120144 
733 86 5 12 0.021199198 
142 129 9 25 0.021177674 
85 51 18 32 0.021175746 
334 231 10 27 0.021174334 
489 107 6 17 0.021171568 
324 132 7 22 0.02117049 
677 168 9 22 0.021169513 
481 86 5 17 0.021168444 
684 85 5 12 0.021167634 
91 16 9 17 0.021165244 
373 272 9 27 0.021164635 
488 123 7 16 0.021163575 
483 344 16 25 0.021161862 
147 232 6 20 0.021144845 
337 71 7 15 0.021139594 
773 302 5 12 0.021131888 
299 495 6 12 0.021085609 
720 112 6 12 0.021083094 
915 48 6 11 0.021078652 
421 225 16 37 0.021066563 
615 351 9 23 0.021053901 
300 59 6 13 0.021053568 
229 67 9 18 0.02104569 
478 103 8 22 0.02103205 
930 269 44 109 0.021020522 
571 60 4 12 0.021014841 
335 207 10 25 0.021013064 
323 103 8 23 0.021000605 
1012 187 13 29 0.020999543 
721 250 7 14 0.020993024 
953 401 5 20 0.020989377 
566 380 7 16 0.02097891 
530 430 6 20 0.020942511 
712 113 5 11 0.020907983 
363 48 6 11 0.020903435 
424 511 7 12 0.02088184 
942 192 16 29 0.020868182 
671 86 5 11 0.020860096 
287 21 7 15 0.02084641 
297 73 7 15 0.020834083 
796 413 8 17 0.020822322 
436 69 9 19 0.020821651 
399 274 7 20 0.020763168 
106 635 7 18 0.020742886 
183 105 8 20 0.020720368 
504 137 6 16 0.02070499 
482 50 4 11 0.020703332 
337 82 7 17 0.020690981 
222 8 6 13 0.020678766 
1002 44 7 16 0.020678082 
563 332 9 25 0.020660678 
1003 120 11 21 0.02064168 
337 379 7 15 0.02062555 
168 383 12 30 0.020622736 
285 96 12 31 0.020617701 
876 77 12 24 0.020597558 
478 170 7 19 0.020593451 
540 158 10 23 0.020591786 
323 120 7 21 0.020589609 
762 331 5 11 0.020587364 
987 179 10 23 0.02057915 
271 34 7 14 0.020562131 
814 84 6 14 0.020556618 
297 400 7 21 0.020554813 
914 81 7 17 0.020550437 
169 93 7 19 0.020550054 
192 290 8 16 0.020549089 
12 501 10 28 0.020526098 
14 134 36 80 0.020508017 
180 349 9 22 0.02050355 
321 183 8 19 0.020491943 
702 238 10 21 0.0204844 
446 225 14 35 0.020471293 
344 432 172 180 0.020465266 
276 364 6 15 0.020431336 
874 345 193 233 0.020415584 
680 152 6 12 0.020400831 
750 213 5 14 0.02039979 
369 214 13 34 0.020399334 
519 457 4 16 0.020396922 
1015 285 10 21 0.020389339 
323 143 8 21 0.02038285 
529 132 7 18 0.020371215 
405 520 7 13 0.02035434 
519 63 5 10 0.020347686 
114 17 10 17 0.020345056 
414 56 8 16 0.020321392 
346 287 12 24 0.020318657 
248 82 9 19 0.020315543 
464 82 8 20 0.020314557 
128 177 11 27 0.020304736 
531 70 6 13 0.020300673 
657 94 6 15 0.020291593 
531 382 5 13 0.020285748 
297 482 7 14 0.020282527 
661 281 15 36 0.020280361 
698 187 6 14 0.020269321 
17 44 9 17 0.0202665 
503 246 9 25 0.020249678 
11 188 14 37 0.020248776 
879 120 40 88 0.020248054 
594 122 6 15 0.020246658 
158 329 6 15 0.020244151 
324 353 7 15 0.02022352 
384 244 9 23 0.020218683 
26 31 10 18 0.02018938 
844 79 11 22 0.020185318 
206 336 12 21 0.020181911 
614 374 10 23 0.020177666 
67 57 12 21 0.020174116 
594 390 5 15 0.020173451 
554 71 5 12 0.020138692 
119 287 8 21 0.020117734 
861 68 80 114 0.020082869 
876 405 5 16 0.02007614 
776 59 5 12 0.020070625 
248 59 7 13 0.020069037 
748 113 5 12 0.020068549 
135 18 7 15 0.020063398 
797 161 6 13 0.020047575 
366 62 17 34 0.020036938 
143 217 9 24 0.019968582 
299 33 7 15 0.019949729 
463 92 10 28 0.01991035 
692 380 46 111 0.019890875 
183 79 7 20 0.019863805 
589 174 37 72 0.019857604 
812 36 5 13 0.019793855 
320 194 9 24 0.019789478 
361 230 10 26 0.019784601 
812 50 5 12 0.019780047 
594 403 5 15 0.019762829 
219 360 10 23 0.019734887 
339 185 8 19 0.019724429 
928 35 5 12 0.01971888 
233 352 8 17 0.019716794 
311 418 5 16 0.01971387 
179 376 8 18 0.019705048 
794 402 8 17 0.01969296 
812 224 6 16 0.019657722 
924 95 9 19 0.01965382 
159 45 6 14 0.019616818 
518 86 6 11 0.019609246 
813 296 8 19 0.019608052 
786 380 7 12 0.019607304 
174 456 5 13 0.019601323 
183 120 8 19 0.019589776 
656 54 8 16 0.01957888 
183 158 9 20 0.019576898 
178 415 161 262 0.019573987 
795 324 8 17 0.019560132 
311 46 6 13 0.019550104 
589 132 9 19 0.019529859 
659 123 5 12 0.01952855 
455 60 6 13 0.019503552 
125 122 14 36 0.019501396 
81 16 9 17 0.019494582 
813 139 6 12 0.019474212 
541 170 11 26 0.019469123 
978 58 6 16 0.019467367 
761 111 6 13 0.019465992 
867 589 18 33 0.019458996 
516 212 8 19 0.019448724 
864 379 5 16 0.01944858 
324 58 6 13 0.019448461 
603 334 10 24 0.019433504 
678 387 8 22 0.019415952 
310 172 9 22 0.019412257 
152 192 14 30 0.01936942 
81 611 7 16 0.019361313 
681 380 8 20 0.019343285 
182 133 8 19 0.019328494 
489 144 8 19 0.019320244 
965 85 7 16 0.019304965 
38 41 12 21 0.01927747 
528 222 9 20 0.019272078 
952 69 8 17 0.019271445 
992 24 5 13 0.01926965 
963 196 9 19 0.019245675 
428 500 6 11 0.01920738 
1004 212 7 17 0.019202622 
358 96 15 38 0.019171597 
709 87 5 11 0.019152781 
462 228 11 32 0.019145198 
309 367 6 14 0.019143313 
583 382 5 12 0.019139806 
799 122 7 14 0.01912639 
132 -4 7 13 0.01912499 
476 180 9 24 0.019118028 
627 271 13 29 0.019110894 
934 110 14 32 0.019107014 
699 341 18 40 0.019073429 
53 44 10 18 0.019069344 
147 290 5 12 0.019059848 
179 362 8 20 0.019034859 
155 215 11 28 0.019015497 
954 415 5 20 0.018999498 
788 314 5 14 0.018984975 
133 265 5 12 0.018982498 
693 373 11 29 0.018975107 
476 132 8 19 0.018967591 
1016 0 6 13 0.018966574 
620 202 17 35 0.018958589 
258 116 40 77 0.018945776 
15 167 11 26 0.018940343 
749 390 7 18 0.018932974 
673 90 132 213 0.018917063 
555 132 7 18 0.01891503 
359 268 11 30 0.018909639 
706 269 9 21 0.018909253 
750 302 5 12 0.018907163 
903 20 5 14 0.018869502 
672 56 8 17 0.018848171 
775 414 173 200 0.018835073 
1 406 11 17 0.018819038 
884 299 9 20 0.018810287 
795 108 8 17 0.018780956 
641 272 11 26 0.018773528 
327 432 4 14 0.018769957 
322 157 7 19 0.018764254 
552 397 12 26 0.018760467 
415 49 5 11 0.018738177 
133 34 7 13 0.01871014 
476 122 7 19 0.018707002 
274 11 6 11 0.018682543 
735 338 7 19 0.018674191 
733 212 6 14 0.018670069 
423 66 12 23 0.018659249 
813 92 7 18 0.018647317 
349 102 9 25 0.01864588 
454 70 7 15 0.01864101 
823 217 11 24 0.01860584 
413 256 8 23 0.018596113 
183 148 9 17 0.018595291 
518 384 5 12 0.018594079 
519 107 6 15 0.018589878 
669 44 9 17 0.018575123 
185 445 4 12 0.018568441 
170 231 8 24 0.018567808 
348 140 11 28 0.018561706 
288 12 5 11 0.018556911 
273 -1 6 11 0.018527476 
601 320 10 24 0.01852362 
402 509 8 13 0.018520005 
965 32 6 16 0.01849773 
143 10 6 14 0.018491251 
65 158 78 129 0.018482888 
704 308 12 25 0.018480005 
320 268 12 27 0.018476127 
248 72 7 14 0.01847189 
1012 209 11 26 0.018453948 
260 -1 7 11 0.018437594 
953 6 6 11 0.018434212 
258 378 9 21 0.018424524 
834 245 10 23 0.01839471 
653 202 13 30 0.018383728 
423 249 12 32 0.018382944 
172 35 6 13 0.018370826 
147 264 5 14 0.018325798 
990 58 8 15 0.01831913 
972 181 11 23 0.018317463 
761 124 5 11 0.018310556 
577 144 12 24 0.018306075 
581 335 8 20 0.018302921 
116 59 15 40 0.018287139 
415 500 6 11 0.018248416 
485 358 13 22 0.01824313 
689 296 13 27 0.0182364 
146 33 7 13 0.01822667 
507 260 15 40 0.01821913 
833 130 13 28 0.018218007 
385 258 8 21 0.018201243 
651 279 15 34 0.018177325 
527 390 7 19 0.018170323 
529 99 6 11 0.018157028 
822 168 9 21 0.018156894 
938 363 11 29 0.0181541 
232 371 13 30 0.018147308 
564 347 9 23 0.018128624 
480 73 5 11 0.018112853 
696 173 6 15 0.018110275 
243 117 14 25 0.018049397 
762 136 5 12 0.01804585 
409 326 12 17 0.018045666 
811 413 9 19 0.018040884 
360 124 15 39 0.018035283 
517 136 6 16 0.01803417 
963 184 9 18 0.018028047 
597 34 5 12 0.017999943 
135 313 6 16 0.017997136 
317 219 162 196 0.017991044 
707 286 8 18 0.01797311 
570 87 5 13 0.017969804 
330 240 12 33 0.017928742 
425 342 11 14 0.017920222 
439 175 10 32 0.017883569 
569 37 5 13 0.01787052 
148 351 6 17 0.017845528 
337 193 9 23 0.017839907 
92 609 8 20 0.017834384 
811 234 7 17 0.01779902 
863 22 5 11 0.017798156 
581 367 7 16 0.01779722 
892 151 18 42 0.017787652 
964 426 6 20 0.017776119 
748 434 18 32 0.01777531 
538 130 9 20 0.017752482 
4 245 8 31 0.017744143 
701 252 11 27 0.017738476 
247 44 7 15 0.017738245 
156 315 7 16 0.01773384 
298 507 8 13 0.017726092 
290 220 76 128 0.017723344 
312 9 5 12 0.017721329 
555 120 7 14 0.017717957 
435 249 12 31 0.01771721 
868 81 141 199 0.017716348 
421 373 14 24 0.01770184 
924 103 10 24 0.017687967 
532 35 6 12 0.01768071 
656 109 6 14 0.01766896 
93 351 9 26 0.017668897 
196 134 8 19 0.017656386 
286 33 8 15 0.017642539 
183 92 8 19 0.01763673 
132 300 6 17 0.01762462 
267 101 13 30 0.017592534 
604 23 7 12 0.017587755 
491 86 6 13 0.017584031 
160 59 6 13 0.017583808 
232 90 9 23 0.017573863 
412 135 73 122 0.017564768 
1012 328 13 32 0.01756253 
221 -2 7 13 0.0175571 
531 346 7 20 0.01754005 
487 170 9 20 0.017537337 
182 258 7 19 0.017528106 
312 337 7 18 0.017526932 
538 324 9 22 0.017522128 
196 91 8 22 0.017511673 
27 20 9 14 0.017507475 
400 260 7 18 0.017474875 
552 309 10 24 0.017459877 
300 390 7 19 0.017451689 
863 403 5 20 0.017438954 
540 427 8 22 0.017438425 
434 341 10 15 0.0174216 
544 213 154 207 0.017408172 
246 366 7 15 0.017406711 
964 416 6 20 0.017400723 
903 8 5 12 0.017400365 
979 227 6 15 0.01739101 
102 372 9 27 0.017384833 
285 42 8 15 0.017377716 
659 148 6 14 0.017370202 
884 307 11 25 0.01734682 
10 68 15 29 0.017338367 
697 152 5 11 0.017303355 
852 23 4 11 0.017300434 
381 65 17 30 0.01729999 
115 6 10 19 0.017294552 
590 349 9 21 0.017286044 
446 389 14 22 0.017284425 
425 269 8 27 0.017266365 
566 146 9 20 0.017233852 
283 114 13 32 0.017200103 
703 321 13 26 0.017196644 
553 157 11 24 0.017182369 
233 343 7 16 0.01717143 
540 82 9 18 0.017168323 
313 22 5 12 0.017164912 
645 132 8 18 0.017164823 
939 34 7 14 0.017140217 
174 508 5 14 0.01713114 
197 106 7 19 0.017130613 
459 111 76 106 0.017130274 
449 155 13 41 0.017123194 
965 544 8 15 0.017109558 
230 79 9 21 0.017109495 
370 56 12 20 0.017109131 
119 277 6 14 0.017098816 
505 50 4 11 0.017094426 
148 279 5 12 0.017088225 
978 234 7 17 0.017086398 
324 35 5 11 0.017085133 
334 337 9 20 0.017083557 
151 49 89 100 0.017080827 
885 289 7 14 0.01703301 
748 35 5 14 0.01700926 
146 338 6 15 0.017003074 
550 167 15 30 0.016989162 
16 151 12 26 0.016987022 
93 635 7 15 0.016985016 
530 118 7 17 0.016968964 
461 250 12 34 0.016930288 
501 106 7 17 0.01692267 
120 267 6 13 0.016908087 
113 308 11 24 0.016899807 
873 442 6 15 0.016895784 
581 37 4 12 0.016883796 
496 337 14 24 0.016881214 
0 -198 161 170 0.01685681 
461 206 10 25 0.016855877 
527 321 10 25 0.016843492 
864 448 9 27 0.016843153 
334 350 9 19 0.016819252 
191 309 12 22 0.016804151 
1013 7 8 18 0.01678361 
449 250 11 33 0.016782593 
467 589 4 8 0.016756665 
747 355 4 13 0.016744312 
168 208 14 34 0.016742285 
140 440 8 18 0.016728366 
749 98 5 11 0.016727855 
120 232 8 21 0.016716002 
869 450 9 25 0.01668656 
901 58 90 118 0.016685478 
835 263 8 20 0.016682412 
186 189 20 43 0.016674858 
342 37 4 10 0.016652169 
413 344 10 14 0.016648037 
443 37 5 11 0.016640803 
56 33 7 13 0.016640138 
286 339 7 19 0.016636886 
315 469 4 11 0.016616771 
976 246 9 20 0.016615726 
717 662 296 304 0.016599894 
179 168 13 26 0.016598525 
832 271 11 26 0.016570738 
325 337 7 18 0.016561616 
974 547 8 14 0.016550466 
66 35 8 12 0.016540132 
811 403 8 19 0.01652289 
362 174 11 28 0.016521264 
426 37 5 11 0.016519275 
799 50 5 12 0.016515804 
143 170 10 25 0.016497713 
759 315 6 13 0.01648026 
933 158 13 24 0.016475553 
464 379 8 16 0.016441703 
443 547 6 12 0.01643402 
887 7 6 16 0.016433757 
8 261 15 47 0.01641704 
1004 264 8 15 0.01639674 
434 387 15 23 0.0163863 
394 66 15 26 0.016363254 
439 556 6 13 0.016358884 
748 342 4 12 0.016353562 
783 136 6 12 0.016347624 
372 188 14 31 0.016335377 
672 124 5 11 0.016333278 
795 96 8 16 0.016330168 
383 667 357 297 0.01632634 
195 275 7 17 0.01632372 
429 649 6 13 0.016322227 
540 147 8 19 0.016320704 
461 174 11 30 0.016320672 
500 361 10 18 0.016317092 
478 210 7 20 0.016303228 
554 148 8 18 0.016292043 
920 179 15 29 0.016289858 
208 89 9 25 0.016287481 
314 483 5 11 0.016259743 
1 153 10 25 0.016255531 
998 519 9 18 0.016250148 
105 59 34 71 0.016246878 
502 98 7 14 0.01623638 
787 328 6 13 0.016220614 
987 547 9 15 0.016216727 
962 559 8 18 0.016184343 
477 377 8 17 0.016182842 
216 132 13 25 0.016180549 
762 35 5 13 0.016167717 
15 53 10 22 0.016164478 
39 33 8 14 0.016158815 
736 350 8 22 0.016153 
570 73 5 11 0.01615129 
475 142 9 21 0.016149184 
915 0 5 9 0.01611514 
750 316 5 11 0.016100109 
93 621 6 15 0.016089711 
859 606 13 26 0.016076522 
686 99 5 11 0.016075859 
811 208 8 19 0.016069848 
81 34 9 15 0.016058175 
309 182 10 24 0.016054634 
785 343 5 11 0.016048675 
432 349 16 24 0.016048172 
182 9 6 13 0.016045626 
273 22 8 13 0.016030366 
503 379 7 14 0.01602987 
749 417 7 20 0.016028298 
818 351 10 20 0.016016519 
100 78 17 33 0.016016277 
529 245 8 23 0.015995024 
874 377 7 18 0.015993642 
580 349 8 20 0.015992217 
948 175 11 18 0.01597888 
144 -3 6 13 0.015953671 
530 108 7 15 0.0159357 
205 155 16 41 0.015922703 
310 33 7 14 0.01588145 
116 346 8 24 0.015877621 
413 230 11 26 0.015869932 
879 590 14 30 0.015855232 
488 161 8 18 0.015834337 
182 -4 8 14 0.01582705 
350 37 5 9 0.015814813 
205 394 10 31 0.015808048 
681 227 29 69 0.01580793 
658 160 9 22 0.015805984 
195 438 7 17 0.01580315 
761 356 5 10 0.015775377 
196 147 9 20 0.015732583 
502 122 7 16 0.015728656 
941 21 5 12 0.015712446 
962 118 10 20 0.01569889 
411 316 10 15 0.015691524 
879 643 13 24 0.015690912 
714 597 4 15 0.015682643 
964 403 6 19 0.015679155 
532 369 5 13 0.015674304 
671 113 5 11 0.015671944 
300 -1 6 12 0.015669059 
197 120 8 19 0.015662385 
864 441 6 16 0.01565993 
698 136 4 11 0.015636733 
132 208 8 21 0.015636263 
411 299 9 19 0.01563211 
543 456 6 15 0.015621372 
646 48 5 12 0.015618095 
100 308 16 30 0.01561187 
241 375 12 25 0.015609539 
642 135 76 118 0.015609499 
410 68 11 22 0.015604471 
253 390 17 36 0.01560261 
373 287 11 24 0.015602583 
760 370 4 10 0.015601688 
350 389 7 17 0.015599997 
451 548 7 11 0.015581811 
300 443 6 13 0.015577518 
378 550 7 8 0.015559686 
885 273 9 20 0.015555647 
723 19 6 13 0.015555218 
134 9 7 14 0.015549764 
692 346 13 31 0.015539599 
698 124 5 11 0.015528799 
465 530 8 15 0.015522546 
-44 629 269 280 0.015521438 
309 507 7 14 0.015501749 
246 106 11 21 0.0155002205 
604 388 8 23 0.01548726 
865 432 5 16 0.015482163 
156 305 6 13 0.015434594 
462 519 10 13 0.015431058 
952 21 6 13 0.015429891 
915 72 6 13 0.015415959 
553 84 7 15 0.015408703 
447 378 10 20 0.015389693 
157 290 5 12 0.015385092 
228 262 12 34 0.0153696 
337 365 8 16 0.015358951 
23 51 14 27 0.015353284 
961 207 9 19 0.01534602 
302 462 4 9 0.015334265 
4 43 8 17 0.015329501 
579 298 9 23 0.0153210815 
142 433 7 16 0.015308166 
615 141 13 29 0.01530555 
173 434 5 13 0.015302819 
883 621 10 19 0.015302245 
732 97 6 12 0.0152969435 
800 137 6 11 0.015291533 
644 5 7 14 0.0152901495 
664 206 10 22 0.01527282 
652 229 12 26 0.015266337 
723 35 5 12 0.01525963 
135 337 6 17 0.015251853 
463 191 10 25 0.015249739 
1004 196 7 17 0.015245043 
196 469 8 16 0.015244577 
141 151 11 28 0.015236196 
479 159 7 18 0.015216777 
466 36 5 14 0.015215755 
325 365 6 15 0.015208091 
555 112 6 12 0.015199944 
157 82 7 17 0.015197675 
986 193 10 21 0.015185311 
737 35 5 12 0.015180599 
750 331 4 11 0.015179409 
233 120 10 20 0.015175225 
386 56 11 18 0.015160117 
678 183 8 20 0.015159041 
504 86 5 11 0.01515532 
341 443 5 14 0.015140423 
155 381 7 14 0.015134096 
53 58 44 74 0.015133513 
962 231 10 22 0.015127638 
877 433 4 12 0.015127113 
432 204 77 124 0.015121863 
691 280 11 27 0.015096113 
477 360 10 20 0.015095284 
168 182 13 30 0.015083279 
594 368 7 16 0.015071483 
133 279 5 11 0.0150626 
411 368 13 25 0.015055662 
184 413 6 20 0.015038137 
842 89 14 30 0.015020956 
564 392 8 18 0.015014713 
285 418 10 22 0.015011999 
372 519 12 16 0.015001904 
57 319 9 27 0.014999967 
592 298 8 22 0.014955654 
122 251 6 16 0.014944376 
999 493 8 15 0.014943323 
911 103 10 25 0.014934467 
548 154 44 76 0.014933079 
736 112 5 12 0.0148995165 
839 21 6 12 0.01489413 
392 335 14 20 0.014893674 
473 250 12 35 0.014879402 
685 241 8 16 0.014865039 
604 294 10 25 0.014857332 
603 307 10 25 0.014852253 
613 289 14 36 0.014824942 
1 203 11 30 0.014816238 
850 376 6 17 0.014807506 
589 143 11 24 0.014796351 
157 34 7 13 0.014778962 
799 152 5 10 0.014743957 
242 293 11 30 0.014742404 
351 23 6 11 0.014728337 
520 304 15 31 0.014723646 
453 509 8 10 0.014720618 
796 369 7 11 0.014706999 
147 535 4 11 0.014704402 
939 383 10 30 0.014698628 
395 316 12 15 0.014694849 
811 108 7 17 0.014688596 
132 291 5 13 0.014668259 
647 29 7 15 0.014651624 
220 373 10 27 0.014640883 
348 377 8 16 0.014581735 
787 36 5 12 0.014564555 
66 311 9 24 0.014564412 
462 304 12 35 0.01456398 
810 351 8 19 0.014547886 
169 328 7 19 0.014546704 
113 92 29 79 0.014536522 
175 290 6 13 0.014511291 
750 402 6 18 0.014505531 
190 165 15 30 0.014493196 
773 343 5 11 0.014486619 
424 328 10 17 0.014484031 
98 49 17 32 0.014480984 
786 357 5 10 0.014477174 
489 376 8 16 0.0144515615 
311 0 6 11 0.01444099 
417 89 20 35 0.014432002 
135 328 6 15 0.014415732 
762 340 5 13 0.014411313 
233 108 8 19 0.014398427 
954 445 5 17 0.014395421 
416 482 5 16 0.01438279 
598 22 5 13 0.014368857 
557 36 5 12 0.01436571 
964 174 8 16 0.014354319 
646 20 8 17 0.014344371 
2 219 8 28 0.014337569 
316 462 3 9 0.014325196 
819 98 14 31 0.014321419 
711 493 4 12 0.014316748 
248 352 7 18 0.014313761 
374 47 7 12 0.014313216 
382 210 15 36 0.014304723 
989 278 9 14 0.014281907 
859 470 11 25 0.014275452 
334 324 10 19 0.014244727 
34 53 17 25 0.014244633 
346 179 10 25 0.0142348185 
423 309 10 23 0.014234538 
610 164 17 34 0.014233107 
4 228 28 93 0.014232451 
404 499 6 12 0.0142307505 
848 399 8 25 0.01422587 
988 247 8 18 0.014222184 
158 69 7 16 0.014221837 
488 241 10 29 0.014221416 
359 251 12 31 0.014212067 
866 618 15 26 0.014203064 
1016 495 8 16 0.014201936 
923 115 11 27 0.014199907 
939 8 4 10 0.0141995605 
86 72 19 38 0.014193402 
810 125 7 15 0.014190412 
497 229 68 116 0.014189125 
431 103 18 31 0.01417995 
528 234 9 20 0.014166358 
505 392 8 16 0.0141512025 
-152 -330 727 911 0.014151104 
131 193 9 22 0.0141338045 
881 633 12 20 0.014128603 
849 275 9 22 0.014121623 
107 8 8 17 0.0140968235 
870 477 9 21 0.014076182 
388 47 7 13 0.014075758 
465 545 7 14 0.01406901 
683 138 5 11 0.014064745 
104 349 8 26 0.014051606 
378 331 20 26 0.014049724 
446 106 15 29 0.014045852 
857 617 16 31 0.013991887 
582 406 5 14 0.013942935 
229 129 15 28 0.013934887 
652 252 12 28 0.0139055895 
860 81 9 20 0.013901843 
620 24 6 11 0.013897478 
517 122 7 15 0.013896463 
400 245 8 20 0.013887124 
376 23 6 10 0.013883912 
407 80 16 27 0.013871735 
669 98 6 12 0.01385427 
884 402 10 22 0.013854238 
988 235 7 16 0.013846982 
209 359 10 22 0.01382624 
864 367 4 13 0.013825862 
11 405 13 19 0.013824029 
987 226 7 17 0.013812567 
541 440 8 22 0.013803814 
171 610 5 14 0.013786494 
399 351 11 17 0.013781806 
807 322 10 23 0.013762372 
154 172 11 22 0.013753848 
859 92 13 26 0.013743466 
170 169 11 23 0.013742083 
954 428 5 19 0.013734097 
172 -3 7 13 0.013732746 
82 620 7 18 0.013731481 
126 150 12 33 0.013729679 
862 590 11 25 0.013726335 
106 275 9 19 0.013718764 
436 303 11 30 0.013714061 
941 447 5 15 0.013711489 
562 155 14 27 0.013685745 
564 411 10 23 0.013679593 
357 285 13 28 0.013676813 
630 21 7 14 0.013672505 
325 391 5 16 0.013660382 
12 387 13 22 0.013656482 
640 206 14 27 0.013646042 
514 91 87 99 0.0136442445 
226 156 19 43 0.013640594 
359 397 11 23 0.013612823 
694 33 7 13 0.013612055 
423 389 13 20 0.013602027 
369 151 13 32 0.013580974 
680 398 8 28 0.013568581 
285 399 9 23 0.013564746 
219 98 12 28 0.0135623915 
821 121 10 22 0.013554496 
449 207 11 26 0.013550749 
431 128 18 33 0.013542757 
325 23 6 12 0.013528598 
456 589 3 8 0.013490126 
149 381 6 15 0.013484752 
249 0 6 10 0.013467314 
393 211 16 33 0.013451718 
78 318 11 28 0.0134497695 
476 393 10 15 0.013437495 
346 241 12 29 0.013422393 
597 180 19 35 0.013422228 
793 442 12 21 0.013402279 
909 116 12 29 0.013392748 
988 265 8 15 0.0133911865 
442 588 4 9 0.013361861 
462 392 12 17 0.013347699 
110 145 33 79 0.01334608 
913 637 6 13 0.013345764 
930 104 44 82 0.013341535 
624 286 17 40 0.013340291 
349 120 9 25 0.01332861 
453 498 6 10 0.01331821 
916 61 6 12 0.013311782 
266 393 15 32 0.013309471 
52 358 12 28 0.013308326 
837 378 6 15 0.0133000435 
977 207 9 20 0.01329968 
83 47 310 379 0.013288566 
346 271 11 27 0.013284708 
655 19 8 15 0.013278448 
614 254 13 27 0.013269429 
989 288 10 16 0.013265609 
50 56 14 21 0.013245121 
975 261 10 20 0.013240852 
300 339 6 18 0.013230059 
963 7 6 13 0.013219302 
391 76 19 34 0.01321307 
594 420 5 14 0.013203027 
345 442 8 17 0.013189334 
0 93 15 37 0.013189111 
615 271 12 27 0.013187504 
194 348 10 23 0.013184885 
148 364 6 17 0.013175483 
161 613 4 11 0.013167934 
1016 506 9 16 0.013165375 
350 169 9 22 0.013165017 
808 334 10 23 0.013153318 
947 127 12 27 0.013139987 
434 202 12 33 0.013133058 
415 541 9 16 0.013109249 
309 432 6 16 0.013097743 
493 590 4 8 0.013086714 
614 185 148 187 0.013076322 
580 417 6 17 0.013074377 
474 280 10 29 0.013064985 
480 590 4 8 0.013058844 
831 204 39 73 0.013038464 
381 74 42 73 0.013034316 
289 482 6 15 0.013027264 
195 325 10 20 0.013018236 
847 491 7 19 0.012976687 
78 237 11 22 0.012974539 
203 411 11 31 0.012973042 
765 457 47 45 0.012965163 
206 326 10 20 0.012957988 
825 197 9 19 0.012945601 
676 295 15 30 0.012942836 
489 393 10 15 0.012942384 
519 36 5 11 0.012939321 
479 223 33 81 0.012939071 
269 414 11 24 0.0129381325 
978 23 6 12 0.012921897 
987 529 11 20 0.012895321 
903 -2 5 9 0.012888405 
682 125 5 11 0.012873239 
773 36 5 13 0.012867635 
317 296 14 31 0.012858045 
64 375 62 86 0.012850961 
477 340 10 18 0.012845898 
117 362 7 21 0.012840238 
203 201 17 37 0.012831816 
695 19 8 15 0.012826181 
793 525 15 28 0.012823635 
965 21 6 14 0.012820189 
665 257 10 22 0.012815989 
809 310 9 18 0.012812985 
196 256 8 21 0.01279706 
4 391 8 17 0.012790953 
271 338 8 21 0.012771195 
876 7 6 13 0.012770065 
338 23 5 11 0.012728447 
999 314 13 34 0.01271805 
416 466 5 17 0.01270309 
287 493 7 15 0.012692069 
710 36 6 11 0.012688 
272 377 8 18 0.012679717 
637 154 33 67 0.012675569 
689 319 15 29 0.012673934 
173 7 7 13 0.012670289 
848 365 6 16 0.012534789 
361 539 7 8 0.012528038 
686 224 8 16 0.012527041 
664 269 12 29 0.012519063 
616 335 10 25 0.012502633 
519 445 5 13 0.012501575 
861 488 7 18 0.01248749 
864 264 8 18 0.012478136 
627 128 12 25 0.012472709 
104 251 8 17 0.0124707 
822 378 8 16 0.0124534005 
883 258 11 24 0.012445216 
54 312 9 23 0.0124183055 
160 537 5 11 0.012418288 
335 288 10 20 0.012398255 
1006 53 28 61 0.012387295 
685 113 5 9 0.012374143 
331 270 11 25 0.012373782 
337 173 8 18 0.012361673 
462 511 8 11 0.012352204 
228 239 14 36 0.012342888 
713 579 6 17 0.012321527 
3 57 8 19 0.012296345 
443 132 28 75 0.012296043 
528 85 7 13 0.0122935185 
22 144 22 40 0.012284164 
479 573 5 11 0.012267225 
23 65 17 27 0.012258942 
809 389 7 16 0.012253211 
103 281 13 30 0.012236583 
529 417 6 19 0.012232064 
356 547 5 9 0.01222949 
829 99 16 35 0.012214794 
629 255 11 26 0.012197683 
883 386 11 26 0.012196994 
947 160 11 20 0.012189057 
238 134 19 38 0.012185287 
185 636 5 14 0.0121793235 
448 300 14 38 0.012175755 
605 414 7 19 0.012171994 
17 434 20 28 0.012168439 
367 112 19 42 0.01214876 
188 165 36 78 0.012136624 
866 637 18 34 0.012134166 
864 417 5 18 0.01213012 
106 265 8 15 0.012126715 
497 323 13 21 0.012116835 
8 -184 64 117 0.012115365 
964 534 8 13 0.012084636 
939 266 22 38 0.012083405 
90 332 12 29 0.012080697 
207 158 37 83 0.01205014 
614 315 13 31 0.012046253 
678 10 11 15 0.012023806 
741 565 11 23 0.0120040765 
554 95 6 14 0.011998235 
157 364 6 15 0.011989895 
997 570 8 17 0.011983503 
142 454 6 15 0.011967602 
56 249 10 21 0.01194183 
1005 219 8 20 0.011936268 
106 622 7 17 0.011931044 
250 122 20 38 0.0119132595 
19 36 7 13 0.01190904 
233 363 36 72 0.011901899 
209 121 8 19 0.0118991 
146 522 5 12 0.011898283 
736 376 7 20 0.011897654 
135 455 6 13 0.011862272 
850 389 6 20 0.011861289 
512 305 14 29 0.0118419845 
584 393 5 12 0.011839596 
91 641 10 23 0.011839552 
525 264 13 33 0.0118176965 
775 356 5 9 0.011814301 
134 348 6 20 0.011811725 
331 143 70 118 0.011804446 
999 559 7 14 0.011802466 
843 100 43 84 0.011801622 
152 182 30 67 0.011796372 
286 504 8 14 0.011791372 
326 381 5 14 0.011784282 
774 383 5 9 0.011771141 
601 154 15 30 0.01176981 
172 625 5 13 0.011732924 
773 331 5 11 0.0117271235 
187 430 5 16 0.011717669 
939 348 10 28 0.01171484 
721 10 6 13 0.011709243 
562 294 11 28 0.011700876 
196 458 6 13 0.011698753 
287 -1 6 11 0.011681312 
715 343 14 34 0.0116741955 
441 612 5 14 0.011658279 
66 21 7 13 0.01165036 
334 154 10 22 0.011643377 
196 -2 7 12 0.011636273 
776 371 5 9 0.011635533 
774 316 5 11 0.011627628 
531 164 32 64 0.011627364 
562 400 10 23 0.011626575 
692 331 36 84 0.011623979 
532 10 4 10 0.011609766 
82 635 7 16 0.011586742 
359 387 10 20 0.01155316 
606 281 35 79 0.011514378 
355 539 5 8 0.011512691 
850 355 5 13 0.011493399 
892 309 12 23 0.011493334 
375 533 8 11 0.011490003 
441 508 7 11 0.011469484 
845 516 9 24 0.011466418 
179 335 11 25 0.011465824 
219 410 11 29 0.011457433 
9 180 95 121 0.0114481095 
173 23 5 11 0.0114474995 
184 625 6 15 0.011443211 
966 598 4 12 0.011443065 
173 313 7 16 0.011442154 
65 608 10 19 0.011417812 
267 150 18 39 0.01140568 
435 81 12 22 0.011393107 
418 38 4 9 0.011390465 
817 336 11 24 0.011377146 
467 575 5 10 0.011366177 
153 386 11 21 0.011359632 
1009 -77 15 53 0.011359354 
222 250 13 33 0.0113591915 
64 235 10 22 0.011348541 
472 310 11 26 0.011336691 
545 387 7 17 0.011323701 
666 235 9 19 0.011302538 
256 293 13 30 0.011298744 
132 521 7 14 0.011297316 
270 319 10 25 0.011285174 
897 114 13 32 0.011257955 
91 235 10 21 0.011253217 
366 81 19 41 0.011251057 
182 584 7 14 0.011250474 
206 382 10 27 0.01124165 
500 147 78 104 0.011233455 
221 120 9 20 0.011230907 
876 295 10 23 0.011204763 
454 554 5 13 0.011202587 
999 505 8 15 0.01120208 
439 254 28 80 0.011198646 
588 155 15 29 0.011184674 
158 23 5 12 0.011162068 
286 377 6 16 0.011158036 
6 169 31 83 0.011152509 
700 367 17 37 0.011146494 
3 352 10 19 0.011136892 
503 401 10 16 0.011131673 
116 378 7 20 0.01113101 
575 155 14 27 0.011126131 
737 550 4 9 0.011123257 
641 174 15 37 0.011096873 
967 609 3 13 0.011071429 
451 82 9 19 0.011066993 
623 179 15 31 0.011064959 
481 555 5 13 0.011063048 
398 232 10 24 0.011061879 
949 546 8 14 0.011059815 
953 458 6 16 0.0110585205 
875 363 7 17 0.011053015 
771 544 7 18 0.011052306 
840 366 6 16 0.011044293 
56 22 6 12 0.011041252 
222 278 10 26 0.011040825 
55 260 13 24 0.011030714 
925 639 7 12 0.011029554 
604 142 12 26 0.011028919 
1016 532 8 18 0.011025648 
641 226 12 29 0.011015737 
823 182 9 19 0.011015466 
436 328 9 19 0.011009361 
993 9 5 12 0.011008082 
360 412 10 23 0.010994095 
-142 30 1107 1309 0.01099406 
897 338 11 23 0.010990359 
714 610 4 13 0.010989006 
933 140 12 28 0.010975249 
615 383 12 29 0.010971834 
243 391 14 33 0.010961602 
983 488 14 26 0.010947573 
440 571 5 13 0.010937364 
655 31 9 15 0.010937291 
104 329 10 28 0.010932444 
797 338 7 16 0.010928984 
848 264 8 18 0.010928232 
482 36 4 12 0.010924799 
283 321 9 21 0.01092461 
211 202 37 78 0.010920591 
964 443 6 20 0.010918145 
964 159 10 20 0.010910053 
626 312 52 76 0.010909225 
734 484 9 14 0.010906899 
800 35 5 13 0.0109039685 
449 92 12 25 0.010899484 
424 544 8 14 0.010889223 
88 249 12 21 0.0108847255 
873 352 8 17 0.01088435 
132 530 7 16 0.010873892 
625 142 13 27 0.0108578205 
908 334 12 25 0.010849784 
322 483 5 12 0.010837038 
707 19 7 13 0.0108284345 
289 472 5 10 0.010814418 
712 570 7 16 0.010804037 
88 306 16 31 0.010797776 
797 357 7 12 0.010797302 
583 265 31 72 0.010794766 
684 457 6 16 0.010791548 
847 503 7 22 0.010783732 
36 110 19 44 0.010763959 
158 -2 6 11 0.010757883 
195 385 9 25 0.010753408 
686 439 7 23 0.010735831 
13 123 16 34 0.010727555 
898 285 10 18 0.010725019 
404 528 9 16 0.010720193 
672 28 12 20 0.0107174935 
239 445 50 101 0.01071059 
10 370 17 29 0.010709771 
116 323 9 21 0.010701943 
75 38 37 63 0.010699546 
530 22 5 12 0.0106974 
75 249 16 24 0.010696936 
0 412 17 25 0.010693032 
465 555 6 13 0.0106917815 
531 481 5 16 0.010690207 
836 10 6 11 0.010675679 
1017 519 8 18 0.010663965 
667 246 9 22 0.010663381 
49 68 17 25 0.010662839 
175 385 12 29 0.010661801 
429 641 5 10 0.010659056 
20 94 19 43 0.010658362 
346 364 11 18 0.010655125 
542 416 8 19 0.01065423 
104 233 8 21 0.010650472 
736 537 5 10 0.010648019 
116 543 7 18 0.010642836 
541 8 6 14 0.01063323 
441 483 6 15 0.010632758 
161 521 4 12 0.010630652 
972 532 10 16 0.010629749 
307 283 13 26 0.010621359 
161 433 5 12 0.010618122 
159 586 4 10 0.010614915 
465 22 5 15 0.010606265 
19 74 22 39 0.010586929 
366 23 5 10 0.010581825 
324 461 4 10 0.010574151 
889 499 10 15 0.010534029 
926 0 6 9 0.010530756 
964 130 10 24 0.010530507 
717 569 8 18 0.010527973 
429 482 6 17 0.010524308 
376 36 77 96 0.010523484 
21 169 43 89 0.010515672 
421 203 14 31 0.010511549 
480 548 5 11 0.01050491 
305 204 14 31 0.010501764 
844 527 12 30 0.0104933325 
455 575 4 10 0.010490065 
817 322 12 23 0.010488982 
123 68 29 69 0.010476538 
281 306 12 27 0.010475638 
922 198 15 32 0.010470282 
501 272 13 37 0.010470021 
959 243 13 24 0.010465658 
162 456 5 13 0.010463554 
817 305 13 26 0.010463002 
35 89 19 36 0.010461852 
894 495 15 19 0.010460672 
736 20 5 13 0.010439076 
422 221 32 75 0.010438114 
109 -3 6 11 0.010437696 
55 234 10 22 0.010430814 
313 448 4 10 0.010420118 
898 605 9 22 0.010391227 
887 -2 7 9 0.010380258 
451 222 31 79 0.010364503 
443 596 4 12 0.010361768 
324 448 5 10 0.010347247 
1005 200 33 75 0.010338227 
257 338 9 26 0.010334803 
66 -2 7 11 0.010317577 
844 115 16 32 0.0103160385 
825 21 5 12 0.010315487 
548 290 15 34 0.010307225 
852 342 5 11 0.01030421 
62 255 44 55 0.010302809 
210 -1 7 12 0.010300885 
903 183 19 41 0.01029088 
736 560 6 10 0.010290194 
117 646 7 18 0.010286981 
640 290 14 35 0.010279307 
683 362 8 18 0.0102787595 
626 225 12 31 0.010249207 
235 0 6 11 0.010234658 
900 635 8 15 0.010231778 
191 501 11 26 0.010200029 
206 61 30 70 0.010192338 
205 300 9 19 0.010188221 
19 21 6 12 0.010182828 
820 427 10 19 0.0101813 
875 228 36 76 0.010177945 
328 546 4 13 0.010171136 
256 318 11 31 0.010160197 
29 12 7 9 0.010152192 
304 204 27 77 0.010135701 
172 586 5 10 0.01010864 
324 10 6 11 0.010106202 
40 21 7 12 0.010102014 
387 550 7 9 0.010100465 
378 556 8 11 0.010100065 
883 244 10 24 0.010098858 
969 178 88 116 0.010081075 
49 90 18 32 0.010077949 
148 388 9 16 0.010068782 
554 428 9 21 0.010054641 
64 250 12 20 0.01005244 
205 229 13 26 0.010013987 
231 391 14 32 0.010007111 
