12_Group_Large_Group_12_Group_Large_Group_12_550
3612
583 521 35 56 0.998254 
67 59 36 59 0.9959273 
598 58 28 56 0.9911884 
401 57 33 56 0.99068683 
742 514 38 52 0.99058026 
948 55 31 59 0.98982424 
229 55 32 50 0.98691547 
421 517 30 47 0.9862548 
757 67 31 44 0.98309755 
236 520 30 46 0.96674323 
908 513 31 64 0.95206773 
79 525 29 49 0.938022 
445 51 16 47 0.25920516 
464 432 13 34 0.1664367 
14 519 11 48 0.15976039 
23 285 13 35 0.14038512 
829 599 20 47 0.11464884 
23 424 10 28 0.110391095 
906 147 14 47 0.10748975 
312 654 8 23 0.10413007 
266 179 13 32 0.10188177 
805 64 14 41 0.10048331 
47 611 20 48 0.09993277 
984 508 12 41 0.09683788 
654 131 14 33 0.09322943 
898 418 9 23 0.09270532 
421 51 27 61 0.09169408 
364 411 9 23 0.08953709 
896 142 14 41 0.088514686 
308 666 9 26 0.08460386 
18 336 6 25 0.08409151 
572 144 39 99 0.083840325 
257 178 12 32 0.082867734 
138 426 12 26 0.08237988 
807 509 11 37 0.08236356 
662 149 15 45 0.07967766 
792 502 12 32 0.07908193 
305 125 15 36 0.07803318 
975 508 12 42 0.07653163 
77 259 9 22 0.07571563 
248 559 18 37 0.074122034 
634 58 17 43 0.073898315 
138 162 13 40 0.07324709 
803 40 12 34 0.07212158 
550 39 11 29 0.07149399 
458 599 22 39 0.07149375 
127 59 14 40 0.07105151 
125 501 12 32 0.07048489 
22 522 12 42 0.070306726 
49 267 14 32 0.068410814 
377 74 13 36 0.06836796 
11 -55 19 36 0.06793773 
911 306 8 31 0.067671955 
917 270 12 31 0.0675721 
274 631 7 22 0.067560196 
666 423 11 32 0.06747222 
468 701 5 17 0.067136906 
895 49 13 40 0.06666449 
306 428 9 20 0.0663249 
19 380 5 20 0.066126734 
46 303 18 36 0.06583379 
140 514 11 34 0.06573316 
224 431 6 18 0.065460905 
861 322 7 26 0.06532123 
250 374 8 26 0.06470401 
256 386 8 23 0.064204 
901 308 8 29 0.064171895 
803 410 14 38 0.06348792 
210 696 7 23 0.063479155 
80 255 8 16 0.063434474 
114 55 14 36 0.06335933 
40 261 11 26 0.06333961 
883 51 11 39 0.062170155 
801 130 18 36 0.061964866 
567 428 7 22 0.061467953 
296 748 7 31 0.061456017 
293 61 10 33 0.06136186 
815 62 13 41 0.061181203 
901 322 7 31 0.060795393 
653 63 13 38 0.06039303 
665 332 8 27 0.060303915 
474 244 8 33 0.059840575 
984 62 14 37 0.059345726 
283 63 12 36 0.059324153 
654 148 15 45 0.059053406 
849 15 8 28 0.059048455 
19 364 5 23 0.058824677 
69 264 8 17 0.058756396 
884 141 13 39 0.05858065 
743 43 14 29 0.058506526 
404 870 14 37 0.058225513 
362 424 8 25 0.057748165 
148 367 7 15 0.05759353 
19 322 6 25 0.057419688 
550 73 11 36 0.057130083 
820 655 15 36 0.057120502 
564 61 13 40 0.056934677 
924 292 8 33 0.05689961 
663 65 12 36 0.05682434 
552 426 9 25 0.056733266 
11 551 133 195 0.05670167 
554 839 8 18 0.056661576 
637 42 14 34 0.056504447 
457 49 14 43 0.055818934 
923 63 13 38 0.05566614 
822 298 7 27 0.055448495 
537 882 16 30 0.055372622 
296 509 9 32 0.05532984 
26 249 10 22 0.05521008 
858 16 8 26 0.055133834 
910 59 12 41 0.05508226 
63 271 10 24 0.055077564 
568 505 9 23 0.054895047 
249 53 22 38 0.054790333 
138 253 11 36 0.054724805 
317 653 9 25 0.05443256 
828 653 14 36 0.05428011 
874 307 8 28 0.05372971 
907 423 10 28 0.053509325 
851 324 7 24 0.05348881 
958 127 14 33 0.053254005 
733 54 13 33 0.053102985 
137 61 12 37 0.0530858 
24 871 10 31 0.053064037 
14 53 13 42 0.052974 
818 167 10 30 0.052925937 
198 763 6 18 0.0529246 
874 324 7 25 0.05283511 
250 98 18 41 0.052758016 
977 881 8 17 0.05266644 
761 559 18 38 0.052572716 
281 619 8 23 0.052266136 
52 736 8 23 0.05201324 
691 -10 13 32 0.052010294 
308 511 8 29 0.051773097 
372 633 8 21 0.051667444 
861 454 7 20 0.051585756 
299 771 5 23 0.051516242 
15 505 8 29 0.05132078 
36 51 16 36 0.05123602 
70 300 8 22 0.05117284 
849 476 7 28 0.0511111 
874 504 7 24 0.05098802 
180 666 9 32 0.050914243 
872 52 13 38 0.050634608 
991 755 18 37 0.050578445 
23 52 15 40 0.05051196 
690 534 11 38 0.050359335 
390 563 8 24 0.049969383 
309 707 7 24 0.0498775 
808 529 11 37 0.04975129 
540 463 9 23 0.049670517 
640 558 10 36 0.049526203 
858 478 8 26 0.049503293 
15 692 7 28 0.049490236 
11 -1 12 36 0.04947665 
714 87 12 39 0.049139544 
858 290 9 35 0.048948236 
306 293 9 33 0.04893823 
552 440 8 21 0.04881475 
322 385 7 24 0.048792094 
434 64 15 32 0.04873344 
886 305 8 29 0.04868589 
709 503 9 26 0.048669506 
79 425 7 25 0.04866887 
231 436 9 24 0.048663557 
961 511 12 39 0.048656564 
300 429 8 19 0.048529 
860 488 8 26 0.04841316 
336 473 8 31 0.0483003 
752 0 16 33 0.048299108 
996 -54 16 23 0.048206627 
297 122 12 25 0.048179463 
814 521 12 37 0.047925226 
576 428 9 22 0.047902398 
721 253 8 33 0.04786214 
808 280 8 37 0.047736287 
732 288 6 21 0.047705684 
994 63 13 37 0.047574192 
149 672 5 19 0.04750178 
544 42 9 25 0.04741267 
472 501 11 32 0.047328804 
695 504 8 23 0.04720957 
267 76 12 35 0.047186825 
29 499 10 34 0.047179103 
670 314 5 17 0.04714321 
729 272 8 24 0.047137015 
848 -7 9 26 0.047080543 
385 70 73 104 0.0470544 
467 257 7 25 0.046970613 
1008 -50 15 29 0.04680082 
374 529 8 24 0.046780277 
560 40 12 32 0.046773147 
157 670 6 25 0.046645395 
503 475 8 27 0.046566322 
374 504 7 22 0.04650903 
37 499 11 33 0.04650721 
275 623 6 17 0.046402466 
1015 346 10 27 0.046294145 
250 711 6 18 0.046268076 
999 411 10 32 0.04616193 
16 595 7 23 0.046112053 
321 400 7 23 0.046103965 
998 750 12 22 0.046074014 
958 -54 16 22 0.04600066 
994 511 12 37 0.045932624 
368 420 13 34 0.04574046 
78 403 9 24 0.04573447 
888 338 6 25 0.045702204 
19 402 8 27 0.045531463 
628 53 13 29 0.045501325 
409 502 13 27 0.04549273 
487 246 9 30 0.045454778 
190 874 11 27 0.045438133 
858 464 8 25 0.045240436 
501 15 9 30 0.045162737 
541 513 8 28 0.0451623 
197 399 7 22 0.045162152 
554 504 8 23 0.04506069 
851 455 7 19 0.045052756 
850 309 7 27 0.044894632 
199 210 8 23 0.044831753 
171 554 6 21 0.044830978 
312 769 6 27 0.044773914 
837 339 6 21 0.044750325 
374 310 7 25 0.04471974 
876 338 6 22 0.044660877 
405 505 8 21 0.044617657 
551 15 11 31 0.04451169 
503 503 7 22 0.044509776 
322 707 8 25 0.044494733 
788 631 7 20 0.044388566 
711 720 7 25 0.0443365 
173 542 6 21 0.044260956 
471 352 13 46 0.044251822 
850 336 7 25 0.044213437 
89 372 10 31 0.044213247 
817 503 10 32 0.044150237 
140 144 10 29 0.04397072 
458 117 12 30 0.04391054 
425 337 6 21 0.043868247 
265 205 12 28 0.043834995 
173 669 6 25 0.04382649 
792 66 15 35 0.043786895 
1003 881 5 13 0.043764118 
624 512 13 33 0.043646187 
783 505 13 26 0.04356658 
346 476 9 27 0.043480203 
92 363 7 22 0.04347098 
877 351 6 21 0.04342189 
93 428 7 22 0.043341294 
27 275 11 28 0.043228127 
513 475 9 28 0.04317775 
972 591 11 26 0.0431732 
19 392 6 21 0.043105222 
523 273 11 26 0.043102875 
972 193 12 37 0.043100335 
363 505 7 20 0.043073714 
742 0 15 33 0.043050453 
133 248 10 25 0.04302462 
577 439 8 22 0.043020092 
363 645 7 20 0.04291903 
513 15 9 29 0.042864967 
156 527 7 25 0.04284044 
170 270 8 28 0.042829134 
157 541 7 25 0.04277041 
362 517 8 23 0.042763844 
19 618 7 24 0.04270806 
198 683 7 22 0.04267889 
195 591 10 29 0.0426786 
946 -54 15 22 0.042632252 
38 612 17 38 0.042625714 
159 553 6 25 0.04261278 
311 420 6 14 0.0425386 
791 639 11 30 0.04250378 
550 409 11 30 0.04250323 
499 547 10 37 0.04247849 
147 355 6 17 0.04247088 
860 336 7 24 0.04242281 
317 121 12 25 0.04240547 
416 339 6 20 0.042384814 
154 368 7 17 0.04227798 
200 698 6 22 0.042196095 
898 431 11 33 0.04218189 
141 531 10 38 0.04217529 
485 62 12 37 0.042152856 
452 154 10 28 0.042066433 
542 425 8 24 0.04203459 
467 245 6 23 0.041979264 
889 326 7 26 0.04192901 
259 165 9 23 0.041836932 
62 -54 16 22 0.04182946 
859 -8 9 27 0.04181342 
290 748 5 22 0.04180999 
149 659 6 20 0.041760806 
525 72 13 42 0.041735567 
540 65 11 34 0.041731223 
414 187 9 21 0.041655328 
908 131 11 33 0.041494176 
24 402 11 28 0.041439902 
18 430 11 39 0.041434336 
38 522 13 41 0.04136346 
541 539 8 29 0.04122686 
65 465 10 23 0.041155297 
862 502 7 23 0.041130397 
416 316 5 19 0.041111965 
134 433 10 28 0.041010767 
554 88 9 28 0.040975094 
101 628 12 32 0.040917527 
49 -54 17 22 0.040877923 
975 619 10 27 0.04081003 
529 514 7 27 0.040752232 
129 534 10 36 0.040749073 
308 538 8 29 0.040708262 
322 504 7 23 0.04068902 
1015 3 12 29 0.04068682 
210 427 7 23 0.040673655 
197 673 7 21 0.040654287 
12 75 12 48 0.040617444 
196 774 6 17 0.04052412 
668 501 8 27 0.04048924 
180 519 7 22 0.04036915 
705 11 12 32 0.04030167 
809 197 8 22 0.04028922 
54 246 10 21 0.040261414 
179 16 9 25 0.040254485 
174 519 6 20 0.04018997 
859 350 7 24 0.04016082 
301 679 7 26 0.040121052 
374 494 7 19 0.04003013 
487 502 8 27 0.040003087 
873 492 7 23 0.03998143 
295 138 14 34 0.03996172 
282 590 8 26 0.039946385 
181 455 8 21 0.039937 
140 189 11 36 0.039920226 
216 1 14 30 0.03991539 
714 502 11 29 0.03988557 
501 41 8 23 0.039864883 
715 719 9 27 0.03978909 
50 502 13 30 0.039643243 
91 441 9 21 0.03963274 
877 764 5 16 0.03963167 
270 642 8 20 0.039610498 
984 807 14 46 0.039591156 
388 725 6 18 0.039572313 
462 512 11 29 0.039571416 
92 630 10 27 0.039570827 
465 337 9 30 0.039568577 
933 -54 15 21 0.039538182 
18 607 6 22 0.039526395 
144 579 8 26 0.03946258 
985 487 11 33 0.03942289 
75 -54 16 21 0.039408877 
684 503 7 23 0.039385397 
300 283 9 30 0.03938402 
127 42 13 32 0.039377477 
976 335 7 27 0.039334904 
550 464 11 24 0.039271723 
22 -54 18 22 0.03926942 
796 524 10 31 0.03925463 
100 -54 17 22 0.039242703 
387 313 8 22 0.039237406 
195 465 9 22 0.039212644 
159 567 6 23 0.039183956 
714 10 13 34 0.039178543 
14 487 9 29 0.03910776 
204 400 8 22 0.039094508 
795 50 14 34 0.039089993 
911 -7 11 26 0.039047427 
80 440 8 22 0.038955286 
144 604 8 26 0.03886406 
514 719 8 28 0.038780913 
551 599 15 39 0.038765427 
207 2 12 26 0.038756054 
204 211 10 23 0.038750317 
901 405 6 18 0.038749523 
28 360 8 30 0.038698714 
758 295 8 27 0.038681373 
655 590 8 27 0.038680058 
502 529 8 25 0.038653355 
474 168 10 33 0.038616028 
265 98 14 35 0.038615566 
873 539 9 30 0.03860592 
321 40 9 29 0.03860356 
837 326 6 22 0.038602434 
336 25 9 31 0.038584124 
363 491 7 23 0.038579613 
600 -54 16 22 0.0385687 
804 150 15 39 0.03855027 
2 12 9 32 0.038508356 
16 578 7 27 0.038502082 
591 428 8 22 0.038464166 
199 745 6 20 0.038445722 
18 663 7 31 0.03837248 
88 -54 16 21 0.038355693 
587 -54 16 21 0.038352646 
704 -8 12 27 0.038338944 
204 592 11 29 0.03833704 
566 464 9 23 0.03827654 
113 -53 17 21 0.038224947 
791 592 12 30 0.038161628 
172 17 8 25 0.038100235 
1017 314 7 21 0.038066063 
835 -9 10 28 0.03805315 
197 413 7 22 0.03803318 
551 455 9 20 0.038024418 
26 341 9 35 0.038020823 
922 -8 12 27 0.037981533 
338 667 7 25 0.037971985 
134 324 7 25 0.037943985 
659 336 7 24 0.037934892 
179 1 11 28 0.037885405 
141 235 8 27 0.03786266 
205 391 7 19 0.037857708 
975 349 8 29 0.037853148 
500 65 10 32 0.03779186 
26 541 11 45 0.037774883 
174 506 6 19 0.037752077 
322 528 8 25 0.037747428 
202 85 14 39 0.037746232 
255 710 7 20 0.0377461 
421 -54 15 21 0.03767861 
308 691 7 29 0.03766599 
297 588 9 30 0.03766293 
550 -10 13 30 0.037654664 
301 708 6 20 0.037644364 
920 -54 16 21 0.03764264 
434 -54 15 21 0.037635826 
985 -54 16 23 0.03763231 
656 606 7 21 0.037625372 
971 -54 16 23 0.037622634 
612 -54 17 22 0.0375998 
264 52 15 32 0.0375422 
811 182 7 19 0.03753595 
984 618 10 27 0.037379164 
188 197 6 19 0.037369132 
695 492 7 22 0.03734201 
241 -54 17 21 0.037318204 
197 270 7 27 0.037308056 
527 40 11 27 0.037295632 
254 -54 16 21 0.037293904 
562 15 12 29 0.037241008 
691 11 11 32 0.037235413 
574 -54 16 22 0.037225403 
949 524 12 32 0.037142236 
28 605 11 28 0.03712753 
503 721 7 26 0.037119076 
504 454 7 21 0.037103657 
734 430 7 19 0.037098616 
179 505 7 22 0.037080728 
22 185 15 48 0.037062176 
386 157 11 34 0.037037883 
591 441 8 21 0.03701417 
249 183 9 23 0.037013102 
47 735 7 22 0.037002854 
91 452 10 22 0.03699316 
314 788 5 23 0.03694182 
865 779 4 13 0.036933415 
886 882 6 14 0.036924716 
798 282 7 29 0.03691199 
315 817 4 16 0.03690338 
835 310 7 24 0.03690278 
625 -54 17 23 0.0368434 
486 229 10 33 0.036838654 
13 -26 12 32 0.036779914 
898 -7 10 25 0.03677322 
221 453 8 21 0.036719546 
447 -54 15 22 0.036703374 
605 425 8 25 0.03670236 
487 527 9 30 0.036673862 
709 55 8 26 0.0366729 
877 882 6 15 0.03663544 
946 171 9 26 0.036634706 
888 362 8 24 0.0366309 
309 591 8 29 0.03662532 
907 -54 16 21 0.036589146 
653 574 9 31 0.036588285 
184 594 7 20 0.036576774 
384 3 12 27 0.03655812 
487 269 10 30 0.036544234 
267 -54 16 21 0.0365403 
346 0 10 28 0.036536094 
654 497 10 32 0.036510006 
184 232 7 24 0.03649687 
836 504 7 22 0.03646003 
90 398 9 27 0.036455806 
732 439 9 22 0.03641386 
67 252 8 17 0.036368508 
964 336 7 27 0.03636582 
126 -53 17 21 0.036337633 
720 428 8 23 0.036329884 
644 142 10 28 0.03632827 
398 364 12 34 0.036324482 
965 203 10 33 0.03631097 
196 456 7 18 0.036308084 
180 271 8 28 0.036299486 
566 456 9 18 0.03629898 
912 337 7 26 0.03629766 
411 395 11 31 0.036275215 
171 56 8 23 0.03627251 
438 337 7 22 0.036269642 
840 619 14 38 0.036237746 
885 746 7 23 0.036195245 
902 391 6 17 0.036164153 
515 249 9 24 0.036161307 
733 300 6 21 0.03615189 
459 -53 16 21 0.036146373 
565 93 9 25 0.03612838 
279 -54 18 32 0.036057368 
988 641 10 32 0.035988964 
926 773 6 22 0.035986252 
675 424 11 29 0.03596938 
336 207 10 28 0.03596854 
849 502 7 22 0.0359526 
858 273 10 30 0.035948563 
309 756 7 32 0.03593861 
909 44 11 28 0.035937585 
613 511 15 31 0.035919704 
877 778 4 15 0.03590038 
246 675 7 16 0.035897724 
552 393 11 31 0.0358502 
502 249 7 25 0.035815027 
398 3 12 26 0.035812564 
197 147 8 22 0.035803415 
115 628 9 25 0.035791524 
209 441 7 19 0.035782646 
42 301 10 25 0.03577718 
173 479 7 20 0.03575685 
408 -54 16 21 0.035744514 
516 704 7 28 0.035723675 
181 541 7 22 0.035718266 
193 3 11 25 0.035659853 
372 2 11 27 0.035647135 
179 493 7 20 0.03562957 
474 524 10 31 0.035625182 
39 249 10 22 0.035620455 
835 15 9 28 0.035613954 
129 561 9 32 0.035592422 
778 565 12 29 0.03559225 
501 -8 10 26 0.035586398 
819 44 9 28 0.035558417 
2 523 10 40 0.035547026 
426 327 6 22 0.035535377 
528 491 8 23 0.03551509 
530 466 7 20 0.03550207 
890 388 6 22 0.035501987 
402 315 6 20 0.03548157 
708 399 8 24 0.035474487 
790 -54 19 33 0.035451017 
474 266 9 33 0.035421003 
779 -54 16 21 0.03541586 
181 258 8 26 0.03539711 
192 198 9 21 0.035370506 
860 232 10 31 0.035341024 
666 347 7 24 0.035326403 
21 158 15 43 0.035322186 
819 -10 12 28 0.035310723 
299 538 8 29 0.03530598 
637 -54 18 23 0.035301246 
873 -8 9 25 0.035294577 
415 735 7 19 0.035255745 
174 491 6 20 0.035245135 
274 594 8 21 0.035223205 
766 -54 16 21 0.03522269 
564 -10 12 29 0.035222463 
576 -11 13 31 0.035214867 
886 -6 9 23 0.035202824 
52 524 13 36 0.035171635 
627 -11 14 31 0.035151105 
177 103 10 30 0.035113838 
650 41 13 32 0.035108536 
291 -54 19 32 0.035102505 
554 496 7 18 0.03508791 
155 270 8 29 0.035086464 
170 67 9 24 0.035083227 
875 374 7 26 0.035045944 
425 735 7 19 0.035038963 
1000 29 9 27 0.03503753 
300 278 6 17 0.03499441 
173 44 6 21 0.034963958 
935 426 10 24 0.034943767 
589 -12 13 32 0.03494098 
718 55 10 29 0.03492311 
873 19 8 23 0.03489795 
683 488 7 25 0.034888383 
363 312 6 21 0.034887947 
156 657 6 24 0.034876667 
874 464 8 24 0.034857832 
279 41 13 29 0.034853175 
244 438 10 24 0.034820676 
348 377 7 20 0.03480816 
638 523 11 35 0.03480164 
668 516 7 25 0.034782987 
155 -9 11 27 0.03477819 
421 186 12 24 0.034757238 
708 428 8 22 0.034739852 
873 453 8 21 0.034733262 
156 605 7 23 0.03473231 
764 -1 17 33 0.03472849 
716 400 9 26 0.034721117 
458 536 13 35 0.034689996 
683 41 8 26 0.034686647 
460 491 12 30 0.034684908 
488 41 10 28 0.034667566 
172 118 7 23 0.03466585 
581 113 70 119 0.034658037 
186 762 6 20 0.03464262 
349 670 6 21 0.034634072 
447 492 12 26 0.034620434 
259 399 8 20 0.03461622 
296 452 10 23 0.03461033 
207 415 7 22 0.034607843 
799 297 6 27 0.034604214 
196 222 7 20 0.03459278 
694 515 8 26 0.034576084 
659 288 6 23 0.03456939 
310 305 7 29 0.03455797 
308 53 10 31 0.03455741 
995 805 13 42 0.034556404 
351 504 7 23 0.034555525 
455 134 16 44 0.034553114 
874 387 7 26 0.034548488 
89 -13 14 33 0.034513924 
389 737 5 19 0.03451172 
315 802 4 18 0.034480397 
935 282 9 30 0.034468517 
92 331 9 31 0.034446675 
426 314 6 20 0.03443849 
172 569 6 20 0.034419745 
848 44 7 22 0.03434439 
169 91 10 29 0.03433527 
170 681 7 27 0.034313153 
488 544 11 38 0.03430393 
139 -53 17 21 0.034296695 
335 0 10 30 0.034283247 
693 478 7 22 0.034232296 
79 452 10 22 0.034189872 
805 -54 16 22 0.03418485 
692 40 9 27 0.034182537 
208 705 7 21 0.0341494 
193 886 11 27 0.03400853 
753 -54 17 21 0.03400249 
1 -9 9 29 0.034000512 
395 -54 16 21 0.033990946 
683 -8 11 27 0.033980705 
319 665 8 28 0.03394589 
195 99 11 32 0.03394266 
228 -54 17 21 0.033942286 
562 -54 16 21 0.033941183 
66 456 9 19 0.033939086 
337 659 7 21 0.033938557 
605 441 8 20 0.033938464 
155 105 9 25 0.03393653 
208 686 8 21 0.033929758 
836 490 8 24 0.033927534 
42 595 10 26 0.03392154 
539 -9 11 28 0.03391564 
989 881 6 15 0.033909317 
650 -54 18 23 0.033905707 
76 463 12 26 0.033904344 
935 -10 12 29 0.033899583 
707 493 9 23 0.03389871 
361 1 10 27 0.033888165 
787 641 9 24 0.033856064 
367 633 7 18 0.033849288 
898 478 9 24 0.03384567 
311 636 8 20 0.03383024 
170 1 10 28 0.03382302 
206 464 10 24 0.033818286 
835 44 8 22 0.033798944 
464 269 9 28 0.03375462 
639 -11 13 30 0.033753593 
100 65 17 31 0.033723187 
475 333 10 34 0.033664227 
184 584 6 17 0.033657268 
416 327 6 21 0.033648655 
807 -10 12 28 0.03364718 
179 480 7 20 0.033643972 
472 -53 16 21 0.033632033 
706 527 10 31 0.033625558 
894 -54 17 21 0.033610363 
924 44 11 27 0.03360496 
707 412 9 26 0.033597697 
320 679 8 28 0.033597175 
877 747 5 19 0.03358519 
438 327 7 20 0.033579584 
207 455 9 19 0.033573702 
452 126 11 33 0.03356363 
901 380 6 19 0.033563204 
411 424 9 27 0.033541452 
948 757 10 28 0.033520434 
36 -54 17 21 0.03351859 
145 293 8 32 0.033513717 
284 452 10 22 0.03350761 
374 626 6 17 0.033501305 
542 33 9 22 0.033433784 
873 479 8 23 0.033431068 
13 30 10 32 0.03339057 
886 502 9 26 0.033377 
133 133 8 22 0.033374716 
1014 450 12 27 0.033312783 
181 43 9 24 0.033282984 
875 403 6 21 0.033277914 
385 43 13 27 0.033277538 
567 497 7 18 0.033264954 
794 -10 13 29 0.033264745 
187 864 7 18 0.03321444 
828 673 14 34 0.033213943 
999 2 11 28 0.033170212 
561 596 16 41 0.033108808 
17 722 6 25 0.03309495 
88 260 10 22 0.033087563 
361 478 8 23 0.03308694 
791 619 10 27 0.033075586 
640 501 10 30 0.033071093 
19 276 8 23 0.033068046 
884 462 9 27 0.0330298 
470 49 13 38 0.033026658 
182 555 7 21 0.033015497 
154 67 9 26 0.033004876 
395 554 11 31 0.032999177 
865 767 4 13 0.032986403 
311 719 7 22 0.032974586 
849 358 7 29 0.032963097 
172 466 7 21 0.032957997 
657 344 8 28 0.032957714 
218 698 7 20 0.032944296 
489 -10 10 28 0.032943156 
1014 397 11 32 0.032923855 
948 -11 12 30 0.032919407 
730 249 8 24 0.032883 
1012 750 11 20 0.032859012 
817 -54 17 22 0.032849766 
966 901 49 66 0.032848105 
808 333 8 33 0.032834623 
528 478 7 23 0.03280309 
407 1 15 31 0.032802038 
543 440 7 21 0.03279446 
158 581 6 22 0.032773573 
131 577 8 28 0.032763474 
515 -9 9 27 0.032761708 
1017 326 7 21 0.032745056 
305 -53 17 21 0.032739434 
527 -9 11 27 0.032734334 
63 502 13 29 0.032723892 
157 594 6 22 0.032693196 
346 26 9 29 0.032691013 
626 629 11 28 0.032678876 
759 402 9 24 0.032671686 
663 331 5 16 0.03264763 
1015 25 11 32 0.032617267 
565 413 8 26 0.032611925 
987 890 8 18 0.032602943 
382 -54 17 22 0.03260184 
77 -13 14 33 0.032598894 
705 825 8 21 0.032593403 
102 -12 13 32 0.032572396 
34 604 34 97 0.032559987 
618 443 7 18 0.032538578 
154 14 9 29 0.03252819 
576 42 13 30 0.032513425 
989 423 9 25 0.032506682 
821 720 8 28 0.03248788 
156 43 8 23 0.032465402 
186 775 6 18 0.03243621 
543 494 6 19 0.03242484 
662 304 5 18 0.03241302 
861 840 6 16 0.03237748 
259 676 7 16 0.032360796 
451 326 7 21 0.032353535 
322 -8 11 27 0.032344017 
504 442 7 18 0.03233679 
85 569 15 37 0.03233666 
515 455 7 21 0.032309055 
657 276 5 20 0.032302704 
666 361 8 25 0.032296132 
515 40 9 25 0.032264747 
627 536 12 33 0.032263003 
91 414 9 23 0.03225899 
1016 -20 9 23 0.032257557 
849 413 7 24 0.032255538 
486 165 10 31 0.032230336 
781 -10 13 29 0.032226257 
911 447 10 30 0.03219318 
754 409 14 35 0.032189786 
299 694 7 25 0.03218504 
528 539 9 30 0.03217491 
48 42 16 30 0.032173138 
358 888 11 27 0.03216519 
720 453 9 21 0.03216115 
414 354 6 17 0.032154948 
722 287 6 22 0.03214854 
819 490 10 27 0.032135826 
371 164 13 44 0.032095153 
530 456 7 18 0.032087002 
730 0 14 31 0.03207953 
17 122 7 22 0.032064762 
860 29 8 24 0.03203314 
526 15 10 28 0.0320306 
713 558 77 116 0.032028306 
663 440 14 38 0.03201893 
602 -12 13 32 0.032013737 
185 873 9 24 0.03199274 
379 724 4 15 0.03197678 
709 706 9 25 0.03197168 
707 44 8 25 0.031964343 
863 444 6 17 0.03196385 
604 371 10 31 0.03195678 
503 517 7 22 0.03194878 
843 595 13 31 0.031933587 
822 747 6 23 0.031920735 
835 56 8 24 0.031908266 
15 213 168 287 0.031906515 
538 178 10 30 0.031898305 
718 414 9 26 0.03184844 
454 696 6 22 0.031848364 
884 732 8 25 0.031848047 
450 338 8 23 0.0317989 
978 180 9 26 0.031756863 
118 549 10 30 0.03172073 
173 583 5 18 0.031703528 
834 157 9 25 0.031695817 
911 476 10 27 0.0316932 
861 400 7 25 0.031687073 
614 -11 14 31 0.03167641 
745 36 10 21 0.031668715 
279 500 14 31 0.03166809 
611 625 17 40 0.03165434 
308 -10 11 28 0.031643406 
740 -54 17 21 0.03162631 
346 217 11 26 0.031619087 
79 321 8 25 0.0315961 
151 -53 18 21 0.0315774 
886 478 8 22 0.03157645 
645 262 6 20 0.031571284 
936 44 13 27 0.031570446 
142 -11 12 29 0.03155713 
501 670 8 26 0.03154895 
451 311 7 21 0.03150923 
973 270 7 24 0.031503476 
308 489 9 26 0.031501293 
182 243 8 27 0.031499483 
1 -50 13 29 0.031456627 
172 608 7 20 0.031444985 
246 684 7 18 0.03144091 
335 53 9 29 0.031426232 
68 427 8 22 0.03141187 
830 -54 16 22 0.031406585 
29 302 11 29 0.03140061 
363 337 6 21 0.031394973 
362 655 8 22 0.031394664 
144 105 8 26 0.031370793 
647 274 5 21 0.031342987 
516 259 10 28 0.031339336 
549 -54 16 22 0.031318933 
115 -11 13 30 0.031303138 
174 654 7 26 0.031273942 
960 490 10 27 0.03126077 
322 489 8 25 0.031235514 
682 14 9 29 0.031230083 
314 832 4 14 0.031228617 
216 56 70 78 0.031227145 
823 324 7 25 0.031225469 
16 177 11 34 0.03121435 
146 337 7 28 0.031206911 
235 684 6 17 0.031202154 
813 744 6 28 0.031184064 
474 -11 11 28 0.031167567 
485 -53 16 21 0.03115484 
350 660 6 19 0.03113602 
663 -54 18 22 0.03113189 
837 737 6 19 0.031123275 
318 -53 17 21 0.031116752 
961 -11 12 30 0.031102436 
146 644 8 24 0.031097148 
837 351 6 22 0.03108852 
406 358 11 32 0.031044994 
874 31 8 24 0.031044688 
653 -12 13 31 0.03102674 
281 107 11 27 0.031026028 
577 455 9 19 0.030982686 
324 311 6 20 0.03096743 
720 441 8 21 0.030959904 
473 700 7 20 0.03095757 
863 829 5 13 0.030957062 
43 718 9 31 0.03095348 
75 300 9 22 0.030946402 
22 248 7 21 0.030933362 
527 54 10 30 0.03092624 
488 488 8 27 0.03089901 
708 594 9 24 0.030886933 
881 -54 17 21 0.030876854 
23 144 13 33 0.030870248 
54 464 10 23 0.030853374 
202 51 15 36 0.030845163 
922 448 12 29 0.030838428 
615 92 69 123 0.03082894 
196 242 9 28 0.030828178 
865 749 5 16 0.030772954 
337 502 7 24 0.03076473 
539 13 11 28 0.030759653 
515 501 8 26 0.030738236 
876 733 7 24 0.030696165 
985 776 11 35 0.030678453 
389 326 6 21 0.030677306 
1003 892 6 15 0.030633183 
195 74 13 38 0.030608708 
186 188 7 19 0.030606637 
892 425 7 20 0.030594947 
948 426 9 23 0.030594742 
461 30 12 33 0.030592822 
180 30 8 22 0.030582638 
663 120 12 29 0.030580398 
465 326 8 24 0.030578744 
196 442 7 19 0.030576311 
144 321 8 31 0.030529635 
171 366 6 17 0.030520031 
68 287 7 20 0.030500716 
215 -54 18 22 0.030496068 
986 18 11 26 0.030491833 
989 285 7 24 0.030486146 
641 29 12 27 0.03048115 
898 491 10 25 0.030470343 
290 760 6 21 0.03045065 
564 240 9 34 0.030431017 
183 442 7 18 0.030420324 
363 325 7 21 0.030417446 
36 546 11 38 0.030405756 
26 133 10 27 0.03038441 
501 577 8 27 0.0303776 
540 476 8 22 0.030362748 
916 551 17 40 0.030358914 
0 -25 10 31 0.030337734 
688 -54 19 32 0.030335974 
207 234 10 24 0.030322248 
321 12 10 31 0.03031459 
195 232 9 24 0.030314088 
1015 89 11 31 0.030292287 
196 518 7 22 0.030290352 
806 491 12 29 0.030280799 
820 197 8 24 0.030274775 
566 106 9 25 0.030269595 
868 -54 17 21 0.030260183 
501 641 8 27 0.030258406 
708 79 10 30 0.03024609 
269 163 9 23 0.030239329 
250 173 8 19 0.030234035 
321 413 7 19 0.030218009 
937 760 8 22 0.030213183 
64 -12 14 32 0.030210836 
191 864 9 19 0.030202016 
974 -10 11 29 0.030196466 
557 243 9 30 0.030192677 
138 42 12 30 0.030177582 
369 -54 18 22 0.030177291 
797 408 11 33 0.030123357 
874 443 6 18 0.030114908 
462 -11 11 29 0.030101333 
656 619 7 21 0.030101173 
155 296 7 30 0.03009768 
843 -54 16 21 0.030091152 
666 -10 12 29 0.030090477 
276 610 5 16 0.030082079 
861 540 9 26 0.030079506 
307 451 10 24 0.030075755 
578 102 10 28 0.030075192 
142 123 8 21 0.03007408 
783 590 12 30 0.030059462 
930 606 20 36 0.030057624 
128 -11 12 29 0.03004027 
183 569 6 19 0.030039994 
886 18 8 22 0.030036563 
322 593 8 25 0.030032061 
295 -11 12 29 0.03001444 
449 -11 12 30 0.029990258 
373 478 8 21 0.029988503 
321 272 8 24 0.029984746 
1008 342 4 14 0.02997004 
856 -54 16 21 0.029964598 
861 529 7 23 0.029952858 
207 763 7 18 0.029942004 
835 376 8 24 0.029933935 
103 319 11 37 0.029910656 
819 14 10 29 0.029881459 
185 391 7 20 0.02987855 
669 593 7 21 0.029864699 
260 414 8 20 0.029856201 
17 630 7 25 0.029840788 
835 181 8 26 0.029829346 
416 113 18 35 0.029827677 
374 465 9 23 0.02981902 
886 761 6 22 0.029795473 
540 602 11 32 0.029783493 
197 530 7 22 0.029773425 
440 313 6 19 0.029767973 
860 52 11 33 0.02976698 
296 112 10 20 0.029754043 
268 41 12 27 0.029744163 
229 2 14 28 0.029730752 
986 193 10 31 0.029710155 
318 162 14 38 0.029705653 
279 84 13 34 0.029705312 
487 640 9 28 0.029688392 
498 -53 16 21 0.029680561 
173 595 6 18 0.02966381 
187 226 6 18 0.029655905 
389 581 7 21 0.029638411 
123 726 5 16 0.029627645 
848 386 8 28 0.029618377 
499 298 11 25 0.02959456 
28 690 9 32 0.02959192 
181 132 8 23 0.029589513 
115 322 11 34 0.029577397 
886 552 9 28 0.029574318 
576 464 11 24 0.02954685 
515 441 7 19 0.029532967 
157 506 6 21 0.029525945 
321 62 10 30 0.029522805 
944 605 14 30 0.029502174 
1002 402 8 25 0.029489001 
873 217 9 27 0.029466247 
528 605 8 25 0.029463056 
510 -53 17 21 0.02945236 
907 197 13 39 0.029444885 
501 233 8 27 0.0294391 
271 390 7 17 0.029403413 
183 417 6 18 0.029399581 
998 489 8 27 0.029399065 
282 -10 13 29 0.02937839 
402 105 81 134 0.029370343 
77 287 8 21 0.029358294 
514 235 9 24 0.02934236 
179 654 8 29 0.02931678 
862 516 7 21 0.02930772 
155 452 10 24 0.02930032 
887 33 8 21 0.02926427 
386 595 8 22 0.029263549 
105 426 9 26 0.029254463 
292 42 13 31 0.029252125 
718 -6 12 25 0.029242616 
834 412 9 26 0.029240299 
744 423 11 26 0.029221587 
133 145 9 25 0.029219523 
323 622 7 21 0.029215474 
425 428 9 23 0.029211378 
19 123 84 118 0.02920117 
331 -53 17 21 0.029189236 
18 136 8 22 0.029175894 
343 -53 18 20 0.029168386 
327 829 4 14 0.029160103 
727 -54 18 22 0.029159117 
484 353 14 45 0.029152054 
835 527 8 26 0.029139822 
184 146 7 22 0.029129233 
513 65 11 34 0.029127339 
356 -54 18 21 0.029126737 
40 702 10 34 0.029123664 
615 298 8 26 0.02912239 
666 28 10 29 0.02911939 
735 46 10 23 0.029109431 
320 631 9 24 0.029096106 
975 702 10 37 0.02909216 
90 463 12 26 0.029079864 
536 -54 17 22 0.029078983 
934 451 12 25 0.029076902 
976 489 10 31 0.029042173 
676 -54 18 22 0.029031878 
18 739 7 24 0.029020865 
376 539 8 24 0.029020429 
542 759 7 24 0.029019382 
757 35 11 21 0.029015513 
438 286 7 20 0.028997414 
853 277 7 22 0.028996347 
195 54 13 32 0.02898429 
859 616 11 30 0.028967569 
183 606 7 23 0.028927179 
987 -10 12 28 0.028904123 
350 301 7 19 0.028896298 
164 -53 18 21 0.028893698 
376 57 11 25 0.028882295 
334 287 7 20 0.028882245 
835 516 8 23 0.028865412 
135 239 7 21 0.028864529 
916 776 6 18 0.028863706 
716 387 8 23 0.028853724 
333 273 8 23 0.028846547 
900 365 7 22 0.028830232 
193 16 10 24 0.028828692 
288 739 6 18 0.028826421 
351 403 9 23 0.028790073 
606 291 7 18 0.028771779 
657 264 5 19 0.02876329 
997 664 13 37 0.028763253 
848 528 7 23 0.0287428 
680 67 9 27 0.02873824 
851 753 4 15 0.028735278 
543 223 7 26 0.028733507 
286 442 8 18 0.028709939 
323 552 8 26 0.02869324 
948 501 12 29 0.028688034 
171 456 8 19 0.028672168 
199 378 6 22 0.028669847 
337 681 7 24 0.028640319 
257 700 7 19 0.028610885 
258 427 9 21 0.028599475 
924 320 8 30 0.028599445 
141 277 10 35 0.028598713 
75 765 16 34 0.028591806 
425 440 9 22 0.028577691 
590 28 13 29 0.028576756 
553 528 8 25 0.028562736 
625 98 14 35 0.028558344 
102 606 11 30 0.028555738 
820 30 9 25 0.028553965 
383 422 12 29 0.028549647 
427 288 6 19 0.028549017 
260 686 6 17 0.028532313 
669 578 7 24 0.028519742 
427 300 7 19 0.02851626 
297 621 7 20 0.028511273 
522 -54 18 32 0.0284956 
566 284 8 25 0.028477674 
865 818 4 12 0.02847303 
849 517 7 21 0.02847196 
515 628 8 28 0.028467812 
120 493 11 22 0.028466754 
204 142 10 27 0.028444322 
999 477 9 24 0.028443474 
422 -11 13 30 0.02843482 
320 234 9 22 0.028434217 
515 668 8 27 0.028423486 
130 266 11 35 0.028418293 
377 738 5 17 0.028396828 
399 453 9 21 0.028396586 
897 33 9 24 0.028392691 
683 530 8 26 0.028390758 
436 -12 12 31 0.028384924 
997 644 9 28 0.028382644 
152 157 10 26 0.028376212 
921 476 12 27 0.028373461 
250 703 6 16 0.028364783 
707 465 9 23 0.02836184 
80 332 9 27 0.028355736 
27 320 9 25 0.028344516 
641 631 7 23 0.028315885 
131 660 7 21 0.02830337 
693 467 8 21 0.028293813 
403 327 6 19 0.028283227 
533 737 5 20 0.028278474 
877 815 5 15 0.028264357 
296 492 10 24 0.028259678 
232 450 9 24 0.028259294 
876 826 5 15 0.028253464 
353 111 69 110 0.02824384 
385 642 10 29 0.028237287 
549 373 13 34 0.028217882 
729 451 10 25 0.028215926 
351 340 6 17 0.028214542 
541 208 8 26 0.028206002 
180 79 9 27 0.028196111 
676 166 11 29 0.028189143 
140 81 13 40 0.0281842 
130 294 9 30 0.028179133 
386 452 9 22 0.02814906 
713 -54 20 32 0.028148908 
678 413 10 28 0.028143661 
965 708 8 27 0.028141703 
748 298 6 23 0.028100016 
708 386 9 24 0.028096983 
281 463 13 26 0.028096264 
963 183 8 26 0.028091982 
28 867 7 19 0.028088639 
683 517 7 23 0.02807004 
921 427 11 25 0.028068738 
132 669 7 23 0.028064454 
351 517 7 22 0.028064035 
327 802 4 16 0.028058257 
183 430 6 17 0.02805507 
962 760 9 25 0.028054643 
169 377 7 18 0.028046178 
968 213 12 36 0.028038934 
701 -54 19 31 0.028032767 
876 144 9 24 0.028022049 
420 397 11 27 0.028008787 
874 565 8 23 0.027999923 
472 544 12 39 0.02799421 
978 773 9 29 0.027991273 
818 412 11 30 0.02794485 
515 515 7 25 0.027932353 
170 442 7 17 0.027904766 
66 440 9 21 0.02790364 
311 732 7 28 0.027899267 
309 552 8 25 0.02787799 
911 362 10 26 0.02786525 
503 707 7 26 0.02785652 
958 -45 16 39 0.027848346 
147 683 6 23 0.027844358 
985 605 9 24 0.027827164 
202 -54 19 21 0.027815178 
885 802 6 17 0.027798718 
282 609 8 21 0.027795354 
590 283 9 26 0.02778243 
850 443 6 18 0.027771976 
283 130 12 28 0.027771913 
398 439 10 24 0.027765865 
967 269 7 24 0.02771921 
639 641 11 29 0.027712401 
926 762 7 20 0.027711572 
51 -12 14 32 0.027710617 
180 785 8 25 0.027692147 
667 227 9 31 0.027689619 
130 620 8 22 0.027679514 
385 464 10 23 0.027677827 
577 283 11 30 0.027665442 
38 -12 13 31 0.027664876 
132 593 8 23 0.027664384 
180 65 10 27 0.027661959 
155 475 9 27 0.027644617 
989 738 9 22 0.027635826 
918 148 14 39 0.027628126 
38 79 72 99 0.027621862 
631 557 11 35 0.027620055 
152 427 10 23 0.027613733 
383 96 13 39 0.027611986 
81 374 8 26 0.027611036 
485 616 11 26 0.027610634 
849 427 7 22 0.027601482 
155 120 8 21 0.027597258 
471 28 12 29 0.027579375 
640 119 12 27 0.027568921 
512 550 10 32 0.027565055 
681 324 6 21 0.027553298 
268 127 12 31 0.027542556 
411 439 10 23 0.02754076 
269 -10 14 29 0.027527513 
53 476 10 24 0.027513642 
336 541 8 24 0.027513567 
975 285 7 23 0.02750628 
577 13 11 30 0.027503967 
155 355 7 18 0.02749821 
451 233 11 33 0.027486634 
41 236 9 23 0.027484046 
176 -53 19 21 0.027460208 
304 150 18 39 0.0274601 
388 712 7 17 0.027459946 
719 526 10 31 0.02745946 
945 -45 17 39 0.027441822 
471 408 13 35 0.02741352 
257 439 9 22 0.02739669 
410 507 73 87 0.02739573 
986 180 8 24 0.0273943 
705 548 10 34 0.027392449 
280 180 14 34 0.027378391 
849 737 6 17 0.027376667 
298 738 7 21 0.02735653 
832 76 10 32 0.027338443 
39 280 12 32 0.027331244 
875 416 7 20 0.027321214 
861 414 7 23 0.027297866 
864 806 4 12 0.027293885 
218 464 10 24 0.027286751 
1017 878 6 18 0.02728485 
835 849 7 22 0.027276564 
923 -27 11 30 0.02724546 
1016 473 10 28 0.027216358 
834 441 9 20 0.0272142 
476 122 9 23 0.027207762 
898 461 9 27 0.027204122 
991 868 5 14 0.02719837 
837 883 5 12 0.027197925 
681 314 6 18 0.027196012 
707 455 9 19 0.027191142 
873 585 7 19 0.027183617 
327 817 4 14 0.027172718 
986 578 10 26 0.027138656 
658 434 11 31 0.027125444 
336 401 8 23 0.027114073 
185 380 6 18 0.02711321 
989 301 6 22 0.027101057 
578 30 10 26 0.027099071 
18 157 10 31 0.027098892 
157 489 8 22 0.027072519 
323 442 7 16 0.027065836 
847 133 7 21 0.027065378 
799 35 9 21 0.027061157 
488 15 10 29 0.027059954 
892 405 5 18 0.027051201 
485 129 11 29 0.027035542 
984 41 12 31 0.027035216 
349 367 7 19 0.027032783 
806 14 12 30 0.026991244 
459 164 12 36 0.026941165 
322 464 9 26 0.026935015 
115 641 10 30 0.026923558 
847 159 8 22 0.026879963 
780 525 13 29 0.026869936 
322 733 7 26 0.026857376 
316 407 5 15 0.026855055 
398 579 10 25 0.02684372 
666 474 10 30 0.02681661 
664 83 13 37 0.026812455 
486 186 12 41 0.026796583 
526 205 10 29 0.026793664 
516 581 7 22 0.026792983 
528 168 10 29 0.026777668 
301 789 5 19 0.02677747 
130 724 6 21 0.02676692 
311 569 6 19 0.026766215 
716 509 75 97 0.026762065 
448 99 11 35 0.026761234 
527 261 10 27 0.026759971 
822 337 7 26 0.02675695 
878 803 5 14 0.026745575 
426 353 6 16 0.026744287 
835 720 8 24 0.026743107 
835 465 9 25 0.026738156 
196 507 8 20 0.0267321 
439 300 7 19 0.026730895 
1015 368 11 35 0.026721753 
664 316 4 15 0.026716944 
488 473 9 28 0.026712712 
323 300 6 21 0.026698979 
155 440 10 22 0.026695797 
351 313 6 18 0.026691655 
717 731 8 26 0.026672915 
590 454 9 20 0.026670398 
975 423 9 23 0.026658159 
962 582 9 21 0.026651476 
189 -53 19 21 0.02664509 
577 416 9 20 0.026637968 
922 266 9 21 0.02662813 
517 607 7 21 0.026627665 
338 455 7 19 0.026617583 
141 13 11 32 0.026612163 
157 693 7 26 0.026587356 
144 630 8 24 0.026558181 
1016 514 11 29 0.02655534 
196 429 7 21 0.026550889 
949 440 9 20 0.026540268 
911 389 8 21 0.026529683 
910 119 10 27 0.026524246 
154 232 8 28 0.026502274 
1014 741 11 20 0.02649586 
464 349 13 46 0.026491119 
573 293 12 34 0.026469668 
271 403 7 17 0.026469646 
847 56 8 23 0.026443638 
541 411 9 26 0.026421398 
922 126 12 35 0.026388636 
883 809 9 25 0.02638187 
655 212 11 39 0.026374852 
336 596 7 20 0.026369058 
337 529 7 22 0.026361281 
426 727 7 16 0.026358163 
206 747 7 19 0.026348282 
952 345 7 29 0.026348202 
722 300 6 20 0.026332159 
1014 279 10 33 0.02630141 
986 156 10 27 0.026300818 
313 625 6 18 0.026277656 
491 695 7 23 0.026277287 
385 532 8 20 0.02625579 
979 871 6 14 0.02622676 
401 725 7 18 0.026220862 
937 33 11 21 0.02621234 
753 138 15 44 0.026210962 
703 690 13 29 0.026205778 
922 824 8 20 0.026187945 
682 54 9 26 0.026186803 
351 329 6 17 0.026172852 
860 -23 9 26 0.026168773 
644 587 8 29 0.02614919 
885 706 9 21 0.026135877 
337 516 7 22 0.026134213 
20 260 7 21 0.026128378 
645 605 7 23 0.026127765 
170 389 7 19 0.026116405 
311 239 9 20 0.026080338 
706 478 8 23 0.026068017 
861 373 7 27 0.026065769 
186 854 6 13 0.026052155 
642 621 7 21 0.026000632 
896 16 10 25 0.025983859 
551 479 9 20 0.025973795 
965 360 8 28 0.025962837 
263 648 5 15 0.02595204 
235 677 6 15 0.025941838 
670 607 6 19 0.025937827 
654 524 9 31 0.025930986 
608 299 6 22 0.025918517 
1017 116 9 28 0.02591209 
719 477 9 25 0.025910897 
990 352 7 24 0.025896056 
127 13 12 32 0.025895797 
489 667 9 28 0.025880923 
183 693 7 25 0.025866903 
68 413 9 20 0.025855385 
862 428 6 21 0.025853839 
693 428 9 21 0.025844462 
734 33 9 22 0.025837032 
656 173 11 33 0.02583266 
529 596 6 20 0.025825052 
38 342 12 36 0.025818935 
131 605 9 24 0.025796983 
351 683 6 21 0.025784839 
529 441 7 21 0.025775995 
565 293 12 36 0.02577217 
910 -26 11 29 0.02575502 
387 631 8 22 0.025745533 
205 893 9 20 0.025740497 
28 236 10 25 0.025734952 
768 33 13 25 0.02573028 
847 145 7 22 0.025714787 
501 105 9 25 0.025711002 
574 61 15 39 0.025699465 
427 275 6 19 0.02569761 
976 157 9 24 0.025692768 
260 659 8 18 0.025685348 
897 -25 12 28 0.02567531 
529 142 9 26 0.025662718 
323 454 8 20 0.025662128 
37 414 10 21 0.025651554 
324 567 7 21 0.025607519 
834 453 9 22 0.025594922 
472 622 13 31 0.025587613 
424 452 10 22 0.025582433 
473 376 14 44 0.025578978 
948 452 10 22 0.025565734 
497 180 11 32 0.025563415 
109 861 17 45 0.025558718 
910 403 8 20 0.025550893 
847 -23 10 27 0.025550345 
327 841 4 15 0.025543272 
1000 605 8 25 0.02554123 
503 594 7 21 0.025536904 
288 430 8 17 0.025505248 
338 313 5 17 0.02549949 
616 427 8 22 0.025486715 
551 655 13 40 0.025484823 
155 634 8 22 0.025466219 
452 300 7 20 0.025453614 
399 464 9 23 0.025443925 
1013 423 11 29 0.025443226 
99 645 14 39 0.02544317 
171 354 6 20 0.025441255 
502 617 8 26 0.025433559 
830 628 16 38 0.025398256 
414 727 8 17 0.025382904 
963 773 10 31 0.025374541 
708 442 8 18 0.025374437 
244 450 11 24 0.025358543 
911 33 10 24 0.025344143 
336 389 7 20 0.025327127 
152 193 10 30 0.025325427 
142 211 10 35 0.02531413 
852 767 5 14 0.02530232 
195 170 8 22 0.025294451 
100 588 13 33 0.025282385 
537 652 12 43 0.025276553 
925 85 12 35 0.025271574 
332 257 10 27 0.025265684 
908 265 14 26 0.025251621 
923 32 11 24 0.025245516 
171 430 7 17 0.025242321 
860 256 12 32 0.025233487 
361 673 7 22 0.025230743 
495 200 13 38 0.025229968 
103 371 11 30 0.02521788 
25 -14 13 34 0.025189508 
362 159 9 30 0.0251895 
93 312 8 22 0.025182612 
868 231 11 31 0.025168046 
420 11 15 34 0.025158556 
490 681 8 27 0.025157163 
65 490 10 24 0.025151515 
82 366 6 20 0.025144229 
587 156 16 43 0.025127325 
272 430 8 18 0.025106205 
432 114 13 33 0.025104806 
542 737 5 20 0.025089694 
754 45 16 25 0.025082849 
694 607 10 29 0.025081132 
561 396 10 30 0.025077451 
208 531 8 22 0.025074428 
385 29 12 27 0.025068372 
652 15 11 30 0.0250659 
932 -44 17 38 0.02505692 
156 618 7 22 0.025033353 
410 -28 13 32 0.025016997 
517 594 7 21 0.025000788 
435 95 12 38 0.024982253 
593 496 10 18 0.024960747 
489 108 8 22 0.024953531 
488 -24 11 27 0.024951743 
491 709 7 23 0.024946157 
208 583 9 24 0.024943588 
604 497 11 19 0.024927346 
364 299 7 21 0.02492589 
962 156 8 24 0.024921266 
887 125 7 20 0.024918439 
184 745 7 23 0.024912486 
530 719 8 26 0.024908476 
667 540 8 26 0.024899365 
861 851 6 18 0.024898468 
934 439 11 23 0.024895893 
68 811 7 20 0.024885094 
500 86 10 33 0.024884274 
412 453 9 22 0.024879288 
205 270 9 29 0.024871537 
861 223 8 23 0.024861697 
834 -23 10 26 0.024848912 
-24 799 315 265 0.024847109 
378 713 4 14 0.024838747 
290 776 5 17 0.024811484 
963 592 10 24 0.02479867 
668 565 8 25 0.024790367 
205 4 84 80 0.02478805 
1016 68 10 27 0.02478611 
734 312 6 21 0.02477104 
655 642 9 26 0.024771025 
1017 299 7 24 0.024769936 
222 686 6 19 0.024754712 
117 528 11 27 0.024723146 
433 -45 17 40 0.024703998 
709 97 11 34 0.024694014 
140 444 13 33 0.024689972 
-73 352 709 1097 0.024688095 
336 566 7 23 0.024683136 
971 -44 16 38 0.024680812 
252 119 17 40 0.02467893 
375 43 11 24 0.024669066 
679 90 10 30 0.024659336 
999 156 8 25 0.024658868 
15 643 8 30 0.024658097 
652 552 10 31 0.02465133 
336 620 7 20 0.024649551 
65 306 12 30 0.02464764 
257 -10 13 28 0.024637552 
118 439 9 24 0.024633875 
719 546 12 37 0.024619536 
696 752 5 15 0.024609203 
554 834 5 12 0.024597967 
908 173 13 35 0.024596196 
872 -23 10 27 0.024580758 
35 191 13 35 0.02457597 
833 397 10 27 0.024563262 
901 349 7 26 0.024548247 
999 632 8 23 0.024537874 
184 842 6 14 0.024516666 
475 639 9 27 0.024513073 
101 154 11 31 0.02450669 
385 0 84 101 0.024505824 
98 573 13 32 0.02450229 
693 454 9 20 0.024495693 
717 143 11 28 0.024491882 
445 -45 18 40 0.024489291 
910 15 11 26 0.024484903 
528 631 7 26 0.024483941 
114 130 11 27 0.024480466 
374 337 7 22 0.024465261 
1003 869 5 14 0.024461254 
1005 300 6 21 0.024447598 
496 358 13 36 0.024428148 
769 659 8 21 0.024398966 
244 -8 12 25 0.024394622 
307 474 10 26 0.024388837 
875 430 6 18 0.024386363 
1018 866 6 18 0.024384849 
196 494 7 18 0.024357237 
363 351 7 19 0.024348265 
501 121 8 22 0.02434269 
1001 465 9 23 0.024335206 
999 435 10 27 0.024332954 
451 348 9 25 0.024332624 
1000 -22 10 24 0.02433254 
171 694 7 24 0.024327016 
390 341 7 19 0.02432545 
809 306 7 34 0.024315279 
204 253 10 29 0.024303744 
487 86 10 32 0.024299683 
947 551 11 28 0.02429752 
694 722 7 22 0.024289696 
492 720 7 24 0.024287509 
465 314 7 19 0.024285927 
231 -27 12 30 0.024285426 
183 158 8 21 0.024284404 
920 491 14 27 0.024283 
433 192 13 30 0.02428257 
104 401 10 25 0.024280095 
865 737 6 18 0.024277061 
968 128 13 30 0.024267595 
398 425 10 25 0.024262322 
925 787 7 19 0.024260616 
561 664 14 46 0.024255367 
185 401 6 21 0.024250567 
386 540 8 25 0.024236435 
385 -26 12 29 0.024236394 
643 247 8 23 0.024224587 
245 495 12 21 0.024224322 
118 512 13 28 0.02422005 
349 391 8 19 0.024213772 
403 737 6 18 0.024204949 
286 709 8 20 0.024197182 
874 191 9 31 0.024195887 
900 123 8 21 0.024152309 
693 688 12 28 0.024140997 
998 84 12 34 0.024129609 
38 477 11 26 0.024129452 
967 883 6 12 0.024113087 
878 792 5 15 0.0240956 
322 -24 10 28 0.024088113 
848 119 7 23 0.024072133 
64 735 10 22 0.0240605 
793 568 11 26 0.024053978 
655 632 8 21 0.024047265 
318 382 5 16 0.024039688 
371 851 8 20 0.024035553 
359 147 31 92 0.024030965 
336 302 6 19 0.024030317 
302 722 5 18 0.024017854 
244 -27 12 31 0.024016771 
272 418 7 15 0.023992533 
472 582 12 25 0.023968125 
197 619 9 26 0.023955273 
363 44 8 22 0.023928639 
363 67 10 27 0.02392292 
154 147 8 21 0.023917729 
423 386 9 23 0.02391552 
222 390 7 19 0.023896735 
223 506 9 23 0.023877908 
442 639 15 30 0.023872634 
420 -45 17 39 0.02385721 
349 451 7 23 0.023851344 
552 540 9 28 0.023849377 
374 127 10 32 0.023843184 
334 75 10 30 0.023841366 
360 365 7 19 0.023817696 
359 -23 12 27 0.023803724 
312 841 4 15 0.023789594 
809 720 7 26 0.023776 
989 755 11 20 0.023775822 
887 582 8 22 0.02377529 
617 455 9 19 0.023767004 
721 47 7 22 0.023766259 
48 -45 18 40 0.02374161 
885 -24 11 27 0.023733296 
601 884 12 28 0.023725811 
530 428 7 22 0.023713294 
92 284 9 25 0.023696685 
321 112 9 19 0.023691509 
453 284 8 23 0.023687145 
937 153 11 34 0.023665464 
337 647 6 19 0.023665454 
696 816 5 13 0.0236587 
100 42 16 32 0.023656035 
195 32 9 22 0.023645408 
23 438 13 43 0.023639172 
972 141 11 29 0.023628995 
479 322 9 28 0.023625726 
347 54 9 27 0.023623813 
541 747 7 24 0.023623675 
437 493 12 24 0.023605892 
350 528 7 23 0.023595322 
961 604 11 27 0.02358545 
427 364 7 20 0.023579951 
439 724 7 19 0.023574013 
273 453 9 20 0.023560634 
529 250 8 22 0.023557194 
656 245 7 24 0.023555152 
976 639 10 29 0.023545187 
397 -27 13 30 0.023543084 
870 605 11 27 0.023537904 
473 666 10 28 0.023537016 
768 -27 13 32 0.023532376 
696 603 38 98 0.023521507 
717 588 11 29 0.02348723 
963 414 11 26 0.023470199 
921 14 13 28 0.023463778 
366 625 5 15 0.023459239 
205 30 12 27 0.023453144 
1017 489 9 27 0.023441298 
617 292 7 17 0.02342948 
-19 601 180 354 0.023425044 
218 -27 13 30 0.023424536 
683 549 9 31 0.023423065 
319 190 12 31 0.023403166 
754 -27 14 32 0.023394788 
154 874 9 24 0.023392648 
731 491 11 25 0.023389433 
196 555 7 22 0.023379562 
448 31 13 32 0.023362666 
132 646 7 21 0.023346607 
680 338 7 21 0.023343915 
219 478 10 24 0.02334153 
849 519 144 183 0.023330854 
815 141 14 33 0.023320753 
794 397 13 26 0.023311948 
326 787 6 21 0.023308739 
38 435 12 30 0.023307508 
363 131 8 25 0.023297999 
936 415 10 21 0.023294784 
248 161 9 23 0.023280742 
538 85 11 36 0.023278119 
75 -44 17 39 0.023275495 
730 576 14 34 0.023264144 
865 883 5 12 0.023256652 
458 -45 18 39 0.023244383 
544 775 5 19 0.023239683 
87 -44 18 39 0.023212345 
732 73 11 34 0.023211943 
183 172 8 21 0.023211721 
474 683 9 25 0.023203917 
946 579 13 28 0.023192853 
466 718 6 26 0.023192074 
513 215 11 31 0.023184622 
255 717 9 31 0.023169318 
526 665 10 32 0.02316839 
396 641 15 34 0.02316348 
836 145 8 22 0.023155814 
819 475 10 27 0.023155198 
284 644 7 19 0.023152452 
144 733 7 24 0.023150967 
837 866 5 15 0.023136076 
552 114 11 31 0.023130398 
588 127 13 37 0.023128992 
39 71 12 35 0.023126857 
209 516 8 22 0.023123804 
977 736 7 22 0.023123788 
501 -24 11 28 0.02312238 
18 879 11 35 0.023114813 
759 667 8 22 0.023109714 
663 186 11 35 0.02309449 
364 538 8 26 0.023061773 
104 493 10 22 0.023037082 
99 -45 19 39 0.02303587 
424 413 8 25 0.02302572 
413 180 31 81 0.023022598 
528 221 8 26 0.02297799 
62 -45 17 40 0.022974554 
638 396 14 28 0.022970436 
61 -50 91 113 0.022969577 
633 288 6 21 0.022944605 
307 12 11 30 0.022938346 
405 342 5 18 0.022931129 
296 474 10 24 0.022913797 
126 475 12 30 0.02291228 
352 647 6 18 0.022909984 
694 415 8 21 0.022907332 
196 480 7 19 0.022903724 
586 -45 18 39 0.022903452 
115 606 10 27 0.02288963 
207 480 8 20 0.022879733 
373 -24 11 27 0.02285861 
318 140 14 33 0.022825891 
273 442 8 18 0.022821458 
117 29 12 28 0.022817953 
835 288 8 23 0.022801155 
986 526 12 41 0.02279932 
379 597 6 18 0.022792535 
682 564 8 26 0.022788413 
335 696 8 22 0.022771494 
350 288 8 19 0.022758666 
410 464 12 25 0.022754893 
1001 172 6 21 0.022753116 
1018 173 7 20 0.022741104 
398 866 11 27 0.022736399 
155 339 8 26 0.02273521 
52 581 10 24 0.022731615 
682 465 8 25 0.022730889 
337 633 7 20 0.022729514 
884 88 10 33 0.022729317 
501 272 9 25 0.022725053 
948 124 15 39 0.0227171 
209 568 7 19 0.022714935 
18 218 9 28 0.022714684 
995 531 12 36 0.022713885 
438 440 9 21 0.022701867 
803 -44 18 38 0.022693546 
703 603 12 33 0.02268493 
309 277 7 21 0.022673441 
579 507 11 22 0.022671122 
323 431 7 16 0.022662444 
104 451 10 23 0.022660501 
694 804 6 13 0.022657292 
1000 133 8 24 0.022643821 
197 572 6 16 0.02263626 
1016 848 9 23 0.022635074 
573 -45 18 39 0.022624398 
826 883 5 13 0.0226234 
599 -45 18 39 0.02262311 
682 580 7 21 0.022607263 
374 450 9 24 0.022605978 
38 220 9 25 0.022598334 
386 518 8 22 0.022595469 
935 16 13 28 0.022595366 
188 212 6 17 0.022586185 
599 11 14 34 0.022583231 
606 351 7 23 0.022554245 
462 217 11 35 0.022552267 
911 490 12 26 0.022543024 
378 607 6 19 0.022538783 
116 157 9 24 0.022523941 
946 461 13 28 0.022514997 
794 85 12 35 0.022493888 
627 12 13 30 0.022491392 
219 128 14 33 0.022470132 
312 115 8 17 0.022468833 
471 457 12 34 0.0224396 
439 274 7 20 0.022434311 
778 -44 18 38 0.02241187 
323 583 7 20 0.022410769 
809 645 9 23 0.022409713 
834 427 9 23 0.022407332 
555 224 7 22 0.022403259 
377 698 6 16 0.022399543 
333 227 11 28 0.022390699 
116 575 10 28 0.022380011 
847 539 9 26 0.022379283 
103 462 13 27 0.022346582 
818 435 10 27 0.02234399 
366 724 4 14 0.022329995 
302 650 7 17 0.022324026 
336 581 7 21 0.022313062 
473 182 12 43 0.022297088 
1018 632 8 24 0.022283537 
611 -45 19 39 0.022282999 
744 633 7 18 0.022280296 
172 134 7 18 0.02227073 
308 27 11 30 0.022259256 
15 200 11 34 0.022239836 
280 14 13 28 0.022239188 
847 183 7 22 0.02223809 
987 -24 11 27 0.022225132 
455 431 9 20 0.022199012 
411 577 12 29 0.022186866 
372 654 9 25 0.022180257 
693 561 9 29 0.02217797 
604 454 9 20 0.022176767 
422 463 13 27 0.022168139 
679 449 10 27 0.022167148 
1004 284 7 25 0.022157155 
254 -44 17 38 0.022150524 
936 772 9 27 0.022138989 
269 657 9 21 0.022137761 
272 380 7 16 0.022111846 
19 237 8 21 0.022107542 
359 392 12 27 0.022106031 
995 780 13 29 0.022101471 
987 561 9 28 0.022097565 
886 453 7 22 0.022071995 
300 635 7 18 0.022060439 
234 709 7 18 0.022045929 
218 30 13 25 0.022040147 
448 475 12 28 0.022020068 
695 737 6 17 0.022012917 
889 604 42 85 0.022005027 
653 85 12 35 0.02199297 
438 736 7 19 0.021986045 
348 -23 10 27 0.021983692 
694 703 9 27 0.021977816 
528 566 7 23 0.021971572 
1012 668 13 31 0.02197096 
350 353 6 17 0.021968583 
473 71 12 37 0.021963635 
543 626 9 30 0.021962928 
361 29 9 25 0.021952307 
171 297 6 27 0.021950426 
456 706 5 23 0.021933835 
260 104 79 110 0.02190928 
864 793 4 13 0.02189989 
266 -44 18 38 0.02189412 
566 479 8 20 0.021883227 
22 -44 18 39 0.02187987 
549 621 13 37 0.021871697 
185 366 5 18 0.021868726 
960 475 11 28 0.021853643 
742 -26 14 31 0.021849224 
24 14 14 31 0.021842418 
780 32 12 26 0.021837225 
422 493 12 25 0.021833079 
532 765 5 17 0.021829687 
116 12 13 31 0.021824041 
375 100 12 32 0.021821108 
235 494 10 20 0.021819081 
352 440 7 19 0.021818917 
476 109 8 22 0.021814078 
91 493 11 23 0.021812405 
398 706 10 23 0.021796739 
270 579 10 25 0.021787066 
362 465 8 23 0.021767093 
406 447 71 98 0.021754459 
896 86 11 36 0.021751508 
173 619 7 20 0.02174962 
387 494 7 19 0.02173912 
294 14 12 27 0.021738024 
841 674 14 36 0.021734325 
37 30 16 29 0.02173251 
614 495 10 22 0.021727407 
1018 185 8 22 0.021724917 
947 566 11 27 0.021713449 
27 215 11 31 0.02170998 
575 662 12 36 0.021703823 
350 149 7 21 0.021690335 
57 163 6 15 0.021688702 
833 584 13 28 0.021688642 
274 739 5 18 0.021681808 
524 96 11 36 0.02167815 
537 370 14 39 0.021669582 
307 76 10 30 0.021655379 
681 233 8 25 0.021648616 
334 244 9 25 0.021634895 
693 792 6 12 0.02162907 
732 -48 95 107 0.021626944 
299 571 6 18 0.021626301 
530 237 7 21 0.021623915 
844 584 10 22 0.021618998 
573 685 13 40 0.021614496 
544 874 16 27 0.02160762 
618 400 10 22 0.02160268 
3 29 9 29 0.021599114 
222 708 7 18 0.021573218 
652 472 12 35 0.021567969 
1006 352 5 16 0.021557322 
916 789 6 17 0.021546524 
265 637 5 15 0.021528056 
793 120 13 27 0.021527302 
1017 196 10 26 0.02152485 
43 583 8 21 0.02152112 
629 453 10 21 0.021515293 
1008 328 4 15 0.02150774 
984 -45 17 37 0.021507706 
50 592 13 29 0.021504516 
606 311 8 22 0.021491403 
147 695 7 26 0.021490412 
863 893 5 15 0.021489505 
301 422 6 14 0.02146211 
222 494 9 21 0.021453064 
289 790 5 14 0.021443944 
112 -45 18 39 0.021441873 
354 427 7 18 0.021438742 
3 692 7 32 0.02143525 
537 295 12 36 0.021433612 
717 -26 13 30 0.021428796 
542 789 6 18 0.021422673 
114 102 12 31 0.02142064 
730 -26 13 31 0.021408092 
734 634 8 21 0.02140148 
116 291 11 34 0.021400835 
55 547 11 33 0.021398762 
387 506 7 20 0.021386644 
641 486 10 29 0.021380581 
805 98 12 34 0.021376478 
901 777 6 18 0.021374354 
708 157 9 25 0.02135534 
800 584 77 107 0.021339994 
466 686 6 20 0.021337174 
945 623 13 33 0.021328831 
836 275 7 23 0.021316845 
624 -45 18 39 0.021312976 
324 284 7 22 0.021311603 
699 828 5 14 0.021306062 
691 90 11 31 0.021294078 
336 107 8 21 0.021272572 
361 236 8 20 0.021262819 
939 322 7 29 0.021258235 
374 30 10 24 0.021242842 
882 203 11 29 0.021236526 
933 124 13 37 0.021230252 
925 336 7 25 0.021226622 
471 -45 18 39 0.021220505 
207 379 6 20 0.021217 
153 402 10 23 0.021211214 
677 360 10 28 0.02121087 
156 385 8 23 0.02120143 
933 473 13 29 0.021193724 
555 206 8 26 0.021183288 
476 218 9 32 0.021167696 
720 578 10 26 0.021160658 
499 168 10 27 0.021155361 
51 439 11 23 0.021154098 
285 569 7 22 0.02115278 
693 67 8 24 0.021151254 
401 526 10 25 0.02114443 
205 736 7 21 0.021112498 
730 476 10 26 0.021110374 
488 579 9 24 0.021108389 
680 351 7 21 0.021106446 
488 440 9 22 0.021086013 
785 772 8 24 0.02108027 
840 751 4 16 0.021067044 
529 643 8 30 0.021060666 
36 -44 18 39 0.02105796 
670 682 8 23 0.021051424 
683 245 7 24 0.021026976 
552 181 11 31 0.021017922 
78 492 10 23 0.02101595 
678 178 11 30 0.02100712 
54 810 7 21 0.021004522 
88 598 14 37 0.02100421 
907 -44 17 37 0.021003544 
362 851 7 18 0.021000842 
257 453 10 21 0.020999406 
591 417 8 18 0.020989034 
963 734 8 23 0.020988334 
103 345 10 28 0.020987093 
665 380 12 36 0.020982683 
304 -43 18 36 0.020981736 
459 581 15 28 0.02097488 
526 116 10 30 0.020966798 
397 26 14 29 0.020961022 
223 421 6 16 0.020953935 
301 802 5 18 0.020936308 
753 580 16 38 0.020921329 
681 -22 11 26 0.020916084 
267 564 11 30 0.020906536 
888 440 7 21 0.020901332 
931 546 15 38 0.020890297 
255 494 13 23 0.02088482 
809 594 10 26 0.02087894 
438 351 7 20 0.02087075 
293 28 12 28 0.02086341 
93 297 8 23 0.020858929 
125 -44 18 37 0.020858588 
925 351 8 25 0.020843694 
440 709 7 21 0.02083564 
578 129 11 34 0.020825561 
168 -23 12 27 0.020820651 
387 686 8 21 0.020817982 
453 418 8 19 0.020808905 
146 723 7 23 0.020806966 
451 683 8 24 0.020802274 
561 -45 18 39 0.020799039 
911 237 8 22 0.020778483 
28 748 8 27 0.020767575 
1002 389 8 25 0.020744605 
58 604 17 36 0.0207277 
988 273 7 22 0.020709157 
193 -25 12 28 0.020707175 
743 621 7 20 0.02069689 
655 410 10 27 0.020682981 
540 159 8 23 0.02067556 
977 301 5 20 0.020672249 
513 82 13 40 0.020666672 
852 884 5 11 0.020640802 
539 142 9 26 0.020624138 
861 595 9 22 0.02062205 
862 868 5 12 0.020621885 
848 231 10 29 0.02061488 
533 751 5 17 0.020611282 
560 845 11 25 0.020598188 
492 302 8 18 0.02059799 
385 127 11 34 0.020590533 
910 255 10 18 0.020571932 
709 584 7 20 0.02056215 
182 620 7 21 0.020556513 
1007 317 5 18 0.020548718 
172 245 7 26 0.020539252 
762 827 5 19 0.020531874 
155 710 7 23 0.020528585 
709 246 8 28 0.020519683 
335 -23 10 26 0.020516062 
130 442 12 32 0.020513242 
102 12 14 32 0.020510923 
83 351 6 20 0.020510633 
79 240 9 20 0.020507338 
267 504 14 25 0.020504504 
637 -44 18 37 0.020502135 
720 134 9 22 0.020488966 
976 565 9 25 0.020480638 
554 581 10 25 0.020477006 
206 -26 12 29 0.020467496 
817 -43 17 36 0.02043582 
639 104 12 28 0.020433573 
458 557 14 36 0.020432487 
129 105 10 27 0.020423247 
565 267 8 30 0.02042239 
386 479 8 20 0.020417664 
503 607 7 21 0.020413602 
846 89 9 29 0.020409524 
1016 657 11 28 0.020370323 
173 747 7 21 0.020362275 
493 291 6 18 0.02034744 
282 525 11 28 0.020344976 
172 735 7 21 0.020343559 
362 447 8 27 0.020337239 
694 183 9 22 0.020334706 
940 178 9 27 0.020333635 
1012 782 12 25 0.020320512 
171 148 7 18 0.020316346 
695 597 8 22 0.02030628 
415 303 6 17 0.020291181 
740 580 17 41 0.020281628 
155 321 8 31 0.02027683 
515 117 9 28 0.020255255 
960 403 11 23 0.020249855 
369 888 11 24 0.0202382 
271 285 8 25 0.020231474 
173 724 6 18 0.020221392 
333 157 10 26 0.020200405 
103 100 12 31 0.02019714 
62 238 11 23 0.020192418 
951 405 8 19 0.020180868 
809 652 13 35 0.020168457 
947 16 12 27 0.020168196 
428 846 8 23 0.020159928 
629 397 12 25 0.020141223 
940 337 7 25 0.02013828 
399 591 11 27 0.020117242 
733 417 7 22 0.020116894 
896 293 12 31 0.020115444 
655 370 12 29 0.02010009 
90 507 13 23 0.020097332 
624 126 16 35 0.020094255 
694 441 8 20 0.020091185 
866 246 14 33 0.020067904 
55 169 8 20 0.020057397 
435 461 13 31 0.020054247 
877 158 9 24 0.020053526 
93 150 9 22 0.02004631 
358 378 9 22 0.020039646 
267 13 14 30 0.020016164 
233 480 10 22 0.019990722 
179 798 8 22 0.019989004 
141 488 10 27 0.019986399 
373 296 8 26 0.01997142 
819 594 15 33 0.019966347 
180 -24 12 28 0.019938871 
1018 160 8 22 0.019935377 
258 285 8 25 0.019932644 
193 854 7 15 0.019931452 
810 615 11 26 0.01992349 
119 664 9 26 0.019922497 
911 85 11 35 0.019912012 
977 791 9 31 0.019911898 
152 215 9 32 0.019911291 
989 326 6 24 0.019899013 
767 584 13 33 0.019898904 
737 31 63 80 0.019891681 
514 429 8 21 0.019890647 
950 322 8 32 0.019877348 
157 887 53 94 0.019863823 
704 169 10 25 0.019855963 
770 295 9 31 0.019842364 
49 12 16 32 0.019832334 
66 749 10 21 0.019831264 
500 141 9 27 0.019828273 
975 18 10 24 0.019824842 
133 420 10 22 0.01982066 
335 122 8 19 0.019818172 
706 816 7 16 0.019814348 
589 465 11 24 0.019806921 
351 635 6 18 0.019805599 
294 92 11 28 0.019804846 
298 235 10 22 0.019802595 
117 169 10 26 0.0197992 
552 159 9 25 0.019796815 
208 284 7 26 0.019791646 
836 362 7 26 0.019779932 
999 577 9 29 0.019779567 
552 143 9 27 0.019767782 
447 176 13 35 0.019764787 
205 167 11 27 0.01976123 
613 606 12 29 0.019760733 
326 327 5 17 0.019750226 
437 451 11 24 0.019745499 
1007 684 16 40 0.019736646 
323 221 9 24 0.01973482 
1017 537 10 30 0.01973321 
243 479 12 24 0.01973133 
347 77 10 28 0.019728635 
741 99 81 112 0.019715976 
382 -44 17 37 0.0197022 
182 297 7 27 0.019701451 
669 670 8 23 0.019689502 
614 11 14 31 0.019669581 
29 715 9 33 0.019644555 
857 635 13 34 0.019641984 
822 274 7 26 0.019630391 
463 669 9 24 0.019615663 
29 123 8 22 0.01961182 
548 -45 18 39 0.019610694 
427 376 7 20 0.019598015 
411 479 10 24 0.019582842 
52 65 13 29 0.019580306 
487 330 10 31 0.019561436 
617 410 9 23 0.019559842 
271 464 12 25 0.019554432 
688 817 5 12 0.019530233 
173 709 6 20 0.019528672 
375 554 7 20 0.019528171 
852 831 4 14 0.019526208 
322 878 8 21 0.019524327 
138 -43 19 36 0.019518243 
212 232 14 28 0.019510401 
121 734 6 21 0.019509368 
448 214 13 39 0.019498825 
154 135 8 20 0.019495247 
894 -44 17 37 0.019493598 
303 662 6 18 0.019488757 
365 700 6 17 0.019481838 
171 400 8 21 0.01947699 
216 -65 103 95 0.019474389 
317 -43 18 35 0.01946833 
862 570 7 20 0.019466156 
484 -45 18 38 0.0194563 
736 625 7 19 0.019455018 
985 715 11 34 0.019451883 
582 497 7 17 0.019448744 
696 581 7 20 0.01944433 
793 547 12 31 0.019443924 
836 134 8 20 0.019431666 
822 378 9 21 0.019426547 
206 722 7 21 0.01942176 
390 355 6 16 0.019420939 
458 618 17 37 0.019409444 
684 596 6 19 0.019392952 
912 108 9 24 0.019391896 
650 -44 18 37 0.019382145 
376 674 7 21 0.019370874 
669 245 7 25 0.01937026 
4 49 23 85 0.01936247 
615 360 11 30 0.019352214 
964 721 7 24 0.019350994 
916 765 6 17 0.019349162 
990 339 6 22 0.019340174 
864 184 7 21 0.019336374 
632 301 7 24 0.019307183 
396 169 10 27 0.01930347 
448 13 13 33 0.019298434 
423 478 11 25 0.019296488 
209 491 8 21 0.019294508 
876 169 9 25 0.019282434 
365 738 5 15 0.019274704 
916 881 5 13 0.019270696 
780 14 13 28 0.0192701 
899 108 8 22 0.019269703 
219 182 12 26 0.019268261 
962 569 9 23 0.019261096 
78 506 12 25 0.019255504 
861 120 7 21 0.019231724 
817 549 12 34 0.019231576 
632 274 7 22 0.019220188 
731 102 11 29 0.019208703 
83 867 52 102 0.019202441 
460 446 16 42 0.019196618 
926 804 5 13 0.019193389 
535 636 31 94 0.019187119 
349 581 8 20 0.01916494 
348 541 8 23 0.019161243 
966 65 18 37 0.01915499 
609 121 20 42 0.019145716 
21 867 6 17 0.019143052 
41 883 56 105 0.019137226 
852 840 5 15 0.01913175 
750 539 22 41 0.019124003 
886 791 6 16 0.019123705 
678 120 10 25 0.019120825 
503 429 8 20 0.019112015 
530 779 5 16 0.019109527 
54 760 8 23 0.019105671 
421 199 16 41 0.019105278 
208 115 9 27 0.01909491 
555 733 7 19 0.019093955 
808 475 10 26 0.019091062 
830 -43 17 35 0.019090861 
174 633 6 21 0.019089289 
12 11 89 107 0.019085612 
270 493 12 24 0.019073622 
863 585 7 17 0.019057928 
52 827 8 21 0.019056167 
118 416 10 21 0.019054197 
333 134 9 20 0.01904379 
853 853 5 16 0.0190434 
36 13 16 31 0.019034645 
729 641 13 37 0.019028787 
939 748 7 20 0.019019905 
463 300 8 20 0.019015266 
365 711 5 15 0.019013153 
397 411 11 27 0.019009693 
435 228 12 34 0.01900671 
654 109 10 23 0.019006021 
1013 251 13 41 0.019001046 
542 585 8 19 0.018992329 
630 443 8 18 0.01898697 
555 569 8 19 0.018984456 
757 432 12 32 0.018980363 
350 136 7 17 0.018979816 
874 90 9 30 0.018978713 
52 427 10 23 0.01897841 
997 903 14 28 0.01897373 
349 567 7 21 0.018971544 
263 623 5 13 0.018970767 
1017 607 9 25 0.018967431 
917 805 5 14 0.018962191 
131 713 7 24 0.018956037 
227 207 15 26 0.018908918 
349 229 9 25 0.018904988 
933 490 13 27 0.018903032 
976 438 9 23 0.018900793 
1014 796 11 27 0.018895848 
101 859 17 37 0.018891849 
497 378 13 36 0.018890893 
638 85 13 32 0.018888604 
324 851 6 17 0.018884841 
543 570 6 18 0.018882677 
514 192 10 29 0.018868716 
923 416 11 21 0.0188674 
248 366 8 23 0.018867066 
974 476 11 29 0.01886192 
694 399 9 24 0.018858295 
141 745 9 30 0.01885346 
287 420 7 14 0.018852107 
438 402 9 22 0.018847045 
529 584 6 18 0.018829668 
998 712 14 36 0.018822001 
628 464 12 25 0.018814996 
851 262 8 24 0.018814575 
369 392 12 27 0.018805074 
592 298 7 23 0.018795112 
599 125 15 40 0.018791445 
795 14 12 29 0.01878248 
863 172 7 21 0.018781539 
232 464 10 24 0.01875997 
549 861 11 21 0.018756203 
388 657 9 25 0.0187428 
926 749 7 20 0.018739847 
204 619 9 23 0.018731866 
173 235 6 22 0.018726617 
887 528 8 27 0.01871233 
283 221 11 24 0.018711 
403 360 6 18 0.018704467 
67 828 8 21 0.018691538 
254 14 15 29 0.018690463 
463 416 10 25 0.018687652 
401 480 7 20 0.018686013 
119 270 10 28 0.018684018 
17 759 8 33 0.018663807 
844 652 11 30 0.018657729 
899 892 6 16 0.018656813 
528 413 9 24 0.018651154 
473 137 14 37 0.018644923 
572 595 16 40 0.018636143 
535 -45 18 39 0.018635852 
353 699 6 17 0.018632634 
208 674 7 20 0.018594973 
856 -42 16 34 0.018590996 
173 761 7 21 0.018587247 
1002 453 9 22 0.018586263 
975 546 11 33 0.018584056 
628 31 13 28 0.018573977 
118 475 12 26 0.01857044 
881 -43 17 35 0.018547092 
605 326 8 23 0.018546078 
170 172 9 22 0.018542219 
704 184 10 21 0.018541511 
40 864 8 17 0.018533185 
353 726 5 14 0.018531034 
506 894 6 17 0.018524054 
363 686 7 22 0.018522598 
126 868 13 32 0.0185035 
862 134 6 20 0.018494094 
437 365 7 20 0.01848455 
876 122 7 20 0.018474352 
338 443 6 16 0.018456554 
246 417 8 19 0.018437129 
697 837 7 18 0.018429793 
353 851 6 16 0.018428707 
150 -43 20 36 0.018405862 
423 40 70 107 0.018404951 
578 480 9 20 0.018395245 
716 692 11 26 0.018390452 
961 452 10 22 0.0183868 
241 14 15 29 0.018379536 
363 841 7 17 0.018378858 
364 583 6 17 0.018352449 
509 -45 19 39 0.018352183 
764 138 17 40 0.018345607 
973 30 12 26 0.018333212 
460 85 11 35 0.01832786 
720 233 9 26 0.018327098 
644 302 6 21 0.01831195 
376 583 7 18 0.018302852 
743 436 10 25 0.018290674 
924 817 6 13 0.018288242 
350 874 10 27 0.018284874 
541 245 9 27 0.018282121 
350 608 6 18 0.01828122 
931 527 15 31 0.018274877 
435 12 13 32 0.018269332 
63 588 13 32 0.018265888 
248 398 8 22 0.018263068 
349 275 8 21 0.018258836 
1001 117 9 27 0.018258372 
350 596 6 17 0.01825703 
321 90 10 28 0.018252425 
136 353 6 19 0.018252088 
741 62 17 32 0.018244745 
269 143 10 26 0.01822789 
567 128 9 30 0.018227516 
333 709 7 19 0.018223915 
353 842 5 15 0.018202342 
843 -42 17 35 0.018201074 
546 829 4 15 0.018198857 
485 595 10 23 0.018197376 
1002 197 7 24 0.018190518 
695 767 5 13 0.018170083 
55 799 7 18 0.018165795 
55 567 9 24 0.0181629 
1001 255 9 33 0.018149523 
335 723 6 18 0.018133778 
928 882 4 12 0.018127386 
666 107 10 25 0.018121565 
255 464 13 26 0.018119967 
103 505 12 23 0.018119909 
350 622 6 18 0.018112801 
949 271 8 24 0.018108955 
896 621 12 24 0.018086214 
285 660 7 18 0.01808307 
916 601 34 73 0.018082945 
645 288 6 21 0.018070854 
1017 219 10 30 0.01805567 
470 331 84 140 0.0180255 
886 776 7 19 0.018009005 
13 448 12 42 0.018004311 
220 154 12 31 0.018002748 
931 892 56 81 0.01800007 
87 11 15 34 0.017998852 
868 -43 17 35 0.017985754 
900 764 6 19 0.017979827 
173 877 7 18 0.017961044 
234 418 7 19 0.017947862 
172 416 7 20 0.017945986 
963 441 8 20 0.017936451 
496 -45 19 39 0.017936166 
116 400 12 26 0.017925855 
920 176 11 31 0.017925601 
848 723 7 20 0.017901191 
439 840 8 21 0.017900588 
557 -48 95 105 0.017898014 
662 -44 19 37 0.01788348 
834 244 9 25 0.017882524 
938 266 7 18 0.017878456 
183 710 6 18 0.017871564 
820 398 10 26 0.017855458 
2 286 8 28 0.017854238 
1013 818 12 33 0.01785005 
67 795 8 23 0.01784064 
629 492 10 24 0.017835755 
438 258 9 24 0.017830007 
438 146 9 25 0.017828578 
369 -43 18 36 0.01782786 
170 185 8 20 0.01782418 
363 287 8 21 0.017823653 
540 801 7 21 0.017811194 
853 780 4 15 0.017806021 
949 191 10 30 0.017798513 
38 460 12 29 0.017793618 
861 75 9 29 0.017779158 
931 589 17 33 0.017778052 
1017 890 6 18 0.017766448 
229 136 13 40 0.01775441 
640 375 13 25 0.017751152 
510 371 13 34 0.017737562 
676 380 12 34 0.017729888 
28 581 8 24 0.017729249 
550 341 12 38 0.017729197 
884 219 10 27 0.01772611 
1011 770 12 24 0.01771102 
325 775 6 23 0.017710846 
963 692 9 28 0.01770146 
39 129 11 27 0.017700454 
243 464 13 26 0.01769931 
282 206 10 24 0.01768277 
182 827 6 16 0.017679458 
960 18 11 25 0.017669905 
719 117 10 24 0.017664297 
998 841 10 30 0.01764492 
960 33 14 23 0.017641332 
398 624 13 31 0.01763003 
331 -42 17 34 0.017628774 
376 570 7 18 0.017623184 
24 80 13 43 0.01762117 
961 677 10 28 0.017614618 
220 550 11 28 0.01760722 
835 891 6 15 0.017588332 
603 506 14 22 0.017577475 
262 611 6 14 0.017572386 
832 701 11 30 0.0175695 
103 129 12 28 0.017559772 
630 608 8 24 0.017553218 
348 554 8 22 0.01754779 
963 224 11 34 0.017540213 
1003 360 8 26 0.017537724 
360 105 9 26 0.017533075 
835 572 9 23 0.01753135 
604 338 8 22 0.017526496 
336 736 7 20 0.01752029 
669 619 7 21 0.017514577 
798 153 11 29 0.017514555 
155 724 7 20 0.017506596 
348 104 9 26 0.017503899 
978 752 8 18 0.017500756 
615 465 11 24 0.017490175 
682 692 9 26 0.01748401 
802 386 14 25 0.017481066 
695 172 8 22 0.017472193 
104 293 10 30 0.017470216 
408 623 15 32 0.017470015 
793 477 12 27 0.0174644 
537 340 13 42 0.01744775 
529 856 6 14 0.017431602 
87 24 74 100 0.017414313 
247 622 5 13 0.01740552 
68 762 11 22 0.017393863 
258 212 15 37 0.017390111 
783 295 8 31 0.0173896 
707 793 314 267 0.01738577 
282 168 11 27 0.017382765 
645 520 139 195 0.017378645 
384 401 12 26 0.0173738 
171 159 7 19 0.017369062 
919 24 67 87 0.017368939 
862 161 7 19 0.017365513 
685 738 6 17 0.017357891 
847 554 9 24 0.017351119 
402 182 8 24 0.017343998 
339 380 6 17 0.017340204 
888 873 5 10 0.017299397 
67 839 9 23 0.017288564 
513 345 11 29 0.017283306 
157 -62 36 58 0.01728078 
37 875 11 24 0.01727742 
489 427 8 23 0.017257936 
645 316 6 19 0.01725554 
901 790 6 17 0.017223429 
450 447 12 31 0.017217174 
4 757 35 113 0.01721326 
706 229 11 26 0.01721281 
284 153 11 28 0.017211746 
207 183 12 25 0.017209793 
612 54 55 92 0.017203439 
195 786 7 22 0.017201576 
800 323 7 32 0.017187636 
835 208 8 24 0.017165717 
311 851 6 22 0.017163446 
836 119 8 23 0.017151982 
884 175 12 33 0.017141888 
694 234 9 21 0.017137334 
695 362 8 24 0.017137099 
688 805 5 11 0.01713666 
53 196 10 23 0.017129151 
834 554 10 27 0.017127495 
343 -42 18 34 0.01710898 
684 607 8 23 0.017107505 
767 435 11 28 0.017102703 
732 117 11 28 0.017095124 
1001 371 9 31 0.017089728 
4 13 28 77 0.01707924 
565 715 9 30 0.017071486 
874 839 7 18 0.017065493 
901 202 9 29 0.017064847 
198 300 6 23 0.017056419 
767 408 12 35 0.017052054 
744 139 13 36 0.017036548 
419 625 16 34 0.017018126 
819 215 10 31 0.017013013 
950 34 11 22 0.01700116 
526 79 112 195 0.017000986 
648 331 5 16 0.016999958 
53 178 11 27 0.016993394 
199 720 7 20 0.016992174 
676 -44 18 37 0.016990589 
339 328 5 17 0.016950903 
143 872 11 28 0.016949639 
810 584 10 22 0.016939186 
182 815 6 16 0.016936747 
388 387 9 21 0.016929954 
719 168 9 24 0.016925303 
423 176 9 19 0.016898103 
118 693 10 30 0.016879253 
809 214 10 32 0.016871715 
41 375 10 23 0.016867079 
219 579 10 26 0.016865892 
862 147 7 20 0.016864391 
920 368 14 36 0.016861618 
-2 375 74 132 0.01684902 
808 566 11 26 0.016843902 
516 749 6 21 0.016837714 
446 556 15 38 0.01681405 
364 570 7 17 0.016811509 
1000 219 8 29 0.016797394 
720 209 11 25 0.016788427 
846 702 11 27 0.016784154 
966 888 8 17 0.016770938 
1018 146 8 24 0.016758205 
131 681 9 28 0.016757041 
852 869 5 12 0.016747985 
915 823 8 22 0.016745206 
981 764 8 19 0.016742826 
540 114 10 30 0.016742332 
987 464 11 27 0.016739538 
962 628 11 28 0.01672177 
515 142 9 27 0.016711589 
222 676 6 17 0.016708542 
209 554 9 25 0.016699113 
356 -42 18 34 0.016680494 
886 607 10 25 0.016677236 
1001 184 7 21 0.016668854 
808 258 8 31 0.016668089 
273 751 5 17 0.016642971 
838 831 5 18 0.01661982 
69 163 7 14 0.016617263 
232 182 12 26 0.01661282 
131 743 8 29 0.016592138 
40 405 9 21 0.016582329 
730 179 12 29 0.016554752 
524 293 16 39 0.0165478 
684 721 7 21 0.016541583 
864 197 6 19 0.016540902 
116 347 11 28 0.016489001 
373 353 8 20 0.016459776 
109 729 6 15 0.01645329 
232 170 10 24 0.016450243 
353 737 5 17 0.016440071 
313 263 6 18 0.016439924 
61 10 17 33 0.016427854 
989 220 9 27 0.016411552 
446 592 20 38 0.016403802 
425 853 10 31 0.016397348 
438 416 9 22 0.016385892 
720 634 10 26 0.016377026 
644 44 64 110 0.016375644 
116 182 10 26 0.016369816 
373 -64 104 97 0.016362416 
438 46 13 28 0.016349679 
364 554 7 20 0.016348086 
438 83 11 33 0.016342634 
727 210 11 23 0.016322456 
899 751 7 19 0.016312988 
590 326 8 24 0.016310617 
720 623 8 22 0.01630348 
42 761 8 24 0.016301531 
156 773 8 22 0.016275736 
237 622 5 13 0.016271858 
963 643 9 24 0.016268453 
520 856 4 15 0.016264502 
136 368 6 14 0.016261205 
128 459 12 31 0.016255273 
90 236 9 21 0.01625104 
978 814 8 24 0.016237827 
525 372 14 35 0.016231796 
728 232 10 27 0.016226871 
746 312 7 22 0.016217452 
518 881 6 14 0.01621081 
732 600 11 30 0.016209494 
518 285 11 22 0.016200872 
333 183 10 26 0.016198473 
208 773 6 19 0.01619613 
950 299 8 25 0.016193079 
820 451 10 24 0.016191443 
556 269 8 25 0.016189689 
732 402 9 24 0.016180577 
202 -44 19 37 0.016162438 
42 102 10 28 0.01615485 
2 324 7 28 0.016147453 
221 529 13 25 0.016146803 
255 62 71 90 0.016141895 
903 882 4 12 0.016140213 
389 671 8 21 0.016133688 
155 864 7 19 0.016131677 
21 857 5 13 0.016131522 
-28 -18 694 577 0.01613145 
172 311 6 26 0.016124412 
374 238 8 21 0.016113961 
364 610 5 16 0.016101431 
126 26 80 102 0.016098894 
781 476 12 27 0.016095292 
116 362 10 23 0.016081259 
4 507 7 25 0.016076598 
454 736 6 21 0.016068062 
340 341 5 16 0.016061578 
180 499 136 187 0.01605879 
961 547 11 32 0.016049692 
269 671 9 20 0.01604418 
702 216 15 28 0.01603008 
754 493 15 24 0.016022695 
296 225 9 19 0.016020533 
766 476 14 27 0.016001118 
397 143 10 26 0.015969558 
924 836 8 20 0.01596557 
575 246 13 41 0.015964147 
774 634 6 16 0.015958514 
966 284 6 23 0.015956352 
452 256 9 27 0.015935827 
615 29 13 27 0.015934646 
762 839 6 20 0.015934646 
240 106 29 76 0.015930234 
74 10 16 33 0.015929839 
848 197 6 20 0.01591952 
901 558 38 71 0.015919399 
990 664 10 32 0.015916336 
181 -63 35 59 0.015916172 
115 852 11 22 0.015906332 
680 205 10 25 0.015888667 
1017 593 9 25 0.015881734 
835 100 9 29 0.015866628 
510 392 13 34 0.015862823 
820 121 10 23 0.01586024 
975 313 8 24 0.015851622 
53 225 10 23 0.015842833 
437 378 7 18 0.015840128 
702 628 14 37 0.015831908 
337 415 8 20 0.015827108 
784 661 10 30 0.015824331 
181 631 8 22 0.015814027 
461 470 12 32 0.015810532 
985 688 14 40 0.015810033 
948 652 11 29 0.015804071 
913 870 6 13 0.015803412 
643 230 10 30 0.015803225 
602 465 11 24 0.015798485 
78 600 13 34 0.015790222 
530 801 5 16 0.015773674 
821 570 9 24 0.015765283 
408 601 14 34 0.015743086 
718 604 10 29 0.01574217 
785 273 7 24 0.015735006 
878 699 9 21 0.015729409 
848 573 8 20 0.01572775 
922 404 11 22 0.015716672 
627 152 12 30 0.01570225 
62 876 15 27 0.015701955 
235 378 7 21 0.015701836 
686 751 5 16 0.015697503 
2 260 8 25 0.015696155 
618 179 10 25 0.015695116 
581 883 7 14 0.015692014 
693 246 8 25 0.01567343 
805 443 13 34 0.015664663 
349 119 8 21 0.015662001 
24 186 87 132 0.015657665 
817 96 13 34 0.015654834 
754 161 16 35 0.015652616 
406 641 19 35 0.01563415 
841 894 45 90 0.01562835 
408 25 16 32 0.015619759 
877 873 5 11 0.01561311 
51 518 71 82 0.015608054 
440 695 8 24 0.015604385 
592 347 9 28 0.01560078 
10 878 45 107 0.015600751 
217 221 11 19 0.01559898 
221 289 7 22 0.015596013 
951 676 10 29 0.015587268 
863 213 6 18 0.015586448 
185 884 10 26 0.015585922 
760 390 8 23 0.015584561 
285 405 8 16 0.015581395 
774 648 6 17 0.015579046 
120 881 58 100 0.015572971 
840 764 4 15 0.0155710345 
860 104 8 25 0.015569133 
76 748 13 26 0.015567788 
399 540 11 30 0.015567605 
273 698 8 20 0.015565772 
901 804 6 17 0.015555831 
27 621 14 36 0.015551399 
88 31 14 27 0.015550939 
455 722 6 22 0.015534209 
604 400 10 24 0.015533582 
929 871 5 12 0.015520607 
992 662 31 81 0.0155194625 
769 377 10 23 0.015499885 
743 451 11 24 0.015493325 
488 406 10 31 0.015493281 
998 682 15 44 0.015486708 
3 416 8 24 0.015475049 
745 646 8 20 0.015461718 
435 648 16 32 0.015452921 
710 747 7 21 0.015448844 
437 386 8 20 0.0154478 
270 476 11 23 0.015446568 
217 197 14 25 0.015434556 
835 260 8 23 0.015432526 
85 767 13 29 0.015425507 
156 749 7 21 0.01542199 
176 798 6 20 0.015420758 
449 838 9 25 0.0154129965 
517 893 7 16 0.015412355 
463 654 9 24 0.015406959 
783 781 11 29 0.015405245 
117 374 11 26 0.015398419 
746 403 9 22 0.015392938 
184 725 5 17 0.015386594 
247 613 6 14 0.015356811 
176 -43 19 35 0.0153540205 
694 351 7 22 0.015352967 
577 891 10 18 0.015345812 
763 775 5 20 0.015343399 
591 482 9 20 0.015342354 
16 797 7 28 0.015339881 
155 760 8 23 0.0153299235 
984 901 16 30 0.015328003 
873 853 7 17 0.0153163485 
901 254 10 19 0.0152981775 
859 90 9 27 0.015294695 
222 403 7 19 0.015281522 
206 -62 33 57 0.015280317 
693 119 8 23 0.015260957 
56 787 6 16 0.015260061 
965 872 7 11 0.015249452 
348 -63 35 59 0.01524941 
275 723 6 19 0.0152469175 
2 51 11 36 0.015242895 
474 716 8 29 0.015238457 
848 223 8 21 0.015233193 
723 314 5 20 0.015225262 
363 596 6 16 0.01521304 
396 664 14 29 0.015208255 
628 424 10 25 0.01519019 
153 887 12 28 0.015180058 
515 -63 34 61 0.015179879 
291 146 33 78 0.015171178 
538 257 10 27 0.015155079 
602 156 12 29 0.015147841 
437 30 12 29 0.01514358 
614 206 14 35 0.01514314 
3 619 7 25 0.015136292 
306 171 17 41 0.015128911 
557 19 70 92 0.015124797 
770 286 8 23 0.015100544 
388 -61 31 57 0.015090111 
28 795 8 29 0.015076132 
679 218 10 28 0.015075829 
371 863 9 22 0.01507367 
744 478 11 25 0.015067038 
587 661 14 38 0.015055563 
744 493 13 23 0.015031323 
347 244 10 24 0.015020343 
44 513 25 62 0.015019304 
352 816 5 14 0.015014253 
640 419 13 30 0.015013973 
696 161 6 18 0.01496701 
531 816 6 16 0.014965999 
141 471 12 30 0.014964057 
772 773 6 20 0.014961084 
760 648 7 17 0.014959728 
527 395 11 30 0.014957839 
639 461 12 28 0.014954769 
972 897 14 29 0.014945247 
176 814 6 16 0.014944952 
798 169 9 24 0.014926472 
367 319 134 205 0.014897138 
420 598 16 36 0.014890786 
899 218 9 27 0.014881675 
760 280 6 15 0.0148811145 
49 325 13 33 0.014877669 
527 703 9 31 0.014857861 
234 -61 30 57 0.014852253 
282 553 9 25 0.014847019 
900 237 9 21 0.014823466 
851 908 22 40 0.014815703 
851 894 5 15 0.014815298 
781 422 12 30 0.014814917 
194 843 7 14 0.014806301 
729 140 12 32 0.014803825 
515 167 9 27 0.014792794 
361 90 10 28 0.014785964 
68 169 9 21 0.014782416 
811 593 32 63 0.014782214 
191 95 138 240 0.014781144 
172 222 7 20 0.014761262 
819 683 14 34 0.014761137 
617 350 9 23 0.014746976 
500 406 11 31 0.014743207 
487 872 10 26 0.014741004 
550 49 22 63 0.014738507 
588 248 13 38 0.014738201 
633 259 7 24 0.014724615 
219 211 13 22 0.014699841 
371 841 8 16 0.014681895 
518 867 5 13 0.014676696 
704 197 13 24 0.014669898 
1017 566 9 27 0.014669636 
743 463 12 25 0.014668547 
323 206 11 27 0.014662881 
686 887 50 97 0.0146574145 
888 621 10 22 0.014656947 
705 -11 88 99 0.014655899 
663 102 66 114 0.014647708 
819 701 11 33 0.014640896 
362 864 8 19 0.014626154 
170 197 7 19 0.0146248415 
949 284 8 25 0.01461576 
857 663 14 33 0.014614378 
446 17 30 69 0.014574866 
26 473 11 33 0.014552973 
687 830 5 12 0.014496181 
823 643 12 27 0.014484862 
899 812 8 21 0.014480413 
479 303 7 17 0.014467978 
592 361 11 31 0.014460228 
715 831 14 32 0.014450977 
987 132 10 25 0.014447553 
781 65 76 113 0.014446367 
141 400 14 31 0.014437239 
852 819 5 13 0.014433547 
213 515 68 81 0.014427578 
101 516 13 26 0.0144261215 
80 148 8 20 0.014419744 
312 878 8 21 0.01441935 
732 169 9 24 0.014407299 
98 545 16 35 0.014404951 
694 374 10 27 0.014400727 
860 602 36 83 0.0143905515 
531 828 5 17 0.014379639 
628 589 9 27 0.014370938 
170 211 7 18 0.014370641 
281 247 10 21 0.014367108 
221 718 9 23 0.014361499 
4 378 6 26 0.014359661 
863 722 8 22 0.014341223 
772 276 7 20 0.01433893 
486 890 9 23 0.014334995 
244 137 13 34 0.014330947 
355 711 5 15 0.014326711 
770 826 9 20 0.014319993 
677 144 10 26 0.014305672 
447 666 10 25 0.014303586 
694 849 7 20 0.0142659135 
560 618 15 40 0.014263566 
693 779 6 13 0.014257398 
440 171 9 21 0.014250205 
778 140 14 32 0.014250096 
133 376 7 18 0.014249233 
432 584 18 39 0.014243982 
376 502 147 165 0.014236052 
794 660 11 32 0.014228612 
196 650 11 28 0.014225108 
270 685 8 19 0.014218663 
233 111 15 33 0.014216457 
99 -72 98 98 0.014212977 
709 147 8 21 0.014191959 
274 765 5 18 0.0141598005 
602 205 11 30 0.014154856 
987 450 11 25 0.014150784 
350 866 8 17 0.014149254 
503 286 39 72 0.014137254 
171 338 6 25 0.014134789 
3 592 7 28 0.014126883 
643 163 12 31 0.014117416 
966 300 6 21 0.014102875 
971 368 12 33 0.014100077 
421 870 12 31 0.01409935 
236 614 5 13 0.014086689 
543 864 10 18 0.014067555 
348 169 9 27 0.014063839 
41 390 9 21 0.014057136 
338 854 5 14 0.014053794 
323 -62 35 58 0.014047688 
899 822 10 23 0.014047307 
352 828 6 15 0.014039164 
297 165 13 29 0.01403834 
530 789 5 17 0.014031914 
433 -68 99 98 0.014029249 
704 842 11 30 0.014002824 
359 172 15 51 0.014002251 
654 667 9 26 0.014000519 
567 732 8 21 0.013996702 
78 620 12 28 0.013995004 
109 29 28 63 0.013993345 
244 585 11 27 0.013989925 
139 778 12 31 0.013989761 
44 797 6 22 0.013986466 
796 757 9 31 0.013980221 
590 404 8 20 0.01397093 
403 196 8 22 0.013968853 
748 278 6 18 0.013965202 
24 885 14 44 0.013948022 
556 720 8 25 0.013947708 
133 176 11 33 0.013939519 
760 815 6 19 0.0139070405 
746 659 9 21 0.013900084 
760 849 8 22 0.013900058 
858 902 10 27 0.013894047 
9 451 86 123 0.013892937 
257 591 9 23 0.013890761 
688 792 5 12 0.013889794 
384 235 9 27 0.013843448 
285 388 8 20 0.01383189 
934 97 13 36 0.0138195185 
754 476 13 27 0.013807269 
562 576 14 34 0.0137977395 
931 495 77 117 0.013796155 
53 210 10 23 0.013779155 
973 451 11 23 0.0137739 
78 735 11 23 0.013772724 
51 706 10 28 0.013772594 
128 387 11 24 0.013764079 
395 691 13 28 0.0137487585 
953 883 5 10 0.013743019 
670 817 5 12 0.013742851 
654 456 12 34 0.013741766 
539 273 9 25 0.013740952 
555 286 8 23 0.013739039 
822 759 6 23 0.013730784 
286 723 6 18 0.013723617 
896 589 12 28 0.013722314 
870 623 12 33 0.013719047 
40 168 10 24 0.013715803 
565 354 12 34 0.013709089 
771 789 8 20 0.013691133 
562 370 13 35 0.013684895 
257 33 13 24 0.013649234 
31 766 8 31 0.0136456555 
728 704 13 29 0.013641147 
61 611 40 85 0.013640992 
422 29 14 29 0.013636982 
761 54 61 85 0.013635605 
451 401 10 23 0.013633444 
759 874 11 25 0.013624205 
287 686 6 19 0.013622489 
275 710 6 18 0.013612964 
116 675 12 33 0.013584315 
974 665 11 31 0.0135717215 
685 865 6 14 0.013558718 
602 481 10 22 0.013551736 
45 786 6 20 0.013548728 
205 880 9 20 0.013531537 
808 696 9 26 0.013494912 
765 664 10 28 0.0134915095 
363 829 6 15 0.013485197 
390 877 9 21 0.013483352 
123 426 33 80 0.0134713305 
363 259 10 24 0.013466476 
914 890 7 16 0.013459257 
884 902 12 26 0.013447448 
44 826 6 20 0.013437862 
64 31 14 25 0.013426708 
7 446 26 86 0.013423596 
872 903 10 25 0.013417229 
591 316 7 21 0.013414434 
809 631 10 22 0.013411702 
198 363 7 24 0.0134062525 
300 268 6 14 0.013397072 
740 193 15 28 0.013378781 
394 174 34 88 0.013377284 
921 617 17 33 0.013375529 
576 315 13 39 0.013369162 
505 879 6 16 0.013360214 
286 287 7 23 0.013359831 
847 211 7 19 0.013357851 
600 174 38 89 0.013354231 
233 31 12 24 0.0133516565 
395 121 15 38 0.013342657 
983 92 14 39 0.013342463 
668 630 9 24 0.01332809 
784 398 13 25 0.013326032 
219 593 8 22 0.013321952 
210 300 6 24 0.013319119 
452 375 9 22 0.013310461 
778 55 16 31 0.013308013 
916 199 14 38 0.013306047 
769 796 10 27 0.013301208 
121 262 9 20 0.013292087 
914 -61 29 57 0.013287185 
615 479 10 23 0.0132824965 
796 429 12 36 0.013252932 
688 778 5 14 0.013248835 
382 185 13 37 0.013244292 
388 750 6 21 0.013240304 
985 114 11 30 0.013198555 
169 54 80 98 0.01319763 
177 843 4 14 0.013187218 
599 602 14 30 0.0131855 
92 851 32 70 0.013169954 
524 341 13 34 0.013167265 
426 587 37 72 0.013164563 
401 -32 31 65 0.013154334 
825 870 5 13 0.013150276 
478 843 5 18 0.01314989 
898 172 12 35 0.013149693 
215 87 81 111 0.013149675 
67 579 11 27 0.013148288 
917 817 5 15 0.013147056 
542 815 6 21 0.013146525 
133 219 8 26 0.013133935 
363 274 8 21 0.013125445 
578 404 9 22 0.013124623 
989 839 10 31 0.01311995 
420 138 14 32 0.0131067075 
463 382 11 34 0.013098734 
58 129 91 133 0.013097423 
197 797 8 23 0.01308542 
439 -36 29 69 0.013078069 
2 308 8 27 0.013076494 
233 589 10 24 0.013071609 
435 855 11 34 0.013065521 
672 24 80 107 0.0130647095 
762 762 6 22 0.013057088 
146 853 8 18 0.0130547155 
14 -61 33 73 0.013052707 
586 596 16 39 0.013042761 
912 839 9 20 0.0130361 
217 100 14 34 0.013031653 
933 649 13 32 0.013028508 
177 827 5 16 0.013021979 
249 288 7 23 0.013009202 
770 841 8 16 0.013001788 
569 -34 28 66 0.012992443 
284 -67 99 91 0.012986721 
1 184 9 28 0.012981109 
856 693 11 28 0.012978251 
219 273 8 26 0.012968385 
234 562 14 31 0.012964265 
338 430 6 17 0.012955379 
855 554 79 95 0.012951768 
898 577 12 27 0.012949866 
265 160 28 62 0.012928328 
764 164 17 33 0.012927383 
769 390 10 22 0.01291528 
767 492 14 25 0.012914849 
730 720 10 25 0.012914721 
540 -33 29 65 0.012901695 
142 383 11 27 0.012900688 
960 390 9 23 0.0128952665 
745 114 13 30 0.012895261 
44 810 6 22 0.012887856 
760 862 10 20 0.012882033 
432 508 18 29 0.0128817065 
783 758 8 26 0.012873354 
247 637 5 14 0.01287184 
338 843 5 13 0.012871137 
947 372 12 31 0.012869096 
903 871 6 12 0.012868163 
461 184 13 40 0.012865201 
287 673 7 18 0.012859443 
822 363 8 24 0.0128411455 
136 -75 164 175 0.012832976 
43 853 6 16 0.012822531 
604 -70 107 97 0.012805099 
727 865 16 25 0.012800652 
38 887 11 28 0.012792946 
695 210 11 21 0.0127894 
842 910 19 36 0.01277787 
76 31 15 25 0.012767914 
462 -61 33 73 0.01276632 
296 -59 33 70 0.012760065 
324 760 7 26 0.012743658 
207 -30 31 64 0.0127374325 
801 200 5 16 0.012732667 
69 746 32 64 0.012731995 
743 176 14 32 0.012726909 
5 -38 25 74 0.012721308 
669 805 5 12 0.01271389 
246 663 7 17 0.012710016 
3 722 7 25 0.012696788 
323 865 6 18 0.012696513 
409 198 15 40 0.012695712 
4 162 8 20 0.012693562 
414 -58 31 71 0.012690513 
253 506 16 25 0.012683633 
28 652 29 86 0.012682141 
197 896 52 85 0.012672447 
938 744 34 87 0.012647914 
234 716 10 26 0.012645133 
627 181 10 24 0.012640413 
759 308 8 29 0.012628516 
971 239 12 32 0.01261811 
65 866 10 21 0.0126145035 
57 771 7 20 0.0126044 
747 251 7 17 0.012601811 
669 658 7 21 0.0125998845 
129 400 13 26 0.012585998 
346 192 10 30 0.012557307 
66 851 9 22 0.012557083 
67 196 10 24 0.012552716 
877 64 133 231 0.012549292 
38 670 13 42 0.01254823 
759 377 9 25 0.0125457775 
617 273 8 24 0.012543544 
347 259 9 23 0.012543256 
445 363 71 138 0.012542199 
719 186 9 22 0.012533472 
668 290 6 20 0.012519006 
893 630 18 41 0.012509523 
825 891 6 15 0.012497788 
571 354 16 40 0.012495329 
950 387 10 26 0.012485602 
156 784 8 24 0.012481275 
626 649 13 32 0.0124748815 
919 585 18 34 0.012473996 
872 897 54 88 0.012471839 
640 52 23 61 0.012471335 
234 388 8 21 0.01244938 
89 760 10 22 0.012444895 
604 272 9 27 0.01243578 
54 866 9 18 0.012425646 
374 363 9 20 0.012422182 
718 894 57 89 0.012395974 
556 773 6 22 0.012386748 
551 677 14 46 0.012372709 
49 434 80 112 0.012364473 
183 312 6 26 0.012357976 
693 880 8 18 0.0123491045 
692 196 11 22 0.012347062 
317 125 68 114 0.012337227 
1011 713 15 34 0.012320298 
412 160 10 24 0.012309184 
27 657 11 41 0.01230762 
928 855 6 16 0.012295233 
591 384 10 29 0.012287133 
173 774 7 21 0.0122783575 
65 329 10 28 0.012277838 
573 714 12 34 0.012276323 
530 842 6 15 0.01227324 
3 632 7 26 0.012266809 
299 391 7 17 0.012259745 
543 598 30 75 0.012251058 
54 415 9 19 0.012248987 
780 167 15 30 0.012248635 
987 371 12 31 0.012242037 
508 319 164 187 0.012235926 
759 496 157 200 0.012234254 
222 610 6 16 0.012217975 
696 149 6 18 0.012213585 
51 110 15 39 0.012205029 
630 374 13 25 0.012204246 
13 387 26 64 0.012199419 
407 661 18 31 0.012192802 
178 43 29 67 0.012183748 
755 461 13 28 0.012181538 
58 626 18 47 0.012180839 
2 204 9 30 0.012180183 
639 666 12 32 0.012179169 
760 -60 30 57 0.012175182 
897 708 10 22 0.012171226 
603 359 90 130 0.012156524 
720 -61 31 57 0.012150582 
918 507 17 29 0.012143247 
3 666 7 33 0.012123236 
410 708 11 23 0.012109887 
887 -59 32 70 0.012108084 
759 634 7 17 0.012102655 
40 146 9 24 0.012102325 
709 135 7 19 0.0120968055 
66 726 9 20 0.012093594 
427 258 8 24 0.012089367 
937 825 8 17 0.012071499 
338 830 5 13 0.012061 
741 863 11 22 0.012060084 
68 579 31 69 0.012059572 
717 645 16 43 0.012058664 
554 759 8 26 0.012056687 
381 62 27 57 0.012054132 
104 852 12 21 0.012037109 
942 882 5 11 0.012031054 
4 362 6 27 0.012017946 
693 326 7 20 0.012016565 
898 734 8 23 0.012001819 
564 861 9 20 0.011990863 
128 11 28 70 0.011987421 
184 354 6 21 0.011984632 
94 853 10 18 0.011964823 
64 547 14 34 0.011963613 
272 -58 32 69 0.011963562 
642 440 9 23 0.0119606415 
458 850 35 79 0.011960231 
607 394 28 68 0.011956135 
6 -71 103 106 0.011949799 
292 187 14 34 0.011946911 
56 150 7 18 0.01194134 
81 840 8 21 0.01193868 
798 207 6 19 0.0119352825 
286 378 8 18 0.011932246 
133 201 9 28 0.011920065 
852 805 4 13 0.011919863 
951 263 8 19 0.011918149 
573 621 15 39 0.011916381 
159 -33 27 65 0.011908153 
738 876 14 25 0.011903127 
594 882 7 16 0.0118977325 
22 485 24 69 0.0118891485 
540 718 9 28 0.011888521 
265 224 14 35 0.011883066 
684 618 9 26 0.011882091 
222 378 7 19 0.011866824 
498 331 11 27 0.011860199 
631 341 8 22 0.011859043 
437 181 152 197 0.011856389 
554 -59 33 70 0.011855948 
175 853 5 14 0.01185363 
593 -32 28 63 0.011849319 
43 -31 29 62 0.011848089 
247 -57 33 69 0.011836237 
670 829 5 12 0.011835033 
668 878 8 17 0.011806782 
686 854 5 15 0.011798512 
801 187 6 16 0.011798352 
234 -32 31 64 0.011788703 
603 621 14 28 0.011787254 
879 29 25 65 0.011777366 
435 615 16 32 0.011777244 
693 339 7 22 0.011770214 
874 684 10 24 0.011759116 
925 891 6 16 0.011758722 
995 736 34 59 0.011755609 
0 81 12 46 0.011748764 
19 840 6 21 0.011741114 
173 868 6 14 0.011722429 
772 621 8 19 0.011716701 
808 -58 32 69 0.011716066 
537 51 23 62 0.011712676 
838 -53 148 185 0.011711892 
30 858 5 14 0.011709431 
68 373 10 27 0.011709178 
66 179 11 26 0.01170049 
233 402 8 20 0.0116970325 
617 325 7 24 0.011694537 
923 239 9 21 0.011677327 
911 622 13 24 0.011650502 
117 467 30 62 0.011649997 
214 255 12 29 0.011645457 
662 804 5 14 0.011635011 
567 568 10 24 0.011633933 
970 41 14 30 0.011633592 
296 207 11 24 0.0116278585 
311 862 7 22 0.0116254585 
117 754 12 30 0.011619718 
4 490 7 27 0.011600789 
155 854 7 16 0.011581821 
647 349 7 22 0.011569432 
106 -31 28 62 0.011561593 
393 101 30 70 0.011557986 
960 183 24 69 0.011545833 
620 46 26 58 0.011533806 
937 360 10 28 0.011529433 
18 154 31 80 0.011518417 
358 221 9 24 0.011511556 
940 874 5 10 0.011500036 
259 -31 30 62 0.011489705 
507 30 29 71 0.011483949 
470 863 15 42 0.01147923 
583 606 42 75 0.011477645 
390 374 10 23 0.011472036 
780 59 23 57 0.011471883 
244 208 12 25 0.011470014 
870 651 11 30 0.011465425 
144 -33 27 65 0.011464814 
736 -24 29 58 0.011462512 
946 502 24 59 0.011454821 
442 524 19 33 0.011454761 
914 -30 28 61 0.011454215 
899 516 11 27 0.0114512835 
373 -29 31 63 0.011450301 
924 255 8 17 0.011446892 
83 79 88 132 0.011444015 
843 601 30 69 0.01144285 
630 18 28 63 0.011437468 
339 804 4 14 0.011434244 
311 223 10 21 0.011422894 
671 -63 101 93 0.011420271 
491 -34 27 67 0.011419323 
110 279 164 226 0.011418803 
768 512 69 102 0.011406891 
860 13 29 70 0.011404789 
260 276 7 23 0.01139836 
518 764 5 18 0.011396835 
786 490 24 56 0.011396793 
861 -60 31 71 0.011384023 
568 529 9 24 0.011383347 
648 342 6 18 0.011377488 
731 389 10 23 0.011375783 
419 569 17 40 0.011371553 
593 106 29 72 0.011371301 
424 157 10 23 0.011362759 
622 388 32 75 0.011358775 
886 234 9 23 0.011349343 
488 307 14 31 0.011349086 
730 547 12 35 0.0113418875 
989 241 9 29 0.011341476 
627 667 14 34 0.011334135 
91 606 26 65 0.011312228 
180 -32 31 65 0.011311712 
421 46 16 28 0.0113043925 
745 392 9 21 0.011299559 
668 644 8 23 0.011294474 
454 131 77 136 0.01128551 
552 298 9 26 0.011285265 
563 321 15 43 0.0112739755 
988 391 9 22 0.011271434 
296 -83 163 199 0.011270972 
45 840 6 17 0.011268422 
52 840 8 20 0.01125362 
746 -53 32 66 0.011249545 
739 218 14 25 0.0112475315 
460 -3 30 71 0.011237337 
682 306 5 16 0.0112322895 
397 97 14 39 0.011221184 
573 897 14 29 0.011213743 
104 262 10 21 0.011210744 
380 144 28 74 0.011206211 
121 253 8 18 0.011198388 
783 -55 32 66 0.011192646 
788 -69 97 101 0.01118825 
54 405 9 19 0.011184917 
870 280 13 32 0.011174269 
607 894 54 89 0.011164521 
82 853 8 20 0.011164104 
795 344 13 39 0.011160951 
792 458 14 32 0.0111566745 
50 342 13 36 0.01115496 
130 -58 34 69 0.01115293 
360 410 26 63 0.011152561 
50 645 37 89 0.011150664 
49 889 15 25 0.011147341 
768 851 9 17 0.011138582 
945 780 13 32 0.011133257 
661 816 5 14 0.011127306 
821 232 8 26 0.0111272335 
23 16 31 58 0.011126949 
586 687 15 37 0.0111114 
285 38 24 61 0.011110802 
746 263 8 19 0.011091496 
1006 914 18 30 0.011089502 
63 527 17 35 0.011079368 
614 188 14 33 0.011064968 
106 272 9 24 0.011061015 
225 622 5 15 0.011053234 
65 224 10 21 0.011048575 
284 -32 28 63 0.011023844 
446 605 31 70 0.010999915 
339 370 6 15 0.010997798 
670 262 6 22 0.010986845 
170 889 9 21 0.010981245 
68 388 9 22 0.01097773 
516 84 29 78 0.010966173 
301 817 5 16 0.010948379 
533 -7 26 63 0.010948051 
314 60 75 102 0.010946023 
766 507 16 25 0.010944334 
2 113 8 30 0.010942545 
625 206 12 32 0.010933342 
717 461 80 92 0.0109298965 
430 186 30 80 0.010926568 
548 306 13 38 0.010922384 
641 361 11 26 0.010916163 
377 751 5 18 0.010906037 
557 789 6 20 0.010903567 
833 904 9 23 0.010899382 
78 811 10 23 0.010896349 
103 838 14 25 0.01088354 
202 651 13 26 0.010882816 
977 851 7 20 0.010864158 
487 31 29 70 0.010860895 
687 766 4 14 0.010855256 
850 903 8 23 0.010854759 
312 -32 27 64 0.010850843 
688 509 24 69 0.010848433 
615 152 12 32 0.010837197 
313 6 26 69 0.01083247 
839 -31 23 64 0.010830635 
411 137 14 31 0.010828883 
67 150 7 18 0.010828578 
389 867 8 19 0.010826538 
425 238 10 33 0.010822592 
466 736 6 23 0.0108205 
218 44 14 26 0.010815158 
692 864 7 17 0.010808746 
33 582 28 60 0.010803258 
614 592 11 27 0.010797975 
803 513 25 66 0.0107890805 
79 827 10 22 0.010776486 
960 870 35 66 0.010774023 
92 28 30 58 0.010759214 
691 -26 28 58 0.010746471 
648 33 28 69 0.010743187 
657 -30 27 62 0.010732306 
2 562 8 33 0.010716948 
798 263 6 24 0.010712913 
225 115 28 70 0.010711863 
556 818 5 17 0.010706169 
512 -66 102 94 0.010703124 
274 136 31 70 0.01070041 
413 563 12 29 0.010693818 
3 136 7 21 0.010677797 
53 851 9 19 0.01067386 
81 -30 27 60 0.010673024 
553 15 25 58 0.010669087 
717 676 12 28 0.010662688 
67 779 12 24 0.010661405 
824 640 31 67 0.010654914 
505 -36 28 69 0.010650149 
52 877 13 24 0.010642717 
5 711 29 91 0.010640476 
100 190 11 29 0.010635498 
77 221 12 25 0.010629599 
710 288 6 20 0.010628747 
356 60 128 317 0.010615507 
572 112 27 71 0.010611381 
859 123 74 121 0.0106101595 
727 689 14 29 0.010607758 
971 403 13 26 0.010606921 
581 203 31 85 0.0106038395 
131 768 9 29 0.010597383 
376 104 28 72 0.0105865635 
190 598 31 74 0.010583243 
31 318 27 72 0.010579938 
268 539 12 29 0.010571536 
885 838 8 19 0.01057014 
340 175 27 70 0.0105699105 
685 879 6 16 0.010566561 
669 792 5 13 0.0105598215 
568 222 8 24 0.010556405 
909 572 15 32 0.010551341 
494 141 82 134 0.010539136 
91 709 10 25 0.010538739 
631 327 8 24 0.01053166 
938 -32 27 61 0.01050548 
308 203 13 29 0.010503037 
979 802 28 84 0.01049418 
511 305 15 34 0.010481097 
871 669 11 27 0.0104797315 
459 153 26 73 0.010479563 
328 -32 26 65 0.010476182 
876 -32 27 63 0.01047261 
129 128 28 68 0.010466534 
569 542 9 23 0.010458905 
692 316 7 18 0.010457396 
362 58 27 63 0.010451539 
914 752 7 18 0.01044899 
662 790 5 16 0.010445935 
1006 -44 30 62 0.010443701 
965 314 6 20 0.010421928 
965 514 28 75 0.010416991 
934 75 14 33 0.010412553 
146 780 328 300 0.010409188 
760 265 7 17 0.010404898 
128 60 25 69 0.010399399 
53 90 11 30 0.010396023 
895 901 14 27 0.01038976 
357 91 27 68 0.010386364 
883 685 11 25 0.010385178 
795 379 12 22 0.0103754895 
2 238 8 23 0.01037196 
694 133 8 20 0.0103663765 
142 886 13 29 0.010364772 
796 18 27 61 0.010350627 
644 206 9 26 0.010345645 
655 682 8 21 0.010345411 
339 818 4 13 0.010344649 
553 -17 28 58 0.010335184 
364 753 5 16 0.010332491 
718 38 26 64 0.010330131 
687 842 5 14 0.010324848 
706 -27 30 61 0.0103244195 
251 159 25 52 0.010319714 
825 779 32 74 0.010317036 
414 745 6 22 0.010312403 
93 725 9 19 0.0103060575 
448 186 28 81 0.0103015555 
275 777 4 17 0.010279759 
909 609 14 24 0.010269063 
568 15 26 59 0.010260895 
545 855 7 14 0.010256742 
77 648 37 85 0.010250024 
269 243 10 26 0.010248021 
336 878 6 18 0.0102393525 
562 321 35 86 0.010239165 
748 826 8 27 0.01023572 
567 155 9 31 0.01022878 
851 793 5 14 0.010217577 
299 407 7 15 0.010204632 
617 -28 29 58 0.01020337 
896 262 17 27 0.010195581 
231 485 34 57 0.010192179 
10 606 27 76 0.010188788 
971 611 26 63 0.010188567 
29 265 24 59 0.010188241 
755 20 32 57 0.0101658935 
952 873 6 10 0.0101574585 
63 18 36 63 0.010151043 
744 571 31 68 0.010146073 
274 790 5 15 0.010143933 
321 890 9 20 0.0101437755 
530 867 7 13 0.010123711 
976 473 25 68 0.010120342 
104 62 25 66 0.010116955 
818 554 32 72 0.010112992 
900 562 12 28 0.010112844 
195 810 8 23 0.010098496 
419 658 18 33 0.010097462 
240 49 20 32 0.010097276 
518 842 5 17 0.010090558 
245 894 10 16 0.010090001 
807 470 27 68 0.010085438 
337 868 6 14 0.010073221 
579 864 9 18 0.010064429 
770 -28 28 59 0.010059845 
67 209 11 23 0.010057385 
19 422 29 69 0.010056042 
561 596 33 75 0.010049214 
388 -11 29 56 0.010038982 
89 130 13 27 0.01003637 
105 714 8 21 0.010031947 
782 448 12 29 0.010023147 
89 130 31 72 0.010022826 
352 752 6 18 0.010020357 
131 499 22 61 0.010020221 
627 73 14 32 0.010016955 
743 403 29 63 0.01001384 
