12_Group_Large_Group_12_Group_Large_Group_12_107
1981
468 199 27 36 0.99889874 
188 378 43 52 0.99863005 
350 215 22 37 0.99841297 
82 211 40 53 0.9980388 
646 213 27 39 0.9977793 
841 191 34 49 0.9975388 
618 181 23 29 0.9974355 
638 309 31 48 0.9963553 
411 204 27 37 0.9956994 
760 198 30 43 0.9939433 
547 295 33 45 0.9939182 
719 372 35 44 0.9938885 
436 238 31 42 0.9938338 
387 316 33 43 0.99099755 
592 207 29 38 0.9890521 
552 192 25 39 0.98780954 
471 377 31 42 0.98773336 
302 324 30 41 0.98446923 
300 203 36 38 0.9797789 
512 207 31 39 0.9787202 
235 178 30 42 0.9770495 
162 203 28 42 0.9543415 
699 194 31 38 0.93477696 
689 169 18 23 0.850826 
36 521 15 26 0.7756679 
734 180 19 26 0.7691164 
389 163 22 38 0.7669611 
756 173 18 22 0.46737334 
641 163 16 23 0.4510716 
783 152 17 26 0.42004094 
361 332 14 28 0.39885217 
275 311 20 34 0.34320268 
858 171 17 20 0.3019251 
585 183 18 26 0.27762678 
918 198 14 24 0.25603256 
983 338 20 48 0.23893832 
500 170 17 25 0.22667071 
469 171 16 24 0.19350997 
229 357 18 27 0.19033872 
149 387 14 28 0.16344948 
923 180 14 22 0.1580501 
287 285 19 28 0.14611323 
254 228 17 30 0.1416129 
717 541 11 17 0.13605455 
7 282 23 41 0.13056794 
548 160 14 20 0.12182425 
691 269 15 28 0.117198445 
895 184 10 16 0.11645211 
888 182 10 18 0.10713793 
655 145 13 17 0.10582774 
12 644 15 17 0.102962576 
242 336 16 26 0.10178136 
539 103 13 29 0.10098273 
883 205 12 26 0.0980089 
1006 414 20 26 0.097486325 
775 164 20 26 0.095338605 
48 552 13 23 0.09515899 
493 246 21 30 0.086229 
546 251 22 31 0.08519663 
884 160 9 13 0.08348184 
859 166 11 13 0.08340811 
281 185 15 22 0.08236845 
801 184 18 26 0.08157251 
559 254 20 29 0.080886886 
404 550 20 26 0.07912499 
386 185 17 29 0.079087086 
339 320 20 36 0.07845976 
405 165 15 30 0.077445045 
524 172 15 22 0.07560236 
504 178 21 28 0.074008904 
874 164 8 12 0.07173109 
843 391 13 18 0.07147867 
679 169 16 21 0.07040363 
660 182 17 24 0.07013018 
933 389 12 23 0.06888482 
242 325 15 22 0.06878808 
572 154 14 21 0.068767205 
914 204 11 20 0.06844987 
808 135 12 16 0.06814396 
678 183 17 25 0.067475766 
898 196 10 19 0.065749414 
235 369 18 31 0.06541387 
869 180 14 22 0.06359902 
948 334 13 22 0.063473634 
252 322 15 25 0.06327649 
42 349 10 19 0.062974714 
196 292 19 31 0.062737875 
933 175 11 19 0.06217184 
213 326 15 24 0.061867796 
238 311 16 25 0.061581206 
332 578 13 22 0.061554223 
1013 125 9 18 0.06120821 
471 343 22 32 0.06009147 
404 475 19 36 0.06002915 
361 310 16 29 0.059735183 
879 402 14 19 0.059716146 
536 170 16 23 0.059237354 
363 341 20 33 0.058005963 
25 650 12 16 0.057685565 
280 294 21 30 0.057660397 
62 594 9 18 0.057330698 
446 167 16 25 0.056481324 
946 161 9 15 0.056267787 
570 247 16 24 0.056105018 
210 342 22 34 0.05584041 
785 242 22 30 0.055480774 
934 455 13 18 0.055218566 
1011 294 16 27 0.054278005 
887 152 7 11 0.053933997 
343 184 16 23 0.053733557 
94 173 12 20 0.053521905 
-48 664 329 296 0.05321995 
945 455 10 17 0.052877225 
319 45 13 20 0.052744128 
997 296 15 24 0.05251795 
597 406 16 37 0.05237577 
661 195 15 24 0.05208461 
562 158 14 20 0.051426794 
402 456 18 34 0.051329102 
10 167 17 23 0.051014595 
817 271 15 28 0.05046276 
875 3 7 26 0.05039951 
384 575 12 13 0.050079156 
990 302 10 18 0.05006305 
946 342 130 203 0.049611453 
203 157 13 22 0.049605384 
204 148 10 16 0.049321022 
927 374 10 21 0.0492062 
587 174 14 20 0.049145136 
47 346 13 23 0.04866846 
29 655 12 18 0.04855556 
895 210 9 19 0.048445087 
48 527 12 22 0.048147578 
365 296 19 28 0.04745281 
820 349 89 108 0.047139086 
365 320 23 33 0.047031157 
845 381 11 16 0.04702908 
973 398 15 28 0.0468709 
945 173 10 18 0.04673365 
200 268 17 33 0.04666809 
841 397 18 27 0.046204843 
390 255 19 29 0.04614181 
149 607 12 21 0.04613875 
268 361 16 24 0.045998905 
251 343 17 27 0.045803316 
414 408 20 30 0.04551307 
31 150 9 13 0.045484927 
1000 291 10 16 0.04547355 
329 467 15 41 0.044994052 
574 193 16 29 0.04488458 
461 332 16 32 0.044823274 
926 389 12 24 0.04479631 
955 372 16 26 0.0446335 
948 445 8 14 0.04448043 
699 258 16 28 0.044299737 
828 272 13 27 0.044166345 
644 148 11 15 0.043991446 
1016 247 9 24 0.043959204 
948 265 7 12 0.043911885 
895 413 14 23 0.043777466 
912 187 10 15 0.04323255 
504 267 20 33 0.043113735 
494 346 23 32 0.04309412 
946 399 12 19 0.0430609 
318 155 12 24 0.042937737 
52 567 9 18 0.04292907 
966 300 68 109 0.042822983 
400 534 12 17 0.042590354 
58 593 8 18 0.042235635 
246 543 11 17 0.042139538 
369 282 19 30 0.04208621 
906 414 15 24 0.042040344 
871 405 12 16 0.042034227 
363 218 17 29 0.04202997 
981 320 18 42 0.042002037 
231 324 14 19 0.041977488 
805 283 17 29 0.041796356 
726 191 19 27 0.04170882 
838 371 7 13 0.041664217 
690 308 15 28 0.04159463 
839 378 9 15 0.041584942 
236 392 18 35 0.0415845 
925 607 8 21 0.04156978 
946 234 9 18 0.041540213 
410 42 8 18 0.04139032 
945 414 12 20 0.041364122 
41 538 13 22 0.041328087 
931 515 17 25 0.04114762 
506 354 19 35 0.040983994 
361 572 8 11 0.04093346 
577 137 10 14 0.040669415 
957 338 11 21 0.04065993 
941 164 7 12 0.040600184 
936 490 13 22 0.040575713 
876 -5 5 16 0.040492453 
57 584 7 15 0.04046183 
935 370 9 13 0.040422425 
950 252 6 13 0.04007817 
901 72 7 17 0.039989885 
783 437 7 24 0.039934747 
8 191 20 35 0.039904106 
542 160 12 18 0.03989201 
924 167 8 10 0.039739117 
849 163 10 13 0.039721217 
613 133 12 17 0.03961554 
25 158 13 20 0.039471906 
38 359 14 28 0.039446723 
831 159 12 18 0.039417364 
406 380 22 34 0.03916234 
234 294 18 31 0.039020568 
663 139 12 14 0.03901248 
812 292 16 29 0.038910814 
943 267 5 10 0.03890001 
956 388 14 22 0.038893994 
899 152 7 11 0.03880529 
1003 249 6 21 0.038751718 
769 163 13 16 0.038735155 
963 250 7 15 0.038237732 
945 427 11 19 0.038141396 
993 357 20 40 0.03796907 
931 502 17 24 0.03789785 
762 180 20 25 0.03761197 
853 377 16 20 0.037510067 
864 269 21 31 0.03748167 
665 171 15 20 0.037281804 
948 376 15 21 0.037193637 
327 8 16 19 0.037142534 
706 459 8 28 0.037092768 
913 259 12 19 0.0369557 
325 17 10 16 0.036891226 
921 262 9 14 0.036868557 
420 120 14 25 0.036850147 
701 163 12 16 0.03680943 
787 296 20 26 0.036723472 
22 274 16 24 0.03669801 
154 332 14 32 0.036564406 
855 393 13 16 0.036318418 
325 374 18 28 0.036236234 
656 139 11 14 0.03608477 
37 150 9 13 0.03601344 
960 363 13 25 0.035928946 
379 269 21 29 0.035865765 
487 112 8 16 0.0356968 
971 385 14 28 0.03562663 
398 152 10 15 0.035620913 
773 437 8 24 0.035480037 
939 278 6 11 0.03488368 
973 364 13 31 0.03482726 
946 183 11 21 0.034727912 
719 556 9 14 0.03461524 
317 479 17 37 0.034519576 
145 224 12 21 0.034441933 
889 140 7 13 0.034424834 
145 618 12 21 0.03438553 
348 199 13 20 0.034352764 
932 196 11 20 0.03428981 
266 259 15 25 0.034236245 
869 350 18 19 0.034143675 
350 253 20 32 0.034100737 
849 369 9 14 0.034095123 
270 296 16 28 0.03406652 
895 220 10 21 0.034057025 
815 387 15 27 0.03403011 
148 597 7 13 0.033867665 
526 104 12 26 0.033756375 
913 609 8 21 0.03371668 
909 402 11 19 0.033535525 
331 331 17 29 0.03353491 
883 412 15 22 0.03342953 
857 404 15 20 0.033325024 
804 202 18 33 0.03323275 
156 646 12 17 0.033213876 
1007 569 16 23 0.033155274 
785 452 6 23 0.0331109 
804 256 16 28 0.033044137 
934 68 9 20 0.033023253 
97 181 15 23 0.032990567 
787 161 19 29 0.03298242 
137 259 17 30 0.032921463 
229 385 18 28 0.03289997 
634 265 20 34 0.032873914 
864 -5 5 16 0.032667693 
958 399 14 22 0.032663126 
675 293 18 30 0.03264029 
478 433 23 30 0.03255886 
255 544 10 17 0.03255798 
856 362 15 18 0.03242991 
13 95 9 23 0.03232764 
706 599 10 14 0.03227968 
233 545 12 18 0.032208756 
66 400 27 27 0.032196537 
38 161 11 17 0.032191742 
1006 4 18 26 0.03212666 
157 491 9 22 0.03208218 
878 257 17 26 0.032050904 
929 370 6 13 0.032004878 
361 623 7 16 0.03200454 
846 200 68 80 0.03196708 
1017 276 9 19 0.03196647 
433 185 15 21 0.031932198 
241 550 15 28 0.0318969 
585 265 19 33 0.031745438 
304 457 18 45 0.03165933 
816 258 14 26 0.031639665 
140 408 12 27 0.031614285 
806 143 12 19 0.031588905 
743 635 10 15 0.031574983 
269 327 17 30 0.031521928 
1002 280 7 15 0.03147087 
862 314 87 110 0.031428326 
265 239 19 30 0.031425957 
889 20 6 19 0.03139726 
630 162 13 16 0.03139075 
759 451 7 22 0.031372618 
254 555 12 22 0.03136533 
949 348 11 19 0.031361833 
23 264 13 19 0.031344265 
0 353 9 18 0.031336397 
668 386 13 26 0.031319436 
859 353 12 16 0.031288862 
374 466 11 22 0.031196296 
940 516 17 27 0.031182177 
949 367 11 16 0.030989809 
895 235 11 20 0.03092714 
516 105 8 21 0.030926872 
817 135 10 15 0.03089689 
880 230 14 26 0.030819075 
231 334 17 26 0.03076713 
232 533 11 17 0.030744165 
727 532 11 15 0.030533867 
1003 234 7 25 0.030392101 
621 253 23 35 0.030297665 
807 126 11 15 0.030271871 
802 245 15 24 0.030259673 
310 36 7 11 0.03024418 
942 233 8 18 0.0301884 
795 612 7 14 0.030169789 
940 224 8 18 0.030167852 
156 505 9 18 0.03016172 
567 149 12 15 0.03013347 
396 570 14 16 0.029976107 
936 414 12 22 0.029930059 
938 448 9 14 0.029920958 
924 335 11 27 0.029906888 
898 79 8 21 0.029889885 
484 120 11 22 0.029887116 
578 182 15 24 0.029857488 
491 0 7 7 0.029853228 
39 586 9 16 0.029831367 
725 543 12 18 0.029815895 
64 586 7 13 0.029690547 
411 98 8 16 0.0296623 
52 241 16 27 0.02964385 
937 289 8 16 0.029558584 
933 208 11 19 0.029547738 
747 491 7 20 0.029405065 
807 303 14 26 0.029370073 
832 321 12 30 0.029356956 
345 469 13 38 0.029346699 
423 569 14 20 0.029326264 
721 490 7 24 0.029314626 
830 150 11 16 0.02921087 
763 261 83 105 0.029209837 
276 229 18 32 0.029203156 
560 287 168 229 0.029110849 
21 168 16 24 0.029101847 
786 599 6 10 0.029068192 
863 1 7 28 0.02905369 
432 157 14 21 0.028980017 
681 268 18 27 0.028928123 
334 445 13 37 0.028867777 
964 263 8 15 0.028716998 
323 37 9 12 0.028706767 
787 612 6 12 0.028606271 
920 211 13 30 0.028605701 
300 37 7 12 0.028504498 
411 148 11 16 0.028459175 
936 427 12 19 0.028416423 
993 317 16 39 0.0283736 
706 570 8 13 0.028339878 
446 373 16 25 0.02831056 
100 293 14 27 0.028257627 
695 478 7 23 0.028159067 
207 196 14 23 0.02796939 
721 522 8 14 0.027941825 
356 473 15 33 0.027892396 
105 572 6 13 0.027874798 
37 275 13 20 0.027693136 
253 529 12 20 0.027677022 
448 306 18 31 0.02766916 
991 293 7 12 0.027635697 
4 517 7 21 0.027597668 
922 58 8 15 0.02757024 
983 401 13 25 0.027547855 
246 533 11 18 0.027529838 
367 302 73 70 0.027527474 
942 462 14 21 0.027524194 
251 422 15 29 0.027520576 
410 103 12 25 0.027518328 
20 190 18 35 0.027483776 
276 367 20 34 0.027483718 
712 253 21 34 0.027437525 
47 358 15 28 0.027430411 
837 242 97 106 0.02741147 
632 623 5 19 0.027378978 
721 477 7 25 0.027359454 
62 604 10 17 0.027337773 
867 242 17 29 0.027331566 
773 451 7 23 0.027331023 
581 357 17 37 0.027268868 
342 54 12 24 0.02726123 
445 193 15 25 0.027240893 
912 70 8 17 0.027213039 
425 617 12 21 0.027132563 
897 163 9 12 0.027125204 
895 247 14 22 0.027123533 
858 95 8 20 0.027086295 
732 491 7 21 0.027081292 
312 159 11 19 0.026999211 
945 576 12 29 0.026992416 
877 279 19 29 0.026969893 
865 569 218 332 0.026853612 
311 45 9 17 0.02684759 
13 387 11 25 0.026846252 
9 606 16 25 0.026842505 
361 565 6 10 0.026841981 
930 335 14 27 0.026793934 
632 633 7 22 0.026784876 
342 434 12 30 0.026747623 
759 166 9 13 0.02674742 
329 396 15 27 0.026730444 
888 -4 6 15 0.026691794 
876 31 6 22 0.02664678 
609 409 15 33 0.026613599 
50 171 13 20 0.026530022 
124 314 15 42 0.026529077 
729 559 8 12 0.026488956 
960 198 8 18 0.026455352 
319 394 17 28 0.026433617 
122 394 8 14 0.026397178 
803 158 14 21 0.026365455 
335 56 10 20 0.02634841 
789 358 17 28 0.026333682 
935 296 10 22 0.026259823 
691 645 17 17 0.026240092 
61 182 16 24 0.026223369 
912 392 9 17 0.026216697 
588 7 14 16 0.026204646 
151 359 12 29 0.026162172 
706 562 8 12 0.026161522 
888 5 6 23 0.026159829 
141 636 11 15 0.026103023 
708 474 8 28 0.025826603 
404 582 22 29 0.025798948 
3 505 7 21 0.025790118 
752 279 18 34 0.025768446 
732 573 7 11 0.025763396 
680 165 12 14 0.025717273 
514 72 10 15 0.025714282 
154 536 11 15 0.02567593 
831 294 12 26 0.025624478 
927 66 9 20 0.025617534 
697 464 7 21 0.025612114 
850 337 9 20 0.025585148 
161 333 15 30 0.025566982 
404 508 17 26 0.025530232 
10 24 12 26 0.025529994 
283 157 12 19 0.025500998 
919 411 15 27 0.02546686 
213 268 16 34 0.025446197 
759 52 7 10 0.02542002 
79 173 10 16 0.025379743 
911 214 13 26 0.025333295 
521 366 16 37 0.025325803 
471 325 16 29 0.025249379 
723 252 22 34 0.025236385 
227 285 17 32 0.025208633 
503 -1 8 8 0.025207737 
234 553 13 25 0.025203748 
978 336 13 32 0.025202742 
944 552 12 24 0.025189718 
332 419 15 34 0.025180424 
961 350 11 23 0.025089413 
791 268 19 27 0.025064249 
256 360 16 24 0.025048265 
162 646 12 19 0.024983576 
345 496 12 35 0.024971154 
60 253 17 30 0.024880916 
949 303 7 13 0.024855511 
964 137 7 12 0.024789112 
753 348 17 28 0.024774538 
616 175 17 21 0.024714235 
822 97 8 16 0.024703927 
587 396 15 32 0.02461141 
934 555 12 23 0.024605282 
673 372 17 31 0.024604883 
942 255 6 12 0.024603708 
819 244 15 24 0.024603233 
818 378 13 20 0.024597857 
949 277 6 11 0.024540167 
841 411 18 28 0.024539234 
253 498 16 37 0.024530953 
786 587 6 11 0.024489895 
977 315 10 19 0.02448684 
856 472 14 38 0.024478089 
790 331 17 28 0.024469456 
846 311 12 27 0.024437586 
620 620 7 23 0.02442858 
835 96 8 17 0.024360837 
818 319 12 29 0.024352025 
786 622 7 13 0.024348756 
598 185 17 21 0.0242209 
915 59 7 14 0.024201777 
924 457 13 17 0.024151394 
993 449 46 75 0.02413839 
762 588 6 9 0.024128823 
622 278 24 35 0.024121627 
524 115 12 28 0.024107086 
913 591 9 26 0.024092158 
782 636 9 17 0.02408017 
414 127 12 23 0.024076076 
685 230 16 27 0.024072265 
713 544 8 14 0.024070082 
1012 135 13 33 0.024018563 
914 178 8 11 0.023956852 
422 637 14 19 0.02395534 
948 315 8 14 0.02394745 
434 147 13 18 0.023933595 
808 97 8 18 0.023907071 
357 203 11 16 0.023881877 
63 172 13 18 0.02386015 
847 94 9 20 0.023821028 
55 605 8 17 0.023811575 
855 259 16 24 0.02380401 
155 634 11 17 0.023798311 
820 149 11 16 0.023791188 
563 172 13 19 0.023772115 
483 183 16 21 0.023723237 
12 42 9 23 0.023694536 
845 269 14 27 0.02366245 
960 208 8 17 0.02365695 
342 264 21 31 0.02364892 
899 94 7 21 0.02362877 
807 107 9 17 0.023618134 
156 460 11 29 0.023603844 
38 169 13 22 0.023598216 
619 124 10 13 0.023567209 
960 330 10 18 0.023562834 
922 307 13 32 0.02353934 
39 512 8 13 0.02353552 
300 84 8 21 0.02351692 
645 625 6 15 0.023485081 
421 -20 763 1288 0.023421418 
10 243 18 26 0.023402214 
417 543 15 21 0.023393424 
858 339 13 19 0.023359748 
957 411 15 23 0.023307094 
679 222 12 22 0.023290366 
803 349 13 23 0.023278598 
519 269 20 32 0.023260979 
852 355 8 13 0.023257842 
13 121 9 23 0.02325033 
921 591 9 26 0.023204332 
923 274 9 15 0.023187624 
663 362 83 101 0.02314984 
126 170 186 232 0.02314567 
398 134 9 18 0.02313913 
346 296 15 26 0.023133485 
571 528 20 34 0.023121102 
12 263 16 22 0.023098344 
899 405 10 17 0.023065694 
965 303 7 12 0.023037115 
770 0 9 10 0.023031065 
770 426 10 25 0.02301845 
928 20 6 15 0.023003772 
797 466 5 18 0.022990147 
311 73 9 14 0.022950461 
798 110 8 16 0.0228708 
776 180 17 26 0.022865074 
553 592 14 20 0.022829406 
596 262 22 36 0.022806387 
704 121 9 16 0.02275563 
431 567 14 26 0.022751145 
962 188 9 16 0.02272951 
857 292 15 31 0.022728203 
216 527 13 20 0.022672677 
404 44 8 17 0.022658158 
806 362 12 22 0.02265641 
145 349 9 24 0.022640215 
718 461 9 29 0.02260912 
14 596 10 15 0.022608727 
951 198 8 17 0.022596866 
925 622 8 18 0.022586895 
126 399 12 20 0.022586549 
704 437 9 24 0.02256742 
364 368 20 36 0.0225584 
12 55 9 23 0.022551049 
218 315 13 19 0.022541597 
15 530 8 20 0.022528648 
759 463 7 23 0.02243146 
921 579 10 24 0.022424119 
63 663 16 12 0.022420965 
816 194 16 28 0.022399714 
821 157 12 19 0.02239426 
721 506 7 18 0.022393422 
849 153 7 12 0.022389928 
108 644 21 20 0.022355968 
1002 144 8 26 0.022334578 
745 625 8 14 0.022315286 
781 258 146 186 0.02230638 
116 307 13 34 0.022193303 
1 466 7 20 0.02218646 
298 61 6 12 0.022183593 
138 419 12 29 0.022172058 
694 642 10 11 0.022168614 
503 165 11 17 0.022165067 
335 44 10 16 0.022148458 
433 371 18 28 0.022142159 
59 670 24 20 0.022071252 
936 476 12 20 0.022063335 
976 279 7 14 0.02205472 
36 177 16 30 0.022051968 
434 169 15 24 0.022042481 
421 578 18 28 0.02204181 
422 171 14 22 0.022028822 
450 145 12 18 0.02202642 
912 81 7 18 0.022008939 
476 0 8 9 0.021999165 
936 578 9 25 0.021979507 
696 451 7 22 0.021974374 
854 184 20 29 0.021968542 
129 419 12 30 0.021957632 
927 8 6 15 0.021953752 
574 172 14 19 0.021935789 
951 292 6 11 0.021915277 
310 172 13 18 0.021914406 
356 282 19 30 0.021872463 
-8 262 77 102 0.02183439 
926 0 5 12 0.021829167 
551 152 10 13 0.021818103 
811 89 6 11 0.021778733 
692 151 10 13 0.021750677 
695 490 7 23 0.021704521 
856 320 16 30 0.021693226 
15 374 11 24 0.0216881 
952 210 8 15 0.021674752 
730 522 8 16 0.021671327 
912 578 11 25 0.021670703 
143 449 8 25 0.021613184 
890 32 5 18 0.021596342 
829 257 13 25 0.021589914 
914 -2 5 13 0.021573061 
718 305 68 95 0.021543222 
257 10 9 12 0.021516036 
253 382 18 32 0.021511223 
331 496 13 35 0.021509713 
902 62 6 13 0.021492656 
676 244 16 25 0.021468922 
573 9 16 16 0.021467157 
625 122 12 16 0.02145112 
720 571 8 13 0.021381775 
872 397 11 14 0.021376371 
578 126 9 13 0.021361211 
772 588 5 9 0.021348206 
845 294 13 28 0.021341551 
835 354 8 15 0.021318339 
806 318 14 28 0.021304816 
4 528 7 24 0.021299431 
570 263 19 33 0.021270938 
934 312 9 21 0.02127046 
877 347 19 24 0.021264812 
328 377 127 211 0.021257227 
747 477 7 22 0.021249237 
355 562 5 11 0.021245988 
866 288 20 34 0.021238662 
965 277 8 13 0.02123081 
708 585 7 12 0.02119578 
52 163 11 14 0.021193614 
80 53 8 23 0.021176327 
22 639 12 14 0.021165207 
129 394 9 14 0.021138055 
511 164 10 17 0.021133192 
834 462 10 26 0.021114388 
345 45 10 16 0.02110289 
639 210 19 26 0.021092126 
512 303 21 37 0.021062884 
397 620 11 20 0.021059789 
102 163 11 17 0.021033105 
943 477 12 20 0.021004839 
977 305 7 13 0.02097515 
266 381 18 33 0.02094529 
1005 366 19 30 0.02092414 
293 157 11 19 0.020919845 
1001 205 9 32 0.020879548 
328 640 24 30 0.020863965 
350 622 8 17 0.020845614 
355 7 14 17 0.020836877 
769 332 13 26 0.020828342 
761 578 5 9 0.020821277 
318 171 13 19 0.02078409 
937 610 7 18 0.020735575 
342 396 15 29 0.020712957 
965 292 6 12 0.020711878 
1006 127 5 12 0.020696454 
405 72 5 14 0.02069475 
153 407 12 24 0.020691257 
294 187 16 20 0.020680653 
424 157 14 21 0.020675635 
259 268 16 26 0.020654446 
823 368 9 16 0.020633643 
753 258 15 29 0.020598711 
978 291 7 13 0.020576274 
2 452 7 24 0.020542087 
14 451 8 22 0.02053798 
319 418 14 33 0.020532575 
13 65 9 24 0.020494288 
699 309 17 26 0.02049199 
299 72 6 14 0.020479187 
796 622 7 14 0.020420041 
805 333 12 24 0.020386577 
591 568 12 19 0.020380145 
589 585 12 19 0.020371199 
343 636 14 21 0.020359712 
999 574 18 29 0.020341264 
732 478 7 22 0.02030352 
610 261 23 36 0.020298012 
783 9 8 12 0.020292478 
833 384 37 53 0.020291617 
297 10 8 10 0.02024108 
517 134 9 20 0.02023391 
882 203 66 94 0.020224849 
934 351 9 17 0.02021366 
913 95 6 19 0.020211209 
372 464 69 117 0.020191194 
2 171 14 19 0.0201864 
424 147 13 18 0.020185802 
460 146 11 16 0.020184532 
190 259 17 27 0.020150766 
866 376 16 21 0.020145066 
264 222 17 29 0.020137966 
301 283 18 29 0.020128977 
912 154 7 10 0.0201196 
942 98 5 17 0.02008435 
156 686 365 272 0.020062178 
689 245 16 26 0.020045342 
902 24 5 15 0.020009805 
1001 411 39 49 0.019979008 
963 241 7 14 0.019962458 
64 163 12 14 0.019960599 
505 448 16 33 0.019957291 
796 582 7 14 0.019955436 
698 273 18 34 0.019946592 
14 350 11 20 0.01992431 
163 362 15 26 0.019902816 
1000 403 16 25 0.019860908 
387 0 8 9 0.019853221 
738 301 19 39 0.019813245 
836 613 8 15 0.019770876 
772 98 7 13 0.019760631 
165 435 15 29 0.019759245 
571 16 16 17 0.019737873 
217 546 10 17 0.019716337 
942 537 14 25 0.01970236 
658 624 7 14 0.019693842 
350 609 8 15 0.019680047 
300 47 7 14 0.019642966 
910 235 9 18 0.019640904 
843 462 12 27 0.019634645 
914 166 7 9 0.019629993 
588 159 12 18 0.01962502 
992 263 7 17 0.019601323 
152 596 8 16 0.019593539 
178 452 14 29 0.01959272 
884 424 14 20 0.019574665 
380 466 14 24 0.019570522 
88 290 16 32 0.019525826 
296 608 11 21 0.019505057 
423 185 13 18 0.019500656 
771 51 7 11 0.019499095 
1016 116 7 12 0.019475881 
815 -210 224 196 0.019467339 
119 400 11 19 0.019465122 
13 437 9 26 0.01946481 
19 300 18 35 0.01943797 
575 501 12 26 0.019429144 
747 505 7 18 0.01938801 
748 464 6 22 0.019367542 
318 446 15 39 0.019345552 
221 581 9 17 0.01931595 
628 113 9 12 0.019313829 
922 562 11 21 0.01930929 
232 10 9 11 0.019286906 
764 346 14 26 0.01928472 
333 37 10 12 0.019255077 
938 61 7 13 0.019252393 
362 612 6 13 0.019246787 
166 175 12 18 0.019239858 
510 335 17 26 0.019236296 
132 438 8 25 0.019230684 
359 36 9 14 0.01914356 
516 120 9 22 0.019143537 
485 173 15 19 0.019138873 
796 517 8 19 0.019123705 
757 1 10 9 0.019106897 
232 0 9 10 0.019091297 
462 70 12 16 0.019081267 
849 613 7 15 0.019065322 
461 161 12 19 0.019063655 
772 9 7 11 0.019055465 
683 449 7 23 0.019048609 
986 411 13 24 0.019028135 
696 85 7 14 0.019010892 
362 348 83 104 0.019002734 
266 352 15 21 0.018983353 
248 11 7 10 0.018976804 
4 96 9 21 0.018973846 
824 454 8 20 0.018970082 
399 106 10 23 0.018915063 
982 618 20 28 0.018893678 
148 379 9 20 0.018887823 
258 284 15 24 0.018878218 
783 0 8 10 0.018866748 
892 257 18 26 0.018866744 
654 394 151 222 0.018859856 
588 513 13 32 0.018844642 
965 316 7 13 0.01881144 
398 476 15 27 0.018778043 
123 290 19 36 0.018764002 
126 265 21 35 0.018747026 
1 163 11 16 0.018723024 
800 98 8 15 0.018716885 
410 270 17 27 0.018692832 
9 218 18 31 0.018690055 
532 367 18 37 0.018686362 
620 633 7 22 0.01868404 
1014 83 9 19 0.01866261 
182 286 11 19 0.018643744 
61 268 18 31 0.018640094 
18 152 8 13 0.018621732 
868 483 12 32 0.018616643 
36 653 10 13 0.018608 
791 233 71 89 0.018606504 
66 623 8 14 0.018595025 
759 492 7 21 0.018586751 
834 138 8 13 0.018584084 
700 564 6 10 0.018570015 
991 280 6 14 0.018565249 
590 420 11 29 0.018554674 
67 639 9 12 0.018551242 
739 255 17 30 0.018546708 
942 501 14 23 0.018545618 
0 234 14 24 0.018536666 
783 122 11 14 0.018496437 
780 322 16 27 0.018483255 
809 376 13 22 0.018482508 
289 306 66 66 0.018472238 
860 336 45 53 0.018470747 
901 34 6 15 0.018456303 
711 276 21 36 0.018454853 
834 446 13 28 0.01844962 
390 119 9 21 0.01842394 
389 7 9 14 0.018417696 
243 433 16 27 0.018395808 
1013 319 14 30 0.018394403 
438 492 12 22 0.018383976 
619 89 6 12 0.018329315 
940 81 6 19 0.01832594 
666 160 13 17 0.018319506 
157 476 11 28 0.018303376 
185 215 18 33 0.018243028 
292 257 14 26 0.018197896 
331 156 11 22 0.018188229 
396 115 13 30 0.018185329 
528 608 9 18 0.018166939 
503 109 7 18 0.01813979 
345 343 16 29 0.01811449 
115 171 12 22 0.018090503 
14 538 8 25 0.018087808 
187 447 18 32 0.01808242 
615 437 10 25 0.01808185 
724 276 21 34 0.018075932 
850 107 7 19 0.018070322 
889 45 5 16 0.018061427 
681 136 11 15 0.018053869 
840 431 16 27 0.018024622 
760 113 6 11 0.017990278 
964 127 6 11 0.017969592 
325 575 6 10 0.01795018 
133 478 6 19 0.017941618 
603 100 8 13 0.01794129 
163 385 16 28 0.017926559 
134 452 6 22 0.017919281 
394 7 11 16 0.017909192 
312 57 8 15 0.017892994 
1001 608 9 15 0.017883914 
924 287 11 20 0.01787828 
959 538 13 25 0.01783719 
14 84 8 21 0.017816367 
258 20 8 13 0.017800588 
926 81 7 19 0.017799087 
-82 22 847 959 0.017789477 
940 154 7 12 0.017772282 
99 421 13 24 0.01776803 
708 490 7 24 0.017748622 
787 47 7 14 0.0177034 
93 57 7 20 0.01768095 
683 464 6 21 0.017680304 
155 437 12 28 0.0176742 
914 495 8 14 0.017656667 
334 186 14 19 0.017626043 
590 1 11 8 0.017608333 
41 265 10 16 0.017586255 
207 558 9 14 0.017572528 
437 134 12 18 0.01757006 
1012 64 12 25 0.01756341 
43 570 9 16 0.017559187 
397 580 15 21 0.017532196 
915 622 6 17 0.017526677 
105 560 6 15 0.017517515 
32 291 18 32 0.017514046 
229 581 13 19 0.01750066 
404 99 6 14 0.017482148 
773 638 8 13 0.017473223 
533 395 18 31 0.017472992 
759 476 7 22 0.01745972 
477 111 9 15 0.017446177 
145 267 21 32 0.017431172 
769 647 10 17 0.017396519 
937 592 8 22 0.017393101 
801 88 6 13 0.017389739 
616 162 12 16 0.017386986 
83 662 20 13 0.01734971 
50 269 18 29 0.017346395 
646 636 6 17 0.017339943 
78 185 13 19 0.017334647 
-1 695 82 83 0.017333891 
514 -1 10 9 0.017331041 
206 138 9 14 0.017324124 
66 654 10 9 0.017318264 
901 609 7 20 0.017315967 
476 120 12 21 0.017294357 
739 279 20 34 0.01729345 
208 23 7 11 0.017288806 
974 264 8 17 0.017268118 
891 280 18 28 0.017254408 
700 434 5 14 0.017240014 
320 74 9 15 0.017224517 
218 296 15 25 0.017223695 
306 420 14 32 0.017223185 
365 256 19 29 0.017209116 
773 578 5 8 0.017207745 
912 189 27 47 0.017191382 
762 600 5 9 0.017168531 
281 274 19 27 0.017155116 
867 196 17 26 0.017154375 
583 318 16 32 0.017153412 
384 220 14 25 0.017148813 
497 439 15 23 0.017143913 
856 438 13 21 0.01713591 
600 8 13 14 0.017135222 
5 15 11 22 0.017124189 
535 255 21 30 0.01711777 
68 54 9 20 0.017110335 
577 0 11 8 0.017104587 
350 37 8 13 0.017079776 
447 137 12 16 0.017072078 
668 408 10 28 0.017050687 
551 97 10 18 0.01704833 
631 102 7 12 0.017039636 
376 548 8 13 0.017009865 
903 -4 5 14 0.017009083 
950 60 6 12 0.01698808 
703 295 16 26 0.016985446 
446 492 10 18 0.01696653 
166 637 9 15 0.016957596 
372 44 8 18 0.016940907 
323 582 10 18 0.016932765 
787 575 6 10 0.016920434 
16 466 8 20 0.016907921 
16 136 7 15 0.016879119 
589 557 11 18 0.016878264 
786 36 7 13 0.016871642 
3 495 6 17 0.016870929 
278 253 18 31 0.016841913 
769 112 8 13 0.01683966 
307 85 9 18 0.016835012 
385 246 17 26 0.016823139 
846 470 12 33 0.016812159 
794 125 10 13 0.016807696 
200 148 8 17 0.016793756 
114 185 12 19 0.016787197 
659 638 7 14 0.01678346 
90 426 11 19 0.01678107 
948 591 8 23 0.016758582 
389 619 9 19 0.016737757 
127 172 11 21 0.01673661 
797 456 5 19 0.016724015 
432 617 12 22 0.016708385 
611 294 22 32 0.016698798 
925 636 9 15 0.016678361 
290 309 21 30 0.01667209 
2 481 7 17 0.016660664 
146 339 8 21 0.016657127 
12 411 10 28 0.016646372 
14 220 177 185 0.016635403 
35 511 6 12 0.016635178 
1010 387 17 25 0.016631007 
18 480 6 17 0.016630381 
449 332 17 32 0.016625095 
870 591 11 23 0.016605912 
849 625 7 14 0.01657641 
141 645 11 15 0.016576191 
295 459 16 40 0.016559131 
273 162 9 15 0.016558137 
115 637 13 14 0.016550887 
149 590 6 12 0.016545126 
811 455 6 18 0.016535107 
526 163 10 15 0.016526332 
166 458 13 31 0.0165239 
413 89 6 10 0.016517932 
758 649 9 16 0.016498525 
891 73 5 14 0.016476156 
4 55 8 22 0.01646579 
911 267 13 25 0.016447907 
925 447 11 15 0.01644513 
28 342 12 19 0.016435876 
780 271 17 24 0.016433401 
975 199 8 16 0.01642522 
398 20 8 17 0.016425142 
797 440 6 19 0.016418042 
861 107 7 20 0.016417472 
154 309 13 25 0.016415477 
171 145 8 21 0.01641095 
418 475 14 32 0.016408527 
823 463 8 24 0.016402062 
824 353 7 16 0.016398303 
324 120 8 17 0.016390212 
522 345 17 30 0.016373387 
747 614 6 10 0.016371328 
322 84 8 15 0.016348913 
710 506 7 18 0.016340358 
332 603 13 24 0.016335407 
746 521 7 14 0.016331455 
939 -1 6 14 0.016331363 
786 562 6 11 0.016317198 
925 248 133 203 0.016311811 
305 301 15 23 0.016276026 
4 43 8 21 0.016275674 
646 502 21 19 0.016270773 
399 496 17 29 0.016257897 
361 42 9 17 0.016255759 
226 268 16 32 0.0162521 
937 624 7 16 0.016245667 
569 635 7 17 0.016229015 
141 249 12 21 0.01622187 
104 -1 162 236 0.01622181 
699 441 6 18 0.016205663 
964 147 7 14 0.016201528 
775 600 5 9 0.016189395 
2 119 10 26 0.01618231 
26 322 13 24 0.016172217 
831 245 13 23 0.016165001 
222 10 9 11 0.01616344 
131 637 10 12 0.016160352 
958 344 30 54 0.016159564 
967 86 5 14 0.016154598 
837 626 6 13 0.016150985 
754 331 15 31 0.01614747 
779 285 20 28 0.016147396 
377 563 8 11 0.01614523 
132 518 7 18 0.016142745 
703 196 141 200 0.01613683 
684 479 6 19 0.016135734 
36 669 12 17 0.016130276 
600 292 19 33 0.01612305 
70 669 29 19 0.016119858 
165 297 13 23 0.016112275 
222 571 8 13 0.016110817 
265 405 16 34 0.01609154 
297 1 9 8 0.0160896 
177 270 15 26 0.016082829 
391 152 9 13 0.016082367 
991 294 31 55 0.01607794 
528 71 9 14 0.016072692 
423 532 11 18 0.016070716 
766 272 15 25 0.016049504 
782 645 10 19 0.016046695 
775 521 6 13 0.016044535 
805 237 12 19 0.016041141 
311 25 7 10 0.016032992 
234 133 10 19 0.016032036 
862 612 7 16 0.015977815 
661 648 6 16 0.015954996 
632 646 6 20 0.01594184 
850 89 6 11 0.015936181 
994 384 36 54 0.015936125 
154 519 11 18 0.015934076 
405 87 5 12 0.01592969 
288 367 23 35 0.015915837 
753 304 15 32 0.015903883 
361 634 8 16 0.01589726 
645 138 9 13 0.015859535 
153 423 13 27 0.015857458 
378 573 8 11 0.01584395 
899 515 10 19 0.015835667 
1010 639 17 28 0.015824065 
602 173 14 18 0.015804397 
657 127 8 11 0.01580039 
890 109 6 17 0.015796196 
171 133 8 21 0.015778124 
757 9 9 10 0.01577372 
959 425 11 20 0.015769234 
984 382 14 30 0.015763996 
697 122 9 14 0.015758853 
23 220 13 25 0.015751638 
21 246 14 23 0.015729705 
482 274 21 39 0.015729468 
410 57 8 17 0.01572771 
182 295 14 25 0.015720155 
1001 162 9 34 0.015717365 
784 23 7 12 0.015707875 
841 446 16 29 0.01569416 
305 256 76 83 0.015690872 
991 148 7 20 0.015665088 
65 492 7 17 0.015664883 
861 86 6 14 0.015652 
372 199 11 19 0.015638553 
374 0 8 9 0.015622679 
1012 592 12 21 0.015620493 
602 111 9 13 0.015620134 
565 109 10 18 0.015614891 
917 47 6 12 0.015613748 
131 248 11 21 0.015608771 
32 142 6 11 0.015608047 
631 191 22 28 0.015607856 
577 619 12 24 0.015579784 
975 251 7 14 0.015562294 
917 37 5 10 0.015547427 
891 82 6 17 0.015542423 
976 517 11 23 0.015525527 
312 576 6 9 0.015522183 
156 359 156 200 0.015509101 
611 382 17 32 0.015507978 
1000 590 12 22 0.015490822 
804 172 14 20 0.015471672 
55 509 7 14 0.01545491 
975 425 10 21 0.015435649 
856 296 44 67 0.015434709 
888 123 7 16 0.015434346 
603 433 10 29 0.015432085 
680 149 11 14 0.015419491 
207 30 8 16 0.015407833 
743 61 9 14 0.015398865 
867 319 16 29 0.015396471 
2 539 8 28 0.015392751 
1011 -1 12 18 0.015387837 
24 620 13 20 0.015376427 
613 144 13 18 0.015375502 
614 525 13 27 0.015361417 
673 393 15 31 0.015358044 
989 425 11 22 0.015355065 
15 338 11 21 0.015351346 
900 108 6 18 0.015346048 
210 548 10 16 0.015341034 
949 153 7 13 0.015339636 
94 164 11 17 0.015338599 
131 235 11 21 0.015336663 
796 600 6 12 0.015334768 
216 243 14 26 0.015329543 
643 72 7 14 0.015324304 
280 175 14 21 0.015320799 
680 432 7 19 0.015320521 
876 45 5 16 0.015313054 
749 452 6 21 0.015307964 
205 186 13 20 0.015299012 
630 455 8 16 0.015283617 
957 524 15 27 0.015274406 
169 161 8 18 0.015250205 
30 96 7 19 0.0152420495 
136 273 20 36 0.015241392 
3 29 11 21 0.015239933 
150 537 6 12 0.015217835 
358 135 9 17 0.015209734 
78 164 10 15 0.015202399 
404 58 7 17 0.015196433 
965 99 6 13 0.015188578 
872 429 10 15 0.0151858395 
152 294 14 27 0.01518062 
1015 219 9 29 0.015172595 
502 494 8 17 0.015164283 
330 313 15 26 0.015161027 
134 467 5 21 0.015156216 
376 54 7 22 0.015142975 
810 395 13 25 0.01513451 
219 554 9 17 0.015123666 
206 571 8 13 0.015122445 
610 246 20 29 0.015120813 
873 610 8 18 0.015090873 
990 324 35 64 0.01509074 
292 407 16 30 0.015090095 
550 116 11 21 0.015089189 
781 98 8 14 0.015074736 
912 379 9 17 0.015072444 
878 157 6 10 0.015065148 
26 665 14 23 0.015064081 
439 35 8 12 0.015047866 
281 408 15 29 0.015045596 
873 455 8 16 0.015034211 
495 251 74 89 0.015030427 
782 673 12 19 0.015028534 
354 494 13 34 0.015021929 
606 134 12 14 0.015019262 
73 277 19 33 0.015016774 
450 9 11 12 0.015009735 
587 601 14 26 0.015002968 
334 280 16 24 0.014983442 
589 501 12 27 0.014979443 
937 637 7 13 0.0149786845 
203 246 14 23 0.014965197 
331 299 16 24 0.014957297 
846 174 15 18 0.014954234 
61 289 18 33 0.014947071 
202 230 16 27 0.014942452 
587 147 12 16 0.0149316965 
720 581 7 14 0.014927566 
208 1 6 10 0.014926284 
853 423 15 23 0.014904418 
746 534 7 12 0.014891821 
38 327 12 21 0.014883428 
147 510 6 14 0.0148830665 
241 145 13 22 0.014854778 
748 588 6 9 0.014847214 
147 494 6 18 0.014837254 
56 495 7 16 0.014831071 
740 204 17 28 0.014816044 
986 613 10 15 0.014774036 
1004 100 5 12 0.014772814 
47 394 26 30 0.0147634875 
55 621 8 15 0.014752575 
515 149 8 14 0.014749057 
919 462 18 25 0.014748673 
231 407 15 30 0.014741158 
33 585 8 16 0.014736517 
377 581 11 18 0.014729265 
975 146 8 17 0.014705534 
759 639 6 12 0.014678096 
762 359 17 31 0.014675469 
921 505 18 22 0.014673359 
708 660 301 309 0.014665501 
1004 69 7 17 0.014635613 
874 260 39 58 0.014626993 
733 465 7 23 0.014619668 
134 507 6 18 0.014618775 
299 23 7 11 0.0146153 
810 466 7 20 0.0146004995 
1006 116 5 9 0.01459354 
405 436 18 38 0.014590008 
797 637 6 13 0.014578974 
884 439 12 17 0.014571422 
522 131 10 21 0.014569264 
820 107 8 17 0.014567799 
903 8 5 19 0.014557932 
1015 609 11 17 0.014540443 
577 46 10 15 0.0145341735 
297 585 8 12 0.014531094 
288 61 6 14 0.014528888 
355 379 21 35 0.014524232 
897 438 12 18 0.014508803 
890 61 5 14 0.014504193 
1011 336 14 26 0.014497399 
976 138 6 12 0.014493237 
591 477 11 21 0.014491944 
514 62 8 12 0.014486019 
663 283 19 29 0.014477296 
209 11 5 9 0.014460135 
917 24 5 13 0.014457443 
411 620 11 21 0.014446664 
384 207 15 24 0.014445395 
25 609 12 18 0.014443114 
144 475 8 24 0.014432002 
963 224 7 15 0.014419039 
989 626 20 29 0.014399589 
902 48 5 13 0.014395294 
515 80 9 18 0.014392336 
143 324 9 24 0.014380964 
734 585 6 11 0.0143664535 
256 297 15 24 0.014326704 
577 606 14 22 0.01432581 
356 186 12 20 0.014292693 
24 393 19 35 0.01427109 
11 314 15 30 0.014234057 
992 254 6 15 0.014218467 
379 586 22 28 0.014191725 
216 217 15 29 0.014185149 
997 557 15 17 0.014179662 
614 5 17 16 0.014172554 
773 614 6 10 0.0141690215 
897 141 7 12 0.014165626 
551 72 10 15 0.014162197 
432 646 12 21 0.014160407 
391 137 7 15 0.014143024 
689 135 13 18 0.01413047 
590 136 9 13 0.014121092 
747 576 6 9 0.0141158365 
975 186 7 16 0.014114769 
747 113 7 12 0.014113501 
773 625 6 10 0.014082933 
622 200 19 28 0.014081226 
627 527 13 22 0.014075343 
820 126 8 13 0.014067661 
424 601 14 25 0.01406544 
870 465 10 24 0.014051243 
412 74 7 13 0.014050013 
359 436 13 27 0.014049339 
628 394 88 129 0.014024117 
112 278 16 31 0.014016452 
926 37 5 11 0.014005616 
501 458 14 29 0.014004529 
121 47 6 17 0.013996716 
776 534 5 13 0.013979931 
890 264 93 119 0.013978841 
501 122 7 18 0.01397064 
900 395 9 15 0.013968445 
732 506 7 19 0.013967617 
871 499 10 27 0.013963441 
422 513 13 24 0.013935514 
821 649 7 13 0.01393313 
105 585 6 13 0.013931531 
565 519 10 19 0.013926869 
567 620 9 21 0.013921251 
723 203 19 28 0.013912156 
618 100 8 12 0.013911842 
527 82 9 18 0.013911658 
529 621 7 20 0.013908677 
437 480 12 22 0.013904256 
567 303 23 34 0.013903779 
103 595 8 19 0.013902923 
748 601 5 8 0.0138835395 
927 98 6 16 0.0138817895 
221 0 8 10 0.013875257 
54 220 77 82 0.0138675785 
871 441 10 15 0.013856883 
273 10 7 10 0.013853067 
794 387 13 24 0.0137902405 
526 -2 9 9 0.013777802 
1 184 14 22 0.013773268 
525 397 14 28 0.013768974 
423 110 12 20 0.013758512 
390 108 7 18 0.013758487 
360 452 10 21 0.01375623 
373 596 10 19 0.013756017 
54 96 10 22 0.013737081 
664 358 16 28 0.013715241 
510 381 15 32 0.01371118 
89 417 12 16 0.013706188 
63 121 12 20 0.013703586 
2 247 11 19 0.01369465 
335 84 8 16 0.01369137 
66 136 9 14 0.013689795 
586 295 16 29 0.013667579 
975 240 7 14 0.013657813 
358 0 11 9 0.01365735 
961 441 9 18 0.013644855 
264 499 14 29 0.013633744 
628 440 10 21 0.013626725 
617 648 7 19 0.013607888 
574 348 18 30 0.0136021655 
444 500 13 24 0.013587664 
627 427 12 24 0.013581601 
620 115 8 11 0.013562021 
1004 58 8 19 0.013561824 
1016 101 7 13 0.013560899 
794 138 13 16 0.013559827 
741 351 75 90 0.013557531 
592 33 9 15 0.013538935 
450 70 11 15 0.01353828 
195 171 11 18 0.013516499 
565 503 11 22 0.013508618 
167 413 12 23 0.013506254 
877 122 6 16 0.013497325 
375 35 7 13 0.013496282 
543 153 8 13 0.013495451 
258 33 8 15 0.013493198 
2 82 8 22 0.013485469 
40 621 10 16 0.013483909 
925 155 8 11 0.0134815555 
894 84 134 239 0.013453432 
387 69 6 18 0.01343209 
251 441 16 35 0.013424212 
303 378 25 35 0.0134171285 
599 386 17 31 0.013410592 
164 534 12 17 0.013395257 
363 582 8 13 0.01339212 
552 82 10 17 0.013391099 
793 45 8 16 0.01339009 
437 109 11 18 0.013383818 
849 639 7 11 0.013377145 
624 381 16 34 0.013352348 
38 205 11 24 0.013350375 
902 510 7 14 0.013347059 
166 282 14 23 0.013343769 
61 377 17 23 0.01334184 
716 437 11 26 0.013340856 
387 44 7 17 0.013339825 
55 57 9 17 0.013334806 
116 410 12 24 0.013332304 
993 240 5 16 0.013327198 
712 522 6 13 0.013320786 
414 19 8 15 0.013320723 
461 181 17 23 0.01332031 
746 563 6 10 0.013303474 
582 538 17 28 0.013303161 
860 155 7 10 0.013286528 
309 1 9 8 0.013285016 
345 581 8 16 0.013284904 
265 435 15 30 0.013281547 
66 151 9 13 0.013243682 
834 106 8 18 0.013242808 
434 636 9 16 0.0132292565 
977 352 32 63 0.013224514 
822 627 7 12 0.0132230595 
717 162 10 15 0.013222685 
902 495 7 16 0.013221548 
578 632 9 22 0.01321794 
66 195 12 22 0.013210359 
365 597 7 14 0.01320094 
823 90 6 10 0.013180606 
309 10 9 11 0.01317805 
486 298 76 94 0.013173859 
5 638 11 15 0.013171046 
386 559 12 14 0.013163423 
579 430 9 19 0.013156867 
407 416 18 31 0.013151029 
53 80 9 23 0.013139498 
602 33 9 17 0.0131257055 
589 16 11 14 0.013115357 
1013 163 11 34 0.0131137585 
923 47 8 14 0.013112568 
491 383 21 32 0.013107164 
95 70 6 18 0.013106961 
592 101 8 13 0.013102353 
2 66 9 23 0.0131008485 
628 513 14 19 0.0130954 
681 97 7 14 0.013087514 
593 45 8 16 0.01308446 
924 232 9 18 0.013047629 
345 175 11 18 0.013045173 
858 592 12 20 0.013044189 
280 435 14 29 0.013041355 
821 640 7 11 0.0130387265 
733 163 9 14 0.0130348625 
771 151 10 15 0.01303058 
416 360 19 30 0.013025994 
778 341 18 31 0.013011087 
14 551 8 26 0.0129956165 
704 115 8 13 0.012991386 
916 8 5 15 0.012988236 
333 620 12 19 0.01298427 
784 57 7 14 0.012963331 
0 372 10 27 0.01296077 
351 573 7 11 0.012958177 
330 218 18 25 0.012943024 
163 472 13 31 0.012931851 
431 348 16 25 0.012927037 
401 31 9 17 0.012926817 
241 133 11 22 0.012914868 
617 454 8 19 0.012906323 
504 151 8 15 0.012904289 
81 65 7 22 0.012901039 
44 607 8 16 0.012898817 
953 138 6 12 0.012894228 
450 1 9 8 0.012893221 
294 432 14 34 0.012886595 
875 -14 6 13 0.012884085 
757 58 8 12 0.012878859 
913 108 7 19 0.012878785 
1004 86 6 14 0.01286645 
500 47 11 15 0.012864777 
49 290 17 32 0.012862646 
897 555 12 23 0.012859559 
301 617 14 26 0.012855212 
240 460 14 29 0.012853736 
643 541 10 22 0.012828997 
62 360 16 27 0.012823327 
286 149 9 18 0.012822228 
780 397 12 26 0.012819561 
795 37 7 13 0.012815493 
890 96 6 18 0.012815132 
147 520 7 13 0.012795103 
766 409 14 29 0.012789737 
617 610 7 20 0.01278408 
1 438 8 26 0.012778663 
67 467 6 17 0.01277322 
954 97 5 15 0.012758203 
134 495 6 17 0.012750085 
677 415 9 23 0.012745117 
759 125 7 13 0.012742644 
959 580 9 22 0.012727537 
757 134 10 18 0.012687623 
553 137 9 14 0.012684911 
395 372 22 29 0.012680922 
144 171 9 19 0.01267481 
964 46 7 13 0.01267196 
874 111 7 17 0.0126631325 
705 414 10 21 0.012662094 
787 462 6 23 0.012655967 
417 446 16 34 0.012653406 
900 593 8 24 0.01264246 
87 393 12 19 0.012640807 
502 37 7 12 0.0126289455 
42 85 7 18 0.012621527 
563 490 13 19 0.012621455 
879 302 19 33 0.0126141 
980 597 7 16 0.012607053 
811 478 6 22 0.01260186 
502 133 9 18 0.012591647 
714 303 20 30 0.012570286 
780 411 11 26 0.01256334 
863 -14 5 13 0.012563056 
992 223 6 20 0.012551178 
499 59 11 14 0.012548041 
537 71 9 14 0.012544331 
49 310 97 106 0.012541129 
8 4 16 25 0.012539605 
648 286 18 25 0.01252884 
881 373 15 22 0.01252716 
375 625 7 14 0.012521115 
556 647 7 16 0.012520408 
652 389 13 24 0.012515668 
795 429 7 20 0.012501768 
130 106 8 26 0.012500732 
68 65 8 21 0.012494629 
157 175 11 17 0.012480722 
105 640 11 12 0.0124763865 
316 283 17 26 0.012466249 
688 328 16 32 0.012465838 
639 527 14 22 0.012464078 
744 647 12 19 0.012458093 
54 66 9 20 0.012446547 
746 166 9 13 0.012443389 
951 -2 6 13 0.012439035 
877 138 7 14 0.012438513 
61 348 15 24 0.012437847 
78 465 8 18 0.0124355685 
704 621 11 16 0.012432892 
407 256 16 28 0.012430609 
472 305 17 32 0.012420924 
57 663 9 11 0.01240974 
307 610 9 18 0.012409414 
913 565 12 23 0.012400394 
281 460 14 34 0.0123999035 
391 280 21 30 0.012388807 
373 458 9 18 0.012388503 
922 494 13 17 0.012382829 
18 520 6 16 0.0123821525 
976 442 9 19 0.01237905 
883 452 10 17 0.012369458 
760 625 6 10 0.012359711 
245 240 17 29 0.012345434 
728 332 16 31 0.012336862 
515 610 7 14 0.0123361815 
439 10 9 10 0.012330607 
627 540 11 24 0.012330176 
155 588 8 14 0.012327401 
898 141 68 113 0.012326147 
397 0 9 9 0.012321271 
480 321 21 33 0.012317837 
808 612 8 13 0.012312674 
759 522 6 13 0.012311259 
313 585 6 13 0.012309335 
935 537 13 23 0.012307665 
177 437 14 26 0.012299992 
368 474 19 41 0.012298099 
697 522 5 12 0.012290995 
779 372 15 26 0.012274554 
575 58 10 16 0.012267399 
602 489 12 24 0.012265412 
481 674 360 288 0.012252478 
689 193 23 31 0.012232889 
975 209 8 18 0.012179369 
854 240 17 29 0.012175646 
144 161 8 18 0.01217087 
64 572 7 14 0.0121590905 
886 493 9 19 0.012153787 
885 608 9 21 0.012153763 
703 638 11 14 0.012150283 
672 452 6 22 0.012132212 
254 577 17 26 0.012119256 
824 439 9 19 0.012115774 
54 152 9 12 0.012112203 
35 519 9 18 0.012099657 
30 593 9 15 0.012096087 
954 85 5 16 0.012093423 
99 573 5 12 0.012087737 
200 137 7 15 0.012086405 
625 131 13 17 0.012078527 
51 192 11 25 0.012067597 
550 9 11 15 0.012064267 
696 506 7 18 0.012062572 
687 371 16 30 0.01205454 
281 208 15 23 0.01204876 
502 94 8 21 0.012041208 
812 639 6 12 0.012032748 
546 424 19 25 0.01202132 
959 676 12 11 0.01202029 
73 377 18 24 0.012012591 
541 0 8 8 0.01200354 
844 367 39 49 0.012002758 
667 640 7 11 0.011996326 
914 478 10 16 0.01198457 
385 639 9 17 0.011983029 
604 45 8 18 0.011977599 
811 442 6 17 0.011963061 
788 519 6 15 0.011951168 
165 310 11 23 0.011950655 
706 150 9 14 0.011935103 
489 11 8 11 0.0119350795 
758 504 8 19 0.011930958 
77 237 91 107 0.011921457 
322 0 10 10 0.011917617 
912 507 10 14 0.0119145 
606 90 6 11 0.011910576 
592 125 9 13 0.011894549 
873 625 6 15 0.011893165 
336 200 62 91 0.011885301 
860 121 7 17 0.01187992 
756 425 11 26 0.011878364 
573 549 17 22 0.01187306 
555 638 6 14 0.011870968 
976 224 7 17 0.011865201 
959 553 12 23 0.011853194 
963 177 7 13 0.011847509 
606 637 7 18 0.011843206 
706 86 6 14 0.011840868 
434 121 11 18 0.011830528 
180 309 12 24 0.011824844 
527 207 23 29 0.011821234 
784 137 10 14 0.011786915 
247 22 7 11 0.011782617 
660 663 6 15 0.0117819775 
698 115 7 12 0.011772716 
626 411 13 26 0.011771739 
937 8 7 15 0.01177093 
166 658 11 18 0.011759819 
567 140 9 12 0.011749039 
960 160 9 16 0.0117447395 
882 592 11 26 0.011742508 
965 692 49 95 0.011742332 
500 83 9 18 0.011741646 
837 90 6 10 0.011734129 
180 144 10 22 0.011732752 
862 625 7 14 0.011732675 
569 647 7 18 0.011732448 
16 588 8 15 0.011729435 
566 10 14 15 0.011727671 
641 453 9 18 0.011725523 
55 137 8 13 0.01172434 
699 417 7 18 0.011723246 
356 404 17 36 0.011715823 
582 376 17 39 0.011711038 
348 597 7 15 0.011710193 
312 149 9 18 0.011706904 
785 88 6 12 0.01170301 
0 401 10 27 0.011687986 
832 571 13 14 0.011681588 
359 513 9 27 0.011670081 
963 -3 7 14 0.011668975 
51 328 11 20 0.011664974 
75 305 15 31 0.011651989 
121 57 7 19 0.011650853 
502 507 8 16 0.011649607 
43 71 7 15 0.011645522 
397 392 20 33 0.011635159 
642 111 8 12 0.011631366 
950 625 6 14 0.0116286855 
200 0 5 11 0.011597975 
575 488 13 23 0.011595756 
718 599 7 12 0.011594159 
422 349 14 24 0.01157655 
201 23 5 11 0.011571547 
647 270 16 29 0.0115510635 
235 147 11 17 0.011550395 
156 187 13 18 0.011545451 
614 355 18 32 0.011544559 
53 122 13 18 0.011543483 
28 361 16 26 0.011536019 
217 160 12 20 0.011529563 
813 649 6 13 0.011522001 
413 636 11 17 0.011519904 
717 149 9 15 0.011519632 
616 0 11 8 0.011516647 
577 412 11 24 0.011515795 
243 256 17 27 0.011513933 
704 132 10 17 0.011512153 
676 319 15 31 0.011498851 
718 176 12 15 0.011472739 
823 477 8 22 0.01147049 
671 99 7 13 0.0114665 
1012 655 16 23 0.011457855 
288 47 6 14 0.011454863 
811 428 7 18 0.011454222 
591 437 8 23 0.011448419 
639 511 17 20 0.011430424 
851 -5 5 15 0.011411532 
339 565 6 11 0.011404671 
631 88 7 12 0.011398156 
837 639 6 10 0.011388564 
679 208 12 23 0.011382172 
19 496 5 15 0.011377043 
950 611 7 16 0.0113625135 
599 567 11 21 0.011361968 
960 455 9 16 0.011356119 
899 454 9 14 0.011354352 
11 -168 18 20 0.011347888 
834 172 13 18 0.01134455 
761 615 6 10 0.011333389 
45 59 7 14 0.011332437 
40 413 15 23 0.011325558 
246 286 83 99 0.011320952 
297 598 8 15 0.011317168 
603 161 13 17 0.011311035 
672 428 7 21 0.011309952 
134 546 7 15 0.011309509 
67 508 6 14 0.011306784 
223 21 8 13 0.011299277 
42 237 12 22 0.011292119 
602 126 10 13 0.011284819 
673 442 6 19 0.011272556 
525 596 11 18 0.011251572 
543 621 6 17 0.011249047 
65 480 7 18 0.011243606 
83 403 16 19 0.011238042 
285 10 8 10 0.011230415 
978 583 8 18 0.011222206 
36 381 19 33 0.011220026 
996 380 17 30 0.011218887 
638 384 15 30 0.011215012 
847 137 7 14 0.011211015 
366 389 21 37 0.0112092225 
908 279 15 30 0.011199482 
32 542 9 18 0.0111954585 
748 173 64 75 0.011185433 
343 370 17 32 0.011176552 
40 96 9 20 0.011174585 
603 596 10 19 0.011167295 
56 432 9 14 0.011162156 
990 212 7 19 0.011159415 
877 287 47 87 0.01114844 
31 499 7 13 0.011136144 
573 31 13 17 0.011129247 
934 649 10 14 0.01111827 
981 613 7 12 0.011117641 
308 354 81 93 0.011116461 
990 201 7 18 0.011107789 
445 540 16 23 0.011100988 
564 540 15 23 0.0110962875 
991 73 5 13 0.011095043 
761 535 5 11 0.01109431 
850 123 6 16 0.011093138 
864 576 19 29 0.011085588 
1015 193 9 32 0.01107744 
912 638 8 12 0.01105555 
567 0 10 8 0.011054052 
773 57 7 13 0.0110516865 
470 254 21 34 0.011040482 
787 548 5 11 0.011033279 
385 500 16 27 0.011033195 
481 301 20 36 0.011023668 
393 217 17 29 0.011014491 
324 111 8 16 0.0110128075 
271 173 12 20 0.011010887 
964 113 6 13 0.011006489 
162 488 11 25 0.010993681 
0 343 9 18 0.010990974 
764 256 17 26 0.010988498 
127 183 10 20 0.010983711 
863 75 4 12 0.010983679 
965 481 9 16 0.010972697 
695 98 8 14 0.010972237 
492 494 7 16 0.010968043 
95 84 6 20 0.010957153 
295 175 12 17 0.010937003 
108 658 22 19 0.010933218 
474 146 10 16 0.01093068 
230 460 14 27 0.0109252175 
155 656 13 18 0.010916126 
528 494 8 16 0.010912179 
762 382 18 33 0.010903819 
179 470 15 31 0.010902579 
984 418 38 63 0.01090186 
267 486 12 27 0.010894243 
389 32 8 16 0.010888499 
210 530 10 16 0.010883919 
567 59 9 14 0.010867465 
377 638 7 14 0.01086526 
713 186 18 25 0.010861243 
1013 619 14 23 0.010859 
278 397 84 130 0.010849271 
659 320 21 29 0.010847962 
605 606 9 22 0.010838204 
887 -14 6 13 0.0108365165 
796 575 7 13 0.010832398 
897 525 13 22 0.010830437 
74 -186 334 117 0.010815295 
181 134 8 20 0.010807299 
880 576 15 29 0.0108064115 
480 356 67 81 0.010804862 
15 571 7 19 0.010797985 
0 204 15 25 0.010796977 
975 473 11 16 0.0107953865 
4 608 11 21 0.010787456 
976 455 10 18 0.010786364 
398 438 14 32 0.010786316 
544 355 20 34 0.010782838 
210 583 7 13 0.010774013 
132 628 9 11 0.010767955 
317 300 16 23 0.010766944 
831 577 15 21 0.010759893 
773 90 6 11 0.01075558 
951 71 5 15 0.0107470695 
942 111 5 15 0.01074501 
129 647 13 13 0.010740786 
886 504 9 21 0.010720224 
855 542 15 22 0.010716927 
833 589 13 23 0.0107106 
593 110 8 13 0.01070459 
784 662 8 14 0.010701257 
912 362 10 21 0.01070105 
503 608 9 17 0.010682685 
711 298 35 58 0.01068185 
378 353 22 34 0.010678111 
29 71 7 16 0.010674253 
647 647 5 17 0.010674131 
188 244 15 23 0.010673834 
449 484 9 15 0.010669902 
987 437 14 26 0.010665841 
346 160 9 18 0.010663009 
143 212 13 22 0.010661962 
192 605 10 25 0.01065972 
432 410 16 25 0.010657748 
413 10 9 13 0.010649501 
375 182 13 25 0.010648713 
98 585 6 12 0.010648572 
194 137 84 88 0.010646352 
202 11 5 11 0.010637078 
5 645 13 16 0.0106364805 
994 543 20 22 0.010632638 
218 135 10 16 0.010628356 
188 469 20 38 0.010609389 
474 622 9 20 0.010609329 
288 71 6 16 0.010601473 
361 531 8 21 0.010600458 
775 547 6 12 0.010596663 
241 269 17 29 0.01058675 
603 452 9 24 0.010583014 
922 522 17 23 0.010581032 
769 662 9 14 0.010578571 
774 39 6 10 0.0105763655 
770 135 11 16 0.010570159 
525 417 13 20 0.010566072 
229 438 15 23 0.010562392 
942 127 5 13 0.01056164 
475 132 12 19 0.010560409 
278 392 19 32 0.010556629 
643 102 7 11 0.010556075 
56 466 7 19 0.010553502 
30 86 7 17 0.010547832 
601 558 10 18 0.010539652 
974 557 12 20 0.010539096 
897 540 12 20 0.0105384 
632 611 6 17 0.010526171 
698 552 6 9 0.010523246 
691 347 13 27 0.010514367 
333 175 11 17 0.010499658 
268 195 15 24 0.010497552 
354 260 75 83 0.010496998 
685 551 5 11 0.0104968045 
348 527 8 26 0.010495418 
796 507 7 20 0.010494863 
195 321 15 30 0.010491952 
602 500 13 29 0.010485834 
902 366 74 119 0.01048443 
129 672 73 68 0.010482066 
671 465 7 19 0.010481274 
495 289 19 34 0.010478846 
155 161 10 19 0.0104752835 
267 559 10 15 0.010474738 
101 605 10 21 0.010472391 
209 44 6 17 0.010465689 
786 535 5 13 0.0104648 
304 649 12 19 0.010457504 
909 525 15 22 0.010456739 
129 161 10 19 0.010454726 
835 125 7 14 0.010453696 
927 111 5 16 0.010448222 
162 304 76 92 0.010447181 
67 522 7 13 0.0104412325 
876 60 5 15 0.0104396865 
993 129 5 10 0.010435391 
228 243 16 29 0.010434933 
198 448 19 28 0.010434624 
746 546 7 12 0.010432723 
406 361 19 26 0.010431211 
347 82 8 19 0.010427201 
552 0 8 8 0.010424219 
268 529 11 19 0.010423079 
56 456 6 13 0.010408924 
303 255 17 28 0.010407774 
439 1 8 8 0.010405884 
683 88 6 12 0.010394178 
954 127 5 12 0.010382125 
58 477 7 18 0.010381523 
603 20 9 12 0.010378417 
551 61 10 13 0.010374755 
941 138 6 12 0.010367638 
642 125 9 14 0.010360551 
90 436 10 21 0.010358688 
740 327 16 34 0.010354627 
909 438 12 18 0.010349145 
116 287 86 105 0.010336637 
462 128 154 198 0.010333925 
954 112 5 14 0.010332726 
542 132 9 18 0.010329844 
64 321 13 25 0.010319475 
971 675 14 12 0.010317006 
514 494 7 16 0.010315473 
197 562 6 11 0.010311184 
806 221 11 20 0.010307298 
255 460 13 30 0.010294664 
822 614 7 14 0.010279069 
700 570 7 13 0.01027216 
768 313 11 20 0.010261611 
775 563 5 10 0.010261166 
79 427 11 15 0.010259065 
923 648 12 17 0.010223328 
639 439 12 23 0.010222824 
770 673 13 19 0.010220781 
419 496 16 30 0.010220664 
246 510 15 30 0.010215644 
2 151 8 15 0.0102130305 
948 675 12 12 0.010211204 
649 511 16 20 0.010206299 
670 483 8 16 0.010199047 
41 142 7 10 0.01019432 
436 660 10 16 0.010187389 
566 46 11 14 0.010186213 
448 110 10 17 0.010185047 
838 651 6 11 0.010181766 
74 362 16 26 0.010175015 
863 392 34 45 0.010173124 
949 636 7 12 0.010162034 
233 22 9 12 0.010161223 
243 488 13 27 0.010148454 
246 1 8 9 0.01014547 
490 23 7 13 0.010123605 
64 545 8 15 0.01012316 
300 578 5 9 0.010122148 
990 597 8 16 0.010118951 
898 566 13 25 0.01011474 
992 100 5 11 0.010109528 
195 637 10 17 0.010107962 
323 134 8 18 0.010105348 
332 0 11 9 0.01009588 
1007 346 17 31 0.010091753 
771 124 8 14 0.010087849 
885 540 11 23 0.010077407 
316 268 19 28 0.010074677 
429 584 18 34 0.010072964 
416 279 21 32 0.010069332 
1012 43 12 27 0.010067156 
811 626 6 12 0.010064363 
639 242 18 28 0.010064086 
601 524 12 27 0.010057542 
391 100 6 14 0.010052995 
301 178 58 79 0.010041764 
735 599 6 10 0.010040617 
758 149 9 16 0.0100329565 
133 534 6 14 0.010028049 
464 505 10 17 0.010017477 
606 649 6 18 0.010006355 
543 318 98 131 0.010000248 
