12_Group_Team_Organized_Group_12_Group_Team_Organized_Group_12_274
857
337 171 53 80 0.9998549 
637 187 48 77 0.999811 
537 204 46 67 0.9996176 
446 180 52 76 0.9996026 
262 194 51 79 0.9994116 
167 263 89 86 0.3444267 
289 177 76 76 0.09610977 
835 18 180 199 0.08321168 
315 177 21 39 0.079470605 
464 154 23 33 0.065319054 
601 261 14 33 0.05752582 
493 37 813 811 0.05432072 
586 245 13 27 0.052544225 
597 523 5 11 0.045098566 
193 272 47 48 0.044121664 
597 548 4 11 0.044097394 
590 226 65 96 0.04363454 
-50 640 306 326 0.042103976 
599 535 4 13 0.041637532 
759 295 10 28 0.040462803 
461 148 18 25 0.04021204 
570 184 16 27 0.04016684 
665 596 10 18 0.03999443 
177 537 21 26 0.039738547 
435 170 16 32 0.039080888 
714 234 14 25 0.03816936 
603 535 7 14 0.03719095 
117 194 166 149 0.036546636 
704 223 14 24 0.035668384 
766 298 9 23 0.03549435 
101 187 12 32 0.034217663 
605 250 10 23 0.03393997 
184 76 6 10 0.032584168 
714 225 12 19 0.032329198 
647 382 4 13 0.03205181 
201 234 16 25 0.031904407 
702 242 16 30 0.03173109 
659 380 4 16 0.031473264 
816 -198 229 183 0.031345632 
596 561 5 11 0.031344008 
9 86 193 148 0.03131676 
591 257 11 27 0.031243779 
586 222 13 29 0.031220814 
605 545 5 13 0.030662416 
586 197 13 26 0.030634798 
5 8 9 16 0.030616404 
115 194 9 24 0.030488662 
768 310 8 25 0.030285086 
610 260 13 29 0.030234247 
160 498 16 34 0.029598411 
655 207 28 33 0.029593443 
604 236 11 25 0.028706122 
755 275 10 20 0.027886448 
694 299 8 21 0.027511653 
645 394 4 13 0.027193405 
162 106 11 21 0.026948666 
566 177 11 17 0.026777359 
480 157 17 31 0.02672136 
105 204 8 26 0.026651097 
770 323 8 24 0.02603399 
185 84 7 14 0.025955789 
659 393 4 14 0.025758564 
-4 185 211 141 0.025692638 
605 524 5 11 0.025427615 
463 138 12 15 0.025387116 
613 301 11 24 0.025378758 
658 369 5 17 0.024793135 
654 163 11 17 0.024355764 
172 75 6 10 0.024236992 
193 86 7 12 0.024183162 
597 513 4 11 0.02417751 
751 67 13 23 0.024008801 
163 116 12 23 0.023815561 
205 224 12 20 0.023757614 
197 77 5 10 0.02375066 
550 227 72 124 0.023624139 
608 367 5 13 0.023619542 
608 95 6 15 0.023556184 
429 193 11 26 0.02352692 
118 209 7 20 0.023460047 
891 125 4 17 0.023385882 
309 173 15 26 0.023225466 
820 44 8 24 0.022943974 
449 295 8 20 0.022690203 
746 271 11 23 0.022690164 
510 206 16 34 0.022575762 
165 98 10 17 0.022530256 
605 221 12 26 0.022392733 
178 146 11 20 0.02229449 
555 336 7 25 0.022279074 
358 149 12 18 0.022192417 
876 149 5 17 0.022079704 
963 414 7 20 0.021928927 
168 138 9 16 0.021924233 
209 227 86 105 0.021900874 
749 122 5 16 0.021885958 
80 512 8 14 0.021795796 
283 324 8 25 0.02178973 
671 368 5 18 0.021766486 
646 405 5 16 0.021727053 
541 361 8 29 0.021684574 
755 265 8 16 0.021635802 
167 147 12 18 0.021553574 
157 99 11 18 0.021531055 
574 175 12 19 0.02152436 
502 109 7 19 0.021317532 
520 564 5 8 0.021292586 
603 560 7 14 0.021249188 
747 264 9 17 0.021232147 
843 570 242 326 0.021206388 
172 597 6 13 0.021151794 
493 90 4 10 0.021114545 
707 314 8 19 0.021063466 
409 60 10 16 0.02090634 
76 522 12 15 0.020859104 
594 574 6 12 0.020803945 
5 76 5 11 0.020759426 
19 88 4 10 0.020727154 
552 176 10 16 0.020718066 
632 124 6 16 0.020706391 
376 109 7 18 0.02064533 
666 282 10 26 0.020592697 
890 114 4 15 0.020556062 
722 96 7 17 0.020554584 
372 308 11 39 0.020481504 
472 137 13 19 0.020470783 
158 75 7 11 0.0204262 
655 283 9 26 0.020394081 
320 164 12 19 0.020344494 
324 136 8 17 0.020064114 
494 97 5 14 0.020010758 
530 564 5 10 0.02000796 
706 215 10 19 0.01999913 
681 109 198 170 0.019964686 
196 95 8 15 0.0198653 
792 119 206 183 0.019758316 
745 284 10 24 0.019748881 
664 162 12 19 0.019652743 
519 367 6 19 0.019566948 
691 239 14 33 0.019566482 
196 117 10 20 0.019552005 
769 291 7 17 0.0195455 
565 337 7 24 0.019458318 
208 261 27 33 0.019456109 
721 91 6 11 0.019362181 
1002 666 6 8 0.019274188 
837 109 5 18 0.019234652 
583 103 155 162 0.01922464 
876 137 5 18 0.019185133 
891 137 4 17 0.019112358 
720 301 7 19 0.019109497 
669 380 6 18 0.019103887 
312 165 10 17 0.019092236 
191 251 16 21 0.019060891 
694 283 9 25 0.019038029 
812 44 8 24 0.019034741 
630 134 8 19 0.01900908 
499 205 14 32 0.018999742 
155 511 12 24 0.018889137 
146 73 7 12 0.018845322 
666 585 9 17 0.018815877 
851 151 5 15 0.0187907 
483 148 12 21 0.018666022 
534 447 4 14 0.018653424 
705 302 8 19 0.018581742 
171 219 86 82 0.018567808 
371 150 11 17 0.01856175 
659 110 5 16 0.018541586 
427 108 8 20 0.018446518 
760 320 9 28 0.018403523 
545 448 3 12 0.018384116 
717 327 11 25 0.018300058 
296 294 10 29 0.018226484 
549 185 17 23 0.018105092 
474 124 10 17 0.018063301 
749 135 5 16 0.018015351 
493 109 7 18 0.018013012 
667 300 8 22 0.01797321 
383 309 11 33 0.01791065 
92 160 9 14 0.017894242 
1015 663 6 10 0.01787015 
497 168 76 85 0.01783116 
645 164 8 15 0.017828822 
683 300 7 21 0.017827252 
785 33 7 14 0.01770947 
201 117 13 24 0.017631013 
187 600 5 13 0.01754988 
531 431 4 15 0.017523179 
592 268 14 34 0.017522817 
865 149 5 17 0.017522097 
299 324 7 23 0.017514307 
851 164 4 14 0.017502397 
615 321 9 24 0.017476073 
692 310 10 22 0.017431015 
262 559 6 17 0.017386347 
864 137 5 17 0.017328408 
658 301 7 20 0.017323198 
902 126 4 17 0.017282853 
745 253 8 14 0.017274061 
304 184 22 38 0.017247608 
360 138 10 16 0.017194983 
374 121 8 18 0.01718377 
304 278 15 34 0.01716904 
194 212 9 15 0.017153164 
410 70 9 14 0.017137567 
424 202 14 33 0.017131368 
206 215 10 16 0.017072262 
183 67 5 9 0.017068999 
891 149 4 17 0.01705916 
502 99 6 14 0.017058056 
611 249 13 24 0.017047394 
435 108 8 20 0.017041994 
316 66 4 10 0.016978655 
544 460 4 12 0.016955806 
324 72 5 11 0.016946996 
654 200 76 111 0.016893025 
681 283 9 24 0.01687604 
718 313 8 21 0.016855437 
617 367 5 14 0.01680672 
661 172 16 25 0.016806263 
729 250 10 17 0.016777262 
729 238 10 16 0.01675093 
210 76 5 10 0.016731998 
647 421 4 13 0.016724069 
602 145 11 20 0.016719332 
171 587 6 15 0.016713956 
439 161 12 23 0.016705504 
608 275 16 38 0.016671011 
196 132 9 16 0.016645141 
732 297 9 23 0.016619388 
589 189 11 19 0.016612751 
561 125 89 98 0.016612751 
185 92 9 16 0.016578604 
531 48 6 15 0.016569199 
760 125 5 15 0.01656328 
850 137 5 17 0.016555125 
672 70 5 14 0.016544975 
19 75 5 11 0.016542086 
218 271 28 33 0.016484642 
744 240 8 14 0.016428785 
204 130 11 20 0.016358994 
666 573 7 17 0.016341003 
657 86 5 17 0.016302403 
608 357 5 14 0.016292341 
395 204 14 34 0.016275285 
773 338 7 19 0.016241224 
567 135 9 16 0.016225545 
671 393 6 17 0.016211517 
19 64 5 10 0.016193245 
542 177 10 15 0.016182734 
734 123 6 17 0.016144631 
519 553 5 7 0.01613477 
184 260 25 27 0.0161339 
542 335 8 26 0.016129596 
205 146 11 21 0.016129043 
568 126 7 14 0.016091751 
493 76 4 12 0.016082933 
349 150 11 17 0.016020613 
604 138 9 16 0.016013894 
553 322 8 26 0.016013121 
644 123 6 16 0.015960269 
878 113 4 15 0.015925094 
811 33 7 15 0.015891753 
37 110 8 15 0.01588163 
482 90 4 10 0.01588157 
259 149 8 18 0.015878396 
194 148 10 17 0.015861744 
703 265 12 30 0.015751572 
180 137 9 16 0.015735684 
321 296 10 28 0.015728684 
518 395 5 13 0.015703466 
717 216 8 15 0.015702706 
286 84 7 13 0.015680626 
514 285 11 30 0.015663251 
977 262 7 22 0.015596814 
647 366 5 17 0.015563257 
715 252 13 28 0.015544749 
6 19 7 15 0.0155436555 
502 121 8 18 0.015538877 
401 147 9 17 0.015537943 
658 315 7 19 0.015510048 
454 140 8 13 0.015502462 
646 110 5 16 0.015493951 
335 302 8 19 0.015467395 
276 75 5 10 0.01540345 
601 286 15 36 0.01538411 
566 350 7 23 0.015381077 
259 163 10 17 0.0153589435 
193 204 8 14 0.015348758 
784 47 7 15 0.015321929 
104 689 350 271 0.015320218 
323 149 9 17 0.015306858 
529 364 6 24 0.015275925 
412 205 13 31 0.015265773 
15 -185 255 134 0.015214263 
207 159 10 19 0.015209834 
794 33 8 16 0.015197633 
441 307 7 29 0.015177157 
784 134 6 17 0.015159619 
-19 235 176 208 0.015132079 
274 65 5 9 0.01513195 
447 56 10 24 0.015087918 
731 97 7 17 0.01507648 
567 46 7 14 0.015075984 
93 154 8 10 0.014990578 
452 149 12 17 0.01498532 
772 49 7 13 0.014979522 
693 264 11 32 0.014968731 
607 109 6 17 0.014964578 
670 59 7 15 0.014964241 
27 98 7 13 0.014922752 
964 428 7 26 0.014917978 
491 60 6 16 0.014841803 
245 143 81 105 0.014807541 
505 88 4 12 0.014790931 
476 58 7 19 0.014785346 
748 62 8 13 0.014777797 
976 222 9 26 0.014770246 
517 414 7 24 0.014689044 
300 338 8 22 0.014686284 
285 77 6 10 0.014675068 
864 164 4 15 0.014673615 
247 173 11 20 0.014671097 
157 116 11 20 0.014615863 
658 97 6 16 0.014611276 
704 283 9 24 0.014590489 
159 469 6 14 0.01456654 
217 222 14 23 0.014516959 
655 150 9 18 0.014478017 
577 146 11 20 0.01446409 
578 136 9 16 0.014419831 
966 308 5 15 0.014391524 
532 571 5 10 0.014345921 
719 286 9 21 0.014325823 
676 161 84 105 0.014311541 
159 151 8 13 0.014302805 
592 146 10 19 0.014297188 
732 312 8 22 0.014292839 
565 323 8 24 0.014284056 
706 324 13 27 0.01428221 
615 354 7 17 0.014273318 
811 135 6 17 0.014267508 
382 162 13 21 0.01426008 
104 161 8 13 0.014258056 
683 85 6 15 0.01424719 
518 576 5 8 0.01424506 
534 459 5 14 0.0142442025 
490 121 8 18 0.014243654 
411 83 8 14 0.014233595 
518 384 5 13 0.014223401 
748 149 6 16 0.01419908 
400 136 9 17 0.014194102 
264 528 6 19 0.014179709 
902 115 4 15 0.014166906 
486 137 11 18 0.0141558135 
795 45 7 20 0.014127069 
619 125 6 14 0.014107677 
324 65 5 10 0.01408298 
430 176 7 18 0.0140700685 
284 307 9 29 0.014066828 
515 240 14 38 0.014058762 
839 151 5 15 0.014052562 
593 125 7 14 0.014039264 
324 125 7 17 0.014029076 
193 160 9 17 0.014026809 
444 296 6 22 0.0140260225 
526 196 15 27 0.014019549 
660 585 7 13 0.014012386 
734 136 7 16 0.013987472 
606 125 6 13 0.01396041 
449 306 8 28 0.0139297 
1000 675 8 13 0.013922784 
497 224 15 35 0.013900014 
172 641 6 9 0.013899615 
672 112 5 14 0.013891291 
578 256 13 27 0.013862684 
349 138 9 17 0.013845837 
596 498 5 10 0.013833627 
825 89 5 12 0.013812541 
619 44 8 20 0.013789229 
676 173 13 23 0.013755458 
352 114 88 85 0.013752393 
273 326 7 22 0.01374967 
977 429 6 22 0.013748903 
813 344 5 12 0.013731003 
247 149 8 17 0.01370122 
565 146 11 20 0.013664848 
106 175 7 15 0.013660251 
171 84 7 13 0.013659141 
271 163 12 17 0.0136489505 
247 163 9 16 0.013643861 
757 254 8 13 0.013612767 
629 147 10 19 0.013612087 
247 77 6 10 0.013604232 
246 339 7 18 0.013598565 
659 73 5 14 0.013590881 
505 75 5 13 0.013582079 
528 333 8 27 0.013562864 
618 110 6 17 0.013550926 
723 108 6 16 0.013545625 
580 126 7 14 0.013534771 
745 310 9 23 0.013526433 
205 125 76 100 0.0134907225 
541 48 6 14 0.013487645 
666 148 10 18 0.013481905 
690 223 14 25 0.013455624 
390 49 6 9 0.013444519 
411 147 9 19 0.013442412 
838 164 5 14 0.013441515 
32 109 8 17 0.01343996 
553 163 10 17 0.013433791 
645 71 6 16 0.013429948 
310 150 9 17 0.013424364 
168 190 9 13 0.0134087615 
566 162 9 17 0.013388428 
218 133 10 19 0.013380021 
204 109 11 19 0.013360768 
592 138 9 15 0.013340706 
213 232 18 29 0.0133390725 
876 162 5 17 0.013312816 
773 163 6 15 0.013287178 
850 174 6 15 0.013264848 
375 98 6 16 0.013262663 
552 360 10 30 0.013259555 
233 336 8 23 0.013251659 
515 111 7 16 0.013223792 
301 109 6 16 0.013220135 
195 602 6 13 0.013217267 
694 134 9 18 0.013211714 
246 198 13 23 0.013196083 
722 124 6 15 0.013192779 
218 148 9 19 0.013189602 
786 240 7 12 0.013181275 
717 270 10 23 0.013163077 
732 227 8 15 0.013140735 
335 162 13 21 0.013135541 
387 111 7 16 0.013115531 
397 246 13 24 0.013084816 
615 210 14 26 0.013084072 
773 60 6 14 0.013078107 
618 137 8 17 0.013076435 
775 134 5 17 0.013072101 
633 113 5 14 0.013062175 
979 420 5 15 0.013060148 
477 111 8 17 0.013038027 
643 150 9 17 0.013030778 
448 157 19 28 0.013027551 
785 149 6 17 0.013020587 
6 84 5 12 0.013010401 
875 172 6 18 0.012999451 
152 162 11 17 0.012948929 
403 61 8 14 0.012936428 
785 264 7 14 0.012914426 
581 72 8 17 0.0129085835 
105 110 8 13 0.012904022 
643 58 7 20 0.012893489 
165 199 10 17 0.012867974 
174 68 5 8 0.012867831 
515 123 7 17 0.012840881 
182 160 9 15 0.012834286 
182 187 7 14 0.012833002 
901 137 5 18 0.012817317 
734 149 6 16 0.0128018325 
642 135 8 18 0.012795759 
618 174 9 19 0.012788195 
180 254 14 19 0.01277594 
223 75 5 10 0.012763598 
183 212 10 16 0.012759669 
863 59 8 16 0.012756931 
616 145 10 20 0.012750692 
708 202 8 17 0.012747509 
219 160 8 17 0.012731306 
793 59 8 20 0.012729251 
518 351 6 23 0.012723308 
720 189 7 13 0.012722684 
93 509 7 12 0.012714158 
877 125 4 18 0.012698792 
799 135 6 16 0.012698247 
618 185 10 21 0.012690101 
489 47 6 14 0.012674639 
271 150 9 16 0.012663036 
364 95 8 19 0.012633471 
461 83 181 177 0.012624497 
195 176 8 14 0.012619731 
264 521 5 15 0.012618198 
425 120 8 18 0.012617997 
685 98 5 14 0.012574045 
603 571 7 13 0.012566351 
719 202 8 13 0.012564216 
747 163 6 14 0.012544129 
747 203 6 12 0.012502687 
604 210 12 24 0.012502069 
90 204 10 30 0.012490865 
558 196 180 274 0.012479589 
631 35 7 16 0.012470394 
402 51 6 8 0.012468893 
440 150 9 16 0.012466033 
634 20 7 15 0.012464735 
680 161 10 18 0.012445433 
785 61 8 17 0.012442486 
528 349 7 27 0.012440641 
248 520 6 15 0.012435423 
732 107 6 17 0.012430288 
731 261 10 19 0.012423808 
183 177 7 13 0.012390797 
481 73 5 14 0.012381354 
796 23 7 13 0.012379418 
21 98 6 13 0.012370711 
544 474 5 13 0.012362318 
839 137 5 17 0.012338914 
615 96 7 16 0.012335997 
785 253 7 13 0.012335875 
569 113 5 13 0.012333411 
387 121 8 19 0.0123115955 
953 307 5 15 0.01231093 
786 71 6 15 0.012307341 
836 173 7 17 0.012299564 
837 99 4 13 0.012296437 
517 428 6 21 0.012293153 
796 73 6 14 0.012289627 
685 112 5 14 0.012277624 
577 161 10 18 0.01227475 
160 421 5 14 0.012269213 
1017 263 7 19 0.012257742 
824 345 4 14 0.012240895 
412 51 7 10 0.012240238 
644 350 7 20 0.012223346 
554 137 8 15 0.012184425 
542 125 7 14 0.012182203 
324 98 5 14 0.012181354 
401 124 7 15 0.012179357 
557 186 32 52 0.012177333 
427 49 6 10 0.012175549 
555 189 69 79 0.012173783 
373 136 9 17 0.012168807 
863 173 6 17 0.012165219 
480 98 5 13 0.012163695 
632 164 8 16 0.012158103 
774 149 5 16 0.0121511305 
459 168 22 30 0.012135698 
530 379 6 18 0.01213312 
642 281 9 24 0.012124316 
634 384 5 12 0.012121814 
273 120 8 18 0.012111004 
197 227 10 15 0.012096886 
4 136 45 71 0.012095565 
871 57 8 18 0.012077779 
156 535 7 13 0.012075752 
133 73 7 12 0.01206529 
635 418 5 15 0.012055995 
761 136 5 16 0.012052898 
746 215 6 12 0.012041055 
734 176 6 13 0.01200838 
759 163 7 15 0.011995556 
760 174 6 16 0.01199312 
243 325 9 21 0.011991207 
773 173 7 17 0.011973908 
773 253 7 13 0.011973645 
555 125 7 14 0.011973119 
300 102 5 11 0.011962688 
965 285 6 20 0.011959521 
901 149 5 18 0.011958292 
722 177 6 13 0.011951747 
257 308 11 26 0.011941296 
759 149 6 16 0.011939573 
506 405 4 12 0.011936801 
647 433 3 10 0.011921917 
528 187 11 21 0.0119182 
540 187 14 21 0.0119120125 
4 33 6 14 0.011886661 
541 137 8 15 0.011883793 
515 136 8 17 0.0118778385 
992 668 5 7 0.0118731195 
674 85 5 14 0.011873002 
604 199 10 21 0.011867008 
657 408 5 13 0.011857851 
709 125 6 14 0.0118468795 
386 149 9 16 0.011842954 
393 270 15 29 0.011829798 
760 335 8 23 0.011815871 
384 270 14 28 0.011809375 
553 146 10 19 0.0117944935 
194 187 8 14 0.011780162 
541 109 7 17 0.011772373 
220 290 23 30 0.011763289 
747 175 6 14 0.011752335 
212 246 20 31 0.011745016 
834 45 6 18 0.011741989 
389 72 7 11 0.011735473 
826 110 5 15 0.011731789 
980 308 4 14 0.011728517 
377 447 5 12 0.0117255775 
772 265 7 14 0.011720615 
634 369 5 13 0.011713289 
336 150 9 16 0.011711628 
206 96 8 16 0.01170857 
450 46 9 16 0.011700147 
677 268 12 28 0.011695175 
822 34 8 15 0.011695103 
670 125 6 15 0.011694987 
184 122 8 16 0.011694216 
530 57 7 17 0.0116927065 
396 226 14 31 0.011680525 
310 309 9 24 0.011656763 
336 312 8 20 0.0116425855 
581 112 6 14 0.01162788 
799 150 6 15 0.011625875 
979 287 5 18 0.01161051 
1017 276 8 19 0.011605486 
533 474 4 13 0.011602872 
160 432 5 14 0.011595591 
744 228 7 13 0.0115857255 
630 302 7 18 0.01158138 
669 134 8 19 0.011576129 
312 101 5 12 0.0115563525 
145 171 11 19 0.011554434 
481 398 4 9 0.011544038 
902 161 6 18 0.011535814 
604 159 9 17 0.0115305735 
69 113 7 16 0.011518628 
104 152 9 11 0.011518482 
695 112 6 14 0.011515356 
706 135 8 17 0.011500254 
496 182 13 30 0.011481512 
364 108 7 17 0.011479289 
636 396 4 12 0.011476136 
159 460 5 14 0.011463431 
36 119 11 20 0.011445969 
784 126 5 15 0.011441637 
629 327 7 17 0.011437624 
158 83 8 14 0.011434051 
246 186 12 22 0.011420125 
573 205 18 29 0.011405547 
887 58 9 18 0.011403451 
284 122 7 16 0.011390443 
401 111 7 15 0.011387695 
93 522 8 13 0.011367045 
991 676 6 10 0.011357179 
158 574 6 13 0.011336632 
363 123 8 16 0.011335964 
337 113 6 15 0.0113357715 
810 24 7 12 0.0113348 
581 98 6 13 0.011332443 
450 321 7 28 0.01132519 
996 678 14 28 0.011316267 
116 160 11 16 0.011309786 
695 125 7 15 0.0113023715 
388 64 7 11 0.011298723 
785 162 6 16 0.011296144 
542 95 7 16 0.011290032 
158 140 8 13 0.011280382 
447 110 96 96 0.011275988 
595 98 6 12 0.011274395 
519 402 6 16 0.011273167 
136 146 123 97 0.011246247 
465 125 9 16 0.011236993 
257 173 13 21 0.011233608 
731 328 8 21 0.011226418 
682 312 8 21 0.011218365 
451 37 8 12 0.011212342 
198 68 4 8 0.011203834 
682 378 8 19 0.011199503 
979 668 5 6 0.011197307 
824 73 6 15 0.011193041 
760 422 6 11 0.011187754 
587 562 4 9 0.011186372 
134 0 5 10 0.011183884 
593 111 7 15 0.0111799445 
26 121 13 20 0.0111719305 
117 172 9 16 0.011163925 
662 576 6 11 0.011157021 
634 9 7 14 0.011148606 
467 99 6 13 0.011145212 
630 313 7 17 0.011144009 
590 160 9 17 0.011136838 
274 111 6 14 0.011135226 
580 84 7 15 0.01112591 
672 99 5 14 0.011111148 
291 540 15 29 0.011099146 
115 149 11 15 0.011091915 
166 210 10 18 0.011091569 
5 64 5 11 0.011086204 
630 44 7 20 0.0110751 
461 296 8 21 0.011072558 
463 310 8 24 0.011068162 
733 408 7 13 0.011061604 
796 237 8 15 0.011058646 
1014 655 7 9 0.011045929 
722 149 6 15 0.011044522 
370 271 13 24 0.011027661 
620 59 7 16 0.011018003 
529 124 7 15 0.011017177 
889 162 5 17 0.011016704 
306 237 16 33 0.011012069 
773 241 7 12 0.011003993 
635 405 5 15 0.010994781 
606 379 8 16 0.010992624 
247 136 7 16 0.010992178 
522 31 206 161 0.010991679 
299 573 6 11 0.010988156 
658 123 6 17 0.010983099 
388 97 6 16 0.010981049 
223 67 5 8 0.010949286 
684 47 8 17 0.010925063 
260 325 7 21 0.010922693 
335 123 7 18 0.010916205 
317 73 5 10 0.010899289 
4 339 10 21 0.010883591 
964 259 8 25 0.01088009 
358 63 8 12 0.010876458 
615 235 80 138 0.0108744055 
310 110 6 16 0.010874345 
771 278 6 15 0.010863118 
775 125 5 14 0.010862299 
837 88 5 12 0.010849518 
635 431 4 12 0.010847216 
529 137 8 15 0.010820704 
146 0 5 9 0.010810522 
532 603 5 9 0.010809675 
411 137 8 17 0.010806137 
665 312 9 21 0.0107979635 
813 75 5 13 0.010793957 
631 173 12 23 0.0107894465 
812 356 5 12 0.0107794665 
721 136 7 16 0.010776697 
494 398 4 9 0.01076036 
540 163 10 17 0.01075572 
494 407 4 11 0.010742883 
428 162 8 18 0.010739939 
811 125 6 15 0.010739691 
529 176 8 16 0.010734179 
798 265 7 13 0.010733775 
519 59 6 15 0.01071848 
282 162 12 19 0.0107131265 
953 316 5 17 0.010709114 
733 89 6 11 0.010703488 
119 226 7 17 0.010682836 
1 154 14 23 0.010681355 
861 72 7 15 0.010680982 
235 135 7 16 0.010653617 
997 62 12 16 0.010652701 
477 47 7 15 0.0106516555 
678 239 14 33 0.010646999 
298 163 11 17 0.010635898 
540 313 8 22 0.01063335 
44 408 6 11 0.010632553 
147 459 6 14 0.010614005 
734 216 7 12 0.010613569 
656 349 7 21 0.010613484 
334 137 9 18 0.010597183 
850 125 5 18 0.0105901705 
760 50 7 12 0.0105736805 
221 88 7 12 0.01056631 
708 148 7 16 0.010559757 
838 124 5 18 0.010556455 
975 207 9 26 0.010555 
400 83 7 14 0.01054596 
263 544 6 18 0.01053653 
1017 250 7 18 0.010529186 
507 396 4 10 0.010527149 
824 162 7 17 0.0105119115 
527 415 7 22 0.010509358 
243 311 10 23 0.0104946 
850 61 7 16 0.010492872 
556 46 7 14 0.010488626 
630 262 11 22 0.010462697 
336 80 8 16 0.01046076 
720 76 6 11 0.010454001 
238 77 5 10 0.010451604 
620 76 5 11 0.010449779 
183 203 8 15 0.010446733 
618 162 8 17 0.010445658 
210 67 4 9 0.010443205 
512 20 9 15 0.01044209 
886 48 9 15 0.010432694 
121 74 5 11 0.01042351 
475 289 8 19 0.010416569 
775 354 6 14 0.010412171 
657 59 6 17 0.010394448 
172 651 7 12 0.010391575 
59 98 5 13 0.010385667 
825 137 5 15 0.010385661 
362 84 7 16 0.010379887 
915 127 5 16 0.010374352 
235 349 6 20 0.010373374 
224 506 7 17 0.010368895 
682 353 7 18 0.010368166 
865 395 4 12 0.01035607 
531 37 6 13 0.010350528 
118 109 8 13 0.010348946 
167 158 11 17 0.010333897 
528 148 9 17 0.010332462 
39 135 11 17 0.010331575 
1017 237 8 20 0.01032554 
408 290 13 35 0.010316792 
697 97 5 14 0.010311517 
684 134 8 18 0.010297744 
747 351 5 15 0.01028418 
681 364 8 22 0.01027614 
540 147 9 18 0.01027407 
372 282 12 28 0.0102567505 
660 595 9 17 0.010252781 
796 226 8 15 0.01024926 
633 74 6 13 0.010247296 
606 303 11 29 0.010237562 
835 238 8 15 0.010236493 
310 327 7 18 0.01023555 
35 179 18 34 0.010233878 
129 199 9 18 0.010221899 
837 201 7 15 0.010216974 
272 428 7 21 0.010207234 
296 176 419 377 0.010202277 
325 84 6 14 0.010202032 
605 175 9 16 0.010191722 
386 135 9 19 0.0101791965 
55 100 403 456 0.010178675 
760 202 6 13 0.010169658 
735 203 6 12 0.010167288 
719 11 8 11 0.010164216 
590 174 10 18 0.0101573 
863 125 5 18 0.010148302 
581 356 6 18 0.010146472 
579 59 7 14 0.010140889 
170 467 7 18 0.010137108 
208 87 7 11 0.010135174 
683 74 5 12 0.010129742 
80 125 8 13 0.010125383 
207 173 9 16 0.010123481 
851 188 5 15 0.010122941 
633 58 6 19 0.010119525 
685 58 7 14 0.010108678 
825 124 5 16 0.010107095 
747 190 6 13 0.010103174 
747 52 6 10 0.01009814 
990 226 7 19 0.0100912675 
1017 226 8 19 0.010084682 
849 48 6 15 0.010083969 
93 189 11 32 0.010064855 
950 234 9 23 0.0100601055 
402 71 7 12 0.01004982 
783 342 6 14 0.010048848 
554 112 7 14 0.010046088 
235 198 10 22 0.010045742 
395 289 14 35 0.010045395 
259 136 7 16 0.010039555 
390 83 8 14 0.010033907 
773 37 6 11 0.010024411 
481 408 4 10 0.010022626 
758 241 7 13 0.010022414 
247 83 6 13 0.010022381 
734 164 7 13 0.010020221 
308 342 7 17 0.0100202 
734 189 7 13 0.010019925 
812 266 6 13 0.010016445 
608 91 5 11 0.010005169 
529 551 6 9 0.010004721 
826 515 3 8 0.010003054 
