12_Group_Group_12_Group_Group_12_935
3568
22 601 17 33 0.99959224 
73 599 17 29 0.99948585 
19 559 17 32 0.9992576 
342 381 16 34 0.99910223 
280 561 15 28 0.99908435 
500 64 14 23 0.9990594 
632 600 19 34 0.99905425 
649 154 16 26 0.9990513 
51 190 16 29 0.999041 
882 116 15 25 0.99881685 
531 522 17 32 0.9987311 
636 188 16 27 0.99870133 
50 523 15 27 0.9986971 
357 149 15 27 0.99861217 
456 0 15 27 0.9985266 
123 151 17 29 0.9984711 
154 563 15 28 0.9984345 
263 406 17 35 0.99834454 
204 598 16 28 0.9983388 
756 173 15 31 0.99833006 
227 343 15 29 0.99822575 
945 420 15 33 0.9981804 
218 381 14 30 0.998004 
124 629 17 31 0.9978515 
536 351 18 35 0.99776137 
205 91 15 24 0.99770457 
919 499 16 29 0.9975661 
769 597 18 34 0.9974802 
253 628 17 30 0.99747086 
281 383 14 28 0.9974153 
754 661 18 32 0.99738806 
719 128 14 25 0.9973375 
587 558 17 30 0.9971865 
621 425 17 29 0.9971419 
545 320 15 27 0.99713683 
359 318 14 26 0.99710613 
65 154 15 28 0.99706954 
789 23 16 27 0.9969029 
654 113 16 29 0.9968659 
135 276 17 32 0.99684143 
847 218 17 27 0.996831 
599 528 16 28 0.9966905 
617 218 15 26 0.9966877 
699 593 17 33 0.99660754 
442 639 17 34 0.99657995 
34 89 14 27 0.9963736 
298 188 14 28 0.9963321 
561 420 15 26 0.9959676 
37 216 14 27 0.99583024 
64 632 17 31 0.9955716 
320 422 14 27 0.9955177 
767 639 15 27 0.9954666 
763 376 16 32 0.9952856 
875 415 19 37 0.9951971 
341 558 16 28 0.9951898 
412 519 15 30 0.9951415 
629 1 13 22 0.9948285 
412 163 13 25 0.9948084 
466 559 18 33 0.9948043 
678 486 16 30 0.99476767 
764 421 16 29 0.99474686 
576 389 16 30 0.99474454 
831 641 15 25 0.99452436 
743 -2 13 22 0.9944588 
403 555 18 33 0.9944338 
513 425 14 25 0.9943751 
941 373 17 31 0.9942345 
319 532 15 28 0.9941462 
206 283 15 30 0.99405 
740 453 16 31 0.9940183 
468 154 16 29 0.9939194 
973 521 15 29 0.993848 
301 152 15 27 0.9937125 
507 455 17 31 0.993519 
616 284 15 26 0.9934941 
444 406 14 25 0.99321175 
833 384 15 27 0.99294114 
654 308 18 31 0.9928543 
597 349 15 27 0.99274147 
513 628 14 27 0.9927246 
688 449 17 29 0.99268883 
821 174 15 31 0.9926373 
341 28 14 24 0.99222636 
222 521 18 30 0.99210984 
115 531 15 29 0.99193317 
556 254 15 27 0.99190897 
432 588 18 32 0.9916453 
229 485 16 27 0.9916381 
219 60 13 24 0.9915244 
960 350 17 31 0.9912976 
872 459 15 28 0.9912962 
1007 458 16 36 0.9912822 
822 90 15 29 0.99119735 
745 255 15 30 0.9910944 
953 318 16 25 0.9909814 
534 119 16 26 0.99084526 
699 641 16 29 0.9908366 
782 558 17 32 0.99078584 
244 131 14 22 0.9905539 
398 379 16 29 0.9905346 
116 482 15 27 0.9903932 
844 551 18 31 0.99023706 
725 505 16 32 0.9900975 
771 318 15 28 0.9900275 
701 388 17 29 0.98998976 
25 292 14 25 0.9897711 
364 117 16 27 0.98976654 
194 0 12 21 0.9896853 
907 556 15 29 0.9895928 
544 490 18 32 0.9894292 
359 191 13 25 0.989414 
718 348 16 30 0.9893791 
411 347 16 30 0.98913187 
362 0 14 24 0.9887135 
854 21 15 25 0.9884721 
99 351 16 28 0.9881819 
617 252 15 26 0.9877303 
432 289 15 26 0.9869162 
551 88 14 25 0.9865414 
962 562 16 30 0.98649746 
123 12 15 28 0.9864471 
39 261 15 31 0.9864173 
40 389 16 31 0.9861784 
524 388 16 29 0.9860611 
615 491 17 30 0.98595273 
816 425 17 29 0.98589605 
650 558 18 32 0.9858423 
889 661 17 31 0.9856227 
565 637 18 32 0.9855527 
191 633 17 32 0.9855408 
175 308 19 33 0.98547447 
845 522 17 30 0.98546547 
306 88 14 25 0.98530406 
7 154 15 30 0.9852114 
780 524 16 28 0.98515344 
989 188 15 27 0.98484945 
635 377 16 27 0.98473996 
115 668 18 31 0.98472786 
306 279 14 28 0.9845464 
736 228 16 28 0.98448056 
84 569 16 28 0.9844744 
243 451 17 28 0.9844582 
357 275 13 27 0.9842168 
24 451 16 28 0.9841691 
115 310 13 25 0.9840566 
913 23 14 26 0.98396045 
305 664 17 32 0.9834862 
793 491 16 30 0.9834245 
1004 674 18 31 0.9833136 
77 490 15 26 0.983185 
1005 88 15 27 0.9829229 
395 56 15 27 0.98269135 
616 58 15 28 0.982362 
947 109 14 27 0.98232526 
487 112 13 24 0.9820957 
38 352 15 27 0.98202753 
834 313 17 30 0.98196465 
891 315 15 28 0.9817555 
52 671 16 31 0.9816297 
1 634 13 29 0.98162246 
686 663 17 32 0.98136145 
904 58 15 26 0.98125196 
513 183 15 28 0.98074305 
321 593 16 26 0.9805563 
786 283 17 28 0.9800893 
680 4 15 25 0.9798895 
433 455 15 25 0.97975725 
151 387 16 26 0.9788681 
895 631 16 28 0.97884434 
672 354 16 31 0.9785423 
604 93 14 23 0.9783488 
666 58 13 26 0.9778021 
551 668 16 24 0.97707886 
772 123 14 28 0.9770492 
-1 486 13 28 0.9769771 
174 661 19 29 0.9768878 
570 220 15 26 0.9768709 
831 607 14 25 0.9768365 
435 489 15 28 0.9768149 
168 532 15 28 0.9766241 
361 480 15 28 0.9763609 
357 351 15 29 0.9755342 
723 557 16 28 0.9753053 
933 146 16 27 0.9744373 
690 184 15 26 0.9735903 
922 216 14 25 0.97196037 
143 596 17 29 0.970688 
804 -1 14 23 0.96997595 
692 425 15 24 0.96985406 
294 490 16 27 0.96963364 
800 225 17 28 0.9691945 
216 567 16 29 0.96901983 
493 489 17 28 0.9682247 
241 659 16 30 0.9679975 
137 119 15 25 0.96763504 
687 218 15 25 0.9676187 
58 30 15 25 0.96747285 
238 315 15 28 0.967371 
462 528 18 29 0.967015 
973 293 14 25 0.96594363 
925 242 14 27 0.9656632 
224 156 15 26 0.9653759 
20 110 14 28 0.964513 
69 314 17 31 0.96436685 
181 168 14 28 0.96433264 
326 623 16 27 0.9640466 
419 97 16 27 0.9635266 
487 259 14 26 0.9634208 
598 315 14 27 0.96297354 
809 661 16 25 0.95992094 
245 526 14 25 0.95952874 
192 440 15 30 0.95920825 
499 658 16 31 0.9589473 
632 638 18 31 0.95870155 
149 82 14 25 0.95803773 
230 195 14 24 0.95778316 
509 139 14 22 0.9569014 
987 242 14 27 0.9551045 
114 185 14 24 0.9550354 
745 60 14 26 0.9549723 
92 82 14 29 0.95358855 
580 603 18 32 0.9533273 
385 305 14 27 0.9530561 
807 454 17 28 0.9522813 
302 464 15 25 0.9502941 
719 663 15 32 0.9498398 
44 423 16 27 0.948195 
368 86 14 24 0.9475364 
513 0 13 19 0.94749993 
936 462 16 34 0.9466892 
380 416 15 26 0.94642836 
1010 387 14 30 0.946303 
158 348 18 30 0.94612455 
705 286 14 25 0.9458405 
439 254 14 26 0.9457395 
77 289 14 25 0.94546306 
384 207 14 23 0.944104 
1010 320 13 26 0.9435646 
264 107 15 25 0.9416785 
1 45 13 28 0.9411319 
444 59 14 24 0.94106466 
534 162 14 25 0.9405584 
389 637 16 31 0.9397482 
400 14 13 24 0.9395435 
979 148 15 28 0.93948555 
860 483 15 28 0.93729705 
974 3 11 18 0.93694025 
330 58 14 24 0.93600845 
91 27 12 22 0.9349334 
265 249 13 24 0.9346995 
700 149 15 25 0.93424463 
974 221 14 25 0.9336508 
299 320 13 23 0.93362653 
169 117 14 24 0.9329737 
216 -1 13 20 0.9306637 
463 190 13 26 0.9295894 
808 612 13 27 0.9291526 
915 528 16 27 0.9284237 
832 351 15 26 0.9270345 
623 662 18 33 0.926568 
856 164 13 24 0.9264207 
718 28 14 25 0.9259105 
1011 3 11 21 0.9253877 
280 22 13 24 0.9248486 
844 285 13 25 0.9240161 
1010 121 14 29 0.92267555 
2 372 12 25 0.9195618 
948 247 14 24 0.91937286 
969 30 13 25 0.9193391 
780 82 13 23 0.9189681 
979 490 16 28 0.91840404 
377 652 20 33 0.91787183 
512 571 16 28 0.91737056 
330 252 14 24 0.9144722 
592 128 14 23 0.9135007 
494 287 14 25 0.91257644 
898 363 14 25 0.9094504 
558 287 15 25 0.9050345 
555 63 12 23 0.9041736 
896 0 12 21 0.900314 
430 115 13 25 0.8998752 
899 281 15 28 0.8960981 
275 595 17 26 0.89597434 
661 536 15 28 0.8952808 
308 126 13 21 0.8948098 
960 65 12 21 0.8899217 
256 181 14 23 0.8884182 
655 225 15 26 0.8882008 
481 348 15 25 0.88609546 
269 487 14 26 0.8848737 
997 28 12 22 0.88039523 
950 604 15 30 0.8754791 
850 255 16 30 0.87516665 
521 572 19 28 0.8748233 
463 385 14 28 0.87183183 
678 258 14 26 0.8696803 
1012 623 14 29 0.8696635 
1012 271 13 27 0.868512 
406 202 13 25 0.8660033 
779 350 15 24 0.8657302 
498 385 13 25 0.86274576 
672 88 15 25 0.86230594 
533 565 16 27 0.8612142 
539 11 14 25 0.8597908 
565 458 15 29 0.859045 
294 -4 12 16 0.8563904 
615 456 14 26 0.8555526 
43 484 13 26 0.8554779 
289 345 15 27 0.8549277 
744 493 16 28 0.85344934 
988 424 13 24 0.853338 
335 477 14 23 0.8515209 
322 460 13 23 0.85001606 
383 610 15 25 0.8490914 
14 222 12 21 0.8486946 
66 -3 11 16 0.83623886 
523 605 16 25 0.83610743 
987 321 14 24 0.83600384 
944 683 17 27 0.8315936 
167 20 12 19 0.8297389 
1012 50 13 26 0.8292258 
896 600 14 27 0.818969 
0 666 11 29 0.8174803 
256 4 12 22 0.81598246 
789 346 16 28 0.8128118 
361 590 15 24 0.8115892 
473 115 12 22 0.8114599 
61 116 14 23 0.80948716 
896 214 13 23 0.80557966 
484 86 13 23 0.80143815 
553 153 12 23 0.7975879 
726 79 13 23 0.7965694 
194 240 12 22 0.7943966 
147 523 16 28 0.7927135 
689 284 15 25 0.7912739 
792 256 14 25 0.78985876 
651 427 14 23 0.7869681 
805 118 13 22 0.78545547 
394 478 16 23 0.7731902 
395 204 15 24 0.7716078 
475 334 14 24 0.7708771 
592 162 13 26 0.77005464 
932 0 13 18 0.76508313 
475 318 14 24 0.7635405 
179 473 13 24 0.76318896 
874 374 13 25 0.7628749 
893 87 12 23 0.7600795 
808 54 13 25 0.75737023 
898 139 13 22 0.7555272 
462 56 12 19 0.7500304 
168 81 13 24 0.74927336 
571 196 14 25 0.74894035 
292 62 12 22 0.7461873 
12 0 10 17 0.7456004 
574 154 14 28 0.7438504 
219 26 10 18 0.72942924 
998 319 14 26 0.72753155 
868 -1 13 19 0.7273789 
204 24 12 19 0.7261559 
843 665 15 24 0.72225106 
229 258 13 23 0.7201586 
291 29 13 23 0.7188233 
520 1 13 20 0.7184677 
423 325 14 24 0.718421 
405 130 13 23 0.7151919 
778 54 13 23 0.7149298 
545 2 14 27 0.7086709 
24 190 14 26 0.699424 
705 55 13 23 0.6963755 
547 562 16 27 0.68835986 
264 189 14 26 0.6866321 
141 504 14 22 0.6779237 
461 246 12 24 0.6755489 
970 64 12 20 0.67380226 
87 14 13 21 0.67270756 
125 79 13 24 0.6723939 
139 -4 12 18 0.67056173 
784 4 12 18 0.66690713 
243 4 11 19 0.6662415 
437 206 13 26 0.66593254 
12 49 11 21 0.66478646 
327 144 14 25 0.66433567 
878 256 15 30 0.66326404 
418 257 13 24 0.66143376 
881 191 13 24 0.6599237 
890 117 15 24 0.6565177 
164 1 12 18 0.6481609 
929 80 14 22 0.6406954 
134 216 14 29 0.64017206 
742 141 15 24 0.635936 
176 40 12 23 0.633447 
460 625 15 31 0.62993145 
489 7 11 20 0.6275155 
521 260 14 23 0.6139832 
942 524 15 27 0.6139713 
950 89 13 21 0.6080805 
493 192 14 24 0.6049321 
352 625 16 27 0.60246634 
10 524 14 29 0.5970618 
368 605 14 24 0.59466946 
150 676 16 29 0.5930177 
653 484 16 27 0.5922412 
924 0 13 18 0.5864079 
816 292 14 25 0.5853904 
281 523 13 27 0.58131266 
323 1 11 20 0.57488286 
63 413 15 24 0.5699659 
357 228 13 25 0.5640898 
578 319 13 25 0.56069505 
982 387 14 25 0.55970526 
861 -4 13 18 0.55312073 
255 274 12 22 0.55046 
932 53 14 25 0.54818046 
520 90 15 24 0.54636717 
-2 183 11 25 0.5451948 
115 215 14 26 0.53389716 
329 216 14 25 0.52997947 
905 141 15 24 0.52976316 
73 -3 13 15 0.5290731 
0 27 9 19 0.52687085 
463 90 13 21 0.52634 
972 663 16 26 0.525772 
75 113 13 23 0.52402496 
470 106 12 20 0.52361286 
506 497 15 26 0.5225791 
536 26 14 23 0.5221482 
307 259 15 25 0.5208368 
953 254 15 26 0.5170007 
323 314 12 21 0.51622057 
588 12 12 21 0.51437426 
155 435 13 25 0.51383966 
473 68 12 19 0.5114393 
550 600 18 28 0.5113711 
100 -3 12 16 0.5069403 
373 453 14 24 0.5056861 
731 0 12 20 0.50521874 
625 649 21 31 0.50214607 
270 62 11 22 0.49655432 
397 4 13 20 0.4913193 
472 92 13 20 0.48823655 
166 478 14 23 0.48712298 
347 616 15 25 0.48603025 
309 223 13 21 0.485035 
996 54 13 21 0.48229343 
411 246 14 24 0.47853562 
751 538 17 30 0.47660524 
495 11 12 22 0.47355545 
571 12 15 26 0.46936268 
532 448 14 26 0.467594 
126 433 12 22 0.4671929 
609 192 14 22 0.46718806 
448 310 14 25 0.4665351 
1013 560 14 27 0.46366188 
1 247 11 24 0.46105254 
870 156 12 21 0.4570133 
153 121 12 19 0.45592257 
546 -6 13 19 0.45290282 
650 446 17 26 0.45290127 
0 305 12 25 0.45113418 
447 207 12 24 0.45100644 
411 452 13 24 0.44286606 
330 2 11 18 0.43988004 
882 521 16 27 0.43915075 
127 3 13 21 0.4370695 
535 207 14 25 0.43630064 
1011 166 14 24 0.42820498 
987 114 13 24 0.427571 
246 180 13 20 0.4247214 
6 1 9 18 0.41625115 
1014 589 13 29 0.41309154 
396 219 13 21 0.41227746 
323 55 14 24 0.4094133 
920 306 14 26 0.40817446 
345 87 14 26 0.4066205 
203 2 13 20 0.40496072 
91 118 13 22 0.40238294 
572 130 13 23 0.40157944 
829 128 13 23 0.39797863 
23 52 12 21 0.3979582 
459 82 13 19 0.39361754 
167 193 12 21 0.3923587 
422 215 12 24 0.3913369 
556 562 17 28 0.39121655 
265 3 13 20 0.3897621 
575 688 18 29 0.38967204 
165 215 14 27 0.38897783 
903 128 16 25 0.3805124 
321 372 14 27 0.378771 
498 601 15 29 0.37498143 
384 626 17 28 0.3743438 
166 626 15 26 0.37037012 
526 322 13 24 0.36801192 
270 476 15 21 0.3657659 
223 626 18 28 0.365329 
560 154 13 24 0.36434534 
317 282 14 25 0.3624034 
794 2 13 20 0.35953614 
949 65 13 21 0.35729846 
190 208 13 23 0.35574716 
636 91 15 23 0.3549922 
233 0 11 17 0.3532225 
304 15 13 19 0.35081753 
286 -4 11 16 0.35058826 
958 268 13 24 0.34961045 
486 412 14 23 0.34840545 
500 229 13 25 0.34577402 
1013 28 11 22 0.34402537 
242 -4 12 16 0.342298 
974 241 13 25 0.3405199 
128 591 14 25 0.337124 
100 626 16 26 0.33684298 
698 448 16 29 0.3346603 
856 639 12 24 0.33436567 
459 201 14 26 0.33424377 
885 345 13 23 0.33357453 
285 63 12 22 0.33138958 
169 39 13 22 0.3311041 
397 144 13 22 0.33082384 
613 0 12 20 0.33064622 
162 435 13 23 0.32494822 
142 561 14 23 0.3249461 
680 445 17 29 0.32256478 
827 140 15 26 0.31784377 
713 447 15 28 0.31690177 
975 386 13 25 0.31520212 
322 255 14 22 0.31265455 
960 2 13 18 0.3117387 
157 -3 10 15 0.31150165 
175 27 12 19 0.3110012 
204 129 13 23 0.3101883 
284 338 13 25 0.3094948 
0 282 11 22 0.30788437 
946 1 12 17 0.3071854 
712 54 14 25 0.30541328 
199 233 14 26 0.30473235 
193 565 14 24 0.301793 
654 0 12 20 0.2993394 
792 374 12 25 0.2988206 
1013 363 12 22 0.29820386 
722 407 16 28 0.29819024 
546 684 19 32 0.29680243 
603 31 12 22 0.29126665 
501 -4 11 15 0.2907311 
113 394 15 31 0.28979188 
667 676 14 28 0.2884964 
742 548 15 27 0.28787306 
294 14 13 19 0.28660235 
154 305 14 22 0.28540343 
923 144 14 24 0.28508464 
908 243 12 22 0.28445715 
395 230 13 21 0.28355414 
980 3 14 19 0.2819176 
661 450 15 25 0.28174582 
98 118 14 23 0.28171003 
56 -3 9 14 0.2794056 
122 309 14 24 0.27939996 
571 451 15 27 0.27908328 
789 268 17 27 0.2763264 
476 80 13 20 0.27382287 
162 229 14 27 0.27368847 
727 35 13 24 0.27346057 
94 -4 10 14 0.2726785 
645 436 14 23 0.2706846 
132 -4 11 17 0.2698462 
868 143 12 19 0.2696954 
855 328 14 28 0.26778954 
827 487 15 25 0.2677091 
673 56 13 24 0.26739284 
434 -6 12 16 0.2670998 
399 284 12 23 0.2638066 
563 23 15 26 0.26326656 
457 321 15 25 0.26288557 
412 102 13 23 0.26171914 
26 220 13 22 0.2609304 
1013 374 13 26 0.25827014 
191 425 14 25 0.2574651 
675 515 15 25 0.2564556 
115 117 14 22 0.25632808 
175 381 15 26 0.2557615 
814 0 13 20 0.25531653 
368 384 15 26 0.2552592 
659 626 16 28 0.25495556 
164 143 13 21 0.25404766 
181 1 10 18 0.25134578 
138 67 12 21 0.25016457 
1012 500 14 23 0.249329 
916 551 15 29 0.24928048 
548 26 12 24 0.248862 
468 373 14 25 0.24747913 
319 654 12 22 0.24700205 
597 139 14 24 0.24380943 
979 230 15 26 0.24254845 
319 190 12 21 0.24211507 
237 201 13 23 0.24077508 
714 396 16 25 0.24057409 
896 524 12 23 0.24005158 
584 485 16 27 0.2397919 
26 383 12 22 0.2384633 
226 117 16 23 0.23762386 
662 474 17 28 0.23633352 
65 459 13 25 0.23301327 
79 13 12 21 0.2321571 
815 613 15 25 0.23134877 
821 253 13 23 0.23110698 
509 667 16 33 0.22986773 
936 628 13 23 0.22921276 
231 89 13 20 0.22877327 
716 218 13 21 0.22814444 
660 424 14 24 0.2248221 
1013 259 13 25 0.2245954 
298 269 13 22 0.22273228 
778 667 16 27 0.22224891 
133 12 16 26 0.22194399 
651 40 12 22 0.2210016 
173 590 16 26 0.22000241 
904 599 14 27 0.21853164 
219 116 14 22 0.21849197 
426 458 14 23 0.21793199 
946 19 13 19 0.21749875 
796 140 15 25 0.21685258 
131 227 13 27 0.21682459 
303 -4 12 16 0.2167759 
152 424 13 22 0.21534081 
693 41 13 21 0.21455185 
65 354 14 23 0.21315742 
375 217 13 21 0.21094768 
229 185 14 18 0.21015756 
406 5 12 21 0.20988254 
549 183 13 22 0.20847353 
615 372 14 22 0.20766221 
698 188 15 27 0.20736913 
739 241 17 29 0.20641142 
828 66 11 23 0.20537175 
304 454 13 20 0.2047161 
408 215 14 24 0.203668 
982 80 13 21 0.2034555 
700 41 14 22 0.2026175 
820 62 12 25 0.20261542 
410 412 13 23 0.2024133 
384 486 15 22 0.20200391 
595 119 14 22 0.2009974 
90 413 12 23 0.20054975 
267 142 12 22 0.19921586 
442 596 16 30 0.19869219 
682 283 14 24 0.1985799 
320 221 14 22 0.1982762 
0 318 10 27 0.1977915 
980 657 15 27 0.19762117 
527 123 15 24 0.19620796 
523 227 13 25 0.196121 
771 349 14 24 0.19536643 
438 4 11 17 0.19532962 
181 512 14 24 0.19490546 
877 692 15 27 0.19305886 
955 79 14 21 0.19278587 
726 66 13 22 0.1901995 
946 230 13 22 0.19008066 
327 452 14 24 0.1900642 
123 189 13 22 0.18967289 
846 105 13 21 0.1883734 
105 534 13 24 0.18786085 
563 345 13 24 0.18651333 
164 383 14 24 0.1864691 
758 26 12 23 0.18559942 
361 53 13 21 0.18476544 
126 498 14 25 0.18451788 
929 232 15 25 0.1843456 
317 342 12 24 0.1843056 
474 258 12 21 0.18381347 
189 501 14 24 0.18314148 
783 488 15 25 0.18301551 
62 17 13 21 0.1826205 
699 217 15 23 0.180679 
315 127 13 21 0.18050241 
35 306 14 26 0.17985977 
515 260 13 21 0.17950755 
500 244 13 21 0.17905763 
258 80 12 20 0.1787764 
511 231 13 23 0.17876628 
954 104 14 25 0.17858057 
269 690 14 26 0.17826357 
441 452 15 26 0.17704415 
323 151 12 22 0.1768537 
346 655 14 25 0.17673072 
573 -4 13 19 0.17628528 
268 95 12 18 0.17620689 
1013 244 12 25 0.17604499 
921 410 14 26 0.17590535 
536 224 15 30 0.17533031 
370 185 13 21 0.17417017 
230 16 11 19 0.17197685 
462 333 13 21 0.17153417 
847 629 12 23 0.17151405 
650 259 13 23 0.17055702 
474 2 11 22 0.16927859 
840 604 13 25 0.16840139 
1 531 14 30 0.16835804 
71 551 16 23 0.16827808 
685 563 18 27 0.16790156 
443 360 15 25 0.16773146 
54 127 13 22 0.16712669 
202 504 13 23 0.1663971 
444 248 14 24 0.16614623 
522 38 12 22 0.16595867 
871 127 13 22 0.16582467 
425 575 17 27 0.16527401 
999 118 13 24 0.16448916 
821 607 13 22 0.1643292 
395 181 12 20 0.16429313 
779 380 15 27 0.16415259 
664 103 14 21 0.16412485 
54 67 12 20 0.16405171 
130 68 13 21 0.16283382 
818 159 14 21 0.1618374 
995 761 14 41 0.16138037 
217 41 11 18 0.16044652 
256 488 14 22 0.16009694 
1005 3 10 17 0.15997733 
606 -4 12 19 0.15833616 
165 258 12 22 0.1568932 
437 401 15 26 0.15677758 
270 -3 11 14 0.156114 
180 207 12 21 0.15488385 
999 -153 11 28 0.15422156 
146 640 17 25 0.15392944 
767 26 13 21 0.15328464 
793 676 14 28 0.1524607 
348 232 12 22 0.15198728 
742 627 15 25 0.15152879 
602 589 15 25 0.15139726 
25 -2 9 15 0.15051413 
565 1 15 24 0.1504934 
153 144 13 21 0.15009083 
195 12 12 21 0.14999901 
10 243 13 26 0.14947246 
16 460 13 23 0.14914802 
176 627 18 29 0.14906827 
997 548 13 24 0.14906074 
649 376 13 23 0.14899844 
343 255 12 23 0.14896595 
833 29 12 20 0.1477787 
255 -4 11 15 0.14721933 
818 15 13 23 0.14708255 
321 489 12 21 0.14661661 
208 542 12 21 0.14597404 
997 100 13 23 0.14460711 
42 -4 9 14 0.14423428 
89 669 15 24 0.1439496 
197 26 11 18 0.14386185 
50 630 16 25 0.14382766 
910 218 13 21 0.14380153 
102 214 14 27 0.14349976 
980 626 14 25 0.1429425 
207 42 12 19 0.14283232 
839 656 16 23 0.1427261 
305 345 14 23 0.14202434 
884 -3 11 17 0.14046817 
373 69 11 19 0.1402488 
583 679 17 30 0.13991629 
283 79 13 21 0.13975643 
373 206 13 22 0.13971025 
16 294 13 24 0.13946089 
859 144 13 21 0.13911761 
142 652 16 26 0.13793486 
976 78 12 20 0.13780086 
352 552 14 22 0.13728805 
20 231 14 23 0.13696201 
952 679 17 28 0.13672256 
989 53 13 21 0.13615106 
150 152 12 22 0.13605356 
266 82 12 19 0.13576888 
264 171 13 22 0.1357017 
782 15 16 24 0.13566864 
932 552 14 26 0.13493015 
841 127 13 23 0.13465996 
157 19 11 18 0.13419607 
14 -159 11 20 0.133906 
677 294 15 24 0.13373144 
397 -4 11 17 0.1328052 
202 564 15 25 0.13272464 
830 154 14 23 0.132486 
370 308 14 25 0.13215381 
1012 423 13 26 0.1316402 
687 257 13 25 0.1312133 
79 395 13 24 0.13098675 
41 2 11 18 0.13093965 
220 191 15 22 0.13082546 
527 14 13 21 0.13082193 
368 55 13 20 0.1300783 
537 81 13 21 0.12976961 
641 345 14 24 0.12960564 
826 78 14 26 0.12911212 
316 81 13 22 0.12843361 
431 564 17 30 0.1282881 
273 16 12 23 0.12825127 
990 28 11 20 0.12776539 
556 673 18 29 0.12736738 
170 183 11 22 0.12721233 
833 284 14 23 0.12712981 
71 422 15 26 0.12680034 
426 -7 11 17 0.12643467 
828 246 15 23 0.12609525 
392 315 15 25 0.12602325 
944 283 14 25 0.12598625 
293 78 14 22 0.12518163 
790 80 13 22 0.12489852 
243 551 14 23 0.12435772 
220 257 14 22 0.12432353 
589 177 13 22 0.12426636 
0 467 10 20 0.12403309 
519 431 15 24 0.123865224 
985 762 14 39 0.12369244 
666 1 13 19 0.12340644 
974 90 14 21 0.12285244 
165 107 15 23 0.12281852 
330 283 14 24 0.12280614 
476 449 14 26 0.12278778 
298 89 13 22 0.12245768 
465 144 14 26 0.122454956 
1002 387 12 26 0.12217187 
700 274 15 22 0.12188335 
226 146 14 22 0.121777005 
208 65 14 22 0.12118506 
922 66 12 19 0.12111165 
391 435 15 25 0.120973475 
247 648 19 30 0.120160356 
874 191 13 24 0.12003679 
181 501 13 22 0.119969696 
513 387 14 24 0.119350575 
385 179 12 22 0.11899292 
513 78 11 20 0.118990496 
852 104 15 24 0.118850715 
628 41 12 19 0.118713975 
531 603 17 26 0.118610814 
793 772 12 41 0.117810965 
691 271 14 23 0.11733444 
849 16 13 22 0.11651246 
805 284 14 23 0.11628845 
754 344 15 26 0.11572035 
308 67 11 18 0.11548425 
512 602 17 28 0.115395784 
386 62 14 23 0.11528536 
912 -3 10 16 0.11501901 
983 14 13 23 0.114972286 
178 192 12 21 0.114797965 
925 88 12 21 0.114618696 
405 21 13 25 0.11437635 
557 79 14 24 0.1143485 
843 249 16 25 0.11409342 
658 153 15 26 0.11408674 
526 28 12 21 0.11367701 
819 773 12 40 0.113505304 
167 50 13 22 0.11331371 
489 -6 10 16 0.11295952 
3 116 12 22 0.11287703 
610 40 14 22 0.112875976 
845 115 13 21 0.11191534 
489 185 13 20 0.111849375 
117 7 12 19 0.111791596 
962 665 16 26 0.111750335 
493 550 17 29 0.11168901 
397 243 13 23 0.11068739 
139 153 13 24 0.110531144 
263 268 14 26 0.1104988 
832 773 12 39 0.110400975 
1014 654 13 24 0.11013134 
780 772 13 41 0.10986012 
854 78 13 23 0.10961808 
538 175 13 24 0.109425075 
407 679 17 26 0.10884153 
214 100 13 22 0.10867718 
806 773 12 40 0.10860534 
166 772 13 41 0.10838649 
803 385 13 25 0.10817543 
504 131 12 22 0.10788765 
411 500 14 25 0.10711635 
922 771 12 42 0.1070178 
858 772 12 40 0.1069618 
1003 -2 9 13 0.106296316 
484 449 15 25 0.106296256 
163 689 15 31 0.10624713 
366 623 18 29 0.10609512 
430 329 13 24 0.10606225 
481 688 15 31 0.10595249 
138 110 13 20 0.10587812 
909 771 12 42 0.105793215 
328 266 16 26 0.10575725 
896 771 13 42 0.10564218 
362 82 13 22 0.10559173 
192 65 13 23 0.10555406 
162 281 16 26 0.10530143 
153 772 13 41 0.10522905 
490 382 12 23 0.105214536 
179 773 12 40 0.1049635 
242 172 13 19 0.10492332 
1013 221 13 23 0.10489894 
870 772 12 40 0.10471396 
968 270 14 22 0.10435325 
387 2 11 18 0.10432764 
884 771 12 42 0.10411445 
153 41 13 20 0.10402589 
204 773 13 39 0.10390001 
542 117 16 26 0.103811786 
192 773 12 39 0.103800885 
358 681 13 25 0.103726186 
893 487 14 25 0.1034794 
468 636 16 31 0.10338022 
409 233 13 21 0.103207335 
907 310 13 26 0.103176594 
12 306 12 25 0.103008695 
769 523 14 24 0.10297738 
181 639 16 28 0.10290684 
521 459 15 26 0.10254828 
844 773 12 39 0.10243865 
135 629 16 26 0.10220307 
481 154 14 25 0.10172959 
11 750 14 40 0.10140419 
471 127 14 23 0.1013581 
420 626 16 28 0.10109506 
249 532 17 29 0.10087237 
986 675 15 29 0.10084255 
237 688 17 30 0.100123614 
978 511 16 29 0.10011923 
278 495 15 25 0.09975102 
883 401 13 23 0.0997339 
217 772 13 41 0.099666946 
768 771 12 42 0.099614464 
257 156 12 20 0.09950167 
129 208 13 23 0.09945449 
819 496 16 25 0.09928252 
346 605 15 22 0.098957285 
250 550 16 25 0.098936856 
502 423 12 20 0.09892367 
305 331 13 25 0.0988701 
281 90 13 20 0.098495044 
696 661 17 31 0.09800604 
305 26 12 21 0.097841054 
958 763 13 39 0.09781071 
726 154 15 22 0.09765878 
349 280 13 25 0.097270705 
353 382 15 31 0.09719534 
964 231 12 21 0.09698523 
848 -5 11 15 0.09693754 
803 684 16 30 0.09680468 
25 243 13 25 0.09662826 
208 -3 10 16 0.09661053 
860 311 11 21 0.09658715 
767 748 13 43 0.09635069 
252 138 13 23 0.09562436 
800 24 14 23 0.095269784 
410 489 13 22 0.09503083 
174 107 14 23 0.095022336 
730 51 12 22 0.09498227 
562 144 13 21 0.09472586 
201 687 18 32 0.094715394 
663 301 15 23 0.09469385 
141 183 12 19 0.09435706 
754 748 14 42 0.09414195 
140 771 13 42 0.09399048 
615 118 12 21 0.09377441 
9 788 15 43 0.09371031 
231 126 14 23 0.093565516 
419 562 16 29 0.09329757 
10 382 12 26 0.09322983 
981 287 12 22 0.09302851 
371 540 12 21 0.093014285 
211 585 16 28 0.09286079 
934 772 13 41 0.0927509 
367 101 15 26 0.09263818 
972 253 13 22 0.09243333 
947 762 12 41 0.0921129 
349 2 11 18 0.09199072 
487 66 14 21 0.09164139 
721 2 11 19 0.091245525 
115 -154 13 25 0.091087684 
755 771 12 41 0.09102306 
498 156 14 21 0.09096915 
465 115 13 22 0.09085866 
128 -153 12 24 0.09070331 
548 163 14 23 0.09054828 
140 57 12 19 0.0904591 
459 485 15 28 0.09041912 
230 772 13 41 0.090321265 
536 109 13 21 0.09029534 
741 748 14 42 0.090224534 
854 91 14 24 0.08989396 
308 250 13 19 0.0898003 
98 407 15 27 0.089598104 
366 347 13 25 0.08957116 
624 116 13 20 0.08953445 
125 333 13 23 0.089494884 
1014 348 12 24 0.089473456 
127 770 13 44 0.08941558 
140 -153 13 24 0.089306265 
667 514 14 24 0.08923117 
557 589 17 26 0.08918605 
168 462 14 24 0.08894339 
987 462 11 22 0.088939786 
26 66 12 19 0.08891228 
226 25 12 21 0.088550836 
971 764 14 38 0.08841796 
565 120 12 21 0.088040546 
729 748 13 42 0.08800035 
640 772 12 41 0.08789742 
653 772 12 41 0.08788758 
622 680 18 35 0.08786241 
910 422 14 25 0.087857716 
513 13 12 21 0.08774725 
639 39 13 24 0.087668695 
856 605 14 23 0.087575965 
101 39 12 23 0.08736373 
683 182 14 23 0.0872117 
538 55 12 20 0.08718573 
612 155 14 22 0.08712561 
103 -154 12 25 0.086800225 
819 143 15 24 0.08641194 
1 395 12 25 0.08624998 
929 210 12 21 0.08617887 
801 267 15 28 0.086170085 
24 -158 12 18 0.0858817 
243 771 13 42 0.08585616 
611 99 13 20 0.085716225 
665 772 13 41 0.08561576 
922 105 12 22 0.085499704 
53 143 12 20 0.085343346 
345 -153 12 23 0.08534153 
716 760 13 44 0.085129194 
703 760 13 44 0.08511442 
383 -153 13 23 0.0851028 
666 42 12 20 0.084929235 
590 52 12 21 0.084906265 
332 -153 13 23 0.084847264 
831 273 13 21 0.08480377 
103 14 11 20 0.084710106 
311 55 11 18 0.084497124 
538 66 13 19 0.08434813 
358 -153 12 23 0.08434331 
371 -153 12 23 0.084276274 
995 252 14 26 0.08416175 
627 772 13 41 0.083964646 
153 -153 13 23 0.08379545 
751 143 13 21 0.083729714 
447 748 14 42 0.08371169 
742 771 12 41 0.083662435 
477 -5 8 17 0.083649606 
90 -155 12 27 0.08343503 
320 -153 12 23 0.08340503 
627 94 13 19 0.083267644 
396 -153 12 23 0.083218046 
779 747 14 44 0.08320768 
307 -153 12 23 0.08320666 
523 101 15 23 0.08314596 
616 270 14 24 0.08308413 
459 748 14 42 0.083075985 
513 218 12 21 0.08307312 
407 117 13 22 0.08297366 
151 375 14 23 0.0829051 
142 422 13 24 0.08284805 
294 -153 12 23 0.08284429 
380 88 12 22 0.08257472 
421 3 12 20 0.08247119 
118 -5 10 14 0.08233736 
444 264 13 25 0.08230756 
328 527 13 24 0.082084835 
356 749 15 41 0.08207616 
0 333 10 25 0.082005896 
382 748 15 42 0.081885785 
348 219 12 22 0.08181679 
281 -153 13 23 0.081675835 
678 772 12 41 0.08156073 
166 -153 12 23 0.081239305 
650 29 13 21 0.08099678 
690 749 13 40 0.08068949 
227 105 14 20 0.08066308 
139 308 13 21 0.080414675 
409 -154 12 24 0.08028814 
73 349 13 23 0.08021149 
472 748 14 41 0.0801116 
100 770 14 44 0.08007755 
1013 511 13 27 0.0800388 
434 748 14 43 0.079912856 
0 648 11 29 0.07976115 
987 -151 12 26 0.079694115 
268 -153 13 23 0.07963325 
179 -153 12 23 0.07924903 
1015 293 11 24 0.07919777 
369 748 15 42 0.07916884 
306 411 15 22 0.07906655 
729 772 13 40 0.0790218 
256 771 13 42 0.078908265 
23 499 15 23 0.07872098 
113 770 14 44 0.07831464 
255 -153 13 23 0.078259 
124 463 14 24 0.07824356 
575 749 13 40 0.07823561 
516 27 11 19 0.0782282 
77 -155 13 27 0.07819897 
713 154 13 22 0.07811608 
421 748 14 43 0.07811205 
368 231 12 22 0.07801613 
671 305 15 25 0.07788144 
691 772 12 41 0.077773154 
386 229 13 22 0.0775963 
88 749 14 39 0.07756923 
166 68 14 22 0.07755197 
857 386 13 22 0.07745612 
152 746 14 45 0.07744016 
587 748 14 41 0.07740568 
422 -154 12 24 0.077372186 
395 748 14 42 0.07729114 
816 525 16 27 0.077243306 
847 158 13 23 0.077237904 
113 747 14 43 0.077176854 
191 -153 13 23 0.07713365 
604 456 17 27 0.07706371 
937 16 11 19 0.0770274 
983 66 13 20 0.07696696 
344 749 15 41 0.07674466 
715 489 15 25 0.07673065 
804 108 13 20 0.07667228 
485 748 14 41 0.076655984 
243 -153 12 23 0.076564774 
846 3 13 21 0.076496564 
614 771 13 42 0.07647486 
562 749 14 40 0.07642891 
678 749 13 40 0.076323405 
100 748 14 41 0.07609309 
283 269 13 21 0.07604847 
434 -154 13 24 0.07592376 
230 -153 12 23 0.07547939 
76 217 14 25 0.07545777 
908 747 14 42 0.07536859 
217 -153 13 23 0.07531009 
480 312 14 23 0.07523261 
877 155 13 22 0.07512626 
204 -153 13 23 0.07508077 
437 358 13 23 0.074938685 
447 -154 13 24 0.07476366 
76 749 13 39 0.0745997 
497 504 17 28 0.074573845 
728 16 12 19 0.074548036 
101 393 15 30 0.07439163 
491 657 12 24 0.07425736 
590 311 14 26 0.07422241 
329 195 12 20 0.074190386 
87 431 16 31 0.07415914 
921 737 13 38 0.07410577 
460 -154 13 24 0.07407852 
409 759 13 45 0.073953494 
64 -155 13 27 0.073925026 
139 746 15 45 0.0738717 
894 102 12 19 0.07380949 
473 -154 13 24 0.073792696 
318 12 13 22 0.073678404 
600 748 14 41 0.07364632 
126 746 15 45 0.07363497 
603 182 12 20 0.07360012 
422 266 13 22 0.073594406 
651 13 12 20 0.07347 
845 424 15 23 0.07327665 
231 654 19 30 0.07321191 
425 598 15 26 0.07313205 
214 271 12 22 0.07306513 
162 296 16 25 0.073022574 
203 259 14 21 0.0730215 
763 535 16 31 0.07301277 
12 411 13 28 0.072982304 
62 53 13 21 0.07297321 
537 760 13 44 0.0728676 
0 -197 370 273 0.07286357 
895 747 14 43 0.07274763 
666 255 14 26 0.072734825 
29 83 13 19 0.072706915 
331 749 15 41 0.07264752 
872 243 13 24 0.07242546 
473 220 11 21 0.07241746 
549 748 14 41 0.07238591 
385 26 12 20 0.07222512 
51 -154 13 25 0.07221996 
920 346 14 24 0.07218438 
665 749 13 40 0.07214418 
639 525 13 25 0.07200965 
1012 401 15 33 0.07196744 
365 578 15 26 0.07194668 
486 -153 12 23 0.07185779 
88 771 14 42 0.0718286 
54 77 12 21 0.071581155 
750 451 14 27 0.07146103 
548 479 14 23 0.07141569 
176 216 14 25 0.07139389 
524 760 13 44 0.07119805 
317 517 15 24 0.07106127 
499 -153 12 23 0.07102618 
511 -153 13 23 0.070997365 
925 56 11 19 0.07093378 
268 760 14 44 0.07090646 
669 269 12 23 0.07082857 
563 -153 13 24 0.07074578 
497 747 15 43 0.07050943 
524 -153 13 23 0.07049937 
181 436 14 24 0.07044585 
318 749 15 40 0.070380375 
666 284 13 20 0.070332564 
575 -153 13 24 0.07029083 
89 385 13 24 0.07026481 
293 749 14 40 0.07024755 
2 566 11 21 0.07023587 
9 810 18 45 0.07021775 
995 784 15 42 0.07010754 
15 -101 10 25 0.0700612 
850 281 14 28 0.06986693 
320 637 14 25 0.06980957 
165 746 14 45 0.06979505 
762 669 18 30 0.06975412 
678 671 18 31 0.06956634 
792 747 14 44 0.06954064 
947 266 15 26 0.06947001 
99 422 14 25 0.06939887 
123 447 15 26 0.06937024 
832 -5 11 17 0.069173485 
283 217 13 24 0.06903906 
652 748 13 41 0.06903048 
128 108 13 20 0.06902229 
511 759 14 45 0.06899243 
281 749 14 41 0.06897886 
860 132 12 19 0.068924114 
0 550 13 25 0.06890754 
305 749 15 40 0.06887917 
550 -153 13 23 0.06887112 
537 -153 13 23 0.06871634 
435 93 10 19 0.06868809 
112 616 16 25 0.06865881 
218 664 16 27 0.0686162 
48 309 15 23 0.06859854 
76 772 13 41 0.06851621 
201 217 13 24 0.06841581 
601 771 13 42 0.06832601 
784 257 15 24 0.06827195 
614 -152 13 23 0.06825966 
68 285 15 24 0.06825223 
883 747 13 43 0.06824042 
544 347 16 28 0.068095006 
550 770 13 43 0.06800614 
434 228 12 24 0.067825995 
588 -153 13 24 0.06766663 
535 144 13 22 0.067564495 
409 -4 11 16 0.06755363 
704 525 14 25 0.06753877 
601 -153 13 24 0.06748986 
320 28 11 19 0.067409895 
934 749 13 39 0.06737837 
143 436 12 23 0.06735746 
810 293 13 21 0.067304015 
141 143 10 21 0.067258745 
238 492 16 25 0.06711499 
639 748 13 41 0.06711183 
344 56 11 19 0.06706724 
176 66 13 24 0.066945046 
158 487 12 20 0.06685953 
497 413 15 22 0.06682751 
191 54 12 19 0.06674505 
232 424 15 25 0.06658909 
23 -102 11 28 0.06646979 
448 90 12 20 0.06632345 
488 218 13 25 0.066294916 
63 772 14 42 0.06616953 
997 740 13 38 0.065974355 
158 244 11 21 0.06591882 
715 21 13 18 0.0657953 
611 143 13 23 0.06579076 
498 770 14 43 0.065744 
984 91 12 19 0.06567821 
385 16 12 19 0.06565561 
241 92 13 19 0.06552716 
640 -4 11 15 0.065526634 
11 363 10 22 0.065443054 
321 362 12 22 0.06540779 
393 295 14 22 0.065355666 
573 523 16 27 0.06525884 
563 770 13 43 0.065254375 
724 656 15 26 0.06524994 
448 371 13 23 0.06523054 
717 737 12 38 0.06517765 
575 770 14 43 0.06504023 
105 191 13 22 0.06503781 
512 205 12 24 0.06498297 
178 746 14 45 0.064870015 
562 386 14 23 0.06470085 
410 615 14 27 0.06470048 
751 -4 12 18 0.06469113 
627 -152 13 23 0.06469077 
486 770 13 43 0.06461789 
588 771 13 42 0.064582355 
703 738 13 37 0.064559944 
931 409 16 30 0.06451848 
475 298 11 19 0.06444406 
920 116 12 22 0.064294696 
358 452 12 19 0.06422788 
613 748 14 42 0.06421657 
473 770 13 43 0.0640041 
409 737 13 39 0.063999526 
25 738 15 36 0.063944496 
487 477 18 30 0.06389059 
482 559 15 29 0.063782424 
63 748 14 39 0.06371107 
90 184 12 18 0.063675694 
900 243 12 24 0.06364709 
397 -64 11 27 0.063462675 
626 104 13 19 0.06344697 
947 739 12 35 0.06331716 
576 345 13 22 0.06327765 
128 292 14 25 0.06320124 
409 -65 11 28 0.06313637 
100 676 15 27 0.06312018 
785 534 16 30 0.06311702 
974 335 12 19 0.0630826 
200 422 13 25 0.06307905 
524 737 13 38 0.06292398 
867 589 15 27 0.06288457 
599 14 13 21 0.062884025 
105 319 13 22 0.06266762 
2 132 10 20 0.06258172 
422 409 13 22 0.06250428 
476 14 10 19 0.062387556 
202 344 14 24 0.062365953 
511 737 14 39 0.06227304 
205 184 12 20 0.062268365 
989 40 11 19 0.062211156 
804 152 17 25 0.062184524 
537 737 13 38 0.06215077 
870 747 13 43 0.0621416 
175 395 14 25 0.06209482 
362 413 13 21 0.06199934 
256 747 13 44 0.061926186 
406 476 15 24 0.061833367 
193 255 14 22 0.061792865 
15 -125 9 24 0.061779734 
727 535 17 26 0.061726082 
13 -141 10 26 0.061686885 
216 554 13 21 0.061671864 
986 200 13 23 0.0614769 
841 377 13 21 0.061463103 
626 748 14 41 0.061399516 
492 266 16 26 0.061278895 
1010 775 13 38 0.06112618 
14 210 12 19 0.06108287 
102 159 13 19 0.061081614 
73 55 14 22 0.06102658 
615 168 13 21 0.061017785 
513 100 14 23 0.060944818 
418 688 16 31 0.060889892 
343 514 12 24 0.060774572 
16 276 10 19 0.060563434 
119 427 12 22 0.060522057 
624 169 14 22 0.060518775 
55 107 12 21 0.06021893 
908 694 15 26 0.06005991 
317 699 19 32 0.060003813 
945 181 13 24 0.059875492 
224 375 14 25 0.059871264 
49 412 14 25 0.05978417 
469 182 13 22 0.05956357 
600 385 14 22 0.059472695 
772 88 12 22 0.059459835 
640 -151 12 21 0.05945204 
2 145 14 26 0.059432615 
60 513 14 22 0.05940124 
67 500 15 23 0.05932406 
138 262 14 23 0.059290305 
898 554 15 26 0.059238814 
308 643 13 22 0.059205495 
665 -62 11 25 0.059122864 
731 450 15 26 0.059120137 
830 512 18 27 0.05907313 
344 497 12 22 0.059047475 
918 130 15 24 0.059003677 
14 347 11 23 0.058944408 
705 562 14 23 0.058904678 
191 746 14 45 0.05889768 
383 525 16 25 0.05884127 
390 605 15 24 0.058839805 
888 631 12 23 0.05878893 
167 601 14 22 0.05875447 
805 310 13 22 0.058753107 
150 410 14 26 0.05872105 
153 53 11 20 0.058680534 
959 -152 12 23 0.058651302 
29 349 13 24 0.05863206 
1002 269 13 24 0.058547486 
1014 210 12 19 0.058526818 
190 42 11 19 0.05851275 
221 478 14 24 0.058480013 
661 435 16 25 0.05847403 
365 144 14 24 0.058458973 
546 206 14 24 0.05844744 
446 351 13 20 0.058317095 
639 28 13 21 0.058303464 
498 436 13 24 0.058283627 
494 106 13 21 0.058270667 
88 683 18 35 0.058216415 
382 499 15 22 0.05818885 
116 514 14 23 0.05813577 
370 9 12 23 0.05809158 
829 410 14 23 0.05808075 
217 235 12 21 0.058001585 
292 592 12 22 0.057994198 
880 234 14 21 0.057930756 
291 627 16 26 0.057861034 
285 37 12 20 0.057854578 
589 25 12 23 0.057792522 
1002 -126 8 24 0.05776803 
241 423 13 24 0.05762996 
240 258 12 21 0.057575453 
974 617 12 24 0.057505142 
984 741 13 36 0.057482205 
55 17 13 20 0.057473384 
594 547 17 31 0.057455845 
707 29 12 19 0.057394713 
451 7 13 24 0.057350945 
368 242 12 24 0.057250153 
-1 81 10 21 0.057217468 
396 169 12 22 0.057145797 
1014 180 11 22 0.05713729 
815 687 15 28 0.057085097 
653 -62 11 25 0.056960054 
73 124 14 24 0.05692805 
718 90 12 21 0.05687477 
702 306 14 24 0.05686852 
552 386 13 22 0.05684061 
218 246 13 20 0.05682341 
985 -3 11 15 0.0567461 
1015 139 12 25 0.056743175 
21 526 13 23 0.056626208 
396 44 13 21 0.05660744 
241 123 14 20 0.05656947 
153 71 12 19 0.056523025 
1 409 12 29 0.056521047 
152 282 14 26 0.056468133 
510 319 15 24 0.056442898 
434 388 12 21 0.05629367 
268 467 14 20 0.056280836 
312 422 14 22 0.056272175 
947 -153 13 23 0.056215316 
960 16 13 19 0.05620907 
2 -153 11 25 0.05616645 
892 699 18 34 0.056073543 
356 543 12 19 0.056018706 
243 746 14 45 0.055998046 
858 258 208 373 0.05598111 
533 583 19 29 0.05592318 
259 67 11 20 0.055921238 
983 783 16 42 0.055919703 
452 182 12 22 0.055760622 
725 137 15 23 0.05557685 
588 374 13 22 0.055561163 
102 267 14 28 0.05555931 
49 497 13 24 0.055532683 
386 -128 9 27 0.055370554 
668 80 12 22 0.05537017 
963 515 13 24 0.055248894 
436 -129 10 28 0.055245385 
384 -64 11 27 0.055210978 
636 10 13 22 0.055038884 
398 -129 9 28 0.0549366 
104 50 12 23 0.054919545 
887 219 12 21 0.05484441 
858 747 12 43 0.054750998 
49 91 13 22 0.054711368 
39 192 14 22 0.05465871 
640 -62 11 25 0.05457145 
445 284 13 22 0.054519586 
678 -62 11 25 0.054467607 
168 -128 9 27 0.054397773 
959 783 14 43 0.054316632 
373 -128 9 27 0.05422874 
360 -128 9 27 0.054213762 
204 747 14 44 0.05420633 
805 747 13 43 0.054192107 
732 239 14 26 0.05409289 
938 114 12 21 0.05408147 
328 714 17 34 0.053931724 
1014 526 12 24 0.05389231 
142 -129 10 28 0.05388677 
230 -63 11 26 0.053816076 
424 -129 9 28 0.053791415 
24 761 15 40 0.05372722 
306 564 14 25 0.053671222 
348 -128 8 27 0.053600755 
656 528 14 26 0.053595144 
121 526 15 24 0.05356424 
411 -129 9 28 0.053532545 
90 205 14 25 0.05353246 
474 681 15 27 0.053417224 
443 295 14 22 0.05340482 
188 381 13 26 0.053369835 
847 478 13 21 0.053362604 
8 666 13 27 0.05334507 
348 -102 8 26 0.05329028 
385 42 12 21 0.05328214 
137 241 13 23 0.05322093 
372 297 12 22 0.053213827 
361 -102 8 26 0.053085513 
458 647 15 31 0.05307855 
959 739 12 35 0.053043894 
335 -102 8 26 0.053019397 
984 310 15 25 0.053009503 
906 105 13 21 0.052965052 
988 127 12 22 0.052953053 
345 638 15 24 0.052935716 
449 -128 9 27 0.05290304 
24 540 12 21 0.052811664 
332 412 12 23 0.052781098 
13 473 11 23 0.052740935 
41 129 11 19 0.052688513 
575 286 11 20 0.05256682 
622 210 15 22 0.052545503 
296 -128 9 26 0.052483823 
335 -128 9 27 0.052469283 
155 -128 10 27 0.05242288 
668 28 12 22 0.052417696 
283 -128 10 26 0.052349437 
816 42 12 19 0.052287146 
798 105 11 20 0.052281618 
611 128 13 21 0.052270282 
458 282 13 24 0.052249864 
935 44 12 19 0.052235458 
322 -128 9 26 0.05219386 
309 -128 9 26 0.05214775 
424 124 12 22 0.052031636 
6 485 14 26 0.05201959 
780 36 14 22 0.051942464 
605 54 12 21 0.05193736 
460 725 13 36 0.051914927 
813 671 17 30 0.051914096 
860 452 13 21 0.05183708 
268 610 14 26 0.05182386 
699 405 17 27 0.05180417 
348 146 13 22 0.05176431 
280 783 15 41 0.05174892 
284 -101 8 25 0.051723227 
293 782 15 42 0.051696196 
367 282 12 25 0.051638506 
690 246 12 22 0.051547777 
685 469 17 29 0.05146172 
679 211 13 24 0.051340338 
936 27 10 18 0.051227886 
181 -128 9 27 0.051223245 
974 -150 11 22 0.05121961 
22 -141 13 27 0.051168736 
985 477 13 23 0.05114392 
604 488 15 24 0.051119614 
691 -63 11 26 0.05111241 
578 559 17 27 0.051111486 
865 13 14 22 0.05109359 
296 -101 9 25 0.051080544 
259 94 12 18 0.05105845 
420 229 14 25 0.051038817 
484 141 12 21 0.05103856 
318 43 14 19 0.051031586 
970 784 15 42 0.050959487 
74 503 16 30 0.05094418 
754 74 12 24 0.05093388 
447 783 14 41 0.050896622 
600 371 14 24 0.05086977 
217 746 14 45 0.05085508 
447 725 13 36 0.050795563 
373 -101 9 25 0.050763216 
462 -128 9 27 0.050558805 
434 783 14 41 0.05055576 
459 783 14 40 0.050512243 
744 384 13 22 0.050497558 
704 258 12 21 0.050426353 
322 -102 9 26 0.05041818 
610 587 17 27 0.05038148 
579 362 11 20 0.050316572 
305 725 16 35 0.05030126 
304 683 18 31 0.05027085 
653 -151 12 21 0.050263964 
215 812 16 41 0.05023139 
451 77 12 22 0.05021113 
202 812 17 41 0.050206237 
252 691 17 27 0.050128635 
638 283 16 24 0.050111946 
439 14 10 18 0.05005388 
559 612 17 25 0.050051134 
919 803 16 41 0.050050955 
174 700 16 34 0.050003037 
75 726 15 35 0.04993048 
36 737 15 36 0.049879238 
703 206 13 23 0.049786616 
346 543 13 21 0.049785428 
728 491 15 27 0.049746193 
256 -76 11 26 0.04972834 
907 803 15 40 0.049717184 
715 246 13 22 0.049703132 
194 -128 9 27 0.049479704 
188 192 13 22 0.04944356 
523 143 13 21 0.049435105 
833 534 15 30 0.04941548 
41 629 14 22 0.04938192 
563 397 16 26 0.049327694 
271 -127 9 25 0.049319543 
819 748 13 42 0.049317468 
1003 -111 7 22 0.049308266 
794 132 13 21 0.04926447 
309 -102 9 26 0.04924671 
215 72 14 23 0.04920797 
582 694 19 35 0.04917871 
168 -103 9 27 0.049175877 
421 783 14 41 0.0491253 
980 639 16 27 0.049112093 
49 748 15 39 0.04910285 
367 497 14 25 0.04903601 
400 255 11 22 0.049001724 
1001 168 13 21 0.04898016 
190 159 11 19 0.04897745 
154 319 13 22 0.048942056 
475 -128 9 27 0.048941273 
845 747 12 43 0.0489395 
437 -102 9 26 0.048914906 
291 370 12 22 0.048889797 
11 398 12 22 0.048879676 
651 286 14 22 0.048865527 
463 131 12 19 0.048827298 
189 812 17 41 0.04875911 
385 430 14 25 0.048748266 
650 346 15 23 0.04865486 
1016 -124 8 24 0.048607636 
227 812 17 41 0.04860582 
164 447 14 26 0.048590332 
932 802 16 43 0.048565295 
40 -152 12 22 0.04852728 
627 -62 11 25 0.04852207 
218 202 15 24 0.048501965 
52 -103 10 28 0.048462566 
63 540 15 23 0.048450805 
832 748 13 42 0.04843197 
151 813 16 40 0.04838051 
181 -103 9 27 0.04836613 
23 -126 11 26 0.048316006 
253 517 14 22 0.048262876 
840 461 15 24 0.04823624 
421 -65 11 29 0.048224743 
1012 -150 10 25 0.048168857 
468 201 14 25 0.04816713 
310 525 14 25 0.048109535 
1014 543 12 22 0.048093792 
276 700 16 33 0.048077185 
437 28 12 22 0.048051134 
591 39 13 23 0.047981124 
960 152 12 21 0.047946367 
691 631 16 26 0.0479445 
882 142 12 19 0.047918174 
1017 -110 8 23 0.04791548 
242 563 15 23 0.047911417 
1001 450 13 25 0.04788822 
163 813 17 40 0.047870312 
61 801 16 42 0.047832247 
243 -64 11 27 0.047824956 
182 231 12 24 0.047734972 
754 157 12 21 0.04767917 
829 814 16 38 0.04766976 
90 233 12 24 0.047660835 
641 258 13 22 0.04765751 
817 814 16 38 0.047620688 
251 316 14 27 0.047569763 
62 726 15 36 0.047458846 
258 -127 9 25 0.04744322 
130 -129 9 28 0.047442228 
271 -101 8 25 0.047417406 
982 530 14 28 0.04730045 
386 -101 9 25 0.04728676 
450 -102 9 26 0.047280956 
460 47 12 18 0.047254354 
818 271 14 23 0.04724699 
347 346 13 26 0.047232177 
320 -64 11 28 0.04722177 
896 257 13 24 0.047174748 
230 746 14 45 0.04710388 
334 18 13 20 0.047102675 
627 31 12 19 0.04707169 
155 -103 9 27 0.04704578 
894 804 15 39 0.04704479 
176 812 17 41 0.04703754 
305 782 15 43 0.04699493 
863 24 14 26 0.046992738 
12 727 12 37 0.046974782 
242 82 13 20 0.04692736 
293 725 15 35 0.04690301 
137 354 231 334 0.04690254 
690 173 13 20 0.04676618 
636 687 16 32 0.046762384 
933 345 15 26 0.046757363 
138 812 17 42 0.04671778 
830 690 15 24 0.046688545 
22 512 15 25 0.04660597 
333 345 13 23 0.046599723 
561 183 14 23 0.046592478 
463 -101 8 25 0.046591423 
110 347 15 25 0.046544228 
488 -128 9 27 0.04648063 
434 725 13 36 0.046396095 
842 814 16 38 0.04636985 
907 93 11 18 0.046358526 
389 422 16 26 0.04633734 
472 725 14 36 0.046275463 
258 -101 9 25 0.04623851 
559 35 15 26 0.046227116 
824 642 13 20 0.04621962 
143 -103 8 27 0.04621652 
486 -64 11 28 0.046200275 
269 737 13 39 0.046200264 
399 -101 8 25 0.046195947 
247 272 11 20 0.046191547 
40 537 12 22 0.046161618 
853 516 15 25 0.046150144 
693 62 12 22 0.046114884 
615 -62 10 25 0.04609854 
856 425 14 22 0.046082158 
763 472 17 29 0.04606231 
104 500 13 22 0.04605541 
12 690 13 27 0.046035707 
26 488 13 22 0.045949325 
114 566 13 23 0.04590638 
433 473 15 24 0.04583509 
509 243 13 22 0.045804814 
421 724 13 37 0.045769487 
15 -76 10 25 0.045764465 
160 570 16 28 0.04575183 
421 15 11 19 0.045717753 
1018 -86 7 23 0.045708604 
24 -64 12 28 0.045703873 
666 368 15 24 0.04567968 
503 628 14 25 0.045633163 
166 -141 11 26 0.04558416 
240 812 17 41 0.045545183 
1012 753 12 35 0.0455062 
1003 -87 7 23 0.045450523 
476 -101 8 25 0.045429908 
654 52 12 22 0.045371514 
207 -128 9 27 0.045370843 
1000 348 12 21 0.04537065 
918 689 15 29 0.045347504 
245 -127 9 25 0.04531697 
573 91 13 20 0.045312896 
0 693 10 25 0.0452975 
87 724 16 37 0.045205887 
194 -102 8 26 0.04517726 
424 -102 9 26 0.04517417 
295 410 13 23 0.04517201 
384 -141 10 26 0.045163766 
219 -127 9 26 0.04508425 
909 350 12 20 0.045031033 
111 50 13 25 0.045009498 
372 -64 10 27 0.045007788 
997 433 12 25 0.044955336 
853 614 14 25 0.044941097 
411 -101 9 25 0.044925995 
359 495 14 25 0.044890814 
906 394 15 27 0.04488676 
247 283 12 21 0.044779323 
50 773 14 41 0.04476304 
805 591 16 26 0.04473452 
0 788 12 39 0.04465534 
614 73 14 23 0.044628754 
130 -103 9 27 0.044547964 
396 -141 11 26 0.044539027 
512 -63 11 26 0.044531774 
501 -128 9 27 0.044516176 
268 -64 11 28 0.04450695 
240 155 12 21 0.044495855 
804 814 16 38 0.04443138 
747 230 15 27 0.044402797 
945 801 16 44 0.04439433 
823 348 12 22 0.044362612 
1 763 11 38 0.044347573 
308 -64 10 27 0.044333212 
52 56 12 18 0.044299133 
639 81 13 22 0.044256035 
565 -101 9 25 0.044255547 
474 -64 11 28 0.04423478 
38 119 11 19 0.044229038 
972 740 12 36 0.0442081 
890 409 14 27 0.044202514 
830 234 13 20 0.044200864 
219 -63 11 26 0.04417107 
661 121 14 26 0.04416762 
232 -127 9 25 0.04415882 
565 -127 9 25 0.044154957 
488 -101 9 25 0.04412636 
317 725 17 34 0.044106424 
220 -101 8 25 0.04399951 
945 363 16 26 0.04398738 
664 499 14 25 0.04397928 
855 814 16 38 0.043915845 
346 -141 10 26 0.0438953 
897 231 13 22 0.0438584 
16 34 234 388 0.04385796 
99 230 13 24 0.043850105 
516 40 11 20 0.043846365 
371 -141 10 26 0.04380989 
318 782 15 43 0.043751225 
447 233 12 21 0.043743998 
446 29 11 19 0.0437435 
830 15 14 22 0.04373302 
220 494 15 25 0.043677576 
835 -103 8 27 0.043613248 
26 17 11 19 0.04360142 
25 315 14 24 0.04358673 
935 271 14 22 0.04356651 
575 181 12 22 0.04355887 
552 -127 9 25 0.043524567 
281 -140 11 24 0.043522276 
497 22 12 24 0.043503206 
868 805 15 38 0.043496974 
869 51 14 25 0.043453727 
881 804 15 39 0.043416902 
214 688 18 31 0.04338125 
358 -64 11 27 0.04333612 
986 450 13 23 0.043270152 
524 -63 11 26 0.04324694 
1011 699 16 29 0.04323538 
281 260 11 19 0.043227676 
501 -101 9 25 0.04321825 
37 56 12 19 0.043218184 
342 714 16 35 0.04321198 
497 350 12 20 0.04318211 
294 -141 11 25 0.04317938 
76 667 13 22 0.043159217 
972 322 12 22 0.04313904 
253 812 17 41 0.043135032 
539 -127 9 25 0.04312101 
358 -141 11 26 0.04310621 
422 83 12 18 0.043104116 
767 450 13 23 0.04308534 
73 801 17 43 0.043064125 
468 248 15 22 0.04299488 
523 203 14 26 0.042990103 
333 -141 10 26 0.042978574 
269 -140 10 24 0.042960536 
246 -100 8 24 0.042913735 
230 552 13 20 0.04290612 
677 722 14 38 0.04284618 
36 761 15 39 0.042836703 
552 -101 9 25 0.042823546 
780 221 13 21 0.04280849 
289 552 13 25 0.042718183 
118 -104 8 28 0.042685706 
499 -64 11 27 0.042630047 
514 -127 9 25 0.042550836 
233 -100 8 24 0.042533707 
0 236 11 20 0.042527653 
395 783 15 43 0.04250395 
179 -141 11 26 0.042495437 
386 242 12 24 0.042459734 
1018 -73 8 23 0.04244792 
487 437 15 24 0.04243255 
256 -140 10 24 0.042402405 
320 -141 10 26 0.04236107 
475 355 14 23 0.042356234 
13 14 9 19 0.042334527 
451 331 13 23 0.04230656 
125 812 17 42 0.042297926 
540 -101 8 25 0.04224866 
307 -141 10 26 0.042209513 
857 689 17 28 0.042200346 
973 117 12 20 0.04220016 
191 701 17 33 0.042152718 
196 92 13 21 0.042145517 
847 -103 8 27 0.042139366 
321 -88 10 25 0.042137664 
474 26 12 21 0.04209766 
308 -88 10 25 0.04207066 
974 687 15 26 0.04205631 
526 -127 10 25 0.042045448 
578 -127 9 25 0.04199334 
666 -74 10 24 0.041993313 
676 571 18 30 0.041982505 
49 726 14 35 0.04193084 
918 663 15 29 0.04190354 
157 216 13 27 0.041877273 
821 127 13 23 0.041857533 
812 179 12 23 0.041841254 
471 488 15 24 0.041799635 
232 -87 9 24 0.041739613 
549 232 12 22 0.04172428 
702 -63 12 28 0.04172037 
270 -88 9 25 0.041691635 
791 814 16 38 0.041674823 
207 -101 9 25 0.041671503 
157 194 12 19 0.04164834 
245 -87 9 24 0.041640036 
973 104 13 20 0.041625895 
444 613 16 29 0.04161913 
281 725 14 36 0.041557305 
899 27 12 20 0.041533105 
330 782 16 43 0.04152825 
734 506 17 29 0.041524865 
385 -88 10 25 0.041286074 
527 -101 8 25 0.04125414 
191 -141 11 26 0.041238602 
508 59 11 18 0.041222695 
578 -101 8 25 0.04121921 
663 244 14 24 0.041151226 
856 194 13 22 0.041145477 
346 -76 11 26 0.041129153 
373 -88 9 25 0.04112254 
336 89 12 22 0.04111642 
663 209 14 22 0.041100375 
153 -64 12 29 0.041066434 
655 209 12 21 0.041053027 
283 -88 9 24 0.041049503 
999 374 12 22 0.04103291 
514 -101 9 25 0.04101674 
398 -88 9 25 0.041014716 
969 369 15 26 0.040988322 
382 782 15 44 0.040867455 
343 782 16 43 0.040802293 
243 -140 11 24 0.040790867 
594 348 211 331 0.040751703 
427 -16 9 16 0.040743455 
347 209 11 20 0.04071782 
334 -89 9 26 0.040713146 
713 686 16 30 0.04069677 
856 116 13 20 0.040616035 
816 699 17 34 0.04057026 
356 782 15 43 0.040499374 
589 245 13 21 0.04048708 
460 -64 12 28 0.040474307 
617 -127 8 25 0.04043589 
333 -64 10 27 0.04036341 
318 565 14 21 0.040346246 
155 103 13 21 0.040345006 
327 692 16 28 0.040319636 
573 122 13 19 0.040300693 
21 789 18 40 0.040267438 
623 564 15 26 0.04026603 
808 414 15 22 0.04023095 
291 218 13 23 0.040222194 
614 565 14 26 0.040203284 
591 -127 9 25 0.04019413 
72 144 13 23 0.04016878 
487 400 13 20 0.04015365 
360 -88 9 25 0.040129792 
677 686 15 31 0.040120084 
602 -62 11 25 0.040115412 
884 13 11 20 0.04009198 
689 813 16 40 0.040065564 
15 -62 10 24 0.040046092 
411 -88 9 25 0.03993862 
665 724 13 38 0.039918978 
701 813 16 40 0.039814077 
266 709 16 38 0.039813183 
498 91 11 20 0.039715458 
40 515 14 24 0.039714828 
265 812 17 42 0.03970323 
101 340 14 23 0.03967954 
369 782 15 44 0.039651696 
386 153 12 20 0.039571624 
230 -141 11 25 0.039563358 
12 125 12 23 0.039561033 
909 511 15 25 0.03954779 
1008 799 16 42 0.03954063 
204 -141 11 25 0.039427962 
872 524 13 24 0.039402016 
217 -141 11 25 0.03932516 
1002 362 10 20 0.039323278 
317 102 13 20 0.039312292 
895 396 13 23 0.039299704 
99 242 14 26 0.039271735 
587 193 12 22 0.039271217 
498 203 13 26 0.039263494 
865 320 14 24 0.03923862 
472 696 17 36 0.039236855 
399 117 13 22 0.039220046 
421 489 14 23 0.039199576 
755 631 15 23 0.03918502 
0 206 12 24 0.03916946 
602 203 14 22 0.03913911 
654 -86 9 23 0.039132304 
743 666 14 25 0.039044242 
91 628 15 24 0.03903073 
936 283 14 23 0.039010517 
395 712 15 37 0.039007653 
0 578 12 22 0.038978536 
668 -126 9 24 0.03897245 
65 592 16 24 0.038958564 
778 814 16 39 0.038955856 
676 812 16 41 0.03894625 
935 -154 14 24 0.03892616 
219 -88 10 24 0.03892424 
642 -86 9 23 0.03890496 
714 813 16 40 0.038877472 
884 552 14 23 0.03886951 
577 374 14 23 0.03884901 
332 75 14 25 0.03884483 
501 642 13 24 0.038831282 
99 724 15 37 0.038800042 
404 695 19 36 0.038796257 
295 656 15 25 0.03878735 
3 220 11 21 0.038707655 
166 -64 11 29 0.038699795 
230 674 16 30 0.038659148 
373 28 11 20 0.038655907 
630 -127 8 25 0.038627505 
604 -127 9 25 0.038603377 
692 -86 10 23 0.038593866 
330 653 12 23 0.038540166 
141 -64 11 28 0.038522497 
552 463 13 23 0.038522054 
194 143 12 21 0.038501516 
637 805 16 39 0.038465075 
484 725 14 35 0.03845032 
460 -141 11 26 0.038359154 
280 105 11 18 0.038356934 
448 -64 11 28 0.03833932 
650 805 16 39 0.0383293 
455 408 14 23 0.03829034 
690 345 13 24 0.038276784 
931 511 13 24 0.03821825 
727 813 16 40 0.038190927 
611 349 13 21 0.038169213 
369 511 13 22 0.03816479 
816 119 12 20 0.038151685 
625 805 15 39 0.03813921 
473 -141 11 26 0.0381136 
667 -86 9 23 0.038113087 
739 813 17 40 0.038103353 
586 812 16 41 0.038095407 
500 -88 10 25 0.038083833 
886 599 13 25 0.038079385 
71 462 14 25 0.0380097 
537 -63 11 27 0.03798687 
680 -86 9 23 0.037978224 
18 193 11 20 0.03794659 
933 134 14 22 0.037926827 
461 689 15 28 0.03792227 
1003 643 11 20 0.0378808 
773 63 12 21 0.0378686 
551 -88 10 25 0.0378561 
591 -101 8 25 0.037823953 
685 536 17 28 0.03782046 
239 216 14 24 0.037731055 
666 -151 12 21 0.0377242 
752 813 16 40 0.037654016 
215 634 18 30 0.037630104 
14 65 11 18 0.037607178 
1017 -61 9 24 0.037603047 
240 479 14 23 0.037602484 
295 -65 11 28 0.03759368 
800 116 11 21 0.037567236 
513 -87 10 24 0.037566796 
689 723 14 37 0.03755211 
665 143 11 21 0.037549764 
369 331 11 23 0.03754651 
563 -141 11 25 0.037471857 
673 534 16 28 0.037453167 
715 419 16 26 0.03744117 
692 117 12 22 0.037424944 
297 121 12 19 0.037416905 
65 -91 10 28 0.03738759 
765 813 16 40 0.037370395 
881 711 15 36 0.03736767 
511 -141 12 26 0.03735036 
524 -141 11 25 0.037345223 
604 -101 8 25 0.03734003 
841 690 15 26 0.037334252 
549 724 14 38 0.037332922 
818 628 14 24 0.03732867 
687 702 16 31 0.037308816 
564 -88 10 25 0.03730174 
332 121 11 18 0.03729624 
596 689 16 29 0.037295166 
770 -4 11 14 0.037293866 
86 801 17 43 0.037276026 
486 -141 11 26 0.037256446 
997 158 11 19 0.037207637 
692 308 13 22 0.03718392 
598 812 17 41 0.037183218 
663 812 16 41 0.03717968 
487 -88 10 25 0.03715687 
665 13 12 21 0.037146572 
0 514 12 23 0.037141353 
488 202 14 24 0.03713171 
526 -87 9 24 0.037116364 
988 -126 8 23 0.037091 
499 -141 11 26 0.037075587 
165 497 13 24 0.037020948 
729 643 12 21 0.037007082 
407 713 15 35 0.036987454 
40 406 15 27 0.036964327 
491 -15 9 15 0.036953833 
115 -64 11 29 0.036894035 
537 -141 11 25 0.036883466 
550 -141 11 25 0.036862116 
995 236 14 23 0.036860786 
89 -64 11 30 0.036850296 
148 166 16 27 0.036811326 
677 40 11 20 0.036794655 
716 105 12 21 0.036788717 
521 404 14 27 0.036769923 
50 656 14 25 0.036693484 
58 183 14 24 0.036686078 
573 812 17 41 0.036685918 
629 -86 9 22 0.036661282 
845 -151 12 22 0.036660403 
102 548 12 24 0.03665734 
434 -15 11 16 0.03665402 
642 -126 9 24 0.036640823 
1002 -75 7 24 0.03661767 
586 449 13 24 0.036617607 
423 -88 10 25 0.03660264 
561 724 15 37 0.036601156 
407 40 11 21 0.03657722 
612 805 16 39 0.036553893 
955 410 13 26 0.036513202 
819 397 14 23 0.036507584 
205 -63 11 27 0.03649635 
986 700 12 28 0.036489293 
741 296 13 22 0.036469974 
62 431 16 28 0.036465023 
592 91 13 20 0.03646064 
470 813 17 40 0.036432367 
852 675 17 28 0.036431752 
793 63 11 21 0.03641162 
550 -63 11 27 0.036396697 
78 -91 10 28 0.036362987 
587 670 14 24 0.036345255 
782 245 15 24 0.036342934 
590 106 12 20 0.03634202 
37 142 14 21 0.036302987 
483 813 17 40 0.036279026 
457 813 18 40 0.036272988 
368 41 14 22 0.036233578 
932 533 14 25 0.0362319 
128 -64 11 28 0.036226377 
445 813 17 40 0.03619643 
656 -126 8 24 0.036172885 
278 812 17 42 0.03613655 
431 688 16 31 0.036055874 
383 724 13 37 0.03604565 
116 165 15 22 0.036042947 
539 -88 9 25 0.035993956 
112 602 16 24 0.03589406 
432 813 17 40 0.035852157 
1013 197 11 19 0.03579799 
823 -102 7 26 0.03574594 
549 -14 10 15 0.035734996 
475 -88 9 25 0.03572726 
422 28 11 19 0.035677504 
259 221 11 20 0.035660535 
419 812 17 42 0.03561174 
589 -63 11 26 0.035610743 
47 802 18 40 0.035609152 
462 -88 9 25 0.035594765 
102 -64 11 29 0.03556292 
828 699 15 33 0.035559382 
778 685 17 32 0.035539836 
92 -13 9 13 0.035529982 
436 372 13 20 0.035527665 
575 -141 12 25 0.035469312 
676 337 14 22 0.03542821 
199 643 17 33 0.03536607 
77 -64 11 29 0.035333544 
307 628 13 23 0.035326395 
976 -102 7 26 0.035292625 
560 812 17 41 0.035280403 
501 -14 9 14 0.035272725 
22 467 16 28 0.035267286 
648 635 16 28 0.03525989 
833 -151 12 22 0.03525975 
988 551 11 21 0.035236005 
781 232 13 21 0.03521148 
676 553 15 25 0.03518837 
598 332 13 24 0.035168182 
395 72 14 25 0.0351285 
281 -65 11 28 0.035127595 
387 384 14 21 0.035119705 
435 -65 11 29 0.035104673 
833 665 14 22 0.035094555 
436 -89 10 26 0.035069313 
28 269 14 24 0.03506612 
331 493 14 26 0.03503645 
496 813 17 40 0.03503066 
922 371 11 21 0.035019897 
994 808 18 47 0.035015006 
112 812 18 42 0.03500224 
573 467 15 29 0.03497444 
395 465 13 20 0.03497056 
617 -100 8 24 0.03491052 
427 66 10 19 0.034906015 
446 105 13 21 0.034880873 
922 359 13 23 0.03485927 
448 156 12 22 0.034831993 
667 182 12 20 0.03482433 
99 803 16 41 0.034779664 
999 298 11 20 0.03477714 
258 -15 9 15 0.034732178 
630 -100 8 24 0.03468712 
300 355 16 28 0.03465857 
347 452 11 20 0.034648318 
702 579 13 24 0.034632068 
406 812 18 42 0.034627467 
396 -39 11 26 0.034545586 
411 80 12 20 0.034538127 
244 616 15 24 0.034535676 
250 676 15 27 0.034518152 
903 612 13 26 0.03450787 
681 -126 9 24 0.03450606 
258 203 12 21 0.034485366 
501 321 12 21 0.034469813 
960 -64 11 28 0.034450315 
600 676 14 27 0.03441247 
577 -88 9 25 0.034403864 
117 144 17 25 0.03440036 
944 447 13 26 0.03437727 
342 406 13 26 0.034329135 
715 539 17 26 0.03426931 
603 -87 9 24 0.034153633 
51 -65 11 29 0.03413145 
973 -65 11 29 0.034085557 
254 477 14 21 0.034050394 
291 812 17 42 0.033940688 
139 724 14 39 0.033873945 
616 -87 9 24 0.033871613 
124 646 16 29 0.03387082 
39 -102 11 26 0.03386573 
488 600 15 28 0.033864547 
26 688 17 31 0.03383443 
657 572 18 29 0.033770192 
547 812 17 41 0.033761643 
510 348 14 20 0.03375876 
856 67 11 21 0.03372846 
947 -63 11 27 0.03367238 
88 100 13 23 0.0336721 
228 41 11 20 0.03366775 
728 723 13 39 0.033664238 
293 687 17 29 0.03365036 
859 -103 9 27 0.033589598 
63 -64 11 29 0.033589587 
739 688 15 29 0.033580873 
32 610 17 29 0.033557806 
206 -89 10 25 0.033517938 
894 723 15 38 0.0335061 
424 422 12 21 0.033484887 
307 438 14 23 0.03346537 
858 -151 13 22 0.03343494 
574 711 17 37 0.033423766 
642 -100 9 24 0.03341143 
832 -64 11 29 0.033409495 
179 -64 11 28 0.03340937 
334 516 11 21 0.0333385 
284 154 11 19 0.033200745 
304 700 18 33 0.033193134 
36 787 16 39 0.033191636 
434 625 18 30 0.03319052 
678 412 13 21 0.03318967 
370 724 13 37 0.033184923 
225 388 16 31 0.0331681 
998 658 13 20 0.033146515 
509 813 17 40 0.03311449 
613 472 15 29 0.03310701 
615 655 18 29 0.03305703 
128 563 16 22 0.03304838 
123 397 13 28 0.033026047 
304 812 17 42 0.033018153 
910 168 12 20 0.0330118 
522 246 13 20 0.032999933 
117 -130 10 30 0.03298779 
192 -64 11 28 0.032958455 
680 641 14 24 0.032894686 
152 723 14 40 0.032894406 
117 466 14 22 0.032888286 
808 167 14 24 0.03283848 
393 812 18 42 0.03277932 
283 191 12 22 0.032733284 
358 462 13 22 0.032712992 
662 589 17 28 0.032692526 
497 725 14 36 0.032619823 
693 -101 9 24 0.032617107 
641 161 15 24 0.03256821 
624 155 14 22 0.032556236 
331 168 13 21 0.032539573 
476 286 11 20 0.032503713 
195 284 13 22 0.03243015 
871 64 13 25 0.03242813 
755 36 13 23 0.032421507 
21 812 19 42 0.032419488 
821 477 12 21 0.03241855 
13 182 11 20 0.032410663 
535 804 16 40 0.032358944 
588 -141 11 25 0.032332662 
974 479 14 23 0.03230455 
2 -100 8 25 0.03230126 
289 524 14 25 0.03229821 
522 804 16 40 0.032281246 
704 79 11 19 0.032279707 
590 -88 9 25 0.03225726 
760 321 12 21 0.03225479 
255 386 12 26 0.032237053 
26 422 13 21 0.032229837 
704 -87 10 24 0.032228786 
576 -63 11 27 0.03222795 
905 710 16 38 0.03219307 
310 591 12 21 0.03217226 
983 269 13 22 0.03217218 
652 724 13 38 0.032148063 
117 286 11 19 0.03214084 
819 -64 11 28 0.032128245 
947 41 12 20 0.03212353 
563 -63 11 27 0.0321211 
39 338 15 24 0.03211572 
804 698 17 35 0.03210221 
194 554 14 20 0.03208993 
916 589 15 27 0.03207578 
356 261 12 22 0.032063257 
655 -100 8 24 0.032041054 
112 724 14 38 0.03198989 
961 502 13 22 0.031985287 
643 552 14 25 0.031971443 
17 95 11 18 0.03193919 
77 39 11 19 0.0318804 
358 512 13 22 0.031817567 
272 376 13 23 0.031814028 
91 -91 10 28 0.031796392 
54 153 12 20 0.031793177 
614 -141 11 24 0.031787544 
329 183 13 21 0.031786647 
316 812 18 42 0.031781938 
179 565 13 22 0.03172966 
229 695 17 35 0.03172873 
958 640 14 26 0.03170804 
360 105 14 23 0.031704925 
259 26 10 21 0.031692453 
179 272 12 22 0.031689595 
682 425 13 21 0.031667747 
357 725 14 36 0.031663563 
933 295 14 23 0.03165315 
12 837 14 37 0.031631887 
587 334 14 24 0.0316129 
156 257 13 23 0.031545065 
844 -64 11 29 0.031517543 
105 -104 9 29 0.03151159 
680 -100 9 23 0.03150145 
625 347 15 23 0.031471413 
207 54 12 19 0.03145593 
244 606 13 21 0.03144895 
154 270 12 23 0.03144542 
451 194 12 21 0.0314056 
668 -100 8 23 0.031399492 
484 24 12 22 0.03139297 
995 413 13 24 0.031379394 
206 526 13 22 0.031375412 
756 132 11 18 0.03136771 
870 723 13 40 0.03134917 
962 221 12 21 0.031344574 
658 62 12 23 0.031323157 
601 -141 11 24 0.031322252 
445 689 15 29 0.031274192 
37 66 12 20 0.031260606 
502 574 15 23 0.031234276 
727 684 15 32 0.031183293 
821 -89 9 26 0.031150406 
741 723 13 39 0.031150406 
1 741 10 35 0.031140784 
420 667 14 25 0.031122666 
293 641 15 24 0.031058306 
551 628 15 22 0.031049432 
127 724 14 39 0.031038424 
175 412 16 23 0.031010937 
371 638 18 27 0.030996919 
195 602 15 24 0.030962005 
524 281 13 23 0.030937538 
151 181 14 21 0.030928375 
329 812 18 42 0.03092463 
349 183 11 20 0.030888584 
639 488 13 23 0.030870147 
625 130 14 22 0.03086634 
523 514 18 29 0.030819906 
963 -103 8 28 0.030784914 
381 812 17 42 0.030781956 
942 622 15 29 0.030743515 
344 336 14 22 0.030725112 
327 429 14 26 0.030716427 
77 26 12 21 0.030687844 
1005 629 10 19 0.030658038 
115 329 13 24 0.03064303 
708 598 16 30 0.030618472 
870 395 16 25 0.030608673 
372 -17 10 17 0.03058859 
843 38 12 22 0.030584756 
74 700 17 32 0.030518597 
400 103 12 22 0.030491468 
459 -36 12 24 0.030487701 
179 260 12 20 0.030480761 
613 11 12 22 0.030471312 
654 90 12 20 0.030468922 
922 -62 11 27 0.030431543 
638 361 14 23 0.030424861 
975 -127 8 25 0.030415436 
561 320 12 23 0.030409979 
16 -33 8 19 0.030406525 
38 -63 11 27 0.030402172 
346 435 13 22 0.030385373 
853 651 16 25 0.030385358 
542 682 13 21 0.030382788 
613 396 14 23 0.030381016 
163 337 14 24 0.030355621 
716 -63 11 28 0.03034455 
151 693 18 38 0.030268228 
267 130 12 21 0.030253468 
460 26 10 19 0.03024579 
17 670 195 169 0.030244486 
291 538 12 24 0.030214544 
15 -13 8 13 0.030202394 
487 251 13 20 0.0301717 
625 142 14 23 0.03014458 
589 257 13 22 0.030130582 
995 201 14 23 0.03012978 
275 408 14 29 0.030128088 
385 -18 9 17 0.030057073 
984 159 14 29 0.030016785 
537 259 12 19 0.030005451 
410 268 13 24 0.029960407 
356 697 16 35 0.029956201 
355 28 11 19 0.029950522 
639 130 12 21 0.02990422 
601 296 13 23 0.029903011 
805 645 14 19 0.029878926 
118 -14 9 14 0.029826384 
351 193 12 20 0.029778259 
894 535 15 26 0.029777672 
630 183 15 25 0.029745987 
931 310 14 21 0.029741487 
103 142 14 22 0.029732376 
37 591 12 21 0.029713994 
934 -62 11 26 0.029701855 
107 488 12 22 0.029701503 
936 667 15 27 0.029660393 
319 393 13 25 0.029641215 
103 514 13 22 0.029634405 
973 132 13 20 0.029624104 
419 474 14 24 0.029617772 
758 91 11 22 0.029615276 
230 212 13 26 0.029604863 
342 812 18 42 0.029600399 
383 -38 12 25 0.029585972 
145 393 15 26 0.02953091 
820 -151 12 22 0.029503653 
645 191 14 26 0.0295028 
855 53 12 22 0.029406944 
204 414 12 22 0.029360175 
64 564 14 22 0.029347582 
272 45 9 16 0.029346691 
871 684 13 22 0.029269539 
1018 -48 8 23 0.02925139 
13 334 12 24 0.029244052 
270 -16 10 16 0.029231118 
368 566 13 23 0.02920267 
433 421 13 22 0.029189128 
368 812 18 42 0.029147781 
535 712 15 38 0.029136287 
381 624 65 79 0.029124083 
877 451 14 27 0.029120859 
38 552 11 21 0.029116413 
986 -77 9 27 0.029113883 
397 691 17 29 0.02909853 
706 -101 9 25 0.029084172 
322 209 13 19 0.029074108 
539 285 12 19 0.029052446 
452 561 208 190 0.029003747 
89 51 13 22 0.02898648 
586 205 12 21 0.028967995 
1001 -62 8 24 0.028928904 
870 181 14 23 0.02890087 
355 812 17 42 0.028879877 
26 -36 10 21 0.028847601 
663 657 16 25 0.028845249 
608 63 12 21 0.028844366 
909 -62 11 27 0.02883972 
808 43 11 18 0.02883243 
958 808 17 47 0.028826356 
510 -36 12 23 0.028820673 
307 40 13 20 0.028795559 
633 674 16 30 0.028770752 
626 724 13 38 0.02874101 
0 812 13 40 0.028719433 
306 601 14 24 0.028718716 
256 592 15 21 0.028684048 
163 395 14 24 0.028656345 
775 629 16 26 0.02865208 
806 -63 12 27 0.02864208 
12 500 12 21 0.02863878 
218 337 15 24 0.028628275 
563 -37 11 23 0.028620133 
426 399 13 20 0.028591031 
63 577 15 23 0.028570648 
383 513 14 22 0.028568901 
995 526 13 23 0.028564222 
102 605 14 21 0.028553477 
331 360 13 23 0.028537614 
1018 -14 7 14 0.02853676 
989 -112 7 23 0.028525006 
38 -142 12 26 0.028438289 
58 681 17 33 0.028434502 
537 191 13 23 0.028425459 
944 551 15 24 0.028394682 
627 -140 11 23 0.028392369 
371 436 13 22 0.028380498 
621 446 15 28 0.028277926 
883 -62 11 27 0.028272053 
259 234 13 21 0.028267873 
347 676 14 27 0.028233865 
116 90 13 21 0.028202165 
166 516 13 24 0.02816019 
690 -38 12 25 0.028156158 
584 219 13 23 0.028149828 
845 55 11 21 0.028140629 
771 39 10 20 0.028135395 
795 167 13 22 0.02813002 
35 713 16 35 0.028067334 
871 -152 12 22 0.028044228 
218 680 255 127 0.028020727 
398 92 11 19 0.027998252 
244 103 13 21 0.027964596 
892 193 13 24 0.027962504 
754 723 13 39 0.02794252 
643 -15 9 15 0.027921082 
844 142 13 21 0.027920472 
717 -88 10 25 0.02788579 
676 588 16 26 0.027854292 
605 220 12 20 0.02783675 
36 368 15 26 0.02782694 
693 -126 9 24 0.027812477 
92 539 12 21 0.027806282 
37 248 13 22 0.02779954 
751 505 17 29 0.027792206 
371 -36 11 23 0.027781906 
281 144 13 20 0.027780602 
676 30 12 20 0.02774549 
2 -125 9 24 0.02773421 
497 700 15 33 0.027716551 
884 503 13 22 0.027627364 
758 104 12 21 0.02761254 
25 713 16 35 0.02759299 
705 17 12 18 0.027570589 
261 636 15 27 0.027560439 
359 42 11 19 0.027534971 
649 699 15 36 0.02752202 
590 -3 9 15 0.027467126 
33 562 14 27 0.027436277 
911 490 13 22 0.027434269 
205 648 89 84 0.0273938 
639 723 13 40 0.027353935 
165 722 14 41 0.027346099 
509 284 13 21 0.027309556 
713 476 15 25 0.027285144 
793 -63 12 27 0.027266257 
141 685 17 31 0.027263928 
278 681 13 25 0.027261047 
715 565 17 32 0.027232636 
957 711 16 37 0.027230805 
318 583 16 21 0.02721634 
988 -101 7 24 0.027193045 
858 -63 10 28 0.027181938 
679 -151 12 22 0.02717348 
836 -125 7 24 0.027167846 
757 591 14 24 0.027138334 
167 152 12 21 0.027070798 
66 475 13 21 0.027060194 
797 459 14 24 0.026991012 
194 273 12 20 0.026971852 
424 197 10 18 0.026964506 
947 347 14 23 0.026961286 
574 -37 11 24 0.026952898 
780 -63 12 28 0.026864974 
871 -63 10 28 0.026850866 
1000 600 12 27 0.026783446 
227 462 15 25 0.026782777 
777 450 14 24 0.026747836 
553 641 13 21 0.02672451 
40 676 15 27 0.026713196 
586 723 15 38 0.026702002 
640 269 14 22 0.026699757 
433 439 14 23 0.02669534 
922 -153 14 23 0.026633024 
193 103 12 19 0.026630033 
229 234 12 20 0.026628181 
460 266 223 407 0.026607798 
2 -139 9 25 0.026589854 
396 540 13 23 0.026589738 
896 -62 11 27 0.026583686 
246 -14 9 14 0.026581038 
975 462 13 23 0.026522297 
333 132 12 20 0.026509007 
678 171 15 21 0.026493862 
920 436 14 24 0.026404366 
817 511 17 26 0.026389018 
525 53 12 19 0.026377877 
768 -63 11 28 0.02636119 
960 538 12 22 0.026349077 
357 -37 11 24 0.026340814 
809 -89 9 26 0.026340056 
512 119 12 19 0.026329683 
870 234 13 21 0.0263109 
553 411 16 25 0.026261592 
793 698 15 36 0.026247332 
380 116 13 24 0.026221588 
845 181 12 22 0.026218096 
384 592 13 21 0.026203893 
254 709 16 38 0.02618721 
193 346 14 24 0.02617825 
740 603 14 24 0.026156686 
281 118 11 19 0.026156073 
372 256 10 23 0.02612904 
650 415 15 22 0.026072538 
973 704 14 27 0.026052922 
705 399 195 267 0.026046999 
537 241 14 24 0.026040869 
895 462 13 25 0.02602977 
542 -16 9 16 0.026027437 
805 722 14 41 0.026013719 
244 413 12 21 0.025951793 
668 -113 8 24 0.025949877 
643 -113 8 24 0.025920553 
587 285 13 20 0.025883615 
766 723 14 40 0.025862608 
789 73 237 346 0.02580359 
34 813 19 40 0.025796352 
981 810 20 46 0.025794705 
729 -63 11 29 0.025788026 
801 346 14 26 0.025787147 
818 305 15 25 0.025751099 
776 650 14 26 0.02573508 
650 396 13 22 0.025700098 
808 194 11 20 0.025678437 
140 573 14 23 0.02565652 
681 -113 8 24 0.025654176 
333 103 12 20 0.025644006 
243 299 12 21 0.025588611 
655 -113 8 24 0.02558362 
103 -14 9 14 0.02553592 
598 712 16 37 0.025514137 
665 699 15 35 0.025504686 
563 305 12 24 0.02548243 
397 -18 10 16 0.025443625 
537 476 17 24 0.02542479 
91 529 12 20 0.025421187 
5 -15 7 14 0.025388515 
884 204 13 23 0.025386319 
89 257 12 24 0.025359029 
920 168 12 21 0.025348673 
705 93 11 19 0.025336573 
219 353 14 26 0.025332488 
664 415 13 21 0.025183082 
15 -49 9 23 0.025166977 
871 -90 10 28 0.025151158 
856 297 12 21 0.025149338 
827 182 16 31 0.025117774 
971 603 13 26 0.02507456 
389 659 18 30 0.025041936 
729 322 12 21 0.025008276 
625 393 15 25 0.024985313 
548 449 14 23 0.024968158 
884 278 14 27 0.02492607 
936 321 12 20 0.024919888 
688 -4 13 18 0.024905896 
345 294 13 23 0.024898726 
1 623 11 22 0.024894215 
45 651 83 78 0.024892323 
664 385 12 21 0.024885152 
215 614 15 25 0.024884313 
893 182 12 22 0.02488186 
331 572 17 24 0.024871824 
704 692 15 26 0.02486754 
729 210 13 21 0.024848007 
963 -128 8 28 0.024846671 
345 465 12 19 0.024841797 
459 270 12 20 0.024805935 
462 -18 10 17 0.024762576 
857 724 13 40 0.024718659 
612 724 14 38 0.02471606 
383 273 11 20 0.024688821 
640 -140 10 23 0.024678985 
944 708 17 39 0.024674844 
115 244 12 23 0.02466508 
968 809 19 48 0.024661535 
2 -74 8 24 0.024644095 
14 30 8 17 0.02463246 
64 -13 10 13 0.024608957 
948 326 14 25 0.024589173 
243 29 10 18 0.024582222 
444 576 12 23 0.024572372 
63 -35 11 22 0.024561387 
810 -102 8 26 0.02454649 
792 723 14 41 0.024533369 
908 195 13 22 0.02452213 
87 479 12 20 0.02451214 
283 282 12 21 0.02450595 
137 192 13 21 0.024497043 
824 -125 7 24 0.024496637 
540 -36 11 22 0.024468545 
291 394 14 26 0.024428591 
51 167 12 23 0.024419352 
278 465 14 20 0.02439669 
130 260 14 24 0.02438018 
910 181 11 21 0.024360834 
601 656 15 25 0.024342613 
548 369 14 27 0.024329111 
742 444 11 20 0.024291258 
409 640 13 24 0.024221452 
355 655 13 22 0.024203984 
173 615 18 28 0.02419466 
548 -36 12 23 0.024101974 
933 709 16 40 0.02410075 
191 615 15 25 0.024068227 
348 692 14 25 0.024061514 
191 523 13 24 0.024037238 
304 199 14 24 0.024027744 
871 367 13 20 0.023979945 
750 561 16 26 0.023959527 
615 -36 11 22 0.02393016 
167 413 12 21 0.02389579 
131 -14 9 14 0.023881648 
79 -13 9 13 0.023880769 
756 410 17 29 0.023859425 
512 172 13 20 0.023818808 
908 475 14 26 0.023792952 
668 194 11 21 0.023779735 
560 698 16 32 0.023773748 
703 -39 11 25 0.023737848 
642 115 13 21 0.02373042 
703 105 13 22 0.023721866 
447 562 14 25 0.023693398 
556 495 16 32 0.023667336 
218 320 14 23 0.023654917 
49 336 12 21 0.023640422 
974 451 13 22 0.023634959 
113 269 14 26 0.02363446 
522 712 15 36 0.02362457 
817 721 14 42 0.023606695 
806 75 12 22 0.023605831 
385 285 12 20 0.023561615 
284 132 11 18 0.02354744 
779 102 11 22 0.023501094 
501 -35 10 22 0.023495436 
270 554 13 22 0.023464918 
737 526 15 26 0.023452455 
848 -125 8 24 0.023428569 
749 243 15 28 0.023395741 
473 437 15 24 0.023392553 
905 822 18 45 0.023378905 
963 295 14 22 0.02337205 
-7 256 241 376 0.02335976 
712 642 13 25 0.023346018 
740 280 14 24 0.023297805 
396 525 14 25 0.023282701 
448 169 12 21 0.023267692 
332 375 15 26 0.02323745 
16 81 10 16 0.023200888 
156 462 13 22 0.023195574 
435 79 12 20 0.023162223 
447 -37 12 24 0.023144495 
588 297 13 22 0.023106547 
49 588 16 26 0.023102196 
933 359 17 25 0.023097347 
653 240 14 23 0.02308528 
808 94 12 20 0.023072245 
803 467 16 26 0.023069171 
779 723 13 41 0.023067473 
884 -152 12 22 0.023059586 
366 689 14 28 0.023043845 
435 142 11 20 0.023033848 
218 -35 10 21 0.02303353 
380 702 16 34 0.023031155 
444 116 13 21 0.023005381 
420 652 13 23 0.022977045 
607 531 15 30 0.022971665 
865 332 15 25 0.022958757 
892 822 18 45 0.022955079 
872 78 11 19 0.022947853 
188 675 17 29 0.022928929 
808 -150 11 21 0.022908133 
602 -37 11 24 0.02285313 
793 209 15 25 0.022841685 
282 205 11 22 0.02280695 
790 319 13 23 0.022795392 
946 652 15 28 0.022793537 
677 626 16 26 0.022776699 
425 55 12 19 0.022725994 
409 -38 11 24 0.02270563 
291 505 14 28 0.02269653 
412 322 13 23 0.022658473 
26 335 14 23 0.022636928 
76 -35 11 21 0.02263486 
184 630 72 75 0.022594575 
756 -63 11 27 0.022594213 
766 689 15 27 0.022592908 
821 384 13 22 0.022585632 
958 380 14 27 0.022553371 
738 675 14 26 0.02252622 
879 822 18 45 0.022510124 
509 713 15 35 0.022493344 
727 104 12 21 0.02247116 
604 256 13 22 0.022430742 
996 699 15 28 0.02240634 
518 676 16 29 0.02237436 
908 -153 14 23 0.022370625 
216 218 11 22 0.022352101 
175 546 14 25 0.022336086 
471 43 12 19 0.022321751 
2 -60 8 23 0.022267532 
218 209 255 392 0.02223909 
654 -139 10 21 0.022229051 
725 124 13 20 0.0222223 
654 513 15 24 0.022191135 
739 308 14 23 0.022185419 
90 309 10 21 0.022160767 
678 -38 12 25 0.022132007 
144 44 11 18 0.022119086 
641 145 14 23 0.022114052 
738 640 270 201 0.022059409 
26 668 13 23 0.022052603 
676 154 14 21 0.022036616 
613 699 15 34 0.022024862 
817 233 13 21 0.022007054 
833 460 13 22 0.022006476 
707 132 12 19 0.021977598 
147 634 185 147 0.021971855 
742 -63 11 28 0.021900013 
30 396 13 23 0.021899728 
768 16 13 19 0.02188415 
701 711 15 37 0.021871107 
397 359 13 23 0.021869652 
498 334 12 21 0.02186871 
962 489 12 20 0.021864334 
666 -139 10 22 0.021860968 
357 439 13 20 0.0218458 
702 4 12 19 0.021826074 
60 91 15 23 0.021818561 
1013 714 14 30 0.021791706 
664 -38 12 25 0.021789951 
904 664 15 27 0.021789312 
230 -37 10 22 0.021782717 
589 -38 11 25 0.02177839 
728 294 13 25 0.021746768 
90 -35 10 21 0.021737184 
177 721 14 43 0.021730209 
201 704 18 43 0.021720732 
15 592 13 23 0.021714613 
115 588 16 26 0.02170972 
207 375 13 22 0.021700963 
483 627 15 28 0.021671148 
575 -20 10 18 0.021662192 
813 502 208 225 0.021658102 
140 -36 11 22 0.02163083 
63 372 13 23 0.021616472 
460 517 18 25 0.021600585 
114 198 236 304 0.021540182 
841 323 16 29 0.021531964 
284 -14 10 14 0.021513775 
409 296 12 21 0.021511879 
102 -36 11 23 0.02150671 
884 360 13 21 0.021503195 
766 580 15 23 0.021502769 
846 595 9 18 0.021492729 
727 437 15 24 0.021481892 
739 42 12 20 0.021480927 
463 344 12 22 0.021476379 
958 181 14 23 0.021460844 
944 637 15 28 0.021444943 
642 309 14 22 0.02142794 
280 449 15 22 0.021410342 
601 87 13 19 0.02140979 
38 154 14 22 0.021403108 
141 532 15 26 0.02140093 
1018 -32 8 20 0.021390459 
677 143 13 20 0.021361241 
144 375 12 21 0.021348195 
818 592 14 24 0.021319231 
252 576 16 23 0.021318655 
101 566 12 22 0.021317942 
704 473 14 26 0.021311386 
129 -36 10 23 0.021294963 
945 164 14 25 0.021257183 
754 358 15 24 0.021247393 
985 376 14 22 0.021223001 
954 430 14 29 0.021208268 
296 293 13 23 0.021190844 
346 -53 11 28 0.021181682 
821 -16 9 16 0.02115661 
822 319 13 22 0.021125782 
691 321 13 22 0.021118341 
38 -126 11 26 0.021109898 
175 144 13 21 0.021104762 
960 282 13 21 0.021099718 
203 489 13 22 0.021083444 
651 330 15 25 0.021074215 
244 248 10 19 0.021068165 
178 284 13 22 0.02106143 
398 272 12 21 0.021060733 
769 219 13 23 0.021024607 
474 -17 9 16 0.021023111 
753 294 15 26 0.02101988 
896 -152 13 22 0.020982413 
704 358 13 24 0.020974312 
716 520 17 30 0.020960517 
870 92 11 20 0.020948146 
142 357 13 25 0.020940589 
753 702 15 34 0.020893281 
268 221 11 20 0.02087635 
794 436 15 24 0.020854386 
859 -35 10 22 0.020852454 
192 540 13 22 0.02083781 
295 -14 10 14 0.020834036 
842 500 13 23 0.020822585 
565 -17 9 15 0.020816656 
295 -35 10 22 0.020793555 
469 615 16 28 0.02076983 
869 653 15 25 0.02075028 
168 -15 10 15 0.020724878 
956 592 15 26 0.02070469 
972 408 15 25 0.020677974 
347 -37 11 24 0.020652322 
713 181 14 25 0.020648496 
588 271 13 21 0.02062844 
307 550 13 24 0.020621428 
625 362 15 22 0.020615757 
654 665 14 24 0.020605613 
370 527 14 22 0.020582177 
283 170 11 20 0.020574706 
219 -16 9 16 0.020547403 
559 99 13 22 0.020524433 
741 90 11 22 0.020494526 
534 627 16 25 0.020480953 
866 643 14 21 0.020467961 
26 144 10 19 0.020441014 
867 552 15 24 0.020421345 
104 -130 10 31 0.020420937 
641 412 12 21 0.020396432 
106 478 12 20 0.020391453 
525 68 12 18 0.020380212 
792 628 14 25 0.020365473 
1001 562 12 24 0.020363694 
886 618 12 22 0.020360291 
203 357 15 25 0.020313855 
741 322 13 21 0.02029131 
347 310 13 21 0.02027512 
170 168 12 22 0.020268744 
524 556 15 25 0.020264378 
511 522 14 25 0.020203898 
63 402 13 21 0.020175386 
921 385 12 23 0.020149363 
281 642 14 22 0.020142335 
835 222 12 20 0.020111753 
936 696 16 33 0.020100992 
476 411 12 20 0.020097427 
295 439 14 21 0.020072078 
687 358 15 25 0.020036694 
960 654 85 90 0.020020213 
918 712 15 38 0.02001275 
252 661 100 81 0.02001131 
574 592 18 29 0.019995267 
572 258 12 21 0.019962315 
626 -37 11 23 0.019910648 
743 -15 10 16 0.019905247 
646 601 16 28 0.019901803 
984 712 13 35 0.019867234 
882 51 13 23 0.019866325 
796 -89 9 26 0.019846966 
319 -37 11 22 0.019829532 
91 168 13 21 0.019827481 
984 588 13 26 0.019807948 
871 38 12 23 0.019800927 
624 473 13 26 0.01979621 
638 220 12 21 0.01979403 
22 155 12 23 0.019781582 
653 -38 12 23 0.01977388 
918 32 13 24 0.019768307 
139 492 12 19 0.019760344 
149 604 16 31 0.019734148 
450 -4 14 18 0.019724872 
870 -34 10 20 0.019705383 
256 -53 11 28 0.019617496 
754 472 14 29 0.019598048 
70 447 15 27 0.01958178 
510 296 12 20 0.019563604 
537 271 12 19 0.01955584 
624 73 14 23 0.01954717 
897 40 12 20 0.019544091 
974 194 12 19 0.01951046 
590 81 14 20 0.019499272 
615 602 14 24 0.019460792 
400 581 68 99 0.019441724 
896 169 11 19 0.019415101 
130 56 12 21 0.01941044 
651 583 14 27 0.019407747 
305 510 15 26 0.019401995 
53 -36 10 23 0.019358424 
791 393 16 27 0.019352464 
141 167 13 22 0.019348776 
818 206 12 22 0.019345466 
759 120 11 17 0.019339815 
410 655 12 21 0.0193369 
447 537 15 27 0.019318705 
610 305 13 24 0.019284463 
282 655 13 21 0.019218102 
472 663 14 26 0.019212754 
767 295 14 23 0.019207828 
883 28 12 21 0.019178344 
407 390 14 26 0.019168748 
999 219 11 21 0.019165164 
345 132 12 20 0.019121928 
679 225 14 23 0.019109828 
436 42 13 20 0.019107452 
139 699 16 34 0.019091854 
543 666 14 24 0.019077364 
831 -38 10 25 0.019063909 
291 572 13 24 0.019058086 
538 296 12 19 0.019043442 
128 647 90 79 0.019019185 
307 -37 11 22 0.019017056 
411 -18 10 17 0.019001558 
650 182 11 21 0.018977284 
242 231 12 21 0.018962704 
385 580 11 21 0.018960588 
920 198 11 19 0.018941363 
858 591 13 23 0.01893447 
919 178 12 23 0.018913647 
731 628 14 23 0.01889065 
436 183 12 19 0.018876838 
56 -13 9 13 0.018866368 
449 45 11 18 0.018865848 
996 143 12 23 0.018865133 
2 455 10 19 0.018833032 
830 722 13 42 0.01882234 
691 -18 10 17 0.018807173 
844 723 12 41 0.018785888 
283 668 13 22 0.018784376 
106 301 10 19 0.018779114 
767 106 12 21 0.01877272 
884 488 12 23 0.01875975 
550 433 14 24 0.018729027 
204 666 14 25 0.018714948 
499 43 11 18 0.018704664 
768 207 12 20 0.01870097 
127 551 14 23 0.018679619 
394 591 13 22 0.018653901 
472 -37 11 24 0.018641304 
520 499 15 26 0.01863332 
27 -16 8 14 0.018628025 
589 65 13 20 0.018595919 
850 -15 8 15 0.01858849 
22 835 19 42 0.018514581 
270 525 13 23 0.018514443 
730 308 13 22 0.018514294 
527 344 12 26 0.018509343 
756 14 10 19 0.018504264 
268 -36 10 23 0.018482253 
127 41 11 20 0.01845786 
522 690 15 27 0.0184018 
809 -15 9 15 0.018398765 
512 -16 10 15 0.01839225 
39 14 11 19 0.018389834 
23 169 13 22 0.018388862 
843 413 14 22 0.01837754 
577 272 11 18 0.018377256 
257 -36 10 22 0.01835799 
154 -36 10 22 0.018348226 
361 -18 10 17 0.018340802 
91 69 13 21 0.018336311 
716 165 12 21 0.018314293 
998 489 11 22 0.018294757 
425 389 11 20 0.01828648 
156 -15 9 15 0.018283859 
190 722 15 43 0.018234475 
192 118 11 21 0.018231297 
986 -52 10 27 0.018186398 
870 205 12 22 0.018175231 
884 299 13 23 0.018165387 
422 -37 12 25 0.018148918 
936 428 15 28 0.018144835 
191 589 15 23 0.018141862 
422 41 12 21 0.018138805 
538 653 14 25 0.018122999 
678 401 12 19 0.018122813 
422 313 12 18 0.01812186 
2 -47 7 22 0.018120037 
743 -76 10 26 0.018119868 
1 717 10 31 0.018118015 
692 -150 11 21 0.018115383 
859 376 11 19 0.018111704 
411 604 13 21 0.018105883 
617 640 16 25 0.018103663 
474 424 14 22 0.01805219 
307 370 13 23 0.018037844 
955 619 16 31 0.01803032 
767 501 13 22 0.018021978 
627 307 13 22 0.01801378 
860 -126 9 26 0.017989798 
883 -35 10 22 0.017976997 
462 363 11 19 0.017968683 
355 667 14 24 0.017951408 
459 297 13 21 0.017942557 
279 249 11 19 0.0179385 
776 411 13 23 0.017935375 
98 699 17 34 0.01793184 
1011 825 12 40 0.017921675 
706 -126 9 26 0.017912377 
329 677 15 27 0.017904252 
690 28 12 20 0.017867137 
77 276 14 21 0.017836925 
730 -88 10 26 0.01782443 
1001 -13 8 13 0.017803757 
909 334 11 22 0.017802557 
703 -6 11 17 0.017784555 
811 -125 7 25 0.017781748 
859 -15 11 15 0.017778559 
192 293 13 25 0.017743828 
345 592 14 21 0.017710747 
550 397 14 23 0.017652186 
272 346 11 20 0.017605487 
601 271 13 20 0.017587624 
693 80 10 19 0.017562192 
297 249 11 19 0.01755807 
804 208 14 24 0.017550522 
936 -76 10 27 0.017538939 
819 -36 11 23 0.017536383 
459 424 12 21 0.017498666 
714 273 11 22 0.01748575 
77 181 13 22 0.01746493 
587 513 15 25 0.017421544 
713 366 14 26 0.017418884 
408 309 13 21 0.0173977 
653 -16 10 16 0.017391212 
282 -35 10 22 0.017378448 
678 386 13 20 0.017354598 
141 -14 10 14 0.017343143 
76 373 14 23 0.01733718 
435 156 12 22 0.01726113 
78 259 12 23 0.017235408 
49 246 13 22 0.017231371 
751 219 12 23 0.017226601 
257 398 15 28 0.01719188 
196 129 11 22 0.017189844 
563 526 15 25 0.01718864 
974 438 12 20 0.017181009 
706 500 14 24 0.017156364 
295 104 13 19 0.017143134 
399 348 13 22 0.01713972 
714 711 14 38 0.01713866 
951 -90 8 28 0.017110072 
454 600 16 28 0.017099105 
114 -36 11 23 0.017087922 
770 561 15 26 0.017087232 
88 555 13 22 0.017081436 
259 56 11 19 0.017077351 
39 -36 10 21 0.017072638 
883 68 12 20 0.017051285 
2 -32 7 19 0.0170388 
60 198 14 26 0.017037714 
382 401 13 21 0.017033592 
972 161 13 26 0.017009601 
324 599 239 198 0.016931955 
603 232 11 20 0.01692927 
293 424 14 21 0.01691757 
679 -139 10 22 0.016881295 
78 242 12 25 0.01688052 
218 308 14 22 0.016865158 
206 154 11 20 0.016858684 
451 -18 10 18 0.016856067 
741 102 11 22 0.01684816 
333 -37 10 23 0.016838416 
49 372 13 23 0.016819317 
706 487 14 24 0.016794315 
871 106 13 21 0.01678373 
642 572 15 28 0.016759336 
78 81 13 21 0.016749868 
41 42 10 18 0.016746195 
339 384 203 293 0.016742654 
726 389 14 23 0.01673523 
83 628 82 83 0.016716724 
847 78 11 23 0.016641013 
511 332 15 24 0.016637651 
602 426 13 21 0.016616061 
50 -129 12 30 0.01659489 
741 209 12 21 0.016565183 
637 457 16 25 0.016549483 
333 644 98 84 0.016517965 
167 -35 10 21 0.016512001 
561 540 14 25 0.016511599 
920 639 14 26 0.016507411 
208 -16 9 16 0.01650285 
423 144 10 19 0.016482277 
638 66 12 20 0.016474858 
266 669 13 22 0.016456988 
693 106 11 20 0.016436422 
244 -36 9 21 0.016434904 
886 -16 9 16 0.016428888 
194 -15 9 15 0.016394064 
240 709 16 39 0.016355248 
181 -15 9 15 0.01635064 
934 -35 10 22 0.0163349 
934 653 14 27 0.01632516 
779 463 14 23 0.01631582 
524 -36 11 22 0.016297814 
206 -35 10 21 0.016295787 
499 308 12 21 0.016292846 
789 567 15 28 0.01625926 
123 682 17 31 0.016255869 
252 440 14 22 0.016219322 
997 713 13 32 0.016208338 
934 197 11 18 0.016203923 
61 702 16 30 0.01619399 
1000 516 11 20 0.016188111 
64 613 15 24 0.016187374 
597 574 16 25 0.016186088 
255 294 12 22 0.016183844 
39 27 11 20 0.016180191 
879 467 13 27 0.016169803 
267 539 14 24 0.016150454 
424 440 12 19 0.016147902 
497 525 14 24 0.016141653 
24 653 15 23 0.016122952 
757 310 13 21 0.016115397 
396 332 13 23 0.016088761 
733 254 13 24 0.016078612 
1000 577 12 24 0.016067678 
433 503 15 30 0.016047329 
719 -18 10 18 0.016027628 
528 355 15 27 0.016026305 
0 589 14 25 0.016009295 
923 -34 9 21 0.01600498 
43 808 27 69 0.015981399 
49 698 16 33 0.015968911 
806 -35 10 22 0.015965752 
716 -38 11 25 0.015941763 
42 -14 8 14 0.015932253 
268 510 15 25 0.01592285 
729 471 14 27 0.015920054 
571 668 15 26 0.01590699 
267 321 14 24 0.015906526 
280 628 14 24 0.015893498 
356 527 13 22 0.015877264 
176 576 15 22 0.015866926 
348 119 10 17 0.015861185 
575 497 16 27 0.015829433 
383 254 11 23 0.015794888 
747 177 12 24 0.015793297 
601 245 14 22 0.015790593 
835 560 14 27 0.01577714 
138 462 12 23 0.015772529 
640 -37 11 23 0.015726686 
218 463 15 24 0.015711065 
935 -14 10 14 0.015673643 
692 131 14 21 0.015660105 
395 570 16 28 0.015646659 
986 -35 9 21 0.015645074 
205 171 11 18 0.015640566 
219 598 68 89 0.015620968 
604 598 63 86 0.015617516 
628 -17 9 16 0.015615418 
834 -139 9 22 0.015587882 
283 322 13 22 0.015551954 
420 177 11 22 0.015550903 
101 68 11 20 0.015529149 
885 592 193 188 0.015508684 
794 197 12 20 0.015506451 
270 577 13 21 0.015500751 
433 665 14 26 0.015454401 
392 496 17 26 0.015453069 
947 -35 10 21 0.015442623 
793 657 15 19 0.015413916 
576 104 12 19 0.0153986635 
190 331 14 25 0.015360443 
868 614 13 24 0.015352607 
856 412 14 21 0.015331012 
604 -19 10 18 0.015330305 
975 -15 9 14 0.015323527 
395 512 14 23 0.015307245 
574 33 12 26 0.015291879 
752 280 14 25 0.015276614 
228 720 15 45 0.015241557 
766 156 11 20 0.015237669 
30 530 186 193 0.015223553 
959 166 13 23 0.015199279 
287 622 85 91 0.015181662 
88 321 12 22 0.015172646 
28 256 13 23 0.015155233 
321 -16 10 16 0.015139861 
977 424 11 21 0.0151352845 
908 679 13 24 0.015112931 
675 320 14 23 0.015111277 
322 169 10 19 0.015076168 
768 284 13 21 0.015055458 
175 347 13 24 0.01505374 
447 129 12 20 0.015025549 
818 579 13 23 0.015021343 
800 506 17 29 0.015004723 
308 -16 9 15 0.015002151 
486 -37 12 24 0.014990254 
423 373 11 19 0.0149690695 
663 165 13 22 0.014964578 
882 577 14 26 0.014960924 
745 166 12 24 0.014948328 
386 564 13 22 0.014947788 
743 -34 9 21 0.014884743 
88 460 13 26 0.01485482 
846 -139 10 22 0.014842864 
783 -88 9 25 0.014831991 
950 -13 8 13 0.014811187 
795 -150 11 21 0.01480857 
99 100 14 24 0.014807887 
392 412 14 23 0.014758656 
933 576 15 25 0.014721695 
215 721 15 45 0.014713342 
449 383 13 22 0.014709908 
832 -17 9 17 0.014703697 
754 616 13 24 0.014698379 
603 438 12 22 0.014692469 
139 478 11 20 0.014681903 
1001 -33 8 19 0.014647199 
38 652 16 25 0.014640702 
2 839 12 34 0.014626593 
398 677 16 26 0.014621605 
117 67 12 22 0.014620959 
347 168 12 20 0.014595973 
652 653 13 25 0.014583059 
704 119 13 19 0.014567827 
101 463 13 24 0.014560682 
602 475 14 24 0.014543095 
271 334 13 22 0.014535142 
48 549 15 23 0.014534622 
962 -13 9 13 0.014495629 
485 41 12 22 0.01446878 
957 461 12 25 0.014434002 
604 284 13 21 0.014430942 
754 579 16 23 0.014418714 
88 656 15 21 0.014409339 
369 166 12 21 0.014362956 
351 321 12 21 0.014360919 
726 337 12 21 0.0143102165 
243 592 13 19 0.014300005 
974 -35 10 21 0.014292222 
68 762 134 99 0.014254893 
231 -16 10 15 0.014243588 
76 193 12 20 0.01424241 
386 553 13 21 0.014210298 
191 397 12 23 0.014202884 
410 593 12 22 0.014195629 
348 -17 10 16 0.014185871 
231 412 13 23 0.014154776 
65 218 12 23 0.014150971 
139 348 14 22 0.014133499 
24 641 13 22 0.014125834 
987 -16 9 16 0.014125103 
52 463 12 21 0.014117827 
140 318 14 22 0.014117761 
783 156 9 19 0.014092828 
846 -37 10 24 0.014085186 
232 451 13 21 0.014061142 
381 346 13 21 0.014052083 
867 299 13 21 0.013983967 
982 345 14 24 0.013959753 
486 541 13 23 0.013951139 
266 294 13 22 0.013918215 
447 439 12 21 0.013915878 
587 232 12 21 0.013877842 
755 208 10 20 0.013823886 
49 566 14 21 0.013794897 
254 332 12 23 0.013792979 
445 476 14 22 0.013783095 
731 -36 10 23 0.013738444 
519 653 14 26 0.013721423 
526 -15 9 14 0.013662129 
664 333 14 24 0.013640786 
472 590 12 23 0.013635457 
744 195 10 20 0.013605623 
666 -19 11 18 0.013557174 
795 592 11 21 0.013543943 
864 811 25 64 0.013488463 
692 92 11 19 0.013441219 
526 646 94 85 0.0133718345 
652 617 14 24 0.013352184 
847 195 11 20 0.013331407 
869 221 11 19 0.01332081 
614 615 15 24 0.01329549 
402 769 25 65 0.013271765 
962 398 11 21 0.013266077 
897 -14 9 15 0.013250332 
778 133 14 27 0.013192867 
868 535 15 27 0.013147725 
65 -114 10 30 0.013137278 
753 689 14 26 0.013130777 
447 142 13 21 0.013130659 
510 553 15 26 0.0131185055 
807 579 12 22 0.013111705 
434 -37 12 25 0.013107632 
214 592 211 161 0.0131052155 
100 649 16 27 0.013101035 
945 577 13 23 0.0130899055 
821 -139 9 22 0.013084596 
203 474 14 23 0.013076465 
262 769 25 64 0.01307353 
740 28 12 19 0.013069123 
794 411 14 23 0.013061869 
715 322 12 21 0.013058987 
91 -131 10 32 0.013050489 
35 834 18 43 0.01299298 
712 302 14 26 0.012986213 
72 647 16 28 0.012969002 
921 603 88 117 0.012955122 
87 510 14 25 0.012924202 
471 475 15 23 0.012908923 
970 586 13 26 0.012894348 
613 552 14 24 0.012881271 
796 424 13 22 0.012858094 
37 169 14 22 0.012854106 
11 652 11 23 0.012840168 
971 834 15 42 0.0128178345 
601 409 15 22 0.012815531 
798 -102 8 27 0.012812395 
530 768 25 64 0.012791267 
997 835 14 41 0.012788195 
206 398 11 22 0.012778098 
614 415 15 22 0.012756311 
46 228 14 24 0.012747799 
640 248 12 19 0.012744372 
1010 594 23 47 0.01272904 
677 118 12 21 0.012721738 
765 189 12 23 0.012717966 
242 38 11 21 0.012717463 
730 284 12 22 0.012711033 
872 632 11 19 0.012693154 
913 -15 8 15 0.012676421 
610 319 12 23 0.0126693575 
869 281 12 24 0.012666137 
458 436 14 23 0.012631633 
924 -14 9 14 0.012626746 
546 536 15 27 0.012616251 
270 362 12 20 0.012549257 
584 592 16 25 0.012548041 
193 -35 10 21 0.012539158 
254 347 12 22 0.01252095 
530 809 27 67 0.01250377 
417 530 15 28 0.012471627 
920 269 12 23 0.012460956 
740 395 14 27 0.01245801 
51 450 13 22 0.012416328 
870 -15 10 15 0.012405364 
961 -35 9 21 0.012404307 
434 168 12 21 0.012399221 
161 776 136 82 0.0123922955 
49 297 14 23 0.012373863 
795 -35 10 22 0.012338128 
793 603 12 24 0.012335223 
692 -139 10 22 0.012283911 
191 359 14 24 0.012237632 
937 180 12 22 0.012211031 
776 433 15 26 0.012194456 
504 769 25 64 0.01218955 
733 -17 9 17 0.012159319 
705 -150 11 21 0.012088137 
614 5 266 389 0.012074525 
61 834 18 43 0.0119897425 
387 139 212 353 0.011978557 
17 439 10 21 0.011970017 
585 405 14 25 0.01194976 
597 611 16 28 0.011942922 
946 502 13 23 0.011941357 
216 411 12 23 0.011932759 
802 334 15 25 0.011925946 
77 524 12 23 0.011921524 
984 834 15 42 0.011917846 
280 422 13 23 0.011915572 
923 472 14 28 0.011875063 
944 478 14 30 0.011873529 
805 524 15 27 0.011867868 
87 611 14 25 0.011848658 
680 -17 10 17 0.011832882 
62 384 13 22 0.011817579 
733 271 11 22 0.011815019 
240 356 12 24 0.011799528 
729 616 14 23 0.01179396 
591 -20 9 17 0.011786366 
871 346 13 22 0.011746621 
49 278 13 26 0.0117294565 
285 296 12 20 0.011709806 
859 -140 10 23 0.011698329 
307 384 13 23 0.011696333 
714 629 12 23 0.011692646 
833 207 12 20 0.011686752 
23 620 15 27 0.0116853975 
896 -35 9 22 0.011653583 
268 655 12 20 0.011578394 
102 590 13 23 0.011574727 
691 610 15 28 0.011567077 
780 207 13 21 0.011512588 
180 -35 10 21 0.011447522 
98 447 15 27 0.011435409 
74 834 18 43 0.011431614 
984 360 12 22 0.01139965 
756 -35 9 21 0.0113978125 
919 834 17 42 0.011388714 
230 282 12 23 0.011339524 
958 835 16 41 0.011327256 
767 231 14 23 0.011260279 
654 595 66 95 0.011238343 
829 833 17 43 0.011233449 
690 373 15 23 0.0111928405 
264 308 14 25 0.01114784 
820 336 12 21 0.011140615 
817 833 17 43 0.011130417 
215 438 13 22 0.011108402 
664 399 13 21 0.011104442 
768 -36 10 22 0.011096078 
908 451 12 21 0.011086163 
243 373 12 23 0.011048399 
842 833 17 43 0.0110442415 
629 528 12 22 0.011035136 
3 606 11 21 0.01100705 
125 356 15 25 0.011000143 
510 361 14 21 0.010994003 
770 -88 10 25 0.010970158 
922 448 14 23 0.01094337 
855 833 17 43 0.010938989 
178 738 241 132 0.010901849 
-6 -74 188 300 0.010872202 
549 595 68 98 0.010857391 
974 183 12 19 0.010852773 
63 231 14 24 0.010831627 
745 347 12 23 0.010824728 
907 70 13 26 0.010770342 
615 -18 11 17 0.010758425 
779 195 13 21 0.010746497 
50 602 14 23 0.010745883 
692 620 73 90 0.010717797 
513 377 13 20 0.0107152695 
685 513 15 26 0.010714774 
798 -15 9 15 0.010712025 
676 568 217 188 0.010704958 
918 284 13 21 0.010682463 
48 618 16 23 0.010673488 
587 424 14 23 0.010663239 
804 833 17 43 0.010655672 
932 835 16 41 0.010621238 
945 835 16 41 0.0106091285 
704 -19 10 18 0.010564895 
200 455 16 28 0.010552828 
743 121 10 17 0.0105485525 
89 139 12 23 0.010525346 
576 68 10 18 0.01047543 
217 449 13 24 0.010393572 
87 834 18 43 0.0103810225 
798 -125 8 26 0.010377143 
382 103 12 22 0.010370877 
90 335 13 21 0.010272039 
99 834 18 43 0.0102481665 
819 550 15 25 0.010241257 
762 520 81 116 0.010220539 
791 833 17 43 0.010217099 
755 -17 9 16 0.010158656 
573 574 15 26 0.010117534 
115 374 11 20 0.010106856 
860 588 80 102 0.010106498 
755 390 16 30 0.010103613 
524 297 13 21 0.010032582 
883 -88 11 27 0.010013598 
