9_Press_Conference_Press_Conference_9_278
1384
594 108 85 119 0.9994758 
543 252 20 38 0.39455205 
507 244 17 30 0.17465119 
384 246 13 22 0.14253804 
380 259 15 26 0.13639148 
901 549 7 15 0.12706846 
398 235 12 21 0.11910948 
405 232 12 23 0.11773146 
833 524 7 12 0.113374576 
833 530 8 13 0.113278925 
911 552 6 16 0.11202964 
971 488 18 30 0.10890269 
485 235 13 15 0.10840196 
825 524 6 10 0.09961485 
499 237 14 19 0.094174504 
331 349 11 20 0.08809194 
292 308 11 30 0.08567959 
325 349 10 19 0.08102805 
511 352 11 27 0.0772133 
984 483 10 15 0.07461299 
481 258 18 28 0.07296273 
1011 519 13 23 0.07259759 
348 351 12 23 0.072561525 
824 531 7 11 0.068872094 
582 380 4 14 0.06869879 
319 359 13 27 0.06375289 
560 258 11 27 0.06321646 
406 244 12 25 0.062495444 
290 588 3 10 0.061078906 
221 579 5 23 0.059680045 
211 583 4 19 0.05937832 
585 523 3 10 0.059299357 
224 567 4 22 0.059021953 
568 613 4 12 0.059018265 
559 613 4 12 0.05869434 
236 555 5 22 0.057731755 
581 390 6 18 0.056710098 
462 438 8 31 0.055604685 
928 559 4 11 0.05428371 
567 401 6 24 0.053607915 
300 504 7 19 0.05355697 
485 246 16 22 0.053485874 
975 484 12 16 0.053252384 
199 594 5 17 0.05310275 
743 270 10 32 0.052727003 
569 624 4 11 0.052352786 
396 257 11 23 0.05231279 
403 229 8 13 0.052087527 
326 344 7 15 0.051975664 
674 549 4 10 0.051867902 
913 387 5 26 0.05141156 
297 389 8 29 0.051387344 
660 523 4 9 0.051366996 
890 548 8 15 0.05130221 
424 351 7 19 0.0511471 
299 354 7 14 0.051032808 
283 361 10 18 0.050846152 
294 300 9 22 0.05071744 
770 47 9 38 0.05044603 
744 535 6 12 0.0504438 
817 525 5 10 0.050298255 
685 552 4 9 0.049883887 
374 273 12 21 0.04932605 
393 270 12 26 0.049290847 
386 280 11 22 0.049118806 
1005 570 21 37 0.048625052 
782 49 9 36 0.048603933 
570 601 4 10 0.048319206 
835 92 7 34 0.048261095 
299 343 7 16 0.048034318 
536 371 10 27 0.047954556 
414 341 6 16 0.047822952 
996 551 21 37 0.047477562 
674 560 4 12 0.047120985 
580 366 5 17 0.0465079 
847 565 8 20 0.045545228 
835 311 9 23 0.04516734 
479 235 10 15 0.044891838 
298 419 7 33 0.04464567 
584 512 3 9 0.044579122 
578 402 7 24 0.04449493 
803 610 270 297 0.044110283 
289 602 2 10 0.044016745 
822 46 9 37 0.04391657 
965 561 7 11 0.043806303 
940 499 145 171 0.043467086 
278 601 3 10 0.04323746 
811 51 7 31 0.04321922 
491 410 6 11 0.042964943 
914 425 5 23 0.042871706 
660 513 4 8 0.042841062 
233 565 5 24 0.042774785 
903 386 6 27 0.04265084 
1000 527 12 27 0.04248538 
595 523 3 9 0.042361103 
447 221 13 19 0.042089455 
278 590 3 9 0.04204987 
583 549 3 10 0.04203654 
914 414 5 22 0.041881457 
570 379 6 16 0.041836932 
685 559 4 11 0.041535184 
670 524 4 8 0.041203707 
414 348 8 20 0.040925346 
902 475 6 27 0.040512245 
788 313 5 17 0.040427472 
464 431 6 21 0.040169448 
845 552 9 23 0.04007008 
354 350 12 24 0.03998849 
489 416 10 17 0.03995326 
979 498 15 26 0.039820183 
597 514 3 8 0.03978094 
370 302 14 36 0.03962345 
594 381 5 14 0.03951135 
309 352 7 16 0.039481 
1004 522 9 18 0.03892987 
648 511 4 8 0.03890275 
347 230 137 249 0.038688798 
605 295 8 24 0.038513936 
915 439 4 22 0.038426567 
975 561 8 15 0.038411822 
526 362 9 22 0.038373504 
379 250 8 16 0.038229443 
581 426 6 21 0.03813973 
520 248 16 23 0.03806459 
745 296 7 23 0.0380114 
710 550 4 10 0.037834346 
555 398 8 26 0.0378152 
468 380 4 14 0.037701625 
570 411 6 23 0.037601247 
826 516 5 8 0.037514422 
648 502 4 8 0.037497174 
737 522 5 12 0.037436474 
985 527 13 29 0.03725417 
609 513 3 8 0.037240062 
788 303 5 16 0.037221227 
584 537 2 10 0.037178848 
319 378 13 34 0.037155952 
696 586 5 9 0.03655431 
559 624 3 10 0.036538474 
366 278 8 15 0.036488652 
570 364 6 18 0.036461353 
309 533 6 20 0.036415823 
798 39 7 30 0.036393482 
609 380 5 15 0.036297586 
453 428 7 23 0.0362955 
246 541 5 20 0.036088813 
290 571 3 14 0.036059733 
734 301 6 20 0.035996974 
551 243 9 15 0.035976626 
834 546 10 18 0.03583887 
363 287 8 16 0.035830695 
978 474 7 10 0.035548322 
758 260 7 22 0.035420023 
929 416 4 19 0.035413448 
928 466 4 20 0.03540236 
414 390 9 18 0.03537709 
452 416 6 16 0.035267808 
927 551 5 11 0.035182636 
942 561 4 8 0.03513505 
301 495 6 17 0.03510103 
308 405 10 37 0.034963492 
259 519 6 14 0.03474045 
371 282 12 21 0.034694564 
480 232 7 10 0.034666933 
409 255 10 24 0.034660462 
759 49 8 32 0.03457668 
914 463 6 25 0.034519903 
23 -190 229 155 0.034508917 
929 427 4 21 0.034409866 
710 561 5 11 0.034365572 
300 438 5 25 0.034328472 
425 363 7 18 0.03427935 
538 383 10 28 0.03425341 
425 379 6 17 0.034198347 
966 571 6 12 0.03415324 
970 286 10 23 0.033996385 
953 561 5 9 0.033860423 
298 516 7 17 0.033839516 
354 380 13 38 0.033836022 
385 341 8 18 0.033768836 
-32 289 163 394 0.033745356 
848 523 5 11 0.033718105 
672 537 4 9 0.033569437 
825 94 6 29 0.033521388 
583 498 3 10 0.0334943 
969 467 78 98 0.033462662 
287 301 8 19 0.03344104 
295 362 9 19 0.033367954 
913 488 6 26 0.03334848 
312 344 6 14 0.033344552 
943 553 3 8 0.03334287 
658 499 4 9 0.033321865 
738 532 5 13 0.033195343 
929 441 4 19 0.033059474 
649 525 4 8 0.033005606 
310 383 9 29 0.033000283 
609 627 4 9 0.03298137 
11 498 15 35 0.03297622 
559 600 4 11 0.032919344 
313 363 10 23 0.032899167 
565 389 7 22 0.032852195 
302 473 4 14 0.032774683 
505 353 9 21 0.03273305 
1015 508 10 19 0.03266015 
380 304 13 34 0.032628283 
773 287 7 19 0.032585233 
927 478 5 22 0.032563556 
425 343 6 15 0.032526564 
280 368 12 32 0.032442376 
736 283 7 24 0.032286722 
606 328 7 18 0.0322007 
476 246 14 21 0.032179557 
710 535 5 11 0.032077882 
837 582 6 16 0.03205027 
301 482 5 13 0.03203239 
989 540 12 27 0.03194635 
711 524 4 11 0.031724937 
478 379 5 16 0.031628925 
608 610 4 11 0.031567223 
449 216 10 13 0.031472318 
453 408 5 14 0.031471364 
311 373 10 24 0.031393982 
361 298 10 21 0.031322833 
302 533 6 17 0.031242058 
697 551 4 9 0.031210488 
607 362 8 19 0.031177359 
756 271 8 25 0.031164441 
283 385 8 30 0.031164296 
310 434 7 29 0.031140903 
594 295 9 26 0.03103282 
926 492 6 20 0.031006582 
914 363 5 25 0.030984046 
1000 495 7 14 0.030912915 
659 536 4 8 0.030888813 
592 310 9 25 0.030871047 
597 497 4 9 0.030809177 
271 510 5 13 0.030808968 
747 261 7 23 0.030749364 
400 380 6 16 0.030693835 
1000 484 7 12 0.030442314 
583 563 3 10 0.030415567 
1015 268 6 12 0.030355783 
412 413 9 21 0.030306574 
499 232 11 12 0.030202474 
1006 535 21 38 0.030190168 
273 519 5 13 0.030159753 
673 471 5 11 0.030146396 
465 408 5 14 0.030101925 
421 390 9 19 0.030089913 
930 403 4 19 0.02999594 
913 539 5 11 0.029981289 
916 246 5 25 0.029948242 
772 277 7 16 0.029944995 
616 339 7 18 0.029934539 
610 522 3 8 0.02992418 
862 572 5 15 0.02988932 
583 486 3 10 0.029845215 
660 551 3 9 0.029825509 
569 351 6 19 0.029775243 
530 371 10 25 0.02971468 
623 512 3 8 0.029680433 
848 535 5 11 0.02965876 
247 554 5 19 0.029650886 
385 349 10 23 0.029590955 
836 304 7 14 0.029588923 
596 536 2 9 0.029412417 
364 266 8 14 0.029349966 
421 245 11 24 0.029340519 
930 391 4 19 0.0292541 
759 252 6 16 0.029223049 
686 536 4 10 0.029183736 
745 543 7 13 0.029179843 
955 415 5 17 0.029178305 
687 524 4 9 0.029163096 
287 397 7 32 0.029162029 
724 302 6 19 0.029115116 
570 341 5 16 0.029098561 
416 381 6 16 0.028930914 
584 625 3 11 0.0289258 
404 218 6 9 0.028923588 
594 393 5 15 0.028829498 
297 373 9 24 0.02871408 
288 613 3 10 0.028669901 
301 454 5 19 0.028554793 
455 437 7 28 0.028545316 
687 576 4 10 0.028499734 
988 474 7 11 0.028452715 
604 311 8 22 0.028427249 
411 218 7 10 0.028415956 
400 391 6 17 0.028367305 
952 553 5 9 0.02836615 
12 447 13 33 0.02820633 
258 530 6 16 0.028091103 
862 558 6 14 0.028060855 
634 512 4 7 0.027961086 
442 391 6 15 0.02794548 
989 555 11 24 0.027941013 
957 405 4 14 0.027897155 
554 414 8 22 0.02787917 
440 415 7 16 0.027872164 
279 573 3 12 0.027845599 
750 252 5 14 0.027656538 
400 366 6 16 0.027647963 
584 473 4 10 0.027616138 
711 571 4 12 0.027587911 
573 513 3 10 0.027573647 
556 365 5 18 0.027572047 
287 547 4 13 0.027553994 
593 364 7 18 0.02747071 
450 282 9 25 0.027435686 
218 590 7 25 0.027423963 
773 300 7 19 0.027398277 
226 556 4 22 0.027379232 
848 578 7 19 0.027343428 
527 312 6 15 0.027337499 
902 374 6 26 0.02710694 
465 417 6 15 0.027093802 
943 442 4 17 0.027078258 
452 272 9 21 0.02704202 
697 561 4 9 0.026917785 
464 351 7 19 0.02688448 
570 588 3 10 0.026835533 
509 367 14 30 0.026823075 
578 274 9 21 0.026797645 
201 585 4 17 0.02677645 
889 475 6 27 0.026775142 
759 299 6 20 0.026745075 
277 613 3 10 0.02671743 
983 515 13 26 0.02667471 
928 456 5 19 0.026619246 
385 292 11 28 0.026602542 
574 525 2 10 0.026586467 
593 324 8 22 0.026566947 
499 285 10 19 0.026565345 
584 614 3 11 0.026512133 
288 557 4 14 0.026421163 
580 351 7 20 0.026407154 
607 338 7 19 0.026394568 
12 369 14 35 0.026296964 
877 547 5 12 0.026287284 
623 502 3 7 0.026248356 
596 624 3 11 0.026240261 
849 94 7 29 0.026238872 
402 353 6 17 0.026236217 
1016 617 9 21 0.026215905 
594 352 7 20 0.026215887 
914 503 6 24 0.026193604 
303 587 4 11 0.026168665 
658 589 4 10 0.026105529 
696 577 4 10 0.026089724 
687 512 4 9 0.026067544 
467 367 5 14 0.026013743 
943 429 4 18 0.026001737 
353 291 7 13 0.02597214 
415 365 7 17 0.025917217 
571 66 6 26 0.02584938 
592 272 8 27 0.02584916 
824 75 8 34 0.025833169 
597 487 4 9 0.025830843 
632 366 7 18 0.025814801 
10 522 17 34 0.02580871 
311 328 6 17 0.02571155 
239 372 20 29 0.02570514 
1004 392 5 13 0.02570091 
361 305 11 30 0.025580661 
943 417 4 18 0.025554975 
773 96 6 18 0.025528703 
926 505 6 20 0.025526091 
836 564 9 21 0.025498245 
525 354 7 19 0.025449742 
556 353 6 16 0.02544518 
1001 509 9 15 0.025430381 
915 522 5 18 0.025414927 
774 81 7 23 0.025408976 
247 530 5 17 0.025371557 
595 667 6 7 0.025303429 
583 600 3 10 0.02527289 
303 601 3 10 0.025246052 
684 587 5 11 0.025212267 
12 424 13 30 0.025206389 
556 342 5 14 0.025171014 
461 270 11 21 0.025156705 
1014 600 12 24 0.025131695 
556 666 4 8 0.025131527 
499 254 16 27 0.025070505 
440 224 10 15 0.025019627 
464 228 8 12 0.024958309 
928 214 6 14 0.02492902 
554 376 7 21 0.02490447 
671 514 4 8 0.024870155 
649 536 3 9 0.024851093 
835 -201 207 184 0.02484082 
903 413 5 23 0.024811842 
513 231 9 11 0.0248114 
-53 625 304 334 0.0247645 
528 387 10 23 0.024684256 
888 490 6 24 0.024585743 
441 407 6 15 0.024568094 
596 613 4 11 0.024534497 
504 373 9 22 0.024510363 
451 393 5 14 0.024501845 
12 472 14 35 0.024476718 
668 340 7 19 0.024419583 
1017 495 8 17 0.024409823 
721 274 6 21 0.02436102 
658 576 4 10 0.02434995 
634 503 3 7 0.024284694 
416 469 5 13 0.024258925 
391 391 6 18 0.024245419 
562 278 11 28 0.024244653 
390 231 6 10 0.024136359 
799 316 4 15 0.024081374 
954 311 6 20 0.024004925 
697 510 4 9 0.024002245 
311 451 7 24 0.023951605 
816 534 5 10 0.023926228 
584 587 3 11 0.023915064 
929 314 5 24 0.023893533 
596 549 3 9 0.023836926 
328 370 15 32 0.023827668 
352 302 6 15 0.02380804 
239 544 4 18 0.023740973 
943 325 4 23 0.023735786 
519 316 5 13 0.02371267 
325 331 6 15 0.023705158 
609 638 4 10 0.023694238 
888 542 6 10 0.023663329 
673 497 4 10 0.023627644 
1016 663 8 14 0.023585904 
404 342 6 15 0.023579417 
621 274 5 18 0.023485744 
1018 483 7 16 0.023481626 
973 508 15 28 0.02348042 
711 511 4 9 0.023456363 
813 317 4 14 0.023442129 
467 391 5 15 0.023438001 
590 430 7 18 0.023392184 
929 377 4 20 0.023367327 
569 328 6 17 0.023328051 
604 698 8 15 0.023311311 
615 349 9 24 0.023303946 
309 503 5 18 0.023303872 
942 455 4 16 0.02327808 
828 316 5 14 0.023215758 
1 594 40 80 0.02318122 
418 484 4 11 0.023147387 
360 438 7 21 0.023126513 
903 542 4 10 0.023124257 
939 224 6 14 0.023122221 
423 424 8 23 0.023083229 
607 393 5 14 0.02300095 
346 368 13 33 0.022933934 
942 300 5 19 0.022918105 
391 376 6 19 0.022915076 
965 586 6 12 0.02282186 
478 366 6 15 0.022821156 
698 537 4 9 0.022805432 
1018 470 7 16 0.022784656 
465 236 10 17 0.022714345 
1016 651 7 14 0.02264975 
622 523 3 8 0.02263508 
351 428 8 21 0.022631353 
832 41 13 43 0.022616928 
674 589 4 10 0.022587929 
944 338 4 20 0.022578184 
309 313 7 19 0.02255746 
442 382 5 14 0.022557434 
798 60 8 37 0.022544941 
620 379 5 15 0.022474693 
423 236 9 17 0.022394186 
929 338 4 25 0.022390276 
295 288 8 19 0.022389878 
622 262 6 17 0.022374203 
310 300 7 19 0.022373509 
388 362 8 21 0.02236729 
303 614 2 10 0.022364942 
607 602 4 10 0.022348706 
288 426 6 26 0.022347488 
723 536 4 11 0.022344965 
408 282 12 27 0.022308998 
826 328 5 17 0.022279449 
378 241 8 15 0.022249067 
581 325 7 20 0.02224355 
1002 473 6 12 0.022236338 
35 594 14 20 0.022224909 
571 82 6 22 0.022200633 
931 8 131 209 0.022167748 
290 455 4 19 0.022091655 
659 489 5 9 0.022081254 
975 523 13 27 0.022041708 
482 410 5 12 0.022010112 
1017 633 8 16 0.021974565 
618 330 5 15 0.021958094 
498 271 13 22 0.021883227 
581 340 6 19 0.021866485 
454 381 5 13 0.021859776 
199 609 4 15 0.021825016 
482 418 7 14 0.02182335 
270 350 11 20 0.021792762 
660 562 3 10 0.0217772 
942 312 5 22 0.021760557 
462 301 7 17 0.021715697 
540 417 9 19 0.021715421 
977 543 10 19 0.021698123 
722 287 7 20 0.021674331 
940 467 5 17 0.021658493 
539 401 10 24 0.021627378 
608 500 4 8 0.021623941 
529 328 6 16 0.02161982 
513 270 15 22 0.021550868 
397 292 11 27 0.021515207 
498 418 11 15 0.02150606 
288 440 5 22 0.021498777 
542 328 6 16 0.02148097 
440 353 7 16 0.021471096 
525 243 10 14 0.021403823 
580 309 8 23 0.021385103 
423 228 9 13 0.021383788 
929 326 5 25 0.021367103 
635 524 4 7 0.02135053 
968 473 6 11 0.021350494 
594 341 6 16 0.021337012 
262 512 5 11 0.02133495 
902 439 5 23 0.021327026 
376 339 8 19 0.021307796 
365 253 7 14 0.021246517 
732 261 7 22 0.021240948 
1005 384 4 9 0.021219436 
1007 269 4 8 0.02117636 
735 313 5 15 0.02111979 
213 570 4 19 0.021095762 
944 405 3 15 0.021078067 
583 575 3 10 0.02106064 
261 544 5 16 0.021049911 
232 381 10 33 0.021018013 
479 391 5 16 0.021014258 
783 79 8 28 0.021013685 
510 387 13 25 0.021011751 
697 525 4 8 0.021001501 
571 640 4 9 0.020977573 
288 627 3 10 0.020974861 
569 430 5 17 0.020968333 
492 394 6 13 0.020920757 
583 67 6 22 0.020912815 
648 549 3 10 0.020898147 
673 486 5 11 0.020889401 
1007 375 3 8 0.020847648 
289 519 6 14 0.020820625 
835 515 6 9 0.020783452 
977 459 6 13 0.020750578 
427 331 6 14 0.020718386 
929 301 5 23 0.02070486 
901 502 7 23 0.02068288 
351 279 7 14 0.020659443 
290 508 6 16 0.020659413 
452 349 9 22 0.020647505 
913 568 6 14 0.020644978 
609 535 3 8 0.020613177 
287 322 9 22 0.020574864 
593 405 6 16 0.020545216 
900 568 7 14 0.020535674 
302 572 4 14 0.020518366 
251 521 4 13 0.020441288 
631 354 7 18 0.020428797 
658 598 5 10 0.020417826 
596 564 3 9 0.020413255 
400 402 8 19 0.020348165 
859 475 8 24 0.020333473 
287 537 4 12 0.020294283 
786 292 6 14 0.020236643 
461 284 10 21 0.020234266 
394 613 2 11 0.020219324 
992 566 10 22 0.020211661 
188 600 3 11 0.020202762 
929 366 4 20 0.020196946 
953 443 4 15 0.02007374 
413 331 7 16 0.020064821 
647 588 4 10 0.020056842 
419 547 3 12 0.020034308 
595 675 6 9 0.020029247 
420 561 3 13 0.019992277 
619 287 6 19 0.019980641 
916 237 5 19 0.01996885 
617 696 7 19 0.019956594 
901 362 6 24 0.019909648 
632 340 6 15 0.019897383 
929 352 4 22 0.019887984 
697 500 4 9 0.019875897 
771 265 7 15 0.019873686 
683 432 8 12 0.019858534 
594 653 5 8 0.019839488 
951 603 4 9 0.019833691 
632 148 73 107 0.019822823 
874 474 8 26 0.019817924 
902 452 5 24 0.019801127 
453 341 7 16 0.019753067 
529 342 6 15 0.019750647 
650 96 14 16 0.019737072 
956 290 5 15 0.01972987 
276 534 5 13 0.019706111 
722 523 4 10 0.019704035 
940 493 5 17 0.019699799 
566 228 7 14 0.019687114 
504 223 83 71 0.019637104 
1002 430 7 15 0.019636646 
464 246 11 21 0.01963412 
379 455 5 17 0.019620698 
849 476 7 21 0.019620312 
914 257 6 30 0.019611413 
335 329 7 17 0.019606965 
336 302 8 16 0.019597229 
977 582 8 17 0.019559992 
811 94 7 27 0.019555926 
877 539 5 10 0.019543588 
184 614 5 10 0.019514041 
859 580 7 16 0.019489344 
574 538 2 10 0.019485196 
634 328 6 15 0.019477755 
607 652 5 9 0.019462634 
940 480 5 17 0.01945985 
682 341 6 18 0.019448852 
539 272 16 31 0.019439334 
572 552 3 10 0.0194385 
272 361 11 20 0.019397058 
558 638 4 9 0.019357486 
447 230 15 25 0.019339029 
543 45 6 23 0.01933626 
621 627 3 9 0.019304603 
543 342 6 14 0.019235205 
723 549 5 10 0.019230166 
968 485 7 11 0.019228484 
584 463 3 9 0.019188078 
402 601 4 12 0.019166803 
360 342 8 17 0.019135147 
389 399 8 22 0.019130506 
311 481 5 17 0.01908904 
953 494 7 17 0.019079886 
439 424 8 23 0.019073894 
721 314 7 16 0.019068269 
866 548 5 11 0.019044427 
964 551 7 13 0.019016832 
246 288 11 21 0.019016124 
604 666 7 9 0.018996442 
673 575 4 10 0.018962959 
632 377 7 17 0.018949522 
442 343 5 13 0.018944703 
560 588 3 10 0.018937064 
556 55 6 28 0.018927885 
584 135 5 16 0.018910848 
404 537 3 11 0.018909879 
967 493 9 18 0.018907622 
987 524 28 53 0.018894926 
322 436 9 27 0.018894752 
232 577 6 27 0.018873418 
903 426 5 23 0.018866913 
823 330 10 33 0.018864216 
913 336 6 27 0.018819267 
583 83 5 18 0.018763691 
604 673 6 11 0.018747544 
942 535 5 13 0.018739332 
37 633 14 16 0.018701565 
581 668 5 6 0.018699814 
955 302 5 16 0.018692005 
875 490 7 22 0.018684631 
635 307 5 11 0.018669266 
337 611 9 13 0.018645117 
684 442 6 12 0.018617593 
263 558 4 14 0.018570354 
350 310 9 22 0.018566031 
1001 455 7 17 0.018563408 
648 309 4 9 0.018526945 
743 523 6 12 0.01847351 
736 546 5 11 0.018464651 
555 230 7 12 0.018434968 
310 494 5 19 0.018416071 
1017 455 8 19 0.01839427 
526 228 8 13 0.018382309 
234 289 7 17 0.018375505 
465 340 7 17 0.018360043 
435 233 13 21 0.01833392 
851 131 5 27 0.018327082 
640 99 13 15 0.018325904 
888 574 6 11 0.018319134 
667 350 8 21 0.018301692 
810 550 6 10 0.018271307 
501 408 9 13 0.018259875 
927 572 5 11 0.018254997 
11 396 14 33 0.018194273 
711 68 139 213 0.018174082 
672 304 6 11 0.01815456 
334 424 11 29 0.018133854 
389 458 5 15 0.018127182 
442 228 106 83 0.018126227 
519 328 4 13 0.018093027 
618 686 8 18 0.018091647 
944 394 3 14 0.018090991 
418 536 3 12 0.01808818 
440 367 5 15 0.018085416 
617 364 8 20 0.018082451 
491 377 7 17 0.01806001 
375 348 10 24 0.018058302 
836 480 6 17 0.018051945 
565 309 9 23 0.018020436 
35 605 14 20 0.018002102 
501 299 8 17 0.017981147 
643 376 7 17 0.017952196 
954 429 4 17 0.017943526 
737 512 5 11 0.01794187 
926 536 5 14 0.017940627 
437 270 11 25 0.017925419 
287 287 7 17 0.017915215 
464 315 6 16 0.017900288 
564 239 8 17 0.01787297 
593 474 4 10 0.017841468 
1001 439 8 18 0.01780167 
390 466 5 16 0.017801272 
555 329 6 15 0.017796386 
502 390 10 18 0.01778598 
583 444 4 15 0.017781682 
716 324 12 24 0.017780174 
749 240 5 13 0.017763995 
967 459 5 13 0.017759906 
605 276 6 20 0.017752698 
942 604 3 7 0.01775016 
410 269 10 25 0.017711485 
928 286 5 25 0.017693345 
954 472 5 13 0.017685952 
683 315 5 14 0.017677879 
904 523 5 15 0.017664379 
827 587 5 12 0.017633747 
988 457 8 15 0.017625803 
622 253 7 14 0.017612366 
936 216 5 12 0.017608216 
210 606 5 18 0.017595863 
479 426 7 19 0.017591842 
419 496 3 11 0.017568206 
737 499 3 11 0.017564183 
603 27 85 114 0.017556425 
349 413 9 19 0.017549386 
926 521 5 17 0.017548177 
929 603 3 7 0.017535795 
425 437 8 23 0.01752799 
747 51 7 32 0.01751401 
825 547 8 13 0.017488306 
392 480 4 16 0.017487071 
413 420 10 30 0.017469063 
964 416 5 15 0.017464155 
835 468 7 17 0.017451199 
454 364 6 17 0.017437141 
372 216 89 108 0.01740312 
337 313 7 18 0.017398678 
350 264 7 17 0.017363902 
376 445 5 14 0.017351257 
594 702 7 11 0.017349858 
253 300 14 29 0.01734511 
641 421 10 11 0.017343486 
695 328 6 16 0.01733744 
686 500 4 8 0.017301034 
582 653 5 7 0.017265387 
775 312 5 18 0.017233778 
393 549 3 12 0.017232375 
425 308 9 23 0.017228449 
953 572 5 10 0.017201819 
571 654 4 7 0.017191453 
1016 382 6 12 0.017155647 
627 259 10 22 0.017107874 
861 104 7 32 0.017093351 
634 625 5 11 0.017090548 
763 97 5 18 0.017041499 
628 270 8 21 0.017041491 
843 312 9 23 0.017034901 
375 374 8 23 0.017031072 
506 317 5 12 0.017022427 
279 559 3 12 0.017002868 
929 221 5 16 0.016985916 
377 626 4 10 0.016967969 
270 395 9 39 0.016966626 
430 603 3 8 0.016958803 
953 324 6 22 0.016951052 
861 493 7 18 0.016944595 
323 301 7 17 0.01693231 
467 332 6 13 0.01693224 
813 327 4 14 0.016910806 
570 668 5 6 0.016880771 
583 122 5 17 0.016851708 
837 594 6 16 0.01681963 
926 245 5 25 0.016798062 
423 281 12 28 0.01678066 
570 56 6 26 0.016773492 
779 661 16 16 0.016766 
1014 274 9 16 0.016750947 
359 411 8 21 0.016717246 
540 313 7 17 0.01671632 
491 364 8 17 0.016663413 
942 288 5 19 0.016660502 
310 471 5 17 0.016645094 
462 218 8 10 0.016623754 
876 557 5 12 0.016619544 
709 588 4 9 0.016587125 
429 497 3 12 0.01657072 
927 235 4 20 0.016569111 
1017 256 5 11 0.016566651 
314 689 4 10 0.016556865 
476 353 7 17 0.016536022 
595 462 4 10 0.016522396 
953 457 5 14 0.01650466 
799 326 5 15 0.016501727 
440 217 9 11 0.016490735 
513 282 13 21 0.01646395 
434 243 13 27 0.016442282 
622 536 3 8 0.01643411 
941 573 4 10 0.016430382 
965 294 9 22 0.016418587 
810 73 8 34 0.016411543 
652 87 11 12 0.016406495 
686 463 4 9 0.016356032 
886 502 7 22 0.01634965 
248 569 5 19 0.016336204 
570 576 3 10 0.016320651 
303 628 3 9 0.01631409 
803 551 5 10 0.016304329 
951 611 4 10 0.016277546 
642 328 7 16 0.01627549 
313 679 4 8 0.016260153 
848 78 8 31 0.016223118 
1018 441 8 19 0.01621354 
324 315 7 16 0.0161924 
573 498 3 10 0.016185414 
1006 258 4 9 0.016185088 
36 621 14 18 0.016180038 
691 164 13 40 0.016142443 
429 509 4 14 0.016113445 
403 548 4 12 0.016109003 
618 101 8 13 0.016100917 
322 466 8 24 0.016097488 
646 314 6 12 0.016097428 
635 316 5 13 0.016094135 
444 602 4 9 0.016084692 
1003 666 5 8 0.016039034 
582 641 4 8 0.016022878 
619 300 6 18 0.015941435 
956 396 4 10 0.015927512 
321 286 8 19 0.015884314 
591 262 8 21 0.015875215 
513 404 10 17 0.01587254 
592 418 6 17 0.015840946 
184 625 5 11 0.015826084 
488 279 12 23 0.015801756 
878 575 5 10 0.015788756 
670 329 7 17 0.015773883 
349 325 9 20 0.015746744 
583 196 7 21 0.015725141 
344 610 11 15 0.015685588 
455 312 7 19 0.015683115 
811 559 6 10 0.015682938 
530 403 8 19 0.015677065 
411 306 11 26 0.015676705 
629 101 10 13 0.015672667 
682 120 8 20 0.01566128 
762 122 5 17 0.015660679 
393 626 3 10 0.015643245 
695 338 7 23 0.015638407 
926 257 6 29 0.015634479 
827 304 6 12 0.015624275 
557 661 343 306 0.015618381 
516 345 6 15 0.015597384 
977 441 7 16 0.015590752 
647 600 4 10 0.015581642 
290 496 5 14 0.015575552 
940 506 6 18 0.015571076 
634 536 3 9 0.015543604 
257 290 9 21 0.015504674 
598 601 4 11 0.015504186 
275 289 6 16 0.015498794 
620 392 6 14 0.015468722 
1005 654 5 10 0.015461114 
126 -191 316 116 0.015446401 
787 325 6 19 0.015441535 
580 223 8 19 0.015441318 
543 163 5 13 0.015438174 
827 598 4 11 0.015428275 
439 439 7 22 0.015421814 
403 614 3 10 0.01539463 
977 281 6 12 0.015391291 
682 112 7 15 0.0153700905 
577 263 8 18 0.015366252 
684 472 5 10 0.015362405 
396 307 11 25 0.015359599 
220 381 10 41 0.015349983 
758 311 7 20 0.015340221 
10 -79 15 40 0.015339307 
607 588 4 9 0.015318327 
571 565 3 9 0.015308914 
402 467 5 14 0.015308426 
440 330 5 13 0.015306915 
648 577 4 10 0.01530361 
523 265 18 31 0.015303581 
378 616 3 10 0.015271637 
825 500 5 12 0.015250169 
489 328 5 12 0.015244705 
544 245 8 14 0.015235867 
786 32 7 22 0.015219357 
336 289 7 16 0.015197526 
606 101 7 13 0.015190405 
428 483 4 12 0.015183129 
272 374 11 23 0.015176293 
720 573 5 11 0.015172367 
361 450 7 23 0.015161213 
979 597 6 14 0.015158081 
787 591 4 7 0.015149101 
901 210 6 21 0.015122489 
334 448 10 29 0.01510912 
621 614 3 10 0.015106404 
596 641 4 8 0.015102467 
864 539 5 9 0.015097792 
380 465 5 19 0.015070491 
965 600 5 11 0.015056369 
630 390 7 18 0.015051987 
336 599 10 15 0.015037643 
304 311 77 130 0.01503743 
567 214 7 14 0.015036626 
453 296 8 22 0.015028859 
785 278 6 13 0.015026431 
571 445 4 14 0.014986313 
953 483 6 14 0.0149773415 
598 575 3 10 0.014947901 
34 582 15 20 0.014918692 
683 330 5 15 0.014908422 
845 303 8 15 0.014877097 
290 473 4 13 0.0148652615 
518 305 7 15 0.014846294 
582 207 8 21 0.014840047 
718 560 6 12 0.014823213 
581 676 6 7 0.014815139 
953 341 5 18 0.014798918 
901 654 5 9 0.014766445 
834 330 10 33 0.014761436 
184 320 19 35 0.014748791 
772 105 7 24 0.014743693 
278 546 4 13 0.014738749 
490 352 8 17 0.014722934 
836 111 7 32 0.014720755 
479 328 5 12 0.014682641 
309 286 8 20 0.014673036 
762 80 7 23 0.01466269 
811 339 8 21 0.01465464 
759 241 6 12 0.014652429 
606 487 4 9 0.014643496 
481 320 4 11 0.0146269165 
119 259 217 267 0.014614296 
956 374 3 8 0.014578367 
326 691 4 8 0.014578289 
422 404 8 18 0.014571687 
237 298 36 68 0.014569298 
683 352 6 22 0.014568238 
672 600 4 9 0.014563085 
270 324 10 22 0.014528259 
771 251 6 15 0.014510901 
335 275 8 18 0.014508598 
746 310 8 21 0.014504656 
173 615 4 9 0.0144889755 
526 301 8 17 0.014465992 
265 588 3 12 0.014453352 
671 315 6 13 0.014429437 
436 295 10 25 0.014426644 
1016 393 5 15 0.014410685 
1017 373 5 11 0.014407753 
311 520 5 16 0.014398377 
943 355 4 16 0.014381288 
695 316 6 15 0.014353332 
514 242 32 43 0.01435046 
861 143 6 30 0.01434605 
772 668 28 30 0.014336039 
315 602 3 9 0.014332919 
913 270 6 32 0.01432053 
595 111 6 17 0.014315443 
12 343 14 36 0.014307077 
620 314 5 16 0.0143043585 
666 98 10 15 0.0143007105 
903 606 4 6 0.014298713 
879 588 5 9 0.014271834 
628 253 10 16 0.014238346 
349 449 8 27 0.014237216 
277 626 2 11 0.014214528 
619 637 4 9 0.014194755 
591 219 11 23 0.014191045 
573 487 3 10 0.014183842 
391 143 178 162 0.014182802 
901 246 6 28 0.014157111 
876 505 7 18 0.014156645 
428 467 5 16 0.014154423 
430 589 4 10 0.014142086 
375 387 8 23 0.014139965 
635 600 4 10 0.014138708 
836 499 5 12 0.014131227 
724 514 3 8 0.014127946 
402 561 4 14 0.014120788 
543 176 5 12 0.01406999 
597 588 3 9 0.014068012 
393 536 3 14 0.014061076 
557 675 4 8 0.014005549 
429 523 3 12 0.014001796 
246 273 9 21 0.013998308 
941 590 4 9 0.0139935175 
48 609 14 15 0.013986361 
543 149 5 15 0.013965996 
888 612 5 9 0.013946391 
571 460 4 10 0.013942751 
225 303 6 15 0.0139391655 
546 626 4 9 0.0139385685 
530 162 5 14 0.013931211 
902 612 5 9 0.013908976 
813 590 4 9 0.013905576 
418 524 3 11 0.013894622 
988 439 8 18 0.013893996 
639 670 16 19 0.013883311 
8 534 41 75 0.013882841 
556 656 4 6 0.013876106 
489 320 5 11 0.013857059 
427 452 6 20 0.013855281 
219 607 6 20 0.013844718 
621 601 4 10 0.013836237 
288 688 5 10 0.013809768 
570 675 5 8 0.013788178 
404 524 3 11 0.013786881 
528 42 7 27 0.013784586 
444 615 3 8 0.013777031 
554 311 8 20 0.013773028 
431 615 3 8 0.013771013 
916 604 3 6 0.013759581 
554 214 7 14 0.013754806 
941 520 5 17 0.013748383 
414 454 6 20 0.01374404 
374 361 9 22 0.013743 
902 223 5 21 0.013705867 
901 350 5 22 0.013704778 
595 443 5 16 0.013698263 
848 593 6 18 0.013684295 
375 399 8 25 0.01368411 
656 314 5 13 0.013662644 
816 515 4 9 0.0136615 
378 701 4 11 0.013660085 
410 186 98 85 0.013655442 
762 109 6 17 0.01364832 
320 272 9 22 0.013637599 
25 504 11 22 0.01362875 
797 304 5 14 0.013618503 
963 406 4 13 0.013614047 
686 423 5 9 0.0136019355 
850 495 6 15 0.013577468 
273 302 8 19 0.013570081 
12 305 16 35 0.0135484785 
888 590 4 8 0.0135447215 
957 383 3 10 0.01353616 
403 482 4 14 0.0135297505 
634 588 4 9 0.013524194 
862 523 6 11 0.013514288 
436 257 11 26 0.013487092 
733 253 6 15 0.013478949 
693 347 8 28 0.013445942 
928 590 4 10 0.013428267 
839 610 5 15 0.013403867 
711 315 6 15 0.013373941 
991 591 9 20 0.01335158 
639 85 85 124 0.013349219 
318 404 13 36 0.013345502 
437 312 8 19 0.013335672 
796 93 8 32 0.013276886 
825 554 10 18 0.013270828 
400 413 10 25 0.0132521335 
554 428 8 20 0.0132428715 
264 574 4 13 0.013234972 
941 232 5 20 0.01323491 
287 343 7 14 0.013227974 
42 673 8 14 0.01322795 
336 412 9 21 0.013214936 
393 600 3 13 0.013213343 
444 590 3 8 0.013209478 
1005 634 5 15 0.013204169 
401 456 7 19 0.013182877 
697 473 5 7 0.013177678 
388 412 8 24 0.013170995 
171 627 5 8 0.013166125 
272 315 9 19 0.01316096 
429 561 3 12 0.013158488 
990 579 11 23 0.013150069 
420 604 2 9 0.013149675 
900 234 6 23 0.013070859 
607 406 5 12 0.013069549 
379 228 5 11 0.01305924 
781 88 96 144 0.013053764 
28 590 12 26 0.013046282 
683 485 5 10 0.013040917 
290 484 5 12 0.013032163 
812 573 5 10 0.013029489 
454 612 4 10 0.013006625 
596 100 5 14 0.012992945 
913 668 6 8 0.012957195 
888 604 4 7 0.012937342 
583 111 5 15 0.012925577 
571 473 4 10 0.012903487 
816 663 14 13 0.012881199 
466 460 5 21 0.012873869 
696 464 5 8 0.012863033 
544 614 4 11 0.012859976 
26 453 9 21 0.012859353 
1018 243 5 11 0.012843105 
862 509 5 13 0.012836481 
419 616 3 8 0.012834184 
673 462 5 9 0.012828708 
479 304 5 13 0.012823359 
990 431 6 13 0.012820018 
813 670 22 24 0.012796349 
349 250 7 18 0.0127922185 
848 466 8 22 0.012771146 
967 386 3 7 0.012766651 
55 674 8 13 0.012744505 
334 262 8 19 0.0127437 
709 599 4 10 0.012738482 
631 672 11 18 0.012691003 
348 394 13 31 0.01268533 
455 330 5 14 0.012685018 
850 512 5 11 0.01264938 
24 554 13 23 0.012644473 
543 355 6 15 0.01264421 
400 326 8 19 0.012642783 
858 665 10 11 0.012638057 
979 431 5 14 0.012637693 
658 327 7 16 0.012636523 
312 557 4 17 0.012634724 
849 610 5 14 0.012625532 
647 636 5 10 0.012623713 
966 612 4 10 0.012589679 
23 515 13 24 0.0125884805 
206 265 85 89 0.012584404 
825 112 7 30 0.012570535 
823 469 6 15 0.012558621 
468 512 3 11 0.01254244 
302 556 4 16 0.012542098 
801 560 5 9 0.012540656 
288 679 4 8 0.012540586 
722 263 7 18 0.01252049 
846 324 7 22 0.012497695 
632 406 8 13 0.012479158 
252 382 13 29 0.012477809 
827 293 5 11 0.01246544 
794 352 6 18 0.012454755 
477 341 7 15 0.012440395 
455 512 4 13 0.012412862 
270 339 9 20 0.012395693 
681 100 7 13 0.012391257 
419 576 3 13 0.012359013 
913 310 6 30 0.012348046 
273 499 5 12 0.012331547 
952 504 7 18 0.012327867 
584 186 6 18 0.012327109 
444 628 4 8 0.012317355 
661 340 6 17 0.012316711 
430 576 4 11 0.012312698 
568 199 7 17 0.012297126 
541 214 7 13 0.01228633 
250 358 18 25 0.012282083 
339 625 6 11 0.0122741265 
554 200 7 15 0.012250077 
579 238 7 16 0.012240537 
492 303 6 13 0.012233932 
944 382 3 13 0.01219314 
595 121 7 21 0.012182778 
38 646 15 17 0.012176695 
26 441 9 19 0.012173347 
733 326 7 18 0.012163397 
422 334 93 132 0.012159352 
643 87 10 11 0.012153787 
543 188 6 13 0.012141982 
759 586 6 11 0.012134131 
491 342 7 16 0.012127057 
637 108 16 19 0.012103823 
793 660 13 13 0.012055006 
944 370 3 14 0.0120485565 
942 613 4 8 0.011997196 
453 600 5 11 0.011991826 
966 443 5 15 0.011988958 
733 369 8 16 0.011982092 
784 652 9 10 0.011966785 
607 88 6 13 0.011961032 
530 175 5 12 0.011957402 
709 614 4 9 0.011953639 
968 499 32 59 0.011953387 
644 627 5 11 0.011950992 
694 111 7 14 0.0119505245 
668 109 9 17 0.011946951 
901 336 5 24 0.01191902 
418 510 3 11 0.011908462 
556 188 5 13 0.011905919 
542 202 7 13 0.011901109 
965 281 6 11 0.011878845 
221 361 9 27 0.011868167 
528 217 7 11 0.011861876 
556 176 5 12 0.0118606575 
1006 230 3 11 0.011853295 
583 99 5 15 0.011852858 
26 567 11 24 0.011842157 
476 280 11 22 0.011820699 
191 317 10 18 0.011819608 
300 689 4 10 0.011802788 
916 590 4 9 0.011799263 
326 702 4 10 0.011793054 
391 395 34 83 0.011791637 
746 370 6 13 0.011781568 
326 601 4 10 0.01177993 
501 219 8 10 0.0117451865 
620 676 6 12 0.011741513 
505 345 6 14 0.011739788 
666 87 9 12 0.011734908 
635 614 4 10 0.011711474 
570 188 5 14 0.011691429 
824 481 6 16 0.011685484 
887 521 6 15 0.0116766775 
402 626 3 10 0.011662259 
692 122 8 17 0.011660494 
643 340 6 16 0.011655247 
644 354 7 18 0.011653853 
659 350 8 21 0.011646966 
275 703 4 10 0.011642192 
474 439 7 22 0.011633679 
542 164 80 103 0.01161353 
684 599 5 9 0.011609941 
489 221 8 9 0.011572377 
367 284 29 62 0.0115624545 
441 510 4 14 0.01155877 
583 148 5 16 0.0115571525 
517 220 7 10 0.011550765 
724 473 5 9 0.011493248 
1016 671 9 19 0.011492841 
596 86 5 15 0.011485888 
301 678 4 8 0.011471485 
365 240 6 14 0.011466045 
673 163 15 43 0.011461831 
7 608 22 43 0.011458589 
385 364 86 136 0.01143916 
595 133 6 23 0.0114345895 
825 612 4 11 0.0114325145 
392 496 3 14 0.011426583 
812 358 8 22 0.011425386 
436 33 12 42 0.011423696 
680 129 9 27 0.0114229955 
679 303 7 14 0.011412953 
315 589 3 11 0.011408193 
314 703 4 10 0.011375858 
315 615 3 8 0.011367679 
682 627 6 8 0.011358679 
376 432 6 15 0.011353378 
713 483 157 170 0.011349076 
420 591 3 11 0.011328111 
642 369 6 15 0.011316197 
648 106 16 21 0.0113117015 
341 247 82 129 0.0112997545 
657 309 5 8 0.011295132 
556 164 5 12 0.011270787 
1000 674 8 13 0.0112626 
814 304 5 13 0.011247775 
-25 -260 173 437 0.011235945 
619 405 6 13 0.011228149 
979 610 5 13 0.011213601 
469 497 3 13 0.011211136 
630 423 11 11 0.011198426 
604 689 8 15 0.011198019 
393 225 27 44 0.011192544 
723 139 5 11 0.011188118 
608 475 4 8 0.01118515 
449 245 12 26 0.011164188 
902 640 4 10 0.011158999 
314 359 31 66 0.0111506935 
529 610 7 14 0.011137059 
25 429 10 18 0.011134259 
425 33 10 40 0.011129658 
518 258 37 54 0.01112919 
439 204 8 10 0.011125323 
232 366 12 23 0.011113139 
455 575 4 10 0.01110913 
899 667 7 10 0.011099626 
902 197 5 21 0.011078251 
761 576 5 10 0.011069404 
629 680 12 23 0.011052859 
796 341 6 16 0.01104007 
572 125 171 244 0.011004206 
25 299 12 21 0.010998608 
643 406 9 14 0.01099564 
391 218 5 10 0.0109937545 
1007 580 33 71 0.010979883 
427 217 7 10 0.010965275 
953 590 5 9 0.010951522 
518 459 5 16 0.010943308 
502 202 7 13 0.010939437 
836 293 7 12 0.010934909 
809 662 11 12 0.010933733 
682 639 7 8 0.010932063 
837 129 7 28 0.010924105 
753 335 11 28 0.0109188715 
430 629 3 7 0.010892485 
529 419 8 15 0.010886548 
760 643 6 8 0.010880727 
989 563 32 66 0.0108789615 
477 237 31 41 0.010860327 
24 542 12 22 0.0108603155 
708 110 7 15 0.010858159 
710 500 3 9 0.010853377 
672 627 5 9 0.010853295 
721 125 6 13 0.010837223 
606 110 9 19 0.010823487 
787 597 6 11 0.010799911 
404 510 3 12 0.010770039 
376 413 7 20 0.010769143 
840 672 21 22 0.0107583245 
656 637 6 10 0.01075277 
398 422 13 34 0.010718889 
243 307 20 35 0.010715936 
966 430 5 15 0.010689219 
403 497 3 12 0.010675602 
618 665 5 10 0.010671514 
334 397 11 26 0.010670396 
632 292 5 14 0.010641676 
712 328 7 16 0.010616888 
772 239 7 13 0.010603685 
784 265 7 13 0.010598963 
288 702 4 11 0.01059125 
517 175 5 13 0.010586969 
49 636 13 13 0.010563968 
530 469 4 13 0.010562542 
718 447 12 11 0.010546577 
570 163 5 14 0.010542692 
747 558 6 13 0.010537038 
49 623 13 14 0.010534511 
526 282 13 23 0.0105202915 
774 34 5 19 0.010510315 
1006 243 4 9 0.01050733 
348 624 7 12 0.01050382 
26 465 10 21 0.010491585 
724 498 4 10 0.010480731 
693 640 7 9 0.010479978 
451 204 8 11 0.010478238 
184 317 7 16 0.010462705 
25 491 11 22 0.010459606 
734 484 4 11 0.0104520675 
848 624 5 13 0.010446959 
427 536 4 13 0.01044345 
955 357 4 12 0.010421041 
578 250 8 17 0.010415547 
619 88 7 11 0.010400577 
692 133 8 20 0.010394915 
926 668 6 7 0.01037542 
872 152 9 37 0.010366709 
555 150 5 14 0.010354222 
988 734 35 120 0.010342296 
798 278 7 13 0.010342258 
697 599 5 10 0.0103362575 
619 477 4 8 0.010333448 
677 140 11 30 0.010304594 
813 613 4 11 0.0102655245 
812 600 4 10 0.010250488 
784 251 7 14 0.010237869 
930 204 4 9 0.010230814 
450 34 11 40 0.010228635 
886 324 7 24 0.010227453 
570 176 5 14 0.010225451 
288 642 3 8 0.010208698 
442 497 3 12 0.010200958 
430 642 3 6 0.010196102 
1017 431 8 17 0.010194176 
621 489 4 7 0.010188212 
441 668 4 6 0.010169994 
344 360 26 68 0.010161616 
874 667 7 9 0.0101386495 
696 99 6 14 0.010121924 
977 639 5 12 0.010109766 
388 444 7 17 0.010105783 
773 576 5 10 0.0100930445 
810 115 7 29 0.0100765545 
711 302 6 18 0.010075542 
967 269 4 9 0.010063479 
419 629 3 8 0.010049351 
748 229 6 12 0.010049323 
234 300 8 21 0.010047991 
622 588 4 9 0.010023161 
