9_Press_Conference_Press_Conference_9_521
121
321 159 311 379 0.99870133 
126 514 12 28 0.05174589 
466 52 7 27 0.037332088 
409 65 8 27 0.034840263 
-50 651 298 299 0.033460867 
1007 516 15 24 0.030294156 
427 62 8 25 0.027339224 
437 52 8 25 0.026926296 
798 371 7 29 0.02654193 
799 218 7 26 0.024030529 
473 54 8 25 0.023793682 
822 -204 219 179 0.023448301 
773 383 6 29 0.023259649 
452 53 7 24 0.023249056 
621 301 5 12 0.023067381 
786 373 5 23 0.0217275 
896 516 9 24 0.021697825 
261 162 135 250 0.019431334 
809 227 8 34 0.019310227 
213 185 4 17 0.018950181 
410 53 8 24 0.018943993 
401 65 8 25 0.018801823 
224 235 4 19 0.018409979 
683 111 7 33 0.017664783 
824 284 7 27 0.01733386 
796 234 10 43 0.017134596 
824 359 7 27 0.017133921 
697 432 7 33 0.017110592 
810 361 7 24 0.016690174 
680 434 8 26 0.016685933 
824 620 6 16 0.0163673 
810 620 6 16 0.016210102 
694 110 8 36 0.015932657 
820 536 10 32 0.015856044 
706 430 8 35 0.015832042 
181 519 9 20 0.01578171 
612 677 318 284 0.015777268 
213 197 5 19 0.015752265 
672 128 6 26 0.015462514 
837 282 8 26 0.015402756 
664 -180 320 103 0.015209798 
213 172 4 16 0.0150450235 
428 74 7 27 0.014729555 
842 514 11 28 0.014390875 
25 -189 258 130 0.0143849235 
414 42 7 19 0.014339766 
224 225 4 17 0.014049208 
798 208 8 22 0.014004865 
667 444 9 31 0.0138016455 
810 536 9 31 0.013801542 
730 518 10 21 0.013773404 
223 249 5 17 0.0134719135 
505 52 6 22 0.013459853 
800 362 6 21 0.013413784 
708 422 7 26 0.013353126 
682 425 7 19 0.013124408 
466 42 6 20 0.013038862 
389 77 204 212 0.013017695 
707 412 6 20 0.012957098 
791 515 10 23 0.012892625 
721 399 5 19 0.012663298 
289 451 4 19 0.012620076 
213 237 4 19 0.012509317 
697 412 6 19 0.012434192 
785 516 10 23 0.012406836 
774 375 5 20 0.012304577 
762 385 5 23 0.0122967735 
438 78 6 24 0.012266994 
809 608 6 17 0.0122593595 
735 387 5 18 0.012195214 
796 616 9 21 0.012032572 
723 389 4 17 0.011933061 
214 209 4 20 0.011901982 
214 224 4 19 0.011890615 
814 646 263 278 0.011862982 
824 229 8 31 0.011846482 
667 237 11 43 0.011822409 
797 607 8 19 0.011803522 
681 441 9 39 0.0117623415 
118 567 8 20 0.011755138 
669 216 9 36 0.01167249 
722 110 8 40 0.011660641 
836 619 6 17 0.011653951 
378 562 6 30 0.011605285 
669 138 7 31 0.011555393 
478 17 8 14 0.011542999 
476 63 7 22 0.011533161 
270 130 8 27 0.011415227 
746 386 5 19 0.0114009725 
784 364 5 17 0.011390798 
568 134 129 256 0.011302463 
621 295 4 10 0.011295245 
695 424 6 21 0.011272657 
237 249 4 17 0.011221152 
825 350 6 18 0.011209931 
733 113 8 35 0.011152646 
810 209 7 19 0.011145228 
237 236 4 17 0.011030874 
748 376 5 17 0.010952416 
837 316 6 15 0.010912637 
669 437 7 22 0.010893646 
825 219 7 22 0.010875022 
796 454 10 46 0.010874293 
439 42 7 19 0.0107880775 
710 401 5 18 0.010681245 
771 606 7 17 0.010665685 
707 109 10 42 0.0106454585 
821 252 9 38 0.010618487 
597 345 139 259 0.010541016 
850 316 6 13 0.010507557 
1 -138 71 140 0.010445516 
454 63 7 23 0.010442893 
806 247 11 46 0.010374636 
620 309 7 17 0.010357095 
811 352 5 16 0.010340452 
422 686 341 277 0.010275651 
736 377 5 17 0.010171895 
365 565 6 25 0.010037906 
836 357 8 31 0.010037385 
672 106 5 19 0.010037228 
785 392 8 35 0.010019727 
