9_Press_Conference_Press_Conference_9_43
448
399 47 133 204 0.99922144 
385 478 25 28 0.062648855 
678 334 130 205 0.056062143 
817 677 261 259 0.052401405 
15 327 22 33 0.051553644 
39 471 15 41 0.049684163 
570 431 4 17 0.047450934 
920 318 18 29 0.044973753 
570 443 4 18 0.041907612 
939 352 21 47 0.04137307 
366 662 305 156 0.04110144 
798 443 184 265 0.038689934 
952 442 19 40 0.03802864 
919 524 161 221 0.03614242 
107 431 7 14 0.034552366 
933 672 14 40 0.03452445 
944 671 14 41 0.032410048 
922 676 13 35 0.03194775 
557 441 5 21 0.030203033 
871 444 12 42 0.029989168 
694 445 52 106 0.029384948 
883 454 13 44 0.029374875 
823 100 8 38 0.029226154 
8 470 22 43 0.029139435 
931 283 14 29 0.029015949 
485 128 85 125 0.028796187 
930 347 19 38 0.028093765 
798 126 7 33 0.027935112 
918 449 14 29 0.02738757 
33 384 16 39 0.027064335 
559 432 4 18 0.027031807 
570 417 5 18 0.02686382 
880 542 95 134 0.026786977 
502 603 8 30 0.02677342 
862 327 152 294 0.026741903 
550 332 11 36 0.026463147 
65 406 186 165 0.026175454 
721 316 9 37 0.026050352 
810 88 9 35 0.02554098 
886 540 11 29 0.025032898 
-5 328 67 110 0.024696669 
581 392 5 18 0.024287315 
449 383 11 39 0.024057038 
927 332 18 32 0.023495452 
105 440 9 19 0.023494124 
1015 331 12 35 0.023330878 
810 113 8 36 0.023318365 
842 541 13 28 0.023086542 
96 446 6 16 0.02305616 
835 530 10 24 0.0228006 
907 339 83 138 0.0225662 
894 562 17 42 0.022235973 
197 667 385 266 0.022183713 
925 342 31 81 0.02214234 
103 290 868 823 0.022070117 
-39 658 324 345 0.022030294 
572 34 149 221 0.021783214 
483 50 91 132 0.021495074 
571 402 5 21 0.021266052 
833 515 10 26 0.021180809 
133 337 6 25 0.021134235 
906 567 15 36 0.02103505 
893 538 12 32 0.02102796 
732 307 11 38 0.020803198 
581 432 4 15 0.020727966 
812 70 6 20 0.020707935 
824 82 7 27 0.020531174 
339 394 5 13 0.020432023 
885 438 10 30 0.02034692 
894 455 15 43 0.020310394 
208 431 20 35 0.020021696 
900 56 7 20 0.019849313 
580 401 6 21 0.019744912 
20 316 16 23 0.019734915 
910 681 10 27 0.01962142 
512 604 9 31 0.019604445 
907 286 12 25 0.019547954 
684 11 72 89 0.019446403 
977 512 82 137 0.019294301 
593 453 7 21 0.01927212 
921 657 12 29 0.019205062 
735 394 9 17 0.019198911 
900 102 10 35 0.01919568 
491 601 7 30 0.01905528 
436 381 10 37 0.018996868 
135 323 6 22 0.018767422 
948 656 14 32 0.01852513 
898 46 8 19 0.018524935 
886 525 12 28 0.018459491 
695 318 9 37 0.018458437 
435 362 9 21 0.018448759 
7 376 19 44 0.018320972 
832 500 10 29 0.018262647 
831 556 16 44 0.018184785 
582 378 6 19 0.018046713 
920 341 18 34 0.018037716 
834 542 12 26 0.017735086 
582 416 5 18 0.017677374 
891 649 17 38 0.01767575 
822 502 9 24 0.017610615 
569 452 6 21 0.017511174 
157 376 12 23 0.017470103 
146 378 6 18 0.017468344 
964 518 20 45 0.017436715 
341 407 4 13 0.01730175 
463 385 10 34 0.017182883 
700 395 159 283 0.017152464 
834 272 132 205 0.017150654 
100 447 13 29 0.017147006 
361 342 8 12 0.017110119 
116 431 8 16 0.017079577 
821 516 10 23 0.01706035 
326 380 5 17 0.016989643 
883 496 14 37 0.016961586 
955 652 15 34 0.016905671 
583 453 5 19 0.016817944 
843 514 10 27 0.016805617 
21 464 18 44 0.01677582 
583 445 4 15 0.01673392 
859 446 12 35 0.016717304 
906 217 20 37 0.016715486 
917 422 16 28 0.01670862 
800 -152 255 159 0.016657798 
708 318 8 35 0.016539909 
794 758 12 26 0.01652321 
100 433 4 12 0.016507093 
567 350 7 23 0.01641396 
256 71 13 44 0.016356409 
897 557 32 76 0.016265005 
821 528 10 24 0.016244797 
894 521 14 33 0.016115367 
850 688 45 62 0.016061958 
826 582 110 120 0.016051026 
918 638 15 33 0.015993133 
567 338 7 22 0.015960665 
221 342 9 12 0.015852554 
791 356 12 33 0.015829656 
252 46 16 45 0.01576537 
842 471 14 36 0.015743159 
567 311 8 23 0.015735108 
196 344 8 11 0.015729962 
884 255 10 28 0.015723504 
994 626 19 38 0.015652755 
313 378 6 19 0.015631378 
689 625 14 42 0.015618555 
911 440 13 27 0.0155821685 
928 304 18 33 0.015562368 
541 307 9 29 0.015557998 
739 451 87 149 0.01548636 
780 299 11 22 0.01545694 
269 62 11 37 0.015431028 
490 -136 62 94 0.015419122 
781 757 12 28 0.015418586 
954 462 20 43 0.01541391 
871 482 12 35 0.015390157 
327 390 5 18 0.015328212 
969 546 16 37 0.015310207 
424 367 12 36 0.015297273 
362 355 7 12 0.015142088 
313 368 5 13 0.015123611 
871 523 13 30 0.015082316 
405 64 58 93 0.015017795 
408 377 13 42 0.015013493 
907 536 13 31 0.015007465 
872 499 13 33 0.014960538 
884 559 15 41 0.014944642 
379 340 16 19 0.014931074 
996 666 15 33 0.01486564 
552 310 8 28 0.014864109 
859 471 11 33 0.014858073 
781 747 11 21 0.014837552 
920 537 12 31 0.01482348 
-7 470 85 125 0.014810713 
908 452 16 38 0.014808327 
894 437 12 30 0.014781844 
798 102 8 29 0.01473152 
947 339 13 26 0.014721765 
923 554 10 28 0.014716434 
109 423 4 11 0.014710399 
70 157 6 22 0.014640517 
234 350 12 23 0.014618342 
807 758 13 24 0.014597263 
947 613 13 27 0.01453222 
68 146 8 20 0.014516536 
880 641 19 35 0.014455704 
955 424 16 34 0.014446237 
784 125 9 34 0.014437278 
906 635 17 36 0.014435719 
908 654 12 29 0.014403373 
449 371 10 30 0.014394847 
702 626 12 36 0.014367264 
559 419 5 19 0.014359203 
857 498 13 32 0.01432168 
262 366 6 17 0.014316588 
769 757 12 27 0.0143136475 
132 403 6 17 0.014220997 
528 -136 63 95 0.014172759 
824 69 6 18 0.014168436 
979 32 5 18 0.0141384965 
181 349 15 23 0.014129778 
887 57 8 18 0.013982312 
109 408 5 14 0.013943465 
38 346 13 24 0.013890199 
870 552 14 32 0.013880061 
706 296 9 30 0.013863869 
1002 325 7 24 0.01377431 
9 -153 203 180 0.013767018 
568 299 7 21 0.013748223 
428 359 10 23 0.013704752 
234 342 8 12 0.013669829 
770 747 11 21 0.013660582 
452 -135 61 93 0.01364207 
470 701 14 16 0.013639889 
336 121 8 26 0.013631597 
934 461 12 28 0.013626628 
891 324 14 27 0.013606621 
643 270 7 27 0.013586527 
819 757 14 24 0.013579282 
466 376 7 20 0.013571033 
795 750 11 18 0.013533861 
948 297 11 27 0.013521244 
995 450 13 28 0.013468835 
451 288 7 18 0.013454547 
900 149 7 16 0.013447271 
719 757 11 27 0.013446081 
858 528 11 25 0.013428585 
840 570 16 40 0.013426525 
834 97 9 39 0.013423923 
842 445 13 36 0.013422673 
1013 421 15 32 0.013389328 
897 679 11 29 0.013378756 
121 334 6 29 0.013325035 
831 619 14 25 0.01330385 
984 618 13 26 0.013262101 
100 422 4 13 0.013254518 
613 365 155 280 0.013226593 
313 275 183 200 0.01322108 
169 161 8 16 0.013211956 
325 369 5 12 0.0132104205 
382 350 15 17 0.013202467 
242 352 9 19 0.013164222 
10 362 18 30 0.013116567 
728 409 14 34 0.0130856065 
780 305 15 36 0.013083494 
544 443 5 21 0.013010433 
886 104 11 32 0.01300549 
894 422 12 28 0.012979375 
632 270 8 29 0.012920485 
108 296 7 27 0.012904944 
808 748 13 20 0.012901398 
832 756 14 25 0.012899569 
124 393 5 18 0.012899547 
955 628 16 30 0.012846244 
821 540 11 25 0.012824371 
157 158 8 20 0.012810748 
857 541 11 25 0.012804338 
146 366 6 17 0.012767191 
684 505 8 20 0.012727825 
909 312 13 24 0.01271399 
920 511 13 32 0.012690036 
691 684 10 15 0.01266008 
572 392 4 20 0.012521381 
9 21 16 42 0.012519925 
779 341 15 40 0.012518651 
222 333 6 10 0.012492059 
7 740 73 95 0.0124492375 
778 734 13 21 0.0124385385 
566 -136 64 95 0.012431452 
339 382 4 13 0.012409495 
818 747 14 21 0.012390652 
410 442 11 17 0.012377256 
116 297 9 28 0.0123681305 
258 579 10 23 0.012336647 
768 315 165 292 0.012295092 
1014 279 10 37 0.012246281 
413 -134 62 92 0.012227481 
361 366 7 15 0.012225269 
812 58 7 18 0.012211223 
649 708 323 297 0.012206706 
1010 628 18 36 0.012202615 
902 69 6 16 0.012168154 
161 373 20 30 0.01215041 
272 366 7 20 0.012107975 
735 607 7 25 0.012107456 
296 -132 65 90 0.012107365 
451 362 9 20 0.012103328 
659 44 86 117 0.012099634 
831 471 12 33 0.012070304 
934 628 11 25 0.01206097 
681 629 12 31 0.01205227 
739 305 15 37 0.012052133 
854 746 18 22 0.012019531 
-25 433 185 258 0.011974766 
146 389 8 22 0.011966658 
480 593 5 22 0.011917314 
132 393 5 18 0.011911037 
957 674 13 37 0.011904774 
757 758 11 26 0.011879842 
1016 310 8 24 0.011859182 
601 267 12 35 0.011836418 
166 361 15 25 0.011833773 
145 353 5 18 0.011823552 
854 574 15 37 0.011823417 
966 30 6 24 0.011807773 
232 175 12 40 0.011787437 
901 83 7 17 0.011760962 
8 -57 21 45 0.011754689 
706 756 12 30 0.011744977 
794 300 9 19 0.011722423 
835 348 7 27 0.011708747 
569 364 6 23 0.011681025 
826 362 6 22 0.011676005 
435 743 15 27 0.011650973 
740 392 10 20 0.011642114 
447 754 11 30 0.011628017 
392 454 18 26 0.011623201 
267 466 216 248 0.011605575 
934 645 12 25 0.011603863 
578 297 9 24 0.011562377 
235 302 8 16 0.011518743 
500 620 12 40 0.011513108 
977 20 6 17 0.011503226 
736 592 7 26 0.011478981 
950 420 73 143 0.011468716 
374 -133 63 90 0.01142586 
967 496 17 41 0.011412146 
257 107 97 135 0.011405198 
409 454 13 21 0.011369822 
185 344 7 12 0.011354651 
508 427 175 233 0.011353111 
258 -132 65 91 0.011310176 
423 387 12 47 0.01130404 
322 121 8 25 0.01128469 
819 469 13 37 0.011278466 
958 542 17 35 0.011269282 
934 611 12 29 0.011266648 
719 296 9 27 0.011264035 
135 314 6 19 0.0112400185 
538 297 10 23 0.011233058 
355 369 4 12 0.011200886 
826 350 7 20 0.011195447 
907 509 15 34 0.011194086 
354 434 13 25 0.011138971 
926 276 10 21 0.011135947 
807 373 9 28 0.011130866 
716 746 14 21 0.011123529 
11 435 15 26 0.011089879 
339 371 4 11 0.0110848555 
792 311 11 26 0.01108195 
967 18 5 20 0.011065239 
311 122 8 24 0.010978568 
937 570 7 18 0.0109563675 
770 735 12 19 0.010949979 
996 750 13 18 0.010948109 
905 480 16 35 0.010913882 
343 451 96 116 0.01090515 
3 584 50 86 0.010900707 
887 47 6 14 0.010887061 
218 351 12 22 0.010884475 
158 365 10 21 0.010883673 
993 432 15 31 0.010868637 
411 364 11 20 0.0108677875 
439 454 8 15 0.010851298 
993 650 41 87 0.01084828 
144 400 8 21 0.010823638 
9 450 18 31 0.010796924 
996 407 17 37 0.010792246 
123 407 4 13 0.010784689 
334 -133 64 90 0.01077453 
724 413 7 24 0.010764919 
145 338 6 20 0.010764319 
856 597 16 34 0.01076306 
462 751 12 33 0.010756654 
1009 473 14 36 0.010752217 
1000 302 10 29 0.0106974 
719 627 11 33 0.0106862895 
987 669 12 29 0.010662114 
883 661 15 40 0.0106598595 
933 497 13 32 0.010657266 
337 111 6 19 0.010648019 
432 48 69 87 0.01064496 
450 480 10 21 0.010643659 
997 358 11 30 0.010621469 
383 468 19 23 0.010598299 
955 392 15 37 0.010596572 
912 380 12 29 0.010595642 
747 131 7 25 0.010594644 
723 367 6 20 0.010592414 
512 284 14 18 0.01058622 
920 469 14 30 0.010582649 
145 325 6 19 0.010582524 
349 451 12 22 0.010574399 
836 79 9 30 0.01056024 
220 -132 65 91 0.010549553 
99 408 4 15 0.010546827 
926 297 13 24 0.010516506 
135 497 97 119 0.010507955 
453 277 6 18 0.010480597 
529 443 6 22 0.010467999 
580 463 7 22 0.01044451 
902 129 8 23 0.010417523 
997 382 15 36 0.010379827 
216 172 13 46 0.010375282 
462 272 9 19 0.010370051 
973 667 13 31 0.010363626 
937 554 9 22 0.01035471 
-40 338 136 207 0.010350627 
936 443 11 22 0.010343633 
39 362 11 22 0.010336393 
590 378 8 19 0.010321448 
540 329 12 41 0.010313993 
123 379 5 20 0.010310903 
806 388 10 28 0.01030418 
744 759 12 25 0.010290205 
870 571 15 41 0.010284966 
280 564 16 26 0.010284956 
971 748 15 21 0.010283412 
209 420 9 14 0.010265399 
870 752 14 31 0.010252182 
1013 399 12 27 0.010244453 
799 79 7 25 0.0102349315 
712 732 22 24 0.010234585 
699 474 6 12 0.010231772 
548 93 14 28 0.01022837 
398 441 12 18 0.010214018 
207 344 8 10 0.010202099 
947 404 14 33 0.010192214 
453 411 8 26 0.01019155 
156 151 8 16 0.010181251 
440 289 6 17 0.010175477 
824 61 6 13 0.010173744 
449 468 9 18 0.010156907 
745 142 8 33 0.010153916 
170 353 11 17 0.010150443 
902 463 84 144 0.010133262 
545 431 5 20 0.010125435 
866 678 20 42 0.010111419 
847 64 38 102 0.010109032 
959 561 14 32 0.010069893 
547 88 85 128 0.0100597935 
908 43 9 25 0.010058719 
819 573 13 38 0.010049806 
169 169 8 24 0.010047824 
805 735 16 22 0.010023303 
555 451 6 26 0.010019217 
686 496 6 13 0.010018929 
313 389 6 21 0.010010159 
809 502 9 23 0.010005632 
