15_Stock_Market_Stock_Market_15_241
2341
126 342 74 84 0.99907637 
350 358 53 82 0.9990508 
565 376 56 83 0.9983627 
693 316 78 95 0.99760604 
1 503 12 28 0.29679066 
187 450 20 36 0.1615778 
483 396 17 33 0.14482225 
617 76 9 35 0.08031119 
473 296 14 32 0.07662786 
545 284 18 41 0.073292874 
637 423 13 34 0.071314946 
949 464 8 27 0.068343446 
767 367 17 39 0.06832946 
8 501 11 27 0.06827929 
359 479 27 30 0.064211085 
747 307 20 34 0.063740045 
935 440 8 20 0.0631926 
451 274 9 24 0.063107654 
638 120 13 26 0.062746964 
768 610 10 19 0.061970327 
538 453 14 23 0.060313016 
769 620 10 23 0.06028594 
626 79 10 30 0.059519574 
936 474 9 29 0.058943924 
482 417 18 43 0.058916602 
976 501 6 31 0.058661517 
774 377 16 39 0.058146108 
310 262 8 22 0.058020394 
650 142 17 39 0.057682 
977 489 6 28 0.056706987 
655 391 9 18 0.056383654 
845 268 14 33 0.055717263 
964 440 6 20 0.05451405 
999 58 8 21 0.054432854 
988 69 9 24 0.05427055 
963 475 7 31 0.054190714 
933 429 9 22 0.05289984 
990 490 6 24 0.05162599 
802 259 13 27 0.050850723 
25 -185 280 135 0.050260514 
481 131 15 33 0.050204974 
81 307 7 30 0.049637005 
745 103 10 28 0.04955238 
925 490 8 24 0.04946061 
629 69 9 24 0.049437884 
990 59 7 21 0.049371593 
998 69 8 22 0.049277093 
68 305 8 33 0.04885344 
963 499 8 37 0.0486814 
926 479 8 22 0.04794521 
744 303 16 21 0.04778734 
478 391 15 25 0.047688577 
807 621 10 22 0.047600612 
951 441 6 18 0.04697451 
784 622 8 20 0.04688078 
990 503 6 25 0.046853803 
799 108 8 17 0.046771985 
639 95 13 28 0.04629735 
831 634 9 21 0.04626077 
94 222 5 20 0.04613983 
758 246 9 24 0.045752514 
927 442 7 17 0.04570884 
950 487 9 35 0.045452278 
877 625 4 14 0.045380026 
493 190 15 33 0.04509538 
513 397 92 88 0.044902124 
991 477 6 24 0.044901174 
425 274 9 25 0.044666417 
721 277 87 108 0.04454208 
771 -199 243 186 0.044439707 
973 228 8 33 0.04435489 
461 275 9 23 0.044272397 
271 414 8 21 0.044240624 
320 356 16 39 0.04416334 
272 404 7 20 0.044134155 
935 453 8 20 0.043949757 
823 623 9 19 0.043863114 
636 137 19 44 0.043854088 
768 314 13 24 0.043818034 
403 193 17 32 0.04372029 
549 238 12 20 0.04352569 
977 466 5 24 0.043448582 
824 634 8 20 0.04343626 
530 611 6 20 0.043384243 
975 284 8 35 0.04331884 
849 405 6 16 0.043313757 
799 103 7 12 0.043239422 
69 334 7 27 0.04322667 
962 430 7 20 0.043053262 
1000 46 7 20 0.04303474 
992 466 5 22 0.042930864 
924 503 9 26 0.042879734 
987 280 10 36 0.042853497 
837 381 6 15 0.042515326 
451 79 10 26 0.042438094 
849 392 6 16 0.042396132 
746 625 7 15 0.042204734 
260 388 7 22 0.041908856 
-193 255 1070 1295 0.041701768 
850 380 5 15 0.04162196 
414 283 8 27 0.041426044 
462 81 9 21 0.041357126 
695 253 7 14 0.041274328 
837 392 6 16 0.041076206 
964 452 7 22 0.04096228 
1001 466 5 23 0.0408228 
769 262 8 18 0.040743865 
261 404 6 19 0.04032873 
666 66 12 25 0.040317453 
805 251 11 20 0.040041894 
641 58 9 19 0.03990003 
261 417 6 18 0.039735317 
486 383 10 16 0.039591562 
654 68 11 23 0.039571803 
83 221 6 24 0.039468147 
758 71 7 18 0.039379336 
115 447 12 26 0.039367054 
81 338 6 22 0.039115302 
642 68 9 21 0.038892068 
486 111 11 16 0.03881089 
248 326 7 22 0.03878047 
977 455 5 20 0.03875062 
603 90 10 33 0.038635083 
-48 656 309 304 0.03859597 
880 105 78 128 0.03851543 
873 117 10 34 0.038361095 
830 113 84 118 0.038343523 
204 485 16 40 0.038298555 
760 623 7 17 0.038167767 
650 270 12 24 0.038151894 
1000 413 7 25 0.038101904 
56 559 8 20 0.038027864 
308 282 12 34 0.03785889 
1001 491 5 22 0.037848767 
773 359 16 34 0.037825085 
971 87 11 44 0.037703216 
836 240 8 15 0.03767646 
758 260 9 21 0.037521888 
795 621 10 23 0.03743443 
80 280 8 36 0.037405234 
97 69 5 23 0.037355017 
754 106 10 25 0.037327554 
696 212 7 16 0.037327155 
315 122 16 24 0.037298165 
319 272 10 26 0.037240487 
258 325 7 24 0.037237402 
96 58 5 22 0.037208755 
438 327 157 167 0.037035868 
407 247 9 24 0.037033528 
198 439 16 27 0.036920838 
836 367 7 16 0.036896475 
259 96 6 18 0.036878143 
329 350 20 33 0.03682978 
909 118 10 29 0.036779955 
928 431 8 18 0.03676677 
824 227 7 15 0.03674723 
837 405 6 16 0.036742773 
998 81 7 22 0.036689263 
950 454 7 19 0.03654229 
848 415 8 20 0.036530282 
862 571 6 21 0.036496114 
975 71 8 23 0.036399804 
632 58 8 18 0.036397606 
794 426 10 25 0.036371414 
235 325 7 23 0.03636339 
493 389 15 26 0.036313336 
1 516 12 34 0.03625639 
233 336 8 24 0.036165994 
997 305 11 36 0.036158156 
511 128 13 36 0.036078602 
812 210 6 18 0.035989475 
246 337 8 22 0.03595644 
559 284 14 33 0.035946958 
888 366 7 16 0.03593654 
641 82 10 24 0.03591269 
769 273 9 24 0.035876486 
616 265 9 19 0.035849534 
587 354 15 23 0.03565715 
932 220 16 30 0.0356483 
808 108 8 19 0.03553348 
849 254 8 16 0.03551781 
257 378 8 21 0.0354605 
824 352 7 19 0.03545628 
318 284 11 32 0.03537607 
180 443 16 26 0.03531861 
80 231 8 32 0.035223853 
215 471 15 36 0.035204098 
483 120 14 24 0.03502325 
798 254 8 16 0.03499446 
662 388 14 25 0.034994137 
80 350 6 21 0.034976985 
972 301 13 49 0.03496278 
747 636 7 17 0.034918524 
902 419 5 16 0.034886207 
888 394 6 16 0.034788128 
249 313 6 20 0.034700233 
777 322 13 24 0.03466788 
203 432 12 19 0.03447467 
108 224 5 17 0.03445889 
962 414 8 21 0.03440053 
989 243 8 33 0.03434453 
758 636 7 17 0.034310494 
528 254 8 14 0.034237154 
890 627 4 11 0.034228627 
662 147 15 29 0.034227915 
865 637 5 14 0.034101248 
712 567 15 29 0.034087736 
308 250 9 20 0.03408401 
65 239 10 39 0.034054738 
352 156 6 24 0.03401893 
300 251 8 18 0.033917323 
820 109 12 25 0.033904165 
836 228 6 14 0.033872973 
855 261 12 23 0.033848498 
934 417 9 20 0.033806592 
742 258 13 28 0.033771995 
245 363 9 23 0.033769615 
748 69 7 22 0.0337488 
300 261 7 21 0.03372665 
549 317 12 29 0.03370518 
855 335 14 25 0.033632834 
810 226 7 16 0.03356195 
533 114 16 36 0.033542648 
809 437 9 26 0.033525553 
1000 440 6 25 0.03349211 
245 351 9 22 0.033469778 
605 70 7 22 0.033447117 
247 376 8 21 0.033446204 
94 311 6 23 0.03337874 
707 236 7 18 0.033377092 
548 274 13 27 0.033324014 
808 634 9 20 0.03324123 
358 260 11 25 0.03322191 
96 215 4 16 0.033201132 
529 597 6 22 0.033179525 
550 263 10 19 0.033173434 
16 300 7 22 0.033128906 
744 611 8 16 0.033123434 
621 61 5 15 0.033120014 
484 333 12 29 0.03301116 
769 599 9 17 0.032984897 
901 109 8 23 0.032937232 
15 260 8 24 0.032919902 
387 132 10 25 0.032916553 
634 107 10 24 0.03284947 
439 275 8 23 0.032840665 
473 312 15 39 0.032800477 
964 285 8 33 0.032791793 
423 209 11 23 0.03275491 
849 367 6 16 0.032748394 
249 300 6 20 0.032629598 
945 230 13 32 0.032482892 
231 466 10 22 0.03245286 
1002 505 5 23 0.032444697 
481 295 13 32 0.032444444 
601 356 11 19 0.03243805 
543 427 9 20 0.032432526 
885 107 9 26 0.032351524 
66 265 10 42 0.0323489 
360 281 9 23 0.032339707 
833 351 8 21 0.032286767 
756 115 10 31 0.032276813 
729 608 12 20 0.03226707 
990 440 6 23 0.032263156 
990 49 7 17 0.03224989 
16 313 6 22 0.032207552 
335 154 9 30 0.032196674 
527 118 13 28 0.032183412 
749 85 6 16 0.03215058 
479 111 9 16 0.032139294 
15 247 8 25 0.032114048 
890 589 4 13 0.032110874 
695 238 7 17 0.032107398 
16 287 7 23 0.032046597 
74 487 13 28 0.032019045 
964 217 9 33 0.03201681 
464 96 8 18 0.032012336 
546 419 6 18 0.03192016 
946 93 73 131 0.031908125 
79 254 9 39 0.031794228 
809 240 8 16 0.03172608 
990 222 6 26 0.031705547 
177 596 12 20 0.031692404 
15 273 7 24 0.031665023 
210 221 5 23 0.031651407 
401 244 10 28 0.031591997 
963 85 12 46 0.03156505 
616 286 8 23 0.031563 
642 270 12 25 0.031560987 
412 176 7 15 0.031526346 
18 455 6 18 0.031512585 
991 452 6 23 0.03144338 
613 367 11 20 0.031436067 
480 384 8 13 0.031369556 
936 500 9 33 0.03131435 
94 233 5 26 0.031275835 
606 115 9 30 0.031274125 
927 454 7 17 0.03127352 
233 350 8 22 0.031240495 
616 299 9 23 0.031238474 
408 188 11 19 0.031223513 
529 111 11 18 0.031206407 
898 283 10 29 0.031119272 
481 267 6 13 0.031077111 
515 254 8 14 0.031041414 
847 239 8 16 0.031003881 
600 365 14 24 0.03099277 
95 285 6 28 0.030985737 
707 226 7 17 0.030929571 
861 618 8 22 0.030905075 
563 122 13 44 0.030872913 
192 433 13 21 0.030855305 
997 280 11 37 0.030777108 
832 340 9 19 0.030769514 
693 263 9 19 0.030764356 
909 93 11 32 0.030732749 
939 152 6 13 0.030728985 
263 34 5 19 0.030723305 
936 169 8 21 0.03071868 
748 58 6 22 0.030685991 
542 240 9 16 0.030677218 
823 393 7 16 0.03067415 
733 623 9 18 0.030660775 
248 419 7 15 0.03065138 
271 392 7 19 0.030631334 
657 385 6 11 0.03058085 
549 124 13 40 0.030531976 
67 599 6 14 0.030529978 
442 239 7 16 0.030512905 
792 385 12 28 0.030512618 
861 416 7 19 0.030458003 
604 298 9 24 0.030455068 
888 381 6 14 0.030410502 
80 93 7 29 0.030394772 
889 575 5 14 0.03037623 
820 100 11 18 0.030359153 
437 368 8 16 0.030353915 
977 443 5 17 0.030341618 
915 494 5 17 0.030339582 
617 102 8 28 0.030272339 
824 340 8 18 0.030263333 
889 354 7 19 0.030193245 
451 268 7 15 0.030124282 
236 313 6 20 0.030116566 
989 91 8 31 0.030106192 
249 108 5 19 0.030076014 
783 633 9 22 0.030075066 
258 300 7 21 0.029997312 
955 151 5 13 0.029982988 
964 524 9 32 0.029964348 
569 86 19 40 0.029963808 
540 250 10 17 0.02996271 
448 294 11 28 0.029946366 
927 467 8 19 0.029907271 
343 247 13 23 0.029873304 
848 227 8 15 0.029852359 
68 361 8 24 0.02981278 
717 93 10 26 0.029802121 
259 261 6 21 0.029756444 
771 633 8 20 0.029751567 
260 105 6 22 0.029718842 
480 274 8 20 0.029691927 
783 612 8 16 0.029649429 
877 640 4 12 0.029621532 
653 79 12 25 0.029616304 
807 390 10 20 0.02959943 
258 313 7 22 0.029599138 
248 389 6 20 0.029586576 
1001 517 6 24 0.029584993 
903 430 5 17 0.029520119 
15 326 7 22 0.029515378 
975 528 8 26 0.029478643 
248 405 6 17 0.029465474 
705 569 13 26 0.029457329 
617 312 9 23 0.029444205 
708 215 6 12 0.029369406 
233 364 9 21 0.029346807 
422 91 11 28 0.029325325 
17 442 7 18 0.029314859 
786 102 6 11 0.029314209 
573 122 14 43 0.029289935 
95 326 6 19 0.02925011 
95 82 5 24 0.029202776 
350 273 9 21 0.029185075 
258 286 7 22 0.029172322 
964 70 9 26 0.029165396 
950 415 8 20 0.029152801 
263 48 5 19 0.029150818 
53 319 9 32 0.029142536 
901 405 5 15 0.029079698 
411 294 9 28 0.029075468 
927 419 8 16 0.029058147 
424 338 11 21 0.029054932 
999 338 8 23 0.02902255 
485 274 9 21 0.028986428 
487 267 7 15 0.028944282 
259 120 7 23 0.028903518 
531 626 6 15 0.028859004 
410 260 8 23 0.028837796 
936 159 8 18 0.028793892 
936 390 9 17 0.028779168 
962 150 6 15 0.02877236 
938 381 8 15 0.028708978 
529 583 6 20 0.028671252 
706 274 8 22 0.028667646 
260 250 5 20 0.028666833 
629 301 9 21 0.028659172 
876 586 6 18 0.028653206 
83 198 5 19 0.028642679 
526 263 10 19 0.028624915 
690 274 12 24 0.028602263 
796 210 8 19 0.028577095 
49 475 13 32 0.028557532 
362 248 10 23 0.028475739 
823 405 7 16 0.028460963 
261 88 5 14 0.028385442 
916 445 5 14 0.028367411 
233 377 8 20 0.028358988 
846 86 11 16 0.028343936 
977 61 6 17 0.028231628 
858 284 10 23 0.028223597 
849 352 8 19 0.028204976 
999 221 8 27 0.02820092 
412 310 10 24 0.028200613 
258 274 6 22 0.028168848 
744 129 10 30 0.028144069 
17 429 7 20 0.028137285 
882 117 10 31 0.028128646 
629 313 9 21 0.028127156 
236 302 5 19 0.028105304 
260 430 7 17 0.02809254 
748 238 8 17 0.028087623 
873 56 10 24 0.028073838 
654 339 8 19 0.028050158 
767 251 8 19 0.02804287 
333 133 10 23 0.028031461 
762 612 7 14 0.028002873 
465 296 11 28 0.027997473 
695 224 8 19 0.02797821 
650 92 13 27 0.027953934 
421 323 11 22 0.027943227 
577 354 14 24 0.027922705 
925 407 8 15 0.027849238 
466 109 7 18 0.027821068 
76 443 10 18 0.027807958 
515 265 9 16 0.02779996 
436 351 9 19 0.027798368 
914 484 6 15 0.027792323 
974 257 8 33 0.027785085 
79 363 7 21 0.027776558 
562 323 11 24 0.027713634 
837 416 7 18 0.027705973 
776 101 5 11 0.027678156 
886 226 9 21 0.027644033 
655 323 9 22 0.027642498 
650 106 12 27 0.027633514 
823 212 6 16 0.027614525 
1000 529 7 25 0.027604576 
1001 33 7 20 0.02759079 
250 121 5 19 0.02758046 
523 135 13 39 0.027573913 
65 559 6 19 0.027569478 
898 350 7 20 0.027559284 
319 262 10 21 0.027553324 
348 260 10 21 0.027495073 
857 348 12 25 0.02746515 
1 94 7 24 0.02745623 
250 287 5 20 0.027456107 
731 67 8 25 0.02744171 
498 172 11 25 0.027397867 
450 103 9 27 0.027397813 
513 239 8 17 0.027329614 
15 234 8 25 0.027326077 
657 314 8 20 0.027309138 
892 613 4 13 0.02729144 
448 240 8 16 0.027276883 
651 411 12 27 0.027275603 
962 158 7 21 0.027251368 
998 243 9 33 0.027189692 
271 429 8 19 0.027164835 
747 231 6 10 0.027162353 
845 73 10 15 0.027144643 
745 292 10 17 0.02713409 
95 95 6 26 0.027114512 
915 507 7 19 0.027105382 
110 287 5 23 0.027085615 
518 583 6 20 0.027085043 
888 416 6 22 0.027074778 
15 339 7 21 0.027073925 
793 415 10 22 0.027041363 
873 415 7 22 0.027032642 
450 366 8 17 0.027023176 
679 274 11 23 0.026966035 
951 431 7 19 0.02695168 
652 123 11 24 0.026946176 
75 451 12 23 0.026927354 
824 368 6 15 0.026894858 
925 392 8 15 0.026872111 
640 282 11 25 0.02686132 
211 215 4 15 0.026824906 
876 597 5 18 0.02681424 
989 127 8 29 0.026812125 
524 274 13 26 0.02680181 
425 176 7 14 0.026753385 
511 274 13 27 0.026751282 
833 560 9 17 0.026732255 
15 389 8 23 0.026689874 
932 243 16 28 0.02668527 
915 433 5 15 0.026678016 
374 121 10 20 0.026674083 
900 395 7 15 0.026669955 
435 341 10 18 0.026664265 
46 492 17 47 0.026663434 
831 621 10 22 0.026627833 
494 409 15 32 0.026587022 
320 377 15 40 0.026577834 
566 250 10 18 0.026566928 
540 263 10 19 0.026566342 
1018 70 8 20 0.026559208 
427 264 7 20 0.026557805 
336 295 10 28 0.026551653 
744 594 8 19 0.026547883 
730 130 10 30 0.026544074 
862 405 6 16 0.026542356 
681 266 9 15 0.026540933 
824 645 7 18 0.026532568 
911 133 8 24 0.026523653 
0 171 8 23 0.02650513 
94 200 5 16 0.026455613 
875 611 6 17 0.026445782 
367 245 12 27 0.026434086 
768 236 8 20 0.026425507 
589 296 11 28 0.026412887 
747 250 10 23 0.026386602 
1 119 7 24 0.026367765 
263 20 5 18 0.026336053 
144 287 7 21 0.026300544 
836 465 7 23 0.026289444 
0 132 8 24 0.026269507 
441 251 7 16 0.02626919 
821 441 8 22 0.026235137 
985 359 11 29 0.026221126 
178 607 11 19 0.026208993 
451 352 8 19 0.026190324 
960 360 10 22 0.02618228 
591 401 79 107 0.026177527 
949 406 8 17 0.026169414 
518 596 6 23 0.026139362 
350 168 8 28 0.02613124 
0 376 8 25 0.026098674 
321 114 10 13 0.026082335 
903 443 5 17 0.026079793 
440 265 6 16 0.026061362 
691 88 13 33 0.026040541 
121 251 5 20 0.026033767 
58 598 6 15 0.026027579 
849 339 10 21 0.026022557 
1 158 7 23 0.026015902 
848 570 9 23 0.025984636 
605 286 8 23 0.025977032 
251 96 4 18 0.02594714 
222 337 8 22 0.025934272 
270 115 9 31 0.025934216 
252 250 5 19 0.0259244 
964 59 7 18 0.02591313 
424 349 10 21 0.025899647 
731 114 10 30 0.025884708 
822 239 8 16 0.025880346 
232 457 9 16 0.02587669 
1017 58 9 21 0.025848124 
884 297 11 26 0.02583078 
349 284 9 22 0.025815763 
501 133 11 27 0.025717774 
887 401 6 20 0.025710417 
779 123 32 71 0.025707094 
427 161 6 17 0.02570481 
630 286 8 20 0.025703853 
42 487 10 32 0.02569856 
52 466 11 23 0.025697483 
729 592 12 26 0.025657983 
758 86 6 14 0.025634563 
129 -174 385 97 0.02560917 
874 364 7 18 0.02560883 
716 450 10 24 0.0255946 
862 581 8 25 0.025572851 
381 121 12 25 0.025571266 
54 291 9 38 0.025559274 
832 569 12 24 0.025557317 
757 101 7 16 0.025520267 
777 334 14 31 0.025518702 
309 129 14 27 0.025512572 
677 78 13 28 0.025480893 
667 274 10 21 0.025473824 
999 94 6 23 0.025466569 
244 478 10 25 0.025452655 
858 253 10 17 0.025446484 
667 266 9 16 0.02541865 
54 346 9 29 0.0254154 
665 136 11 22 0.025372827 
652 283 11 25 0.025351623 
256 364 9 23 0.025350744 
974 107 10 39 0.025321325 
337 216 7 15 0.025318401 
961 348 11 23 0.025290104 
629 274 9 19 0.025288306 
1017 7 8 19 0.0252849 
606 133 8 23 0.025267864 
782 274 9 22 0.025263434 
606 62 6 14 0.025245428 
0 184 8 24 0.02522161 
990 428 7 23 0.025214136 
515 122 9 20 0.025174405 
468 612 4 14 0.02516935 
899 273 8 23 0.02516868 
455 612 5 16 0.02516418 
858 86 11 17 0.02513853 
562 81 18 28 0.025134897 
398 161 7 19 0.025131963 
15 377 8 22 0.025107097 
65 217 9 34 0.025102206 
270 323 10 27 0.025100924 
964 257 8 30 0.025100838 
703 88 13 36 0.02509114 
871 351 10 23 0.025087489 
221 351 9 21 0.025051178 
1000 542 7 26 0.025043951 
437 222 9 20 0.025036622 
644 407 8 19 0.025031013 
824 381 6 14 0.025027324 
944 207 13 33 0.024995033 
963 305 12 42 0.024993395 
975 144 8 23 0.024992611 
436 210 10 21 0.024955178 
477 407 15 35 0.024954898 
733 104 10 27 0.024947237 
858 328 10 19 0.02493412 
923 529 7 22 0.02493379 
436 102 12 30 0.024928346 
0 197 8 24 0.024923934 
1001 390 7 24 0.024914056 
677 197 12 24 0.024875682 
692 118 11 25 0.024859823 
69 588 5 15 0.024858149 
911 149 8 21 0.024848463 
259 238 6 20 0.024846409 
83 71 6 24 0.024842028 
888 428 6 21 0.024840476 
977 127 7 28 0.024807664 
440 174 8 17 0.024804683 
900 94 8 23 0.024793664 
874 142 10 37 0.024775906 
860 297 9 23 0.02474666 
900 82 9 22 0.02473877 
795 268 12 27 0.024669604 
15 352 7 21 0.024657652 
836 250 9 17 0.024657339 
503 114 8 13 0.024641415 
987 303 10 37 0.02463808 
707 252 6 16 0.024636315 
94 161 6 21 0.024634827 
257 349 9 23 0.024626853 
782 288 9 20 0.024604233 
772 106 85 113 0.024596894 
65 465 12 24 0.02459375 
489 102 8 12 0.024591325 
733 96 8 18 0.024580311 
759 60 6 19 0.024577089 
234 405 7 16 0.024536312 
222 324 8 23 0.024503946 
720 307 9 14 0.024500359 
272 298 8 24 0.024471374 
16 402 7 22 0.024469163 
359 157 7 22 0.024443625 
18 469 5 17 0.024425738 
424 234 8 22 0.02441581 
605 261 9 21 0.024405293 
797 239 8 16 0.024399573 
94 246 7 28 0.024394289 
16 416 8 21 0.024388451 
707 264 7 20 0.024355672 
998 142 9 28 0.024338173 
245 488 12 28 0.024332674 
605 272 8 20 0.024329744 
578 158 10 25 0.024263663 
999 362 8 24 0.02424613 
907 80 13 27 0.024239304 
964 138 6 16 0.02422848 
946 55 11 22 0.024223903 
67 570 6 15 0.024210855 
870 299 10 22 0.024175867 
886 97 8 20 0.02416018 
478 368 9 17 0.024130732 
479 99 8 14 0.024112245 
888 47 6 17 0.024092762 
961 377 9 21 0.024085106 
910 -185 125 105 0.024079178 
15 172 8 22 0.024074638 
991 415 7 22 0.02405539 
683 254 7 12 0.024048427 
976 49 7 16 0.024044333 
877 380 5 14 0.024009546 
926 382 7 13 0.023983026 
796 315 8 18 0.023952192 
1000 375 7 26 0.023951143 
948 380 8 17 0.023949848 
541 83 11 20 0.023909576 
898 68 10 22 0.023896579 
427 368 7 16 0.02387269 
795 324 9 21 0.023870619 
643 325 10 20 0.023868656 
163 440 16 22 0.02385102 
797 224 7 18 0.023816358 
876 574 5 17 0.023814922 
283 414 9 22 0.02378117 
221 221 5 24 0.02377286 
15 365 8 21 0.023768088 
884 55 9 23 0.023760704 
936 406 9 17 0.023744926 
1 351 7 23 0.02373519 
212 202 4 13 0.023716364 
903 457 5 15 0.023704376 
899 56 9 22 0.023693465 
423 295 9 27 0.023679873 
540 275 11 24 0.023674788 
910 392 9 16 0.023656955 
426 378 7 17 0.023635404 
971 347 11 26 0.023632303 
132 561 5 13 0.023619868 
976 212 6 26 0.023611626 
223 300 6 20 0.023605691 
181 587 8 15 0.02359212 
1002 20 7 18 0.023591386 
514 351 9 19 0.023585582 
93 188 6 17 0.023569284 
1017 337 9 25 0.023559608 
300 273 7 23 0.023557324 
861 364 7 18 0.02355532 
860 591 9 30 0.023538161 
545 448 16 35 0.02351428 
732 82 7 20 0.023513436 
486 367 10 19 0.02350246 
835 88 10 13 0.023494877 
830 97 14 21 0.02349398 
863 562 5 14 0.023476295 
322 166 9 31 0.023475023 
284 85 10 17 0.02347148 
925 237 13 22 0.023454826 
720 81 8 23 0.02345428 
109 249 5 23 0.023430048 
514 366 8 18 0.023427675 
891 601 4 13 0.023424493 
345 293 11 31 0.023388488 
464 267 7 14 0.023380449 
411 351 9 20 0.023358656 
221 377 8 20 0.023345111 
863 392 5 16 0.023328453 
221 364 8 20 0.023324316 
575 295 12 30 0.02332248 
122 277 5 19 0.023320593 
1 326 7 24 0.023307145 
616 144 11 25 0.023290547 
540 97 11 17 0.023256004 
401 173 8 17 0.023252223 
207 378 9 20 0.023249594 
82 185 6 21 0.023241822 
863 380 5 15 0.023231551 
15 185 8 22 0.023222746 
676 68 11 23 0.023207601 
12 527 10 24 0.023162428 
914 420 6 14 0.023150029 
85 59 5 22 0.023145722 
394 133 10 24 0.023140995 
835 456 7 20 0.023136431 
272 311 8 25 0.023135373 
716 114 10 31 0.023135034 
899 262 9 21 0.023132984 
0 400 8 26 0.02313246 
360 146 7 20 0.023127265 
695 205 7 14 0.023111688 
519 609 7 23 0.023097768 
414 164 6 16 0.0230716 
89 488 11 26 0.023044089 
374 310 9 23 0.02303795 
16 160 7 20 0.023029977 
808 609 10 19 0.02302188 
448 250 8 17 0.022976192 
96 46 4 19 0.022956757 
56 585 7 16 0.022936791 
823 452 7 24 0.022925926 
965 110 8 33 0.022921922 
499 380 10 17 0.022899797 
899 365 7 17 0.022892058 
833 323 10 23 0.022889333 
862 426 7 22 0.022882707 
948 391 8 18 0.022848763 
270 379 8 18 0.022844292 
976 432 6 17 0.02282397 
67 453 11 20 0.022816444 
316 135 15 37 0.02280865 
786 213 6 14 0.02280511 
135 640 4 11 0.022800263 
1 82 8 23 0.022798568 
873 84 10 18 0.022771357 
822 431 7 17 0.022770371 
455 623 5 17 0.022761269 
212 191 4 12 0.022755891 
859 311 10 21 0.022752836 
209 390 8 19 0.0227476 
439 161 7 17 0.022746243 
412 339 9 20 0.02274047 
223 312 7 21 0.022735802 
575 249 13 21 0.022707524 
876 47 6 16 0.022700762 
27 91 9 28 0.022699814 
991 531 6 22 0.022649694 
529 242 8 14 0.02262164 
412 93 11 22 0.022618182 
935 180 9 23 0.022615137 
95 341 5 17 0.022613434 
808 379 9 17 0.022605546 
935 197 10 24 0.022592138 
27 559 10 18 0.022588601 
339 225 8 14 0.022580551 
849 636 7 15 0.022578051 
94 173 6 20 0.02257274 
972 358 12 29 0.022566367 
949 506 10 39 0.02255829 
523 342 88 94 0.022556314 
452 145 9 24 0.022546653 
756 291 11 19 0.02253175 
544 406 7 19 0.022531223 
834 646 7 17 0.022528924 
808 326 9 19 0.022526477 
1018 83 8 20 0.022525847 
251 86 4 15 0.02252096 
311 241 8 14 0.02251122 
886 69 8 20 0.022504775 
221 389 8 20 0.022504732 
384 323 10 23 0.02249187 
588 110 13 38 0.022488143 
467 626 5 14 0.022475494 
68 373 7 24 0.022464216 
564 260 12 21 0.022451848 
66 477 11 26 0.022443218 
106 598 8 15 0.022436133 
121 288 6 21 0.022392044 
720 239 6 14 0.02237404 
849 561 6 16 0.022367956 
398 493 10 19 0.022350442 
41 585 8 16 0.022350306 
922 121 9 24 0.02233635 
563 239 11 20 0.022324832 
617 356 8 16 0.022295862 
665 312 8 20 0.022269744 
886 85 8 18 0.022266474 
1 300 7 24 0.022224769 
834 271 13 30 0.022220371 
873 96 10 20 0.022219708 
258 226 5 18 0.0222074 
360 170 9 25 0.022201028 
52 239 11 38 0.022195417 
14 221 10 25 0.022193387 
281 93 12 22 0.022189142 
234 389 7 19 0.022183608 
1 273 7 25 0.022170113 
860 227 7 15 0.022164358 
906 66 14 26 0.022159439 
703 112 12 32 0.02215076 
414 322 10 22 0.02215022 
14 197 10 24 0.022131681 
476 85 9 16 0.022119632 
823 417 7 17 0.022094952 
94 148 6 22 0.022081811 
760 232 6 13 0.022051046 
634 419 8 23 0.022050314 
677 148 11 20 0.022045717 
110 275 5 22 0.022019539 
488 172 13 24 0.022016618 
451 132 8 24 0.02196647 
810 340 8 17 0.021966314 
783 422 11 29 0.02195064 
973 156 8 25 0.021948213 
857 96 12 19 0.021945624 
912 406 7 15 0.02193746 
244 468 9 19 0.021926863 
550 413 11 26 0.021910137 
767 331 15 32 0.021906419 
103 485 13 29 0.021903947 
531 641 4 13 0.021893676 
402 311 8 21 0.021869197 
818 272 13 27 0.021858755 
954 141 5 13 0.02185628 
438 294 10 29 0.021854898 
52 265 11 42 0.021854412 
877 392 6 16 0.021838712 
273 97 8 19 0.021820134 
465 367 8 17 0.021805355 
633 133 12 23 0.021799305 
901 382 6 14 0.021783087 
134 287 6 21 0.021759065 
551 81 15 25 0.021752317 
950 363 8 17 0.021747103 
235 419 7 14 0.021745946 
566 71 11 17 0.021735694 
568 354 10 22 0.021695327 
145 250 7 21 0.021657547 
171 464 13 22 0.021656264 
916 534 5 16 0.021643328 
1018 17 8 23 0.021640649 
80 119 7 30 0.021619141 
185 573 7 13 0.021616744 
783 304 8 16 0.021585595 
736 219 5 9 0.021582307 
667 383 8 15 0.021551752 
836 429 7 18 0.021541487 
437 480 9 21 0.021515394 
251 275 5 19 0.021512758 
926 136 6 17 0.021490589 
618 106 81 113 0.0214865 
0 220 9 27 0.021473136 
904 577 3 11 0.021439252 
915 457 6 14 0.021434778 
500 350 11 22 0.021433596 
693 134 10 21 0.021423254 
275 20 4 16 0.021421637 
761 599 7 14 0.021421082 
449 481 9 22 0.021418154 
784 264 8 17 0.021410929 
617 158 11 24 0.02139474 
247 432 7 14 0.021350618 
946 281 11 37 0.021348111 
530 102 8 12 0.021340108 
953 159 7 18 0.021337116 
644 337 9 20 0.021329643 
528 560 7 14 0.021327559 
132 550 4 12 0.021313693 
631 364 74 101 0.021306107 
773 110 6 17 0.021300122 
81 168 7 27 0.021266304 
410 482 8 15 0.021264764 
645 384 7 12 0.021262202 
385 312 9 21 0.021255951 
717 463 10 24 0.02124873 
798 611 8 18 0.021230258 
561 306 12 30 0.021228857 
900 341 7 19 0.021216555 
41 321 9 29 0.021207888 
986 337 10 24 0.021194382 
679 136 10 19 0.021187164 
886 286 9 22 0.021182578 
655 236 11 21 0.021181084 
654 251 11 19 0.021172194 
589 90 13 34 0.021167263 
464 401 10 24 0.02116437 
616 121 8 22 0.021158932 
640 298 10 22 0.021147573 
906 246 85 135 0.021145025 
896 224 10 23 0.02114208 
410 493 9 17 0.021131275 
606 146 8 20 0.021109046 
425 134 8 21 0.0211086 
860 239 8 15 0.021085577 
870 287 9 18 0.021075731 
69 444 9 16 0.021068998 
438 378 7 16 0.021058787 
556 379 9 21 0.021024644 
667 252 9 16 0.021020452 
423 117 10 25 0.021001942 
563 336 12 24 0.021000225 
440 134 7 21 0.021000002 
18 109 6 20 0.020989541 
1017 -1 7 15 0.020985287 
845 287 12 35 0.020981934 
198 222 5 21 0.02098065 
719 66 9 25 0.020979792 
16 146 7 21 0.020978922 
2 70 7 21 0.020965405 
884 252 9 17 0.020949764 
722 218 5 9 0.020943688 
220 404 8 18 0.020938866 
737 230 6 9 0.020936541 
252 238 5 19 0.020927997 
134 250 6 20 0.020922016 
223 288 6 20 0.020915423 
398 324 10 21 0.020891985 
911 335 10 23 0.020880966 
823 89 7 11 0.02086909 
769 303 9 18 0.02086662 
176 473 15 32 0.020859987 
1001 185 7 25 0.020849396 
528 569 7 20 0.0208488 
589 260 11 23 0.020846222 
273 262 6 20 0.020833828 
889 441 6 20 0.020826528 
263 74 5 14 0.020794813 
427 149 6 18 0.02078508 
390 158 8 20 0.020784557 
946 307 13 34 0.020762945 
259 441 9 17 0.020746788 
338 181 8 27 0.020741066 
17 121 7 21 0.02073116 
973 374 10 26 0.020714173 
747 217 6 11 0.020705678 
679 120 10 22 0.020685982 
518 571 6 17 0.020680819 
666 301 8 19 0.020663649 
924 223 13 25 0.020660803 
822 197 7 21 0.02065956 
528 350 8 20 0.020656535 
819 249 11 20 0.02064687 
909 259 12 24 0.020633426 
40 294 11 34 0.020623285 
122 265 5 20 0.020610206 
876 403 6 19 0.020598924 
704 66 10 25 0.020591421 
439 118 8 24 0.020581735 
909 283 10 28 0.020579388 
159 276 6 18 0.020568043 
774 216 5 11 0.020566035 
795 450 9 26 0.020559197 
503 236 9 19 0.020546038 
578 324 10 20 0.020534208 
873 250 10 19 0.020529572 
66 550 6 14 0.020528479 
67 91 7 32 0.020505378 
922 94 11 29 0.0204662 
246 444 8 15 0.020458557 
808 402 9 19 0.020449784 
637 205 17 28 0.020444058 
76 466 10 21 0.02044059 
630 369 8 14 0.02042397 
787 109 7 17 0.020423584 
665 236 10 19 0.02041321 
236 290 5 18 0.02038285 
758 271 9 23 0.020373074 
835 442 7 19 0.02036627 
568 364 12 24 0.020360097 
912 381 8 14 0.020313568 
515 340 8 18 0.02030488 
551 331 12 28 0.02027926 
976 544 7 22 0.020273983 
479 254 7 15 0.020258145 
999 119 7 24 0.02025769 
757 467 7 21 0.020251587 
374 113 9 15 0.020251445 
158 248 7 22 0.02023671 
94 545 6 15 0.02023049 
848 426 9 21 0.020227142 
756 477 8 23 0.020207858 
251 20 4 19 0.020203363 
272 274 7 22 0.020191276 
875 241 7 14 0.020178666 
198 191 5 12 0.02017681 
655 60 9 18 0.020174986 
975 415 7 20 0.020164784 
94 560 6 14 0.020162325 
504 252 8 15 0.020160837 
666 325 8 19 0.020160656 
900 48 7 17 0.020147936 
524 481 12 16 0.02014321 
408 213 12 29 0.020122388 
476 347 11 24 0.020112429 
706 287 8 20 0.020110514 
459 213 10 19 0.020104848 
924 545 6 21 0.02009585 
808 312 10 22 0.020094573 
852 137 140 208 0.02008962 
835 263 10 21 0.020078773 
40 348 10 27 0.020078206 
157 220 7 22 0.020076178 
67 195 8 26 0.02006212 
169 451 15 22 0.020060845 
451 210 12 22 0.020036612 
251 262 5 19 0.020032896 
439 149 7 18 0.02001477 
135 276 5 19 0.020007651 
641 313 9 21 0.019996308 
465 71 8 19 0.019991694 
589 341 12 21 0.019989764 
1017 44 9 23 0.019986263 
643 370 7 13 0.019970804 
822 327 9 21 0.019958688 
109 235 5 20 0.01995442 
608 51 4 10 0.019939622 
947 46 9 18 0.019937718 
859 116 13 33 0.01991238 
18 97 6 19 0.019911924 
915 562 5 16 0.019898532 
447 167 11 27 0.019896386 
146 276 6 19 0.019888138 
657 300 8 20 0.019887766 
425 391 8 18 0.01986816 
795 337 10 23 0.019852677 
627 389 10 22 0.019849548 
424 189 8 14 0.019825181 
109 46 4 17 0.019824564 
810 369 7 15 0.019817589 
27 309 10 28 0.019791698 
886 276 7 18 0.01977892 
323 343 11 20 0.019775849 
667 285 9 22 0.019764364 
499 217 11 25 0.019743098 
364 121 9 18 0.01970952 
79 376 7 21 0.019702269 
999 106 7 24 0.019676069 
717 131 10 28 0.019675283 
796 302 7 17 0.019671353 
567 155 9 25 0.01964715 
1018 362 8 26 0.019618874 
709 148 8 20 0.019614518 
364 134 7 18 0.019611407 
849 549 6 14 0.0196038 
158 287 7 20 0.019596962 
620 50 6 12 0.019589862 
645 392 8 16 0.019588273 
487 87 9 14 0.019581798 
501 366 9 19 0.019572252 
298 285 8 24 0.019569486 
836 75 8 13 0.019560635 
334 344 12 20 0.01956004 
199 214 4 17 0.019556494 
122 222 6 18 0.019549144 
208 300 8 21 0.019548805 
334 124 9 16 0.01954718 
16 561 8 18 0.019543165 
810 451 8 26 0.01954137 
963 35 7 14 0.019529458 
924 558 6 20 0.019525943 
1017 30 9 24 0.019524565 
682 239 8 16 0.019448034 
450 120 8 24 0.0194375 
709 467 7 21 0.019426163 
676 395 16 33 0.01941683 
504 502 20 33 0.019408518 
274 74 6 13 0.019406501 
158 563 6 12 0.019396989 
114 474 12 29 0.019387528 
16 133 7 22 0.019382797 
285 511 7 11 0.019372689 
79 434 8 14 0.019357745 
476 72 9 16 0.019337099 
301 242 7 14 0.019329546 
1004 9 6 14 0.019329218 
706 133 9 24 0.019323764 
109 299 6 21 0.01932375 
318 305 12 31 0.019320676 
1 247 8 27 0.019315835 
59 550 6 14 0.019311724 
462 238 10 17 0.019305406 
361 296 9 25 0.019303264 
275 35 4 19 0.019294927 
649 423 14 32 0.019287648 
709 207 6 11 0.019286986 
898 149 11 26 0.019271454 
553 70 10 18 0.019247945 
515 113 8 14 0.019240202 
914 575 5 15 0.01923836 
747 351 35 72 0.01923801 
17 571 8 21 0.019230437 
944 255 13 32 0.019219197 
736 239 6 13 0.019200744 
542 71 8 17 0.019190243 
710 444 9 21 0.019175554 
250 33 5 22 0.019167434 
14 543 10 22 0.019165426 
684 601 5 14 0.019148977 
833 549 7 14 0.019125056 
96 34 4 16 0.019123437 
209 288 7 20 0.019120155 
772 230 5 13 0.01911421 
437 310 10 23 0.019108145 
765 581 12 22 0.019078204 
846 617 9 24 0.019069344 
18 73 6 18 0.019063253 
439 187 8 16 0.019057913 
270 366 10 20 0.019047478 
939 141 6 13 0.019035293 
603 341 9 18 0.019025164 
18 85 6 18 0.019023 
761 218 5 11 0.019012561 
899 238 8 18 0.018989937 
524 289 14 41 0.018984882 
962 48 7 16 0.018981393 
903 486 5 12 0.018975249 
2 485 7 17 0.018969525 
912 248 11 21 0.018969206 
991 187 7 20 0.018961247 
95 122 5 24 0.01895178 
285 501 6 11 0.018944655 
462 221 10 19 0.018928753 
274 251 5 17 0.018910684 
400 483 7 13 0.018908365 
207 365 9 20 0.018907066 
146 639 5 12 0.018905234 
666 120 11 24 0.01889206 
168 476 15 30 0.018891433 
285 301 7 21 0.01888977 
885 262 9 20 0.018874925 
464 253 8 15 0.018867373 
721 229 6 11 0.018864365 
916 520 6 18 0.018864186 
283 427 9 21 0.018861204 
629 381 9 17 0.018859625 
180 634 9 17 0.018856786 
271 440 9 19 0.01884571 
810 355 7 16 0.018835187 
340 495 8 14 0.018833112 
904 589 4 10 0.018827137 
933 321 13 29 0.01882617 
287 277 6 19 0.018819917 
132 330 10 16 0.01881803 
426 251 7 18 0.018811418 
512 224 9 18 0.018808804 
643 352 8 17 0.018788416 
489 72 8 15 0.0187853 
786 226 7 15 0.018749932 
451 223 9 17 0.018724171 
220 419 8 15 0.018719763 
915 548 5 16 0.01871458 
145 221 6 20 0.01871392 
135 574 5 14 0.018705703 
374 299 9 20 0.018685767 
868 260 13 24 0.018674064 
104 461 11 26 0.018664226 
990 544 7 22 0.018660828 
552 399 12 29 0.018659754 
515 71 7 15 0.018653853 
656 370 7 13 0.018638767 
640 248 12 22 0.018636726 
17 60 6 18 0.01863604 
775 205 5 12 0.01862177 
991 199 6 21 0.018617414 
286 287 7 22 0.01859196 
409 469 10 16 0.018590342 
836 213 6 16 0.01858876 
719 145 10 26 0.018570298 
505 266 6 15 0.01855755 
41 596 9 19 0.01855727 
299 298 8 24 0.018545557 
170 248 8 22 0.018539248 
847 483 6 16 0.018537965 
890 640 4 11 0.018529473 
607 162 8 17 0.01852893 
397 503 11 21 0.018508906 
514 378 9 18 0.018504648 
950 169 8 22 0.01850143 
400 272 9 24 0.018489724 
43 569 9 17 0.018483957 
935 295 12 31 0.018474596 
528 341 8 18 0.018474521 
55 458 8 16 0.018465096 
911 238 11 20 0.018457973 
79 153 8 30 0.018442886 
439 81 8 22 0.018441675 
66 30 9 21 0.018437425 
422 199 10 19 0.018425075 
949 541 9 28 0.018413486 
731 305 13 15 0.01840926 
734 635 8 17 0.01840742 
403 300 8 20 0.018406034 
503 72 7 14 0.018405395 
543 321 9 23 0.018400807 
399 338 10 22 0.01839543 
577 341 12 20 0.018391293 
285 313 7 21 0.018372485 
255 495 8 20 0.018348439 
263 60 5 16 0.018328493 
632 50 6 14 0.018326096 
886 148 8 25 0.01832365 
170 221 6 22 0.018317629 
308 147 12 35 0.018309847 
784 451 9 24 0.01829733 
301 229 5 12 0.018292448 
436 326 10 19 0.018290468 
143 300 8 21 0.018288473 
538 349 9 22 0.018275721 
679 103 12 26 0.01826177 
827 106 16 30 0.018258117 
275 86 7 14 0.018234883 
357 470 15 17 0.018230217 
294 96 12 19 0.018226966 
334 245 16 26 0.01822298 
348 121 9 17 0.018221332 
197 276 7 19 0.01821996 
1017 310 9 29 0.018216971 
503 276 10 20 0.018214643 
548 164 12 32 0.01819051 
900 253 8 17 0.018176908 
911 364 9 18 0.0181653 
656 351 7 17 0.018133003 
502 338 9 21 0.018124526 
375 130 10 23 0.018115211 
889 343 7 16 0.018113762 
109 176 5 15 0.01810546 
820 102 33 78 0.01809476 
768 549 8 16 0.018093847 
145 599 6 15 0.018086908 
589 325 10 21 0.018075855 
67 610 7 18 0.01807512 
844 96 13 19 0.018057737 
963 390 8 20 0.018056935 
0 427 8 24 0.018048733 
463 351 8 19 0.01803591 
27 426 10 23 0.018034985 
935 122 9 22 0.018001484 
589 161 9 20 0.017996987 
106 451 12 24 0.017983599 
920 322 13 28 0.017966934 
233 446 8 13 0.017960338 
745 583 9 20 0.017959395 
461 407 93 107 0.017957462 
1 469 7 20 0.017945953 
95 136 5 22 0.017940637 
576 200 11 21 0.017939359 
674 159 13 23 0.017939249 
143 318 9 17 0.017937526 
336 113 8 13 0.017937323 
171 276 7 18 0.017920885 
501 157 10 25 0.017919578 
990 390 7 22 0.017911019 
463 132 11 25 0.017910799 
630 354 8 16 0.017903062 
758 646 8 20 0.017896306 
837 480 8 22 0.017883947 
1002 626 4 14 0.017882323 
251 224 5 19 0.017846366 
795 285 9 22 0.017844576 
101 676 374 285 0.017832821 
245 456 8 15 0.017819187 
199 202 4 13 0.017808143 
847 579 10 29 0.017790161 
823 571 9 17 0.017786339 
207 419 9 16 0.017766522 
275 49 5 17 0.017761422 
708 307 8 15 0.017749472 
813 201 6 17 0.017748306 
44 468 8 19 0.017744375 
939 366 7 15 0.017728701 
520 490 15 22 0.017715892 
757 451 8 23 0.017714238 
109 263 6 22 0.017710607 
426 482 8 17 0.017705852 
339 484 8 14 0.017699013 
975 35 7 14 0.017691115 
539 336 10 23 0.017685015 
870 274 10 20 0.01767017 
786 202 7 14 0.017661888 
575 237 13 21 0.01764314 
283 324 10 24 0.017629419 
590 142 10 28 0.017624382 
531 88 7 15 0.01761059 
178 620 11 20 0.01760307 
83 590 5 11 0.01760078 
208 311 8 22 0.017597307 
576 71 10 17 0.017591875 
503 122 8 16 0.017571533 
454 600 5 16 0.017566282 
131 221 7 20 0.017563432 
795 351 9 22 0.01755035 
208 352 9 21 0.017547857 
793 122 12 28 0.017536886 
370 237 12 22 0.01750039 
848 469 6 18 0.017489782 
617 246 8 21 0.017466905 
860 73 10 15 0.017455222 
196 601 6 12 0.017447911 
808 417 9 18 0.017433496 
107 59 5 19 0.017428441 
764 554 13 25 0.017421788 
965 554 8 24 0.017405804 
437 391 8 18 0.017399877 
934 54 14 23 0.01739678 
135 627 4 11 0.017390715 
527 365 8 19 0.017377682 
179 431 12 18 0.017371774 
28 336 9 25 0.017358908 
488 255 8 15 0.017347233 
53 216 11 35 0.0173446 
269 348 10 25 0.017341884 
302 688 366 268 0.017340772 
424 82 8 20 0.017328521 
28 71 9 23 0.017316286 
871 329 8 15 0.017316137 
349 113 8 14 0.017310629 
823 561 9 15 0.017307952 
639 231 12 27 0.01729434 
736 262 9 22 0.017274002 
338 506 10 18 0.01726502 
921 206 14 29 0.017249389 
617 339 8 18 0.01724147 
513 168 10 25 0.01722932 
888 563 5 14 0.017222574 
874 439 7 22 0.01721941 
42 512 10 26 0.017215641 
717 607 13 21 0.017213222 
335 258 11 21 0.017211746 
451 380 7 15 0.017186541 
1000 170 8 26 0.017180726 
250 47 5 21 0.017179197 
123 450 14 24 0.017170375 
38 90 9 32 0.017164364 
819 515 12 25 0.017146235 
53 371 9 29 0.017132878 
38 370 11 32 0.017119618 
28 441 8 20 0.017103361 
309 302 13 34 0.017086864 
120 639 6 12 0.017079651 
604 325 10 20 0.017076734 
27 283 10 30 0.017071135 
1019 96 7 21 0.017032513 
26 568 11 21 0.01702158 
988 155 9 26 0.017005663 
92 479 9 20 0.016980214 
484 152 14 28 0.016976902 
285 75 8 13 0.016968424 
515 87 7 14 0.016961657 
848 326 9 20 0.016956784 
184 276 7 19 0.01694842 
197 586 6 14 0.016936915 
66 533 8 18 0.016929064 
762 205 5 14 0.016926223 
811 91 6 10 0.016915135 
977 572 7 16 0.016904179 
437 201 9 17 0.016899617 
465 121 8 21 0.016897194 
722 205 5 11 0.016896052 
771 540 6 13 0.016894124 
728 349 82 108 0.016892677 
396 122 10 21 0.016892646 
2 57 7 22 0.016877906 
1 690 78 97 0.016866455 
900 133 9 26 0.016864778 
381 490 13 20 0.016848609 
976 404 7 20 0.01683893 
900 311 9 25 0.01683589 
902 328 7 18 0.016835248 
888 131 34 83 0.016833767 
124 549 5 13 0.016828945 
369 271 11 26 0.016825268 
296 85 10 16 0.016824985 
976 557 7 19 0.016811322 
67 386 8 24 0.016807128 
411 366 8 20 0.0168033 
385 231 12 27 0.016800985 
55 608 9 21 0.016798481 
196 288 8 20 0.016791772 
385 111 8 16 0.01679119 
229 483 13 34 0.01678487 
611 377 14 23 0.016766919 
832 304 13 33 0.016764594 
121 300 6 20 0.016753647 
887 312 8 21 0.016748212 
903 497 5 13 0.016742952 
221 203 4 12 0.01670779 
564 129 97 125 0.016703365 
719 292 8 16 0.016696364 
297 339 10 22 0.016671713 
207 324 9 21 0.016660992 
863 439 7 20 0.016658586 
282 107 10 24 0.016658133 
187 567 6 11 0.016655324 
820 123 14 41 0.016651122 
532 447 8 14 0.016624471 
551 101 15 29 0.016623015 
413 134 8 19 0.016619327 
951 36 7 13 0.01661236 
160 495 23 37 0.016588332 
666 340 8 17 0.01658319 
870 339 10 21 0.016582917 
320 248 13 22 0.016580446 
95 353 6 18 0.0165768 
747 465 8 22 0.016575066 
850 534 6 14 0.016567256 
40 242 12 35 0.016565936 
908 222 12 25 0.016565703 
371 320 13 28 0.016552074 
537 469 14 25 0.016545285 
830 577 16 33 0.016518245 
990 36 7 15 0.01651695 
220 215 5 16 0.016515067 
195 564 6 13 0.016508624 
716 476 10 24 0.01650373 
507 271 84 113 0.01650125 
363 113 8 15 0.016490797 
132 300 7 21 0.016483327 
614 419 14 30 0.016476713 
825 549 7 14 0.016468462 
562 95 18 40 0.016463798 
562 207 13 23 0.016463516 
761 556 9 19 0.016461935 
734 293 8 15 0.01644867 
403 188 9 17 0.016425313 
343 352 18 27 0.01641556 
133 318 7 16 0.016392604 
158 264 7 19 0.016390735 
543 613 5 15 0.016382627 
196 300 8 20 0.016377602 
1 454 7 22 0.016377402 
671 676 359 261 0.016372934 
718 560 8 19 0.016368112 
533 456 9 16 0.016363263 
358 461 12 14 0.016360613 
309 165 9 29 0.016357083 
56 535 8 18 0.016349474 
629 338 9 19 0.016348377 
697 318 8 15 0.016322665 
369 456 13 16 0.016308594 
109 314 5 18 0.016299207 
197 235 6 22 0.01629874 
823 533 9 18 0.016288964 
729 451 10 25 0.016287811 
800 92 6 9 0.016276315 
903 565 4 12 0.016243458 
274 62 6 13 0.01623587 
530 70 7 16 0.016234802 
577 269 12 26 0.01620795 
463 319 12 30 0.016202439 
142 534 8 16 0.016199796 
604 172 11 20 0.016183674 
911 348 10 23 0.016178824 
554 351 9 22 0.016152496 
937 545 8 22 0.016146548 
719 274 7 20 0.01614638 
126 462 15 26 0.016146176 
682 299 8 20 0.016143562 
662 474 13 25 0.016139481 
14 581 11 30 0.016137958 
576 223 13 23 0.016123679 
772 73 6 15 0.016111692 
281 335 12 28 0.016065205 
704 623 13 19 0.016056215 
124 561 5 13 0.016037062 
1 441 7 23 0.016013632 
890 457 5 16 0.016012173 
538 132 14 41 0.016005391 
509 285 17 47 0.01599151 
946 67 13 30 0.015987685 
52 101 10 36 0.015987677 
345 507 12 18 0.015986357 
349 468 12 16 0.015978964 
628 139 17 37 0.015970103 
297 413 9 22 0.015967533 
685 613 5 14 0.015966708 
287 262 6 19 0.015901837 
889 330 6 14 0.015900496 
313 229 6 12 0.015898935 
709 158 10 22 0.015895639 
40 267 11 38 0.015877211 
218 433 9 14 0.015876295 
925 178 9 25 0.015870247 
719 263 8 20 0.015856087 
564 224 11 21 0.015856013 
741 153 12 32 0.015843175 
811 519 9 19 0.015834961 
271 453 9 19 0.015834672 
1018 442 6 22 0.015833259 
321 101 10 14 0.015828535 
447 182 12 24 0.015828505 
965 637 5 13 0.015824925 
809 296 10 25 0.015811281 
684 330 7 16 0.015802618 
134 264 6 20 0.015799005 
284 440 9 19 0.01579532 
542 303 11 31 0.015793825 
425 470 9 16 0.015773818 
1000 595 7 19 0.01576572 
402 286 8 22 0.01576097 
694 302 8 17 0.015759528 
197 611 7 13 0.015753834 
613 179 16 29 0.015753036 
786 239 7 16 0.015752118 
807 280 13 30 0.0157368 
258 482 8 18 0.015734414 
594 62 6 12 0.015723467 
184 235 6 22 0.015698316 
923 196 10 24 0.015688969 
76 513 12 25 0.015686296 
145 264 7 20 0.015674882 
528 378 7 18 0.01567265 
467 640 4 11 0.015660707 
601 183 16 27 0.015648775 
694 68 9 21 0.015642473 
109 35 4 16 0.015635472 
824 78 6 11 0.01563008 
171 263 7 19 0.015628954 
208 339 9 20 0.015625097 
904 472 4 12 0.015619415 
653 221 11 22 0.015618733 
173 575 6 12 0.015617147 
1018 428 7 23 0.01561196 
259 455 8 16 0.015610084 
666 108 11 23 0.015604194 
79 387 8 24 0.015600413 
324 357 28 61 0.015596665 
347 216 8 16 0.01559633 
975 389 8 21 0.015595165 
116 502 11 26 0.015567358 
43 457 7 17 0.015550421 
148 652 4 10 0.015547837 
512 211 10 19 0.015543932 
413 84 8 17 0.0155437505 
1019 491 7 25 0.015540132 
135 598 5 13 0.015535669 
336 328 9 19 0.015533742 
16 485 7 16 0.015521379 
845 494 8 20 0.015511766 
850 212 7 16 0.015510775 
398 108 9 18 0.015508555 
117 519 10 18 0.015500235 
844 505 11 25 0.015497804 
26 545 10 20 0.015472072 
758 142 9 26 0.015451311 
437 404 8 18 0.015430188 
90 455 10 20 0.015425711 
964 25 6 12 0.015425219 
81 530 9 19 0.015417024 
449 199 12 23 0.015416471 
771 468 7 20 0.015415613 
875 228 8 16 0.015402417 
94 20 5 15 0.015382912 
53 17 11 16 0.015368278 
503 102 7 11 0.015366064 
950 122 8 21 0.015360279 
1001 665 6 12 0.015356342 
259 468 8 17 0.015353083 
425 404 8 18 0.015345919 
399 472 8 14 0.01534586 
464 335 10 23 0.015331544 
451 342 8 18 0.0153258005 
544 598 6 18 0.015320072 
936 526 8 26 0.01530552 
589 249 11 21 0.015288541 
502 284 12 29 0.015286518 
284 392 8 18 0.015283998 
310 340 9 20 0.015282671 
529 323 8 20 0.0152755035 
847 61 8 15 0.015267658 
452 393 8 17 0.0152493445 
1018 376 8 25 0.0152369905 
903 629 4 9 0.015229774 
911 47 9 18 0.015228572 
503 87 7 13 0.015224211 
877 562 5 14 0.015221308 
875 454 7 20 0.015218978 
184 222 5 20 0.015216191 
1000 570 7 20 0.015216034 
520 624 6 18 0.015214849 
209 234 6 23 0.015209634 
409 455 11 18 0.015207177 
616 233 11 24 0.015189841 
437 470 8 17 0.015187879 
172 567 5 10 0.015171014 
785 253 8 16 0.0151668545 
1000 583 7 19 0.0151665835 
235 226 5 18 0.015165943 
1004 0 5 12 0.015164547 
732 465 9 22 0.015159948 
116 598 8 15 0.015153298 
170 287 9 21 0.0151401535 
669 368 8 16 0.015132967 
908 156 12 32 0.015128539 
811 134 8 23 0.015123056 
859 211 8 18 0.015121109 
556 367 8 20 0.015115039 
1019 478 6 24 0.015113187 
336 274 10 21 0.015108177 
924 60 36 85 0.015099709 
414 149 7 18 0.015089442 
1018 415 7 22 0.0150876725 
466 383 7 13 0.015078995 
109 189 5 14 0.015072239 
66 117 8 33 0.015058844 
151 449 17 23 0.015058704 
343 223 11 18 0.015049146 
296 425 10 22 0.015031647 
135 586 5 13 0.015019447 
324 214 8 16 0.015016257 
990 171 8 22 0.015001391 
475 234 10 20 0.014998692 
760 570 8 19 0.014988636 
922 297 12 29 0.014965169 
668 353 7 17 0.014962062 
681 223 10 19 0.014953588 
412 121 9 21 0.014946454 
720 251 7 16 0.014944965 
105 610 9 14 0.0149367545 
84 601 4 11 0.014931733 
618 211 84 115 0.0149279935 
311 184 8 21 0.014927903 
184 248 7 23 0.014921495 
505 586 7 18 0.014910917 
336 197 9 24 0.01490754 
425 442 8 17 0.014904291 
144 587 6 14 0.014896284 
915 471 5 14 0.014884016 
936 105 10 28 0.014880072 
156 300 9 20 0.014876034 
195 312 9 21 0.014873588 
682 377 11 22 0.01486853 
300 218 5 12 0.014863446 
812 536 7 14 0.014862679 
409 412 11 25 0.014856166 
667 223 10 20 0.014841929 
922 257 14 26 0.01483066 
758 509 7 17 0.014815987 
93 466 8 20 0.014814394 
38 415 10 23 0.014811811 
1019 108 7 22 0.014803882 
717 623 11 18 0.0148029225 
502 322 10 25 0.014801072 
922 80 12 24 0.014789008 
770 452 8 22 0.014788924 
604 250 10 20 0.014776965 
234 433 8 14 0.014770363 
524 168 11 28 0.014760346 
27 243 11 32 0.014752167 
94 389 9 24 0.014743818 
365 500 19 25 0.0147428615 
0 -174 104 135 0.014739606 
372 286 9 22 0.014712526 
581 64 5 11 0.0147088105 
512 186 10 22 0.014701168 
937 46 9 16 0.01467169 
761 185 7 20 0.014669926 
950 350 10 22 0.014655542 
121 626 6 11 0.0146396225 
96 577 5 12 0.014631006 
706 610 11 19 0.014621853 
849 455 6 18 0.014620829 
121 236 5 19 0.01461668 
194 325 10 20 0.014614146 
747 645 8 21 0.014605552 
978 586 7 15 0.014602928 
760 582 9 19 0.014601029 
775 91 6 11 0.014599747 
332 287 78 109 0.0145885 
989 556 7 20 0.014587815 
154 548 7 13 0.014586925 
208 403 9 19 0.014580962 
1019 505 7 24 0.014576249 
134 614 5 11 0.01457392 
43 560 8 17 0.014572106 
849 440 7 19 0.014564952 
834 533 8 18 0.0145647945 
83 32 5 17 0.014559587 
28 361 10 27 0.014558343 
84 46 5 20 0.014540102 
644 123 37 66 0.01453819 
889 38 4 13 0.014532863 
250 73 5 16 0.014517559 
424 415 9 19 0.01451043 
183 288 9 20 0.014506225 
768 403 13 34 0.014498369 
727 435 13 28 0.014498306 
589 173 9 18 0.01449614 
1002 608 5 17 0.014486224 
516 103 7 11 0.014485687 
1 558 10 23 0.014485543 
68 434 8 15 0.01444885 
995 694 15 35 0.014448315 
319 400 17 41 0.014445775 
452 415 9 19 0.014429071 
286 486 7 14 0.0144254565 
311 398 10 29 0.0143960705 
552 229 9 16 0.014394068 
878 651 4 11 0.0143905515 
786 92 6 10 0.014377571 
734 272 9 21 0.014371842 
902 512 5 12 0.014371761 
629 246 10 23 0.014359757 
929 151 6 14 0.014344001 
352 74 6 12 0.014341688 
425 457 9 15 0.014341626 
29 454 7 19 0.014339982 
284 454 9 18 0.014334942 
184 647 6 15 0.014334261 
146 626 5 12 0.014323129 
109 576 6 13 0.014315585 
667 91 11 25 0.014313534 
975 24 7 13 0.014312969 
425 491 9 19 0.014309927 
910 311 11 26 0.014292457 
939 36 6 13 0.0142866 
770 479 7 20 0.014282256 
195 572 6 16 0.014265516 
735 252 7 16 0.014249667 
656 476 10 21 0.014242663 
452 469 8 16 0.0142368805 
589 199 13 24 0.014226931 
323 326 9 20 0.014185538 
144 546 6 15 0.014180676 
810 646 7 19 0.014163914 
41 442 9 18 0.014162442 
219 456 9 18 0.01415274 
542 380 7 17 0.014143548 
26 166 12 32 0.014141447 
728 151 14 36 0.014129394 
183 300 9 21 0.014117317 
145 234 7 21 0.014116912 
460 150 13 31 0.0141145615 
1018 453 7 24 0.014097256 
56 444 8 16 0.014087734 
298 484 8 15 0.014079147 
122 331 7 14 0.014067157 
39 428 10 21 0.01405362 
95 366 7 19 0.014049671 
936 350 10 22 0.014037812 
834 514 12 25 0.014016985 
514 323 9 22 0.01401124 
29 468 7 18 0.014009883 
274 239 6 16 0.014009186 
641 461 14 32 0.014006668 
576 350 34 51 0.013994885 
722 525 5 12 0.013980838 
822 464 8 25 0.013976403 
347 195 9 24 0.013971409 
952 638 6 11 0.013966319 
309 100 10 14 0.013960732 
107 626 7 11 0.013946802 
334 -180 386 103 0.013938529 
172 609 10 16 0.0139165055 
283 379 9 18 0.013907525 
397 409 12 26 0.013893198 
91 533 9 17 0.0138922585 
288 252 6 17 0.013890441 
53 29 11 24 0.0138865495 
920 56 13 22 0.0138854245 
26 580 12 27 0.013877176 
627 182 13 26 0.013852838 
41 19 9 15 0.0138402255 
219 445 9 15 0.013838353 
397 456 11 17 0.013838168 
694 148 9 18 0.013837011 
852 650 4 12 0.013824777 
82 546 7 16 0.0138114495 
746 452 8 23 0.013808118 
26 384 12 30 0.013788795 
83 576 4 13 0.013761684 
38 164 12 35 0.013761516 
107 589 7 13 0.013752807 
156 316 10 18 0.0137273995 
385 301 8 19 0.013711276 
861 61 8 15 0.013695829 
859 126 31 95 0.013693007 
82 560 6 15 0.013646837 
106 429 10 20 0.013630616 
121 341 9 17 0.0136298835 
936 280 37 83 0.0136196185 
25 531 10 22 0.013610172 
116 426 13 25 0.013608592 
352 85 7 16 0.013605858 
350 100 7 13 0.013601156 
348 490 15 21 0.013598923 
1018 557 6 21 0.013598795 
1001 677 7 13 0.013597817 
121 317 6 15 0.013588546 
811 550 7 12 0.013586898 
707 492 9 19 0.013582666 
362 86 7 15 0.013576765 
170 234 7 22 0.013571191 
420 351 74 98 0.013570062 
62 494 17 41 0.013567343 
890 651 4 11 0.013564458 
925 366 8 16 0.013560159 
349 133 7 20 0.013556128 
467 600 5 15 0.013554522 
708 317 11 19 0.013553451 
310 483 9 16 0.013552162 
978 202 6 20 0.013547394 
758 158 8 23 0.013545142 
67 17 8 17 0.013544606 
133 538 6 12 0.013518942 
482 441 15 32 0.01349735 
496 435 12 26 0.013479508 
1018 545 7 21 0.013474171 
987 585 7 16 0.01345042 
735 203 7 14 0.013438456 
656 489 10 19 0.013436697 
298 311 9 22 0.013414725 
196 249 7 23 0.013414239 
146 612 6 13 0.013404196 
2 46 7 21 0.013394337 
386 505 11 18 0.013385643 
941 209 74 123 0.01338492 
16 48 6 17 0.01338276 
1018 391 7 23 0.013371219 
108 640 7 10 0.013359157 
287 228 6 13 0.013357071 
989 572 6 16 0.0133492425 
582 307 80 98 0.013347134 
683 365 9 21 0.013346951 
96 590 6 10 0.013342111 
2 540 9 26 0.013303 
122 575 5 13 0.013302323 
1018 597 6 18 0.013276162 
565 536 10 16 0.013262277 
277 499 6 12 0.013258582 
593 70 8 18 0.0132546155 
568 63 6 12 0.01324565 
946 85 13 38 0.013244043 
540 163 13 33 0.013236928 
928 162 6 18 0.013231223 
837 493 9 22 0.01323084 
864 484 5 13 0.01323016 
812 121 8 22 0.013229979 
410 441 11 20 0.013217982 
119 534 7 14 0.013209028 
682 314 8 18 0.013199257 
154 530 10 19 0.013175466 
37 397 12 28 0.013172088 
716 589 15 29 0.013164849 
119 611 7 13 0.013162428 
913 586 6 15 0.0131620355 
795 366 9 20 0.013160766 
1002 652 5 12 0.013158749 
539 365 8 18 0.013131519 
91 444 9 16 0.013130077 
297 326 9 21 0.01311495 
696 456 8 18 0.013102686 
1018 517 7 24 0.013102477 
170 300 9 20 0.013090391 
108 70 5 20 0.013090213 
717 489 10 21 0.01308605 
108 20 5 15 0.013078243 
513 415 12 21 0.013069801 
1018 184 7 25 0.013063726 
934 267 14 33 0.013055011 
157 233 7 22 0.01304966 
771 521 7 17 0.013044791 
544 395 6 17 0.013043637 
26 115 10 31 0.013043612 
866 650 4 12 0.013035216 
826 666 5 12 0.013030475 
106 518 10 21 0.0130207725 
819 290 14 34 0.013011607 
23 194 14 29 0.01300592 
298 392 8 20 0.013004004 
67 400 8 23 0.013003447 
298 471 7 14 0.0129984915 
642 50 8 14 0.0129890805 
745 179 177 197 0.012983934 
169 635 10 16 0.012971522 
598 193 21 35 0.012971425 
530 466 12 18 0.012965651 
193 419 10 18 0.012962746 
453 72 8 19 0.012957903 
474 463 12 20 0.012957427 
544 585 7 17 0.012942439 
40 31 10 21 0.01293252 
39 115 10 33 0.01292228 
39 11 10 15 0.0129190795 
184 263 7 19 0.012916619 
795 198 8 19 0.012916229 
65 164 10 35 0.01290797 
367 474 14 15 0.012896171 
664 409 14 29 0.012893706 
221 191 5 11 0.012879513 
553 561 12 14 0.012875075 
1019 609 6 19 0.0128659895 
606 -179 346 103 0.012865116 
81 18 7 16 0.012860068 
312 114 9 13 0.012832759 
386 274 9 21 0.012830342 
285 469 8 17 0.012815602 
953 25 5 11 0.012792682 
547 96 26 64 0.0127882445 
362 99 8 14 0.012787991 
26 519 10 20 0.0127861 
904 601 4 11 0.012779746 
295 111 10 16 0.012777979 
313 377 9 25 0.0127767855 
174 587 8 14 0.012761452 
438 458 8 15 0.012757218 
53 415 9 20 0.012743784 
54 431 9 17 0.012743028 
488 233 10 21 0.012723678 
863 48 5 12 0.012714289 
169 623 10 16 0.01271268 
513 390 10 20 0.012712399 
863 454 7 18 0.012705912 
977 638 5 13 0.012701015 
53 193 12 32 0.012698809 
109 203 5 12 0.0126911765 
860 139 13 40 0.012684947 
518 560 6 14 0.0126725435 
282 364 10 22 0.0126696965 
565 170 9 22 0.012658541 
348 325 10 21 0.012649658 
108 353 8 19 0.012647665 
901 549 4 12 0.012641068 
502 303 12 32 0.012636165 
96 600 7 12 0.012620124 
850 49 5 12 0.012619143 
964 567 9 23 0.012611849 
271 466 8 19 0.012610942 
24 11 13 16 0.012596041 
903 615 4 10 0.012587201 
876 469 6 16 0.012587083 
512 493 15 20 0.012563777 
760 170 8 22 0.012563138 
763 540 5 11 0.012547637 
182 313 10 20 0.012507587 
324 563 7 9 0.012501104 
310 457 8 16 0.012497613 
612 204 16 29 0.012491918 
53 399 9 24 0.012490905 
374 171 10 23 0.012489094 
528 392 8 17 0.012486248 
624 195 18 30 0.012482263 
274 483 6 16 0.012478912 
965 652 5 12 0.012474788 
424 429 9 18 0.012465176 
30 494 6 18 0.0124547845 
384 98 9 16 0.012438673 
1002 636 5 15 0.01243821 
350 461 10 15 0.012423792 
108 217 5 13 0.01241686 
456 639 5 13 0.012416826 
747 203 7 15 0.012415997 
676 181 13 24 0.012397148 
313 353 9 22 0.012383814 
386 258 10 25 0.012378445 
718 165 12 26 0.012367293 
762 524 5 14 0.012366162 
773 59 6 18 0.012347655 
95 378 7 20 0.012340436 
152 465 13 20 0.012337884 
1018 531 7 22 0.012319821 
250 59 6 18 0.012316201 
989 22 8 15 0.012309208 
877 37 5 13 0.012291562 
323 485 9 15 0.012289929 
769 118 10 27 0.012289303 
908 83 30 77 0.012285185 
924 571 7 19 0.012284247 
1018 159 8 25 0.012278318 
783 59 9 18 0.012273224 
359 323 11 23 0.012271756 
451 324 10 21 0.012262517 
209 601 7 14 0.012240031 
858 597 206 278 0.012228241 
216 610 14 21 0.012188431 
386 286 8 20 0.012188092 
603 186 37 71 0.012181927 
29 482 7 18 0.012176352 
756 489 8 22 0.012172619 
464 424 11 28 0.012171845 
902 654 4 9 0.012162617 
207 610 10 17 0.012162033 
661 223 87 102 0.012149803 
969 255 24 87 0.012139551 
0 578 11 34 0.012137601 
159 202 6 14 0.012128451 
863 470 6 15 0.01212559 
298 457 7 16 0.012124715 
837 62 7 14 0.012124144 
531 434 7 14 0.012114543 
1018 570 6 20 0.012111335 
195 636 7 16 0.012108048 
383 337 12 25 0.012092892 
23 217 14 31 0.012088911 
466 169 162 188 0.012085677 
1019 624 6 18 0.012079324 
27 19 10 15 0.0120672155 
27 33 10 18 0.012064357 
296 439 9 21 0.012055098 
627 231 12 26 0.012022799 
186 190 5 13 0.012018546 
94 432 8 16 0.012014244 
190 481 16 38 0.012008766 
53 80 10 30 0.012006576 
27 57 10 24 0.01199767 
863 548 5 13 0.011995399 
374 99 8 15 0.011994958 
908 205 13 28 0.011994958 
110 365 8 22 0.0119593125 
271 319 84 113 0.011953871 
209 275 7 21 0.011949135 
684 587 5 14 0.0119366655 
26 140 10 32 0.011935689 
145 575 5 14 0.011930143 
387 169 10 21 0.011925121 
697 612 6 16 0.0119197285 
1019 121 7 23 0.011913264 
400 98 8 16 0.011911889 
890 471 5 14 0.011907043 
295 349 10 24 0.01190339 
140 463 14 22 0.011901484 
28 505 9 21 0.011899852 
519 501 17 27 0.011897423 
376 378 23 30 0.011887848 
800 537 6 13 0.011869547 
529 552 6 12 0.011869245 
295 506 11 18 0.011866683 
980 652 4 12 0.011859909 
250 133 5 18 0.0118456455 
79 401 8 22 0.011841581 
947 331 14 32 0.01184136 
106 546 7 14 0.011838681 
526 185 9 19 0.011828555 
514 427 11 20 0.0118185375 
309 422 11 27 0.011818427 
324 227 7 11 0.011816289 
298 75 8 13 0.011816155 
755 434 12 31 0.01181292 
690 420 13 29 0.01180976 
466 465 9 18 0.011804356 
734 560 7 16 0.011800274 
696 498 6 14 0.0117904255 
323 199 9 23 0.011786193 
705 423 14 29 0.011772478 
822 179 9 27 0.011769909 
808 593 13 22 0.011747052 
900 539 4 12 0.011743726 
90 517 10 21 0.0117208585 
590 187 11 19 0.0117127765 
630 408 9 20 0.011707819 
720 184 9 17 0.011697143 
825 37 5 11 0.011694927 
877 486 5 11 0.011690613 
481 610 7 16 0.011685496 
694 441 9 22 0.01168326 
352 64 5 11 0.011679203 
928 37 5 12 0.011676083 
985 594 9 20 0.011669877 
924 347 10 24 0.011653883 
79 417 8 19 0.011647821 
348 342 11 19 0.011639197 
84 615 4 10 0.0116194375 
757 409 10 25 0.011608583 
902 525 5 11 0.011578541 
769 434 10 28 0.0115784 
772 646 8 20 0.011573511 
209 586 7 18 0.011559414 
237 238 5 19 0.011556874 
544 628 4 12 0.011556363 
923 258 33 80 0.011555251 
713 419 16 31 0.011543782 
544 641 4 10 0.011539159 
822 608 9 19 0.0115317255 
655 505 9 16 0.011513369 
990 626 5 13 0.01151116 
1017 208 8 27 0.011500622 
678 439 11 22 0.011497805 
535 488 15 26 0.0114646135 
108 562 6 14 0.011462739 
186 201 5 14 0.011453843 
314 364 9 24 0.0114446515 
731 180 11 23 0.011424735 
195 648 6 15 0.011419959 
129 505 11 24 0.011414071 
310 469 9 17 0.011412458 
1018 635 7 18 0.011411006 
872 160 12 39 0.011404799 
134 235 6 19 0.011392699 
208 248 7 25 0.011386932 
237 251 5 19 0.011385064 
438 415 9 18 0.011384614 
593 121 146 191 0.011383095 
650 208 13 21 0.011360285 
108 342 7 17 0.011344507 
119 587 6 13 0.011344277 
376 160 8 18 0.011328838 
811 562 8 13 0.011326467 
171 201 5 15 0.011319287 
627 216 14 29 0.011304295 
296 497 10 15 0.0113029415 
615 153 38 71 0.011278649 
169 313 10 20 0.011274076 
952 690 49 117 0.011269293 
824 274 30 71 0.011267329 
108 84 5 19 0.011261581 
310 324 9 22 0.011251148 
798 50 6 11 0.011248845 
437 443 9 17 0.011232374 
106 532 9 16 0.011206284 
733 477 9 22 0.01120393 
799 38 5 10 0.01119576 
121 190 6 13 0.011191653 
925 48 8 15 0.011188514 
82 641 4 10 0.011185433 
550 210 12 20 0.011183472 
222 275 7 22 0.01117418 
747 573 7 17 0.011163177 
668 206 11 22 0.011151715 
151 435 21 27 0.011138189 
825 62 5 13 0.011137931 
868 263 117 247 0.011132187 
274 225 5 16 0.011131746 
95 613 7 12 0.011129751 
375 85 9 17 0.011123037 
19 21 6 14 0.011121532 
43 534 7 16 0.011109775 
441 279 95 141 0.0111092515 
732 572 8 20 0.011098601 
934 67 14 26 0.011097564 
588 217 14 28 0.011094342 
992 664 5 11 0.011093772 
160 652 5 10 0.011090639 
838 667 5 12 0.01108427 
135 651 4 12 0.011082629 
990 652 5 12 0.011075206 
481 598 7 16 0.011065323 
912 297 37 75 0.011050591 
1018 584 6 19 0.011044736 
96 641 5 9 0.011043575 
451 427 10 21 0.011033756 
185 214 4 17 0.011030391 
489 212 12 30 0.011029893 
914 38 5 12 0.011016024 
180 425 31 47 0.0110128075 
811 150 30 84 0.011007947 
717 315 15 24 0.0110011175 
702 394 37 61 0.010991141 
516 442 9 17 0.010990768 
84 627 4 10 0.010983027 
461 201 10 20 0.010978253 
141 518 11 19 0.010962792 
179 326 12 20 0.010953646 
513 275 30 70 0.010950113 
798 523 7 15 0.010938261 
902 37 4 13 0.010923691 
321 241 10 15 0.0109220445 
594 353 33 54 0.010911068 
67 72 7 25 0.010908125 
747 507 7 16 0.010898827 
121 203 6 12 0.010896919 
51 161 12 40 0.010888223 
926 628 6 9 0.010881989 
556 64 6 12 0.010881765 
16 10 10 16 0.010879695 
696 595 8 19 0.010879136 
338 471 9 16 0.010873072 
334 441 12 21 0.0108695645 
697 506 5 14 0.010859512 
854 282 76 130 0.010840485 
171 649 7 13 0.010834238 
67 416 8 19 0.010834106 
639 586 39 75 0.010829374 
156 481 11 21 0.010826872 
556 552 7 11 0.010813724 
577 186 11 22 0.010812215 
1018 134 8 23 0.010810862 
503 595 9 24 0.010795041 
676 420 14 29 0.010794695 
542 573 8 17 0.010789818 
372 182 10 24 0.0107853105 
52 124 11 39 0.0107764965 
965 61 27 76 0.010770856 
222 234 6 23 0.010769605 
634 407 27 58 0.010767878 
27 42 10 24 0.010750801 
539 535 8 14 0.0107491985 
475 474 15 26 0.010735101 
976 185 7 22 0.010709054 
505 572 7 18 0.01068451 
359 195 13 28 0.010683905 
409 504 9 20 0.010680267 
990 637 5 14 0.010676645 
629 443 14 36 0.010674987 
39 139 11 32 0.010672591 
512 205 91 93 0.010664176 
41 606 10 23 0.010648063 
564 548 12 15 0.010637526 
17 37 7 14 0.010626907 
529 419 7 15 0.010615856 
165 524 14 25 0.010606506 
258 610 10 18 0.010603284 
664 437 13 25 0.010592445 
146 561 5 14 0.010577103 
159 576 5 11 0.01057228 
891 487 4 11 0.0105612865 
348 573 9 10 0.010548965 
783 132 16 36 0.010547562 
744 180 10 26 0.010543464 
308 85 10 16 0.010535118 
750 247 92 101 0.010526772 
107 99 5 19 0.010523971 
964 201 7 21 0.010522009 
376 144 9 20 0.010513509 
94 414 8 20 0.010510716 
38 194 13 29 0.010500258 
514 406 10 18 0.010493198 
64 10 10 16 0.010486597 
770 493 8 21 0.010476707 
762 551 6 12 0.0104683 
397 210 15 34 0.010465689 
696 468 8 18 0.010452778 
843 107 14 23 0.010450484 
193 340 11 19 0.01044416 
978 594 8 18 0.010427732 
72 650 5 14 0.010424505 
237 136 32 67 0.010412127 
839 263 30 59 0.010411449 
779 300 95 127 0.0104023535 
834 194 8 23 0.010390108 
371 334 14 28 0.010387764 
785 601 6 13 0.010386345 
197 622 7 16 0.010383334 
813 37 4 11 0.010380161 
398 352 11 22 0.010372374 
536 504 13 22 0.010365065 
387 473 8 12 0.010354564 
709 563 7 15 0.010339339 
899 272 32 75 0.010335338 
152 423 84 100 0.010296453 
542 405 32 67 0.010296277 
530 407 7 16 0.010264658 
958 288 27 78 0.01026134 
515 123 28 69 0.010260729 
324 549 8 13 0.010260701 
128 384 177 186 0.010259636 
313 201 7 17 0.0102492785 
237 20 5 21 0.010244951 
237 278 5 18 0.01024014 
452 458 8 15 0.010232865 
133 203 6 13 0.0102218315 
550 182 11 23 0.010220746 
801 551 7 11 0.010215976 
798 642 8 22 0.010212693 
1017 -14 7 17 0.010208418 
947 562 11 33 0.010206501 
743 435 12 28 0.010199325 
680 456 9 18 0.010198586 
2 35 7 18 0.010183202 
383 455 12 16 0.010170743 
787 37 5 10 0.01015521 
760 137 35 83 0.010153926 
140 477 11 21 0.01015358 
753 318 33 64 0.010145399 
750 331 18 32 0.0101236915 
110 376 9 23 0.010123624 
538 520 10 17 0.010104089 
760 49 5 14 0.01009368 
813 78 5 11 0.010093411 
379 372 73 87 0.010083578 
588 232 13 24 0.010076598 
758 380 15 33 0.010062903 
308 439 10 21 0.0100433 
108 110 5 21 0.010036878 
337 458 10 18 0.010012786 
