0_Parade_marchingband_1_869
2177
707 320 45 65 0.9966826 
305 200 57 81 0.9965312 
73 187 57 89 0.9964637 
519 192 55 94 0.99634606 
619 375 12 28 0.7447647 
884 340 35 51 0.6926956 
691 251 14 30 0.39726806 
691 447 16 30 0.34812424 
470 497 18 29 0.32814103 
1012 425 14 31 0.28679624 
790 348 15 32 0.2448645 
253 190 18 43 0.23128101 
483 268 21 37 0.22324935 
979 396 8 21 0.18065454 
698 245 15 31 0.17357253 
609 251 23 40 0.16181433 
437 489 12 20 0.15890318 
904 353 22 55 0.15511982 
484 486 15 24 0.15248965 
821 435 13 28 0.14474106 
385 247 14 28 0.13895424 
495 477 15 26 0.12862182 
749 378 15 34 0.11492488 
983 392 10 23 0.11262492 
885 516 13 24 0.109063596 
620 367 9 20 0.10412082 
819 417 9 18 0.0985188 
878 325 70 85 0.097948596 
28 316 25 37 0.09500899 
873 481 8 19 0.09196204 
649 455 65 102 0.08925233 
2 93 8 26 0.08616602 
865 353 26 31 0.084633686 
1015 562 8 14 0.08424759 
607 342 7 17 0.08332139 
873 524 10 21 0.08330634 
759 46 6 19 0.08279354 
594 378 7 15 0.07939725 
461 255 80 90 0.0783094 
800 99 4 14 0.07753812 
603 388 9 20 0.076629266 
975 482 10 20 0.07607985 
794 239 10 36 0.07538421 
800 112 4 13 0.07481321 
849 197 8 18 0.074801475 
774 44 6 20 0.073243804 
256 172 13 26 0.07312986 
874 109 6 17 0.07219242 
1012 301 13 42 0.07155661 
925 557 9 21 0.07044897 
428 96 5 24 0.069812596 
807 239 9 36 0.06927124 
859 486 11 24 0.068929486 
440 95 5 21 0.068282165 
481 497 16 28 0.06807814 
848 227 8 32 0.06799771 
476 483 13 19 0.06712106 
794 465 10 26 0.06670995 
417 362 15 27 0.06556703 
776 58 4 18 0.06489198 
953 571 6 14 0.06469332 
1014 570 8 15 0.06431333 
828 426 10 23 0.06423423 
421 353 9 16 0.0641584 
387 243 9 15 0.06373854 
435 497 19 32 0.06349275 
699 457 15 27 0.06315957 
821 409 7 13 0.06308976 
799 87 4 14 0.06281874 
975 542 9 18 0.06211018 
594 388 8 19 0.061804295 
404 386 19 31 0.061590374 
617 352 8 18 0.0613164 
679 356 19 39 0.060836114 
697 437 18 34 0.060435668 
800 73 4 15 0.060375996 
694 405 8 18 0.060332574 
893 524 12 24 0.059546053 
786 341 10 19 0.059454612 
456 94 4 19 0.05936145 
834 255 8 29 0.05877362 
836 228 8 31 0.05796447 
318 176 14 17 0.057913348 
859 228 8 30 0.05779503 
787 73 5 16 0.057764255 
821 255 9 30 0.056770302 
1012 583 10 20 0.056765627 
837 198 6 18 0.056724925 
748 55 6 20 0.056603592 
675 464 15 25 0.056509838 
823 560 7 15 0.056438375 
817 512 15 31 0.055920366 
124 240 81 96 0.05576063 
391 254 16 29 0.055579506 
1006 575 6 10 0.055374257 
833 417 7 15 0.055256385 
160 229 18 30 0.05453073 
788 85 4 15 0.054329354 
987 237 10 38 0.05428944 
800 127 4 12 0.054274283 
848 255 8 27 0.05399762 
627 412 11 34 0.053988177 
838 218 7 24 0.05393491 
1005 586 6 13 0.053863227 
972 275 13 40 0.053846028 
781 240 10 35 0.05375427 
594 429 5 15 0.053706657 
857 541 10 20 0.05344349 
824 567 8 16 0.053155113 
415 355 8 13 0.05306417 
834 542 10 18 0.05291315 
1000 290 12 41 0.052709002 
336 414 8 17 0.052243557 
1009 453 18 46 0.052139513 
796 269 10 30 0.051650442 
807 268 9 30 0.051257905 
914 346 19 39 0.051136024 
473 275 20 35 0.050528817 
911 480 7 15 0.050472632 
95 387 10 25 0.050469615 
786 330 7 14 0.05012188 
955 563 6 12 0.05008909 
604 379 9 19 0.04991857 
884 481 8 17 0.049917534 
656 379 8 17 0.049814034 
985 276 12 39 0.04971437 
1012 543 11 18 0.049599607 
414 81 5 22 0.049492925 
246 208 85 115 0.049242295 
466 329 84 90 0.048847876 
875 471 7 16 0.04877042 
754 393 14 33 0.04875084 
888 431 8 14 0.04870513 
925 135 5 17 0.048556745 
876 122 5 17 0.048463162 
1016 243 9 29 0.048313808 
456 108 4 22 0.048284706 
973 237 12 40 0.04826899 
622 303 16 36 0.04808256 
812 138 4 12 0.04805785 
837 111 5 13 0.04802988 
814 112 4 12 0.048017424 
590 240 75 110 0.047935076 
768 229 10 31 0.0478854 
789 98 4 16 0.04780357 
621 260 20 41 0.047744934 
864 109 5 16 0.04773676 
998 267 11 39 0.047733165 
860 256 8 25 0.047559805 
700 260 14 38 0.04740089 
976 412 10 20 0.04739018 
442 511 15 23 0.047270987 
665 510 14 33 0.047222674 
876 220 7 22 0.04719235 
912 517 8 17 0.04715198 
749 45 6 20 0.046970803 
675 485 17 38 0.04671897 
888 123 5 16 0.046714786 
243 442 12 23 0.046610888 
612 553 11 30 0.046585973 
593 371 7 13 0.046525612 
737 58 5 17 0.04648013 
720 530 6 15 0.046451557 
453 82 6 21 0.046250682 
785 58 5 20 0.046176203 
810 428 11 21 0.04613184 
1004 595 8 15 0.04596671 
899 439 8 16 0.045887 
886 110 6 16 0.045444943 
794 329 10 17 0.04530854 
986 411 9 22 0.045294717 
897 432 9 16 0.045292396 
1007 602 14 27 0.045251556 
926 547 7 15 0.045233846 
723 383 19 32 0.045010775 
865 580 94 89 0.04499297 
137 333 12 24 0.04492395 
637 266 14 32 0.044872664 
617 395 10 23 0.044797394 
407 259 12 23 0.044789482 
1014 280 11 37 0.044735078 
862 414 9 17 0.044710208 
998 240 9 33 0.044679884 
883 218 8 24 0.044359244 
1017 407 7 15 0.04430911 
466 493 14 18 0.04408009 
414 275 82 108 0.04400648 
962 561 6 13 0.043981053 
872 242 8 28 0.043843348 
371 226 9 18 0.043776914 
594 458 6 15 0.043601256 
607 368 7 15 0.043547384 
757 232 9 26 0.04338032 
824 111 5 13 0.043326885 
821 228 9 33 0.04329639 
813 417 8 16 0.043295033 
626 355 11 22 0.043263644 
870 413 10 18 0.043258037 
7 347 23 34 0.04324044 
912 469 6 15 0.043075234 
246 430 7 13 0.04293246 
848 416 8 17 0.042883374 
977 518 7 14 0.04271332 
467 97 5 16 0.042616304 
409 269 12 25 0.042592198 
694 427 11 22 0.042521358 
695 243 10 15 0.04251909 
1011 637 10 16 0.042512313 
863 556 8 18 0.042346865 
884 506 12 21 0.04232263 
947 294 11 30 0.042264204 
782 267 10 29 0.042125978 
613 340 10 21 0.042089343 
428 82 6 21 0.041854456 
974 508 8 14 0.041818794 
859 467 10 21 0.04164046 
357 269 13 34 0.041616336 
759 549 6 11 0.04150551 
606 416 7 18 0.041414034 
605 397 8 20 0.041286036 
1013 480 15 36 0.041278653 
374 418 7 14 0.041247003 
1004 417 7 17 0.041190594 
900 136 4 15 0.041025676 
0 302 10 22 0.041007116 
744 423 11 27 0.040987667 
814 126 4 12 0.040977377 
871 540 10 20 0.040774982 
584 419 5 15 0.04075056 
425 345 6 12 0.040684093 
617 411 10 28 0.040604934 
490 469 10 16 0.04053673 
664 276 78 103 0.040463977 
774 34 5 17 0.04033239 
784 46 6 21 0.040309455 
464 108 5 21 0.040309455 
883 489 10 20 0.040255886 
828 445 13 26 0.040205378 
799 60 5 18 0.04004466 
339 369 5 16 0.04004263 
874 256 7 27 0.039902486 
850 207 6 19 0.039880145 
812 100 4 13 0.03982103 
652 365 10 20 0.03979045 
477 237 9 18 0.03976932 
776 71 4 16 0.039725523 
753 364 11 27 0.039651338 
960 290 12 38 0.039561205 
735 45 6 18 0.039543953 
442 80 6 23 0.03953246 
364 459 5 11 0.039379194 
655 342 8 17 0.03935449 
1002 172 5 24 0.03933259 
963 150 6 16 0.039318826 
979 574 6 11 0.039246585 
890 135 5 16 0.039203204 
916 134 5 16 0.039156094 
395 424 12 27 0.039037764 
339 432 5 12 0.038907103 
605 552 11 29 0.03889631 
454 381 6 13 0.0388758 
612 241 15 22 0.038795162 
805 484 14 34 0.038792554 
859 457 9 19 0.03876157 
759 557 7 14 0.03860065 
413 94 7 28 0.038590793 
509 478 10 21 0.038565386 
494 291 17 31 0.038487345 
824 125 4 13 0.038415626 
768 253 11 32 0.03838823 
584 382 5 12 0.03837618 
657 387 8 19 0.03827194 
717 464 11 21 0.0382368 
540 392 7 16 0.038181644 
1014 208 8 25 0.038126837 
452 69 6 20 0.038091585 
475 469 9 13 0.03804068 
641 374 10 23 0.037992693 
1001 313 11 39 0.03792497 
325 433 5 12 0.037923206 
567 356 5 11 0.037700474 
1003 406 6 15 0.037699558 
966 543 8 17 0.03765497 
939 447 5 12 0.037627608 
681 449 16 27 0.037591018 
583 393 6 13 0.037588328 
108 469 6 13 0.03744519 
873 230 7 26 0.037396345 
849 112 5 13 0.03728921 
652 350 9 19 0.037255146 
902 480 6 15 0.037236907 
1005 428 10 22 0.03715251 
802 360 12 24 0.037078176 
33 337 21 37 0.037016045 
1013 328 12 36 0.036821436 
991 575 6 11 0.036746733 
719 523 7 14 0.036741182 
1005 561 6 11 0.036670495 
581 405 5 14 0.036621388 
678 468 81 114 0.036584053 
103 398 8 19 0.03653323 
720 394 13 26 0.036427643 
978 557 7 13 0.036374163 
812 87 4 13 0.03635082 
747 534 6 12 0.036349963 
947 322 11 25 0.036327515 
583 370 5 11 0.03632467 
493 458 6 11 0.036273144 
476 246 13 24 0.03626614 
315 695 343 258 0.036228377 
453 343 6 13 0.036228117 
907 440 9 17 0.036211405 
781 216 10 31 0.03620852 
594 442 5 15 0.03619561 
802 139 4 12 0.0361359 
346 282 13 28 0.03613093 
558 267 16 38 0.036068603 
838 207 7 20 0.036060262 
935 559 7 16 0.036051422 
860 533 10 18 0.035972647 
963 570 6 14 0.035952847 
862 98 7 15 0.035921957 
327 443 6 15 0.035838127 
324 391 6 16 0.035798497 
659 144 172 198 0.03576028 
811 73 5 14 0.035737008 
1003 544 8 15 0.035713743 
669 351 9 21 0.035614442 
833 555 8 17 0.035583142 
1018 394 7 15 0.035464603 
761 35 6 14 0.035302386 
861 427 8 19 0.035284705 
936 480 7 16 0.035275906 
592 420 6 16 0.03524585 
812 406 7 16 0.035211995 
499 457 8 14 0.035211 
93 364 9 22 0.035189807 
-52 665 311 291 0.035145834 
806 295 10 27 0.035106707 
872 99 8 16 0.035026297 
894 315 14 20 0.035024364 
822 284 8 24 0.034965917 
51 226 17 29 0.03490198 
644 352 8 18 0.03485247 
706 385 11 23 0.03484054 
912 507 8 18 0.034828484 
970 438 13 24 0.03476053 
981 645 13 24 0.03471618 
209 197 7 19 0.034687232 
833 344 85 104 0.034657616 
723 45 5 18 0.034588996 
757 255 10 29 0.03456007 
873 429 9 16 0.03454821 
887 471 6 13 0.034546513 
475 355 10 19 0.03452159 
762 396 15 36 0.034490276 
206 429 13 21 0.03447673 
823 298 8 23 0.034462716 
759 509 7 15 0.03442459 
913 582 9 19 0.034391996 
494 262 19 29 0.034339 
572 205 62 88 0.0342765 
604 426 7 19 0.034248788 
837 410 6 10 0.034205385 
631 584 7 16 0.03415473 
1018 379 7 19 0.03414166 
710 44 5 19 0.034131765 
659 33 4 15 0.034107108 
833 531 10 19 0.034081504 
338 444 6 15 0.03402758 
342 455 5 14 0.03397931 
903 469 5 14 0.03395614 
962 493 9 17 0.033903528 
461 271 16 31 0.033843677 
363 430 6 12 0.033827335 
606 239 10 17 0.03376503 
580 341 7 14 0.0336932 
832 570 8 15 0.033669855 
134 366 21 34 0.033652376 
456 118 5 26 0.033496667 
796 295 10 27 0.03345574 
824 163 6 13 0.03345382 
397 411 12 23 0.03343483 
849 270 7 23 0.03342966 
582 356 6 10 0.033374112 
594 343 7 14 0.033372898 
278 161 16 19 0.033332124 
557 368 5 11 0.033292066 
848 541 10 20 0.033277407 
745 390 14 31 0.03325325 
264 168 16 28 0.033204798 
857 197 8 19 0.033181973 
961 265 11 38 0.033163182 
922 329 11 18 0.033154987 
848 409 7 13 0.03311307 
672 33 5 14 0.033082806 
543 458 5 12 0.033079606 
701 424 12 28 0.033064388 
375 237 8 17 0.033054497 
685 405 8 17 0.033053968 
799 34 6 19 0.033048205 
655 570 9 18 0.033007037 
98 483 4 12 0.032928076 
985 302 12 39 0.032891095 
575 324 10 18 0.032847304 
910 316 10 19 0.032844618 
466 143 6 24 0.032785296 
375 408 6 14 0.032779336 
593 294 71 130 0.032772373 
860 338 15 23 0.032762576 
808 217 8 29 0.03273009 
605 594 8 22 0.032701902 
517 468 8 16 0.032675695 
964 442 10 17 0.032611232 
939 455 5 12 0.03258892 
106 363 9 24 0.032588825 
454 169 5 22 0.03243624 
820 601 14 20 0.032407716 
629 571 6 16 0.032397766 
767 324 79 103 0.032377776 
989 558 7 12 0.032377742 
836 100 6 13 0.032342326 
408 368 21 33 0.03233883 
896 541 10 20 0.03232182 
795 216 9 31 0.03226229 
825 138 4 11 0.03219953 
310 175 13 15 0.03218294 
758 517 7 15 0.032180108 
984 214 9 31 0.032153912 
987 548 8 14 0.032072615 
970 301 13 38 0.032064326 
911 528 9 18 0.03205138 
723 58 4 17 0.032026716 
1016 363 8 23 0.03201689 
194 281 10 27 0.031992327 
593 354 6 13 0.031929847 
691 489 11 26 0.031894945 
767 473 10 23 0.031864934 
639 410 12 32 0.031860195 
923 531 7 17 0.031809703 
951 446 7 13 0.03177067 
791 -209 252 228 0.031759188 
384 450 8 19 0.031744197 
210 186 6 18 0.0317234 
938 472 6 13 0.03161327 
1013 531 11 22 0.03155409 
929 481 6 15 0.031489942 
110 281 17 29 0.0314339 
922 519 7 16 0.031413782 
911 493 8 15 0.03140534 
364 423 5 11 0.031383052 
787 548 5 12 0.031362217 
447 485 10 15 0.031350266 
570 552 16 27 0.031328034 
156 215 10 13 0.03128015 
901 491 7 16 0.031225935 
443 344 5 11 0.031224083 
643 466 11 21 0.031150807 
208 416 8 15 0.031148227 
680 442 11 21 0.031137083 
1002 604 11 22 0.031094704 
538 363 7 17 0.031066213 
889 439 7 15 0.031016847 
702 240 11 19 0.031005714 
569 395 5 12 0.030952845 
453 276 9 19 0.030946445 
986 638 9 13 0.030944556 
397 269 13 26 0.030826552 
753 420 14 30 0.030789748 
668 334 10 24 0.030776646 
462 250 11 21 0.03077205 
177 235 11 23 0.030761711 
756 282 10 26 0.030732268 
305 297 17 32 0.030691978 
690 272 16 43 0.030690609 
769 282 10 27 0.030647196 
937 296 9 25 0.030596726 
558 356 5 11 0.030562064 
849 99 6 14 0.030559614 
810 452 10 21 0.03051967 
760 536 5 11 0.030496592 
745 451 10 23 0.030483812 
596 467 5 16 0.030433884 
607 246 14 25 0.030422948 
757 569 10 18 0.030408094 
436 466 10 18 0.030377788 
960 317 12 33 0.03034776 
973 426 11 19 0.03033824 
438 456 8 15 0.03028307 
480 106 5 18 0.030278673 
424 208 8 22 0.030231653 
873 504 10 20 0.030208964 
563 542 16 23 0.030155513 
988 441 9 18 0.030106455 
427 171 6 22 0.030041479 
666 430 11 21 0.030037602 
926 493 7 15 0.030035915 
452 386 9 18 0.030012315 
568 368 5 10 0.029970732 
340 504 14 17 0.02994724 
684 47 5 17 0.02994315 
441 169 5 23 0.029840235 
616 546 7 18 0.029827295 
928 345 15 31 0.029825892 
418 346 5 11 0.029800165 
901 124 5 14 0.029786723 
453 285 9 22 0.029750127 
939 570 7 16 0.029739354 
470 360 19 32 0.029666942 
922 504 9 18 0.02963765 
868 556 10 20 0.029631166 
863 123 5 16 0.029575855 
748 522 5 12 0.029568808 
825 197 6 18 0.029566832 
44 322 17 28 0.029561939 
423 409 14 31 0.029533576 
834 300 7 20 0.029525049 
512 492 9 16 0.029509902 
643 477 10 22 0.029509423 
617 435 9 25 0.029485883 
1002 393 6 17 0.029483167 
672 48 5 19 0.02947658 
885 317 12 15 0.029449321 
453 155 6 25 0.029442377 
655 400 10 22 0.029411856 
179 247 11 26 0.029407749 
703 474 13 24 0.02940512 
982 586 5 12 0.029392345 
413 301 7 16 0.029392114 
364 391 5 14 0.029371716 
797 547 6 13 0.029332671 
1011 618 11 18 0.029325204 
463 42 8 25 0.02925046 
703 413 9 22 0.029244132 
3 132 6 20 0.029239124 
535 226 74 112 0.029238014 
178 461 64 75 0.029198945 
16 303 10 18 0.029178523 
418 394 15 31 0.029168893 
3 120 6 19 0.029167967 
453 262 9 21 0.029123137 
484 272 92 123 0.029101918 
834 313 7 18 0.029059825 
479 97 5 17 0.029054996 
93 377 10 21 0.029003957 
825 100 5 12 0.028999852 
411 284 9 21 0.028997594 
1002 163 6 19 0.028992789 
183 338 7 19 0.028969735 
690 476 13 22 0.028931908 
714 256 12 28 0.028920252 
568 343 6 12 0.028886912 
428 480 10 19 0.028863579 
883 537 12 22 0.028856225 
838 124 5 14 0.02883789 
667 452 16 26 0.028830372 
988 479 10 21 0.028825408 
715 452 12 24 0.02881712 
850 189 6 13 0.028726462 
313 421 5 13 0.028715868 
795 313 9 21 0.028688112 
746 411 11 25 0.028629681 
477 228 6 14 0.028608682 
108 482 4 11 0.028604813 
253 450 10 20 0.028602071 
332 177 10 15 0.028591529 
809 60 6 18 0.028523928 
990 170 6 24 0.028505092 
785 508 7 15 0.028480725 
925 285 7 23 0.028473154 
439 105 5 28 0.02841637 
745 234 8 21 0.02839708 
834 285 8 23 0.028344214 
989 432 8 16 0.0283349 
902 455 6 15 0.028330313 
466 355 7 15 0.028298507 
812 150 5 12 0.028285319 
465 131 6 24 0.028216494 
668 474 15 26 0.028095588 
376 392 6 13 0.028070163 
908 430 9 18 0.028066138 
807 389 9 20 0.028040199 
918 578 11 25 0.028003795 
377 455 6 14 0.02796496 
852 350 8 19 0.027954511 
139 385 14 26 0.027951933 
209 210 7 19 0.027896088 
705 401 9 19 0.027835531 
936 284 8 25 0.027833315 
255 286 13 25 0.027828319 
590 575 10 28 0.027813787 
524 322 11 25 0.027780881 
53 213 13 23 0.027747523 
302 406 5 14 0.02774517 
148 460 5 13 0.027744604 
594 400 7 18 0.027737284 
584 429 5 15 0.027708968 
475 612 9 18 0.027701275 
1000 133 7 22 0.027656417 
964 431 10 15 0.027635787 
134 330 10 18 0.027624777 
195 368 7 17 0.027624508 
175 241 79 104 0.027616981 
735 34 6 16 0.027615188 
815 484 15 32 0.027583353 
541 401 6 15 0.027562624 
556 395 6 14 0.027545985 
530 348 10 27 0.02753972 
222 405 6 12 0.027525984 
461 401 9 17 0.027466215 
897 507 9 19 0.027460277 
454 253 7 16 0.027457451 
800 44 5 21 0.027378593 
426 197 6 21 0.027354654 
939 547 5 14 0.027314907 
938 136 5 16 0.027276374 
708 517 8 17 0.0272261 
675 521 14 34 0.027212167 
799 560 5 12 0.02719585 
972 330 13 35 0.027195118 
140 407 14 32 0.027188018 
159 276 21 45 0.027185176 
300 422 5 12 0.027174827 
118 429 6 16 0.027171968 
789 475 7 20 0.02715803 
441 67 6 23 0.027124375 
375 431 6 13 0.0271134 
454 354 6 14 0.027097581 
965 483 9 16 0.027096882 
771 507 6 15 0.027077042 
538 354 6 16 0.027052052 
540 380 6 14 0.027042441 
731 451 10 23 0.027022246 
744 247 9 22 0.027021158 
376 470 6 13 0.027019862 
466 85 6 17 0.027013049 
510 296 12 22 0.027002761 
396 241 10 15 0.02700033 
743 257 10 25 0.026998319 
821 463 10 26 0.026983287 
643 399 10 24 0.02696437 
928 446 6 12 0.026918752 
694 579 99 84 0.026917173 
803 312 96 92 0.02691479 
761 465 9 21 0.02690309 
928 471 5 13 0.026889872 
804 340 10 19 0.026870064 
626 240 12 18 0.02684914 
910 455 6 16 0.026829254 
414 68 6 24 0.02678671 
513 388 11 16 0.026764132 
991 507 7 16 0.026711056 
137 344 16 29 0.02670518 
806 373 131 201 0.026681047 
875 458 7 16 0.026675228 
606 495 6 14 0.026671924 
426 183 7 22 0.026671354 
827 595 14 22 0.026649855 
941 658 23 22 0.026592739 
260 333 26 27 0.026556645 
454 297 9 20 0.02654511 
923 317 9 17 0.026514402 
182 323 9 20 0.026497541 
558 381 5 12 0.026494501 
823 175 6 14 0.026490161 
352 457 5 12 0.02648383 
759 457 8 17 0.026459588 
930 369 14 33 0.026435189 
855 494 15 33 0.02635999 
643 386 9 21 0.02635993 
774 352 9 19 0.02633283 
860 656 12 22 0.026280707 
774 341 8 17 0.026259927 
734 494 6 14 0.02625852 
247 284 44 67 0.026252354 
805 461 11 28 0.026236912 
467 240 7 14 0.026232516 
790 112 4 16 0.02619478 
874 440 7 15 0.026194623 
571 404 5 13 0.026185036 
827 512 14 29 0.026128404 
250 423 5 10 0.02612055 
326 456 5 13 0.02612006 
251 186 9 25 0.026092045 
378 250 9 20 0.026022324 
698 45 4 17 0.02600998 
861 441 7 17 0.025986247 
454 371 6 12 0.025944784 
965 535 6 13 0.025926474 
1003 378 6 18 0.02592591 
1004 640 7 12 0.025888111 
415 171 6 21 0.02585259 
989 162 5 18 0.025845608 
929 457 5 12 0.025842518 
42 391 7 15 0.025820885 
955 493 8 18 0.025778541 
667 375 11 24 0.025768226 
542 495 7 13 0.025748344 
464 118 5 24 0.02574451 
166 216 10 13 0.02573818 
403 80 5 22 0.025736924 
837 189 6 13 0.025685787 
542 449 5 11 0.025672175 
343 224 126 208 0.025664905 
399 298 10 22 0.025661632 
937 313 9 19 0.025581554 
641 299 9 21 0.025554959 
493 96 5 16 0.025553662 
653 272 9 21 0.025541851 
984 331 12 34 0.025535833 
1002 347 9 29 0.025535144 
860 272 7 21 0.025496233 
236 432 8 14 0.02546033 
363 469 5 13 0.025435984 
414 184 7 20 0.02543329 
355 247 14 27 0.025409387 
606 439 6 19 0.025407488 
542 468 7 15 0.025397617 
178 268 14 35 0.025388993 
14 313 17 26 0.025375657 
991 586 5 11 0.025360301 
645 36 5 15 0.025348635 
68 420 6 11 0.025347864 
700 259 87 102 0.025346998 
768 491 8 18 0.025304038 
501 449 6 11 0.025295407 
968 392 7 17 0.025280971 
670 361 10 23 0.025266806 
823 544 9 15 0.025233297 
689 302 16 38 0.025225433 
987 384 7 17 0.02521869 
656 410 10 23 0.02520601 
823 312 9 20 0.025182342 
540 480 8 17 0.025156515 
354 433 5 10 0.025145618 
215 430 12 19 0.025144588 
574 267 12 31 0.025122795 
478 370 26 37 0.025114084 
698 33 6 15 0.025087135 
437 442 9 21 0.025085215 
963 502 10 18 0.02508131 
706 505 8 16 0.025060717 
546 576 14 27 0.025056943 
850 125 5 14 0.02504871 
744 284 10 24 0.02501888 
12 221 7 27 0.025012884 
954 532 6 14 0.024996752 
824 152 5 11 0.02499366 
337 395 7 17 0.024987115 
769 457 8 15 0.024958296 
478 46 5 19 0.02493654 
314 392 6 16 0.024930023 
94 434 5 14 0.024927014 
864 566 9 20 0.024922263 
756 297 10 24 0.024885483 
-1 300 75 92 0.024874207 
109 460 5 13 0.024866778 
694 386 10 21 0.02483727 
-14 489 186 246 0.024836276 
197 187 6 16 0.024831386 
497 502 10 19 0.02480138 
477 284 34 59 0.024789305 
820 557 178 158 0.024782494 
711 532 6 15 0.02474484 
913 124 6 14 0.024704972 
683 638 7 14 0.024691822 
399 566 8 25 0.02468879 
568 323 9 18 0.024688343 
592 591 9 25 0.024675889 
744 270 10 25 0.02466118 
233 440 12 21 0.024602238 
525 468 8 16 0.024597134 
621 582 6 17 0.024590924 
669 608 6 16 0.024588017 
600 614 13 37 0.024581935 
964 135 7 16 0.0245548 
947 347 11 27 0.024521137 
167 335 10 21 0.024515847 
773 379 75 129 0.024504172 
875 272 7 22 0.02449996 
657 638 6 13 0.024485335 
667 402 9 20 0.024463592 
295 174 12 15 0.024462536 
325 382 5 14 0.02442563 
410 480 9 18 0.024408195 
662 323 162 214 0.024402102 
607 548 7 16 0.024380691 
767 370 13 33 0.024365898 
965 158 6 22 0.024364376 
806 374 10 22 0.02436279 
439 208 7 21 0.024352012 
540 308 11 25 0.024336766 
746 547 7 14 0.024329273 
982 598 5 16 0.024327373 
913 555 9 20 0.024318451 
824 187 6 13 0.024310226 
440 197 6 20 0.024275173 
950 431 7 12 0.02426878 
312 404 6 15 0.024266794 
529 391 7 13 0.024239227 
567 467 7 16 0.024236968 
365 382 5 15 0.024235435 
467 156 5 22 0.024223723 
331 186 13 20 0.024157302 
338 380 6 17 0.024150006 
93 350 9 21 0.024148704 
643 45 7 26 0.0241266 
450 539 13 27 0.024125634 
313 459 5 11 0.024104707 
199 380 6 13 0.024078207 
415 197 7 19 0.024077846 
603 604 10 27 0.024046205 
16 472 7 13 0.02404074 
766 422 12 27 0.024039626 
709 57 5 20 0.024009712 
112 360 13 27 0.024009535 
370 215 9 17 0.02400716 
807 310 9 22 0.023984658 
944 334 129 223 0.023966316 
464 342 7 14 0.023930395 
476 339 9 19 0.023922121 
448 529 11 20 0.023905814 
261 422 5 10 0.023904847 
862 372 13 22 0.02389486 
411 471 8 15 0.023880724 
363 444 5 13 0.023872055 
674 339 76 106 0.023832045 
747 35 5 14 0.023818383 
149 470 5 12 0.023813754 
186 367 6 15 0.023784205 
1003 147 5 18 0.023768365 
200 281 12 26 0.023748768 
485 334 12 23 0.023742875 
772 360 10 26 0.023740543 
198 173 5 16 0.023734577 
428 68 6 22 0.023725053 
352 394 5 14 0.023716109 
513 311 10 20 0.023702286 
45 340 17 33 0.023700954 
973 451 11 20 0.023685656 
978 161 5 18 0.023662522 
874 318 8 13 0.023657644 
150 385 14 29 0.023649467 
865 653 18 27 0.02364335 
441 355 6 12 0.023637023 
849 362 10 21 0.023625031 
375 382 5 14 0.023609474 
659 389 83 109 0.02359967 
48 314 13 20 0.023595063 
665 413 10 19 0.023588715 
1005 209 6 21 0.023579976 
923 297 9 22 0.023578804 
1015 515 11 23 0.02357396 
424 222 8 20 0.023563849 
542 338 6 18 0.023547865 
631 558 6 18 0.023533624 
626 398 10 25 0.023532726 
401 185 7 18 0.023528881 
183 353 7 18 0.02352822 
149 234 23 38 0.023477605 
786 519 6 14 0.02343428 
349 368 5 16 0.023427531 
718 478 9 19 0.023420325 
787 536 5 12 0.023415135 
557 402 5 14 0.02338653 
686 34 5 14 0.023383321 
736 534 6 13 0.023380367 
475 460 8 13 0.023346521 
527 335 11 28 0.023323968 
327 404 5 15 0.023311865 
2 291 7 18 0.02325397 
106 351 9 20 0.023246555 
668 594 7 18 0.02321428 
783 297 10 25 0.023186458 
58 409 5 11 0.023180477 
98 471 4 11 0.023175843 
485 352 12 21 0.023169864 
562 253 14 33 0.023159992 
475 618 13 24 0.023139104 
885 257 8 28 0.023126343 
639 308 11 25 0.02311405 
604 469 5 14 0.023107551 
131 376 148 159 0.023101259 
824 583 9 15 0.023094296 
376 480 6 15 0.023093184 
657 21 7 17 0.023086015 
786 317 7 17 0.02307822 
785 35 6 18 0.023069149 
490 108 5 16 0.023066452 
926 124 6 15 0.02305569 
327 420 5 13 0.023055052 
312 446 5 11 0.023054555 
212 173 5 17 0.023051444 
797 484 11 27 0.023014072 
715 438 12 25 0.02301207 
1004 220 6 23 0.023002518 
132 403 12 21 0.022981405 
326 369 6 16 0.022951791 
756 220 8 23 0.022948846 
567 383 5 10 0.022943603 
705 492 8 18 0.022912195 
849 609 8 17 0.022875847 
3 145 5 23 0.022873461 
722 508 5 13 0.022870673 
935 328 10 18 0.02286744 
220 418 7 14 0.022866154 
6 221 6 26 0.022853432 
953 134 5 17 0.022750454 
131 414 11 23 0.022739872 
486 249 14 24 0.022725817 
954 472 5 12 0.022715755 
877 135 5 16 0.022703186 
650 464 16 24 0.022702286 
735 308 74 87 0.022682019 
236 422 6 11 0.022676317 
887 721 8 28 0.022644253 
785 491 8 17 0.022635568 
314 434 5 11 0.02261735 
813 163 5 13 0.022582948 
821 394 8 14 0.022581832 
298 367 7 16 0.02256553 
466 485 9 14 0.02254178 
314 382 6 15 0.02252297 
645 341 8 17 0.02251723 
574 246 10 28 0.02251115 
360 201 9 16 0.022505885 
102 376 10 23 0.022491297 
868 566 12 26 0.022490177 
211 408 6 11 0.022478081 
541 324 9 22 0.022451837 
722 495 6 13 0.02245129 
454 128 6 29 0.022449804 
508 279 16 31 0.02244365 
849 287 7 21 0.02243333 
234 407 6 10 0.02242195 
583 443 5 14 0.022407694 
551 309 10 23 0.022395689 
631 505 7 19 0.022389296 
796 385 11 26 0.022384152 
468 228 5 14 0.02233809 
42 404 6 15 0.022317208 
542 511 5 11 0.022306794 
405 407 15 26 0.022273486 
965 471 6 11 0.022271624 
656 47 6 22 0.02226911 
607 522 6 13 0.022262692 
301 394 6 15 0.022251178 
876 171 173 245 0.022243792 
378 445 6 13 0.022234306 
691 529 10 24 0.022230517 
440 155 7 25 0.022229815 
809 206 7 22 0.022205258 
859 208 7 19 0.022191044 
608 397 125 192 0.022189103 
430 489 10 19 0.022184394 
291 193 18 27 0.02217212 
68 431 5 13 0.022168793 
729 464 10 22 0.022121383 
454 57 6 20 0.02208768 
347 188 9 17 0.02207101 
593 260 10 24 0.022042058 
262 181 17 34 0.02202184 
738 523 5 12 0.022003213 
911 545 8 17 0.02200166 
194 351 7 20 0.021996293 
592 606 10 25 0.021965731 
428 468 8 16 0.021955462 
863 330 9 15 0.021952912 
630 516 10 24 0.021946317 
79 324 9 20 0.021935644 
947 362 11 25 0.021906182 
806 327 9 19 0.021899922 
760 493 7 16 0.021895304 
575 570 13 33 0.021845302 
517 325 9 19 0.02180452 
36 304 15 22 0.02179867 
639 252 10 19 0.021792585 
300 534 6 15 0.021776097 
353 445 4 12 0.021773428 
431 407 13 34 0.021771949 
668 638 6 12 0.021759963 
40 378 10 19 0.02175767 
897 553 10 22 0.02173447 
295 164 10 12 0.02170476 
810 197 6 18 0.021685906 
939 531 8 16 0.021679336 
401 342 6 11 0.021677189 
731 258 10 23 0.021675834 
440 183 6 22 0.021653399 
873 722 9 28 0.021639038 
555 497 6 13 0.02163357 
686 250 11 24 0.021562485 
1000 506 8 16 0.021553341 
455 334 5 11 0.021528138 
294 187 14 18 0.021526337 
526 313 10 20 0.021524731 
465 508 14 24 0.021517513 
849 454 9 20 0.021505509 
272 162 12 18 0.021498732 
530 460 6 11 0.02147956 
654 261 8 19 0.021457767 
163 255 18 37 0.021448152 
966 520 6 14 0.02144487 
483 315 17 32 0.021440446 
197 199 6 16 0.021402555 
619 594 7 21 0.02139335 
688 348 17 34 0.021382898 
116 336 10 19 0.021302558 
681 307 12 32 0.021293381 
494 450 5 9 0.021280905 
979 386 7 15 0.021275718 
118 329 8 15 0.021275412 
617 520 6 17 0.02125993 
560 288 13 30 0.02125897 
352 471 6 13 0.021248814 
16 441 6 17 0.02122693 
528 379 7 15 0.021196635 
13 272 7 22 0.021190546 
605 455 6 16 0.021184685 
732 480 9 19 0.02118412 
708 35 5 15 0.021167995 
759 474 10 23 0.0211583 
861 188 6 13 0.02115185 
115 349 11 22 0.021144567 
615 316 14 29 0.021121912 
940 433 7 12 0.021120613 
770 439 10 20 0.021113915 
694 510 10 26 0.021111807 
1016 171 6 23 0.02111179 
300 546 8 18 0.021105114 
135 459 4 11 0.021052387 
794 607 10 21 0.02103095 
889 458 6 13 0.021027192 
632 591 8 23 0.020989604 
529 478 7 16 0.020986352 
1003 454 8 20 0.020984406 
474 594 9 19 0.02094357 
298 553 10 25 0.02094096 
955 148 4 18 0.020939786 
796 205 7 24 0.02092981 
208 222 8 19 0.020879822 
300 380 6 15 0.020876672 
834 583 9 16 0.020850783 
953 547 7 14 0.020788735 
718 409 11 24 0.020776264 
858 719 10 32 0.020769266 
915 372 16 41 0.020755814 
849 299 7 19 0.020738523 
464 457 9 14 0.020730976 
81 408 6 13 0.020708472 
746 221 8 21 0.020696241 
82 417 6 13 0.020683276 
16 289 8 18 0.020640692 
979 214 8 30 0.020628177 
594 557 8 17 0.02060335 
15 -188 251 148 0.020602394 
569 512 5 10 0.020584928 
870 327 16 19 0.02055367 
603 578 8 23 0.020547695 
825 206 6 21 0.020547548 
581 483 6 14 0.020530637 
412 240 8 14 0.020521194 
465 70 6 19 0.020513061 
952 580 7 19 0.020497112 
681 380 12 24 0.020479197 
64 266 17 43 0.020478701 
681 554 10 23 0.020473937 
796 592 9 21 0.020449635 
95 459 4 12 0.020444872 
224 397 6 10 0.020438218 
886 418 11 17 0.020434668 
542 546 7 13 0.020429794 
672 703 310 246 0.02042774 
453 183 6 21 0.02042716 
542 432 5 12 0.020412717 
408 489 12 22 0.02038927 
657 234 78 89 0.020382687 
439 117 7 32 0.020379255 
849 712 8 17 0.020366224 
18 162 5 18 0.020363871 
729 409 10 23 0.02036094 
413 555 7 23 0.020357594 
327 234 75 111 0.020350391 
749 511 5 12 0.020345438 
17 462 5 12 0.020342618 
383 262 15 30 0.020337317 
655 510 16 31 0.02033004 
406 422 13 27 0.020305974 
722 542 8 19 0.020303845 
171 367 7 15 0.0202869 
150 370 14 28 0.020270338 
399 580 8 26 0.020267108 
415 209 8 20 0.020262763 
568 520 8 13 0.020228397 
17 149 4 16 0.020223038 
655 300 7 18 0.02021067 
258 277 10 22 0.020182522 
486 512 11 22 0.020181429 
351 381 5 15 0.020152837 
663 494 167 164 0.020147674 
387 431 8 18 0.020136327 
513 400 10 15 0.02013409 
772 520 6 14 0.020131426 
466 171 6 19 0.020125754 
861 389 11 19 0.02012472 
412 312 9 18 0.020106586 
19 371 17 27 0.020085564 
681 430 10 19 0.020062674 
284 389 7 17 0.020051207 
221 221 8 21 0.020042242 
461 291 14 28 0.020039199 
907 328 15 21 0.020023983 
429 458 7 14 0.020001868 
934 397 11 23 0.019994609 
551 325 9 17 0.019978046 
477 447 6 10 0.019970963 
666 580 9 20 0.01996949 
835 327 7 16 0.01996428 
69 294 10 24 0.019947516 
557 511 5 11 0.019945834 
571 419 5 12 0.019943722 
462 389 12 19 0.019932041 
422 275 8 18 0.019927856 
689 565 11 22 0.019916551 
800 400 8 19 0.01990111 
555 343 5 12 0.019893022 
616 529 7 20 0.019870104 
975 470 9 17 0.019855456 
806 620 11 20 0.019854914 
747 494 6 14 0.01984456 
592 283 10 28 0.019843688 
150 237 36 68 0.01982884 
786 559 5 13 0.019814039 
964 381 8 17 0.019796718 
848 440 8 19 0.0197886 
760 68 6 20 0.019781802 
77 363 10 22 0.019769877 
951 454 7 14 0.01976893 
891 326 20 25 0.019755544 
860 711 8 20 0.01973124 
261 431 6 11 0.019717848 
18 175 5 18 0.019705493 
783 586 8 19 0.019705307 
133 442 5 14 0.019694142 
370 338 9 17 0.019693432 
834 340 8 17 0.019693324 
581 519 7 14 0.019680513 
348 406 6 14 0.01966915 
178 225 10 19 0.019631185 
582 470 4 14 0.01961504 
914 569 9 20 0.019614035 
423 261 8 19 0.019598179 
155 336 10 21 0.019597482 
4 159 5 24 0.01959669 
963 583 8 18 0.019589951 
618 508 6 16 0.019581286 
567 458 6 14 0.019559419 
5 481 6 13 0.019553585 
492 46 6 20 0.019512529 
1018 147 6 20 0.019511225 
836 164 6 12 0.019497382 
263 207 19 42 0.019495826 
708 543 8 18 0.019475715 
632 483 8 17 0.019464437 
617 229 8 13 0.019461904 
774 550 4 10 0.019451194 
953 524 6 13 0.019449823 
838 138 5 12 0.019446598 
848 510 12 26 0.01944088 
193 338 8 19 0.019425962 
935 490 8 16 0.019383788 
656 626 7 13 0.019379687 
799 504 8 19 0.01937034 
284 153 8 10 0.019367957 
938 522 7 14 0.01933955 
59 418 5 12 0.019334622 
666 486 17 33 0.019318888 
965 453 8 16 0.019309238 
886 271 8 25 0.019307278 
736 508 6 13 0.019297741 
578 174 165 161 0.019285897 
961 348 10 25 0.019282285 
549 286 15 32 0.019274725 
682 649 9 14 0.019267907 
244 308 15 32 0.019264325 
171 351 8 19 0.019246012 
850 617 8 19 0.019243194 
756 353 10 23 0.01922563 
246 229 10 31 0.019200072 
147 439 8 17 0.019190485 
865 319 6 13 0.019186543 
519 461 5 12 0.019158263 
813 175 6 13 0.019149344 
243 464 11 19 0.019144421 
683 266 11 29 0.019130478 
813 561 6 13 0.019125875 
1018 160 6 21 0.019114025 
170 377 8 18 0.019110795 
424 289 7 16 0.019081552 
677 327 16 39 0.019078363 
836 713 8 16 0.019069675 
110 289 80 108 0.01906691 
835 351 7 18 0.019054085 
233 396 6 10 0.019035943 
668 664 11 13 0.019030534 
351 421 6 12 0.01902919 
623 360 79 121 0.019012727 
979 636 7 14 0.019000685 
266 283 13 28 0.018973978 
231 230 10 27 0.018965533 
666 564 11 25 0.018961119 
949 270 9 29 0.018961085 
299 510 5 11 0.018959641 
824 88 5 12 0.018942686 
828 528 80 109 0.018924268 
28 305 11 16 0.018910896 
799 588 6 14 0.01890703 
502 243 17 24 0.018887073 
988 627 6 11 0.01887903 
644 554 8 19 0.018866854 
798 533 7 15 0.018861338 
518 448 5 10 0.01885413 
733 425 10 24 0.018843971 
413 329 8 17 0.018842055 
234 208 9 24 0.018831188 
762 613 266 210 0.018826714 
515 507 8 13 0.018811045 
532 433 4 11 0.018801251 
607 330 7 15 0.018795228 
656 328 7 17 0.018787438 
308 184 16 21 0.01877427 
809 542 9 17 0.018768353 
924 431 7 13 0.018751105 
532 448 5 10 0.018736556 
640 238 9 16 0.018730814 
308 566 10 26 0.018641105 
413 225 8 16 0.018624434 
94 442 5 13 0.018606795 
582 512 5 11 0.018596156 
147 625 4 11 0.018581226 
14 260 6 19 0.018569188 
786 573 6 14 0.018568631 
366 369 5 15 0.018566903 
954 483 7 13 0.018558484 
629 228 9 15 0.018557716 
653 479 13 22 0.018555224 
108 340 8 17 0.018547108 
221 232 9 23 0.018545782 
987 453 9 18 0.018531397 
124 626 4 11 0.018529514 
677 574 12 25 0.018502885 
641 512 14 30 0.018487489 
824 326 7 17 0.018480765 
808 710 9 20 0.018463526 
897 302 9 18 0.018435428 
624 333 13 26 0.018424291 
186 598 5 12 0.018423378 
746 463 10 21 0.018408135 
950 376 9 22 0.018397018 
771 313 8 20 0.018378833 
881 327 19 22 0.01837462 
67 362 10 22 0.01835408 
774 329 7 16 0.018323405 
1004 617 8 17 0.01832136 
401 197 7 18 0.018319506 
108 494 5 14 0.018298082 
556 468 7 15 0.01829643 
260 467 7 15 0.018277057 
503 698 9 20 0.018260496 
269 380 9 18 0.018259037 
655 250 8 17 0.018242883 
2 321 13 25 0.018231673 
151 485 4 10 0.018224563 
816 616 15 21 0.01821378 
886 303 9 17 0.018204862 
70 410 5 10 0.018203996 
656 441 11 18 0.018200813 
478 85 6 16 0.0181981 
119 405 7 14 0.018184012 
836 176 6 11 0.018183874 
368 320 12 23 0.018170116 
811 515 13 24 0.018159002 
773 535 5 12 0.01814932 
387 416 8 17 0.01814922 
403 357 5 10 0.018140621 
478 418 7 12 0.018118473 
84 444 4 12 0.018111266 
670 625 5 14 0.018110786 
809 47 6 19 0.018103756 
435 398 11 27 0.018091718 
455 45 6 20 0.018081756 
666 551 11 24 0.018080736 
605 507 7 14 0.018073542 
820 378 9 17 0.018057723 
640 437 11 23 0.018044828 
797 518 7 15 0.01801821 
870 387 14 23 0.018007003 
154 352 10 20 0.017997961 
311 166 8 11 0.017982662 
208 236 8 18 0.017980568 
830 461 12 26 0.017943038 
800 574 5 12 0.01793962 
732 570 10 14 0.01793442 
656 425 10 22 0.017911019 
821 712 8 18 0.017908052 
756 311 11 23 0.017900372 
735 546 7 16 0.017881252 
167 443 14 25 0.017868828 
654 456 13 20 0.017867137 
669 273 8 21 0.0178468 
962 240 10 36 0.01784159 
197 161 5 15 0.017810795 
991 518 7 15 0.017809575 
80 311 8 17 0.017797519 
496 319 13 25 0.017793601 
428 441 9 19 0.017773004 
287 407 5 13 0.017758852 
149 407 14 31 0.017749121 
592 548 7 13 0.017735021 
962 364 9 20 0.017724467 
988 600 6 13 0.017706942 
699 289 16 39 0.017694538 
210 594 9 13 0.01769036 
285 584 8 22 0.017690303 
862 301 7 18 0.017678473 
236 197 7 21 0.017677678 
802 151 4 11 0.0176718 
846 552 10 19 0.01766073 
617 493 6 17 0.017655643 
899 722 8 27 0.017637737 
93 340 7 20 0.017608315 
455 240 6 14 0.017605817 
668 652 8 11 0.01760523 
837 398 6 11 0.01760325 
425 314 7 17 0.01758956 
631 492 8 21 0.017588628 
966 418 8 15 0.01757298 
654 650 9 11 0.017571894 
530 404 7 12 0.017569385 
556 458 6 12 0.017558992 
424 301 7 16 0.017528582 
398 228 8 14 0.01751714 
297 565 10 27 0.017508745 
632 37 5 15 0.017499767 
1015 658 8 17 0.017496536 
153 440 10 21 0.017476464 
619 469 6 15 0.017438415 
192 306 11 24 0.017423723 
374 352 6 14 0.017416533 
1000 469 10 29 0.017415645 
547 601 13 27 0.017406456 
681 625 7 15 0.017387766 
312 369 6 16 0.01737967 
388 186 8 16 0.017378906 
861 288 6 19 0.017372457 
204 295 10 22 0.01736601 
883 243 9 28 0.01735677 
674 670 18 23 0.0173543 
733 248 8 20 0.017340561 
2 366 29 94 0.017332468 
978 169 6 24 0.017298913 
427 156 6 25 0.017289989 
220 210 7 21 0.017289884 
613 353 25 48 0.017287584 
428 330 5 16 0.017263476 
710 578 17 28 0.017263234 
391 358 5 11 0.017257718 
582 492 6 15 0.017256632 
986 363 9 23 0.017237423 
466 448 6 11 0.01723739 
771 559 6 13 0.017226923 
402 172 6 20 0.01722141 
862 323 43 51 0.017216261 
532 511 5 10 0.0172141 
3 495 6 13 0.017213423 
896 414 11 18 0.01721281 
167 322 10 22 0.017195886 
95 492 6 16 0.017194573 
372 268 12 29 0.017188836 
84 434 5 12 0.017161526 
464 592 9 21 0.017160311 
741 359 15 32 0.017153284 
309 544 10 19 0.017147819 
1004 197 5 20 0.017145969 
406 337 35 58 0.01712973 
375 187 7 14 0.017128734 
154 316 12 27 0.017115943 
848 701 8 18 0.017103698 
110 432 4 13 0.017080827 
576 294 11 28 0.017079754 
716 424 11 25 0.017057752 
443 279 6 15 0.017047532 
576 533 10 18 0.017026227 
231 377 8 14 0.017015494 
117 418 8 17 0.017009243 
912 301 8 18 0.017007194 
978 151 5 14 0.017005464 
4 272 7 22 0.016998244 
991 469 9 19 0.016971033 
677 664 12 16 0.016964875 
110 418 6 15 0.01696172 
874 303 8 18 0.01695338 
643 539 11 24 0.016932692 
271 389 8 16 0.016927572 
541 418 5 11 0.016926771 
164 457 19 39 0.016888782 
310 535 8 13 0.016878951 
425 237 8 16 0.01687817 
324 594 6 18 0.016846208 
260 165 9 16 0.016833626 
874 286 8 21 0.01682094 
52 300 11 23 0.016809769 
655 313 8 18 0.016808989 
339 352 6 16 0.016786732 
301 432 5 11 0.016762402 
643 673 10 16 0.016761111 
464 374 12 22 0.016757404 
681 313 30 62 0.016749091 
222 173 5 18 0.016744398 
85 456 5 13 0.016726615 
411 501 13 22 0.016687028 
467 213 6 16 0.016674858 
852 466 9 19 0.016670356 
69 397 6 11 0.016652744 
646 626 5 12 0.01664892 
591 614 14 37 0.016633049 
654 286 9 19 0.016629016 
170 386 9 21 0.016625095 
771 572 6 14 0.016619695 
616 604 7 22 0.016607331 
453 197 5 20 0.01660565 
515 335 9 23 0.016603747 
53 378 9 17 0.016597567 
198 596 7 12 0.016595995 
187 173 5 16 0.016576037 
1016 198 7 22 0.016558992 
811 598 8 14 0.016554613 
759 519 86 110 0.016552245 
799 196 6 19 0.016546836 
440 58 6 21 0.016540809 
400 330 7 15 0.01653396 
654 553 11 23 0.016532486 
890 146 5 18 0.016517034 
1018 135 6 20 0.016510328 
180 308 11 26 0.016504392 
479 59 6 19 0.016496489 
659 593 6 18 0.016492723 
424 249 8 18 0.01648431 
682 55 6 26 0.016484177 
967 402 7 16 0.016477266 
669 22 6 15 0.01644806 
20 238 81 107 0.016446142 
951 420 7 12 0.01644052 
287 423 5 11 0.016439782 
620 35 5 15 0.016433928 
646 583 7 16 0.016406532 
907 412 11 21 0.016390635 
280 349 12 18 0.016382499 
133 387 11 19 0.016369186 
325 472 5 11 0.016345832 
530 497 6 12 0.016325872 
886 285 8 23 0.016319495 
451 196 90 102 0.016303595 
831 617 12 20 0.016298939 
950 387 10 23 0.016298806 
941 580 7 17 0.016296599 
646 638 6 12 0.01627275 
125 285 13 25 0.016241325 
361 188 7 14 0.016239494 
809 35 7 18 0.016211014 
1000 489 9 23 0.016204065 
56 394 6 12 0.016203275 
438 222 7 20 0.016201839 
498 336 11 21 0.0161583 
399 453 9 19 0.01614097 
862 177 6 11 0.01613384 
658 610 6 15 0.01610945 
655 665 10 11 0.016107779 
657 224 7 16 0.016101569 
569 480 6 15 0.016079856 
955 665 18 26 0.016078567 
876 212 6 16 0.016073128 
781 360 16 39 0.016070338 
1002 518 6 15 0.016051818 
668 284 9 24 0.016046332 
466 467 10 14 0.016042812 
309 349 8 20 0.016037822 
13 244 7 23 0.01603676 
697 57 5 22 0.016035015 
493 84 6 16 0.016034579 
871 571 38 78 0.016016787 
442 289 7 16 0.016000234 
281 591 10 28 0.015985092 
851 330 6 15 0.015977202 
724 35 5 15 0.015972374 
233 312 11 25 0.015970964 
198 612 5 11 0.015970096 
631 543 7 20 0.015962178 
78 302 9 18 0.015937762 
731 283 11 27 0.015937248 
641 322 10 23 0.015933149 
253 175 7 18 0.015891336 
813 187 5 14 0.015887832 
810 588 6 10 0.015887033 
838 152 4 11 0.015884671 
800 165 5 11 0.015881421 
811 606 10 17 0.015864387 
571 431 4 13 0.015862504 
863 634 8 20 0.0158624 
464 564 10 22 0.015852204 
899 146 5 20 0.015836708 
117 470 5 12 0.015801964 
3 533 8 18 0.01579833 
135 472 5 10 0.015797619 
439 388 9 18 0.01577529 
366 408 5 12 0.015763449 
390 365 6 14 0.015762929 
532 418 5 11 0.015752517 
412 458 7 16 0.015744522 
977 362 8 22 0.01574291 
78 335 10 22 0.015726484 
355 290 13 33 0.01571755 
220 348 10 20 0.015717527 
174 596 5 14 0.015716538 
608 230 6 11 0.015695043 
56 205 137 167 0.015694233 
347 497 8 12 0.015680155 
411 564 10 29 0.015658297 
119 441 6 15 0.015639473 
668 261 9 20 0.015611541 
452 210 7 18 0.015605709 
498 556 13 22 0.015601499 
319 293 16 28 0.015596995 
745 480 9 18 0.015556085 
647 572 7 15 0.015555546 
800 442 8 16 0.015555225 
884 553 12 22 0.01555521 
557 417 5 12 0.015554143 
555 480 7 16 0.015550727 
442 333 4 12 0.015543239 
494 385 21 25 0.015526116 
1003 535 7 14 0.015526072 
652 672 15 17 0.015524325 
823 352 8 17 0.015523697 
247 299 10 22 0.015518357 
263 410 4 8 0.015500466 
248 213 11 33 0.015495834 
217 325 12 25 0.015487571 
117 459 6 13 0.015485834 
642 227 8 14 0.015470271 
609 530 6 16 0.015443776 
439 368 8 15 0.015390843 
576 603 11 27 0.01538333 
939 418 7 14 0.01538164 
69 312 8 17 0.015381379 
400 546 6 17 0.015344436 
193 236 9 19 0.015331487 
883 357 88 145 0.015323498 
408 436 11 25 0.015319196 
835 363 8 19 0.015304631 
747 557 8 15 0.015300147 
4 173 5 24 0.01529534 
275 433 5 10 0.015293237 
208 384 5 10 0.0152874775 
847 572 7 14 0.015282857 
670 314 8 20 0.015272168 
184 201 7 14 0.0152598815 
64 346 12 26 0.015241163 
268 365 10 16 0.015237621 
902 339 24 34 0.015236625 
300 523 6 13 0.01523513 
284 366 8 16 0.015230532 
130 348 13 24 0.015229931 
230 367 10 16 0.01522464 
480 70 5 16 0.015218514 
605 485 5 13 0.0152140055 
714 277 14 35 0.0152032785 
545 269 86 135 0.015198682 
454 397 10 23 0.015194905 
824 73 6 14 0.015194093 
130 170 9 21 0.015183623 
724 261 159 175 0.01518206 
479 434 5 11 0.015147137 
210 396 5 10 0.015145075 
221 185 6 20 0.015125116 
282 222 38 75 0.015092753 
594 251 8 18 0.015064978 
824 340 7 16 0.015063967 
872 630 11 25 0.015053033 
496 363 16 28 0.015041907 
733 237 8 17 0.015024101 
2 338 15 23 0.015014037 
275 185 39 53 0.015010038 
146 227 11 16 0.014950688 
514 362 13 30 0.014941161 
385 468 6 15 0.014931733 
131 246 9 23 0.014916093 
734 223 8 18 0.014907526 
669 298 9 21 0.01489364 
467 612 7 16 0.014891472 
668 223 8 18 0.014881507 
251 410 5 8 0.014875294 
209 610 7 12 0.014874546 
249 291 7 15 0.014863782 
630 43 167 212 0.014853577 
466 185 5 19 0.014806399 
849 316 6 16 0.014797512 
64 333 12 24 0.014794955 
208 250 7 17 0.014775999 
655 481 32 61 0.014773785 
6 211 5 22 0.0147729935 
913 286 7 22 0.0147713 
196 212 7 15 0.014763002 
514 697 9 20 0.014760036 
77 350 11 22 0.014754482 
135 626 4 11 0.014753171 
539 564 15 29 0.014751841 
7 472 6 13 0.0147437565 
870 576 14 28 0.014742155 
361 214 11 17 0.014742032 
296 299 11 24 0.01473908 
245 480 9 15 0.014738277 
280 204 17 31 0.014725603 
851 177 5 11 0.0147180455 
158 205 7 13 0.014713599 
745 67 7 23 0.014705915 
821 364 9 17 0.01469869 
640 593 8 21 0.014694207 
93 419 7 15 0.014693931 
213 200 149 235 0.0146894995 
776 82 5 19 0.014688257 
176 440 14 26 0.014687553 
880 578 18 32 0.014682088 
215 452 17 21 0.014681868 
849 374 10 19 0.014675117 
13 378 14 33 0.014673704 
615 294 13 30 0.014673124 
153 422 11 23 0.0146702565 
148 612 5 13 0.014668091 
376 174 7 15 0.014665708 
209 351 8 19 0.014638706 
159 614 4 11 0.014613706 
525 296 13 24 0.01461361 
307 552 11 24 0.014610794 
635 470 7 16 0.014607815 
109 445 5 12 0.014607083 
193 249 9 21 0.014602561 
387 404 10 18 0.01459605 
136 275 35 68 0.0145926 
814 413 25 51 0.014577824 
116 372 12 24 0.01455205 
989 149 6 17 0.014547989 
67 325 9 19 0.014531695 
847 719 10 31 0.014531051 
235 303 8 15 0.0145285735 
225 380 7 12 0.014526601 
119 391 8 17 0.014514474 
272 604 9 24 0.014506812 
106 178 79 97 0.014497768 
491 58 6 21 0.014493755 
464 412 7 17 0.014486387 
801 175 4 13 0.014483529 
276 334 19 23 0.014479547 
458 550 12 25 0.014476873 
220 247 9 20 0.014473418 
812 573 6 11 0.014471609 
939 145 5 23 0.0144692985 
44 214 9 17 0.014462403 
276 423 5 10 0.014462119 
669 251 8 18 0.014454713 
181 427 11 20 0.014453442 
837 702 7 15 0.014446577 
17 133 4 16 0.014444744 
438 378 9 17 0.014427796 
583 456 5 15 0.014419432 
158 468 7 18 0.014415826 
257 221 14 39 0.0144151095 
212 334 9 20 0.014412677 
146 216 8 12 0.014402295 
365 338 7 15 0.014379489 
900 112 7 15 0.014372998 
476 322 11 24 0.014351721 
14 211 6 22 0.014346643 
464 329 8 16 0.014315429 
39 290 84 107 0.014308178 
480 173 5 17 0.014303068 
592 331 7 13 0.014292215 
73 279 13 29 0.014291417 
321 166 9 11 0.014291081 
299 498 5 9 0.014285372 
517 435 5 11 0.014284177 
186 187 5 16 0.014279378 
2 507 7 16 0.014270689 
6 261 6 18 0.01425876 
936 506 8 16 0.014244833 
388 174 7 17 0.014217045 
183 379 7 14 0.014215989 
736 466 80 126 0.014180897 
631 43 7 28 0.014170941 
217 592 12 16 0.014164747 
116 699 344 259 0.014164253 
849 396 7 14 0.014149772 
211 162 5 16 0.01413706 
108 506 5 16 0.014128863 
192 262 10 22 0.014109149 
743 297 12 24 0.014107809 
17 188 5 19 0.014093702 
17 122 5 15 0.014086383 
613 284 30 69 0.014085225 
685 241 9 16 0.014082199 
419 564 13 29 0.014046367 
862 164 6 13 0.0140227275 
784 207 7 23 0.014009145 
17 478 8 14 0.013993859 
478 215 6 15 0.013983349 
221 313 11 22 0.013975712 
314 273 36 62 0.013970403 
194 429 10 17 0.013958624 
850 138 5 13 0.013951039 
192 325 9 20 0.013948587 
850 652 8 15 0.013946763 
821 701 8 15 0.013930222 
388 231 8 12 0.013919989 
160 171 5 19 0.013902917 
893 566 13 25 0.013899352 
787 457 6 15 0.013897366 
-56 133 756 1101 0.013890148 
910 722 9 28 0.013884263 
371 295 11 28 0.013866699 
656 237 8 16 0.013864777 
389 380 7 14 0.0138467355 
441 265 7 17 0.013825928 
964 592 9 27 0.013804885 
474 303 15 31 0.0138031775 
393 376 149 190 0.013787304 
595 186 5 18 0.013782843 
475 565 9 20 0.013767672 
349 352 5 15 0.013758151 
479 185 6 18 0.01375729 
348 306 10 23 0.013748592 
248 576 6 8 0.013745204 
887 712 7 20 0.013743588 
918 600 101 100 0.013737074 
542 520 6 12 0.013716031 
79 375 9 19 0.013696873 
305 178 40 59 0.013662168 
498 349 11 21 0.01365591 
173 587 5 12 0.013631821 
556 431 5 13 0.013627282 
754 580 14 21 0.01361265 
208 366 6 16 0.013606325 
1001 122 6 21 0.013596461 
259 154 128 138 0.01358622 
570 497 5 11 0.013572169 
319 319 10 22 0.013566336 
491 436 6 10 0.013564753 
50 246 17 39 0.013559227 
437 521 12 22 0.013545911 
653 490 14 25 0.013530794 
988 534 8 14 0.013519698 
387 701 8 14 0.013519347 
491 697 7 22 0.0135186175 
635 603 6 20 0.013504171 
695 650 7 15 0.013496671 
286 559 8 18 0.013488717 
911 590 12 24 0.013480978 
921 414 10 19 0.013464107 
440 251 7 17 0.013459117 
851 151 5 12 0.013435187 
608 313 8 19 0.013434512 
157 456 8 20 0.013429607 
801 464 73 123 0.01342578 
232 244 10 25 0.013410313 
751 363 27 63 0.013408711 
340 470 5 13 0.013402758 
990 132 7 20 0.013387885 
225 366 8 16 0.0133811105 
347 200 12 20 0.013372797 
337 597 6 14 0.013362816 
718 239 8 16 0.013359208 
642 683 12 20 0.013347473 
456 311 6 16 0.013336814 
463 527 9 19 0.013309008 
234 676 6 11 0.013288973 
39 413 8 18 0.013278129 
850 659 10 18 0.013276486 
782 441 8 17 0.0132723395 
488 236 12 21 0.013264061 
977 136 6 17 0.013249278 
288 571 7 18 0.013237402 
513 300 34 69 0.0132330675 
438 238 7 17 0.013228953 
399 212 8 17 0.013218653 
735 66 7 26 0.013212049 
176 154 140 180 0.013196517 
13 409 9 28 0.013185816 
874 176 5 13 0.013181711 
41 228 14 25 0.013163858 
492 36 6 15 0.013160141 
809 700 9 16 0.013150968 
590 245 28 66 0.013147713 
504 435 6 10 0.013142399 
566 589 11 24 0.013133817 
297 152 8 10 0.013128034 
392 342 6 12 0.013124791 
348 175 8 14 0.013119382 
56 203 8 15 0.013108095 
374 200 7 15 0.01310762 
347 711 11 22 0.013103389 
220 197 6 20 0.013095111 
384 483 7 13 0.01308877 
487 400 16 17 0.013087577 
352 482 7 15 0.0130850505 
109 637 4 13 0.013078501 
848 597 8 15 0.013061297 
790 127 4 13 0.013042016 
542 537 7 12 0.013039968 
92 326 8 18 0.013033155 
454 227 6 16 0.013027711 
459 289 36 72 0.013021275 
860 698 8 22 0.01301325 
1000 671 8 18 0.0130123915 
252 218 37 79 0.01300783 
44 173 6 19 0.012990364 
206 452 16 20 0.01299023 
145 233 14 23 0.0129802795 
250 279 7 17 0.012974819 
403 535 5 14 0.012954781 
324 350 8 19 0.01294473 
479 160 5 18 0.012943725 
392 573 5 16 0.012926555 
503 223 14 22 0.012921993 
516 265 37 66 0.012921106 
592 534 7 14 0.012887639 
642 608 7 17 0.012885436 
68 373 9 20 0.012880677 
852 480 10 22 0.01285566 
514 346 12 29 0.01284423 
171 172 5 17 0.012842149 
555 537 8 13 0.012841061 
196 588 9 11 0.012838916 
863 364 37 56 0.012836758 
493 69 5 17 0.012818571 
864 136 5 15 0.012812756 
851 164 5 12 0.012810862 
195 224 8 18 0.012806564 
161 161 5 15 0.012803147 
679 609 8 18 0.012795072 
199 394 5 12 0.012789039 
116 310 9 18 0.012787082 
314 471 4 11 0.012775476 
171 161 5 15 0.012764054 
7 246 6 20 0.012762672 
236 667 5 9 0.012760863 
302 447 5 10 0.012742825 
27 386 9 20 0.012742657 
247 256 10 28 0.0127365645 
27 288 10 22 0.012735676 
300 486 5 9 0.012729754 
236 187 6 17 0.012703401 
150 499 4 9 0.012703055 
348 586 6 12 0.012689624 
859 604 10 25 0.01268804 
835 377 8 17 0.012684934 
971 680 11 20 0.012669106 
206 262 9 19 0.01266387 
143 244 12 25 0.012658786 
274 407 5 11 0.012655979 
145 171 6 19 0.012624485 
467 623 8 15 0.012590456 
257 347 18 19 0.012588731 
228 585 13 18 0.012583219 
362 222 12 22 0.012577396 
364 324 9 17 0.012563826 
424 469 86 102 0.0125532765 
666 531 15 31 0.0125488555 
980 624 7 14 0.012539216 
800 417 8 15 0.012533172 
546 243 32 69 0.012532535 
596 241 6 15 0.012531825 
154 269 18 34 0.012520614 
757 338 9 22 0.012520218 
404 470 7 15 0.012498837 
466 199 5 17 0.01249865 
694 578 11 22 0.012465733 
257 446 7 14 0.01246207 
1018 121 6 21 0.012459918 
181 216 7 13 0.012444383 
16 323 176 216 0.012441864 
196 418 7 14 0.012435387 
780 397 13 29 0.012417783 
32 174 5 18 0.012397299 
463 381 43 66 0.012377175 
594 483 6 15 0.012348365 
168 204 8 13 0.012348168 
413 538 9 25 0.012327273 
45 204 6 14 0.012302803 
261 380 7 14 0.012302559 
374 368 6 14 0.012292488 
158 478 7 17 0.012289656 
153 297 17 38 0.01227852 
545 622 18 39 0.012273183 
781 595 13 28 0.012272901 
260 484 5 12 0.012254838 
90 312 8 17 0.012237194 
642 665 9 12 0.012231143 
718 571 11 19 0.012228899 
670 55 7 26 0.012172097 
128 296 13 23 0.012163844 
887 201 7 13 0.012154622 
619 43 6 26 0.012107787 
894 580 14 25 0.012085119 
875 712 7 19 0.01207623 
899 712 7 20 0.012058056 
406 482 6 15 0.012055642 
478 118 5 23 0.012046161 
160 625 4 12 0.012026827 
492 173 6 17 0.012026639 
903 261 97 119 0.012022441 
491 555 9 21 0.011998224 
208 589 9 10 0.011994088 
441 300 7 17 0.011987387 
59 158 5 20 0.01198295 
392 585 5 17 0.01198282 
847 585 7 14 0.011962655 
184 586 7 12 0.011962114 
123 638 4 11 0.011958906 
311 592 8 23 0.011944639 
296 348 9 20 0.011935553 
274 456 6 12 0.011928441 
374 574 7 13 0.01192212 
1001 659 7 14 0.011890346 
208 312 9 21 0.011886281 
266 246 37 89 0.011883537 
426 112 8 39 0.011872096 
630 450 9 22 0.0118670305 
669 238 7 16 0.011859775 
898 286 8 22 0.011858971 
362 174 7 15 0.011814006 
15 423 7 23 0.011813577 
470 629 17 28 0.011806506 
3 523 7 15 0.011793019 
489 264 31 56 0.011791042 
1016 -1 7 15 0.011782567 
985 400 73 118 0.011774825 
851 470 26 53 0.011773243 
85 470 4 13 0.011771705 
426 503 13 23 0.0117711285 
781 429 9 19 0.01177027 
223 302 8 16 0.011769865 
286 485 5 9 0.011764631 
590 314 8 18 0.011747003 
184 393 6 15 0.011741086 
120 510 5 13 0.011737175 
491 225 9 16 0.011736456 
388 198 8 16 0.011731822 
87 263 37 56 0.011721291 
645 650 7 11 0.0117177665 
605 34 7 19 0.011710617 
220 260 9 20 0.0117100375 
474 576 11 24 0.01170915 
990 195 5 23 0.011708592 
366 350 6 16 0.011704791 
566 573 13 27 0.011704378 
581 187 6 18 0.011693715 
527 542 10 16 0.011689213 
502 684 9 17 0.01168707 
478 147 6 20 0.011676875 
801 431 7 14 0.011660411 
950 403 9 18 0.011641385 
280 224 18 41 0.011632823 
452 457 9 14 0.011611812 
874 200 7 13 0.011605761 
670 211 7 17 0.011601463 
402 366 8 12 0.011591471 
70 443 5 14 0.011586571 
827 462 33 70 0.011579748 
82 393 8 16 0.011571209 
641 700 13 19 0.01157037 
917 367 33 68 0.011549904 
110 626 4 14 0.011531149 
450 469 9 14 0.011516228 
607 186 5 16 0.011515236 
720 67 7 28 0.011505591 
892 374 38 71 0.011505176 
312 524 5 11 0.011500802 
787 348 31 60 0.011494651 
593 521 5 12 0.011493399 
200 625 4 12 0.011479263 
880 308 37 49 0.011477602 
263 391 6 12 0.01146716 
382 202 84 98 0.011455673 
323 567 9 21 0.011444846 
489 672 9 16 0.011430601 
167 425 11 24 0.011430202 
874 188 6 13 0.0114145605 
491 413 9 13 0.01140067 
518 335 32 66 0.011397728 
341 234 30 60 0.011397656 
307 327 11 27 0.011393021 
557 521 6 11 0.011392037 
862 581 9 19 0.011388209 
627 492 80 138 0.011379211 
32 160 5 18 0.011367679 
285 296 12 27 0.011365872 
388 391 8 14 0.011353389 
708 573 10 20 0.011353378 
529 699 8 16 0.011339278 
338 340 6 15 0.011330344 
862 151 5 13 0.011327497 
178 -186 368 115 0.011324352 
361 309 11 24 0.011318861 
771 352 31 70 0.011314457 
237 294 6 13 0.011302261 
861 594 11 22 0.01129779 
604 275 13 33 0.011274566 
608 174 5 15 0.011265489 
134 638 4 11 0.011257706 
360 482 6 15 0.011253608 
142 285 14 27 0.011251827 
93 284 14 21 0.011251661 
231 350 12 20 0.011247482 
593 198 6 18 0.011247371 
294 263 15 33 0.011244105 
819 659 12 15 0.0112248035 
477 400 13 16 0.011218122 
697 231 6 12 0.0112127755 
12 30 17 28 0.0112017365 
57 172 6 19 0.011192746 
959 688 12 28 0.011189896 
364 585 6 14 0.011188028 
211 316 76 122 0.011178474 
822 58 8 21 0.011173975 
845 343 31 57 0.0111654885 
490 544 9 20 0.011161973 
604 294 10 26 0.011156232 
463 307 10 22 0.011148843 
358 233 12 26 0.011131451 
477 524 10 21 0.01112994 
971 670 12 18 0.011127559 
128 276 10 19 0.011124526 
747 570 9 16 0.011121148 
323 606 7 18 0.011110382 
196 407 6 12 0.011090942 
140 305 15 31 0.01108977 
183 414 9 18 0.011081417 
984 297 25 66 0.011067149 
875 163 5 14 0.011061139 
435 565 11 23 0.011053182 
453 563 10 20 0.01105227 
131 160 8 16 0.011049242 
272 560 7 13 0.01103333 
60 431 5 13 0.010988954 
92 506 7 19 0.01098254 
223 162 5 17 0.010971565 
280 309 17 28 0.010961428 
421 553 10 21 0.010957385 
26 471 11 17 0.010940056 
312 487 5 9 0.010930567 
233 577 7 8 0.010926505 
334 291 14 27 0.0109237805 
252 165 6 13 0.010917604 
907 386 15 36 0.010901166 
374 711 9 15 0.010897763 
736 344 20 32 0.010895732 
386 511 7 13 0.0108935125 
635 638 5 12 0.010892336 
819 670 11 17 0.010881599 
402 92 6 28 0.01088105 
470 240 32 55 0.010869683 
50 203 33 52 0.01085456 
880 668 16 25 0.010852732 
274 588 7 17 0.01084432 
274 446 5 12 0.010843358 
489 593 9 19 0.010840018 
119 483 4 11 0.010837258 
492 187 5 16 0.010835241 
991 717 30 117 0.010831345 
569 445 5 13 0.010814434 
251 394 5 10 0.01079912 
84 482 5 16 0.010792261 
232 260 9 22 0.010776919 
986 683 9 19 0.010775018 
350 342 6 13 0.01076309 
1009 474 31 67 0.010752774 
287 432 5 10 0.010740096 
739 389 27 57 0.010720031 
502 97 6 14 0.010706115 
31 188 6 16 0.010705059 
131 313 11 21 0.010692941 
234 277 8 18 0.010692462 
376 585 5 14 0.010681043 
114 173 12 19 0.01068058 
618 216 7 14 0.010676297 
567 173 7 17 0.01066884 
945 653 13 15 0.010666199 
1013 -141 13 33 0.010653692 
879 619 47 71 0.010644306 
478 543 9 19 0.010630305 
658 213 7 16 0.010625407 
143 274 12 23 0.010609509 
258 253 13 32 0.010605166 
221 676 8 12 0.010580158 
515 520 9 16 0.010579629 
629 701 10 17 0.0105761755 
314 511 6 10 0.010571256 
388 310 9 20 0.010569132 
556 447 5 12 0.010568196 
771 584 9 18 0.010565049 
877 149 5 15 0.010558556 
477 134 6 22 0.010556605 
467 433 5 12 0.010551973 
404 492 8 17 0.010548941 
729 298 14 27 0.010541772 
489 683 9 18 0.010526782 
565 604 11 24 0.010523454 
274 153 7 10 0.010502597 
621 -187 339 121 0.0105016045 
501 517 8 17 0.01050151 
634 663 6 12 0.010494744 
28 271 9 24 0.010430902 
721 225 8 15 0.010429982 
137 243 144 216 0.010425941 
349 598 6 13 0.010402227 
242 330 20 27 0.010401471 
386 712 10 16 0.010399414 
387 296 11 25 0.01039769 
158 496 5 13 0.010386177 
798 712 7 15 0.010367168 
906 601 18 33 0.010366088 
551 558 10 17 0.010361466 
898 273 8 24 0.010360322 
232 683 9 20 0.010352337 
629 686 9 18 0.010339329 
528 393 34 76 0.010332409 
962 122 8 19 0.010330152 
564 615 11 29 0.010323893 
109 326 8 18 0.010315129 
633 673 7 15 0.010308558 
888 189 7 14 0.0102966465 
196 438 12 21 0.010271661 
70 188 8 15 0.010266484 
262 368 8 13 0.010254891 
452 445 8 15 0.010246455 
629 18 9 18 0.010229011 
952 123 7 18 0.010228525 
260 497 5 10 0.010213377 
347 197 73 92 0.010204733 
607 217 6 14 0.010202302 
478 200 6 16 0.010178464 
362 571 8 13 0.010175486 
360 558 8 13 0.010174588 
34 402 6 17 0.010169553 
281 184 14 21 0.010161922 
390 327 7 16 0.010159641 
187 161 5 15 0.010158605 
943 669 19 30 0.010157416 
800 187 5 15 0.010152124 
441 49 5 17 0.010148215 
619 484 6 14 0.010136553 
650 680 17 22 0.010130221 
44 187 6 17 0.010125281 
899 -181 140 98 0.010125249 
693 637 8 17 0.010122669 
235 175 5 15 0.010113718 
184 577 6 8 0.0101116905 
146 204 8 15 0.010102591 
360 495 6 11 0.010094746 
954 157 6 23 0.010092306 
850 636 8 18 0.010090911 
927 654 36 72 0.010045742 
109 649 4 14 0.010040598 
673 462 34 57 0.010035907 
322 335 8 19 0.010031464 
452 410 9 22 0.010024936 
119 496 4 12 0.010023298 
501 414 8 13 0.010017155 
