0_Parade_Parade_0_470
1707
315 365 93 111 0.9998833 
470 325 82 104 0.9997501 
119 462 92 113 0.9997292 
468 141 51 72 0.99972206 
598 243 84 98 0.99968386 
150 164 78 102 0.9996536 
843 225 45 77 0.99959594 
332 155 50 85 0.999584 
36 157 97 106 0.9994962 
902 169 53 75 0.9994579 
623 128 56 89 0.9992969 
933 262 58 80 0.999148 
417 194 70 91 0.9981048 
856 173 43 68 0.9976471 
711 223 53 98 0.9974637 
219 166 76 91 0.9966557 
300 228 62 96 0.9963331 
541 178 56 100 0.99481803 
762 168 19 32 0.9926354 
778 222 59 91 0.99109143 
0 147 28 54 0.949554 
279 168 29 56 0.7780835 
982 136 26 36 0.28858793 
39 77 34 54 0.28165573 
788 178 25 35 0.27527326 
3 56 21 31 0.19676211 
253 197 78 81 0.16574174 
818 183 14 26 0.14749333 
291 357 38 75 0.12250972 
599 164 15 25 0.11754595 
966 38 9 13 0.10995496 
326 131 22 34 0.10983904 
972 39 9 12 0.09998247 
4 92 37 58 0.094344676 
676 200 14 24 0.09196698 
715 188 15 20 0.09177987 
887 415 23 29 0.091096096 
517 128 18 35 0.09074217 
2 50 14 23 0.089010805 
667 201 15 28 0.08795242 
933 55 10 12 0.080602296 
779 183 43 56 0.07920507 
846 165 11 14 0.07470709 
0 505 17 40 0.07425208 
943 167 67 87 0.0706293 
777 172 18 28 0.06862433 
836 165 9 13 0.0657505 
690 198 13 20 0.065626174 
992 268 17 33 0.06536151 
749 147 74 75 0.064305075 
230 148 20 27 0.06415585 
830 198 15 30 0.06253569 
990 77 8 13 0.062462945 
935 37 9 12 0.061968915 
928 54 9 12 0.061359618 
216 582 17 35 0.060848594 
-1 137 75 89 0.059981413 
704 192 14 19 0.058344875 
325 105 22 32 0.05716455 
997 74 9 15 0.056904245 
970 695 15 29 0.056174513 
1000 66 7 11 0.056040145 
238 489 15 37 0.054675583 
830 186 12 23 0.05444334 
7 700 277 189 0.05364298 
988 177 12 20 0.05267965 
718 181 10 16 0.052512985 
258 442 12 18 0.05243314 
727 189 13 20 0.052324697 
451 161 17 28 0.051712584 
978 54 7 10 0.05139575 
746 192 11 18 0.05134 
951 64 8 11 0.05098524 
928 395 25 35 0.050113644 
967 30 6 9 0.049125 
958 162 13 22 0.048768643 
962 75 9 16 0.04806014 
998 181 9 14 0.048059568 
937 31 7 9 0.04782355 
1003 55 5 9 0.047321964 
965 52 7 10 0.0466437 
803 167 16 21 0.046172757 
823 167 9 13 0.044571575 
967 185 16 31 0.044382837 
951 53 7 10 0.043825813 
301 173 19 32 0.04322189 
831 176 13 20 0.043155592 
1001 190 8 14 0.042743947 
963 155 9 13 0.042460006 
927 39 8 12 0.042287726 
836 160 6 9 0.04214714 
27 87 76 83 0.041580852 
381 506 76 125 0.041457526 
37 51 11 15 0.041033126 
961 673 8 22 0.04050362 
988 84 9 16 0.04042174 
958 189 16 25 0.040419534 
964 65 7 10 0.04041486 
308 536 8 20 0.039687447 
468 206 42 83 0.039496403 
29 52 11 16 0.039402056 
996 96 12 27 0.039401278 
11 383 90 141 0.03939841 
694 116 9 15 0.039350506 
851 115 7 20 0.03880597 
243 129 81 94 0.0386303 
706 180 9 13 0.03860909 
847 159 8 12 0.03836375 
752 194 15 26 0.038295586 
774 523 6 19 0.03763665 
1012 203 10 18 0.037603896 
1003 42 5 8 0.037491754 
901 127 10 21 0.036934458 
756 180 16 27 0.036871627 
956 175 16 27 0.0366596 
773 142 8 17 0.036546938 
773 507 6 18 0.036528386 
904 130 14 28 0.03648137 
25 60 14 19 0.03626741 
963 82 10 18 0.03600046 
951 72 10 17 0.035762284 
42 108 26 42 0.035640035 
1002 201 9 19 0.035574995 
98 261 17 29 0.035515744 
1017 180 7 15 0.035494465 
506 52 5 13 0.03548302 
976 31 6 8 0.035196725 
91 362 9 32 0.03438735 
837 429 21 26 0.034365334 
26 732 25 36 0.034105476 
658 100 9 20 0.03394148 
977 63 8 11 0.0339263 
923 186 28 32 0.03372302 
991 67 6 9 0.03359789 
708 169 8 14 0.03351948 
1014 191 9 15 0.03341746 
950 42 7 9 0.033389695 
67 51 12 16 0.03313507 
769 152 11 19 0.0330536 
942 649 7 18 0.032971773 
961 666 7 16 0.032929827 
688 207 17 31 0.03284287 
263 452 16 28 0.03272515 
683 195 8 16 0.032648064 
780 138 11 20 0.032638527 
989 55 6 9 0.032582823 
653 342 49 100 0.03257757 
825 158 7 10 0.03223185 
702 208 18 32 0.032223288 
105 339 8 26 0.03207942 
809 156 9 13 0.032055166 
847 250 73 90 0.031782128 
566 53 8 12 0.031760395 
938 536 6 14 0.031662002 
998 84 9 19 0.031635378 
9 493 13 34 0.031577516 
1002 211 11 20 0.031464938 
988 97 12 25 0.031417772 
958 240 74 95 0.031248946 
220 497 11 22 0.031120388 
3 38 9 18 0.031080356 
1 536 77 124 0.030899456 
49 66 18 20 0.030857947 
130 198 16 27 0.03065911 
727 198 17 25 0.030582312 
22 72 16 24 0.030580198 
288 151 17 24 0.030507779 
911 11 8 11 0.030344564 
3 368 46 113 0.030300215 
973 533 10 27 0.030166425 
10 565 14 39 0.030111255 
106 366 8 25 0.030098367 
972 177 13 23 0.030062368 
1011 238 13 23 0.030059693 
1 495 11 28 0.030048342 
14 67 41 59 0.03001215 
848 138 9 19 0.029853014 
885 22 7 13 0.029756142 
811 527 4 12 0.02965847 
492 116 38 60 0.029626938 
553 232 87 96 0.029598592 
556 53 6 12 0.029563345 
762 537 5 18 0.029524496 
50 70 27 33 0.029474454 
846 177 13 19 0.029462563 
717 169 9 15 0.029359406 
835 523 7 21 0.02934799 
663 197 29 53 0.029292665 
638 101 11 21 0.029077569 
593 199 39 69 0.029072057 
1015 15 7 13 0.028966652 
929 378 22 33 0.028966377 
486 239 66 90 0.028853083 
977 77 9 13 0.028826592 
366 356 73 103 0.028824992 
231 142 15 18 0.028810674 
1011 213 10 19 0.028755354 
725 176 75 80 0.028691515 
793 168 16 22 0.028686902 
554 41 7 11 0.028658377 
512 65 11 30 0.028569736 
381 245 19 33 0.028513571 
1016 29 6 11 0.02848385 
519 112 16 27 0.02836991 
832 114 8 21 0.028342102 
794 389 11 27 0.028244985 
1012 228 11 18 0.028180463 
338 133 18 29 0.028101925 
10 521 16 34 0.028038269 
942 378 23 34 0.027988328 
991 349 22 35 0.027955364 
38 62 14 17 0.027922407 
1011 250 15 28 0.02780349 
848 54 7 11 0.027583828 
1013 439 13 27 0.027442597 
12 34 13 21 0.027441954 
1016 41 6 10 0.027414568 
892 336 18 28 0.027381936 
695 749 7 17 0.027306061 
191 338 11 28 0.0272065 
12 335 12 38 0.027184047 
1 648 9 22 0.027170744 
750 205 18 37 0.027169473 
61 549 17 34 0.027083931 
-35 120 1339 1111 0.027040252 
347 33 10 26 0.02702961 
194 328 9 25 0.026970081 
657 72 9 21 0.02692562 
928 29 7 10 0.026892643 
315 167 35 62 0.026885409 
5 71 23 42 0.026866028 
307 518 10 25 0.026844611 
242 473 10 22 0.02666996 
154 126 11 20 0.026439685 
955 536 6 16 0.026433311 
955 664 6 16 0.026365977 
996 251 16 30 0.026274495 
128 154 11 17 0.026253557 
68 41 9 14 0.02624093 
781 377 11 29 0.02619445 
902 12 7 11 0.026160503 
976 678 7 16 0.02611983 
92 342 8 24 0.02611284 
116 152 12 21 0.026092561 
596 345 21 38 0.026032899 
515 279 27 46 0.026021862 
994 127 17 27 0.026020052 
886 592 7 14 0.026009127 
1015 64 8 13 0.026004141 
21 -5 19 24 0.025969006 
881 297 14 24 0.02595523 
63 669 11 30 0.025938127 
682 175 66 85 0.025927898 
856 112 9 22 0.02591139 
658 86 7 19 0.025864344 
988 42 7 9 0.025839219 
2 569 9 31 0.025821038 
251 282 18 40 0.025731105 
695 105 7 13 0.025690489 
522 156 16 31 0.025648879 
937 127 8 16 0.02563625 
765 222 21 36 0.025579428 
1013 688 11 20 0.02554466 
954 670 8 24 0.025481082 
800 537 5 15 0.025438182 
235 494 11 24 0.025417592 
976 86 9 15 0.025327861 
967 203 18 39 0.025295109 
801 527 5 13 0.02523602 
703 116 10 17 0.025183184 
706 730 9 14 0.025170637 
1015 54 6 11 0.025118228 
104 388 10 34 0.02510198 
239 395 78 121 0.02509652 
437 157 69 83 0.02509035 
748 179 10 15 0.025001721 
981 263 20 32 0.024968743 
167 125 12 22 0.024959035 
887 156 10 16 0.02493818 
730 182 9 14 0.024926608 
898 61 10 15 0.024925675 
836 515 6 14 0.024886124 
812 537 4 14 0.024885353 
174 132 85 98 0.02478069 
179 121 13 26 0.024760732 
239 138 17 23 0.024757775 
169 109 10 25 0.024697237 
604 53 6 14 0.024662664 
389 739 25 23 0.024658738 
848 62 9 13 0.02464097 
228 570 14 30 0.024608016 
379 190 68 98 0.024481406 
641 74 7 18 0.024425559 
58 435 90 123 0.024404816 
944 237 42 59 0.024390245 
1013 301 13 25 0.024351126 
62 62 16 20 0.024346992 
217 558 12 25 0.024312515 
576 428 12 25 0.024234505 
727 29 12 27 0.024228469 
936 547 7 16 0.024130147 
768 378 12 27 0.024111161 
323 261 73 83 0.024067193 
938 526 7 15 0.024056211 
860 62 8 14 0.023961779 
806 185 33 57 0.02394462 
365 256 20 40 0.023942059 
-32 644 145 215 0.023894245 
786 527 5 14 0.023866892 
1004 32 5 7 0.02386236 
22 19 16 26 0.023805395 
706 738 9 15 0.023804039 
738 717 7 11 0.023785636 
818 651 9 18 0.023776453 
826 193 28 52 0.02377533 
168 421 78 114 0.023773016 
904 403 20 25 0.02376779 
693 87 8 20 0.023733208 
742 715 9 14 0.023700675 
193 445 9 22 0.02368612 
8 -133 44 87 0.023671106 
180 447 11 22 0.023646805 
340 325 19 31 0.023617843 
240 117 18 32 0.023610681 
115 335 11 33 0.02357035 
208 327 9 21 0.023544058 
92 385 10 37 0.02349886 
1001 224 11 21 0.023453817 
574 410 14 28 0.023256505 
32 -4 16 20 0.023253575 
937 72 11 16 0.023235712 
999 236 13 24 0.023195757 
812 515 6 12 0.023153227 
473 296 35 57 0.023151597 
952 156 9 13 0.023144657 
115 394 14 41 0.023132434 
239 482 8 20 0.023114694 
75 52 12 15 0.023066994 
939 512 6 15 0.02306684 
911 63 9 12 0.023043757 
278 200 19 39 0.023042245 
555 688 6 20 0.023036124 
993 324 18 35 0.023018274 
951 31 6 7 0.023015017 
13 22 15 25 0.023006944 
121 355 90 120 0.022950841 
856 137 10 23 0.022909462 
901 54 7 12 0.022780335 
103 446 10 21 0.022744833 
886 72 9 18 0.022741687 
305 503 12 29 0.02273172 
965 686 9 22 0.022712741 
835 102 7 14 0.022683986 
295 385 19 38 0.022655703 
964 146 7 11 0.022565821 
893 395 18 22 0.022462768 
908 592 10 21 0.022380713 
973 161 13 22 0.022377906 
231 605 13 29 0.022348061 
25 34 12 20 0.022334537 
994 417 19 29 0.022316953 
164 762 15 23 0.022264611 
836 558 6 21 0.022255946 
139 445 15 22 0.022250347 
959 219 16 33 0.02222277 
98 598 45 87 0.022221599 
257 567 13 29 0.022207571 
774 537 5 17 0.022194335 
708 88 8 18 0.022189548 
565 114 8 19 0.022164555 
397 226 14 23 0.022156036 
836 547 6 20 0.0221376 
664 99 9 20 0.022126285 
884 596 10 25 0.02208542 
682 740 9 16 0.022042494 
1016 75 9 16 0.022041857 
181 338 11 29 0.022025079 
506 60 7 18 0.022013286 
516 38 7 16 0.021965446 
895 276 14 25 0.021959467 
386 226 14 23 0.021934338 
298 534 10 21 0.021915155 
35 128 19 35 0.021870472 
959 533 10 24 0.021836603 
857 100 8 15 0.021805737 
207 443 9 21 0.021802248 
948 166 13 19 0.021788234 
904 337 18 31 0.021734452 
791 112 11 28 0.021700704 
860 54 7 12 0.021695435 
123 282 22 37 0.021677965 
758 641 7 12 0.021677537 
694 77 7 19 0.021670775 
516 50 6 15 0.021669755 
294 501 14 33 0.021652533 
674 270 16 37 0.02158314 
921 377 17 29 0.021562833 
204 579 19 35 0.02155529 
115 370 29 78 0.021538023 
22 462 88 137 0.02152899 
279 263 15 29 0.021520726 
777 450 15 17 0.021519229 
937 137 9 16 0.021465171 
952 548 7 16 0.021457028 
-1 266 14 42 0.02144504 
401 637 6 18 0.021424519 
32 533 196 259 0.021380322 
92 433 9 23 0.021361368 
269 557 14 29 0.021354653 
708 102 8 14 0.02131793 
607 349 22 34 0.021306802 
879 381 19 27 0.021291036 
941 659 7 20 0.02127777 
875 99 8 15 0.021256885 
698 182 7 12 0.021228258 
264 433 13 25 0.021159247 
832 362 15 30 0.021158027 
909 70 13 21 0.021156942 
12 650 11 24 0.021148553 
815 657 12 24 0.021121757 
386 104 11 33 0.021090213 
576 454 13 26 0.021085031 
1008 419 17 24 0.021069748 
755 376 13 28 0.02104879 
1011 325 16 29 0.020981934 
57 113 22 39 0.020957332 
920 390 40 73 0.020950017 
12 634 10 27 0.020947676 
555 675 7 23 0.020945383 
566 43 7 10 0.020933088 
239 474 7 17 0.020928433 
923 13 8 10 0.02092589 
709 78 6 17 0.020922601 
114 456 17 25 0.020895302 
80 473 9 17 0.020889945 
1001 472 6 18 0.020862805 
10 -4 19 24 0.02083691 
338 108 17 28 0.020792764 
1012 289 13 23 0.020767154 
53 25 9 16 0.020760996 
925 138 8 17 0.020752061 
64 471 10 20 0.020751707 
665 33 16 22 0.020743739 
923 73 11 17 0.02071065 
754 291 42 86 0.020700408 
38 39 10 15 0.020686494 
324 126 14 22 0.020632727 
922 260 17 31 0.02061502 
977 129 11 18 0.020601805 
641 203 43 70 0.020573063 
687 87 8 18 0.020571083 
800 167 29 46 0.020514851 
634 74 7 18 0.020461002 
868 441 20 33 0.020432638 
1010 271 15 28 0.020421779 
853 413 17 25 0.020400995 
951 143 7 12 0.02038982 
598 582 18 32 0.020337986 
117 447 12 18 0.02030277 
93 327 7 23 0.02029318 
852 100 7 15 0.020260734 
787 116 9 17 0.020240733 
48 566 16 33 0.020238958 
975 309 78 97 0.020212064 
504 70 9 25 0.020191181 
193 656 10 25 0.020169793 
787 538 5 15 0.020158933 
880 440 17 32 0.020155732 
284 141 11 18 0.02011649 
9 265 17 43 0.020107614 
565 688 8 18 0.020070916 
784 510 6 15 0.020051824 
190 459 11 21 0.020022357 
187 151 18 23 0.020016901 
268 532 13 24 0.020012068 
707 723 6 11 0.019973002 
4 -148 273 137 0.01996788 
103 458 13 21 0.019953232 
104 431 9 24 0.019945955 
976 522 7 21 0.019908346 
871 85 10 18 0.019895868 
885 16 7 11 0.019882705 
812 145 6 12 0.019851767 
794 137 10 18 0.019835599 
126 376 17 39 0.019777657 
875 112 7 18 0.019770747 
619 88 7 16 0.019768106 
565 677 10 19 0.019743642 
544 680 6 20 0.01974105 
786 124 10 20 0.01973281 
911 275 13 25 0.0196941 
863 560 7 20 0.019676536 
642 86 8 18 0.019663459 
928 537 6 14 0.019660583 
188 271 17 32 0.019649044 
750 547 5 18 0.019629974 
840 205 21 36 0.019626614 
952 388 22 32 0.019623075 
117 380 12 32 0.019591631 
851 590 5 15 0.01958071 
53 53 12 15 0.019570297 
253 504 12 28 0.019569926 
1003 17 6 8 0.01954366 
976 98 11 20 0.019540189 
155 154 14 17 0.019529188 
9 241 18 44 0.019509984 
242 148 36 57 0.019506015 
855 124 10 25 0.019485047 
51 552 16 33 0.019455982 
778 -159 273 170 0.0194332 
914 702 8 15 0.019430093 
307 193 15 30 0.019429797 
687 103 6 13 0.019421233 
805 390 11 24 0.019420896 
866 306 17 31 0.019410329 
298 545 10 21 0.019398348 
253 150 17 29 0.019369638 
80 340 9 25 0.019259216 
890 296 16 29 0.01924299 
454 154 11 19 0.019236257 
793 366 10 25 0.019230392 
73 568 15 28 0.019216467 
828 516 4 11 0.019208694 
761 524 6 18 0.019205092 
952 556 8 20 0.019198406 
887 63 9 15 0.019197127 
883 85 10 18 0.019180747 
116 364 11 29 0.019139549 
278 566 15 36 0.019136848 
1016 4 6 10 0.019099679 
656 63 7 18 0.019086817 
885 466 9 25 0.019073052 
619 76 6 16 0.01903224 
717 86 8 21 0.019024557 
899 117 8 14 0.019021412 
921 394 20 24 0.019017398 
827 525 4 13 0.019015765 
886 115 8 15 0.018945761 
78 39 10 14 0.018942887 
794 75 12 19 0.018927127 
34 6 13 21 0.018921936 
901 36 7 14 0.018912125 
387 635 8 21 0.018901989 
708 766 6 17 0.018898726 
388 136 9 24 0.018877333 
762 189 20 34 0.018875957 
256 530 13 27 0.018859427 
633 103 8 17 0.018852122 
576 278 19 37 0.018845994 
923 151 12 21 0.018828472 
989 351 44 76 0.01878975 
143 154 12 15 0.01873521 
11 474 13 31 0.018688198 
151 446 15 21 0.018685998 
577 444 11 21 0.018679919 
338 48 7 17 0.018672865 
170 448 10 19 0.018671261 
884 101 8 15 0.018658603 
837 146 7 12 0.01864779 
667 24 14 17 0.018645145 
963 526 7 17 0.018640842 
543 40 6 12 0.018620469 
12 311 11 30 0.01860817 
219 547 10 23 0.018607134 
111 262 15 28 0.018594567 
834 75 8 14 0.018593015 
990 33 5 7 0.018573578 
606 73 6 19 0.018551651 
858 156 9 16 0.018543996 
969 20 5 7 0.018535864 
564 59 10 22 0.018507866 
115 287 16 28 0.01847952 
19 513 18 36 0.018473743 
948 649 7 18 0.018459111 
63 454 11 22 0.018430661 
717 393 10 21 0.018411122 
221 444 8 20 0.018373115 
2 23 9 19 0.018358747 
590 432 11 21 0.018331802 
53 672 9 26 0.018321373 
929 549 7 15 0.018290853 
943 641 5 16 0.018289046 
176 774 17 28 0.018257251 
586 357 19 41 0.01824391 
537 151 12 22 0.018233148 
899 485 8 20 0.018213091 
349 507 10 26 0.0182118 
914 475 9 19 0.018201623 
412 634 8 24 0.018193299 
517 254 66 99 0.018178403 
322 549 9 16 0.018177805 
524 181 16 33 0.018145703 
748 536 6 19 0.018138235 
168 338 10 27 0.018054618 
35 568 14 31 0.018030934 
596 86 6 17 0.018000258 
54 38 10 16 0.017982135 
898 474 8 18 0.01796667 
981 208 16 32 0.017955597 
748 49 7 16 0.017945323 
99 283 16 30 0.017935427 
103 467 15 28 0.01791014 
905 590 7 16 0.017895693 
4 172 33 86 0.0178843 
826 536 5 15 0.017883614 
1 323 10 31 0.017874787 
801 513 5 13 0.017869918 
543 689 5 22 0.017851163 
358 502 11 31 0.017815249 
400 649 8 20 0.01780373 
382 267 15 34 0.017801723 
387 652 7 17 0.017801654 
564 354 13 27 0.017792555 
965 402 21 31 0.01777801 
979 511 6 18 0.017744435 
386 619 9 26 0.017739788 
188 469 14 26 0.017727055 
632 88 7 16 0.017684113 
901 25 8 14 0.01768388 
108 591 21 39 0.01766537 
125 450 43 60 0.017645422 
168 141 11 15 0.017642422 
27 566 14 35 0.017634219 
80 362 10 28 0.017629625 
806 494 9 18 0.01761668 
190 701 13 24 0.01761514 
664 72 9 23 0.01760241 
180 140 12 17 0.017569343 
194 310 11 27 0.017561195 
246 408 8 20 0.017535761 
156 112 9 21 0.017516056 
925 638 6 17 0.017501086 
762 452 26 26 0.017496709 
205 313 11 24 0.017448615 
773 549 6 18 0.017421136 
644 63 6 16 0.017406998 
588 415 12 25 0.017404607 
899 72 10 18 0.017401768 
505 126 72 92 0.017355094 
939 17 6 8 0.017339895 
712 210 21 32 0.017337937 
984 195 15 27 0.017329708 
997 312 13 29 0.017326543 
207 342 10 21 0.017305648 
895 151 12 20 0.017257128 
358 285 14 32 0.017257128 
154 337 11 29 0.017236436 
605 60 6 17 0.017199457 
335 566 42 75 0.017163593 
976 110 11 20 0.017148966 
790 80 14 29 0.017148621 
824 146 6 12 0.017119223 
869 465 13 30 0.017103497 
93 461 9 17 0.017097212 
118 431 10 23 0.017096132 
686 76 7 18 0.017089728 
535 162 16 28 0.017088978 
598 74 5 16 0.017067652 
836 86 8 16 0.017064406 
195 426 11 28 0.017042065 
788 560 5 17 0.01700371 
601 611 11 16 0.016999703 
854 441 14 24 0.016970094 
981 499 5 16 0.016965099 
890 694 6 10 0.016956113 
137 272 18 37 0.016951744 
255 463 16 28 0.016933301 
35 21 13 21 0.016901152 
231 362 11 23 0.01689663 
91 471 11 19 0.016886346 
655 109 12 23 0.016886171 
923 3 8 9 0.016885996 
911 4 8 10 0.01686848 
1013 147 12 23 0.01686526 
837 571 6 20 0.016850792 
585 159 33 52 0.016832259 
324 540 7 15 0.01682168 
205 427 10 26 0.016820198 
411 673 13 32 0.016810155 
863 39 7 12 0.016803056 
799 551 5 16 0.016784986 
233 509 14 33 0.016784128 
781 401 12 28 0.016769286 
908 147 13 23 0.016765198 
552 154 11 16 0.01675148 
248 461 7 15 0.016735993 
323 523 8 18 0.016674139 
63 502 13 30 0.016673747 
926 622 7 19 0.01667353 
762 547 6 18 0.016671669 
113 123 13 25 0.016647343 
66 235 44 72 0.016641168 
911 55 8 11 0.016629258 
194 674 9 21 0.016628908 
103 310 12 29 0.016619485 
136 293 18 33 0.016599568 
534 436 15 41 0.01659117 
348 651 7 18 0.01658963 
190 686 12 26 0.016587801 
156 142 9 13 0.016585447 
64 649 11 24 0.016580502 
448 361 15 34 0.016565485 
425 266 40 80 0.016561711 
595 155 9 16 0.01654776 
795 416 12 28 0.016539235 
430 471 38 82 0.016533867 
917 525 6 16 0.016532533 
299 564 41 88 0.01653189 
555 58 9 19 0.01653169 
992 152 17 29 0.016530836 
925 305 83 94 0.016524464 
78 458 10 19 0.016511736 
436 175 14 23 0.016509637 
716 437 16 35 0.016508933 
207 530 10 26 0.016508933 
12 359 13 37 0.016498951 
823 379 43 67 0.016493952 
141 335 11 31 0.016491406 
1014 108 13 29 0.016475381 
936 559 8 18 0.016472971 
191 579 14 28 0.016460259 
528 40 7 14 0.016458994 
739 204 20 39 0.016448364 
64 418 11 29 0.016431877 
77 325 10 26 0.016427044 
565 430 11 23 0.016410666 
961 97 10 20 0.016374838 
916 535 6 16 0.01635936 
926 127 8 18 0.016344922 
11 541 15 32 0.01633226 
892 381 17 25 0.01631993 
7 129 22 37 0.016297301 
128 446 15 19 0.016286701 
961 496 8 22 0.016285954 
862 590 6 14 0.01627127 
116 141 11 18 0.016263738 
241 374 12 28 0.016261296 
398 135 8 25 0.016252985 
220 329 9 20 0.016246643 
976 19 6 7 0.016234467 
102 148 17 26 0.016226787 
246 557 11 23 0.016204765 
128 346 13 35 0.016196579 
1015 163 11 19 0.016187122 
151 624 16 42 0.016186211 
927 358 93 124 0.016176395 
747 315 162 198 0.01617261 
542 701 6 22 0.016161762 
898 678 8 14 0.016155602 
860 88 8 15 0.016137006 
760 512 6 16 0.016135883 
23 146 18 34 0.016093608 
222 140 12 16 0.016063059 
230 557 12 26 0.016051726 
385 488 11 32 0.016050732 
232 125 14 22 0.016044978 
245 570 11 25 0.016002515 
139 162 17 24 0.01600043 
557 113 8 18 0.015994273 
694 761 9 24 0.015993884 
913 99 10 16 0.015993 
684 233 37 74 0.015989862 
282 546 12 24 0.01597068 
1 469 10 24 0.015966812 
744 206 34 63 0.015956637 
774 132 6 12 0.015931295 
-1 243 15 41 0.015918128 
190 120 12 27 0.015902555 
549 162 16 26 0.015901675 
745 65 7 12 0.01589998 
549 430 11 27 0.015883105 
514 648 10 13 0.01587356 
785 102 8 20 0.01587166 
221 431 8 23 0.01586715 
385 662 9 20 0.015854748 
705 756 7 12 0.015852345 
863 525 5 16 0.015839472 
0 544 11 27 0.015828727 
601 625 9 15 0.015825283 
967 225 19 37 0.015819388 
136 453 23 32 0.015816404 
372 677 8 19 0.01581284 
684 750 9 19 0.015797041 
330 93 13 17 0.015791379 
935 153 11 17 0.015787348 
950 128 7 15 0.01577637 
437 162 33 50 0.015775882 
281 489 14 30 0.01576518 
590 170 17 28 0.015759809 
325 102 14 18 0.015756022 
848 329 144 172 0.015755609 
239 602 15 33 0.01573124 
181 630 12 34 0.015728345 
827 113 7 20 0.015728286 
731 393 10 19 0.015727239 
821 351 15 28 0.015723696 
288 720 7 13 0.01572197 
211 265 21 38 0.015691407 
88 265 19 32 0.015684402 
666 87 8 20 0.0156792 
122 166 38 65 0.015666604 
165 626 14 39 0.015654223 
69 537 18 43 0.01564591 
940 671 8 19 0.01563964 
5 531 32 78 0.015627855 
816 669 12 27 0.015613982 
100 119 18 31 0.015602962 
7 -127 26 37 0.0155941555 
958 408 18 30 0.015588951 
318 323 49 71 0.015553333 
781 151 10 19 0.015553021 
286 728 10 18 0.015539016 
784 86 10 24 0.015533715 
77 483 12 23 0.015527981 
723 34 9 20 0.015514416 
704 417 14 23 0.015505176 
912 116 9 16 0.015491243 
293 142 11 17 0.0154752685 
222 343 10 19 0.015472791 
1001 483 5 17 0.015469922 
165 152 17 21 0.01544878 
122 583 36 81 0.015440688 
944 363 20 30 0.01543694 
77 443 12 23 0.015399776 
255 477 14 31 0.015395418 
565 443 10 23 0.015394031 
439 165 11 20 0.015391623 
1014 454 11 23 0.015384008 
885 326 14 26 0.015382117 
494 51 5 14 0.015378984 
798 156 9 14 0.015378081 
699 171 7 13 0.015372319 
901 564 6 13 0.015370168 
398 108 9 31 0.01535389 
749 641 6 13 0.015329501 
706 136 8 18 0.015325729 
530 693 5 20 0.015320951 
284 517 12 25 0.015301396 
601 155 13 20 0.015299586 
242 524 13 32 0.01529142 
232 372 11 29 0.015279248 
1015 469 8 20 0.0152684245 
2 12 9 19 0.015268239 
633 64 6 15 0.015223361 
136 375 17 38 0.015221994 
830 467 16 31 0.015200723 
268 577 15 34 0.01519834 
218 531 11 26 0.0151710985 
481 247 20 42 0.015169139 
834 417 15 24 0.015164525 
60 296 17 36 0.015164019 
896 258 15 34 0.015155883 
578 52 6 12 0.0151529275 
794 62 10 14 0.015152558 
462 403 16 41 0.01513974 
232 435 8 18 0.01512518 
262 362 44 76 0.015124242 
964 654 6 13 0.015124233 
569 276 35 79 0.0151101565 
717 100 9 17 0.015110065 
884 408 18 23 0.01509663 
525 103 11 20 0.015086459 
718 156 8 17 0.015083065 
683 719 6 11 0.015079356 
323 50 7 15 0.015060359 
362 679 7 15 0.015051045 
715 408 11 20 0.015049074 
463 321 16 32 0.0150470175 
74 122 15 25 0.015039576 
207 559 11 22 0.015039506 
116 309 13 30 0.0150333075 
877 26 7 11 0.015029833 
104 413 10 31 0.015018148 
792 50 13 17 0.015016878 
177 152 18 22 0.0150151225 
993 547 6 20 0.015010912 
283 531 12 22 0.015009143 
955 361 20 32 0.015007007 
686 655 5 11 0.0149891 
886 37 7 13 0.014982019 
164 753 14 16 0.014958373 
760 297 23 39 0.014950499 
747 630 5 11 0.014950149 
952 84 9 17 0.014941406 
870 283 78 91 0.014938635 
889 142 7 15 0.014938087 
206 545 10 24 0.01492465 
787 551 5 15 0.01491563 
400 621 7 21 0.014913733 
171 348 101 123 0.014911434 
707 158 8 15 0.014906294 
899 101 9 16 0.014898271 
827 561 5 16 0.014874517 
362 63 7 16 0.014872764 
252 448 6 13 0.014868379 
691 135 10 20 0.014866799 
39 73 21 27 0.014850243 
916 693 6 12 0.014831028 
988 423 14 24 0.014824524 
849 44 6 10 0.014818967 
1001 459 7 18 0.014806596 
997 296 13 29 0.014798082 
349 664 8 19 0.014779839 
10 407 15 46 0.014772161 
718 115 8 16 0.014769274 
706 406 11 22 0.0147658335 
18 261 40 72 0.014754558 
596 53 6 13 0.014750815 
717 377 11 24 0.0147472955 
161 445 39 66 0.014746803 
922 98 10 18 0.014728516 
394 268 17 34 0.014727839 
409 443 12 23 0.014723315 
217 160 19 26 0.014716356 
807 404 11 22 0.014711186 
589 467 12 25 0.014700773 
863 575 6 16 0.014700133 
749 168 8 15 0.01468794 
366 277 18 41 0.014682351 
910 25 8 14 0.014671732 
1000 441 11 21 0.014658268 
630 273 86 93 0.0146574965 
91 482 13 25 0.014654193 
711 333 18 29 0.014648711 
899 647 9 22 0.014645374 
565 154 10 18 0.014635598 
676 9 13 15 0.014635489 
93 312 9 25 0.014630043 
835 66 7 12 0.0146294115 
416 665 9 24 0.014623969 
731 45 10 19 0.014620567 
605 86 7 17 0.014613274 
763 577 5 14 0.014609757 
880 366 15 24 0.014606464 
221 151 16 21 0.014603533 
922 88 9 15 0.014595968 
920 481 11 31 0.014593675 
870 63 9 14 0.014588789 
291 477 17 32 0.014581099 
606 115 7 14 0.014575331 
785 75 9 16 0.014555785 
793 353 11 23 0.014544879 
718 124 10 20 0.014544654 
848 88 8 15 0.0145414425 
829 439 23 30 0.01454002 
985 232 15 30 0.014539261 
348 62 9 17 0.0145323975 
935 86 10 15 0.014520889 
413 650 9 25 0.014516904 
390 32 8 24 0.014514667 
93 446 9 19 0.014513343 
664 110 10 19 0.014512654 
405 295 18 35 0.014510281 
617 216 26 40 0.014507997 
889 127 7 17 0.014505004 
532 508 4 7 0.014502455 
92 268 35 69 0.014502367 
22 253 20 44 0.014477199 
825 124 8 19 0.0144767575 
560 600 16 15 0.014476085 
13 603 10 31 0.014453922 
874 38 7 14 0.014449876 
732 407 11 19 0.014442681 
907 378 18 28 0.0144426385 
427 653 8 22 0.0144232735 
448 473 10 23 0.014411728 
65 363 9 24 0.01440879 
899 705 7 11 0.0144065805 
933 353 15 26 0.01440529 
971 352 18 25 0.014385513 
702 316 19 28 0.0143851405 
878 591 5 13 0.014361337 
360 47 7 18 0.014346454 
972 342 37 62 0.014341141 
393 348 15 33 0.01433916 
574 360 15 34 0.01432278 
310 49 8 15 0.014305488 
825 66 8 11 0.014297665 
962 545 8 19 0.014286567 
243 387 11 26 0.01428188 
582 302 177 224 0.014279672 
745 524 8 19 0.014269172 
838 497 6 15 0.014263003 
696 186 33 46 0.014261288 
506 41 6 13 0.0142581025 
929 586 6 16 0.014249553 
21 537 19 37 0.014216524 
251 439 7 13 0.014213891 
221 460 7 15 0.014203686 
813 655 7 14 0.014198179 
698 662 6 15 0.014189177 
446 484 13 30 0.014177243 
941 406 21 32 0.014175151 
266 476 15 31 0.014154529 
525 71 8 20 0.014143667 
989 535 7 20 0.014136496 
891 520 7 22 0.014133697 
354 304 18 39 0.014123827 
364 667 5 13 0.014120356 
897 712 9 18 0.014112372 
720 137 9 19 0.014109773 
137 610 18 44 0.014107704 
280 591 13 30 0.01409905 
173 144 41 57 0.014089623 
394 438 14 31 0.0140777305 
947 219 16 31 0.014076414 
854 304 19 33 0.014073773 
115 217 15 33 0.014070545 
55 654 9 19 0.014058102 
888 578 6 13 0.014050608 
616 116 9 17 0.014034512 
130 218 14 31 0.014030047 
905 424 17 27 0.0140277045 
960 109 10 18 0.014020367 
817 443 19 23 0.0140016265 
892 356 19 32 0.013994497 
907 439 15 30 0.01399065 
62 578 16 30 0.013985442 
75 656 13 31 0.01397108 
910 88 11 17 0.0139598055 
871 53 7 12 0.013952614 
772 61 8 16 0.0139411315 
290 212 21 38 0.0139325 
278 453 16 28 0.013929096 
5 726 42 75 0.0139273 
113 248 14 28 0.013922744 
673 642 4 12 0.0139094405 
820 318 91 93 0.013909081 
76 60 15 17 0.013906402 
126 455 21 29 0.013893204 
72 589 17 31 0.013890649 
318 185 17 31 0.013889241 
75 309 12 29 0.013887633 
741 377 14 26 0.013885778 
267 151 16 25 0.013884212 
759 49 7 16 0.013859164 
457 296 17 33 0.0138460975 
158 101 7 20 0.013842751 
685 644 4 10 0.013840719 
864 486 6 16 0.0138342725 
952 110 8 18 0.013812697 
26 335 13 36 0.013801829 
423 444 11 19 0.013800399 
564 162 14 24 0.013782771 
555 700 6 19 0.013774976 
515 689 7 20 0.013772964 
229 632 11 24 0.013760442 
550 416 10 25 0.013734207 
3 317 33 100 0.013723662 
684 703 7 15 0.0137157515 
708 640 7 12 0.013706202 
730 378 11 23 0.013700569 
2 -2 12 18 0.013697921 
619 63 5 15 0.013693515 
770 401 11 27 0.013692363 
1002 6 5 7 0.013688332 
961 454 9 29 0.013682488 
990 500 5 16 0.013676678 
1009 353 15 24 0.013675642 
50 524 79 123 0.013667585 
223 356 10 19 0.013661768 
424 663 9 23 0.013651556 
989 442 9 20 0.013649277 
1000 499 6 20 0.013632846 
667 45 11 17 0.013623167 
58 457 8 19 0.01362259 
52 11 10 16 0.013611146 
900 692 5 11 0.013608171 
51 258 89 106 0.013603248 
862 75 8 16 0.013603159 
231 542 13 28 0.0135988025 
714 348 14 27 0.013591194 
964 511 7 18 0.0135907065 
182 687 10 22 0.013588905 
986 336 18 32 0.01358716 
749 565 5 15 0.013585094 
900 637 8 21 0.013581772 
529 48 7 15 0.013554369 
25 -11 13 15 0.013547008 
589 714 12 17 0.01354537 
914 558 7 16 0.013545179 
427 179 11 17 0.0135446815 
565 341 12 25 0.013534663 
440 154 8 16 0.013522147 
150 296 15 28 0.013518382 
888 53 7 11 0.013513951 
255 342 14 24 0.013504125 
65 348 10 29 0.013494475 
661 244 19 38 0.013493629 
201 266 19 35 0.013493198 
838 589 5 15 0.013490621 
154 254 40 82 0.013473954 
182 699 10 23 0.013454914 
806 418 12 23 0.013454723 
917 409 22 31 0.013434347 
928 560 7 16 0.013434233 
153 159 19 25 0.013432641 
839 375 21 35 0.013424118 
449 595 10 24 0.013423884 
992 16 5 8 0.013418675 
475 269 14 31 0.013418 
1006 383 21 36 0.013408068 
869 431 18 24 0.01340001 
374 72 12 26 0.013394147 
869 367 15 24 0.013393783 
885 258 33 61 0.013385894 
265 337 18 32 0.013383768 
104 10 11 20 0.013382835 
910 294 15 30 0.01338181 
84 581 17 28 0.01337481 
980 490 5 16 0.013367834 
383 436 14 32 0.013363394 
728 365 13 24 0.013357612 
812 673 9 20 0.013346455 
844 356 12 22 0.013327179 
1015 86 10 21 0.013317734 
594 102 7 16 0.013302211 
408 387 12 32 0.013302048 
939 498 7 18 0.013291317 
923 112 9 18 0.013284847 
841 367 15 24 0.013279872 
312 141 10 17 0.013278174 
376 666 6 15 0.01327272 
182 654 11 31 0.013267244 
8 212 16 42 0.013261315 
605 438 9 14 0.013254771 
798 482 12 22 0.013254683 
67 28 8 14 0.013247539 
220 635 12 25 0.013242347 
920 350 16 30 0.013219835 
128 174 15 26 0.013217385 
291 363 19 33 0.013216192 
10 758 59 97 0.013214667 
77 251 146 195 0.013207774 
679 357 37 75 0.013201834 
566 412 12 25 0.013200007 
736 728 7 13 0.01318913 
734 533 7 23 0.013157076 
493 241 20 38 0.013147409 
74 136 15 24 0.013146808 
950 483 9 28 0.013145165 
523 622 18 23 0.013134373 
617 102 8 16 0.013129863 
321 505 10 25 0.0131168505 
400 219 10 18 0.013114667 
49 298 16 30 0.013094353 
270 266 18 40 0.0130882105 
998 507 9 25 0.013086635 
521 258 20 37 0.013080101 
889 485 8 20 0.013071813 
762 156 8 15 0.0130710555 
610 200 20 33 0.013063454 
777 205 22 34 0.013058421 
372 279 41 75 0.013056 
37 544 15 29 0.0130454125 
23 545 37 75 0.013040567 
650 209 20 29 0.013035027 
891 534 5 18 0.013028299 
683 65 7 14 0.013026155 
8 436 40 86 0.013007151 
309 556 12 25 0.013003698 
690 272 14 31 0.013003221 
773 53 6 15 0.012979485 
191 141 11 17 0.012978679 
963 486 7 21 0.012970118 
894 165 16 22 0.012968899 
544 53 5 11 0.012967054 
446 291 18 36 0.012965821 
564 138 10 20 0.012955281 
99 510 19 35 0.012952391 
381 346 18 41 0.012951282 
54 420 9 20 0.0129437735 
704 388 13 29 0.012937225 
553 142 9 15 0.012922833 
672 654 5 12 0.012922657 
852 601 5 14 0.012920667 
293 716 10 16 0.012912229 
392 295 20 37 0.01290743 
276 224 21 42 0.01290616 
542 30 7 10 0.012892189 
828 550 4 15 0.0128838355 
709 705 6 13 0.012883721 
728 451 13 31 0.012879379 
256 590 13 32 0.012878202 
784 65 8 12 0.012870495 
339 524 7 16 0.012852516 
597 366 18 42 0.012851166 
762 562 6 16 0.01284044 
175 266 19 36 0.012811405 
301 351 21 35 0.012808366 
503 720 6 13 0.012802152 
308 151 12 20 0.0127797965 
346 316 14 25 0.012778562 
928 599 6 15 0.012777159 
249 424 6 15 0.0127746705 
191 359 13 35 0.0127725415 
33 268 18 34 0.012754457 
389 415 66 96 0.012742759 
634 221 24 35 0.012735862 
64 321 13 29 0.012733783 
991 509 6 20 0.012733147 
181 673 9 20 0.012725667 
589 736 16 31 0.012718827 
889 564 6 14 0.012700298 
411 433 11 20 0.012683423 
784 632 8 12 0.012681416 
972 234 35 59 0.012659543 
195 263 34 75 0.01265853 
744 727 7 13 0.012656766 
605 127 8 15 0.012654943 
604 420 10 18 0.012652739 
708 65 7 15 0.012650749 
602 141 9 16 0.0126360925 
576 62 7 18 0.012634338 
850 575 5 15 0.012633345 
517 105 9 17 0.01262004 
76 108 14 24 0.012613339 
863 537 6 18 0.01260091 
954 529 5 13 0.01259017 
337 34 9 22 0.012587034 
128 322 12 32 0.01256237 
675 33 12 19 0.012529313 
283 97 70 88 0.012525206 
722 23 9 20 0.012513701 
590 456 12 21 0.01251181 
152 312 13 27 0.012509835 
327 137 40 57 0.012495323 
327 95 8 12 0.012493235 
631 111 13 20 0.012488789 
539 112 10 20 0.012481722 
52 362 10 27 0.012477408 
687 226 22 41 0.012470805 
1 619 9 28 0.012467037 
180 426 12 28 0.012463392 
454 142 9 17 0.012457776 
386 149 11 24 0.012449572 
674 228 20 39 0.0124427965 
882 274 14 27 0.012434297 
218 149 36 51 0.012428432 
539 101 10 21 0.012426646 
175 575 17 32 0.0124214105 
693 316 14 25 0.012420369 
745 710 7 11 0.012419821 
748 577 5 15 0.012413669 
387 596 8 24 0.012408139 
861 602 5 12 0.01240287 
924 648 7 20 0.01240266 
271 520 10 23 0.012401236 
369 487 13 38 0.012398923 
533 325 73 103 0.012398029 
912 711 9 15 0.012393277 
992 557 6 21 0.012379889 
220 619 12 23 0.012379005 
586 397 14 32 0.012377325 
518 164 31 64 0.012366132 
123 600 21 40 0.012353182 
413 152 8 17 0.012339587 
364 652 6 14 0.012338228 
706 26 7 14 0.012336241 
812 552 4 13 0.0123069985 
719 470 10 23 0.012295303 
575 384 15 37 0.0122886095 
807 365 12 26 0.012287851 
863 29 6 10 0.012275629 
870 480 9 25 0.012258441 
375 65 8 18 0.012254647 
371 139 11 22 0.012254256 
808 476 10 16 0.012253961 
203 295 14 31 0.012250966 
825 105 6 14 0.012247307 
219 514 13 30 0.012242567 
343 301 38 70 0.012237016 
465 627 6 18 0.012234277 
237 463 6 15 0.01223119 
7 -64 22 41 0.012221468 
993 488 5 14 0.01222011 
179 310 12 28 0.0122102145 
203 153 14 20 0.012201195 
17 582 94 158 0.012198029 
734 526 7 16 0.012193651 
605 579 10 19 0.012192216 
872 141 8 17 0.012184075 
735 67 7 13 0.012173943 
372 220 16 29 0.012173541 
2 591 8 29 0.012170824 
449 456 10 24 0.012168015 
924 509 6 17 0.012161048 
227 281 18 37 0.012158706 
381 294 19 37 0.012156478 
52 518 12 30 0.012153364 
363 74 10 19 0.012133113 
972 423 14 29 0.012125731 
667 62 8 18 0.012123311 
807 434 12 18 0.012099519 
684 690 7 18 0.012093206 
88 135 16 24 0.012088649 
809 446 14 18 0.012084994 
935 111 10 19 0.012081351 
353 338 18 29 0.012073562 
547 351 15 35 0.012072311 
49 250 41 75 0.012070246 
826 574 5 17 0.0120674595 
341 334 50 72 0.0120633 
775 119 6 13 0.012060659 
131 145 8 13 0.012059472 
376 650 8 17 0.012059164 
362 689 8 15 0.012058987 
145 145 8 12 0.0120575 
179 246 34 65 0.012040363 
768 436 12 18 0.0120233465 
644 148 25 35 0.012021678 
222 127 9 19 0.0120177185 
874 126 7 20 0.0120046185 
848 77 8 13 0.012004093 
854 379 20 28 0.012002713 
282 625 10 24 0.011999095 
762 142 7 16 0.01199628 
892 310 16 29 0.0119776325 
709 413 35 73 0.011960754 
294 554 13 27 0.0119579835 
831 398 19 32 0.011955606 
79 376 10 31 0.011950413 
794 451 10 13 0.011949608 
672 666 5 12 0.011940873 
395 458 16 39 0.011938354 
939 484 8 25 0.011935919 
533 299 42 84 0.011933911 
749 664 7 14 0.0119252885 
207 459 8 17 0.011914931 
773 73 8 19 0.011909164 
875 14 8 11 0.011895681 
824 498 6 14 0.011889967 
447 379 17 40 0.01188838 
723 707 5 10 0.011885362 
253 253 33 66 0.011869894 
169 429 10 24 0.011868663 
680 733 9 12 0.011864279 
951 18 6 7 0.011863889 
682 761 10 26 0.011858171 
496 269 18 32 0.01185329 
935 98 11 21 0.01184977 
665 11 13 14 0.011847414 
584 593 23 27 0.011844233 
288 734 18 29 0.011841169 
423 433 10 17 0.011837977 
964 277 26 31 0.011833624 
337 540 7 13 0.011833624 
357 139 14 22 0.011829135 
960 437 13 33 0.0118113225 
319 487 15 33 0.011807639 
527 85 9 21 0.0118018 
515 682 5 16 0.011780891 
510 270 21 39 0.011774269 
530 289 23 39 0.011772716 
22 459 17 36 0.011755697 
89 484 38 61 0.011749494 
37 336 12 31 0.011743654 
498 123 19 28 0.011742483 
848 747 7 11 0.011733117 
671 348 25 45 0.011725302 
743 475 8 14 0.011709077 
909 311 15 30 0.011708416 
167 312 12 27 0.011707842 
437 651 8 21 0.011704482 
580 43 7 10 0.011695748 
855 453 14 27 0.011675506 
482 289 21 31 0.011644858 
603 402 10 25 0.0116440235 
487 85 9 25 0.011638516 
822 643 7 12 0.011637698 
472 288 16 29 0.0116303675 
126 260 17 31 0.011624471 
851 562 5 16 0.011622328 
122 279 36 74 0.011617893 
1 106 18 32 0.011605816 
686 349 21 40 0.011605717 
414 138 8 20 0.011600042 
579 100 7 19 0.01159799 
537 138 12 20 0.011594465 
464 455 9 24 0.011586376 
270 503 11 26 0.01158554 
566 466 10 27 0.0115803545 
764 256 105 108 0.011567735 
4 487 35 68 0.011564045 
879 622 6 18 0.011562465 
692 776 9 23 0.011559898 
462 432 12 34 0.011552921 
795 476 10 15 0.011550971 
717 188 33 48 0.011549251 
75 133 46 67 0.011547836 
222 474 7 14 0.011547095 
66 11 9 15 0.011545534 
397 35 7 21 0.011544718 
437 459 11 21 0.011542079 
606 104 7 16 0.011533911 
519 599 60 61 0.011533226 
839 55 6 10 0.011513874 
593 42 7 11 0.011512089 
9 669 13 30 0.011505323 
716 362 13 26 0.011499256 
898 523 6 19 0.011453427 
125 304 16 35 0.011446762 
617 123 12 20 0.011437252 
243 271 13 33 0.011431911 
40 416 12 28 0.01142025 
451 621 9 22 0.011416719 
693 11 10 14 0.0114136245 
899 664 7 15 0.011413345 
44 567 41 80 0.0114045525 
984 404 18 28 0.011402509 
891 703 7 12 0.011396495 
587 332 20 38 0.011391979 
722 47 8 17 0.011386481 
389 458 41 83 0.011385547 
819 418 13 21 0.011379393 
610 365 20 44 0.011377806 
607 227 48 73 0.011369901 
999 653 7 18 0.011369516 
826 590 5 15 0.01136839 
90 120 17 28 0.011367185 
714 419 14 21 0.011359621 
16 307 89 120 0.011351773 
424 457 11 22 0.0113391075 
333 77 10 17 0.011327528 
668 448 8 16 0.011326777 
809 52 9 13 0.011325239 
808 352 13 25 0.011304829 
1005 691 7 14 0.011304098 
538 125 10 19 0.011298041 
206 668 12 26 0.011296242 
207 353 10 23 0.011295345 
952 97 9 19 0.0112881595 
904 357 21 35 0.011276372 
939 689 7 16 0.011271237 
858 368 14 22 0.011269984 
251 115 17 32 0.011268943 
335 23 9 21 0.011262165 
233 421 8 22 0.01125777 
831 286 39 75 0.011241158 
588 725 13 19 0.011234195 
994 474 6 18 0.0112322625 
708 776 8 20 0.011228848 
728 351 14 24 0.0112274885 
412 418 9 21 0.0112231625 
466 129 10 16 0.011211828 
38 531 14 26 0.011204648 
392 143 71 101 0.011198836 
728 432 14 23 0.011191944 
234 446 7 17 0.011191521 
783 437 9 16 0.011189432 
903 258 34 58 0.0111884875 
901 536 5 15 0.011188304 
384 80 12 33 0.011186995 
213 239 21 37 0.011184706 
411 618 9 25 0.011176529 
168 670 11 24 0.011174776 
904 578 5 13 0.011167559 
555 103 8 19 0.011158116 
799 562 5 17 0.0111572845 
596 140 7 16 0.011143593 
686 666 5 11 0.011143442 
427 153 7 16 0.011143225 
719 741 8 14 0.01114101 
268 403 14 26 0.011134098 
453 640 6 17 0.011131914 
465 474 8 18 0.011118705 
421 390 12 25 0.01111534 
466 639 6 17 0.011111865 
281 442 14 25 0.01110658 
11 433 13 38 0.011102327 
564 701 11 18 0.011093667 
455 280 34 67 0.011092678 
742 74 8 20 0.011090585 
672 630 4 11 0.011086832 
894 452 13 26 0.011084782 
710 692 6 14 0.011083471 
687 115 7 11 0.011082682 
21 277 20 39 0.011082086 
260 422 9 19 0.011081898 
92 641 43 87 0.011074923 
181 361 10 32 0.011072328 
324 39 7 15 0.011066393 
925 526 6 15 0.011064425 
146 127 9 17 0.01106345 
783 352 10 25 0.011050066 
518 507 4 6 0.01104142 
918 510 5 17 0.011041378 
21 486 17 38 0.011037443 
812 689 7 15 0.011028619 
953 684 9 22 0.011017088 
39 717 13 21 0.011013031 
897 85 11 19 0.011012008 
892 403 35 55 0.010997944 
385 459 13 35 0.01099564 
851 663 7 16 0.0109944735 
563 369 15 35 0.01099223 
328 329 25 39 0.0109917475 
166 654 14 31 0.010991401 
748 653 6 13 0.010989908 
261 284 75 92 0.010985729 
141 568 34 80 0.010982301 
884 349 16 30 0.010975064 
206 602 15 26 0.010973769 
426 637 9 22 0.010971109 
555 30 8 10 0.010970085 
336 63 9 16 0.010969521 
21 716 21 31 0.010968089 
878 652 8 19 0.010966708 
56 470 10 20 0.010950804 
220 489 9 16 0.010923126 
287 709 7 11 0.010901635 
806 76 9 14 0.010895948 
415 126 7 21 0.010892028 
166 558 38 73 0.010890205 
891 507 7 24 0.010872252 
747 182 28 50 0.01087216 
347 76 9 16 0.01087179 
41 534 36 66 0.010865363 
4 278 33 82 0.010856419 
827 73 8 15 0.010846611 
550 650 12 18 0.010841711 
544 662 7 18 0.010841103 
730 472 9 19 0.010840639 
526 647 9 15 0.010827586 
870 352 14 25 0.010824103 
977 669 6 13 0.010821725 
773 562 6 18 0.010805688 
891 678 6 14 0.010779643 
912 37 8 13 0.010775831 
732 169 7 14 0.010773432 
964 131 8 15 0.010766401 
675 323 17 30 0.010766289 
99 576 20 35 0.010765031 
526 425 29 82 0.010764451 
892 436 17 30 0.010758838 
167 499 71 102 0.010757411 
695 154 8 18 0.010755147 
731 300 43 66 0.01075244 
632 346 36 65 0.010740197 
280 468 35 68 0.010716057 
829 337 15 29 0.010715359 
828 303 19 34 0.010713445 
126 621 42 84 0.010710109 
761 61 7 15 0.010699893 
531 681 4 16 0.010695483 
464 614 8 18 0.010693526 
406 463 16 36 0.010689864 
254 328 14 24 0.0106882155 
705 653 7 13 0.01068696 
409 364 14 25 0.010672471 
595 115 6 15 0.010665308 
257 540 33 66 0.010665183 
605 636 7 14 0.010661108 
547 446 15 38 0.010655848 
648 229 20 36 0.010645587 
885 659 8 19 0.010639809 
423 419 10 18 0.0106385555 
282 674 276 220 0.010632889 
303 216 22 36 0.010622562 
78 98 13 21 0.010612252 
139 669 15 31 0.010610119 
694 24 8 15 0.0106075965 
154 596 34 84 0.010601748 
1 297 11 29 0.010601344 
574 165 13 20 0.010595264 
591 578 12 21 0.010595134 
100 99 16 25 0.010592769 
968 370 20 35 0.010592274 
604 43 7 10 0.010591655 
422 405 11 23 0.010591486 
62 579 43 84 0.01058581 
912 578 7 13 0.010584341 
591 447 11 17 0.010572993 
576 659 17 26 0.010572653 
100 232 16 30 0.0105676865 
471 432 15 35 0.010567447 
708 38 7 14 0.010563205 
873 155 9 17 0.010560948 
822 55 7 10 0.010555598 
302 474 19 36 0.01055512 
566 102 7 20 0.010550539 
591 625 13 15 0.010543578 
991 239 31 56 0.010542213 
981 699 12 22 0.0105393 
233 405 9 26 0.010536709 
80 28 8 13 0.010536262 
241 354 13 23 0.010530895 
697 654 7 13 0.010526434 
819 403 15 26 0.010525947 
372 421 34 88 0.010522769 
554 664 8 19 0.010520505 
754 400 14 30 0.010520272 
532 514 6 8 0.010519472 
723 721 5 9 0.0105134295 
659 236 33 75 0.010512228 
209 485 35 72 0.010511078 
824 613 7 15 0.01051085 
36 583 15 38 0.010503224 
555 125 8 16 0.010500876 
990 6 6 7 0.0104819285 
539 386 12 32 0.010472425 
986 308 15 31 0.010463254 
813 644 6 11 0.010461797 
545 746 5 12 0.010461131 
278 335 18 35 0.010459631 
336 643 10 28 0.010458955 
992 367 22 36 0.010455214 
807 86 8 16 0.010451855 
117 762 50 86 0.010444997 
375 34 9 21 0.0104423165 
793 336 13 28 0.01043676 
742 404 14 25 0.010425499 
156 752 12 15 0.010424553 
975 146 16 25 0.010419794 
-5 419 34 86 0.010418742 
949 453 11 33 0.010400057 
395 397 14 36 0.010399713 
528 449 11 34 0.010394115 
10 191 18 41 0.010393699 
359 125 11 19 0.010390912 
25 311 13 27 0.010388122 
564 633 47 62 0.010386137 
153 430 12 23 0.010383713 
690 335 18 30 0.010381821 
962 558 8 20 0.01037356 
55 478 11 27 0.01037215 
864 551 6 18 0.010369713 
809 127 8 18 0.010363784 
932 421 17 31 0.010360204 
449 13 9 17 0.01035388 
1016 666 9 20 0.010353352 
321 559 12 23 0.010347627 
24 129 19 32 0.010329464 
271 389 14 27 0.01031727 
25 584 14 38 0.010313043 
759 633 6 11 0.010308786 
325 79 8 14 0.010304186 
373 109 11 25 0.010303247 
585 302 22 42 0.010294207 
2 457 9 22 0.010279614 
770 485 11 17 0.010269882 
500 82 11 26 0.010267014 
843 305 18 32 0.010266329 
1015 520 8 21 0.010256914 
864 755 5 10 0.010253372 
703 346 16 33 0.010251921 
309 40 8 15 0.010251087 
231 346 9 17 0.010250169 
912 649 7 19 0.010242606 
396 164 10 22 0.010237255 
293 580 14 32 0.010232779 
822 481 11 22 0.010218483 
544 60 7 15 0.010209478 
498 207 42 73 0.010208399 
540 647 9 17 0.010207109 
52 322 13 28 0.010204396 
388 -93 909 621 0.010200915 
1 217 14 35 0.010200675 
731 12 8 17 0.010199846 
293 421 16 33 0.010199712 
694 65 7 16 0.010188669 
901 5 8 9 0.010186953 
35 296 17 31 0.010186429 
167 458 15 24 0.010184529 
282 377 15 31 0.0101748435 
905 461 127 257 0.010174593 
372 123 11 23 0.01016589 
837 26 6 11 0.010164148 
401 662 9 23 0.010160349 
666 182 15 28 0.010157032 
360 231 35 58 0.010149656 
577 476 10 30 0.01013907 
78 417 12 29 0.010132458 
775 104 7 17 0.010130254 
782 640 10 15 0.010128968 
769 417 12 24 0.01012848 
660 655 4 11 0.010126433 
791 287 44 73 0.01012047 
528 664 6 15 0.0101196775 
684 126 10 16 0.010117886 
205 655 11 27 0.010107614 
493 286 23 34 0.010107151 
952 512 6 16 0.010106755 
576 576 13 22 0.010103135 
233 355 34 81 0.010102963 
2 403 11 37 0.01010183 
964 472 7 21 0.010097777 
297 707 8 12 0.0100879725 
813 415 43 57 0.0100878 
992 459 7 18 0.010085772 
997 531 8 25 0.010076379 
876 694 5 10 0.010069436 
699 721 5 10 0.010068757 
170 698 42 65 0.010066614 
808 459 13 17 0.010056517 
127 654 16 33 0.010044229 
745 744 8 15 0.0100381235 
204 504 14 27 0.01003279 
543 715 6 16 0.010030441 
448 321 15 32 0.010029929 
227 655 15 31 0.010029929 
658 52 6 13 0.010029257 
296 632 11 29 0.010020162 
595 127 7 16 0.010017353 
869 334 15 29 0.010010273 
705 663 7 14 0.010005345 
735 75 7 19 0.010003744 
