0_Parade_Parade_0_519
3069
860 247 108 110 0.9998585 
411 247 131 123 0.9975783 
667 305 35 61 0.9934794 
169 258 80 88 0.9933683 
758 265 26 39 0.92357713 
89 247 29 43 0.88410056 
121 264 31 57 0.63274556 
993 250 24 39 0.388636 
921 69 12 21 0.30027178 
99 253 87 69 0.28198764 
255 264 71 90 0.2573286 
468 159 17 31 0.23518613 
291 278 21 44 0.23469448 
915 225 88 100 0.19583027 
629 302 29 58 0.18277168 
18 625 22 35 0.1768938 
934 186 14 26 0.14784923 
813 285 16 33 0.14688084 
993 114 8 16 0.14651151 
488 232 89 112 0.14588097 
690 273 69 83 0.123174235 
969 219 76 93 0.119507596 
623 250 13 23 0.11774286 
355 319 16 36 0.116967864 
940 112 9 16 0.11636741 
803 327 14 29 0.11556242 
626 240 10 18 0.1150609 
761 212 80 95 0.11498204 
765 321 16 32 0.11439808 
763 263 73 96 0.11364708 
729 271 15 30 0.11262323 
302 289 79 104 0.10963539 
975 110 8 16 0.10872104 
436 163 10 19 0.10767511 
909 98 16 21 0.10683651 
985 172 12 25 0.1063438 
676 251 16 28 0.10379302 
77 642 15 39 0.10294232 
113 622 12 25 0.101001844 
611 259 13 27 0.09903016 
792 225 12 21 0.09784198 
918 306 56 98 0.09633189 
658 252 9 18 0.09372489 
199 315 75 92 0.09297582 
931 175 13 23 0.09196316 
168 611 9 20 0.09110752 
412 158 10 21 0.09007869 
942 186 12 24 0.08918362 
381 374 15 33 0.08876219 
559 227 86 104 0.087953635 
946 110 9 18 0.08744128 
1014 190 10 21 0.08737077 
663 251 14 25 0.08677754 
923 176 12 20 0.08586466 
345 86 11 20 0.084876925 
294 184 14 29 0.08429184 
742 321 13 27 0.082752526 
338 135 11 18 0.08210001 
362 139 7 12 0.08084811 
398 87 8 18 0.080382034 
919 79 13 23 0.07984575 
728 454 9 22 0.079211086 
965 110 7 15 0.079012625 
154 635 9 22 0.07844175 
286 255 9 20 0.077934675 
712 269 19 34 0.07717168 
375 149 8 17 0.07692492 
219 383 29 41 0.076863386 
345 303 14 27 0.07567987 
10 358 16 40 0.07536444 
439 124 9 19 0.07535997 
975 165 10 18 0.07513859 
977 88 8 12 0.07458895 
15 132 8 33 0.07431326 
442 401 88 119 0.07405991 
498 299 83 108 0.073834434 
37 491 14 28 0.073681824 
810 228 9 17 0.0735359 
115 593 12 27 0.07234017 
400 78 5 13 0.07205049 
849 168 5 15 0.07203678 
31 696 21 36 0.07203275 
34 644 18 32 0.07166949 
448 172 11 22 0.071559824 
344 135 11 17 0.07086485 
294 267 14 30 0.070425905 
78 597 13 25 0.07023553 
272 222 80 99 0.069655284 
848 176 7 18 0.06927431 
389 90 7 15 0.06920103 
1011 199 13 24 0.06912609 
391 144 7 12 0.0688903 
396 147 9 18 0.06812251 
859 179 7 17 0.0680091 
716 252 75 86 0.06788878 
235 147 7 17 0.067568064 
243 316 94 116 0.06741641 
642 398 10 30 0.06709147 
861 165 5 16 0.06678943 
1013 78 10 14 0.066571236 
346 98 13 22 0.066345796 
310 126 8 13 0.06612648 
601 280 82 84 0.065977015 
650 275 16 32 0.06575231 
0 452 10 32 0.06571305 
1013 87 11 19 0.06565107 
387 100 7 16 0.06559147 
206 214 13 21 0.06545547 
962 88 7 12 0.06472992 
468 682 4 12 0.06461653 
788 121 16 26 0.06419543 
166 621 10 20 0.06410741 
933 165 11 21 0.06365035 
998 120 10 19 0.06333307 
628 232 10 17 0.06328059 
284 264 10 21 0.06325922 
194 609 9 20 0.06261709 
1015 177 10 19 0.06251266 
348 78 8 16 0.062171817 
786 215 11 19 0.062160306 
86 597 10 23 0.062139347 
391 78 5 12 0.0614283 
16 111 7 29 0.06122973 
477 369 93 119 0.061041392 
730 401 11 32 0.06088493 
677 269 17 31 0.060874104 
1014 115 9 17 0.060719367 
601 257 18 39 0.060486782 
389 148 8 17 0.060380563 
975 224 11 19 0.05946773 
180 611 8 19 0.05927779 
113 581 11 29 0.059169628 
303 264 15 30 0.059131533 
1002 79 8 12 0.0591228 
691 162 9 21 0.05906627 
218 108 10 19 0.058821537 
833 50 11 18 0.05841036 
168 599 9 20 0.05837773 
128 611 11 23 0.057870027 
820 266 10 20 0.057804912 
466 688 5 13 0.057587557 
117 200 93 90 0.057319205 
105 581 11 25 0.057241924 
656 263 11 22 0.057122458 
859 190 7 16 0.05710874 
897 13 8 12 0.056761775 
298 166 88 117 0.05645124 
506 697 8 21 0.056186486 
874 178 7 16 0.056026936 
964 82 5 10 0.055977456 
836 204 7 14 0.055852603 
839 654 4 13 0.055798873 
158 611 9 20 0.055779178 
356 304 13 25 0.055615034 
506 691 6 16 0.05537135 
965 164 10 18 0.055370655 
28 119 8 33 0.055321727 
218 683 8 32 0.055185787 
244 147 8 20 0.05486187 
485 159 10 24 0.054858096 
399 98 7 16 0.054830484 
245 158 8 27 0.054469466 
565 96 9 25 0.05429693 
861 151 5 15 0.054124244 
110 639 16 36 0.054020077 
780 9 10 16 0.05393223 
804 309 15 32 0.05385646 
908 90 13 19 0.05378319 
996 175 11 21 0.05374236 
826 334 18 37 0.053732105 
426 162 9 17 0.053429637 
752 370 15 34 0.05340304 
333 304 14 25 0.053380422 
728 229 16 34 0.053311683 
444 123 12 22 0.053271607 
1016 166 8 16 0.053233523 
152 349 12 31 0.053163625 
754 321 15 31 0.053034 
472 139 13 25 0.053016584 
900 151 7 13 0.052996997 
378 449 18 39 0.05287813 
605 197 10 20 0.052855857 
203 223 17 27 0.052751042 
1006 223 19 29 0.052672863 
337 88 9 16 0.052604716 
952 107 6 12 0.05250764 
635 286 19 33 0.052392688 
196 600 7 16 0.052275393 
973 477 10 33 0.052141517 
963 152 8 14 0.052117694 
135 254 15 27 0.051983323 
322 127 8 12 0.051879033 
873 585 7 23 0.05181318 
212 213 15 25 0.05173894 
15 153 9 38 0.051667865 
-1 -140 308 124 0.051661897 
394 376 14 31 0.0516434 
810 280 12 22 0.051520854 
898 166 90 96 0.05145832 
998 103 10 17 0.051450144 
563 106 10 30 0.051409245 
877 140 5 11 0.05138518 
686 262 15 28 0.051336966 
976 154 7 14 0.05129281 
840 639 5 15 0.05120529 
874 16 8 11 0.05110523 
901 148 5 9 0.051074695 
877 130 5 13 0.050829507 
360 89 7 15 0.050571565 
717 414 9 28 0.05049409 
777 322 13 28 0.050200757 
281 60 12 21 0.050154623 
376 144 7 11 0.05012989 
573 415 14 26 0.05005106 
861 140 6 13 0.05001748 
269 63 11 21 0.049990833 
870 549 8 19 0.049550943 
195 162 8 19 0.04951304 
706 212 12 28 0.049403142 
649 398 12 34 0.04935596 
343 369 15 33 0.049224578 
612 195 12 23 0.049193848 
926 151 144 174 0.049128983 
622 440 45 66 0.04911687 
16 184 7 34 0.049035758 
261 64 7 17 0.049024493 
874 165 7 16 0.04901737 
66 118 10 31 0.048888296 
945 177 10 20 0.048768137 
694 155 7 16 0.048548594 
582 153 96 105 0.04854479 
874 614 5 16 0.048528958 
776 265 15 27 0.048515555 
963 140 9 17 0.048390422 
972 137 9 19 0.048344515 
364 321 16 31 0.04832745 
988 88 8 14 0.048300564 
179 390 10 25 0.047813524 
666 223 78 90 0.047786187 
818 226 10 20 0.047703866 
850 192 6 15 0.047624085 
141 724 12 23 0.047471523 
1000 189 9 21 0.047386575 
40 120 9 30 0.04709402 
255 648 10 21 0.047092553 
681 163 10 18 0.04703704 
528 29 8 27 0.046959568 
347 528 15 30 0.04695004 
373 199 10 18 0.046906836 
1014 98 11 20 0.04682765 
20 385 16 42 0.04682213 
861 127 6 15 0.04680199 
21 358 15 36 0.04674756 
261 71 10 22 0.046741463 
935 61 8 19 0.046625912 
1009 47 13 21 0.046564672 
979 83 6 10 0.046506565 
204 447 13 38 0.046332672 
212 697 6 23 0.046314318 
105 634 13 25 0.0462356 
987 241 13 19 0.045781992 
372 643 12 30 0.045689806 
267 105 19 27 0.045524575 
249 649 8 18 0.04540185 
885 15 9 12 0.045330778 
563 129 11 32 0.045248684 
243 264 14 27 0.045244563 
437 132 12 25 0.045242194 
540 17 9 31 0.045155194 
440 90 6 15 0.045074075 
415 682 5 12 0.04506962 
870 21 13 18 0.044977646 
987 479 10 32 0.044967085 
143 613 10 19 0.044944793 
236 685 7 30 0.044922203 
354 515 15 35 0.044829268 
990 81 7 11 0.044798158 
991 107 7 13 0.044781484 
932 73 9 19 0.04472943 
146 624 9 20 0.044719547 
887 166 7 15 0.044611525 
865 613 4 16 0.044599894 
1011 61 10 17 0.04458055 
498 208 15 37 0.04457113 
806 136 10 19 0.044512402 
507 208 16 37 0.044496242 
103 607 13 28 0.044404335 
791 466 13 31 0.044382382 
192 623 10 20 0.044346076 
-2 618 79 110 0.044329032 
790 -156 272 153 0.044266444 
874 191 8 16 0.044227 
162 387 18 39 0.04422554 
50 492 10 24 0.04415656 
891 152 6 12 0.044100914 
142 359 15 32 0.04400718 
356 99 11 20 0.04388939 
233 159 8 25 0.043839015 
385 112 8 15 0.04373268 
278 516 14 28 0.043727435 
106 595 11 26 0.043701585 
387 202 9 16 0.043691587 
248 186 8 27 0.0436624 
660 283 17 36 0.043642182 
1002 87 9 16 0.04358833 
687 250 13 26 0.043563023 
810 217 9 16 0.04354855 
268 504 13 29 0.04352131 
293 253 12 23 0.04351772 
270 37 8 17 0.043469097 
438 100 8 18 0.043425843 
65 209 99 90 0.043262914 
840 667 4 12 0.04325635 
852 154 5 13 0.043162193 
613 193 92 97 0.043135893 
485 172 11 24 0.04302836 
885 191 9 17 0.042916577 
248 35 6 18 0.042906906 
186 225 20 29 0.042831518 
975 236 12 24 0.042781316 
308 135 9 18 0.04262805 
579 228 11 22 0.042604376 
183 624 8 18 0.04245672 
874 557 6 18 0.042436827 
457 690 4 13 0.042396393 
455 681 4 12 0.042369492 
900 188 9 18 0.042310473 
271 304 15 25 0.04219762 
719 293 80 111 0.04217958 
978 39 5 11 0.042150512 
826 625 5 19 0.042079538 
874 573 7 22 0.042040866 
260 164 7 18 0.0419901 
279 110 13 20 0.041960243 
875 153 6 14 0.041822255 
711 416 8 24 0.041751225 
953 152 7 14 0.041567665 
731 427 10 27 0.041536674 
114 557 9 23 0.041514896 
926 153 7 13 0.041467275 
280 295 20 38 0.04144402 
157 596 9 22 0.04144017 
744 125 8 17 0.041258898 
927 52 7 15 0.04117968 
798 335 13 27 0.041167416 
694 198 138 171 0.041155998 
195 151 7 19 0.04115573 
209 645 8 24 0.041147225 
882 212 13 25 0.041099768 
654 224 10 21 0.041098922 
861 112 8 18 0.041074876 
385 233 12 30 0.041069467 
985 227 11 17 0.041023668 
428 116 7 14 0.04091075 
737 233 16 31 0.04090631 
362 148 9 19 0.040903643 
324 137 8 16 0.04088087 
820 217 9 16 0.040808033 
882 21 11 16 0.04076618 
579 109 8 24 0.040742997 
649 295 19 41 0.04066052 
72 720 15 31 0.040643938 
791 206 14 20 0.040557254 
247 142 6 14 0.040544495 
26 154 9 39 0.04049158 
389 64 5 14 0.04045188 
427 91 6 14 0.04040199 
1015 134 10 22 0.04039725 
850 640 5 14 0.04035219 
379 80 4 10 0.040347584 
1004 203 9 18 0.040312517 
553 204 10 18 0.040261537 
846 204 8 16 0.040232345 
790 141 14 28 0.040217314 
183 149 8 23 0.0401081 
335 211 10 30 0.040030204 
891 146 5 10 0.040022142 
181 598 8 18 0.040014926 
331 229 13 37 0.03995794 
360 678 7 16 0.039916642 
721 137 7 20 0.0399128 
208 580 9 24 0.0398901 
735 113 6 18 0.039865635 
76 623 11 24 0.03982929 
70 190 5 15 0.039798044 
1017 154 8 17 0.03979752 
865 599 5 18 0.03973621 
386 491 12 28 0.03972948 
395 184 12 23 0.03971426 
16 204 9 44 0.039706487 
269 493 10 24 0.03968292 
1003 62 8 15 0.03959363 
208 161 7 21 0.039465237 
512 692 6 16 0.03946074 
912 153 7 12 0.03942354 
741 297 14 33 0.039402418 
231 611 10 22 0.039383713 
375 660 9 23 0.039376564 
725 448 7 17 0.039357346 
463 178 12 27 0.039316777 
977 28 6 10 0.03928935 
839 627 5 18 0.03926585 
917 104 15 23 0.039247744 
806 146 10 23 0.039231945 
578 98 8 22 0.03919955 
691 447 9 20 0.039152477 
2 539 11 28 0.039140295 
899 165 8 16 0.03911643 
959 477 11 33 0.03910892 
839 167 6 15 0.03909133 
153 725 10 19 0.039087187 
96 179 6 11 0.039057255 
256 327 12 24 0.03905468 
10 709 14 40 0.03899222 
967 27 6 10 0.03898066 
979 51 6 13 0.038978327 
973 122 10 21 0.03893149 
846 49 10 17 0.038892888 
127 597 9 20 0.038892526 
706 79 7 26 0.038745645 
295 547 10 21 0.03873451 
742 199 14 29 0.03871894 
68 711 13 28 0.03870854 
859 56 10 23 0.038652 
684 157 6 14 0.038624406 
379 91 5 11 0.0385415 
837 196 6 12 0.038491648 
984 294 17 36 0.038437985 
865 627 5 14 0.03841332 
629 300 17 33 0.038409583 
914 65 10 18 0.038344964 
848 459 8 17 0.038338766 
11 525 14 41 0.038220372 
965 16 6 10 0.03818141 
465 152 11 20 0.038167767 
738 271 18 30 0.03813903 
109 562 8 18 0.03809179 
872 203 10 19 0.03804003 
345 209 10 30 0.0380356 
553 107 10 28 0.038020562 
359 481 10 20 0.037978187 
823 150 8 17 0.03794075 
853 140 5 14 0.037936326 
629 277 12 24 0.037889507 
550 212 13 25 0.037873738 
363 133 6 11 0.037867673 
363 191 8 15 0.03784117 
413 115 7 14 0.037829828 
858 202 10 19 0.037815478 
150 270 19 34 0.037775185 
1 363 13 32 0.037771903 
428 78 5 12 0.03776615 
284 48 9 19 0.03774728 
655 218 8 15 0.037738875 
205 597 8 20 0.03771515 
915 179 8 16 0.037684016 
113 212 12 25 0.037681364 
763 286 19 40 0.03767782 
738 412 12 30 0.037669364 
702 266 19 29 0.037651636 
363 79 6 12 0.037601173 
836 215 8 17 0.037601035 
115 546 8 21 0.037576698 
950 163 10 18 0.037565377 
563 7 15 33 0.037531376 
146 180 6 15 0.037524883 
950 17 6 9 0.03748792 
852 654 4 12 0.037480965 
277 424 14 31 0.037424687 
900 74 9 15 0.03740088 
92 608 10 23 0.037358206 
1008 267 17 30 0.03733755 
839 679 5 13 0.037313737 
733 123 7 20 0.03722521 
902 90 10 15 0.037146524 
550 143 11 32 0.037130818 
730 465 10 26 0.03709987 
427 101 7 15 0.037077066 
117 205 8 16 0.03701238 
449 139 10 19 0.036991015 
194 175 8 21 0.036931414 
346 112 10 17 0.036929395 
218 636 9 23 0.036909264 
836 151 7 16 0.03690717 
514 176 10 20 0.03687032 
400 160 10 21 0.036847167 
923 193 15 30 0.03684055 
3 121 7 32 0.0368269 
361 13 7 15 0.03676889 
239 34 5 19 0.036768872 
32 623 18 31 0.036738068 
720 430 7 19 0.036706816 
387 188 10 20 0.036696497 
938 119 10 19 0.036648683 
259 317 11 19 0.036540765 
799 293 9 17 0.036539953 
368 557 13 29 0.03653815 
873 627 6 16 0.03649433 
817 324 15 31 0.03649333 
622 243 9 15 0.036471047 
54 132 9 27 0.036432195 
358 292 12 24 0.036413975 
884 203 11 19 0.036389712 
821 258 9 16 0.03636592 
337 98 9 19 0.036354687 
287 245 7 15 0.036351 
987 154 8 15 0.036347333 
9 450 13 35 0.03633295 
564 205 9 14 0.036312092 
641 239 11 20 0.036290783 
444 679 4 13 0.036266733 
271 469 8 17 0.036144353 
839 178 6 15 0.036097564 
16 611 10 25 0.036080346 
301 127 8 13 0.036076013 
160 585 8 18 0.036017176 
845 216 9 18 0.036014214 
258 641 7 14 0.03600966 
130 243 12 17 0.03594885 
941 17 6 9 0.035936873 
259 492 9 21 0.035909742 
864 655 5 13 0.035909038 
253 564 16 39 0.035877816 
923 428 8 26 0.035848018 
779 338 13 27 0.035824686 
886 178 8 16 0.035786323 
525 190 13 21 0.035781313 
862 104 6 15 0.035749286 
80 192 6 13 0.035742883 
959 449 12 36 0.035740845 
949 478 12 32 0.03569825 
219 159 8 24 0.035636585 
279 541 15 27 0.03559382 
393 489 14 33 0.035585802 
260 467 8 19 0.035571214 
248 173 7 25 0.03556366 
1002 213 11 22 0.035552815 
732 315 14 29 0.0355429 
835 226 10 20 0.035505507 
781 411 13 36 0.035479136 
413 102 6 14 0.035439942 
780 128 18 29 0.0354283 
116 442 8 24 0.035418496 
911 413 9 30 0.035408337 
70 183 5 12 0.03539855 
140 240 12 19 0.035374817 
347 200 9 23 0.03535102 
358 661 10 22 0.035256438 
563 214 11 20 0.03523658 
668 163 9 17 0.03521667 
638 147 19 32 0.035185583 
193 215 13 19 0.035175137 
810 237 9 18 0.035168856 
269 648 9 18 0.03515405 
570 301 84 111 0.035072856 
505 683 6 13 0.035042457 
311 345 84 129 0.035032675 
955 88 7 13 0.03501327 
577 216 10 18 0.03498537 
967 37 6 12 0.03497585 
741 225 11 23 0.034928665 
303 181 14 30 0.03491987 
706 164 7 18 0.034869093 
155 643 13 30 0.034827873 
586 227 11 24 0.03482699 
284 277 14 29 0.034792665 
413 90 6 13 0.0347482 
691 237 11 24 0.03470308 
205 609 8 20 0.0347019 
254 290 13 23 0.034687113 
692 173 10 21 0.034673724 
784 463 12 32 0.03464843 
428 680 4 13 0.034632146 
402 115 7 14 0.03461046 
308 559 10 22 0.034494676 
80 203 7 17 0.034479763 
782 116 14 19 0.034422398 
989 543 8 28 0.034418587 
14 97 8 28 0.034408987 
713 221 18 36 0.034365427 
181 216 12 19 0.03435479 
553 -1 8 13 0.034334682 
873 113 7 15 0.034331534 
97 173 5 9 0.034310225 
245 569 11 31 0.034291673 
677 225 15 28 0.034286305 
486 197 13 33 0.034255385 
948 437 13 33 0.034240812 
730 137 8 20 0.034186676 
424 525 9 18 0.034171496 
707 151 7 17 0.03413561 
351 14 7 15 0.034122184 
510 146 12 31 0.034108546 
26 583 11 30 0.03410615 
281 319 14 33 0.034080524 
214 575 15 35 0.034078393 
370 492 12 28 0.034042064 
105 478 10 25 0.034016818 
845 57 10 24 0.033974864 
298 690 6 23 0.03395691 
645 584 8 22 0.03393517 
240 453 15 27 0.03388786 
209 673 9 31 0.03386939 
900 180 8 16 0.03384003 
46 511 13 38 0.03383897 
643 227 10 20 0.033824973 
719 390 11 32 0.033797774 
867 29 15 23 0.03371784 
652 584 10 24 0.033689253 
293 59 11 23 0.033660594 
297 559 9 22 0.033647772 
294 429 11 24 0.0336315 
65 622 11 22 0.03363126 
484 137 12 24 0.033625178 
269 687 9 21 0.033608243 
372 156 10 23 0.033593282 
145 193 6 12 0.033572383 
465 142 9 15 0.033564176 
607 304 36 71 0.033559352 
272 483 8 19 0.03355424 
603 488 11 27 0.033545077 
129 721 15 27 0.033536896 
219 171 9 26 0.033508442 
1000 168 8 14 0.033506393 
107 194 5 12 0.03349492 
503 551 8 18 0.033483166 
178 693 11 36 0.033473764 
413 509 10 21 0.033457294 
651 159 12 22 0.03345544 
676 172 14 27 0.033372954 
898 413 9 29 0.033331797 
926 145 6 12 0.03333063 
827 638 5 16 0.033320528 
949 24 7 12 0.03331903 
537 201 14 22 0.03330417 
781 582 12 27 0.03329943 
108 443 7 22 0.03329923 
842 224 13 26 0.0332854 
348 61 7 15 0.0332635 
974 180 14 29 0.033215977 
942 23 6 12 0.033214502 
972 554 12 29 0.033211093 
851 628 5 15 0.033195715 
538 191 11 18 0.033192556 
256 189 8 21 0.033180963 
271 291 13 23 0.03312121 
88 635 14 30 0.033061724 
272 48 8 17 0.033056412 
745 178 9 17 0.033029012 
182 136 8 24 0.033026922 
742 115 7 15 0.03297263 
511 187 13 25 0.03293182 
338 79 8 15 0.03291681 
318 260 14 29 0.03291256 
897 23 10 14 0.03290908 
1014 40 8 16 0.032860015 
759 180 8 15 0.03285831 
334 275 11 24 0.032832235 
246 684 7 25 0.03281295 
525 175 11 21 0.0327699 
590 214 10 19 0.032731522 
259 176 6 20 0.03268988 
588 238 34 72 0.032687195 
913 148 6 9 0.032643948 
45 644 18 31 0.032642916 
156 179 7 16 0.032604046 
375 132 6 12 0.03257754 
821 49 11 16 0.032555807 
148 635 8 21 0.03253919 
222 151 7 17 0.032489248 
526 503 10 29 0.032464225 
13 391 16 46 0.032461207 
889 482 7 21 0.032458294 
985 252 19 30 0.032430775 
321 42 10 23 0.03241745 
207 174 8 23 0.032394 
937 50 7 15 0.03237626 
872 212 12 24 0.03237231 
836 254 9 21 0.032333452 
862 33 10 18 0.032329734 
40 354 11 25 0.03231336 
722 100 7 21 0.032300133 
322 119 7 11 0.032281198 
839 693 5 12 0.03227904 
16 586 8 26 0.03223549 
407 168 14 30 0.032227498 
397 201 10 18 0.032208577 
502 151 9 21 0.032184158 
852 128 5 14 0.032183036 
356 539 14 27 0.03217314 
208 87 9 20 0.03216539 
898 200 10 20 0.03214178 
966 173 9 20 0.032135393 
451 154 8 14 0.032130364 
612 128 40 73 0.03205772 
685 50 5 14 0.032038126 
604 137 12 25 0.032023802 
199 575 6 13 0.03202244 
898 508 8 20 0.03201768 
169 711 8 20 0.031989776 
384 210 12 25 0.03198372 
579 205 8 13 0.03195634 
731 297 13 30 0.03195085 
26 181 9 35 0.031887297 
399 5 12 30 0.031874105 
293 532 11 24 0.031861104 
913 188 10 18 0.031847995 
721 150 7 18 0.0318256 
670 85 6 22 0.031810563 
106 172 6 9 0.03180238 
130 203 8 17 0.031797376 
760 167 7 13 0.031770818 
220 626 9 20 0.03177007 
147 163 7 19 0.031765312 
1004 49 8 16 0.031757727 
11 339 11 28 0.03175662 
954 145 6 12 0.03174473 
792 411 12 35 0.031741977 
696 10 8 14 0.031727653 
238 677 6 20 0.031714108 
427 415 37 87 0.031713754 
364 200 8 18 0.03168117 
802 342 16 34 0.031669427 
779 297 13 27 0.03164077 
264 36 6 17 0.03163785 
533 283 18 35 0.031637546 
454 668 5 14 0.03161725 
277 490 14 30 0.031588968 
182 176 8 20 0.031581827 
157 193 7 13 0.03157145 
519 266 38 72 0.031559493 
58 268 90 115 0.03155785 
60 178 5 17 0.03154675 
855 20 177 167 0.031545207 
610 308 17 38 0.031517193 
383 477 13 30 0.031514958 
864 640 5 14 0.03150754 
386 158 10 24 0.031506274 
821 345 14 31 0.031487085 
823 140 7 15 0.03147844 
914 167 8 16 0.031433534 
780 21 10 17 0.03142918 
51 349 13 31 0.031407643 
807 127 9 17 0.03139094 
923 442 9 24 0.03137303 
196 206 10 16 0.03135417 
616 347 14 31 0.03134387 
345 278 10 23 0.031341683 
361 490 10 26 0.03133132 
371 209 12 27 0.03131596 
42 147 8 29 0.03129743 
938 154 8 14 0.03128021 
429 168 90 86 0.031273726 
842 249 15 32 0.031256348 
254 658 12 26 0.031239819 
168 486 6 15 0.031199856 
592 114 8 17 0.031191103 
169 758 9 26 0.031188486 
987 567 9 29 0.031160697 
753 348 13 30 0.031150494 
639 310 85 118 0.031116046 
820 57 12 22 0.03108962 
537 156 12 31 0.031086443 
998 239 18 26 0.031082056 
103 178 7 12 0.031071812 
733 489 10 26 0.031069212 
74 298 14 35 0.0310605 
305 382 14 35 0.031060057 
796 314 11 25 0.03103517 
428 689 5 15 0.031021649 
741 440 11 26 0.031015413 
512 120 11 29 0.031008221 
279 69 15 25 0.030938493 
218 123 10 18 0.030932592 
865 586 5 19 0.030921774 
322 57 10 21 0.030891625 
334 293 11 22 0.030873 
697 70 6 22 0.030863985 
807 162 9 21 0.03081473 
473 404 37 81 0.030813798 
543 8 7 22 0.030811092 
160 497 5 16 0.030797824 
238 287 18 28 0.030776912 
533 692 5 13 0.030775163 
266 540 16 31 0.030749205 
964 121 10 22 0.0307433 
913 442 8 25 0.030712174 
937 440 10 28 0.030709095 
773 228 10 18 0.030668125 
977 16 5 11 0.030663565 
522 113 15 38 0.030629471 
232 170 9 29 0.03057956 
753 202 11 23 0.03057364 
670 74 6 20 0.030567612 
562 155 11 30 0.03055079 
819 238 10 19 0.030549964 
1001 0 7 17 0.030543426 
166 587 8 17 0.030505553 
46 465 16 27 0.030448742 
945 207 13 28 0.03043499 
261 51 6 15 0.030420108 
487 183 11 27 0.030402722 
747 168 7 14 0.030400513 
220 659 7 21 0.030399956 
947 119 10 22 0.030392574 
209 658 7 25 0.030377535 
884 414 10 30 0.030352848 
873 638 7 17 0.03035172 
294 442 11 27 0.030338725 
356 628 15 34 0.030334614 
194 637 9 21 0.030299969 
68 202 5 17 0.03028824 
498 185 14 27 0.030260911 
553 8 9 22 0.03025326 
565 -1 10 14 0.030251386 
876 103 5 13 0.030242892 
260 485 7 15 0.030232813 
238 23 5 18 0.030226095 
14 230 10 44 0.030211309 
155 161 8 21 0.030191457 
817 309 13 29 0.030191362 
110 259 18 28 0.030172754 
931 201 16 34 0.03014068 
971 581 12 28 0.030120783 
333 199 83 109 0.03011373 
512 558 8 21 0.030111406 
401 67 5 12 0.030089453 
425 171 13 25 0.03008559 
471 194 14 34 0.030074775 
213 443 15 40 0.030073732 
844 445 10 21 0.03006004 
121 196 5 11 0.030056765 
458 705 4 13 0.030047895 
825 613 7 23 0.030046882 
250 641 7 15 0.03003327 
948 506 10 26 0.03003042 
368 612 16 40 0.029978525 
473 122 12 25 0.029974984 
735 104 7 16 0.029953446 
107 455 7 23 0.029939022 
15 551 9 26 0.029926777 
924 482 8 20 0.02991167 
755 291 17 37 0.029903635 
528 46 8 20 0.029888274 
989 502 8 31 0.029880604 
477 681 4 12 0.029879102 
666 418 9 24 0.029852403 
808 207 10 15 0.02983349 
898 483 7 20 0.02982829 
373 275 10 25 0.029819908 
379 67 5 10 0.029799739 
66 634 11 25 0.029795734 
441 78 5 13 0.029795114 
369 477 13 23 0.02978024 
955 81 5 12 0.02977892 
545 245 17 40 0.029771179 
204 379 12 21 0.029765286 
795 344 13 32 0.029762479 
764 555 16 30 0.029700736 
399 131 7 14 0.029689875 
275 218 7 14 0.029622622 
283 467 9 24 0.029619327 
771 164 8 16 0.029601786 
143 202 9 18 0.02959919 
416 78 5 12 0.029594224 
992 42 4 9 0.029560963 
157 202 8 18 0.02955866 
987 135 9 19 0.029556552 
250 51 5 16 0.02955026 
578 122 8 25 0.029545052 
339 642 20 35 0.029523969 
977 65 6 13 0.029470978 
1001 10 8 17 0.029453963 
588 236 13 27 0.029448405 
991 516 8 28 0.029404651 
898 497 7 20 0.029398466 
259 466 150 185 0.029390993 
114 467 10 26 0.029388089 
337 61 8 16 0.029382974 
308 237 10 23 0.029374951 
66 611 10 20 0.029374706 
82 156 6 13 0.029347997 
708 140 7 17 0.029347543 
345 233 11 30 0.029347535 
912 507 8 22 0.029332513 
831 274 12 27 0.029329954 
544 0 6 13 0.029272234 
167 467 7 21 0.029271496 
433 175 16 32 0.02924711 
972 452 11 33 0.029237762 
927 38 6 12 0.029225558 
257 305 11 20 0.029210735 
115 425 9 29 0.029200494 
77 121 10 25 0.029178083 
12 423 13 35 0.029176036 
782 236 12 21 0.029154796 
253 276 13 25 0.029133644 
537 176 11 22 0.029119601 
161 578 6 13 0.029117694 
210 152 6 17 0.02910255 
707 178 7 17 0.029085964 
836 143 6 13 0.029084267 
57 166 5 18 0.02906421 
742 492 10 23 0.029057976 
848 468 11 24 0.029038843 
965 67 6 11 0.029036704 
898 523 8 18 0.028999321 
389 132 6 12 0.028997973 
274 268 9 17 0.028977128 
997 428 15 32 0.02896824 
165 250 16 28 0.028966852 
271 416 12 26 0.02893058 
157 508 6 17 0.02891593 
503 522 8 19 0.028912583 
665 174 12 23 0.028908499 
903 97 13 19 0.028866675 
781 145 13 25 0.028852204 
415 64 6 12 0.02882578 
96 192 5 13 0.028819852 
822 164 7 16 0.02880375 
592 533 9 17 0.028803302 
859 69 9 22 0.02879788 
897 440 10 31 0.028782966 
742 385 11 31 0.02872408 
305 71 12 22 0.028713442 
66 283 12 32 0.028707657 
217 186 11 28 0.028706826 
860 87 7 16 0.028676111 
642 254 10 18 0.028664352 
603 243 10 19 0.028637646 
429 127 7 14 0.028635645 
259 149 8 20 0.028634045 
362 179 8 18 0.028621843 
909 36 10 15 0.028617144 
8 471 15 38 0.028613204 
231 636 11 22 0.028597357 
181 124 8 21 0.028578868 
81 216 8 20 0.028557457 
851 669 4 10 0.0285561 
331 255 14 33 0.028538598 
274 227 8 16 0.028535636 
594 203 8 15 0.028516613 
824 207 7 13 0.028511876 
81 135 8 20 0.028501896 
178 382 10 19 0.028491845 
987 591 10 32 0.028478159 
533 327 30 75 0.02847408 
720 85 7 21 0.028474018 
232 103 7 14 0.028471993 
358 501 13 34 0.028463488 
161 484 6 17 0.028462952 
754 256 18 25 0.028455194 
377 103 7 14 0.028438319 
856 470 9 23 0.028435765 
107 426 9 27 0.02842929 
514 7 7 21 0.02839821 
834 778 9 18 0.02835937 
220 137 8 16 0.028323254 
254 266 10 22 0.028308893 
696 141 6 15 0.028276263 
60 189 5 17 0.028275046 
209 627 6 17 0.028254772 
71 745 19 25 0.028252024 
895 212 12 23 0.028251728 
651 446 14 26 0.02823647 
207 53 10 32 0.028218633 
561 224 14 27 0.028216481 
757 189 9 18 0.028200952 
1004 41 5 10 0.028176488 
259 506 10 22 0.028169401 
603 211 10 20 0.028099552 
260 102 9 18 0.02807735 
230 227 10 19 0.028074432 
370 515 12 27 0.02806967 
272 462 7 14 0.028064009 
310 712 6 23 0.028063353 
246 697 8 26 0.028054424 
544 270 18 36 0.028046653 
500 176 11 20 0.028043352 
549 404 44 91 0.028031545 
337 115 8 14 0.028025804 
360 277 10 23 0.02802371 
80 227 12 25 0.028016869 
576 533 13 21 0.028014498 
862 573 6 18 0.02799167 
23 401 18 49 0.027987892 
771 239 12 20 0.027987666 
390 695 5 10 0.027979126 
351 678 7 16 0.027956018 
523 159 12 29 0.027953275 
321 233 12 30 0.027943674 
169 377 13 26 0.027940176 
295 242 9 18 0.027937483 
369 305 13 25 0.027937327 
92 622 11 24 0.027930122 
594 126 8 18 0.027929675 
828 654 4 13 0.027919244 
862 27 9 13 0.027901702 
331 318 17 36 0.027889233 
158 720 7 14 0.02787442 
709 215 35 69 0.027870843 
982 360 13 29 0.027847689 
21 648 20 32 0.02783972 
465 705 5 14 0.027825767 
343 446 15 35 0.02782183 
286 39 7 16 0.027804824 
362 690 6 16 0.027799463 
963 585 9 23 0.027796641 
779 434 12 34 0.027758196 
991 51 6 12 0.027728124 
839 707 5 10 0.027720934 
774 9 8 15 0.02771251 
127 213 11 23 0.027694818 
194 390 10 23 0.027692372 
478 232 48 83 0.027687421 
315 275 16 29 0.027670205 
269 530 14 25 0.027638108 
309 547 10 22 0.027637811 
744 137 9 19 0.027622672 
685 101 6 20 0.027586922 
207 565 7 16 0.027581511 
812 269 8 16 0.027552921 
654 431 11 27 0.027531816 
808 387 11 30 0.027518403 
18 571 8 23 0.027483338 
181 713 8 21 0.027482076 
313 120 6 11 0.027466832 
602 337 16 30 0.027451564 
111 548 6 17 0.027443632 
591 100 9 20 0.02743811 
760 155 7 15 0.0274371 
63 659 10 22 0.027426528 
553 88 9 21 0.027426051 
383 315 14 28 0.02735395 
698 83 6 22 0.02734314 
60 349 14 32 0.027303413 
183 206 9 16 0.027294228 
938 38 6 12 0.027277792 
118 168 7 13 0.027270557 
293 45 10 21 0.027261961 
752 523 11 21 0.0272474 
211 101 8 15 0.027236054 
66 259 13 31 0.027235359 
964 185 10 22 0.027231872 
39 587 9 20 0.027208662 
133 195 6 10 0.02720414 
521 370 40 78 0.027197175 
460 194 13 31 0.027182326 
221 90 6 16 0.027174968 
268 318 17 33 0.027150938 
365 66 4 11 0.027143463 
221 713 7 21 0.0271374 
703 225 16 38 0.027129743 
668 113 7 20 0.027129024 
299 136 9 19 0.027121319 
245 243 10 18 0.027108084 
554 509 9 22 0.02710747 
344 343 16 39 0.027082693 
552 194 9 15 0.027072504 
646 220 8 15 0.027071005 
576 134 11 28 0.027034437 
80 663 11 30 0.027028339 
294 165 12 24 0.027022764 
308 59 11 22 0.027010845 
51 728 17 39 0.02699928 
871 5 8 10 0.026993586 
220 72 7 19 0.026977092 
900 66 8 14 0.02697028 
865 666 5 12 0.02695617 
733 151 8 17 0.026941007 
924 494 9 22 0.026936721 
631 573 8 21 0.026925389 
771 125 12 18 0.026922077 
116 665 12 35 0.02691775 
248 215 7 17 0.026917357 
234 648 9 20 0.026884127 
394 438 13 33 0.02687796 
791 156 13 27 0.026873084 
743 454 10 24 0.02682971 
503 124 9 22 0.026823958 
478 578 5 12 0.02678735 
377 51 5 12 0.02678661 
376 114 8 15 0.02675037 
260 87 10 20 0.026749786 
171 192 7 15 0.026746638 
196 699 7 24 0.026740365 
960 424 11 34 0.026737038 
203 423 15 41 0.026729522 
951 35 7 14 0.026726024 
520 207 17 35 0.02671312 
279 343 17 39 0.026707888 
234 88 7 16 0.026689047 
408 390 13 27 0.026682444 
888 624 9 20 0.026668802 
314 742 5 14 0.026612496 
275 256 9 17 0.026609922 
622 144 22 36 0.026600737 
516 573 7 20 0.026597328 
198 590 6 13 0.026594516 
1000 133 10 21 0.02659334 
666 226 12 23 0.026567914 
782 294 75 114 0.026559787 
152 252 15 28 0.026545726 
872 416 10 27 0.026538962 
450 333 44 84 0.026528602 
196 196 78 94 0.02651094 
45 610 90 117 0.026498487 
92 590 8 17 0.02649342 
939 144 6 12 0.026485452 
77 589 12 19 0.026459875 
291 515 14 30 0.026451087 
536 107 14 30 0.02643873 
768 411 13 34 0.026392192 
887 613 9 19 0.026388215 
963 200 10 21 0.026376823 
800 283 7 14 0.02637025 
823 180 7 14 0.026366431 
166 637 9 19 0.026313031 
247 129 7 14 0.02630724 
984 199 13 24 0.026304744 
38 519 15 45 0.026302487 
143 332 15 34 0.026298426 
273 242 8 16 0.02629311 
298 702 8 23 0.026287014 
965 216 10 21 0.026284691 
535 65 156 174 0.026274009 
351 191 7 16 0.02627251 
102 647 14 37 0.02626427 
22 205 11 39 0.026262246 
471 92 16 33 0.02626045 
444 665 5 16 0.026243815 
286 177 9 19 0.026220752 
849 681 5 11 0.026209882 
344 260 11 27 0.026208565 
535 246 18 39 0.026198976 
864 15 7 10 0.026198795 
665 431 11 25 0.026195522 
741 345 14 34 0.026176384 
109 206 6 14 0.026161527 
911 26 7 11 0.02615019 
805 410 13 33 0.02615007 
999 581 8 30 0.026141047 
115 272 21 32 0.026135987 
858 213 11 22 0.026130112 
834 41 10 14 0.026121642 
389 705 5 11 0.026120419 
231 113 8 16 0.026092293 
107 215 10 21 0.026088646 
129 586 8 20 0.026082225 
353 360 15 36 0.02607967 
794 390 11 26 0.026054941 
912 456 8 22 0.026040807 
288 188 10 23 0.026025478 
171 205 8 15 0.026004333 
357 342 14 36 0.025999341 
335 199 10 25 0.025997069 
630 403 10 27 0.025994929 
939 89 7 14 0.025992243 
830 60 14 32 0.025990097 
513 548 8 20 0.025978982 
307 441 13 28 0.025968391 
528 10 6 20 0.02595271 
962 609 8 19 0.025947308 
731 377 10 28 0.0259461 
84 170 5 10 0.0259401 
320 310 13 29 0.025884973 
686 62 5 17 0.025881367 
194 35 7 27 0.02587787 
852 694 5 11 0.025874889 
454 77 6 14 0.025867863 
195 411 13 35 0.025832934 
373 366 13 28 0.025830032 
538 128 12 35 0.025826484 
977 254 11 21 0.025806 
721 110 8 23 0.025804963 
874 498 7 18 0.025789576 
786 207 9 16 0.025787218 
513 507 9 26 0.025783803 
847 416 8 24 0.025779715 
225 368 19 32 0.0257482 
290 342 20 41 0.02574229 
348 465 11 26 0.025731806 
486 534 10 18 0.025729971 
589 341 11 21 0.025727509 
925 455 8 24 0.025725286 
37 596 12 25 0.025723686 
721 125 7 20 0.025716688 
837 613 7 21 0.025700798 
332 446 17 38 0.025688725 
190 333 34 70 0.025683079 
246 627 8 17 0.025677633 
0 438 70 124 0.025673453 
91 309 12 31 0.025635155 
654 597 9 23 0.025634708 
416 688 5 16 0.025600877 
302 625 21 40 0.02559829 
1000 568 8 28 0.025579508 
817 385 13 32 0.025555208 
412 520 14 24 0.025552036 
130 230 11 20 0.025551645 
141 88 11 15 0.025528414 
744 587 9 18 0.025485232 
64 682 12 27 0.025482086 
849 38 9 14 0.025481284 
247 673 8 20 0.025465585 
982 268 32 67 0.025452383 
204 364 13 26 0.02540534 
914 483 6 19 0.025380015 
62 670 11 25 0.025351899 
2 141 8 36 0.0253433 
372 173 89 91 0.02530963 
745 599 8 18 0.025294805 
936 465 10 28 0.02528058 
181 190 9 17 0.025278449 
809 179 8 17 0.025269149 
745 153 8 16 0.025247829 
235 127 7 15 0.025246598 
666 126 8 18 0.02523232 
669 156 7 15 0.025227893 
210 112 10 17 0.025223132 
207 34 7 25 0.0252172 
314 627 23 36 0.02520847 
594 526 8 17 0.025192633 
267 564 15 35 0.025189623 
873 651 7 17 0.025186827 
303 300 17 38 0.0251802 
427 65 5 12 0.025179928 
684 128 6 15 0.02517435 
308 415 11 25 0.025170406 
133 308 89 94 0.025162626 
1 428 10 28 0.025149664 
171 178 7 17 0.025125185 
382 352 13 27 0.025114505 
925 469 8 22 0.02509183 
330 398 88 124 0.025084259 
152 240 12 19 0.025082827 
191 92 11 25 0.025053168 
37 609 12 27 0.025048755 
271 278 12 22 0.025031194 
297 571 9 22 0.025026163 
986 424 14 34 0.025019765 
511 72 12 25 0.025001893 
876 484 6 19 0.024987249 
285 691 7 19 0.024986831 
162 466 6 22 0.024977805 
42 171 7 27 0.024966452 
388 52 6 13 0.02495643 
685 141 6 14 0.024954243 
171 162 7 19 0.02494844 
766 374 12 30 0.02494182 
63 329 11 24 0.024933767 
741 465 12 29 0.024890646 
515 534 7 20 0.024866657 
156 232 9 16 0.024860494 
377 680 6 13 0.024850158 
245 592 10 27 0.024845595 
55 149 7 21 0.024820026 
890 496 6 19 0.024805749 
198 379 10 19 0.024789404 
59 203 6 17 0.024784237 
485 121 11 26 0.024782436 
685 74 5 18 0.024772089 
223 52 5 17 0.024769118 
695 416 8 22 0.024768611 
34 685 16 28 0.024755439 
133 152 7 17 0.02474524 
358 113 9 16 0.024724768 
539 41 9 26 0.02472354 
736 179 8 16 0.024719017 
693 3 8 12 0.024711583 
212 232 18 30 0.024707502 
912 198 10 23 0.024701947 
381 426 15 36 0.024700481 
624 345 14 35 0.024693314 
1002 154 7 15 0.024668543 
283 167 10 17 0.024660429 
912 15 6 10 0.02464938 
393 233 13 32 0.024645673 
236 10 6 19 0.024630971 
170 151 8 20 0.02462029 
347 145 10 21 0.024613032 
336 533 12 23 0.024608498 
836 240 9 20 0.024607716 
26 96 9 29 0.024579586 
566 510 8 19 0.024545088 
473 16 15 29 0.024542794 
470 62 40 74 0.024519883 
244 609 9 22 0.024518598 
780 2 9 13 0.024486467 
207 507 7 19 0.02448553 
551 521 12 26 0.024483308 
976 504 8 26 0.0244813 
951 63 6 15 0.024463689 
246 315 10 17 0.024459906 
168 681 10 34 0.02445774 
116 507 8 24 0.024454558 
150 358 89 99 0.024449894 
405 2 17 35 0.024448313 
135 183 5 12 0.024447357 
248 661 10 21 0.0244347 
767 344 14 33 0.024433251 
835 414 10 28 0.024403777 
550 174 10 23 0.024380442 
274 177 8 17 0.024368003 
852 27 7 12 0.024357399 
666 403 10 26 0.024339158 
609 278 16 36 0.024334796 
175 407 13 34 0.024321066 
671 234 31 60 0.02430616 
540 507 10 27 0.024280384 
402 683 5 11 0.024278685 
846 430 9 25 0.024268059 
83 182 5 10 0.02425674 
912 520 8 22 0.02425544 
670 99 6 21 0.024247218 
736 168 6 14 0.024247121 
15 84 9 25 0.024216658 
350 480 10 23 0.024208827 
386 518 12 26 0.024200458 
223 20 6 19 0.024194358 
747 509 9 20 0.024193203 
124 653 12 34 0.02416157 
207 190 9 22 0.024119651 
261 217 6 14 0.024108721 
381 395 15 30 0.024104614 
899 469 8 24 0.02410003 
232 598 9 22 0.024087308 
1014 283 13 28 0.02408625 
693 435 8 18 0.024023779 
687 284 18 32 0.024003547 
947 596 11 25 0.023993874 
723 467 8 21 0.023986261 
447 194 14 31 0.02397511 
247 342 8 16 0.023966838 
221 60 7 21 0.02396672 
847 402 9 25 0.023922978 
337 47 7 18 0.023920408 
914 497 7 20 0.023906292 
887 469 8 24 0.023891935 
887 574 7 19 0.023887616 
95 97 27 30 0.023877947 
467 668 5 13 0.023876982 
100 320 14 33 0.02387567 
67 311 12 27 0.023847599 
303 344 18 37 0.02381946 
773 119 8 12 0.02380875 
229 238 12 22 0.023773422 
886 584 6 20 0.023758603 
503 535 8 17 0.023746038 
987 617 9 30 0.023718836 
658 114 8 19 0.02369362 
771 584 11 22 0.023685953 
120 182 6 12 0.023680238 
369 593 14 33 0.0236743 
66 236 10 28 0.02367352 
997 476 13 37 0.02367283 
-155 190 1170 1217 0.02367165 
869 43 12 22 0.023669796 
886 130 7 14 0.023662506 
208 550 6 16 0.023644164 
53 246 12 37 0.023632428 
419 390 14 28 0.023624621 
194 139 7 19 0.023617215 
680 417 9 22 0.023603618 
549 332 17 43 0.023597054 
67 217 6 18 0.023573522 
560 335 13 30 0.023557642 
967 51 6 12 0.02355109 
246 230 8 15 0.02354452 
274 192 8 17 0.023543235 
264 83 18 28 0.023541229 
113 480 10 25 0.02353739 
306 85 12 20 0.023522977 
452 88 7 16 0.023500768 
462 74 9 17 0.02350027 
106 411 9 29 0.023493642 
755 227 10 18 0.023480544 
696 128 6 15 0.023480123 
371 532 10 22 0.02347839 
619 569 7 26 0.023471324 
770 465 11 27 0.02346061 
193 401 11 27 0.023450054 
256 255 8 20 0.023435604 
237 379 20 30 0.023434874 
666 584 10 20 0.023427015 
536 84 13 24 0.023415262 
755 399 12 29 0.02340921 
272 167 7 16 0.023388121 
782 389 11 26 0.023387412 
113 704 21 35 0.023380324 
360 262 9 24 0.023372268 
38 372 13 30 0.023363693 
395 319 15 34 0.023354001 
612 145 15 30 0.023346048 
834 26 9 15 0.023330841 
476 562 6 14 0.023305131 
713 293 16 33 0.023284223 
249 25 5 17 0.023259776 
696 59 7 21 0.023258029 
975 608 8 23 0.02323885 
1009 439 15 33 0.023228418 
692 188 11 24 0.023225646 
444 690 4 13 0.02322023 
891 525 5 14 0.0232033 
861 416 8 24 0.023185533 
364 22 6 14 0.023172421 
267 698 13 26 0.02316215 
696 101 6 21 0.02315436 
733 647 7 22 0.02314428 
215 426 15 36 0.023134513 
229 351 13 24 0.023132116 
336 180 7 15 0.023124203 
256 200 8 21 0.023113767 
912 471 8 19 0.023106124 
694 256 34 53 0.023101976 
691 585 12 18 0.023096766 
615 102 92 107 0.023085 
104 228 13 22 0.023083307 
184 591 6 12 0.023080435 
257 103 39 80 0.023071652 
986 452 11 32 0.023063721 
1 437 28 77 0.023060458 
319 398 13 33 0.023053318 
319 447 16 40 0.023053002 
171 218 9 16 0.023039207 
685 114 6 17 0.023026604 
254 540 17 33 0.023025947 
230 216 9 20 0.023015752 
382 557 11 23 0.023001416 
371 547 10 22 0.022993019 
70 170 5 11 0.022985151 
768 179 9 15 0.022974288 
578 525 10 19 0.022947555 
286 226 8 19 0.022943344 
772 150 8 18 0.022942498 
247 74 7 18 0.02294021 
203 355 37 64 0.022938304 
695 113 7 19 0.022930626 
827 666 4 12 0.022920627 
685 87 5 19 0.022918535 
583 425 16 34 0.022912046 
138 377 37 83 0.022907732 
194 53 8 28 0.022887306 
222 744 7 15 0.022867959 
627 413 11 29 0.022851015 
13 323 9 28 0.022847708 
15 700 11 28 0.02284597 
819 412 11 30 0.022823822 
665 597 11 22 0.022819825 
901 109 12 18 0.022816496 
113 122 13 23 0.02279912 
709 125 7 18 0.022779154 
166 367 12 24 0.02277834 
196 191 8 18 0.022775419 
387 175 11 23 0.02276518 
807 193 10 16 0.02275676 
308 165 11 24 0.022749292 
517 20 7 23 0.022744812 
261 230 6 14 0.022744356 
59 216 6 21 0.022729998 
836 442 10 24 0.022726886 
408 491 13 27 0.022718921 
616 213 10 19 0.02271646 
61 368 16 41 0.022712648 
362 208 11 27 0.022710694 
170 137 8 20 0.022703348 
755 438 11 27 0.0227021 
532 680 5 12 0.022691892 
628 115 8 16 0.022675194 
620 115 8 16 0.022663234 
976 536 8 20 0.0226604 
740 278 31 62 0.022641625 
975 199 11 23 0.022635486 
271 638 9 20 0.02262743 
198 454 9 28 0.02261768 
885 439 10 28 0.022598019 
259 697 10 26 0.02259604 
950 49 7 14 0.022595983 
961 235 14 29 0.02258638 
47 705 18 34 0.02257451 
709 447 6 16 0.022574505 
823 778 8 20 0.022566713 
427 141 8 15 0.022552399 
642 448 14 27 0.022551794 
797 270 9 17 0.02255025 
887 5 8 11 0.02254543 
181 729 10 20 0.022545232 
147 152 7 20 0.02251854 
158 538 6 15 0.022513164 
643 268 10 17 0.022503914 
225 37 5 17 0.022503426 
325 90 7 15 0.022497129 
625 198 11 21 0.022495577 
771 205 10 17 0.022492286 
838 458 8 16 0.022485524 
87 361 14 31 0.022480588 
627 127 11 18 0.022461137 
118 155 7 15 0.022455454 
280 568 12 27 0.022434717 
276 204 6 15 0.022434235 
247 87 8 16 0.022421569 
95 205 6 14 0.022416662 
398 287 13 28 0.022411458 
218 369 14 25 0.022409087 
156 138 8 19 0.022407426 
336 34 7 20 0.022401234 
527 572 8 22 0.022394445 
773 216 10 18 0.022391973 
851 113 6 15 0.022377104 
721 166 6 16 0.022365559 
53 668 12 25 0.022361632 
413 128 8 15 0.022341996 
606 542 9 28 0.022341536 
954 750 17 21 0.022323793 
259 687 8 22 0.022286216 
297 401 11 25 0.022279039 
545 292 19 39 0.022272335 
601 604 13 32 0.022269443 
685 35 6 16 0.02226584 
260 628 7 16 0.022253433 
395 210 12 25 0.022247707 
65 226 9 23 0.022238836 
391 586 48 58 0.022229267 
379 706 4 9 0.02222855 
249 62 6 17 0.02220319 
122 145 99 97 0.022195205 
2 338 9 26 0.022191742 
146 600 9 16 0.022182688 
141 214 10 21 0.022181699 
998 501 10 35 0.022166006 
706 189 9 20 0.022161733 
286 163 34 63 0.022150941 
521 231 17 37 0.022130368 
69 152 6 16 0.022094822 
566 196 7 13 0.022067532 
824 195 7 13 0.022058582 
973 425 12 32 0.022055382 
293 461 13 33 0.02204745 
715 241 18 36 0.022047395 
156 667 10 29 0.022033801 
259 241 8 17 0.02202947 
604 128 10 17 0.02202642 
89 337 13 29 0.022019612 
804 468 12 24 0.022015234 
887 91 7 13 0.022011142 
257 425 13 30 0.021993782 
209 403 13 23 0.021988047 
994 281 15 33 0.021986334 
509 92 13 29 0.021984816 
607 243 31 53 0.021979455 
644 114 8 18 0.02197302 
991 14 6 13 0.021954756 
790 582 14 33 0.021944912 
380 695 4 10 0.021926451 
701 281 18 32 0.021925997 
220 518 9 25 0.021925835 
622 232 8 16 0.021920031 
130 362 14 31 0.02191348 
216 559 12 30 0.021900313 
659 100 7 21 0.021896213 
272 675 8 19 0.021894416 
485 19 12 25 0.021884544 
680 401 10 26 0.021884423 
129 533 9 22 0.021876916 
1015 11 9 18 0.021874867 
852 614 5 17 0.021871706 
356 385 15 32 0.021866549 
318 576 51 79 0.021862686 
1016 26 8 16 0.021856563 
270 348 14 33 0.021840565 
436 388 12 28 0.021839501 
858 224 12 26 0.021829834 
629 219 10 17 0.02182736 
208 524 7 19 0.021821314 
657 125 9 20 0.021818064 
251 104 7 14 0.021782666 
396 306 163 200 0.021764902 
985 269 16 31 0.02175328 
886 551 6 17 0.021752976 
998 604 9 33 0.021752423 
755 495 9 18 0.021749131 
344 503 15 35 0.021745529 
129 745 14 26 0.021744821 
373 176 9 20 0.021743802 
297 582 9 24 0.021740863 
75 371 14 35 0.021716822 
887 102 8 13 0.021696173 
182 637 9 18 0.02168892 
38 314 12 27 0.021684729 
170 124 8 20 0.021680685 
299 746 6 11 0.021664886 
938 480 9 25 0.021652156 
236 76 6 15 0.021643192 
604 228 9 19 0.021639073 
975 622 9 24 0.021627901 
886 403 9 27 0.021609444 
757 414 10 26 0.021595728 
997 430 30 78 0.021594297 
503 572 7 18 0.021586655 
693 401 10 27 0.021579474 
991 28 5 11 0.02157463 
467 550 6 15 0.021570675 
37 470 15 24 0.021545108 
336 190 9 19 0.021539941 
596 123 34 75 0.02153347 
450 102 8 18 0.021529432 
853 706 4 12 0.021515148 
179 672 10 30 0.021510657 
745 103 7 15 0.021506958 
832 9 12 18 0.021506662 
320 427 13 29 0.021493731 
501 90 13 30 0.021485906 
323 74 8 16 0.021480639 
653 173 12 22 0.021464663 
57 225 9 25 0.021450466 
170 746 9 23 0.021407632 
575 -2 12 17 0.021407496 
528 519 10 25 0.021402957 
207 534 7 20 0.021402868 
755 453 11 25 0.021389024 
891 101 99 117 0.021378912 
26 525 14 42 0.021378461 
769 434 13 35 0.021374527 
843 345 15 33 0.021374343 
795 179 10 17 0.021374263 
110 539 6 19 0.021372173 
504 106 9 24 0.02136813 
868 55 12 24 0.021357527 
477 169 86 93 0.021352936 
412 143 8 15 0.021337355 
755 511 8 17 0.021336872 
245 517 10 22 0.021332342 
977 277 10 21 0.021328809 
560 398 89 116 0.021325752 
23 96 187 183 0.021324987 
834 314 11 24 0.021317463 
311 703 5 18 0.02130896 
238 50 5 16 0.021282576 
271 663 9 18 0.021265939 
861 431 8 20 0.021262752 
168 499 6 15 0.021262078 
134 167 6 15 0.021260723 
218 545 9 24 0.021260701 
551 766 10 26 0.021255951 
12 263 13 51 0.021254493 
103 362 11 28 0.021254033 
289 316 18 37 0.021214811 
335 143 11 24 0.021205021 
911 49 9 16 0.021162596 
114 680 17 43 0.021161648 
195 672 9 28 0.021160685 
792 433 13 36 0.021152139 
336 23 7 16 0.021150947 
873 509 7 19 0.02114678 
383 631 13 26 0.021141063 
563 402 19 35 0.021129768 
667 215 11 19 0.0211267 
218 730 8 15 0.021126535 
992 306 17 34 0.021124782 
231 198 11 26 0.021107666 
40 341 11 24 0.021103116 
525 75 11 20 0.021101777 
542 666 6 14 0.021096423 
409 211 12 24 0.02109634 
383 648 10 21 0.021076739 
516 679 6 14 0.021074636 
410 276 46 72 0.021062562 
113 401 11 30 0.021057002 
875 470 8 20 0.021051623 
386 304 11 23 0.021050062 
64 731 17 34 0.021049203 
309 582 10 26 0.021048738 
63 573 15 21 0.02103072 
478 589 5 12 0.0210219 
514 584 9 23 0.02101518 
249 332 9 16 0.021008406 
781 252 12 23 0.020997165 
461 6 12 21 0.020993767 
52 107 10 33 0.020936957 
754 241 14 21 0.02092464 
534 703 5 13 0.020921554 
185 483 6 18 0.02091879 
857 237 13 29 0.020916417 
852 103 5 13 0.02090514 
756 483 9 20 0.020861056 
65 586 10 14 0.020843145 
604 532 9 22 0.020833263 
963 569 10 25 0.020828465 
258 442 12 24 0.020822173 
53 314 11 26 0.020817738 
655 573 9 23 0.020813117 
645 609 8 21 0.020811018 
889 77 7 14 0.020809676 
512 62 11 19 0.020802237 
128 635 9 20 0.020788612 
680 14 8 12 0.020787438 
928 27 6 9 0.020786302 
517 52 7 16 0.020779045 
871 539 6 16 0.020774506 
220 10 7 20 0.020770216 
812 253 9 17 0.020757256 
858 460 8 16 0.020748984 
682 434 8 20 0.02074758 
170 580 5 12 0.020745357 
833 301 11 24 0.020734997 
-27 604 148 199 0.02071692 
731 503 11 27 0.020712307 
525 97 11 24 0.020700151 
483 92 14 27 0.020691788 
280 407 12 21 0.020684503 
998 447 16 39 0.020683747 
811 622 8 24 0.020662585 
10 365 77 119 0.02066254 
898 582 10 22 0.02066079 
241 367 15 26 0.020639503 
676 194 15 29 0.02063711 
945 609 13 28 0.020632783 
807 436 13 34 0.0206232 
898 4 7 11 0.020620247 
129 546 9 20 0.020614726 
477 767 7 21 0.020606073 
390 684 5 11 0.02060082 
565 175 8 21 0.020582374 
761 127 8 14 0.020569123 
310 103 9 15 0.02056628 
602 523 8 21 0.020554077 
369 348 14 30 0.020544507 
489 548 8 18 0.020543447 
348 424 36 71 0.020542944 
820 8 13 19 0.020498978 
528 559 8 20 0.020490995 
334 368 36 80 0.0204882 
503 8 8 19 0.020462876 
244 528 13 29 0.020451074 
348 51 6 14 0.020449007 
327 629 25 35 0.02043169 
807 455 11 24 0.020426437 
482 421 19 46 0.020402437 
560 358 14 38 0.020391582 
220 612 9 20 0.020386994 
717 69 10 25 0.020383954 
517 33 8 21 0.02033851 
266 587 15 37 0.020329807 
233 451 13 29 0.020327339 
618 127 10 18 0.020323139 
656 206 8 16 0.020321015 
991 67 7 11 0.020315414 
916 179 34 66 0.020299407 
358 247 10 26 0.02028358 
535 218 17 37 0.020278962 
32 482 10 22 0.020278014 
838 237 35 74 0.020273473 
670 62 5 19 0.020261277 
424 512 8 18 0.02024432 
821 126 8 16 0.020241112 
476 551 7 16 0.020240897 
317 427 34 70 0.020239878 
615 402 12 31 0.020238472 
998 208 37 57 0.020235524 
414 48 8 18 0.020213863 
708 97 7 24 0.020212984 
372 9 10 18 0.02020964 
625 184 11 24 0.020202443 
393 288 35 71 0.02019058 
961 693 12 33 0.02016797 
282 619 14 33 0.020167138 
207 23 7 21 0.020158637 
233 707 8 30 0.02015496 
616 553 9 29 0.020149902 
961 545 10 23 0.020144925 
276 83 18 26 0.020122046 
399 399 12 28 0.020119766 
55 585 10 16 0.020100249 
807 115 10 17 0.02009854 
165 441 10 27 0.020075882 
106 520 9 23 0.020074807 
959 505 10 25 0.020069819 
503 508 9 22 0.020065047 
577 511 9 21 0.020062504 
270 148 10 23 0.020055521 
390 717 7 12 0.020053891 
947 411 12 33 0.020052284 
371 437 16 38 0.020049358 
972 337 13 28 0.020033594 
864 681 5 11 0.02003237 
794 320 28 50 0.020007906 
295 619 15 36 0.020006377 
959 286 90 116 0.020005532 
755 467 10 24 0.019999892 
12 502 12 35 0.019999813 
940 508 8 21 0.019998712 
320 147 11 24 0.01998066 
154 734 10 24 0.01997848 
413 -2 12 17 0.01996168 
322 546 12 23 0.019955019 
606 115 8 17 0.019952191 
552 72 9 23 0.019949265 
886 599 7 19 0.019935891 
959 715 12 23 0.019935668 
667 140 8 16 0.019926084 
160 451 8 29 0.019923335 
1004 28 6 12 0.019908035 
507 228 20 38 0.019906037 
307 610 15 32 0.019905044 
723 174 87 95 0.019894492 
764 160 86 88 0.019878428 
886 634 10 21 0.019877799 
464 86 10 20 0.01985787 
459 717 3 13 0.01983334 
161 565 5 14 0.019830925 
351 181 7 15 0.019828716 
248 11 5 17 0.019823987 
859 402 9 26 0.019818014 
821 440 11 27 0.019815557 
592 607 10 27 0.019814013 
93 218 8 19 0.019805811 
200 566 5 11 0.019795908 
297 358 29 68 0.019792296 
184 468 7 20 0.019780032 
294 220 12 26 0.019779688 
517 665 6 14 0.019775823 
928 15 7 10 0.019774595 
0 502 10 34 0.019740108 
352 688 6 17 0.019713901 
975 351 12 30 0.019706527 
864 4 7 9 0.019700177 
875 457 8 19 0.019696817 
1017 0 7 17 0.019671679 
526 60 11 21 0.0196712 
183 457 8 21 0.019670432 
485 215 17 37 0.019654648 
298 117 8 12 0.019650733 
667 11 11 13 0.019639771 
795 249 10 21 0.019629864 
211 718 6 15 0.019624608 
506 653 5 14 0.019624028 
932 582 16 29 0.01962028 
178 232 19 31 0.019602275 
455 66 6 13 0.019586992 
342 425 17 38 0.019573834 
401 692 5 12 0.019572066 
747 673 7 24 0.01956691 
393 515 18 32 0.019566813 
826 694 4 11 0.019560782 
683 445 9 21 0.019557845 
733 89 8 17 0.01955666 
131 138 8 20 0.019543806 
852 600 5 19 0.019538123 
387 288 11 23 0.019515475 
181 445 9 22 0.019500129 
219 505 9 24 0.019493178 
354 389 159 238 0.01947591 
898 599 11 20 0.019474877 
539 519 13 30 0.019474786 
62 489 14 29 0.019474294 
720 9 9 16 0.01947128 
115 363 12 28 0.019462079 
893 222 14 28 0.019455709 
397 411 13 33 0.0194526 
959 336 17 32 0.019447707 
75 513 15 38 0.019432219 
131 507 8 22 0.01943084 
169 241 12 19 0.019417102 
603 563 11 34 0.01940898 
105 506 9 25 0.01940125 
504 711 8 19 0.019385159 
63 466 13 24 0.01938291 
795 194 11 16 0.019366736 
889 538 6 14 0.01936613 
26 551 12 30 0.019361388 
153 294 15 31 0.019359533 
374 382 16 33 0.019334523 
756 322 30 65 0.019331295 
146 534 8 19 0.019328235 
236 661 7 18 0.019319557 
707 389 11 32 0.019312555 
384 259 13 32 0.019289332 
677 271 35 60 0.019272849 
164 351 13 30 0.019263033 
822 42 9 13 0.019246478 
911 531 11 23 0.01923926 
478 691 5 13 0.019222265 
465 128 8 17 0.019218255 
319 556 11 26 0.019210383 
567 524 9 18 0.019208983 
308 146 11 25 0.019197322 
759 139 8 16 0.01918745 
847 311 13 27 0.019183796 
799 291 29 56 0.019182784 
348 491 11 28 0.019154875 
78 328 11 23 0.019150715 
452 406 36 76 0.01912935 
320 161 10 22 0.019125473 
517 192 92 103 0.01911699 
459 16 16 29 0.019116336 
183 94 11 24 0.019091126 
924 507 9 21 0.019084185 
330 148 91 97 0.019077908 
720 178 7 17 0.019072682 
890 509 6 18 0.019068282 
37 387 12 31 0.019062748 
433 401 14 34 0.019062674 
23 231 11 37 0.019060738 
323 211 10 27 0.01902016 
564 533 12 22 0.01901507 
795 26 8 14 0.019013349 
572 362 14 31 0.018966012 
861 705 5 13 0.018960277 
361 157 10 23 0.018950775 
933 335 91 125 0.018940642 
129 466 10 25 0.018940303 
313 43 9 22 0.018935489 
852 82 8 19 0.01892847 
383 332 15 30 0.018925302 
538 487 12 30 0.01890363 
372 246 11 27 0.018887611 
975 519 9 24 0.018884081 
274 338 36 77 0.018873934 
883 31 12 20 0.01887239 
170 230 11 17 0.018871015 
335 383 13 33 0.018864216 
553 665 8 15 0.018859377 
148 506 7 22 0.018858025 
910 210 12 25 0.018842394 
899 535 8 17 0.018841688 
487 523 10 19 0.018838065 
783 178 10 17 0.018835293 
248 289 144 239 0.018832838 
88 514 13 35 0.018830543 
1013 391 12 26 0.018828426 
875 441 9 22 0.01882776 
440 65 6 14 0.018817857 
99 116 18 26 0.018804781 
269 392 11 21 0.018801775 
427 665 6 16 0.01879866 
963 557 10 23 0.018798416 
54 329 11 24 0.018786874 
283 608 11 27 0.018781178 
318 336 14 30 0.018775562 
862 695 5 12 0.018773185 
281 675 10 22 0.018769125 
54 572 12 20 0.018748404 
733 307 28 55 0.018726336 
324 23 8 21 0.0187165 
505 664 6 15 0.018716045 
743 645 10 25 0.018713094 
613 492 12 23 0.018697277 
959 273 14 26 0.018681906 
898 34 11 17 0.018680863 
156 126 8 18 0.018661492 
16 684 10 28 0.018652761 
705 14 7 13 0.018649206 
543 768 6 17 0.018638164 
116 390 10 28 0.018615734 
945 538 12 20 0.018599367 
898 550 8 16 0.018563263 
312 726 6 19 0.01854797 
832 387 11 30 0.018536855 
129 123 10 22 0.018527806 
643 379 10 25 0.018525511 
966 222 31 56 0.01850725 
592 135 11 26 0.018500185 
87 663 12 30 0.018487945 
874 663 7 17 0.018476998 
66 98 9 24 0.018474616 
128 570 10 25 0.018423267 
394 460 15 34 0.01841805 
591 129 159 192 0.018415814 
376 39 6 14 0.018414775 
408 361 13 31 0.01839119 
196 485 7 17 0.018386533 
90 229 13 24 0.018383617 
152 371 17 36 0.01838105 
580 196 7 12 0.018379588 
478 534 7 17 0.018376656 
1 473 12 35 0.018367598 
92 156 7 13 0.018363904 
899 126 9 16 0.018342856 
359 566 16 38 0.018335294 
334 345 14 33 0.018332664 
1014 298 13 26 0.018331124 
307 462 12 32 0.018317485 
990 779 37 103 0.018316442 
70 600 10 18 0.018303255 
857 386 12 30 0.018294564 
208 390 14 24 0.018271092 
850 15 6 11 0.018270282 
769 192 10 15 0.018221347 
810 59 9 16 0.018219478 
267 372 14 30 0.018207585 
195 67 9 27 0.018205458 
560 383 19 37 0.01820458 
251 114 6 13 0.018196901 
795 105 10 17 0.018194828 
666 199 12 22 0.018193692 
146 520 8 20 0.018190967 
495 683 4 10 0.018184004 
936 414 10 28 0.018172683 
562 245 14 32 0.01814661 
448 18 13 26 0.018139197 
425 150 30 52 0.018119078 
861 492 9 26 0.018116059 
783 35 9 19 0.018109037 
533 743 6 12 0.018102415 
746 659 8 25 0.018092535 
295 147 11 24 0.018087937 
500 73 13 25 0.018074393 
580 338 11 23 0.01805929 
145 138 8 20 0.018057846 
494 694 5 10 0.018049842 
229 252 14 25 0.018045792 
186 580 5 11 0.018031653 
492 591 5 11 0.018027432 
54 612 10 21 0.018023692 
50 682 15 27 0.018013315 
740 338 82 125 0.018009529 
3 96 8 28 0.018000938 
196 717 6 16 0.017989587 
115 337 12 27 0.017978294 
959 249 14 29 0.017963568 
257 605 11 27 0.017951451 
534 732 5 10 0.017933646 
683 207 32 64 0.01792981 
305 336 37 71 0.01790795 
676 212 14 25 0.01789949 
74 477 13 28 0.017897377 
336 475 12 31 0.01789577 
284 702 9 22 0.01789099 
979 211 34 54 0.01785899 
632 390 10 27 0.017856145 
128 479 11 26 0.017852016 
215 272 39 60 0.01784782 
180 111 9 21 0.017840657 
359 333 84 108 0.017834766 
537 58 13 26 0.017829197 
145 561 8 18 0.017822603 
154 109 11 22 0.017808426 
826 680 4 12 0.01780806 
396 347 14 32 0.017791154 
2 204 86 144 0.01778953 
323 104 8 14 0.017747227 
156 218 9 17 0.017742855 
281 308 33 68 0.017739845 
708 459 6 16 0.017731076 
185 34 9 31 0.017723337 
662 260 26 48 0.017722107 
946 520 11 22 0.017720256 
26 341 12 27 0.017709652 
665 385 13 32 0.017709015 
407 404 16 43 0.017705487 
385 663 9 20 0.017702537 
695 23 8 16 0.017689027 
89 117 14 25 0.0176835 
130 520 9 22 0.017682094 
876 90 6 14 0.017678218 
116 135 10 20 0.017677289 
89 134 10 21 0.017676087 
642 127 11 19 0.017674483 
421 209 13 26 0.017658968 
93 457 8 22 0.017644266 
39 670 13 22 0.017631069 
41 573 9 20 0.017617343 
258 137 9 20 0.017615195 
736 589 7 16 0.017590763 
491 715 7 16 0.01758749 
170 728 8 17 0.017580615 
209 121 10 20 0.01757797 
761 117 6 12 0.017564816 
50 369 15 36 0.017550834 
604 153 13 32 0.017526858 
285 212 10 22 0.017524295 
824 472 8 18 0.017491331 
76 349 14 31 0.017488588 
207 481 8 22 0.017486595 
885 47 10 18 0.017480362 
407 234 16 33 0.017472142 
335 161 9 20 0.017459901 
466 539 6 12 0.017459515 
721 494 8 23 0.017449988 
2 557 85 105 0.01740697 
453 362 162 260 0.017404484 
436 526 7 14 0.01738477 
794 13 7 13 0.017364334 
785 194 9 15 0.017355656 
156 756 11 28 0.017354574 
860 445 8 18 0.01735238 
548 22 14 36 0.017351093 
433 423 18 42 0.017347274 
366 51 5 12 0.017342689 
317 361 14 30 0.01732767 
643 432 11 27 0.01732094 
336 361 15 35 0.017314166 
976 648 9 23 0.01730196 
146 588 8 17 0.017301206 
332 427 15 33 0.017297404 
945 235 15 30 0.01729576 
736 637 6 17 0.01728695 
897 616 63 94 0.017282693 
54 601 9 17 0.017282287 
145 546 8 19 0.01727465 
652 342 15 36 0.017258849 
210 730 7 15 0.017245783 
708 111 8 22 0.017230475 
21 479 31 82 0.017227173 
195 124 8 19 0.017220385 
735 661 6 21 0.017207196 
644 620 9 24 0.01719898 
423 46 9 20 0.017198037 
444 441 20 47 0.017192777 
180 221 40 55 0.017187227 
1002 -12 6 13 0.017177692 
733 187 13 25 0.017166393 
420 223 14 29 0.017154215 
782 208 30 50 0.017139671 
129 558 9 22 0.017107828 
387 726 8 14 0.017098336 
143 123 9 22 0.017095797 
63 444 13 28 0.017095162 
411 201 10 20 0.017088994 
659 85 7 24 0.017077833 
163 648 11 23 0.0170692 
776 554 16 29 0.017067622 
823 458 7 17 0.017067557 
571 386 17 36 0.017062407 
618 226 31 53 0.017052263 
652 375 12 31 0.017040085 
387 8 10 20 0.017039616 
462 64 9 16 0.017037865 
978 289 11 23 0.017005026 
303 625 39 74 0.017004045 
575 348 14 29 0.01700054 
178 425 11 27 0.016984204 
384 542 12 24 0.016973468 
317 610 17 30 0.016951744 
526 582 10 27 0.016949829 
887 766 8 18 0.016945614 
999 543 8 30 0.016941767 
808 604 11 35 0.016934581 
513 -1 8 16 0.016932525 
675 283 19 36 0.016928526 
742 253 30 52 0.016926447 
540 742 6 15 0.016922256 
565 74 9 22 0.016918212 
94 443 8 23 0.01691404 
756 585 9 18 0.016878905 
234 517 10 25 0.01687844 
910 601 13 20 0.016878162 
627 371 12 30 0.016861416 
642 559 10 26 0.016856225 
210 136 8 19 0.016852686 
532 667 5 12 0.016848918 
871 72 9 20 0.016827455 
588 247 16 35 0.016821375 
840 720 5 10 0.016807247 
227 93 141 178 0.016807191 
165 419 13 33 0.016785057 
751 25 43 84 0.016782021 
855 354 17 40 0.01677534 
160 548 6 16 0.016763987 
138 756 12 27 0.016759995 
395 257 16 35 0.016759755 
195 111 9 19 0.016751677 
150 319 16 40 0.016737152 
371 397 15 29 0.016719835 
157 524 6 15 0.01670923 
422 196 13 26 0.016709043 
1017 584 7 26 0.016707148 
837 126 7 16 0.016693007 
602 503 10 26 0.016679266 
498 76 35 74 0.016670166 
702 53 13 33 0.016659742 
715 201 13 26 0.01664152 
469 579 4 12 0.016634678 
543 655 6 13 0.01663414 
526 423 38 81 0.016632877 
475 75 11 18 0.016627185 
-42 663 317 319 0.016621182 
2 200 29 112 0.016604759 
679 578 14 23 0.016600324 
513 490 10 30 0.016593847 
507 227 41 78 0.016592788 
477 668 6 15 0.016581759 
272 443 9 20 0.016545223 
887 59 9 18 0.016536037 
693 597 10 19 0.016532486 
707 471 7 19 0.016527394 
542 679 5 13 0.016517095 
251 296 33 57 0.016513156 
351 319 34 70 0.016504584 
195 731 9 17 0.01650255 
469 562 5 15 0.016501673 
479 705 5 14 0.01650012 
496 229 19 37 0.01647189 
420 419 18 43 0.016470887 
181 761 9 22 0.016469186 
887 113 8 15 0.016435431 
605 101 9 19 0.01642964 
216 361 87 132 0.016426004 
720 590 9 16 0.016416423 
388 79 148 156 0.016413324 
718 515 11 29 0.016408648 
498 416 43 91 0.01640288 
773 2 8 12 0.016381936 
629 558 10 26 0.016376143 
780 358 13 32 0.01635054 
159 703 7 20 0.016349243 
764 296 29 58 0.016348315 
308 596 12 28 0.016346632 
753 545 16 29 0.016344497 
470 218 17 33 0.016341355 
502 493 9 23 0.016308488 
550 56 11 27 0.016297722 
505 589 5 13 0.016288185 
525 767 9 20 0.016287865 
105 391 10 26 0.016282532 
693 215 11 22 0.016277798 
280 369 14 33 0.016272454 
757 566 13 24 0.016264593 
383 586 16 25 0.016259177 
264 324 30 65 0.016253626 
94 470 8 22 0.016245257 
662 0 15 12 0.016231606 
320 475 12 31 0.016220767 
296 103 9 15 0.01621672 
541 720 5 11 0.016216658 
106 668 11 28 0.016208947 
971 166 29 56 0.016208779 
63 511 15 38 0.016207397 
72 570 17 25 0.01619487 
846 778 9 17 0.016185794 
819 256 29 64 0.016178573 
896 562 9 18 0.01617352 
932 214 40 70 0.016172534 
964 2 7 12 0.016169272 
17 701 32 66 0.01616591 
3 709 11 37 0.01616168 
540 558 11 23 0.016160695 
104 725 14 26 0.016138157 
354 450 17 34 0.016132675 
225 404 22 34 0.016126083 
503 613 6 14 0.016112648 
1012 324 14 28 0.016097633 
961 677 10 24 0.016096007 
653 139 12 21 0.016088495 
180 746 10 24 0.016073745 
552 491 10 28 0.016061021 
296 591 39 74 0.016059237 
73 698 14 30 0.016056456 
640 205 33 63 0.016051559 
234 331 9 17 0.0160336 
601 400 13 29 0.016029328 
897 610 17 26 0.016017713 
337 12 6 14 0.016011257 
602 581 10 29 0.016007502 
333 306 30 60 0.016005903 
263 26 6 15 0.016004844 
47 442 19 36 0.015995715 
240 183 83 101 0.015993344 
230 581 11 28 0.015979825 
540 705 6 13 0.015964216 
967 334 35 73 0.015955625 
471 421 19 43 0.015944218 
16 309 9 31 0.015934989 
707 589 9 15 0.015908524 
77 319 90 128 0.015887713 
684 22 7 14 0.015886743 
304 206 13 30 0.015883308 
74 455 13 26 0.01588116 
349 37 6 15 0.015874976 
547 364 18 42 0.015872527 
785 106 8 14 0.015872272 
477 523 7 15 0.015871832 
912 3 6 10 0.015865212 
744 608 9 20 0.015863843 
524 283 17 32 0.015855791 
514 715 7 15 0.015850427 
501 64 12 19 0.015837096 
941 274 19 30 0.01583341 
401 50 6 16 0.015816981 
731 359 12 32 0.01581394 
585 644 16 26 0.015803218 
374 232 12 29 0.015802803 
515 655 5 13 0.01579667 
922 122 10 17 0.015795538 
348 159 9 21 0.015790267 
898 49 9 16 0.015786072 
466 108 10 22 0.01578311 
501 642 6 12 0.015773395 
157 436 10 32 0.015766097 
821 27 10 14 0.015732134 
344 292 30 56 0.015729778 
815 40 36 77 0.015727194 
976 1 7 14 0.015715484 
380 606 35 64 0.0157121 
576 157 10 27 0.015693672 
459 425 17 38 0.015667662 
667 33 7 18 0.015667442 
570 427 20 43 0.015658172 
60 554 21 30 0.015637292 
129 385 12 31 0.01563553 
528 534 9 23 0.01563313 
356 597 17 41 0.015622471 
8 33 18 45 0.0156217385 
87 724 14 25 0.01561171 
872 204 36 62 0.015603696 
540 754 6 16 0.015594513 
311 33 9 22 0.015593299 
13 737 13 37 0.015592259 
595 336 35 68 0.015588584 
293 490 12 30 0.015582308 
104 708 14 28 0.015573504 
281 594 12 27 0.015568841 
529 642 7 13 0.0155682415 
467 715 5 14 0.015563127 
754 656 12 31 0.015537186 
82 748 17 24 0.015528844 
296 610 11 26 0.015527569 
374 23 8 16 0.015526876 
456 212 45 77 0.01551057 
372 295 36 66 0.015507395 
729 211 18 32 0.015488916 
718 188 10 21 0.015466872 
51 623 14 24 0.01545462 
54 282 11 30 0.015448242 
158 681 8 27 0.015443783 
359 222 10 26 0.015382781 
447 5 14 23 0.015382521 
541 732 5 12 0.015381127 
409 436 14 35 0.015378593 
488 767 9 20 0.015365428 
664 609 13 25 0.015353227 
405 410 38 85 0.015349262 
297 37 8 18 0.0153279295 
494 470 185 317 0.015324167 
663 188 38 68 0.015314392 
321 195 11 26 0.015307475 
256 350 13 29 0.015306168 
116 387 40 84 0.015293754 
296 368 14 39 0.0152932005 
465 96 11 23 0.015289904 
618 597 8 23 0.015273531 
594 194 7 14 0.015257302 
440 512 6 15 0.015251808 
146 483 8 24 0.015238729 
486 76 12 19 0.015231203 
796 84 10 22 0.015217134 
730 329 15 37 0.015210933 
88 386 13 31 0.015197526 
243 351 12 25 0.0151858535 
447 385 14 31 0.01517811 
875 693 7 17 0.0151511645 
514 100 30 73 0.015149884 
40 304 10 22 0.015148972 
343 393 17 41 0.015131035 
904 87 32 44 0.015105369 
810 100 8 18 0.015099439 
294 82 15 24 0.015098177 
382 570 13 25 0.0150936525 
960 622 9 21 0.015084115 
41 200 8 23 0.015080729 
456 654 4 12 0.015071637 
92 575 8 17 0.015069613 
489 9 9 20 0.01506834 
363 702 6 15 0.015064935 
694 34 8 18 0.015063939 
39 549 13 32 0.01506202 
615 507 11 26 0.015057522 
375 230 35 73 0.015052991 
534 720 5 10 0.015043872 
613 529 11 29 0.015041683 
531 753 7 16 0.015041005 
124 303 32 68 0.015034069 
129 441 10 24 0.0150186345 
297 598 10 24 0.015015059 
651 316 18 39 0.014999812 
721 480 8 23 0.014998875 
855 231 45 81 0.0149837425 
1017 -13 7 17 0.014966643 
152 98 11 20 0.014939617 
48 536 16 37 0.014935954 
911 123 10 16 0.0149033815 
577 671 9 18 0.0148990145 
296 673 10 25 0.01489877 
492 705 6 13 0.01487085 
727 7 11 18 0.014869139 
638 338 17 42 0.014864433 
458 218 18 33 0.014856242 
136 289 18 38 0.014838619 
807 585 13 29 0.014838206 
434 534 8 17 0.014825373 
112 231 35 54 0.014811367 
595 508 8 20 0.014807887 
960 635 9 19 0.014799341 
487 507 9 20 0.014798487 
909 383 12 34 0.014791125 
997 352 13 25 0.014786477 
650 354 34 76 0.014780699 
54 301 11 24 0.014764514 
477 603 5 10 0.014760063 
603 291 16 40 0.014755945 
427 702 6 17 0.014744275 
922 398 12 31 0.014742515 
196 657 8 25 0.014738416 
892 223 47 71 0.014729189 
987 97 31 52 0.014728878 
871 527 6 16 0.014724912 
541 693 5 13 0.014721995 
370 412 15 32 0.014720283 
8 666 31 81 0.014705093 
74 677 14 36 0.014698889 
976 299 14 29 0.014692455 
960 519 10 23 0.01469204 
794 35 9 18 0.014684849 
736 679 5 16 0.014676813 
870 386 12 30 0.014671103 
798 56 9 22 0.014669802 
92 412 10 29 0.014667816 
627 428 13 30 0.014666301 
0 384 13 35 0.014666245 
643 205 9 17 0.014660003 
614 170 13 29 0.014659728 
221 749 10 22 0.014645265 
582 273 39 82 0.014626291 
252 389 18 28 0.014619112 
139 107 13 24 0.01461828 
501 19 9 23 0.014616116 
328 340 30 66 0.014613659 
822 112 10 20 0.014602367 
493 578 5 12 0.014601789 
435 206 15 32 0.014580399 
625 167 15 31 0.014580064 
532 397 21 38 0.014563582 
216 411 16 29 0.014562584 
494 604 5 10 0.01456097 
112 733 15 24 0.014555045 
557 718 5 13 0.014537561 
105 156 8 14 0.014536701 
847 286 14 29 0.014535101 
991 1 6 14 0.0145326825 
305 515 14 32 0.014531578 
941 522 8 18 0.0145224165 
382 603 20 30 0.014521324 
826 707 3 10 0.014517886 
704 21 9 18 0.014513658 
550 540 17 28 0.014509007 
961 650 8 17 0.0145071745 
367 409 32 71 0.014503048 
587 564 15 38 0.014501271 
25 621 35 54 0.014480343 
320 224 29 65 0.014466401 
743 631 9 23 0.014465897 
850 584 6 20 0.014464314 
556 729 6 15 0.014453828 
946 328 15 25 0.014445735 
490 641 6 13 0.01443702 
365 39 5 13 0.014432177 
680 596 11 22 0.014431987 
773 20 11 19 0.014429979 
400 707 5 11 0.014421043 
549 367 38 71 0.014416004 
37 510 35 72 0.014414688 
602 428 13 27 0.014408715 
845 374 12 30 0.014397878 
270 129 12 27 0.0143962195 
102 131 13 24 0.014388508 
502 479 9 24 0.014385986 
721 1 8 13 0.014384519 
282 389 11 24 0.014384234 
237 63 6 16 0.014377578 
438 44 9 21 0.014358636 
656 703 6 20 0.014355458 
232 543 10 22 0.014343899 
167 110 11 21 0.01433148 
254 377 15 25 0.014329183 
999 388 13 29 0.014323709 
232 560 10 23 0.0143142985 
705 482 8 22 0.014306067 
810 774 8 26 0.0142966425 
420 232 48 82 0.014294869 
835 769 9 15 0.014279529 
227 265 17 25 0.014272927 
180 661 10 22 0.014271639 
492 667 5 14 0.014269723 
770 493 10 21 0.0142682055 
814 706 5 13 0.014250578 
310 693 6 17 0.014248602 
553 655 7 15 0.014233837 
810 333 30 65 0.014220025 
587 542 12 27 0.014213302 
355 425 15 35 0.01420187 
834 471 11 20 0.014200314 
24 80 13 28 0.014182483 
771 325 32 64 0.01417759 
871 235 13 28 0.014156652 
563 -12 12 14 0.014134802 
468 590 4 12 0.014132157 
400 727 7 13 0.014120734 
923 353 38 86 0.014115266 
439 185 35 65 0.014111583 
620 582 8 25 0.014100781 
907 135 37 59 0.014092191 
615 650 11 20 0.0140889585 
636 154 38 68 0.014073959 
448 414 15 34 0.014070704 
1013 377 13 25 0.014061975 
235 394 23 37 0.014056027 
875 679 7 16 0.014055828 
628 632 10 25 0.014054222 
760 223 35 55 0.014053416 
299 116 99 92 0.014036888 
645 101 7 18 0.0140350005 
51 554 17 30 0.014029019 
28 469 12 24 0.014008217 
813 186 77 102 0.014007854 
846 767 9 16 0.013997663 
633 611 7 19 0.013992017 
561 273 15 34 0.0139806075 
397 152 34 67 0.013980377 
478 715 6 16 0.01397098 
407 257 18 35 0.013954603 
549 566 14 36 0.01395285 
810 13 9 14 0.013951906 
600 469 16 30 0.01394814 
245 375 37 71 0.013931807 
628 340 34 80 0.013908363 
309 301 35 66 0.01389559 
639 166 15 29 0.013889755 
340 620 20 36 0.013888718 
424 490 10 25 0.013887947 
578 175 9 20 0.013887058 
414 664 7 17 0.013875871 
626 444 16 29 0.013875713 
615 428 13 30 0.01387221 
836 112 8 19 0.013858799 
531 655 6 12 0.0138567975 
1014 352 13 24 0.013851033 
988 172 28 57 0.013845914 
371 352 29 58 0.013844443 
474 108 88 103 0.0138283605 
862 559 7 15 0.013819623 
968 693 17 35 0.013818493 
282 660 11 22 0.013813983 
26 322 11 29 0.013809618 
783 389 29 69 0.01379329 
718 641 10 33 0.0137881655 
712 318 18 36 0.013782473 
1014 365 12 23 0.013782253 
14 665 13 30 0.013775903 
41 -2 57 93 0.013773163 
154 281 39 87 0.013770062 
744 364 28 62 0.013767405 
563 55 12 29 0.013761082 
41 255 13 39 0.01375837 
746 86 9 17 0.013756716 
979 305 40 79 0.013747 
489 492 8 22 0.013745682 
983 335 14 29 0.013742488 
756 599 9 20 0.013733962 
876 701 7 17 0.013729065 
235 441 32 64 0.013720055 
562 523 42 69 0.013714649 
727 404 28 65 0.013708588 
577 648 14 25 0.01370762 
53 334 33 65 0.013689826 
26 456 13 25 0.013684734 
217 352 14 25 0.0136759775 
130 334 13 30 0.013674329 
985 644 10 29 0.013671282 
856 259 15 33 0.013666139 
588 403 13 27 0.013662142 
554 755 7 20 0.0136564495 
567 675 6 15 0.0136435 
155 236 36 58 0.013643495 
837 500 164 227 0.013638836 
591 478 15 32 0.013637065 
777 132 31 63 0.013626264 
557 706 5 13 0.013616459 
502 630 6 12 0.013606084 
782 534 13 22 0.0136021795 
669 47 6 19 0.013586072 
782 344 32 70 0.013580342 
960 397 13 33 0.013578695 
397 240 41 75 0.013568262 
958 359 17 33 0.01356807 
546 403 17 28 0.013555249 
138 287 33 77 0.013547269 
962 664 8 19 0.013546631 
419 380 38 79 0.013536581 
771 402 26 65 0.0135261025 
321 178 9 18 0.013518827 
548 470 14 35 0.013514784 
332 396 15 38 0.013497425 
746 687 8 22 0.013494175 
204 404 31 68 0.013488426 
2 74 8 19 0.013480598 
167 357 32 59 0.013473727 
1012 416 13 27 0.0134731615 
15 69 10 23 0.013459764 
417 1 17 30 0.013442565 
501 35 9 20 0.013435103 
537 458 33 77 0.01342895 
187 53 8 26 0.013425823 
848 571 8 19 0.013422749 
387 39 7 15 0.013406668 
928 161 31 53 0.013401837 
947 177 34 63 0.013369859 
40 213 9 25 0.013367808 
711 367 27 69 0.0133645395 
476 62 12 19 0.0133641735 
929 233 18 31 0.013358944 
781 489 12 27 0.013358486 
641 658 11 29 0.013357449 
555 676 6 16 0.013354666 
886 752 9 18 0.013350098 
893 332 44 83 0.013347623 
400 718 6 12 0.013344773 
950 5 7 9 0.013342519 
462 177 30 60 0.013335069 
361 189 33 64 0.013329895 
615 608 10 26 0.013319412 
420 316 45 88 0.013317477 
462 129 29 54 0.013313918 
847 759 7 11 0.013309384 
493 561 7 16 0.013307456 
605 351 88 129 0.013306866 
12 5 14 27 0.013289273 
22 667 38 64 0.013276936 
407 462 15 34 0.013273901 
996 333 14 30 0.013271278 
776 38 41 85 0.013263187 
99 89 18 19 0.013259382 
746 577 9 17 0.013247047 
143 680 10 30 0.013244378 
973 398 13 33 0.013225349 
820 481 12 25 0.013219189 
2 182 8 34 0.013213538 
3 634 13 21 0.013207445 
106 685 11 29 0.013197337 
997 372 14 29 0.013181815 
284 146 11 24 0.01318042 
12 771 10 30 0.013163462 
79 101 11 21 0.013157831 
589 464 15 30 0.013148381 
948 715 11 22 0.013141836 
725 331 30 71 0.013130598 
933 609 16 28 0.013112339 
209 742 8 15 0.013109804 
600 648 14 24 0.013098975 
528 0 6 14 0.013085249 
436 492 10 22 0.013082416 
77 250 19 30 0.013081209 
600 356 17 36 0.01307239 
1 54 10 24 0.013069382 
760 102 8 15 0.013068528 
963 538 8 16 0.013065213 
640 379 27 65 0.013051435 
613 364 15 37 0.013034193 
1006 163 31 57 0.013032071 
423 360 14 32 0.013025478 
39 96 9 26 0.013022715 
494 249 20 34 0.013017708 
821 598 10 27 0.013011455 
771 104 8 14 0.01297924 
588 371 38 76 0.012965687 
571 20 15 38 0.012953866 
799 199 37 58 0.012952513 
451 47 8 19 0.012947721 
108 365 33 76 0.012937617 
925 522 8 19 0.012926762 
296 725 9 20 0.012918631 
972 714 14 22 0.012904039 
920 598 17 24 0.012902339 
694 468 9 21 0.012892579 
702 32 13 27 0.012883697 
22 254 13 45 0.012883127 
335 539 38 80 0.0128750345 
960 289 13 24 0.012869938 
517 728 6 12 0.012863589 
376 571 40 60 0.012863451 
974 660 10 26 0.012855345 
504 603 6 13 0.012853579 
348 762 8 27 0.012848582 
90 711 12 26 0.0128479665 
5 -137 83 75 0.012844466 
861 780 7 15 0.012837447 
756 377 31 65 0.0128295105 
142 701 10 25 0.012812177 
920 218 15 32 0.012811538 
1017 559 7 25 0.012796025 
489 720 11 28 0.012785018 
564 38 12 30 0.012782707 
708 623 9 25 0.012780299 
574 243 15 36 0.0127764745 
971 673 12 29 0.012766915 
737 580 8 15 0.012764823 
728 174 33 61 0.012737163 
164 273 16 32 0.012729244 
959 114 31 55 0.012714888 
513 340 11 26 0.0127126975 
537 458 16 37 0.012712615 
284 642 13 30 0.0126905795 
1004 74 32 53 0.012672865 
40 287 11 26 0.012659006 
652 560 12 25 0.012655789 
226 142 27 72 0.012642533 
685 563 19 30 0.012641229 
1016 608 8 28 0.0126298545 
645 459 24 36 0.012627701 
565 494 10 25 0.012624949 
270 624 10 22 0.012623332 
208 10 7 17 0.012617153 
487 480 9 21 0.0126124015 
758 83 10 19 0.012602204 
737 628 5 14 0.012588991 
571 120 33 72 0.0125844525 
322 722 7 26 0.012583574 
116 317 14 34 0.012564262 
539 271 40 75 0.01256363 
908 581 15 26 0.012557153 
245 491 10 23 0.012556722 
299 408 37 70 0.012528771 
659 62 7 23 0.012526498 
703 501 10 29 0.012519499 
295 240 31 59 0.01251786 
233 744 7 16 0.012516935 
4 610 8 21 0.012504553 
378 471 27 59 0.012502922 
554 464 36 77 0.012494695 
884 386 12 31 0.012485979 
745 545 13 25 0.012458715 
25 496 16 40 0.012456508 
260 121 10 20 0.012444964 
134 355 32 62 0.012440506 
292 638 15 37 0.012438397 
376 725 8 14 0.012427636 
918 580 19 31 0.012427296 
500 722 8 21 0.012420739 
895 384 12 34 0.012416719 
1011 475 13 36 0.012400685 
555 739 7 19 0.012395606 
863 718 5 11 0.01239437 
485 61 14 22 0.012388849 
553 -10 10 13 0.012371084 
118 437 35 77 0.012363647 
988 459 24 69 0.012329456 
568 666 8 16 0.012318197 
437 30 11 26 0.012315354 
194 22 8 23 0.012308807 
401 30 8 21 0.012302126 
435 236 14 28 0.012301661 
281 712 14 29 0.012297918 
542 506 32 64 0.012295684 
146 574 8 17 0.012285704 
93 698 10 23 0.012285455 
182 650 8 17 0.012276148 
692 101 98 116 0.012209742 
851 720 4 9 0.0122039355 
833 207 33 61 0.012202619 
815 694 4 13 0.012197131 
821 94 11 25 0.012163557 
96 266 37 73 0.012153994 
256 556 30 69 0.012146803 
49 394 16 37 0.012140489 
609 169 37 67 0.012133972 
227 360 42 65 0.012125573 
985 399 13 32 0.012123875 
309 672 10 22 0.012121838 
940 6 6 9 0.012118624 
285 743 9 13 0.012112568 
-3 -90 183 208 0.012108221 
247 483 8 19 0.0121026905 
618 395 30 73 0.012102278 
218 475 11 29 0.012079654 
772 511 8 16 0.012077721 
913 383 26 71 0.012071907 
797 67 10 24 0.0120711 
0 660 11 20 0.012062913 
23 434 17 35 0.012062402 
469 281 54 101 0.012058182 
613 479 18 26 0.0120556075 
712 740 13 22 0.012048999 
631 622 8 22 0.012045764 
550 237 36 71 0.012039558 
666 20 9 17 0.012036927 
887 181 32 59 0.012030923 
501 49 86 116 0.012029892 
136 237 34 59 0.012026085 
346 205 35 75 0.012024424 
357 -144 390 109 0.012019241 
239 263 30 55 0.012012352 
494 424 19 42 0.011994647 
339 689 6 16 0.01199055 
74 274 13 27 0.011987297 
185 73 8 21 0.011982453 
180 371 10 21 0.011953629 
360 624 28 62 0.0119406255 
536 217 30 64 0.011935429 
263 13 5 14 0.011935372 
92 492 10 25 0.011923222 
446 220 17 31 0.011911676 
494 616 5 12 0.011911087 
36 453 20 32 0.011908735 
694 354 30 80 0.011896555 
726 31 44 78 0.011848658 
155 772 11 28 0.011847566 
104 308 34 68 0.01184109 
501 51 10 18 0.01182252 
616 635 11 22 0.011815263 
242 425 15 29 0.011814541 
49 750 18 35 0.011807433 
265 405 30 65 0.011800853 
230 426 13 29 0.011798641 
630 103 8 18 0.011786255 
518 454 30 77 0.01178566 
194 749 11 23 0.011764209 
716 530 13 30 0.01176401 
164 653 25 78 0.011743072 
272 28 6 15 0.011735063 
34 727 18 39 0.011717584 
646 238 30 52 0.011704907 
770 108 36 46 0.011701619 
919 595 39 68 0.011687682 
775 717 307 255 0.011676435 
30 415 22 46 0.011651078 
465 653 6 14 0.011650875 
987 354 36 78 0.011649305 
335 188 28 67 0.011644075 
464 96 31 61 0.011635664 
974 366 14 34 0.011620539 
895 762 13 26 0.011615173 
212 455 33 79 0.011605958 
468 602 5 12 0.011605006 
795 62 38 73 0.011596608 
512 607 10 21 0.011593787 
3 264 30 93 0.01158488 
136 418 33 82 0.011579852 
553 132 29 68 0.011579105 
465 729 5 13 0.0115745915 
593 442 43 73 0.011565702 
462 0 11 14 0.011556694 
985 713 14 23 0.011552272 
11 412 38 79 0.011550743 
558 292 20 40 0.011547118 
755 626 12 31 0.011542357 
517 644 6 12 0.011531302 
563 568 12 31 0.011513966 
876 770 5 12 0.011513185 
597 630 15 29 0.011512989 
313 260 32 60 0.011505373 
286 431 34 72 0.011501182 
657 714 6 20 0.011491952 
36 305 80 122 0.0114858765 
525 476 14 32 0.011481552 
821 74 13 29 0.011479387 
469 364 20 41 0.0114701325 
1011 -98 14 33 0.0114654405 
103 745 13 21 0.011458622 
397 334 33 73 0.011450188 
423 28 11 28 0.011438935 
408 25 14 30 0.011422048 
836 600 7 21 0.011414222 
212 148 27 64 0.011413032 
808 68 10 21 0.011404745 
377 716 7 13 0.011403228 
278 392 32 66 0.011398254 
421 443 17 45 0.011387629 
360 271 33 64 0.011384506 
536 297 18 44 0.011373945 
435 18 13 25 0.0113706365 
144 468 9 24 0.011366177 
331 257 32 64 0.011366123 
482 357 18 37 0.0113659 
588 356 15 32 0.011351324 
587 372 15 32 0.0113415625 
772 534 12 22 0.011338766 
525 353 17 44 0.011337685 
386 387 31 72 0.011333228 
41 237 30 78 0.011317403 
2 743 9 30 0.011315716 
675 331 90 130 0.0113125695 
523 259 19 34 0.0113109285 
835 2 9 13 0.011292168 
503 121 29 69 0.011284073 
335 671 11 21 0.011282578 
485 47 14 23 0.011277256 
88 351 33 71 0.011270696 
808 27 9 14 0.011269654 
927 5 6 10 0.0112670185 
653 11 13 13 0.011250574 
397 492 32 60 0.011248665 
433 461 45 89 0.011248337 
511 323 13 28 0.011243215 
815 717 4 14 0.011238582 
742 401 32 67 0.011234222 
886 121 37 62 0.01123284 
864 732 6 11 0.011226635 
347 553 13 28 0.011226391 
703 371 14 34 0.011205381 
59 631 25 56 0.01120508 
569 382 37 73 0.011201794 
513 193 35 60 0.01120171 
877 757 6 13 0.011201668 
676 340 33 89 0.011187977 
433 109 28 55 0.01117868 
350 699 8 19 0.011175017 
478 477 9 25 0.011171919 
29 347 27 59 0.011170955 
491 649 6 14 0.011161188 
685 336 20 41 0.01115234 
453 537 7 13 0.011149449 
784 528 10 16 0.011138378 
313 163 34 67 0.011131191 
737 599 7 17 0.011123686 
730 0 9 13 0.011123182 
602 6 14 25 0.01111556 
539 641 8 15 0.01110703 
998 728 11 17 0.011093667 
207 207 34 58 0.0110934265 
848 745 6 10 0.011093022 
63 391 14 38 0.011089336 
941 537 10 18 0.011088327 
730 70 12 22 0.011075533 
907 236 17 29 0.011073001 
691 609 12 24 0.011064331 
332 454 33 66 0.011039582 
281 131 12 25 0.011030646 
824 772 6 13 0.011030573 
324 710 8 25 0.011025592 
189 372 30 58 0.011019145 
768 82 12 23 0.011013057 
808 82 11 22 0.010999551 
22 583 32 65 0.010991586 
632 594 8 23 0.010986197 
875 339 35 73 0.010972 
961 303 13 23 0.010970572 
782 83 10 23 0.010961618 
806 400 29 70 0.010959872 
961 317 14 24 0.010957221 
701 304 37 73 0.010916385 
515 628 8 16 0.010896103 
525 335 14 38 0.010876879 
1000 112 34 63 0.010873242 
80 203 34 67 0.010869792 
198 192 30 52 0.0108652245 
87 709 125 98 0.010862232 
575 566 15 34 0.010855184 
140 385 13 31 0.010851791 
383 132 31 54 0.010850527 
479 493 8 20 0.010848023 
497 731 11 26 0.010826331 
379 188 37 66 0.010824082 
127 315 17 36 0.010820928 
807 233 33 60 0.0108191585 
539 540 15 26 0.010817525 
300 446 34 76 0.010801429 
451 49 42 74 0.010800093 
38 79 13 28 0.010798555 
834 480 12 24 0.010794666 
863 139 29 62 0.01079442 
601 660 15 25 0.010782685 
97 216 36 57 0.010778707 
745 7 10 18 0.010774036 
627 92 36 75 0.010757491 
949 135 32 52 0.010733735 
260 76 35 55 0.0107246945 
233 727 8 19 0.010722186 
145 437 10 29 0.010717201 
463 50 9 17 0.010716635 
442 650 6 16 0.010714855 
436 614 11 18 0.010702054 
562 444 16 40 0.010701831 
271 444 31 67 0.01069666 
169 771 11 29 0.010694721 
781 574 31 67 0.01068067 
214 247 18 29 0.010680076 
316 222 148 177 0.010669445 
474 400 14 36 0.010668106 
641 9 12 14 0.010661737 
701 530 14 32 0.010660746 
725 694 4 13 0.010656955 
717 358 13 34 0.01064348 
625 489 19 24 0.010626872 
170 510 6 15 0.010626094 
141 771 12 29 0.010616389 
431 3 18 27 0.010597062 
476 48 12 19 0.010589817 
1002 38 34 54 0.010582784 
415 701 7 16 0.010580992 
916 58 26 49 0.010580917 
207 752 10 20 0.010579788 
773 528 8 14 0.010573811 
652 620 10 26 0.0105685145 
478 653 6 13 0.010563768 
461 400 13 33 0.010554711 
945 674 15 29 0.010548249 
333 127 33 55 0.010529509 
614 660 12 22 0.010504712 
672 590 43 85 0.010496379 
506 345 38 90 0.0104950415 
935 100 30 57 0.010494651 
473 0 10 14 0.010481665 
783 510 9 18 0.010475638 
890 367 27 73 0.010461185 
27 684 14 27 0.01045086 
882 231 16 32 0.010428471 
116 749 11 19 0.010415103 
59 241 27 61 0.010401568 
958 156 29 53 0.010395375 
759 428 29 67 0.010391306 
125 216 35 55 0.010373854 
144 452 10 26 0.010372874 
717 732 10 17 0.01037032 
359 470 28 60 0.010359237 
183 143 26 60 0.010349356 
685 390 27 65 0.01033527 
102 409 29 79 0.010314144 
338 762 7 27 0.010300689 
473 459 15 34 0.010298731 
731 530 12 27 0.010296354 
932 381 16 31 0.010292662 
939 271 44 77 0.010267706 
235 487 11 30 0.010265196 
807 571 17 25 0.010263636 
589 -1 11 14 0.0102592185 
405 286 20 33 0.010256266 
307 487 12 33 0.010224417 
810 40 9 13 0.01022104 
397 447 34 73 0.010219313 
695 -23 163 160 0.010210095 
837 98 7 20 0.010207888 
894 751 14 19 0.010204021 
434 453 19 47 0.010203268 
150 88 11 16 0.010186019 
467 525 7 14 0.010184596 
541 120 26 69 0.010184269 
587 8 12 24 0.010184068 
943 566 14 29 0.010167316 
23 19 15 33 0.010166337 
919 235 17 29 0.010163856 
676 609 14 27 0.01016094 
198 433 27 66 0.010152583 
628 647 10 22 0.0101483585 
658 28 9 23 0.010144278 
619 103 8 19 0.010143244 
656 20 10 18 0.010133292 
676 367 17 38 0.010115762 
922 535 11 20 0.010100008 
277 122 36 69 0.010082516 
590 156 12 30 0.010069713 
842 489 13 29 0.010069556 
212 234 36 61 0.010068059 
891 57 32 52 0.010062419 
327 702 5 17 0.010059357 
567 444 42 78 0.010059175 
999 631 9 31 0.010058027 
574 547 17 31 0.010057077 
516 764 11 22 0.010048231 
63 357 32 75 0.0100335 
934 396 13 33 0.010033264 
357 759 12 30 0.010026251 
491 631 5 11 0.010022902 
49 468 35 69 0.010015698 
359 726 10 15 0.010014006 
0 683 9 27 0.010011236 
282 512 28 55 0.0100083435 
733 560 9 19 0.010008334 
456 642 5 12 0.010006176 
153 403 17 43 0.010004168 
648 704 5 19 0.010000731 
