34_Baseball_Baseball_34_66
2129
321 195 38 65 0.99803156 
474 134 99 98 0.99760616 
877 294 35 48 0.96748435 
661 374 27 36 0.72087324 
699 358 23 36 0.36057997 
225 181 37 81 0.27627695 
760 318 16 40 0.10740388 
881 273 22 31 0.1035079 
952 346 11 33 0.091787584 
704 433 14 27 0.0884286 
713 415 16 31 0.07968957 
1002 1064 19 34 0.07832988 
685 373 21 33 0.07580986 
227 169 27 40 0.075590186 
513 315 16 24 0.07473822 
347 177 16 26 0.07009168 
197 175 94 115 0.06712093 
209 350 18 44 0.061536327 
626 107 8 20 0.06091836 
628 389 17 34 0.05978312 
524 348 18 33 0.05822074 
791 476 13 28 0.05667879 
112 179 15 38 0.056146875 
765 91 9 24 0.0557449 
355 182 16 32 0.055629086 
279 1072 10 19 0.05507674 
534 337 16 32 0.053249173 
691 407 15 28 0.051688362 
726 305 24 45 0.051253587 
944 1083 14 23 0.050690975 
328 1081 17 28 0.04857964 
716 397 16 30 0.048328 
655 79 9 27 0.048043378 
185 240 8 30 0.047215145 
790 74 11 30 0.04685075 
737 62 9 25 0.046498243 
197 238 9 33 0.04586309 
764 2 10 16 0.045719765 
540 311 10 22 0.045490522 
277 1082 13 27 0.045170162 
637 106 8 20 0.044507757 
30 323 8 29 0.04406821 
187 382 7 27 0.044068042 
681 118 9 22 0.044026 
383 381 15 33 0.043839194 
408 35 7 21 0.043553337 
626 389 11 21 0.043457143 
243 184 21 39 0.043452248 
269 70 5 15 0.043347403 
107 156 14 34 0.043341164 
792 147 10 23 0.043284446 
572 174 10 22 0.043210078 
881 1 16 20 0.0428766 
678 152 10 22 0.042839773 
222 128 11 29 0.04267741 
790 469 13 19 0.04264224 
536 372 15 46 0.04233179 
522 320 15 26 0.04220998 
711 350 19 36 0.041780148 
750 78 9 23 0.04146589 
678 408 15 28 0.04116651 
786 118 11 21 0.0407907 
468 271 13 28 0.04078073 
787 197 12 29 0.040611632 
914 3 10 15 0.040217876 
640 94 7 21 0.04006168 
823 341 8 19 0.039934497 
803 197 11 29 0.039741516 
237 149 11 23 0.039629307 
789 223 11 35 0.039614543 
704 407 18 31 0.039459795 
625 121 8 19 0.039267924 
525 370 13 41 0.03880835 
596 39 7 26 0.038805824 
186 268 8 29 0.038763247 
702 344 18 28 0.038762268 
748 122 11 22 0.038728725 
780 119 9 22 0.03870834 
171 323 7 26 0.038643096 
196 267 8 30 0.03860148 
123 183 12 32 0.038438026 
209 183 18 38 0.038419586 
405 24 7 19 0.038336195 
845 324 14 29 0.038224317 
995 2 17 21 0.038222227 
628 48 7 26 0.038113322 
258 69 6 16 0.03809243 
826 337 12 27 0.038029503 
774 476 17 32 0.037973538 
213 83 6 15 0.03784538 
109 147 11 24 0.037810713 
108 135 11 22 0.037607513 
460 283 12 25 0.037409548 
178 1082 14 30 0.0373374 
161 382 5 21 0.037289087 
319 81 8 19 0.036990173 
695 423 10 23 0.036860988 
214 57 5 14 0.036673035 
294 1086 11 21 0.036667056 
816 198 11 28 0.036663555 
1023 214 10 26 0.03659076 
639 137 9 18 0.03654083 
238 1078 10 15 0.036303442 
376 259 11 25 0.036226332 
269 83 6 15 0.036103304 
626 36 7 26 0.036047027 
237 1084 13 23 0.035918657 
349 166 9 17 0.03591377 
776 223 10 34 0.035874538 
253 1075 9 17 0.035581104 
172 339 7 23 0.03549459 
187 296 8 26 0.03547356 
214 68 5 15 0.035425372 
803 224 11 34 0.035333853 
750 93 8 19 0.035214856 
1007 1 14 20 0.03495141 
574 166 8 18 0.034844168 
70 180 12 35 0.034799162 
392 2 8 12 0.03478192 
113 2 11 14 0.034629073 
763 78 9 27 0.034598447 
763 224 9 31 0.034556527 
539 324 12 24 0.034497455 
159 354 7 24 0.034474734 
701 282 15 34 0.034440413 
267 1083 12 24 0.034386583 
350 66 6 16 0.03437848 
293 174 11 22 0.03435635 
152 88 163 187 0.034225225 
264 1059 10 19 0.03417517 
194 376 11 34 0.034119334 
318 91 9 20 0.034030586 
237 134 10 26 0.033999477 
259 81 5 16 0.033884324 
308 67 8 20 0.033784017 
832 3 10 15 0.033781085 
173 356 6 20 0.0337265 
817 213 11 29 0.03342414 
689 390 16 30 0.033315733 
269 56 6 15 0.033297602 
376 187 11 24 0.033097133 
824 334 7 14 0.033077873 
12 106 11 24 0.03302827 
210 251 10 34 0.033018377 
711 431 16 31 0.032964148 
798 468 13 19 0.032927886 
513 374 12 35 0.032751177 
954 376 13 34 0.03269969 
141 3 10 13 0.032503627 
226 148 10 22 0.032462034 
581 120 10 24 0.032326177 
9 1036 6 18 0.03229527 
349 1083 13 23 0.032285582 
186 326 8 23 0.032282386 
420 39 6 19 0.032261908 
299 896 6 17 0.032260556 
1010 1049 9 19 0.03219589 
805 188 10 23 0.032126814 
195 143 13 29 0.03212399 
281 81 7 15 0.032095063 
350 57 6 15 0.032025717 
833 365 10 29 0.03198552 
157 2 8 12 0.031931393 
186 310 8 25 0.031917613 
490 317 9 18 0.03185668 
86 183 11 32 0.0318504 
224 109 7 17 0.031849105 
293 1057 11 19 0.03183639 
144 385 6 17 0.031816173 
31 338 8 25 0.031782553 
171 227 8 30 0.03172805 
948 342 8 24 0.0317226 
526 303 12 20 0.031716846 
726 742 6 21 0.0317004 
46 309 10 35 0.031623393 
70 215 106 142 0.03148574 
1024 227 10 27 0.031422872 
374 1084 13 21 0.031265914 
748 67 8 23 0.031132821 
832 330 9 19 0.03109273 
613 37 7 23 0.031076176 
627 94 7 21 0.031032866 
392 1034 9 17 0.030960593 
791 0 12 19 0.03088251 
764 62 8 24 0.030880412 
767 309 16 35 0.030824414 
682 92 8 17 0.030786915 
540 401 11 36 0.030706776 
197 211 11 33 0.030691266 
766 537 5 18 0.030685062 
756 554 4 14 0.030683734 
102 149 10 21 0.030629504 
283 906 7 24 0.030621579 
828 351 13 31 0.03050965 
160 370 6 21 0.030456897 
72 164 9 19 0.030451467 
568 184 12 28 0.030386876 
46 337 10 31 0.030341165 
777 78 9 26 0.030244026 
955 331 8 18 0.0302429 
144 171 11 23 0.030201307 
197 296 9 28 0.030188695 
772 90 11 26 0.030178545 
553 186 210 183 0.030175755 
280 893 7 21 0.030169133 
644 348 98 75 0.030139362 
363 1083 14 25 0.030109283 
739 305 25 47 0.030001005 
718 339 15 31 0.029982388 
252 1085 11 22 0.02995569 
31 297 8 29 0.029908597 
153 164 11 24 0.029855175 
527 1060 12 23 0.029834175 
142 182 11 30 0.029739778 
268 161 10 21 0.029685669 
455 294 14 32 0.029571183 
210 94 8 20 0.029557789 
270 150 8 19 0.029530885 
359 3 11 14 0.029517736 
212 283 9 26 0.029338868 
383 277 14 37 0.02931158 
932 902 5 11 0.029299174 
362 1076 11 19 0.029245898 
1012 152 6 17 0.02922444 
270 892 7 21 0.029154085 
296 909 6 20 0.029108405 
268 1075 10 19 0.029075323 
639 126 7 17 0.029051336 
1025 204 8 22 0.029050784 
792 136 9 20 0.028959697 
205 143 13 31 0.028953725 
709 135 9 19 0.028935976 
832 202 9 22 0.02892616 
654 369 19 25 0.028900493 
721 66 8 20 0.028743524 
61 185 10 26 0.028736928 
640 147 10 22 0.028733598 
758 299 18 33 0.028676542 
834 229 9 25 0.028618468 
265 174 12 25 0.028609337 
779 108 9 20 0.028595155 
731 9 11 23 0.028592706 
954 1078 9 15 0.028590508 
295 1074 9 18 0.028582461 
227 82 6 15 0.028581372 
545 1088 9 16 0.028576387 
765 523 6 21 0.028565237 
17 1037 6 17 0.02855708 
758 340 15 38 0.028551918 
819 351 12 28 0.028522113 
587 38 7 23 0.028511837 
256 56 6 14 0.028410407 
664 88 10 25 0.028407672 
776 196 11 28 0.028386936 
772 164 10 21 0.028315412 
423 52 6 18 0.02829456 
498 363 12 34 0.028257273 
9 1046 8 19 0.028243745 
212 133 10 24 0.028226152 
756 539 4 15 0.028092293 
691 188 10 21 0.028041966 
186 370 7 24 0.028028857 
213 108 8 17 0.027996866 
485 352 11 29 0.027960459 
182 173 10 21 0.027959846 
751 213 9 26 0.027950188 
393 1071 9 18 0.027926361 
307 166 8 16 0.027924549 
131 152 9 18 0.027915703 
422 70 6 15 0.027854415 
832 217 10 24 0.027804941 
0 1060 13 27 0.027784139 
919 911 6 12 0.027777847 
179 157 13 28 0.027750785 
170 307 9 30 0.027746713 
842 366 11 29 0.027661867 
152 184 10 26 0.02765983 
781 539 5 17 0.027641593 
637 0 12 16 0.027617408 
765 504 7 23 0.02761039 
20 167 7 14 0.027568506 
750 201 8 22 0.027546782 
528 401 11 36 0.027540153 
673 359 19 23 0.027536105 
238 51 7 18 0.027520705 
942 357 12 38 0.027475182 
946 901 5 12 0.02744432 
184 214 8 27 0.027418025 
942 391 12 33 0.02740675 
655 51 7 24 0.027377388 
311 78 7 18 0.02735391 
637 185 13 27 0.027340744 
696 120 9 21 0.027313165 
284 123 8 17 0.027276983 
1013 98 5 16 0.027226284 
683 109 8 20 0.027146777 
157 335 8 29 0.027123792 
1012 163 6 17 0.027069567 
902 4 11 14 0.027048158 
407 83 6 18 0.02701711 
18 175 9 20 0.026876075 
722 84 7 18 0.026850771 
974 1076 8 15 0.026774457 
524 533 13 27 0.026736246 
85 2 10 13 0.026691977 
549 161 15 28 0.026647262 
238 41 7 16 0.026609145 
212 386 11 33 0.026541851 
212 1084 13 23 0.026500223 
409 69 5 17 0.026490573 
45 277 12 38 0.02645675 
171 1081 13 28 0.02645189 
187 356 7 21 0.026445378 
680 186 12 23 0.026371913 
748 109 9 18 0.026364794 
250 1 12 17 0.0263594 
131 385 7 17 0.02635681 
377 177 9 16 0.026350092 
800 484 12 27 0.02633162 
581 174 10 22 0.026326014 
101 1 11 15 0.02629111 
215 121 8 19 0.026248567 
376 276 12 35 0.026246423 
959 912 6 11 0.026216703 
303 173 14 28 0.026199391 
230 53 6 16 0.026178597 
768 328 16 38 0.026175642 
763 200 9 22 0.026160987 
946 329 8 18 0.026157115 
24 315 7 21 0.026137626 
295 183 13 31 0.026091749 
1038 299 8 24 0.026074477 
717 2 14 18 0.026068741 
973 1086 12 19 0.026063414 
392 41 6 16 0.026048489 
239 70 6 16 0.02603371 
626 151 10 21 0.025934475 
1038 313 8 23 0.025888916 
219 192 24 47 0.025873814 
947 912 6 11 0.025841475 
657 68 6 19 0.025807489 
664 361 17 21 0.025794689 
1013 230 8 22 0.025788318 
1003 914 5 9 0.025736004 
128 2 9 13 0.025731914 
194 1084 13 25 0.025667565 
848 3 8 14 0.025620984 
919 903 6 10 0.025572186 
705 149 9 20 0.02553882 
755 525 5 17 0.025533166 
24 828 18 22 0.02552124 
211 297 10 27 0.02540912 
613 51 7 24 0.025406433 
169 160 11 26 0.02538091 
171 382 7 24 0.02537879 
63 163 7 17 0.025370711 
171 184 9 24 0.02533728 
499 315 13 22 0.02527215 
236 120 9 22 0.025253937 
229 70 5 15 0.025253784 
550 237 16 37 0.025202624 
171 2 8 12 0.025181932 
184 2 8 12 0.025173517 
1037 326 9 25 0.025170432 
779 519 7 23 0.025087303 
199 2 8 12 0.025068557 
514 304 15 21 0.02503873 
181 1075 10 19 0.025024312 
418 360 40 82 0.025019605 
393 54 5 16 0.02498351 
698 727 6 23 0.024965657 
698 149 8 21 0.024873273 
15 1044 8 22 0.02485399 
713 372 17 34 0.02484974 
572 151 9 20 0.024807664 
735 197 10 25 0.024795601 
294 167 8 16 0.024787843 
650 186 11 24 0.024780896 
1037 339 9 26 0.024758214 
435 83 6 16 0.024731275 
980 455 10 19 0.024689209 
613 64 7 25 0.02467803 
360 1048 10 15 0.024668187 
197 324 10 27 0.02463167 
22 285 7 23 0.024613889 
886 197 10 24 0.024611756 
804 252 10 30 0.024604602 
604 335 14 30 0.02457587 
923 323 12 27 0.024570443 
599 27 7 17 0.024565302 
467 297 13 26 0.024534794 
172 370 6 22 0.02451772 
76 135 7 17 0.024505224 
943 2 12 17 0.024504673 
953 399 16 39 0.024460064 
56 289 12 45 0.02445084 
246 161 15 28 0.024438284 
570 1 11 16 0.024425812 
321 70 7 16 0.024415787 
17 120 9 20 0.02440099 
979 469 12 18 0.024378214 
1015 218 7 20 0.024357265 
169 269 10 30 0.0243277 
767 492 8 21 0.024316046 
1037 366 9 28 0.02427986 
643 81 7 19 0.024275927 
197 353 12 32 0.024226867 
978 1082 15 24 0.02417821 
405 669 9 30 0.024155425 
396 13 7 16 0.024108868 
843 269 179 236 0.024041021 
419 437 8 26 0.024027988 
977 478 16 27 0.02402409 
121 190 109 122 0.023983749 
171 255 8 29 0.023978021 
695 346 14 18 0.023942672 
268 906 8 24 0.023939813 
231 39 6 16 0.023927487 
800 148 11 24 0.02390737 
24 329 7 20 0.023899773 
683 714 6 22 0.02385724 
71 1084 11 20 0.023851853 
321 2 10 14 0.02384596 
640 173 9 19 0.023843968 
388 259 9 21 0.02383837 
858 13 11 24 0.023835229 
1010 1034 9 19 0.023806155 
403 16 7 15 0.0237835 
902 137 7 16 0.023737371 
258 96 6 14 0.02372829 
187 341 7 21 0.023725713 
708 198 10 24 0.023719952 
268 2 9 14 0.023708006 
583 107 8 19 0.02370134 
198 176 10 22 0.02367299 
558 450 10 26 0.02365794 
390 188 10 21 0.023622664 
270 881 7 20 0.023617897 
200 197 11 32 0.02350052 
390 374 10 21 0.023493744 
130 160 9 21 0.023491407 
227 96 7 17 0.023464454 
1014 79 5 18 0.023432724 
927 3 9 14 0.023359153 
211 0 9 14 0.023339642 
259 198 16 34 0.023322923 
183 186 10 22 0.02332229 
971 219 7 17 0.023294443 
419 450 7 27 0.023293791 
19 97 7 16 0.023236336 
451 366 18 37 0.023230454 
860 201 8 20 0.023204576 
298 55 7 16 0.023140192 
240 83 6 14 0.023138953 
207 202 18 46 0.023107823 
169 199 9 26 0.023077935 
722 93 8 19 0.023063615 
278 197 79 93 0.023059683 
789 251 12 32 0.023046184 
653 100 11 26 0.023029845 
1038 286 8 23 0.02300943 
140 10 10 19 0.02300613 
22 300 8 23 0.023003742 
875 200 9 21 0.022995042 
450 44 6 13 0.02297222 
787 694 18 36 0.022938628 
775 2 10 16 0.022934847 
312 910 5 16 0.022918493 
-29 204 14 53 0.022903634 
708 96 9 18 0.022902323 
736 94 8 18 0.022902232 
1003 163 6 15 0.022900864 
799 1 15 20 0.022846527 
928 1087 11 18 0.02281836 
682 135 8 17 0.022807395 
154 226 10 33 0.022800367 
696 109 8 17 0.022792315 
46 214 10 30 0.022782933 
848 10 9 21 0.022781981 
550 373 15 42 0.022778632 
1012 178 7 19 0.022775175 
726 755 5 20 0.022773776 
746 331 18 37 0.02275938 
790 177 8 18 0.022752928 
967 2 14 16 0.022742061 
45 198 10 27 0.022717763 
207 161 12 27 0.022712803 
339 136 8 18 0.022712735 
1028 151 6 17 0.022677654 
739 754 6 22 0.02264436 
954 2 13 18 0.02259446 
708 122 9 20 0.022578439 
818 522 8 19 0.022571377 
917 1089 10 16 0.022571363 
143 138 8 17 0.02256341 
173 393 6 25 0.022552183 
957 759 7 24 0.022537567 
735 2 10 15 0.022531983 
578 276 17 43 0.02252111 
417 320 11 33 0.022433346 
-65 -48 150 385 0.022426073 
300 67 7 17 0.022425953 
706 104 8 19 0.022422913 
348 154 8 16 0.022422642 
1003 1010 6 11 0.022421908 
1025 269 10 27 0.022389129 
172 148 11 23 0.022376915 
416 214 12 29 0.022368765 
225 297 10 27 0.022353353 
17 2 11 15 0.022346495 
706 0 15 20 0.02232191 
597 345 14 33 0.0223157 
391 682 9 32 0.022306897 
436 56 5 15 0.022257289 
114 1085 9 20 0.022247847 
284 165 7 18 0.022244196 
1025 242 9 26 0.022235041 
282 110 8 17 0.022217615 
927 10 9 18 0.022216259 
641 49 7 25 0.022213936 
279 1 10 14 0.022210091 
69 1042 10 22 0.022200204 
395 69 5 18 0.022192253 
847 201 8 21 0.022188647 
1025 336 12 31 0.022184592 
226 283 9 25 0.022176918 
447 1086 11 18 0.02217502 
581 184 13 27 0.022152724 
966 351 10 27 0.022152092 
375 600 10 24 0.022105264 
19 1073 10 23 0.022097772 
1025 296 11 28 0.02208953 
817 239 10 30 0.022084821 
8 926 5 14 0.02208116 
310 897 6 16 0.022059793 
906 84 6 17 0.02204634 
400 281 134 234 0.021997105 
692 197 10 25 0.021968981 
608 369 10 22 0.021967322 
478 253 18 29 0.021949213 
294 2 9 13 0.021927277 
668 153 8 17 0.021923348 
336 461 10 25 0.021913886 
842 387 12 37 0.021912692 
856 330 15 35 0.02191136 
35 122 6 16 0.021908144 
57 212 12 35 0.021894807 
170 174 9 20 0.021883963 
1057 300 9 24 0.021879097 
731 329 18 36 0.021843474 
581 0 11 16 0.021816216 
127 175 9 22 0.021803774 
74 3 10 13 0.021789541 
251 1046 10 17 0.021787966 
395 24 7 17 0.021782491 
918 925 6 14 0.021754494 
63 174 8 19 0.021739505 
1057 313 10 25 0.02173031 
731 286 16 30 0.021701757 
1036 392 10 29 0.02169656 
1011 243 9 24 0.021682255 
405 3 7 11 0.02168197 
575 107 7 19 0.021628337 
643 36 6 22 0.021627514 
698 712 6 23 0.021617066 
34 95 6 16 0.021615183 
1057 340 10 26 0.021584542 
473 1087 12 19 0.021584537 
670 758 6 23 0.021567222 
270 39 7 16 0.021560855 
515 404 10 31 0.021495992 
627 66 6 22 0.021494003 
436 70 5 14 0.0214931 
226 162 15 27 0.021487232 
373 306 13 32 0.02147973 
408 52 6 18 0.021475887 
684 727 5 23 0.021465788 
718 286 14 29 0.021444954 
255 327 9 24 0.021413233 
56 260 13 45 0.02139826 
254 1062 10 18 0.021394735 
669 745 6 22 0.021386325 
1057 367 10 28 0.021375509 
278 881 7 21 0.021357147 
55 -47 197 221 0.021347947 
712 728 6 22 0.02133912 
595 214 14 28 0.02132369 
65 1044 8 19 0.021313578 
567 211 13 30 0.02130981 
957 218 8 19 0.021306073 
587 27 6 16 0.021299863 
709 698 8 22 0.021261279 
317 107 11 24 0.021260645 
969 339 9 23 0.021252349 
328 403 18 38 0.021245569 
216 368 17 44 0.021240856 
712 740 7 24 0.021228477 
1016 208 6 15 0.021209989 
958 901 6 12 0.021203151 
930 911 6 12 0.021173207 
804 364 12 28 0.02116634 
306 1074 8 16 0.021161376 
263 278 14 37 0.02115751 
720 188 10 20 0.021138418 
63 153 6 15 0.021130899 
776 62 9 25 0.021113003 
323 1079 11 19 0.021105373 
99 189 14 38 0.021085411 
749 1 10 15 0.021058392 
339 81 5 16 0.021056093 
704 329 16 26 0.021015875 
350 1 12 16 0.021012895 
458 2 11 17 0.021008568 
449 55 6 16 0.02100694 
347 462 9 27 0.02098607 
597 0 10 16 0.020974332 
1025 362 12 34 0.020936694 
810 523 7 19 0.020918377 
608 214 14 28 0.020917973 
6 150 8 18 0.020908456 
31 267 10 31 0.020905662 
581 198 13 29 0.020894475 
19 153 8 15 0.02088619 
291 247 17 40 0.020884568 
845 217 10 23 0.020882042 
767 553 5 17 0.020876057 
269 1036 7 12 0.020869318 
971 232 8 20 0.020833706 
957 318 7 16 0.020793026 
281 1063 9 16 0.020790488 
34 166 6 14 0.02078554 
270 921 6 21 0.02076375 
143 396 7 20 0.020761631 
85 261 14 45 0.020745311 
403 1076 11 18 0.020712167 
1010 1019 9 19 0.020700293 
282 96 7 15 0.020687686 
17 136 8 18 0.020660713 
1013 62 7 23 0.020643111 
792 457 12 15 0.0206413 
414 1072 14 22 0.020634135 
1058 148 8 25 0.020623889 
900 199 10 21 0.020604705 
1014 110 4 16 0.020585926 
403 188 9 20 0.020565929 
256 108 7 16 0.020558707 
956 232 9 21 0.020551257 
772 345 14 35 0.02054919 
980 2 16 18 0.020535959 
1057 286 10 25 0.020533983 
1024 389 13 34 0.020532891 
956 242 10 24 0.020520972 
388 1088 11 18 0.020497283 
486 339 10 26 0.020495316 
424 387 18 39 0.020492425 
380 2 7 11 0.020481823 
434 153 8 17 0.020448782 
254 309 10 28 0.020437581 
1011 1009 7 13 0.020434486 
753 498 6 17 0.020407187 
848 189 8 20 0.02040433 
139 151 10 19 0.020387987 
240 1 11 15 0.020334717 
445 351 40 82 0.020318406 
32 200 9 24 0.020309664 
885 213 12 27 0.020298194 
73 1076 8 18 0.020289475 
557 439 10 23 0.020262329 
619 324 15 27 0.020248532 
582 214 13 27 0.0202421 
628 137 7 17 0.02024178 
159 395 7 21 0.020240247 
597 187 11 23 0.0202369 
778 944 6 10 0.02022859 
313 922 6 20 0.020198205 
553 337 13 29 0.020195512 
615 327 176 183 0.020187626 
616 150 8 19 0.020173125 
250 11 13 23 0.020158367 
843 229 10 24 0.020151282 
1038 272 8 23 0.020134911 
375 248 10 20 0.0201279 
679 172 11 22 0.02010713 
306 389 13 31 0.020065896 
728 406 14 28 0.020044867 
459 156 18 36 0.020044513 
138 750 12 29 0.020022973 
283 174 10 19 0.020017216 
341 365 17 33 0.019999728 
502 307 10 15 0.019999208 
999 232 8 20 0.019986084 
696 158 9 23 0.019982977 
1003 153 5 15 0.019980192 
797 453 15 21 0.019966206 
130 251 33 110 0.01995291 
142 211 10 32 0.019933619 
615 109 7 18 0.01988799 
710 188 9 19 0.019856732 
74 150 8 17 0.019854328 
1002 955 6 11 0.019852502 
777 130 9 21 0.019828022 
957 564 7 20 0.01981623 
1012 126 6 16 0.019802496 
154 255 12 34 0.019780967 
1011 135 7 19 0.019778619 
1041 152 6 17 0.019755265 
267 95 7 15 0.019749323 
279 293 12 33 0.019722665 
1011 257 9 23 0.01971604 
711 713 7 22 0.019692047 
1001 942 6 10 0.019674022 
34 111 6 17 0.019649437 
753 48 8 22 0.019642366 
406 260 8 18 0.019610606 
139 1072 10 23 0.019603675 
4 1017 7 19 0.019567687 
820 3 10 15 0.019555368 
985 219 7 17 0.01954771 
341 152 7 16 0.019527594 
339 66 6 15 0.01950826 
280 73 6 14 0.019494664 
182 119 9 20 0.019485159 
567 228 12 28 0.019453418 
999 219 7 18 0.01944746 
644 66 6 21 0.019418135 
943 231 10 22 0.019412339 
573 10 10 19 0.019409083 
306 1087 11 18 0.019389011 
5 1007 6 17 0.019371822 
667 160 9 22 0.019367214 
281 535 7 19 0.01936465 
405 1085 12 18 0.019340403 
1013 51 7 19 0.019335164 
600 179 8 16 0.019324448 
970 242 9 23 0.019296234 
183 138 9 19 0.019291174 
391 357 9 23 0.019283198 
458 97 7 17 0.019272365 
974 182 6 13 0.019269105 
931 202 8 18 0.019266525 
418 668 9 33 0.019253686 
462 41 6 15 0.019248107 
289 294 13 35 0.019247888 
153 278 13 41 0.019244544 
525 109 12 19 0.019240867 
973 913 6 10 0.019239409 
736 187 9 20 0.019221943 
1058 162 8 25 0.019212415 
361 309 12 30 0.0192068 
581 150 8 20 0.019193921 
566 242 13 30 0.019191615 
59 354 11 29 0.01918902 
804 157 10 23 0.019186275 
310 95 8 16 0.019162567 
754 509 5 17 0.019151766 
929 216 9 21 0.019151378 
594 200 13 27 0.019149803 
317 211 85 114 0.019146591 
980 1060 11 20 0.01914408 
215 43 5 12 0.019143626 
965 376 12 30 0.019142369 
999 242 9 24 0.019118626 
546 1077 6 14 0.019116588 
153 765 14 31 0.019072788 
100 166 13 33 0.019060748 
551 309 12 26 0.019032236 
625 199 11 25 0.019030452 
968 483 16 30 0.019011028 
956 300 10 21 0.019010643 
984 232 8 21 0.019006405 
32 2 12 16 0.019004723 
697 432 14 26 0.01899768 
543 435 9 26 0.018950587 
818 158 14 27 0.018950243 
654 141 8 16 0.018950094 
655 151 7 16 0.018938681 
988 916 6 8 0.018935563 
1028 176 6 21 0.018935347 
370 319 14 34 0.018924396 
960 873 5 10 0.018901898 
170 138 9 17 0.018896619 
44 249 14 42 0.0188775 
758 362 13 32 0.018872872 
239 109 7 16 0.018863358 
653 174 8 18 0.018854043 
941 271 11 23 0.018852392 
305 595 56 83 0.018841181 
834 393 10 29 0.018819913 
722 296 15 32 0.018811092 
671 715 5 21 0.018800896 
32 186 9 22 0.018799758 
137 766 12 29 0.018797016 
884 381 13 28 0.018786825 
582 166 8 18 0.018749105 
296 922 6 19 0.01873297 
420 85 6 16 0.018726742 
281 42 7 15 0.018725462 
198 342 9 24 0.018712074 
833 191 8 18 0.018711815 
876 263 12 20 0.018700322 
580 254 14 34 0.01870009 
873 1089 10 18 0.018695833 
736 745 6 18 0.018695597 
654 360 13 20 0.018667879 
45 3 10 14 0.018659113 
527 289 11 21 0.018657345 
33 215 9 26 0.018647263 
36 1048 6 16 0.01861641 
165 764 17 38 0.01861071 
240 96 6 15 0.018598225 
775 493 13 33 0.018590357 
985 165 7 16 0.018589381 
859 216 10 23 0.018585458 
65 1036 6 15 0.018581988 
657 598 5 14 0.018576836 
1058 135 8 24 0.01856572 
70 259 14 46 0.01855116 
238 293 12 33 0.018542407 
297 200 12 29 0.018529426 
334 452 10 21 0.01852754 
609 201 12 25 0.018525176 
386 304 12 33 0.018516324 
1058 273 9 24 0.018514961 
656 165 7 17 0.018498128 
748 363 12 28 0.018483872 
395 83 6 18 0.018482687 
804 269 11 26 0.018457504 
434 290 40 105 0.018446244 
420 29 6 14 0.018436726 
502 1088 9 17 0.018424869 
157 118 9 23 0.01840987 
794 311 102 111 0.01840552 
509 533 16 28 0.018398056 
307 153 8 15 0.01839354 
6 175 9 19 0.01838933 
405 296 10 27 0.018368492 
223 1086 11 21 0.018366612 
458 259 16 31 0.018362263 
284 920 6 22 0.018361162 
1011 270 9 25 0.018358503 
341 166 8 15 0.018335696 
939 152 146 312 0.018325347 
18 1061 9 20 0.018321833 
417 296 11 29 0.018304583 
941 241 12 26 0.018302249 
942 218 9 19 0.018279277 
306 1060 11 19 0.018273292 
211 327 10 26 0.018269258 
529 435 9 26 0.01826526 
752 7 10 21 0.018248307 
553 209 13 32 0.018246733 
283 135 8 16 0.018236183 
250 150 10 23 0.018233432 
792 1086 11 22 0.01822363 
132 1072 9 20 0.018219518 
99 274 14 48 0.018214714 
34 355 8 22 0.018214507 
668 104 8 22 0.018193759 
1024 433 12 32 0.01818152 
792 434 24 30 0.018166477 
130 120 8 19 0.018160278 
262 341 13 30 0.018156217 
824 -36 201 226 0.01815468 
87 1087 8 18 0.018151496 
553 181 13 34 0.01814687 
362 257 12 27 0.018136663 
435 43 5 14 0.018132139 
45 186 10 24 0.018130288 
948 -51 182 386 0.018121192 
1038 260 8 21 0.018111015 
59 2 11 14 0.018110588 
980 404 12 31 0.01809435 
771 299 13 27 0.018089725 
956 285 11 24 0.018082783 
435 164 9 20 0.018081004 
403 336 10 31 0.018067967 
294 1036 8 13 0.018038532 
902 107 6 16 0.018036213 
692 212 12 30 0.018035188 
322 405 14 34 0.018010968 
381 40 5 16 0.018003562 
1015 194 6 15 0.01799798 
944 318 8 16 0.017985487 
761 47 10 27 0.0179853 
622 214 13 28 0.017960465 
1027 191 7 20 0.01795489 
697 96 7 16 0.017950526 
928 229 10 24 0.01792782 
377 387 14 31 0.017926628 
131 1087 8 18 0.017909626 
403 216 11 26 0.017906858 
971 456 10 18 0.017900052 
8 168 7 14 0.01789013 
634 251 18 38 0.017884132 
1010 392 11 29 0.017884105 
989 581 7 14 0.017879518 
61 136 7 15 0.017875273 
988 942 5 9 0.017867759 
361 1061 11 17 0.017863866 
280 189 11 25 0.017862402 
732 348 14 29 0.017844884 
692 69 9 19 0.017836671 
695 136 8 18 0.017831728 
183 201 10 26 0.01781928 
694 273 13 25 0.017817028 
1003 999 5 11 0.017798886 
707 893 12 22 0.017798653 
904 97 6 17 0.017798156 
300 675 22 24 0.017798077 
896 380 15 33 0.01777771 
23 342 7 19 0.017752849 
22 272 8 21 0.017743545 
899 214 12 26 0.017729498 
856 362 13 33 0.017725486 
906 306 19 35 0.01769371 
270 524 7 19 0.017679326 
612 188 10 20 0.01767396 
873 215 11 24 0.017659439 
87 174 9 21 0.017658247 
740 555 4 13 0.017655013 
94 243 30 105 0.017630287 
643 591 6 21 0.017623112 
707 211 11 29 0.017616633 
777 253 11 29 0.017596474 
352 1049 9 15 0.017593836 
738 122 9 17 0.017592436 
759 18 13 31 0.017592017 
515 435 9 26 0.017584583 
985 206 7 16 0.017582715 
57 335 11 36 0.017579487 
72 227 12 36 0.017570544 
402 354 10 25 0.017565228 
337 57 6 15 0.017563688 
61 1086 8 18 0.017561566 
78 233 29 100 0.017546162 
22 963 6 16 0.01752652 
5 842 9 13 0.017520119 
957 271 10 23 0.017511044 
584 230 11 25 0.01750098 
391 1046 9 16 0.017493881 
974 1063 8 17 0.017482607 
956 257 10 23 0.01748237 
116 1074 7 19 0.017481001 
817 549 11 22 0.01747834 
5 2 10 15 0.017468443 
60 380 10 26 0.017467491 
1027 162 7 19 0.01745437 
55 236 15 45 0.017450145 
720 135 8 18 0.017449474 
1010 283 10 26 0.01744827 
667 351 42 53 0.017445296 
419 274 9 21 0.017441241 
971 204 7 17 0.017427469 
731 363 14 28 0.017419012 
1001 621 10 22 0.017413808 
562 514 16 36 0.017411131 
627 188 10 20 0.017410707 
391 248 7 18 0.017406104 
970 328 9 20 0.017397406 
671 123 8 18 0.017396241 
574 121 9 21 0.017396208 
553 403 13 35 0.0173714 
613 93 7 22 0.017368728 
263 326 11 27 0.017368535 
1001 967 6 12 0.017362505 
336 882 7 19 0.01734603 
418 203 9 22 0.017342195 
448 3 10 14 0.017328052 
833 255 9 24 0.017326452 
776 151 9 19 0.017325195 
680 4 12 17 0.017320503 
684 743 5 22 0.017303405 
904 926 6 14 0.017293822 
1003 905 5 9 0.017277217 
904 912 6 12 0.017275097 
570 37 7 23 0.01726489 
35 1037 7 14 0.01725821 
213 1077 10 17 0.017256713 
271 138 6 14 0.017251635 
196 1078 8 16 0.017247774 
627 177 8 16 0.01721427 
446 302 14 37 0.017212098 
800 372 15 38 0.017191261 
945 759 7 23 0.017179348 
917 96 7 16 0.017177869 
1058 176 8 25 0.017168282 
650 1 11 15 0.01716496 
942 202 8 18 0.017156305 
1002 609 7 14 0.017151015 
542 537 8 19 0.0171506 
970 284 10 24 0.01714964 
972 191 6 14 0.017131984 
755 565 4 16 0.017130325 
340 404 19 34 0.017123837 
915 217 10 22 0.01712091 
459 154 45 92 0.017102608 
174 776 21 42 0.017099328 
653 37 7 23 0.017098287 
573 132 10 25 0.017097212 
278 26 8 16 0.017085597 
21 838 13 18 0.01706578 
747 289 13 24 0.017061966 
697 697 8 24 0.017057098 
685 758 5 21 0.01705127 
1057 394 10 28 0.017047586 
379 804 6 15 0.017025834 
267 1050 9 15 0.017023807 
965 402 14 35 0.017021397 
685 773 5 20 0.016998617 
223 266 11 31 0.016990535 
218 341 14 30 0.016974637 
668 347 12 18 0.016969187 
570 269 11 29 0.016969005 
169 121 8 20 0.01696036 
308 479 10 28 0.01694885 
231 232 179 187 0.016948184 
615 139 7 16 0.016945325 
197 124 8 15 0.016933462 
1009 339 10 26 0.016927328 
186 410 8 22 0.016926138 
799 706 13 29 0.01690621 
90 1076 6 16 0.016905703 
843 1089 10 18 0.016904084 
445 159 13 27 0.016891982 
699 741 5 24 0.016889889 
678 211 13 31 0.016879711 
21 926 5 14 0.016873684 
1007 626 12 33 0.016860431 
1058 259 9 24 0.016859902 
941 257 11 23 0.01685523 
916 938 6 17 0.016837034 
1038 232 7 21 0.016836433 
559 1036 7 14 0.016829925 
241 923 7 20 0.016819015 
32 953 6 14 0.01681852 
1041 179 5 20 0.016814971 
34 227 9 28 0.016803617 
22 940 5 14 0.016802551 
313 146 76 101 0.016783822 
420 374 10 20 0.01678199 
914 324 13 24 0.016762542 
931 761 6 23 0.016761975 
590 278 19 43 0.016751165 
379 165 8 15 0.016728843 
888 302 93 134 0.016713891 
421 2 8 14 0.016711848 
751 189 7 17 0.016710438 
998 255 10 25 0.016698893 
51 125 6 14 0.016683083 
48 231 29 95 0.016680973 
982 394 11 26 0.016679738 
433 175 9 19 0.016671779 
958 191 7 14 0.016670534 
1001 926 7 12 0.016665885 
761 288 13 23 0.016659774 
515 290 11 20 0.016657729 
735 212 10 27 0.016656917 
979 434 12 28 0.016654432 
947 538 7 23 0.01665034 
364 191 77 110 0.016646983 
6 107 10 22 0.016644001 
992 10 21 40 0.016642489 
102 606 7 18 0.01662667 
126 209 12 36 0.016598806 
72 367 11 24 0.016590472 
463 81 6 16 0.01658117 
817 269 10 24 0.0165754 
337 894 7 20 0.016567457 
568 508 13 26 0.01656589 
1041 165 6 18 0.016543081 
561 142 101 106 0.016538318 
724 151 8 16 0.016522272 
543 450 10 26 0.016520984 
486 1088 9 18 0.016510064 
116 386 9 18 0.016498044 
997 393 10 25 0.016496472 
416 123 7 18 0.016493626 
983 242 10 24 0.016493233 
1038 246 8 21 0.016460083 
224 2 10 13 0.016455213 
1042 139 5 16 0.016434528 
926 336 11 28 0.01643411 
224 1077 9 15 0.016432462 
1058 246 9 23 0.016428553 
861 192 8 17 0.016422322 
271 26 7 16 0.016411405 
1058 232 9 23 0.016408032 
472 311 11 25 0.016404426 
516 97 97 118 0.016401479 
1000 1037 7 13 0.016395248 
760 123 10 19 0.016393058 
918 1081 5 10 0.016392764 
155 1075 8 19 0.016392233 
222 308 12 31 0.016363092 
254 339 9 24 0.016360022 
997 405 11 29 0.0163594 
283 53 6 15 0.016354866 
541 238 15 34 0.016354082 
1038 219 7 20 0.016350724 
89 161 9 20 0.016346883 
17 194 11 27 0.01634134 
917 83 8 18 0.016312614 
463 -10 184 185 0.016284097 
1010 297 10 26 0.016279453 
406 247 7 18 0.016277066 
666 201 10 22 0.016266868 
258 219 18 40 0.016250804 
477 355 10 25 0.016240912 
1009 364 12 29 0.016232928 
959 538 5 18 0.016230082 
1027 81 6 17 0.016227622 
89 372 9 18 0.016224632 
-37 156 169 277 0.016200515 
20 1006 6 15 0.01619683 
725 728 7 19 0.016180715 
378 1049 8 13 0.016171942 
62 242 29 96 0.016169788 
323 924 6 18 0.016165419 
391 164 9 17 0.016164843 
834 1088 10 19 0.016143864 
316 381 13 30 0.016131002 
891 110 5 16 0.016120026 
957 202 8 18 0.01610814 
845 423 11 27 0.016098516 
142 1082 11 22 0.016096938 
514 108 13 21 0.016096525 
685 789 4 18 0.016089773 
101 126 8 15 0.016084429 
401 175 9 20 0.016075678 
350 82 5 18 0.016063755 
848 292 80 79 0.016063351 
735 227 10 27 0.016024252 
653 385 20 32 0.016023884 
768 582 5 13 0.016012942 
650 212 14 29 0.016010912 
981 180 8 16 0.01600762 
749 241 10 25 0.016004957 
99 210 14 37 0.01600163 
1000 208 7 15 0.015996015 
1003 1049 8 15 0.015968584 
353 124 6 14 0.015951658 
930 395 10 25 0.015947593 
1013 996 6 14 0.015940899 
572 26 7 17 0.015940597 
383 53 5 16 0.015938094 
664 212 13 29 0.015936246 
1009 325 11 25 0.015931671 
404 372 9 19 0.015927693 
1037 422 9 27 0.015927058 
377 1061 10 16 0.015920028 
857 391 13 31 0.015911618 
555 1089 8 16 0.01590802 
997 282 11 27 0.01590263 
418 244 8 20 0.015899451 
387 402 13 29 0.015874967 
998 269 10 25 0.015872495 
678 347 12 17 0.01586883 
23 953 5 15 0.01586362 
970 256 9 22 0.015855277 
768 942 7 12 0.015846374 
309 1 9 14 0.015841644 
1010 311 10 25 0.015836893 
541 120 13 23 0.015826864 
308 1037 7 13 0.015824614 
390 339 11 29 0.015820121 
5 831 10 12 0.015819512 
86 211 12 35 0.015814636 
970 272 10 21 0.015807765 
476 859 5 11 0.015807133 
720 212 11 28 0.0157967 
668 189 9 18 0.015787378 
227 29 7 14 0.015771365 
767 165 8 18 0.015756657 
1058 190 8 24 0.015748408 
756 583 4 13 0.015742272 
391 176 8 18 0.015741397 
720 226 12 28 0.015738986 
61 125 6 15 0.015728464 
254 924 6 19 0.015727727 
941 284 10 24 0.015725091 
84 136 9 19 0.015714364 
1058 218 8 23 0.015706511 
811 540 6 16 0.015690353 
942 300 9 22 0.015677081 
263 309 11 30 0.015675189 
131 138 7 16 0.015657848 
50 112 6 15 0.015625903 
347 305 12 32 0.015616137 
402 164 8 18 0.015614655 
632 417 13 31 0.015609028 
250 278 14 38 0.01560519 
141 240 12 34 0.01560387 
240 907 8 24 0.015597748 
515 1088 8 16 0.015592377 
970 297 10 23 0.015590363 
636 212 14 29 0.015582528 
6 938 5 16 0.015575688 
143 605 9 19 0.015575545 
4 963 7 19 0.015561942 
390 202 9 21 0.015553646 
615 122 8 17 0.015550384 
566 335 14 32 0.01554418 
130 396 8 18 0.015539051 
818 541 7 16 0.015537825 
661 304 102 89 0.015537615 
658 605 6 19 0.015536877 
875 273 16 25 0.015531862 
198 14 7 14 0.015529909 
515 346 15 31 0.015517986 
33 176 7 17 0.015514403 
730 662 21 27 0.015500248 
732 421 12 23 0.015495331 
663 399 19 36 0.015477467 
158 135 8 18 0.015475558 
304 261 16 39 0.01546984 
407 437 7 23 0.015460845 
104 1086 9 19 0.015454488 
282 548 8 23 0.015454284 
986 595 7 14 0.015443885 
646 254 18 32 0.015433499 
34 241 10 31 0.015432825 
144 121 8 20 0.015418904 
1037 436 9 27 0.015409396 
553 120 11 23 0.015398909 
685 802 5 18 0.015394349 
600 60 9 29 0.0153925195 
738 110 8 17 0.01538944 
934 884 6 13 0.015387534 
49 153 7 14 0.015381019 
417 190 9 19 0.015368545 
766 954 6 10 0.015359465 
709 689 6 17 0.015344506 
278 208 14 35 0.015338908 
849 175 8 17 0.015328017 
45 368 10 23 0.015320246 
668 139 7 16 0.0153192105 
957 552 6 17 0.015317772 
958 884 7 14 0.015306132 
724 55 7 20 0.015304631 
1002 180 7 16 0.015296295 
418 261 8 18 0.015291427 
35 138 6 14 0.0152901495 
71 1062 9 19 0.015286281 
476 887 5 12 0.015269759 
621 228 16 29 0.015264892 
724 163 8 17 0.015264289 
49 165 6 14 0.015256377 
720 123 9 17 0.015229073 
420 354 9 26 0.01522662 
543 113 9 17 0.015219937 
636 229 14 27 0.015219299 
959 578 7 17 0.015207662 
998 324 11 25 0.015202472 
473 2 10 13 0.015202037 
270 871 6 15 0.015200087 
404 203 9 21 0.015176558 
50 138 6 14 0.01516909 
762 132 9 19 0.015167281 
173 413 7 20 0.015165949 
196 409 9 24 0.015164005 
364 58 5 13 0.015158935 
281 648 15 22 0.015150915 
381 773 5 18 0.015148432 
648 310 16 28 0.015134558 
877 191 8 18 0.015124944 
20 852 11 19 0.015116735 
-53 355 272 164 0.015115812 
410 122 6 17 0.015111668 
477 339 9 27 0.015105212 
269 12 9 18 0.015101707 
791 1075 9 17 0.01509705 
154 300 12 42 0.01508568 
389 229 10 23 0.01507175 
834 321 8 16 0.015062297 
34 963 8 19 0.01506214 
820 508 8 20 0.01505777 
332 344 13 25 0.015049569 
973 903 5 10 0.015043464 
618 310 19 29 0.01504342 
945 885 6 13 0.015035875 
110 205 15 41 0.015027038 
339 42 6 14 0.015025033 
375 679 12 40 0.015022127 
1039 205 6 20 0.015017315 
35 926 5 14 0.015014042 
360 383 16 29 0.014992789 
304 293 13 32 0.014969421 
91 1035 6 13 0.01496623 
572 1088 8 16 0.014960571 
198 111 7 16 0.0149592515 
280 869 7 18 0.014948363 
368 774 5 15 0.014937119 
460 1088 9 17 0.014926445 
803 137 9 18 0.014924446 
187 432 6 14 0.01491514 
376 376 11 20 0.014914894 
-47 820 274 448 0.014898832 
1010 419 11 29 0.014897921 
1058 204 8 23 0.014873482 
254 38 7 15 0.014864648 
958 184 6 12 0.01485965 
670 729 5 22 0.014857381 
776 923 10 16 0.014854966 
331 279 14 34 0.014853775 
765 189 7 18 0.014851281 
779 953 6 10 0.014849036 
780 552 6 18 0.014848205 
98 1055 9 21 0.014837692 
449 65 6 16 0.014820694 
501 420 11 29 0.014819809 
626 0 11 15 0.01481651 
227 893 8 23 0.014800836 
282 1051 9 14 0.014800605 
307 328 9 22 0.01478841 
679 632 9 22 0.014787089 
331 1059 13 18 0.014780214 
932 26 7 18 0.014775231 
253 135 9 20 0.014773541 
614 180 7 14 0.014765445 
310 134 8 18 0.014764572 
90 381 10 21 0.014763378 
568 363 13 32 0.014758072 
584 468 10 20 0.014753684 
733 435 12 24 0.0147529775 
667 67 7 18 0.0147527 
255 400 7 18 0.014745266 
583 11 9 18 0.014737432 
297 83 6 14 0.014726116 
7 996 5 15 0.014720998 
984 152 7 16 0.0147187915 
820 11 11 21 0.014702875 
92 1059 7 18 0.014691238 
485 374 14 34 0.01468532 
61 1077 7 17 0.014684986 
569 403 14 35 0.014683926 
240 896 7 19 0.014683717 
628 577 6 21 0.014670719 
859 4 10 15 0.014666259 
373 228 13 27 0.014653296 
202 56 5 14 0.014648766 
998 337 10 26 0.014630458 
360 241 12 26 0.014623556 
100 383 10 21 0.014610266 
322 1057 13 20 0.014606087 
792 540 6 15 0.01458772 
724 178 7 15 0.014583044 
762 255 11 25 0.014581042 
49 1086 8 18 0.014576592 
580 362 15 32 0.014574852 
998 311 10 24 0.01457018 
156 1084 10 23 0.014561449 
334 358 12 23 0.014561406 
20 215 8 24 0.014556373 
362 604 12 20 0.014550484 
349 325 10 28 0.014546321 
104 1032 7 14 0.0145415375 
499 387 13 34 0.014535922 
219 419 20 37 0.014514829 
90 605 7 19 0.014502435 
128 785 10 20 0.014491487 
876 165 7 16 0.014477921 
460 54 6 18 0.014477542 
255 123 7 16 0.014477248 
1023 1071 10 25 0.014460181 
916 202 8 18 0.014454802 
1015 967 6 12 0.0144520765 
319 134 9 19 0.014452044 
971 927 7 12 0.0144519545 
260 252 14 31 0.014445123 
430 372 13 24 0.014441696 
540 286 12 24 0.0144278575 
804 284 12 25 0.014413767 
608 710 11 31 0.014392025 
139 782 12 26 0.014372613 
381 143 79 109 0.014370431 
4 855 10 15 0.014363011 
372 199 14 29 0.014362807 
932 382 9 25 0.014354069 
528 449 10 27 0.014334429 
831 421 12 30 0.014333649 
849 22 9 24 0.014324939 
291 123 8 16 0.014317865 
833 271 9 21 0.014316883 
541 463 12 30 0.014279598 
817 284 10 23 0.0142778 
918 761 6 23 0.014269487 
941 415 13 34 0.014267308 
281 326 10 26 0.014261246 
945 559 9 24 0.014249929 
933 872 5 11 0.014238594 
333 373 17 37 0.014226071 
88 151 8 18 0.014201671 
503 884 6 15 0.014200008 
993 482 10 17 0.01419729 
737 179 7 14 0.014195009 
915 27 8 17 0.014187645 
6 139 9 17 0.014173006 
789 494 12 30 0.014169928 
325 452 9 19 0.014164307 
983 297 10 24 0.0141587285 
622 241 17 33 0.014156672 
612 382 11 21 0.014156645 
45 379 11 27 0.014155375 
802 1088 9 19 0.014152579 
242 28 7 14 0.014147911 
430 227 12 28 0.014129081 
691 328 15 25 0.014126963 
347 136 8 18 0.0141224405 
254 908 7 22 0.014110993 
739 770 6 22 0.01411009 
553 2 13 16 0.014092855 
531 76 208 207 0.014092655 
405 273 9 20 0.014089867 
844 257 9 22 0.014084913 
307 369 11 22 0.014081743 
570 467 11 22 0.014061466 
1041 191 6 20 0.0140589075 
931 1081 7 11 0.014049564 
1000 596 8 14 0.014048395 
278 12 11 18 0.014042803 
915 228 11 25 0.0140412375 
296 327 9 22 0.014038221 
92 1048 7 16 0.014028601 
613 78 6 22 0.014027969 
649 6 12 25 0.014018791 
626 586 9 29 0.014008684 
767 1089 8 15 0.014004232 
849 165 7 14 0.013989242 
279 62 1047 875 0.013966095 
694 176 9 18 0.013963076 
677 325 16 26 0.013956459 
861 261 11 21 0.013935483 
101 804 8 13 0.013930151 
139 286 14 47 0.013922207 
929 256 11 23 0.013911004 
449 84 5 14 0.013910657 
389 322 11 31 0.013880581 
713 66 8 19 0.013873169 
971 313 9 20 0.013867689 
807 943 7 11 0.013843063 
898 244 13 24 0.013837687 
806 174 9 19 0.013823723 
4 973 7 21 0.01382295 
491 884 6 13 0.013816303 
1002 1021 7 14 0.013814432 
420 177 8 17 0.013795573 
621 291 19 36 0.013793263 
706 258 11 22 0.013788042 
1035 1067 14 33 0.013783019 
184 13 8 15 0.013773558 
831 22 12 22 0.013773436 
1012 436 9 25 0.013766862 
667 55 7 21 0.013764551 
524 252 15 30 0.013756585 
409 451 6 23 0.013741404 
452 288 10 22 0.013740034 
34 1062 8 19 0.013738999 
680 428 14 29 0.01372263 
828 163 11 20 0.013719409 
582 392 13 31 0.013719146 
777 271 10 23 0.013718591 
611 1 9 13 0.0137177585 
146 373 6 18 0.013705641 
1041 125 6 17 0.013703636 
775 287 11 21 0.013701948 
419 1062 11 16 0.013687444 
1002 981 6 12 0.0136774955 
1012 914 6 10 0.013675577 
1058 121 8 25 0.01367071 
71 380 12 26 0.013667535 
276 263 15 36 0.013651082 
974 872 5 10 0.013651043 
932 192 7 13 0.013646844 
282 524 7 18 0.013644355 
973 969 5 10 0.013631864 
974 566 6 15 0.013624975 
874 394 11 26 0.013617556 
906 1090 8 14 0.013614405 
552 471 17 40 0.013611011 
653 125 8 16 0.013597702 
1003 79 5 19 0.01358696 
734 274 12 24 0.01355822 
886 908 10 15 0.0135344025 
969 468 14 18 0.013494188 
356 225 15 31 0.01349394 
662 256 15 27 0.013493744 
20 230 8 23 0.013484067 
612 24 7 18 0.013482044 
393 155 6 12 0.013467555 
243 343 9 19 0.013437904 
637 326 12 23 0.013436027 
984 256 9 23 0.013432767 
709 180 8 15 0.013429342 
495 254 16 26 0.0134165855 
256 581 7 16 0.013412603 
100 768 12 25 0.0134094795 
593 240 16 31 0.0133954715 
983 283 10 25 0.013379739 
282 1035 8 13 0.013368412 
626 374 9 20 0.013362225 
694 259 11 23 0.013359648 
140 267 14 40 0.013351518 
892 139 6 16 0.013347322 
310 883 6 16 0.0133355595 
707 1088 10 18 0.013327317 
47 178 7 16 0.013327056 
863 1089 9 16 0.013326966 
501 108 13 22 0.013324672 
240 565 7 18 0.0133200325 
33 155 7 13 0.013299783 
7 98 8 16 0.013284996 
699 774 5 20 0.01327009 
1022 2 11 17 0.013269654 
636 311 13 24 0.013269635 
899 228 12 27 0.013265734 
285 672 26 30 0.013264929 
157 11 8 15 0.013260548 
997 377 11 28 0.013257796 
311 466 9 22 0.013256917 
34 370 8 19 0.013248043 
671 624 6 16 0.013245587 
362 292 11 29 0.013238193 
310 346 8 17 0.013231867 
791 521 8 20 0.013230428 
19 1021 6 15 0.013230309 
845 272 10 21 0.013220838 
664 311 13 27 0.013219787 
460 107 7 20 0.013217764 
1010 925 8 15 0.013215047 
33 1074 8 19 0.013203467 
805 501 11 24 0.013199635 
874 382 10 24 0.013198219 
748 392 11 25 0.013195933 
363 436 10 23 0.013193277 
820 1088 9 17 0.013192103 
698 686 6 21 0.013191564 
614 165 8 17 0.013189248 
903 191 8 17 0.013187144 
86 238 13 39 0.013167427 
30 1085 9 19 0.01316496 
627 79 7 21 0.013163214 
790 367 11 25 0.013159789 
305 56 8 16 0.013150361 
88 125 7 14 0.013142701 
693 81 8 18 0.01313286 
767 176 7 16 0.013132531 
140 1060 10 20 0.013121666 
474 83 6 15 0.013117766 
309 108 9 21 0.013114912 
324 44 6 14 0.013114266 
551 501 16 36 0.013113581 
334 308 11 27 0.013104414 
974 943 5 9 0.013092294 
463 900 5 12 0.013087428 
303 312 12 27 0.013073233 
34 939 6 13 0.013065927 
103 1076 7 18 0.013063025 
281 152 8 16 0.013062841 
509 253 16 27 0.013056669 
930 350 10 29 0.013055453 
272 126 6 13 0.013048874 
989 927 6 10 0.013037409 
692 0 14 19 0.013035567 
618 248 41 78 0.013032961 
334 327 11 27 0.013024983 
323 463 10 25 0.013024657 
21 259 8 21 0.013018382 
402 423 9 24 0.013017248 
901 900 7 12 0.013003907 
325 936 6 17 0.013000045 
503 1075 7 15 0.012993709 
961 927 6 12 0.012992137 
863 275 10 22 0.012990029 
420 416 12 30 0.01298996 
221 326 12 28 0.012985621 
450 95 6 17 0.0129847275 
554 287 11 24 0.012981783 
639 372 12 23 0.012979143 
420 110 6 17 0.012974588 
847 287 10 23 0.012972927 
379 28 6 14 0.012966723 
1000 194 7 14 0.012960367 
802 1075 8 16 0.012959085 
389 216 11 24 0.012956365 
527 1084 10 20 0.0129542565 
364 449 8 23 0.012953939 
429 334 12 37 0.012953024 
20 245 8 21 0.012951379 
113 126 9 17 0.012938511 
886 1090 9 16 0.0129347965 
981 190 8 17 0.012927286 
995 580 8 15 0.012922639 
478 900 5 12 0.012919694 
170 564 283 241 0.012909112 
804 729 9 22 0.012902594 
1027 137 6 17 0.012901878 
20 912 6 15 0.0129017625 
375 357 11 25 0.012901501 
820 319 9 17 0.012899837 
117 802 9 16 0.012897985 
209 203 31 78 0.012885759 
381 787 5 15 0.012880519 
748 255 11 25 0.012874701 
741 541 4 15 0.012872537 
722 109 8 17 0.012866963 
49 94 7 18 0.012862089 
761 392 11 25 0.0128470035 
691 289 16 33 0.012836619 
723 718 7 17 0.012835865 
860 229 10 23 0.012832748 
448 259 11 24 0.012824866 
572 1037 6 13 0.012824487 
487 108 12 22 0.012814952 
972 761 7 20 0.012809016 
860 312 14 27 0.012801857 
573 95 8 20 0.012800585 
512 270 13 24 0.012794819 
766 151 8 17 0.012793374 
763 274 11 21 0.01278869 
376 449 9 25 0.012788461 
295 46 7 13 0.01277965 
984 271 10 22 0.012778381 
930 271 10 23 0.012770184 
1025 461 10 27 0.012759092 
983 310 11 24 0.012757734 
491 95 8 16 0.01273883 
279 240 14 31 0.012738446 
945 193 7 12 0.012738398 
593 309 17 29 0.012697285 
600 169 7 14 0.012666661 
538 266 14 32 0.012666511 
525 269 13 26 0.012664837 
6 215 9 24 0.012664681 
946 925 6 14 0.012659257 
69 287 13 46 0.012650345 
365 243 100 123 0.012648558 
1057 424 9 26 0.012648362 
905 937 7 18 0.012647568 
734 939 12 16 0.0126413535 
154 782 15 27 0.012638973 
266 398 8 22 0.0126383435 
721 273 11 24 0.01263381 
1026 124 6 16 0.012629718 
215 28 7 15 0.012623571 
635 -49 177 207 0.012619054 
885 226 13 29 0.012609231 
918 110 6 14 0.012603243 
74 127 7 14 0.012601622 
768 565 5 16 0.012598193 
693 241 12 25 0.012597458 
1036 6 15 27 0.012592797 
172 433 7 13 0.0125904735 
974 956 6 10 0.012583882 
376 595 9 16 0.012574075 
653 343 12 22 0.012573607 
422 11 8 16 0.012571357 
477 873 5 11 0.012565552 
571 308 12 29 0.012563412 
465 886 4 12 0.012561897 
665 325 14 26 0.012559726 
679 259 11 23 0.012556539 
654 1089 9 15 0.012545135 
1013 980 7 15 0.012541259 
319 276 15 35 0.012538401 
322 346 10 19 0.012537061 
310 121 9 18 0.012526683 
20 995 6 14 0.012519139 
713 756 6 21 0.0125158215 
666 174 8 19 0.012512923 
885 244 13 26 0.0124978125 
516 1074 7 16 0.012496359 
295 360 8 16 0.012492788 
504 873 5 12 0.012489741 
408 111 6 16 0.012489659 
583 306 14 30 0.012481004 
343 385 20 37 0.012457683 
2 867 11 18 0.012456151 
679 272 11 23 0.012455927 
736 152 8 16 0.012454878 
458 417 13 30 0.012441255 
335 1051 9 14 0.012439779 
700 294 193 194 0.012423164 
312 45 6 14 0.01242099 
244 84 149 187 0.0124082165 
432 139 7 16 0.012405973 
-2 924 4 16 0.012382946 
6 908 6 17 0.012347416 
243 330 9 21 0.012345784 
706 240 13 27 0.012344777 
299 883 6 18 0.012341214 
803 739 10 30 0.012340384 
500 96 8 15 0.012338936 
498 335 14 30 0.012335503 
748 408 11 23 0.012333453 
787 337 12 29 0.012324521 
816 374 12 32 0.012323176 
20 83 7 17 0.012319682 
555 268 12 29 0.0123112835 
5 230 9 24 0.012309719 
347 341 12 26 0.012301968 
641 582 5 17 0.01229968 
1024 65 7 20 0.012298383 
778 1090 8 17 0.012295249 
310 360 9 17 0.012291017 
241 579 7 17 0.012269044 
754 890 20 26 0.012262569 
794 7 13 24 0.012261968 
748 274 11 23 0.01225672 
213 407 12 30 0.01223475 
931 925 5 13 0.012233172 
-29 243 16 49 0.012228471 
487 223 44 74 0.01222623 
664 245 12 23 0.012225425 
297 498 6 16 0.012209283 
-4 1059 9 27 0.012208765 
270 537 6 17 0.012206534 
49 1077 7 16 0.012200022 
22 358 7 17 0.01219387 
419 136 7 18 0.012192112 
19 865 9 18 0.0121867955 
704 905 14 25 0.012183489 
323 909 6 18 0.012178325 
873 227 11 26 0.012175619 
281 346 10 21 0.012172521 
961 -18 109 127 0.012163563 
969 433 14 30 0.012163524 
450 272 11 24 0.012159434 
872 366 11 29 0.012158779 
418 528 9 19 0.0121581275 
541 496 14 35 0.012147246 
297 870 6 16 0.012136692 
752 23 10 22 0.012133937 
831 285 11 22 0.012126383 
709 84 8 17 0.0121242935 
1025 1083 11 24 0.012123063 
1014 956 6 11 0.012117202 
891 927 6 13 0.012110855 
352 1037 8 13 0.012098778 
627 568 6 16 0.012090676 
669 632 8 22 0.01208792 
349 895 7 19 0.01208274 
64 1062 6 17 0.0120702805 
462 66 7 17 0.012059135 
598 327 14 25 0.012056728 
903 127 6 13 0.012056504 
126 253 13 38 0.012054755 
734 256 12 23 0.012050396 
361 335 12 30 0.012049941 
735 165 8 15 0.012044823 
1027 97 6 16 0.012042968 
241 549 7 20 0.012034823 
228 905 9 23 0.012021303 
350 42 6 15 0.012018659 
944 1065 7 13 0.012010271 
490 307 8 16 0.012007154 
652 22 8 22 0.011995189 
741 525 5 18 0.011995055 
7 119 10 19 0.011990787 
402 387 10 22 0.011980336 
255 896 6 17 0.011979574 
19 829 13 16 0.0119548505 
1037 1046 10 25 0.011947018 
464 858 5 12 0.011941874 
184 111 8 18 0.011924256 
142 797 14 22 0.011916965 
350 1062 10 16 0.011911895 
117 606 6 15 0.011909785 
604 310 22 32 0.011903878 
5 80 8 17 0.01189904 
32 255 27 77 0.011896969 
749 1089 8 15 0.011894606 
101 814 9 16 0.011889025 
6 69 8 19 0.011883755 
475 108 8 21 0.011875957 
292 136 8 16 0.011858087 
347 277 13 34 0.01185363 
989 572 5 11 0.011848761 
752 165 7 16 0.011847531 
-18 134 80 184 0.0118272565 
409 187 89 112 0.011818783 
230 923 7 19 0.011811328 
972 169 6 13 0.011809865 
29 817 12 16 0.011807572 
471 367 14 31 0.011804446 
895 263 15 25 0.011796339 
721 256 11 23 0.011795905 
467 240 38 68 0.01179545 
816 298 11 22 0.011790742 
705 311 14 30 0.011787027 
552 135 13 26 0.011782628 
237 1034 8 15 0.011776022 
974 584 6 12 0.011773764 
431 353 13 30 0.011771041 
1025 1049 8 20 0.011767719 
775 376 12 30 0.011762529 
366 895 7 18 0.011758778 
736 1089 9 16 0.011738847 
46 1050 6 14 0.011737396 
339 94 6 17 0.011731282 
780 582 5 12 0.011727014 
125 285 16 50 0.011726129 
556 110 8 19 0.011725279 
292 111 8 16 0.01172445 
1026 110 5 16 0.0117236655 
295 227 12 28 0.011717026 
215 13 8 15 0.011702856 
636 339 13 24 0.0117027005 
280 633 11 19 0.011701599 
460 120 10 26 0.01169117 
475 248 13 20 0.011681839 
890 122 6 15 0.011674151 
361 464 9 28 0.011670389 
1013 451 9 22 0.011660547 
930 365 11 28 0.0116559705 
33 381 10 24 0.011650355 
364 168 8 15 0.0116462745 
449 550 6 15 0.011645138 
174 13 9 16 0.011640183 
5 285 9 23 0.011634929 
74 12 11 16 0.011631053 
337 171 32 52 0.011628433 
625 710 12 31 0.011628001 
848 302 10 22 0.01161248 
311 455 8 18 0.011608003 
434 189 11 21 0.011605689 
5 298 10 24 0.011604121 
680 243 10 23 0.011602446 
270 109 7 15 0.01159781 
100 252 13 40 0.011594696 
324 896 7 17 0.01159145 
-27 181 13 44 0.011586626 
448 578 6 16 0.011582701 
285 655 21 28 0.011580647 
626 23 8 19 0.011566695 
252 1039 8 13 0.011564678 
861 153 7 14 0.011564437 
1024 1034 7 18 0.011546259 
365 908 8 21 0.011544114 
340 955 5 14 0.011537205 
669 772 6 23 0.011530596 
224 13 8 15 0.011517701 
896 364 14 30 0.011515133 
599 108 7 17 0.011512316 
61 111 7 16 0.0115065 
1013 467 8 19 0.011496575 
656 621 7 21 0.011488324 
485 286 10 20 0.0114817405 
433 262 9 18 0.01146796 
695 649 8 18 0.011467937 
819 954 7 11 0.01146409 
983 324 11 24 0.011462025 
488 1076 7 14 0.011456137 
133 605 7 17 0.011455478 
318 120 9 20 0.011449972 
325 884 5 15 0.01144906 
497 268 13 24 0.01144859 
735 453 9 18 0.011444846 
111 275 15 49 0.011441954 
584 1089 8 16 0.011441707 
236 264 13 34 0.011435555 
368 761 6 17 0.011434234 
996 453 10 21 0.011430978 
583 323 15 29 0.011429373 
1058 107 8 25 0.011428888 
773 908 14 19 0.011412731 
321 331 10 22 0.01140895 
1012 496 7 16 0.011404725 
971 553 7 17 0.011399268 
201 43 5 13 0.011395373 
739 135 8 17 0.011383143 
1038 1035 8 21 0.011382929 
410 287 31 80 0.011377104 
5 314 9 22 0.011371387 
5 243 9 23 0.011361526 
776 393 11 27 0.01135523 
681 621 8 16 0.011354679 
378 12 7 15 0.011354042 
6 197 10 24 0.011350927 
102 1025 7 13 0.0113509055 
258 611 17 34 0.0113503225 
429 187 156 200 0.011336542 
257 597 7 14 0.011334437 
1004 135 5 16 0.011333955 
352 113 6 15 0.011332011 
790 284 11 23 0.01131256 
444 229 12 27 0.011301194 
1012 484 8 15 0.011295724 
807 954 6 11 0.011280712 
1003 63 6 21 0.011276883 
20 878 8 19 0.011262573 
679 283 13 27 0.011261699 
988 904 5 9 0.011259309 
780 566 6 16 0.011251179 
670 610 5 12 0.011247631 
127 800 11 19 0.011212205 
888 897 10 16 0.011211659 
1026 479 8 20 0.011210839 
403 155 7 13 0.011208938 
820 740 8 27 0.011205572 
112 398 11 19 0.011204192 
113 240 35 102 0.011204119 
995 471 10 17 0.011179803 
754 599 5 12 0.011178711 
295 153 7 15 0.011165095 
987 970 6 10 0.011160342 
459 133 13 28 0.011159284 
848 483 10 16 0.011148897 
1050 11 12 22 0.011141996 
1037 462 9 28 0.011132356 
984 1051 8 14 0.011113388 
699 790 5 17 0.01110361 
395 94 6 18 0.011102777 
248 246 15 34 0.011102296 
444 329 13 42 0.0110983495 
639 357 11 23 0.011094498 
27 165 84 145 0.011085975 
362 273 13 36 0.011084114 
684 699 6 22 0.011083528 
751 703 9 20 0.011078219 
928 420 13 33 0.011073252 
308 1051 8 14 0.011072683 
131 771 8 19 0.011066868 
319 368 10 22 0.011062705 
434 1047 8 15 0.011062161 
915 37 9 27 0.011061994 
987 1037 6 11 0.011060716 
103 596 6 14 0.011059449 
765 598 5 12 0.011059251 
927 35 10 30 0.011054256 
903 151 6 15 0.011052943 
430 272 11 23 0.011052047 
751 152 8 16 0.0110512385 
306 493 11 25 0.0110477945 
460 247 13 23 0.011040737 
760 702 10 22 0.0110396175 
115 1035 7 14 0.011038779 
363 880 8 20 0.011034683 
421 384 12 24 0.011032716 
909 392 16 35 0.0110269375 
835 1077 8 15 0.0110260695 
1003 47 7 22 0.011022264 
655 416 12 31 0.011011499 
432 245 10 20 0.011010205 
6 954 5 17 0.010993069 
435 110 6 17 0.0109915035 
321 166 10 19 0.010984922 
958 154 6 14 0.010984372 
862 742 7 25 0.010983421 
368 802 5 13 0.010981074 
965 7 19 26 0.01097935 
361 373 12 23 0.010973138 
790 390 13 31 0.010973024 
622 351 12 26 0.010972469 
695 674 7 19 0.010964954 
1057 438 9 25 0.010964106 
447 138 9 19 0.010962824 
464 873 5 11 0.010962162 
598 122 7 19 0.01095628 
333 434 14 28 0.010952778 
101 418 11 15 0.010948841 
-42 496 553 996 0.010937105 
753 955 7 10 0.010929912 
340 126 6 14 0.010924083 
491 874 5 11 0.010921895 
843 532 44 78 0.010921199 
726 771 5 20 0.0109210545 
501 289 10 18 0.010914907 
738 1080 6 12 0.010914783 
5 328 10 21 0.010913296 
808 343 8 18 0.0109122805 
1003 96 6 17 0.010910397 
788 352 12 27 0.010909276 
984 379 10 25 0.0109063545 
506 306 33 53 0.010903058 
1013 508 7 18 0.010903012 
515 449 11 25 0.0108911395 
637 1088 10 18 0.010887955 
532 377 28 78 0.010885572 
326 56 6 14 0.010870919 
490 900 5 13 0.01085991 
986 956 6 10 0.010854514 
874 745 7 20 0.010849345 
391 419 11 28 0.010842627 
794 944 6 10 0.010823078 
197 430 9 16 0.010817397 
682 643 9 23 0.010816419 
1001 765 7 14 0.0108158365 
913 381 12 29 0.010804271 
860 244 10 22 0.010798964 
846 34 9 22 0.010790307 
338 905 7 20 0.010784272 
334 2 11 14 0.010781684 
86 12 9 15 0.010778952 
278 439 8 18 0.010775191 
321 151 9 17 0.010770506 
607 240 16 31 0.010767366 
89 591 8 18 0.010764511 
48 1063 7 16 0.010759466 
434 123 7 17 0.010742801 
352 924 6 18 0.010738869 
983 364 10 26 0.0107350815 
475 1079 8 14 0.010731365 
432 4 9 12 0.010721645 
820 494 8 19 0.010716219 
-27 6 17 31 0.010714197 
283 514 6 15 0.010707589 
598 10 8 17 0.010705256 
335 870 8 18 0.010700975 
406 1049 9 15 0.010698581 
5 270 9 24 0.010685972 
1015 524 6 16 0.010683653 
861 288 11 24 0.010683501 
625 1087 10 18 0.010679148 
819 943 7 10 0.010678912 
751 712 11 23 0.010678363 
625 420 12 25 0.010675245 
115 784 9 19 0.010659459 
641 21 9 21 0.010653276 
433 667 12 41 0.010650179 
4 257 10 23 0.010649797 
296 347 8 16 0.010647558 
398 1059 13 20 0.010641099 
707 885 10 17 0.010627964 
667 1088 9 16 0.010623032 
819 702 10 23 0.010606937 
539 224 14 29 0.010603364 
581 256 40 80 0.010602265 
379 742 7 25 0.010600783 
984 352 10 24 0.010588206 
0 938 4 16 0.010581371 
379 464 8 28 0.010580173 
430 305 13 35 0.010574648 
359 613 14 26 0.010560788 
351 909 7 19 0.010558182 
428 450 11 29 0.010550608 
709 1080 6 13 0.010540831 
1006 15 15 30 0.01051463 
-22 919 7 24 0.010507717 
98 426 15 15 0.010504247 
1058 94 8 24 0.01050046 
352 881 7 19 0.010499504 
806 330 9 19 0.010497259 
633 274 19 41 0.0104969675 
109 416 13 17 0.010487542 
685 69 8 18 0.010478753 
528 462 12 29 0.010478608 
368 789 4 14 0.010477486 
997 435 10 26 0.0104768835 
742 566 4 15 0.010469253 
353 774 5 15 0.010462483 
445 385 14 35 0.010459971 
352 7 13 23 0.010456128 
904 760 6 21 0.010455106 
975 151 6 15 0.010452092 
-2 1035 5 16 0.010449863 
961 971 5 9 0.010437569 
874 244 12 25 0.010435677 
159 414 7 20 0.01043488 
664 298 12 25 0.010412514 
684 611 6 10 0.010410151 
280 457 6 15 0.010409256 
449 539 7 16 0.010396549 
722 274 39 65 0.010395769 
295 511 8 19 0.010385431 
928 124 8 16 0.010379387 
927 96 8 16 0.01037427 
765 965 6 13 0.010365569 
165 739 12 26 0.010337409 
541 1 14 16 0.010333682 
226 548 10 28 0.010325639 
304 657 18 24 0.010316558 
1057 80 9 24 0.010306767 
814 438 14 21 0.010303427 
204 83 5 16 0.010300049 
380 155 6 13 0.0102973655 
277 427 8 19 0.010293119 
213 926 6 16 0.010278217 
697 1089 8 15 0.010276001 
361 357 12 24 0.010275176 
944 873 6 11 0.010274221 
754 473 6 13 0.010271045 
406 697 11 32 0.010270312 
797 406 18 36 0.010264189 
447 174 12 26 0.010249967 
711 773 5 19 0.010248027 
749 939 10 13 0.01024077 
628 9 10 18 0.010223579 
-29 274 16 42 0.010201164 
747 424 11 23 0.010198325 
446 354 13 33 0.010198247 
1013 905 5 9 0.010194475 
724 1090 8 15 0.010191588 
490 912 5 14 0.010189905 
-7 1081 11 24 0.0101858275 
794 583 5 12 0.010173056 
906 1080 6 11 0.010154041 
780 460 10 14 0.010152517 
-23 935 7 23 0.01015059 
1023 1020 9 18 0.01014854 
381 762 6 18 0.010141611 
419 168 8 15 0.010136385 
378 405 13 25 0.010134127 
401 405 11 28 0.010126673 
998 571 7 12 0.010125076 
1012 939 7 13 0.010109661 
145 598 7 14 0.010109269 
804 312 11 23 0.010104052 
765 744 7 17 0.010103402 
875 154 6 13 0.010096642 
364 125 6 14 0.010090191 
722 1038 6 13 0.010087839 
142 217 31 84 0.010081945 
434 92 6 19 0.010080675 
904 67 7 20 0.010072422 
887 178 7 15 0.010072252 
222 246 14 38 0.010067469 
225 504 9 27 0.010057196 
911 334 13 29 0.010051486 
-22 1033 7 24 0.010047358 
-28 375 17 38 0.01004679 
875 360 39 74 0.010041422 
212 908 7 19 0.010033936 
193 201 26 73 0.01003117 
696 663 8 19 0.010026058 
754 485 6 14 0.010024553 
748 438 10 22 0.010014488 
311 437 9 20 0.010010669 
366 137 8 15 0.010006955 
153 783 42 59 0.010000485 
