39_Ice_Skating_iceskiing_39_249
2874
508 77 41 60 0.9126726 
564 324 11 26 0.43766618 
294 175 12 22 0.29347986 
984 280 12 32 0.24884072 
883 88 15 28 0.21662648 
853 140 15 37 0.19944642 
712 85 31 77 0.17984267 
961 270 9 27 0.17267635 
725 27 18 35 0.16760188 
781 143 15 33 0.1651994 
205 68 11 30 0.16206825 
470 208 17 35 0.15562972 
781 213 14 35 0.14872651 
775 111 15 35 0.14408728 
818 99 18 34 0.13891347 
953 269 7 27 0.13739215 
764 317 14 34 0.13623491 
413 368 6 14 0.13591994 
753 187 13 38 0.13027488 
564 274 9 17 0.12977444 
869 12 12 29 0.122261934 
974 5 11 26 0.12022541 
580 262 7 15 0.11559549 
765 48 17 40 0.114776865 
570 332 15 32 0.11315067 
726 268 18 43 0.113127425 
195 69 8 27 0.11263537 
856 98 13 34 0.11062254 
285 175 10 19 0.10576904 
425 354 6 15 0.104985625 
911 200 11 40 0.10283356 
961 297 9 25 0.10093442 
413 377 6 15 0.099942766 
611 50 17 44 0.09941701 
542 666 5 8 0.09897197 
170 95 7 23 0.09808334 
806 201 14 35 0.097833015 
742 212 12 40 0.09603903 
725 432 16 38 0.09422782 
732 328 12 40 0.094083756 
580 667 6 7 0.09295937 
661 629 4 8 0.09267775 
197 57 7 22 0.09261402 
184 78 9 27 0.09240097 
799 2 17 29 0.09231906 
578 249 8 19 0.091138266 
653 166 10 26 0.09081847 
560 61 14 40 0.089756906 
951 282 7 28 0.089198746 
980 283 8 25 0.08832027 
209 424 5 8 0.08828969 
717 -7 14 24 0.08828308 
987 257 12 29 0.08806281 
473 103 14 32 0.087541334 
921 201 11 38 0.087399326 
424 364 7 17 0.0871798 
726 -8 14 25 0.08692455 
226 424 4 7 0.086341195 
250 410 4 8 0.08578114 
362 134 11 19 0.08570429 
982 4 13 27 0.084927276 
238 410 4 8 0.08439693 
752 169 14 35 0.08426961 
564 286 9 20 0.08422635 
435 119 11 29 0.08287329 
226 436 4 7 0.08248543 
367 131 13 22 0.082390815 
533 668 4 7 0.08236791 
214 72 12 35 0.08232282 
211 411 4 7 0.08228209 
976 272 9 25 0.081754744 
891 80 15 28 0.081665434 
182 31 8 22 0.081505656 
225 410 4 8 0.08091091 
182 116 9 31 0.08070792 
229 184 10 17 0.08055301 
583 510 5 11 0.080228165 
521 271 15 27 0.079614885 
184 54 7 26 0.079458356 
998 589 11 31 0.07873031 
168 53 7 29 0.078648224 
607 13 85 110 0.07812355 
752 103 15 34 0.07806574 
517 48 69 94 0.077914156 
977 386 12 27 0.07640003 
580 274 8 16 0.07571365 
238 423 3 7 0.075703904 
369 19 21 45 0.07534457 
871 50 14 31 0.075316295 
199 411 4 7 0.07486041 
222 187 8 14 0.07461417 
566 299 8 20 0.07453653 
1013 79 12 27 0.07415516 
201 424 4 7 0.073863104 
948 214 10 37 0.07348049 
169 114 8 32 0.07337632 
793 205 14 35 0.073160686 
978 446 8 30 0.072809875 
581 675 6 9 0.07276024 
274 176 7 13 0.07258698 
236 399 5 8 0.07194846 
965 248 7 21 0.07188461 
244 118 15 30 0.07176433 
547 165 18 36 0.07160741 
716 426 14 34 0.071423024 
203 16 14 28 0.07133255 
124 437 3 7 0.07132458 
731 212 12 41 0.070972964 
92 233 9 24 0.070942484 
933 202 11 37 0.07086045 
406 371 5 13 0.07076605 
596 642 3 7 0.070689544 
361 236 12 25 0.0705858 
567 268 7 12 0.07008851 
805 -7 13 21 0.06999113 
212 437 3 6 0.06994076 
622 628 3 8 0.0699385 
755 -9 12 24 0.069818646 
825 612 5 13 0.06960036 
494 89 33 73 0.069539584 
918 54 14 28 0.069261275 
778 266 13 30 0.06920601 
302 180 12 24 0.06900989 
995 65 14 28 0.06899387 
531 676 5 9 0.06882896 
730 387 14 38 0.0687639 
635 641 4 7 0.06871705 
157 53 7 30 0.06862769 
848 -6 7 16 0.06859607 
196 43 7 21 0.068565376 
262 410 4 9 0.06839985 
790 156 15 44 0.068311565 
250 422 4 8 0.068275146 
270 353 8 17 0.06768452 
622 641 3 7 0.06749912 
187 410 4 8 0.06745848 
587 12 16 36 0.067361444 
212 396 4 10 0.06728234 
475 172 11 19 0.06708141 
660 639 4 8 0.06658216 
591 275 7 16 0.06655035 
744 -7 11 22 0.06643201 
437 264 6 18 0.06629298 
559 325 8 20 0.06596415 
543 676 5 8 0.065714754 
417 358 5 13 0.06566718 
995 257 11 29 0.06561916 
425 343 6 15 0.065606415 
931 15 15 26 0.06551667 
159 78 6 24 0.06549189 
364 125 9 15 0.06541132 
170 81 7 22 0.0654021 
461 365 10 23 0.06539312 
849 611 6 14 0.06485783 
770 106 14 30 0.06485756 
872 91 15 29 0.064562015 
558 664 5 8 0.064547606 
585 500 3 9 0.064193085 
11 163 12 41 0.06414991 
925 -5 8 15 0.06411552 
320 250 10 19 0.063874386 
271 363 8 20 0.063741766 
210 190 6 10 0.063503094 
199 437 4 6 0.06336455 
872 357 13 38 0.06319933 
884 136 16 43 0.06302728 
834 -6 9 17 0.06296264 
952 73 21 38 0.06254751 
329 145 17 25 0.062527314 
769 -8 11 21 0.062497247 
752 215 11 33 0.062405773 
881 12 12 29 0.06228404 
685 616 4 8 0.062278178 
170 33 7 20 0.062086623 
521 110 68 110 0.062015988 
963 7 10 21 0.06201447 
452 273 7 24 0.06192048 
187 425 3 7 0.06179994 
647 630 4 7 0.061735883 
412 168 10 21 0.061529852 
984 36 16 36 0.06151277 
191 113 11 34 0.061444096 
685 52 78 101 0.061388038 
635 629 3 8 0.061387956 
358 258 14 27 0.06130181 
439 272 6 22 0.06110943 
234 178 6 10 0.061041478 
919 78 14 28 0.060952667 
913 -6 7 15 0.060928762 
595 461 3 10 0.060928676 
619 615 4 8 0.060775764 
993 36 16 34 0.060683805 
481 214 15 34 0.060663614 
405 379 5 13 0.06063614 
296 166 9 14 0.06018785 
745 190 14 36 0.060107447 
407 181 12 25 0.06002122 
539 439 8 24 0.059992023 
901 -6 7 16 0.059974466 
938 -4 8 15 0.05970637 
466 285 7 24 0.05966021 
568 665 6 8 0.059499767 
931 410 11 32 0.05921312 
312 149 8 13 0.05918874 
547 61 20 39 0.059137244 
428 261 6 19 0.05910447 
557 171 18 41 0.059089195 
983 296 16 39 0.058965586 
861 -7 8 17 0.05884597 
1014 5 11 22 0.058792222 
595 486 4 10 0.058673654 
414 246 7 16 0.058666885 
806 247 14 27 0.058642466 
263 437 3 8 0.05861882 
825 596 6 15 0.05860051 
972 335 14 35 0.058517337 
181 198 7 15 0.05834241 
188 437 3 7 0.0581347 
820 -7 11 18 0.058084253 
996 282 11 32 0.05806186 
996 409 15 25 0.05798913 
286 166 7 11 0.0578115 
662 618 3 7 0.05774526 
196 27 10 24 0.057719294 
699 174 15 34 0.057630926 
880 360 13 31 0.057476774 
849 623 6 14 0.05745976 
596 654 4 7 0.05743553 
370 111 11 16 0.057344113 
423 376 9 20 0.057199076 
226 449 3 7 0.057166938 
949 -3 8 15 0.057156548 
868 412 14 34 0.057017837 
780 93 13 31 0.05689191 
594 470 5 10 0.056885615 
769 478 11 26 0.05673759 
224 398 4 8 0.056691293 
692 135 16 36 0.056664348 
161 425 3 7 0.0565813 
873 -7 8 18 0.05647441 
963 218 9 29 0.0562796 
647 641 4 7 0.05622506 
275 381 5 12 0.05604338 
1000 7 9 20 0.055929564 
738 271 16 36 0.055913385 
898 5 9 24 0.05584318 
576 285 10 20 0.05565033 
332 136 10 17 0.055639125 
520 669 5 6 0.05563049 
736 28 15 31 0.055618692 
199 398 4 8 0.05534426 
161 437 3 7 0.05533889 
250 400 4 8 0.055152483 
935 8 10 17 0.054843053 
211 386 4 9 0.054828543 
674 15 15 29 0.054823745 
533 655 4 7 0.05476277 
461 170 11 19 0.05471705 
545 592 3 7 0.054599952 
169 41 7 26 0.054441005 
446 192 11 23 0.054429457 
224 179 5 10 0.05439932 
80 235 7 22 0.054219335 
706 -5 11 19 0.054182354 
367 242 12 27 0.054140426 
776 59 15 36 0.05395005 
80 224 8 20 0.053941794 
609 642 3 7 0.053935714 
960 166 13 32 0.05391034 
815 246 18 30 0.053858344 
596 667 4 7 0.05376919 
766 2 14 27 0.053750012 
923 8 12 20 0.053691342 
284 297 7 19 0.053430192 
919 126 15 32 0.053395595 
122 462 4 6 0.053335994 
972 169 10 25 0.053213835 
68 236 7 20 0.05313522 
672 628 4 7 0.052867718 
287 382 5 12 0.052838743 
859 3 11 24 0.052783333 
605 417 5 18 0.05265329 
647 172 8 21 0.0526183 
685 627 4 8 0.052465778 
953 246 7 24 0.05239674 
502 -7 8 19 0.052376423 
673 617 4 7 0.052289214 
274 410 4 9 0.05210579 
276 183 7 17 0.05203051 
415 341 6 14 0.05190086 
148 547 3 11 0.051838603 
754 241 11 33 0.051827047 
11 190 11 42 0.051753145 
720 -18 8 18 0.051684983 
365 114 8 11 0.051555894 
766 191 11 30 0.05154886 
616 397 8 27 0.05145839 
556 678 6 8 0.051408887 
439 343 7 15 0.051350147 
887 -6 7 17 0.05131608 
959 49 14 29 0.051297907 
814 201 14 33 0.05118805 
710 630 332 259 0.0511765 
837 612 5 13 0.05117078 
187 399 4 8 0.051156104 
251 437 3 7 0.05114972 
483 170 12 22 0.051126774 
557 655 5 7 0.05111033 
566 -7 10 19 0.05110958 
181 234 9 26 0.05107029 
609 628 4 8 0.050960492 
262 420 4 9 0.050833084 
237 437 3 8 0.05079781 
150 425 3 8 0.050792873 
998 127 14 30 0.050752636 
998 78 13 26 0.050747152 
175 411 4 8 0.050734006 
191 87 10 27 0.05071078 
538 451 8 24 0.05065524 
559 512 4 9 0.050577763 
578 218 10 28 0.050518833 
583 471 4 10 0.050512362 
402 408 3 11 0.05049886 
770 230 11 29 0.050496746 
797 -6 12 19 0.0504243 
555 369 8 25 0.050393872 
803 45 20 39 0.050366793 
960 119 12 24 0.050295588 
572 311 12 25 0.050230447 
690 -5 12 18 0.050227955 
730 -18 9 18 0.05011812 
251 451 3 6 0.05009189 
367 256 13 28 0.0499843 
769 467 10 20 0.049977563 
480 269 8 23 0.049936667 
871 594 10 18 0.049924664 
433 175 146 197 0.049877666 
811 612 6 13 0.049861263 
315 253 5 13 0.04978087 
175 425 3 6 0.049778525 
155 105 8 27 0.049670298 
563 130 10 23 0.049659908 
136 437 3 7 0.049631763 
205 39 10 24 0.049619887 
813 598 5 14 0.04959981 
197 384 4 10 0.04958992 
983 62 15 29 0.049561985 
697 105 31 71 0.04949399 
679 -5 12 19 0.049473483 
299 151 7 12 0.049472068 
741 165 15 35 0.04941888 
767 204 12 34 0.0493944 
591 266 7 14 0.049325135 
561 55 68 113 0.04929627 
347 148 11 19 0.049258076 
555 406 6 16 0.04916592 
202 111 12 37 0.049136493 
918 104 14 26 0.04911515 
436 83 11 22 0.049075816 
174 438 3 6 0.04905513 
161 450 3 6 0.049048502 
152 113 10 34 0.049017638 
880 42 14 29 0.048995763 
699 144 16 39 0.04898996 
782 246 11 25 0.048989642 
727 359 145 256 0.04898695 
564 403 9 20 0.04892963 
558 525 4 8 0.048786137 
627 -7 12 20 0.048780825 
150 437 3 7 0.048771296 
976 260 8 23 0.04876516 
274 395 5 10 0.04872566 
284 366 7 15 0.048676815 
581 655 5 6 0.048518702 
595 420 5 15 0.048482276 
554 413 8 21 0.04843242 
596 629 4 7 0.04842544 
463 183 11 20 0.048399527 
439 352 6 15 0.048398513 
582 642 4 7 0.048396327 
301 276 6 14 0.048395094 
197 189 5 10 0.048282787 
208 198 8 18 0.048193064 
532 343 4 10 0.048117153 
568 513 4 9 0.04806964 
910 14 13 24 0.04805918 
237 385 4 9 0.048050303 
577 -7 10 19 0.04804795 
543 656 4 6 0.04804564 
476 389 9 22 0.047953486 
520 656 4 6 0.04793943 
435 70 10 19 0.04790399 
367 485 4 10 0.047891505 
264 449 3 7 0.047887176 
717 76 18 37 0.047855113 
532 455 6 18 0.04780778 
123 475 3 7 0.047805633 
131 237 9 24 0.047753368 
263 353 8 16 0.047735766 
782 -7 10 18 0.047637563 
974 205 13 34 0.04762363 
731 357 11 38 0.04760614 
699 200 15 39 0.047594596 
779 311 11 26 0.047562182 
454 351 7 16 0.04748423 
723 65 17 35 0.047481775 
514 -8 9 21 0.04737509 
265 398 4 8 0.047374424 
343 154 14 25 0.047373053 
86 461 3 7 0.047239408 
144 54 8 33 0.047203336 
558 591 3 7 0.047188595 
398 247 9 19 0.04715411 
1015 -4 9 17 0.047140896 
662 165 14 34 0.047135066 
648 616 4 8 0.047050934 
1002 -2 7 13 0.04703353 
568 522 5 10 0.0470072 
269 73 10 34 0.04689151 
608 656 4 6 0.046873942 
263 364 8 17 0.046867833 
529 468 6 16 0.04686555 
158 95 6 22 0.046830054 
424 390 8 20 0.046802655 
770 122 13 32 0.046790015 
609 615 4 8 0.046754323 
475 379 8 18 0.04673595 
562 335 16 38 0.04669225 
719 264 14 44 0.046681117 
123 449 3 6 0.046664085 
771 258 11 27 0.046593174 
936 222 11 40 0.046527725 
86 451 3 7 0.046512958 
175 398 3 7 0.04632113 
225 387 3 9 0.046291016 
414 262 7 19 0.04626425 
440 285 6 22 0.046225548 
584 521 5 10 0.04615026 
987 590 11 28 0.04606918 
319 145 13 20 0.046038765 
584 486 3 9 0.046014804 
110 408 3 10 0.04600373 
212 449 4 7 0.045977 
643 178 10 30 0.04596249 
999 145 12 20 0.045790035 
307 275 11 19 0.04577498 
322 241 7 14 0.04571441 
802 173 15 38 0.0456969 
977 -2 8 15 0.045691352 
402 396 5 11 0.045683347 
985 448 9 29 0.045653254 
816 281 16 33 0.04559594 
545 629 4 7 0.045551393 
299 382 6 13 0.045500297 
403 422 4 10 0.04549797 
594 497 4 11 0.045482945 
554 392 7 17 0.04545535 
1014 487 8 23 0.045429703 
307 162 10 16 0.045425814 
826 255 15 30 0.045398355 
666 158 10 23 0.045391917 
416 393 5 13 0.0453904 
136 475 3 7 0.045370013 
238 450 3 6 0.045321167 
575 296 9 23 0.045222316 
479 343 6 14 0.045206226 
465 273 6 23 0.045174148 
218 195 10 20 0.04507122 
731 192 11 34 0.045026436 
131 17 9 26 0.045000184 
436 95 9 21 0.044939447 
143 30 8 27 0.044928722 
302 268 5 11 0.044878215 
813 38 20 37 0.044845637 
400 239 8 16 0.04477511 
1001 476 8 27 0.04477456 
718 203 11 32 0.044697337 
647 600 5 10 0.0446687 
702 251 14 42 0.044661365 
195 224 8 26 0.044658314 
783 283 10 23 0.044648923 
396 257 10 24 0.04463229 
622 654 4 7 0.044622473 
275 168 5 9 0.044556025 
842 37 14 31 0.044460036 
519 333 4 11 0.044444896 
309 136 9 16 0.044429045 
231 64 10 32 0.044423092 
910 374 12 25 0.04441184 
135 488 4 6 0.04440261 
543 431 6 19 0.044301234 
827 151 15 33 0.044292577 
160 546 4 10 0.04427667 
744 237 12 37 0.04420123 
427 272 6 20 0.044187866 
617 460 5 12 0.044157818 
846 135 12 25 0.044096306 
987 -4 8 16 0.043983433 
545 602 4 7 0.04380713 
683 602 4 10 0.04379864 
414 160 9 17 0.04371648 
194 211 8 21 0.043709554 
557 628 4 7 0.043708593 
216 16 13 26 0.043700624 
492 71 8 21 0.043680962 
246 184 8 15 0.043677576 
659 150 5 14 0.04365392 
632 279 7 17 0.04364956 
188 385 4 9 0.043616664 
641 -7 11 19 0.043604877 
1010 435 12 27 0.043571718 
667 17 13 26 0.04354617 
617 446 6 12 0.04351216 
403 173 8 16 0.04350081 
849 595 6 16 0.04349507 
175 200 5 12 0.043480285 
171 142 8 25 0.043468166 
706 -17 9 16 0.04340977 
486 258 12 29 0.043359727 
978 297 10 25 0.043351743 
860 30 10 22 0.043301623 
561 43 13 29 0.04329869 
820 152 13 35 0.04329081 
667 -5 11 18 0.043288007 
924 410 11 29 0.043264177 
128 155 10 26 0.043263838 
527 -8 9 20 0.043255232 
143 17 10 23 0.043178894 
117 17 9 25 0.04316713 
263 177 6 10 0.043164257 
738 390 14 38 0.043154996 
729 160 14 36 0.043117117 
92 216 8 16 0.04310054 
452 365 10 21 0.043069158 
112 437 3 8 0.043025415 
382 94 85 99 0.043012165 
557 642 4 7 0.042925198 
937 78 14 30 0.04285918 
557 603 3 7 0.042834766 
746 -19 8 19 0.042832322 
569 676 6 8 0.042821728 
546 616 3 7 0.042818736 
597 12 16 36 0.042766735 
655 -5 11 17 0.042708315 
476 285 8 22 0.04270642 
454 345 6 13 0.042688474 
413 286 6 18 0.042651545 
693 -17 8 17 0.04264606 
861 596 7 16 0.042501755 
758 -18 8 18 0.04246205 
650 164 5 16 0.04239146 
142 237 10 22 0.04238684 
586 337 10 23 0.042385407 
174 449 3 7 0.04238159 
860 41 10 25 0.042329654 
982 395 15 28 0.04230764 
359 220 13 27 0.042262472 
412 275 7 19 0.042244103 
520 341 3 11 0.042222887 
837 625 5 12 0.042201456 
324 137 9 16 0.042180803 
256 56 12 41 0.042059653 
743 114 13 30 0.042046424 
469 485 3 11 0.04187266 
447 218 14 31 0.04185487 
861 611 6 13 0.04184649 
863 13 11 25 0.04179186 
680 -17 9 16 0.041777615 
799 319 10 31 0.041755 
571 251 6 16 0.04173151 
693 357 9 36 0.04166265 
218 56 9 26 0.04156359 
946 18 11 21 0.041561164 
195 201 6 15 0.041557994 
1012 593 9 26 0.041551318 
504 56 9 26 0.04153633 
552 426 8 22 0.041509144 
98 408 4 11 0.04150642 
859 414 13 32 0.041491363 
950 6 8 16 0.041417535 
824 625 6 12 0.04141208 
741 323 12 29 0.041408163 
422 165 10 24 0.04140421 
529 483 5 13 0.04139916 
440 87 75 97 0.04139011 
793 229 12 30 0.041388653 
939 260 7 26 0.041355956 
103 236 8 20 0.041354 
90 160 9 19 0.041342933 
107 189 6 13 0.041331403 
799 481 7 19 0.041314084 
972 64 14 31 0.041311912 
183 226 6 20 0.041286904 
273 344 7 15 0.0412808 
452 263 6 19 0.041254878 
436 379 9 18 0.041199826 
79 215 8 15 0.041157387 
298 284 10 21 0.041142207 
137 462 3 6 0.04109118 
428 72 8 16 0.04105982 
452 297 7 23 0.040992368 
767 168 12 30 0.040987294 
934 649 9 17 0.0409538 
135 450 3 6 0.040949695 
635 654 4 6 0.04091205 
94 189 7 13 0.04088481 
879 61 15 30 0.04086414 
211 180 5 10 0.040837813 
605 278 7 14 0.040770937 
737 587 6 12 0.040713117 
781 479 9 24 0.040630016 
799 599 6 13 0.04059166 
972 40 13 30 0.040581077 
676 2 14 23 0.040507376 
662 223 20 45 0.04045647 
739 342 11 33 0.040443208 
859 84 11 23 0.040436078 
156 33 8 22 0.040425662 
154 140 9 27 0.040369034 
628 331 11 32 0.040340066 
736 597 6 12 0.04029598 
607 667 5 7 0.040284358 
589 -7 11 19 0.040273648 
1015 364 9 20 0.04019861 
491 -6 7 17 0.04013284 
832 351 12 44 0.04011829 
682 589 5 9 0.040116206 
846 2 10 21 0.0400888 
847 -204 200 150 0.04006978 
797 298 9 22 0.040066466 
425 251 6 15 0.040045492 
494 656 3 8 0.040014412 
581 616 4 7 0.04001022 
1016 377 8 19 0.039979775 
366 301 15 22 0.039946046 
187 449 4 6 0.039939564 
758 314 11 24 0.039906554 
39 200 10 16 0.0399003 
276 450 3 7 0.039868325 
592 511 5 10 0.03985304 
110 476 3 6 0.03977946 
881 115 14 29 0.03974383 
416 404 6 14 0.039728146 
718 416 9 26 0.03972219 
771 451 10 21 0.039658237 
946 42 14 26 0.03964134 
421 194 11 22 0.039625328 
321 260 12 20 0.039618704 
441 299 6 20 0.03961529 
287 394 4 11 0.039605033 
615 369 11 33 0.039588712 
539 -7 10 19 0.039555967 
725 642 4 7 0.039538257 
573 604 3 7 0.039532825 
4 32 71 154 0.039432514 
462 353 7 16 0.039427184 
352 638 3 16 0.03941063 
809 480 8 21 0.039362673 
150 487 3 6 0.039325595 
98 450 3 6 0.039252467 
754 273 11 23 0.039208494 
1000 157 11 23 0.039202392 
769 426 14 30 0.0391791 
959 28 12 25 0.039162587 
792 115 12 28 0.039158013 
631 294 8 25 0.03913899 
988 462 7 27 0.03913087 
959 143 12 26 0.03912068 
869 139 13 33 0.03911622 
479 331 5 11 0.039047837 
707 425 10 28 0.039030682 
861 624 6 13 0.039026488 
558 549 4 9 0.03897945 
491 319 5 12 0.038959116 
483 653 3 11 0.038950395 
512 41 12 27 0.038919598 
184 192 5 9 0.038914997 
873 129 11 29 0.03889534 
789 129 15 33 0.03888102 
817 2 12 22 0.038845506 
699 617 4 7 0.038765952 
828 38 16 33 0.038745876 
226 462 3 6 0.03871595 
805 88 14 32 0.03869534 
277 475 3 7 0.03868622 
252 462 3 7 0.03868128 
219 128 11 28 0.03866167 
553 -8 10 20 0.038654532 
162 411 3 8 0.038647495 
912 63 14 26 0.038646076 
771 -17 7 17 0.03862838 
124 408 3 10 0.038575247 
248 179 6 10 0.03851854 
112 449 3 7 0.03850812 
1012 103 13 29 0.038476598 
532 444 5 17 0.038448557 
183 213 6 18 0.038423646 
505 333 5 10 0.038419526 
422 140 13 35 0.038407277 
232 124 12 30 0.038398385 
720 373 10 33 0.038396522 
369 220 12 26 0.038388755 
565 388 10 24 0.038355637 
488 388 10 22 0.038351975 
423 207 10 23 0.038348768 
836 594 6 16 0.038347013 
689 163 18 35 0.03832669 
575 3 13 24 0.038307935 
229 26 14 28 0.038203806 
944 67 20 36 0.038186748 
497 206 12 27 0.038158562 
772 142 11 27 0.038157154 
558 317 7 16 0.03815429 
289 476 3 6 0.0381523 
431 130 16 44 0.03815098 
327 258 16 27 0.038148083 
154 249 9 23 0.038131725 
858 359 12 36 0.03810555 
797 246 12 26 0.038103703 
622 49 16 43 0.038103342 
590 52 12 32 0.0380974 
428 287 6 18 0.038087342 
607 429 5 15 0.03807594 
667 146 9 19 0.038061198 
110 488 3 6 0.03803944 
999 106 12 26 0.038037922 
758 49 14 34 0.038036913 
149 475 3 7 0.038020004 
568 537 4 9 0.038015526 
401 180 12 23 0.03798116 
639 315 12 39 0.037970576 
270 107 8 22 0.037970375 
546 641 4 7 0.037959658 
782 3 13 23 0.03793301 
668 -17 8 16 0.037924215 
911 80 13 24 0.037848905 
245 60 9 35 0.037787657 
675 588 4 10 0.037757087 
80 160 10 19 0.037741337 
597 616 4 7 0.037711143 
705 359 9 34 0.03769986 
673 575 4 10 0.03769485 
185 357 5 11 0.037693348 
616 -7 11 20 0.037667617 
844 18 11 21 0.037667517 
137 546 3 12 0.037606463 
830 132 14 27 0.037559256 
422 183 10 21 0.037546016 
465 261 7 22 0.03754037 
35 207 13 23 0.0375248 
964 309 8 27 0.03752172 
277 462 3 7 0.037512362 
582 629 4 7 0.037508786 
317 272 13 24 0.037473362 
439 253 6 15 0.037447155 
549 32 12 22 0.037434503 
533 592 3 6 0.037401985 
583 603 3 7 0.037374053 
621 668 4 6 0.037336126 
264 384 5 10 0.037328206 
464 194 13 25 0.0372761 
1013 25 13 28 0.03725639 
261 185 6 14 0.0372456 
848 100 13 30 0.037233908 
120 188 6 14 0.037228774 
123 487 3 6 0.03717377 
283 355 8 15 0.037166987 
741 16 13 26 0.037152477 
635 617 3 8 0.037147645 
173 238 7 18 0.037147135 
559 539 4 8 0.03711263 
754 155 12 29 0.037088525 
606 405 6 18 0.03707006 
456 471 4 13 0.03706521 
718 19 14 26 0.03704795 
659 654 4 7 0.03702207 
976 159 8 19 0.03698423 
520 482 5 14 0.03697598 
929 650 7 13 0.036968607 
335 124 8 15 0.036927752 
589 207 10 28 0.036910452 
767 31 14 30 0.036893457 
630 -18 8 17 0.03687409 
997 426 13 28 0.03682239 
455 459 5 14 0.036813468 
845 356 12 40 0.0367943 
457 485 4 11 0.03679131 
810 466 8 20 0.03675383 
149 463 3 6 0.036751416 
539 33 12 20 0.036725815 
427 331 5 14 0.036709003 
493 82 9 25 0.03670656 
578 235 8 23 0.03669696 
609 470 5 11 0.036688555 
589 33 13 35 0.036661323 
186 332 4 12 0.03661321 
350 125 8 13 0.036537405 
446 82 13 23 0.03652847 
741 436 11 28 0.036525384 
655 -17 8 16 0.036520872 
500 78 14 36 0.036440015 
818 235 13 26 0.036436044 
897 196 11 30 0.03641126 
473 122 12 28 0.036391973 
921 388 11 20 0.036356997 
441 196 8 17 0.03631851 
754 412 12 30 0.036269825 
199 449 4 6 0.03624533 
375 483 4 12 0.03623332 
557 616 4 7 0.036232207 
828 95 15 28 0.036226906 
893 102 12 24 0.036196444 
603 52 14 39 0.03618731 
428 95 8 20 0.036181606 
150 450 3 7 0.03615991 
500 3 10 23 0.03615925 
589 72 14 36 0.03613637 
710 616 4 8 0.036088735 
686 641 4 7 0.036081865 
71 448 3 7 0.03607486 
676 93 78 134 0.036057826 
642 -18 9 17 0.03605381 
515 35 8 17 0.036047507 
73 463 3 6 0.03602982 
615 430 8 19 0.03602858 
935 67 12 26 0.036012623 
964 -2 6 14 0.03599384 
729 238 13 38 0.035976592 
975 306 11 28 0.03596217 
755 142 11 27 0.035923295 
492 331 5 10 0.03586907 
651 98 13 38 0.035851594 
498 195 12 23 0.035818774 
187 316 5 16 0.03580835 
255 107 12 27 0.035758484 
870 112 13 30 0.035747405 
964 327 8 26 0.03574548 
197 331 5 13 0.035736408 
1009 163 15 31 0.03572888 
451 376 9 19 0.035726734 
124 424 3 9 0.035712987 
616 467 6 14 0.035704892 
560 99 14 33 0.035697 
801 27 20 36 0.035656255 
962 413 10 25 0.035643656 
384 95 11 17 0.03562726 
491 60 8 17 0.035623748 
22 1 15 33 0.035622664 
363 495 5 13 0.035593536 
589 250 9 18 0.035586406 
178 137 10 33 0.035530873 
173 387 4 7 0.035502803 
403 431 5 12 0.035499994 
518 539 4 7 0.035484683 
103 223 9 22 0.03547084 
437 388 8 19 0.03544035 
594 676 6 9 0.035431594 
795 89 12 30 0.035416823 
783 468 8 16 0.035404004 
162 396 3 8 0.035392053 
558 578 3 7 0.03536377 
118 158 9 21 0.035302337 
560 277 6 14 0.035287928 
234 165 6 13 0.03525993 
275 421 4 9 0.035252094 
572 616 4 7 0.035233732 
412 301 7 21 0.035230752 
66 243 9 31 0.03517839 
691 250 14 39 0.035161417 
834 585 8 17 0.035158157 
720 229 9 30 0.035154883 
735 641 4 7 0.035138562 
754 79 13 27 0.035126984 
547 42 16 30 0.035121616 
426 84 9 18 0.035094578 
229 193 11 21 0.035074715 
169 260 7 23 0.035022207 
275 437 4 7 0.03501569 
577 54 11 30 0.035004895 
13 8 15 40 0.035004072 
269 48 10 32 0.034883387 
585 462 3 10 0.034862753 
198 356 4 10 0.03485423 
187 369 5 10 0.03484822 
161 463 3 6 0.034835584 
1001 378 9 17 0.03483364 
784 299 9 20 0.03481857 
570 501 4 8 0.03480512 
660 368 121 231 0.03480222 
804 318 12 34 0.03480152 
184 345 4 11 0.034759812 
624 376 15 42 0.034737688 
495 625 4 10 0.03472951 
31 198 7 21 0.034704313 
610 461 4 9 0.03469976 
542 353 6 16 0.034689788 
289 462 3 7 0.0346832 
532 354 4 14 0.03465552 
272 327 8 18 0.034649715 
716 177 12 30 0.034629133 
61 447 3 8 0.034597017 
672 641 4 7 0.03459608 
569 654 5 7 0.034586687 
186 464 4 5 0.034550805 
469 472 4 11 0.034490183 
543 689 5 10 0.034477115 
312 383 6 13 0.03445134 
887 624 7 14 0.034373324 
53 201 9 13 0.034366228 
288 156 6 10 0.034363102 
639 132 73 128 0.034342732 
543 344 5 11 0.034341007 
978 461 7 28 0.03433035 
449 165 14 26 0.034320395 
594 447 4 12 0.0343091 
563 2 13 23 0.03429175 
136 499 4 7 0.034251165 
557 501 3 8 0.034247365 
846 115 12 24 0.03422695 
549 20 12 19 0.034208566 
58 463 3 7 0.03419738 
174 476 3 7 0.034160268 
742 51 11 27 0.034158412 
595 430 5 15 0.03414262 
306 189 11 28 0.034115944 
143 158 7 21 0.034109503 
448 71 11 20 0.034086246 
261 329 7 16 0.034059945 
464 94 29 60 0.034052446 
559 337 8 18 0.034049023 
98 463 2 6 0.034048636 
212 463 4 6 0.034035824 
872 482 180 335 0.03401707 
98 476 3 6 0.034006767 
603 127 12 30 0.033999186 
676 602 4 9 0.03398062 
131 187 7 15 0.03396247 
465 346 5 12 0.033957478 
264 170 5 9 0.03395737 
835 474 9 25 0.033926565 
487 198 11 22 0.0339262 
1013 618 11 29 0.03391755 
283 106 10 23 0.03391584 
262 343 8 16 0.033883817 
237 475 4 7 0.033874284 
976 146 8 20 0.033873938 
301 391 6 13 0.033809017 
341 638 3 17 0.033795968 
647 653 4 7 0.03377401 
350 138 9 16 0.03377341 
111 462 2 6 0.03371706 
757 327 13 33 0.033702496 
504 318 5 13 0.03368532 
869 192 12 32 0.033676006 
936 389 8 19 0.033670586 
832 18 12 23 0.033646338 
476 297 7 20 0.033629294 
546 527 4 7 0.033596795 
546 512 4 9 0.03353287 
238 462 3 6 0.033514127 
557 563 4 8 0.03348079 
498 170 10 20 0.033479117 
437 366 8 17 0.033466563 
805 152 13 39 0.03346646 
80 190 7 11 0.033450924 
149 410 4 8 0.033439927 
919 22 16 29 0.033425108 
52 -7 11 20 0.03339775 
998 302 12 30 0.03337451 
928 641 6 9 0.033360474 
617 336 9 25 0.03333302 
107 161 7 16 0.033330787 
571 628 3 7 0.033305477 
592 283 8 18 0.033289727 
222 343 6 10 0.033282302 
556 687 6 10 0.033268325 
834 2 11 20 0.033266854 
170 249 8 19 0.03325895 
592 195 9 24 0.033255786 
702 228 12 32 0.033254497 
467 446 4 13 0.03325419 
512 2 11 24 0.033247117 
935 374 9 23 0.03322411 
685 656 4 6 0.033212576 
296 118 13 27 0.0332086 
534 41 19 28 0.033203773 
68 227 7 16 0.033199433 
277 301 5 16 0.033182416 
245 196 8 20 0.033169832 
541 22 10 18 0.03315352 
998 535 9 32 0.033127643 
545 578 3 7 0.03306583 
22 476 3 7 0.03305322 
974 118 11 23 0.033033967 
542 467 6 16 0.033029947 
429 120 9 26 0.033027984 
746 428 9 23 0.03298781 
174 463 3 6 0.03297348 
34 475 3 7 0.032970842 
357 152 14 25 0.032896314 
784 599 7 15 0.03289311 
476 369 7 17 0.032892216 
310 364 10 18 0.03288862 
450 -6 10 16 0.032881044 
257 42 11 30 0.0328687 
520 677 5 8 0.032853205 
656 133 9 23 0.03284359 
394 410 4 10 0.03283336 
350 113 7 13 0.0328278 
135 425 3 9 0.032824222 
176 194 5 10 0.032813445 
908 42 13 23 0.03279507 
67 -7 9 20 0.032780744 
490 343 5 14 0.0327802 
89 172 9 19 0.032771707 
1007 127 15 29 0.032756414 
546 499 4 9 0.03275493 
468 498 4 10 0.03275324 
110 502 3 6 0.03275076 
1016 553 8 25 0.032733846 
487 153 13 27 0.032708533 
23 462 3 8 0.0327043 
249 384 5 10 0.032673877 
504 47 8 19 0.032669354 
634 667 4 7 0.03266135 
985 519 12 44 0.032642987 
122 501 3 6 0.032606255 
107 201 6 14 0.03260595 
562 141 12 29 0.032605488 
990 -14 5 14 0.032592464 
810 284 12 27 0.03256896 
570 642 4 7 0.03256393 
532 643 3 7 0.032560937 
78 243 9 32 0.032542624 
71 439 3 7 0.032532673 
535 274 10 20 0.03250599 
743 408 11 28 0.032500837 
157 157 7 21 0.032500077 
226 476 3 5 0.032494385 
891 130 14 31 0.032487515 
909 27 13 24 0.03248385 
84 476 3 6 0.03247291 
22 449 3 9 0.0324708 
506 343 4 11 0.03246768 
353 486 4 9 0.03245721 
130 225 9 21 0.032454412 
934 54 12 24 0.032442834 
638 269 13 34 0.03239441 
149 539 3 9 0.032391917 
232 342 7 12 0.032387074 
602 -7 11 19 0.03235843 
421 235 9 22 0.032350227 
382 122 12 20 0.03234624 
161 476 3 7 0.03234609 
305 121 13 24 0.032343525 
507 252 39 58 0.03232327 
248 369 6 13 0.032323048 
283 77 10 29 0.03232262 
630 307 9 29 0.032267354 
261 183 183 171 0.03226353 
483 663 3 11 0.032239594 
197 315 6 17 0.032224365 
462 -5 8 15 0.03221009 
719 53 14 29 0.032204784 
964 437 9 28 0.03218157 
259 197 8 20 0.032178476 
98 489 2 6 0.03215604 
578 40 11 28 0.032106686 
679 42 34 78 0.032095656 
912 108 12 22 0.03209239 
436 62 9 16 0.03204366 
795 434 12 30 0.032021288 
618 -18 7 17 0.032003704 
499 151 11 25 0.031971086 
761 642 4 6 0.03197103 
389 248 9 19 0.031941745 
371 290 10 18 0.031926937 
779 427 13 30 0.031924497 
511 194 11 24 0.031919934 
568 549 4 9 0.031916294 
881 413 10 27 0.031873815 
104 246 8 29 0.031870272 
832 235 12 26 0.031861708 
371 273 10 20 0.031852283 
396 94 10 19 0.0318505 
273 315 6 17 0.031847753 
845 65 10 24 0.031841718 
470 651 3 13 0.03183205 
145 170 8 23 0.03178729 
578 16 13 25 0.031786904 
612 124 13 33 0.03178077 
298 135 9 17 0.031776976 
895 68 11 22 0.031774368 
467 433 4 12 0.031758532 
107 18 7 20 0.031742893 
287 409 4 10 0.031710174 
430 110 7 19 0.03170114 
288 451 3 7 0.03169352 
721 347 8 28 0.031670727 
641 129 11 28 0.031627756 
252 474 3 7 0.03160277 
160 487 4 7 0.031602435 
531 689 5 10 0.031583082 
702 61 32 71 0.031565797 
115 1 10 25 0.03155777 
456 442 5 15 0.03154081 
625 355 14 38 0.03153859 
425 -6 9 15 0.03151275 
316 244 5 13 0.031495757 
416 524 3 9 0.031488903 
824 584 7 18 0.0314558 
798 466 8 18 0.03144168 
936 41 13 25 0.031426147 
274 192 8 23 0.031413883 
298 57 154 173 0.03137692 
742 137 13 32 0.031370413 
617 323 8 24 0.031352624 
397 84 10 17 0.031313207 
718 244 10 34 0.031302717 
130 168 9 24 0.031271137 
937 360 9 27 0.031254288 
478 -4 6 14 0.031246286 
442 486 4 10 0.03124209 
698 642 4 7 0.031231826 
781 193 12 30 0.03121344 
474 242 11 33 0.03120065 
677 166 15 33 0.03118685 
284 47 10 33 0.031163283 
560 157 15 32 0.031157766 
98 503 3 5 0.031110883 
616 309 8 22 0.03109104 
886 637 7 12 0.031072227 
776 40 15 33 0.031002946 
576 114 12 31 0.030976031 
314 464 4 7 0.030961078 
447 117 11 27 0.030944431 
99 438 3 8 0.030921336 
629 174 10 24 0.030901842 
198 346 4 10 0.030886875 
999 620 13 29 0.030787164 
986 436 12 30 0.030782085 
382 133 11 20 0.030780457 
437 207 10 23 0.030779758 
759 467 8 19 0.030771405 
929 127 14 30 0.030754805 
147 394 4 10 0.030739231 
573 179 13 28 0.030734457 
95 201 6 13 0.030706234 
424 456 6 15 0.030703316 
975 250 9 21 0.030700468 
256 83 12 36 0.03070031 
798 612 6 13 0.030691536 
1013 390 10 19 0.030681258 
964 194 8 22 0.030675722 
806 446 10 28 0.030622613 
584 591 3 7 0.030608693 
34 15 15 26 0.030588442 
361 212 9 19 0.03054502 
208 370 5 12 0.030544568 
1007 402 13 21 0.030534666 
197 369 4 11 0.03053352 
885 611 8 14 0.030495161 
4 536 5 15 0.030488625 
796 288 9 21 0.030488351 
481 498 3 10 0.03046768 
848 636 6 13 0.030465893 
769 301 10 20 0.030395068 
440 331 5 14 0.030376747 
812 626 5 11 0.030362329 
543 417 6 16 0.030360704 
1013 307 10 26 0.030359436 
894 54 12 23 0.030302748 
795 48 33 75 0.030293027 
514 180 81 120 0.030283913 
792 64 14 30 0.030280024 
85 437 3 8 0.030262949 
683 577 4 9 0.030218933 
374 101 8 13 0.03019333 
215 102 13 32 0.030176334 
237 371 5 12 0.030164788 
766 342 13 39 0.0301513 
936 103 11 23 0.030107679 
534 602 3 7 0.03007549 
563 369 10 27 0.030074859 
948 28 12 23 0.030073648 
520 526 3 8 0.03006789 
754 12 13 25 0.030038478 
587 112 14 34 0.03002045 
-6 143 151 312 0.030012967 
807 130 12 27 0.029997308 
68 214 7 15 0.029995333 
53 -17 9 17 0.0299763 
145 107 7 26 0.029974114 
822 -16 7 16 0.029963609 
1014 53 12 25 0.029959327 
287 421 4 9 0.02995559 
455 550 3 8 0.029860182 
400 220 9 20 0.02985049 
662 11 142 187 0.029837597 
1002 -15 6 15 0.029837513 
353 497 5 11 0.029833155 
289 487 3 7 0.029822517 
219 40 10 22 0.029810078 
698 626 4 8 0.02979298 
143 123 10 33 0.029771503 
606 286 7 15 0.029768588 
444 538 3 9 0.029754449 
391 458 5 12 0.02972726 
976 593 8 21 0.029718665 
595 603 4 7 0.029704344 
613 2 14 26 0.029693315 
736 631 4 7 0.029640606 
287 436 4 8 0.029634427 
10 213 14 44 0.02962178 
833 409 11 39 0.029587887 
999 393 11 18 0.029584737 
302 475 3 7 0.029561976 
117 223 9 22 0.029557522 
567 -17 7 17 0.029546842 
263 462 3 7 0.029545333 
412 313 7 17 0.029531218 
136 538 3 9 0.029524148 
237 487 4 7 0.02947668 
426 302 6 19 0.029436538 
310 265 8 13 0.029418567 
462 84 12 20 0.029416643 
507 656 4 7 0.02941028 
570 577 3 8 0.029408004 
380 106 14 23 0.029407222 
488 19 8 21 0.029401397 
627 126 12 30 0.02938623 
119 235 7 22 0.029313192 
384 147 9 19 0.029291395 
45 475 3 7 0.029275624 
642 216 9 32 0.029274803 
475 19 10 23 0.02926977 
571 592 3 7 0.029263496 
230 138 11 25 0.02925768 
638 59 14 38 0.029249243 
576 403 9 21 0.029212264 
875 624 7 13 0.02920548 
439 -6 9 14 0.029205453 
646 148 6 19 0.029198697 
533 576 3 7 0.029193208 
294 107 12 24 0.029169662 
816 79 15 31 0.029166624 
309 355 11 17 0.02914308 
1015 540 9 26 0.02913328 
615 157 11 27 0.029111264 
397 -6 10 16 0.029105514 
784 -17 7 17 0.029083405 
743 587 7 13 0.02904751 
176 344 4 13 0.02904577 
479 320 5 12 0.029040767 
452 248 7 20 0.029033022 
782 169 14 38 0.029029934 
457 431 4 14 0.02902809 
197 558 4 13 0.02901805 
575 194 11 25 0.02901332 
490 48 7 17 0.029011643 
985 117 14 29 0.028987337 
544 407 6 14 0.028986936 
111 421 3 10 0.028954156 
401 272 8 20 0.028950643 
106 215 7 15 0.028945735 
520 643 4 6 0.028945655 
530 335 4 10 0.028932935 
120 201 5 13 0.028926054 
999 361 10 24 0.02892581 
321 157 12 19 0.028901795 
302 463 3 7 0.02889846 
921 221 13 42 0.028878482 
659 27 37 86 0.028872872 
493 614 3 11 0.028872523 
196 181 6 11 0.028872319 
702 122 15 41 0.028867558 
457 498 3 10 0.02886532 
710 628 4 7 0.028852029 
501 20 9 19 0.02883582 
589 233 9 23 0.028817013 
559 289 6 14 0.02881226 
639 84 15 42 0.028805772 
570 564 3 8 0.028791618 
579 -18 8 18 0.028773393 
277 487 3 7 0.028771687 
797 343 10 34 0.02876356 
221 163 7 15 0.028749468 
173 214 5 13 0.028740361 
814 58 17 32 0.02873529 
784 450 9 21 0.028722683 
319 192 11 24 0.028707895 
99 420 3 11 0.028667081 
558 324 29 67 0.028652946 
156 238 8 18 0.028652545 
247 165 6 12 0.028641172 
975 425 9 24 0.028626623 
412 95 9 19 0.028624322 
591 184 9 21 0.028621977 
295 77 10 28 0.028590603 
731 309 11 28 0.028590268 
848 83 9 21 0.028587475 
949 402 8 19 0.028576797 
758 453 8 20 0.028571999 
742 360 10 32 0.028567567 
244 83 12 36 0.028554965 
49 17 15 23 0.028547201 
901 -15 6 15 0.028546346 
21 486 4 8 0.028536843 
634 222 7 23 0.028530674 
367 476 3 8 0.028521672 
674 655 4 7 0.028518355 
205 209 10 24 0.028510874 
542 362 6 19 0.028495578 
66 201 9 13 0.02847396 
893 117 13 25 0.028457053 
359 288 12 20 0.028448682 
242 27 12 28 0.028447932 
987 411 12 24 0.028443858 
526 3 11 23 0.028397039 
950 389 7 20 0.028362378 
743 311 10 25 0.028356146 
385 -6 10 18 0.028349834 
295 47 11 33 0.02834574 
108 174 7 15 0.028336791 
591 -18 8 18 0.02833523 
1008 628 15 34 0.028326815 
620 281 5 11 0.028288431 
681 152 13 27 0.0282739 
68 191 7 11 0.028268242 
665 131 11 26 0.028260926 
504 34 7 18 0.028258052 
403 340 8 15 0.02824782 
412 -6 9 16 0.028199209 
67 159 11 20 0.028192963 
427 60 9 19 0.028176703 
579 415 9 22 0.028163446 
146 202 6 13 0.028144658 
618 287 6 15 0.028121775 
647 667 3 7 0.028120985 
251 488 3 6 0.028099319 
482 639 3 12 0.028085265 
629 159 9 23 0.028085122 
606 388 7 22 0.028083883 
807 305 12 33 0.02807069 
767 24 33 71 0.028042018 
638 343 13 34 0.028033774 
442 234 7 20 0.028023882 
131 39 8 33 0.028009834 
673 215 17 39 0.028000908 
264 475 3 7 0.028000673 
874 610 7 14 0.027994754 
798 584 7 15 0.027987296 
678 356 10 37 0.02797943 
883 385 11 25 0.027963612 
652 75 13 34 0.02793365 
543 707 5 9 0.027920425 
555 130 73 121 0.027907945 
477 60 8 17 0.027876401 
837 637 6 11 0.027876278 
523 288 14 29 0.027855294 
211 346 5 9 0.027846618 
532 564 4 7 0.02784048 
770 283 11 23 0.027837249 
464 95 12 23 0.02783348 
332 237 10 17 0.027831854 
527 34 11 18 0.027828695 
455 539 3 7 0.027808124 
413 333 6 12 0.027802588 
497 385 13 27 0.027788214 
145 187 7 15 0.02778697 
148 512 4 8 0.027778337 
390 237 8 18 0.027741242 
212 501 3 7 0.027734179 
85 421 4 12 0.027730605 
118 170 8 21 0.027697654 
751 641 4 7 0.027674465 
605 -18 8 17 0.0276641 
538 4 11 22 0.027655566 
133 202 5 12 0.0276334 
735 616 5 10 0.027622957 
209 356 5 10 0.027614245 
610 22 18 43 0.027603606 
1017 325 7 21 0.02760084 
336 226 7 15 0.027592717 
836 -15 6 15 0.027589804 
735 32 94 112 0.0275778 
609 448 4 11 0.027577166 
899 26 11 24 0.027552722 
657 602 4 8 0.027536105 
958 101 14 24 0.027527628 
489 7 8 18 0.027522663 
374 209 10 22 0.027502125 
910 184 10 26 0.027464671 
784 582 8 18 0.027456153 
281 11 12 33 0.027455848 
808 114 12 25 0.027446497 
573 72 15 37 0.027430044 
520 496 4 11 0.027398774 
984 193 15 34 0.027395606 
443 472 4 12 0.027394708 
445 14 14 29 0.027378768 
319 360 13 26 0.02735712 
44 191 6 11 0.027347265 
376 474 5 10 0.027344568 
690 52 15 37 0.027344296 
550 3 13 22 0.027339615 
820 174 13 35 0.027327182 
34 463 3 7 0.027304465 
450 59 10 17 0.027300432 
59 477 3 5 0.027286885 
124 536 3 9 0.027285693 
472 -91 512 772 0.027280271 
618 298 7 20 0.027272958 
856 163 13 28 0.027266376 
668 106 155 255 0.027253555 
650 184 15 41 0.027213302 
822 467 8 21 0.02720395 
639 287 13 36 0.027198683 
409 219 11 26 0.027196867 
632 232 8 24 0.027196808 
725 631 3 7 0.02717908 
545 487 4 10 0.027177049 
923 183 11 29 0.027138948 
403 360 7 13 0.027090704 
454 562 4 9 0.02707549 
781 335 9 25 0.027056452 
1000 570 7 22 0.027050484 
536 263 11 20 0.027049553 
884 401 9 22 0.027012447 
551 183 15 35 0.027011106 
871 378 13 33 0.027010249 
212 476 3 5 0.02700292 
494 664 3 8 0.026995717 
556 707 5 9 0.026987843 
136 513 3 7 0.026972277 
713 643 3 6 0.02696185 
896 209 13 40 0.026961679 
932 181 12 29 0.026959898 
824 639 6 10 0.026959721 
476 86 9 20 0.026953444 
462 18 10 24 0.026945276 
630 144 9 25 0.02693874 
186 282 6 22 0.02693398 
33 449 3 8 0.026926951 
135 525 3 8 0.026868895 
320 35 13 36 0.026858272 
234 356 7 14 0.02685652 
545 331 6 13 0.026851235 
268 118 10 23 0.02684767 
534 616 3 7 0.026831284 
545 539 4 7 0.026824476 
244 138 11 24 0.026820237 
326 229 6 15 0.026813868 
562 33 11 20 0.026800085 
237 500 3 7 0.026786854 
1013 273 10 24 0.026785748 
901 375 11 25 0.026781589 
552 438 8 21 0.026765473 
390 446 5 11 0.026761122 
552 130 11 24 0.026743636 
534 629 3 6 0.026742207 
352 474 4 9 0.026740234 
545 552 4 7 0.026721198 
84 490 3 5 0.02671436 
972 130 10 22 0.026712172 
896 43 12 22 0.026707387 
388 257 10 24 0.026701836 
588 358 11 26 0.026699575 
809 -16 8 16 0.026695756 
479 353 6 14 0.026689539 
336 112 8 15 0.026672265 
659 667 5 7 0.02666441 
148 524 3 8 0.02665471 
703 377 13 42 0.026638582 
357 311 19 27 0.02663808 
464 244 9 26 0.02660852 
194 217 37 109 0.026601007 
469 638 3 14 0.026595868 
429 485 4 11 0.026567286 
79 147 10 18 0.026540736 
603 195 9 23 0.026529368 
186 300 5 21 0.026526649 
46 463 3 7 0.026513927 
442 500 4 9 0.026502684 
442 458 4 14 0.026485292 
719 -35 9 20 0.026480177 
504 -17 6 17 0.026468663 
38 -5 10 18 0.026451454 
819 18 13 23 0.026450269 
818 128 15 29 0.02644594 
721 392 10 33 0.026443563 
331 34 14 37 0.026430538 
441 315 5 17 0.026424352 
440 221 9 24 0.026419502 
72 477 3 5 0.02639569 
38 -18 9 18 0.026377583 
575 384 12 27 0.026374975 
205 139 11 28 0.026353996 
529 -18 7 18 0.026343295 
693 -34 9 19 0.02634197 
948 198 9 22 0.026335834 
334 302 50 64 0.026325354 
315 474 3 8 0.026319703 
493 539 4 6 0.026318694 
568 706 6 9 0.026287014 
181 18 9 22 0.026274674 
563 18 11 19 0.026271721 
491 368 7 18 0.02625751 
1001 552 7 25 0.026256394 
346 36 12 34 0.026244191 
201 499 3 8 0.02623509 
1013 263 9 19 0.026228976 
912 402 10 19 0.02622035 
705 -34 9 19 0.0262152 
186 476 3 6 0.026208827 
704 75 15 36 0.02620553 
285 312 8 19 0.026184786 
374 196 8 18 0.026184734 
303 257 4 12 0.026178408 
555 -18 7 18 0.02616207 
461 71 12 20 0.02615621 
205 222 10 31 0.026149092 
349 272 12 23 0.026113434 
481 484 4 10 0.026075756 
430 91 33 72 0.026070938 
461 57 10 19 0.02605005 
324 124 9 16 0.026035197 
949 412 9 24 0.026030554 
413 415 7 17 0.026030093 
892 160 15 33 0.026023574 
247 342 8 15 0.026022019 
772 599 8 14 0.026020741 
607 483 4 11 0.026018264 
563 205 9 25 0.026017146 
135 409 3 9 0.026002323 
486 282 11 24 0.025941314 
999 446 10 26 0.025940374 
468 461 4 12 0.025936237 
333 168 12 23 0.025930895 
370 152 13 25 0.025899239 
757 296 10 23 0.025894638 
394 423 3 8 0.025894322 
404 163 7 12 0.025870858 
-6 -33 144 255 0.025860097 
795 273 9 21 0.025849458 
536 285 11 21 0.025821304 
478 64 128 206 0.025786595 
514 265 14 22 0.025781816 
964 376 10 21 0.025769165 
663 110 14 37 0.025752248 
464 104 14 33 0.025748396 
333 14 12 32 0.025730953 
984 374 13 26 0.025702802 
823 477 8 22 0.025701579 
541 -18 7 18 0.025687827 
495 498 3 9 0.025665866 
474 44 9 20 0.02566332 
381 5 15 29 0.025654534 
229 84 14 34 0.025637148 
858 188 15 36 0.025634978 
845 219 12 33 0.02559579 
477 72 8 17 0.025587033 
491 103 12 30 0.025568385 
118 215 7 16 0.025565417 
468 389 7 20 0.02556032 
604 182 10 24 0.025533298 
604 313 8 19 0.025520062 
391 472 5 13 0.025504699 
257 205 9 26 0.025465291 
520 471 5 14 0.02543875 
605 169 10 24 0.025436126 
949 100 14 24 0.025413014 
453 313 5 17 0.02540606 
798 -16 7 16 0.025401125 
833 63 12 26 0.025390042 
605 373 9 25 0.02536964 
426 470 5 14 0.025356142 
605 361 9 23 0.025341555 
745 597 7 13 0.02533058 
558 267 6 12 0.025324378 
412 84 9 16 0.025267897 
517 -18 6 18 0.025246628 
340 475 4 8 0.025245367 
123 525 4 8 0.025244853 
245 207 10 23 0.025235994 
756 31 12 26 0.025194248 
912 -15 7 15 0.025193267 
624 26 14 35 0.02518696 
928 659 7 13 0.025177192 
438 401 7 18 0.025168816 
862 -15 6 15 0.025167761 
530 363 6 17 0.025140071 
298 368 7 13 0.025139032 
35 4 13 21 0.025097499 
750 630 4 8 0.025074998 
666 358 12 37 0.025048066 
263 316 5 14 0.025045954 
681 128 14 32 0.02504383 
156 16 9 21 0.025043597 
991 149 7 16 0.025043502 
1016 350 9 23 0.025039457 
1017 505 7 20 0.025035756 
508 667 4 7 0.025015226 
590 140 11 26 0.025005508 
554 202 11 27 0.025000967 
494 528 3 7 0.024994658 
584 537 3 9 0.024991497 
428 536 3 11 0.024990978 
507 539 4 7 0.024965128 
391 369 5 13 0.024960045 
391 436 3 8 0.02495003 
574 348 14 35 0.02493654 
305 35 13 36 0.024903754 
19 537 4 12 0.024868418 
169 17 8 20 0.024852883 
689 182 17 38 0.02485216 
160 538 4 10 0.02485202 
544 374 6 20 0.024851967 
588 372 11 27 0.024843974 
586 576 3 8 0.024837306 
444 549 3 9 0.024832822 
849 -15 6 15 0.024821574 
603 324 8 20 0.024806019 
646 589 4 10 0.024802143 
604 265 7 14 0.024801355 
492 -17 5 17 0.024797417 
55 245 9 25 0.024793444 
294 295 11 24 0.024792766 
524 40 16 27 0.024761818 
328 463 3 7 0.024726555 
888 -15 6 15 0.024702998 
846 243 11 27 0.024685683 
371 8 13 26 0.024673752 
35 222 13 22 0.02465571 
631 264 7 17 0.02465247 
138 249 16 40 0.024645323 
591 67 73 138 0.024642883 
468 419 4 12 0.024636142 
506 499 4 9 0.024625663 
653 52 12 30 0.024573687 
35 233 13 26 0.024562908 
745 94 12 24 0.024544869 
79 202 7 13 0.024514664 
123 512 3 8 0.024505062 
61 437 4 9 0.024502793 
226 500 3 7 0.024498718 
603 207 9 24 0.024486601 
731 -35 9 20 0.024481708 
143 2 11 23 0.02448142 
389 356 6 14 0.024470506 
340 625 4 19 0.024465436 
608 513 4 9 0.024444146 
558 302 6 14 0.024435546 
263 488 4 6 0.024417236 
387 219 10 22 0.024413696 
284 343 9 16 0.024394486 
517 314 6 15 0.024385054 
172 228 6 15 0.024364874 
248 330 6 12 0.024360307 
842 179 17 35 0.024347542 
66 144 10 20 0.024338149 
507 527 3 7 0.02432453 
426 134 35 69 0.024313683 
545 563 3 7 0.024305435 
363 17 11 28 0.024295792 
568 687 7 11 0.024279114 
975 605 9 19 0.02424975 
900 638 6 11 0.024246603 
237 513 3 8 0.02424527 
573 486 4 9 0.024231818 
112 395 3 11 0.024230476 
283 187 11 28 0.024224482 
90 248 12 44 0.024211487 
773 612 7 13 0.024208602 
411 205 11 24 0.024205323 
148 499 3 8 0.024203327 
848 403 9 27 0.024150234 
294 11 15 32 0.024136223 
350 223 9 19 0.024130138 
812 584 7 16 0.024122316 
491 140 12 28 0.024121368 
761 631 4 7 0.024110291 
478 401 7 18 0.024099985 
781 348 10 29 0.024098909 
226 512 3 8 0.024091633 
632 248 7 20 0.02408105 
124 546 3 12 0.02407615 
154 173 8 18 0.02405882 
565 218 9 25 0.02405056 
1018 339 7 19 0.024039198 
556 250 7 17 0.024032628 
94 20 7 18 0.024030006 
200 464 3 5 0.023995291 
934 7 156 263 0.023986425 
681 -33 7 18 0.023958685 
498 261 13 23 0.023932334 
173 486 3 7 0.023930406 
401 446 5 13 0.023928149 
376 460 5 10 0.023898467 
530 432 6 16 0.023887116 
514 22 8 17 0.023865035 
226 487 3 6 0.023862313 
482 624 3 12 0.02384446 
828 175 16 38 0.023837581 
758 435 10 24 0.023836724 
27 142 10 24 0.02382913 
398 496 7 15 0.023808122 
974 412 11 24 0.023805646 
376 495 5 12 0.02379459 
609 523 4 9 0.02379356 
110 536 3 9 0.023763556 
721 326 8 26 0.023761736 
254 14 13 31 0.023754135 
590 297 9 20 0.023747219 
782 16 13 22 0.023733106 
677 37 16 38 0.023729946 
705 17 12 23 0.023717072 
725 653 4 7 0.02370142 
365 636 4 18 0.023693254 
283 329 9 18 0.023690708 
592 314 8 18 0.02368999 
591 172 9 20 0.023689087 
490 126 11 28 0.023672367 
1015 581 9 25 0.023670042 
964 400 10 22 0.023669474 
58 421 5 13 0.023661548 
990 476 7 27 0.023660835 
231 104 12 31 0.023642175 
653 345 13 33 0.023636185 
703 53 14 31 0.023629166 
333 62 12 29 0.023627022 
651 317 14 38 0.023619918 
820 419 11 41 0.023612715 
128 246 16 40 0.023608943 
267 25 12 33 0.023589352 
859 378 13 33 0.023561923 
574 472 4 10 0.023557717 
-41 421 217 358 0.023530161 
550 144 13 27 0.023528479 
585 565 3 8 0.023490535 
689 71 17 43 0.023483915 
327 475 4 7 0.023470912 
416 534 4 12 0.023467766 
8 -81 18 43 0.023465574 
691 228 13 33 0.02346293 
581 430 7 20 0.02344475 
350 -7 7 18 0.023436692 
798 641 5 7 0.0234277 
501 368 8 20 0.02337121 
532 496 5 12 0.023346823 
129 2 10 24 0.023340538 
626 81 14 41 0.02333776 
461 142 12 25 0.023334198 
469 331 5 12 0.023325954 
364 103 7 14 0.023312137 
968 84 16 32 0.02330855 
398 208 11 22 0.023285514 
514 187 9 18 0.023283355 
216 208 11 24 0.023272684 
468 317 6 15 0.023271209 
613 79 14 40 0.023257714 
428 525 4 9 0.02325269 
172 549 4 9 0.023250522 
949 633 11 25 0.023245098 
283 -7 9 20 0.02324198 
21 509 3 11 0.023241097 
544 394 6 16 0.023237446 
55 237 7 18 0.023227436 
99 533 3 10 0.023205776 
1017 -17 7 18 0.023202956 
62 18 12 21 0.023185182 
119 247 9 27 0.02318163 
92 148 8 17 0.023177473 
132 214 6 15 0.023175627 
450 390 7 17 0.02317365 
440 183 10 20 0.023143971 
598 47 134 234 0.02313227 
669 560 6 12 0.023102762 
358 126 32 57 0.023097483 
49 4 14 21 0.023094894 
875 -15 6 15 0.023081338 
248 357 7 14 0.023078682 
679 112 13 35 0.023077589 
354 11 44 91 0.023052434 
37 143 10 20 0.023049835 
415 150 8 18 0.023032581 
212 487 4 6 0.02301209 
519 514 4 8 0.023007141 
426 315 6 18 0.022999045 
981 336 15 33 0.022995012 
361 -6 8 18 0.02298812 
974 106 11 23 0.02298527 
453 332 5 13 0.022983098 
71 490 3 5 0.022963393 
14 142 12 30 0.02291479 
655 17 12 24 0.022904344 
32 433 4 11 0.022900933 
668 -33 8 18 0.02289753 
689 16 14 26 0.022889672 
469 511 4 9 0.022854257 
309 -7 10 21 0.022835165 
463 225 12 31 0.022819657 
276 501 3 6 0.02281453 
805 424 12 36 0.022813354 
27 -19 10 21 0.022788903 
594 409 6 14 0.02277065 
556 348 9 21 0.022729278 
271 205 8 25 0.02272896 
884 182 11 27 0.02270565 
82 173 9 16 0.022703115 
948 374 9 23 0.022662656 
975 234 10 23 0.022649987 
360 167 11 26 0.022643493 
648 474 5 10 0.022619093 
322 172 9 17 0.022595871 
-51 622 275 325 0.022586681 
184 262 6 22 0.022568742 
297 -7 10 20 0.022545876 
322 -7 9 19 0.022535937 
529 22 8 16 0.022535402 
539 251 10 20 0.022521866 
424 411 8 20 0.022503756 
447 139 13 31 0.02249411 
517 354 5 13 0.022490628 
964 610 7 16 0.022486832 
614 177 13 34 0.022454059 
525 192 12 27 0.022442775 
948 344 9 32 0.02242975 
322 62 11 30 0.022420581 
412 427 7 18 0.022410383 
421 39 12 30 0.022407146 
504 353 6 15 0.022384396 
510 217 13 29 0.022376966 
414 511 4 10 0.022362767 
510 64 18 34 0.022350464 
748 615 5 10 0.022347756 
810 273 11 22 0.022341631 
575 144 11 25 0.02234115 
951 118 12 23 0.022315344 
146 215 6 13 0.02231225 
794 38 16 32 0.02228733 
846 585 8 17 0.022286031 
446 3 14 22 0.022265505 
442 512 3 9 0.022263993 
194 139 10 29 0.022258846 
159 216 5 11 0.022255505 
860 66 10 23 0.022248533 
1012 146 11 21 0.02224567 
939 279 8 34 0.022236384 
339 486 4 8 0.022231808 
470 663 3 13 0.022222033 
609 603 4 7 0.022222005 
456 513 3 8 0.02219147 
239 23 27 85 0.0221873 
603 337 9 22 0.022160733 
54 193 8 10 0.022160502 
98 512 3 7 0.022122603 
296 7 33 81 0.02209348 
601 99 13 35 0.022085132 
593 523 5 10 0.022052076 
613 47 32 87 0.022047842 
414 137 8 20 0.022044731 
385 207 11 23 0.022038817 
952 624 7 18 0.022031618 
519 550 4 7 0.022008816 
161 204 5 10 0.021971937 
462 5 10 19 0.021969195 
412 74 9 16 0.021964105 
339 498 4 8 0.02196302 
660 576 4 10 0.02196032 
308 63 10 28 0.021938225 
295 198 11 29 0.021933611 
987 182 10 26 0.021894274 
913 674 7 11 0.021893915 
1001 518 7 24 0.021884289 
857 216 15 39 0.021868179 
25 169 9 27 0.021866985 
298 357 8 12 0.02185317 
507 513 4 8 0.021849934 
585 445 5 15 0.021846268 
96 397 4 12 0.02184407 
822 488 7 21 0.02182858 
581 685 7 12 0.021821937 
394 3 13 25 0.021815812 
290 280 4 12 0.0218045 
444 525 3 9 0.021792782 
712 440 40 110 0.021788895 
834 220 11 26 0.021788443 
639 40 13 31 0.021752225 
26 155 9 27 0.021746552 
633 207 8 25 0.021738809 
780 29 13 26 0.021732565 
71 422 4 12 0.021727033 
813 640 5 9 0.021720055 
505 627 3 9 0.021716911 
784 611 8 15 0.02170574 
969 631 18 30 0.021703007 
321 91 11 23 0.021699328 
455 418 5 13 0.02169079 
301 488 4 7 0.021677338 
658 589 4 9 0.021668699 
742 66 12 28 0.021644708 
220 356 7 12 0.021615418 
728 132 15 39 0.02160259 
176 356 3 12 0.021587154 
714 38 30 64 0.021581175 
453 405 6 14 0.021578778 
673 88 31 72 0.02156495 
566 424 9 25 0.021562817 
391 505 6 14 0.021558333 
692 115 15 36 0.021554101 
709 605 4 8 0.021554032 
476 7 8 18 0.021541255 
85 409 4 13 0.021540131 
846 259 10 25 0.021540098 
290 268 4 12 0.021532957 
771 582 9 19 0.02152204 
845 163 14 31 0.021515008 
268 132 10 19 0.021510083 
489 298 7 19 0.021504192 
400 506 6 13 0.021488301 
735 653 5 7 0.021482 
832 377 12 40 0.021480547 
528 379 7 17 0.021462401 
17 548 4 14 0.021448074 
664 87 14 35 0.021441273 
521 246 16 27 0.021440864 
197 301 6 20 0.021427212 
251 500 3 6 0.021402389 
399 456 6 15 0.021393312 
915 640 5 9 0.021372572 
704 274 12 37 0.021346666 
604 350 9 21 0.021330396 
45 451 3 6 0.021317756 
352 626 4 18 0.021300908 
950 155 12 25 0.021297265 
159 512 4 8 0.021295013 
662 561 4 11 0.021293513 
386 195 11 22 0.02128873 
40 419 6 14 0.02128496 
414 122 9 22 0.021283085 
362 6 8 21 0.02127448 
883 204 13 35 0.021258907 
706 337 9 28 0.021256724 
144 226 8 18 0.021246256 
803 337 14 49 0.021245291 
187 557 4 13 0.021243803 
506 258 80 123 0.021237856 
107 29 7 23 0.021235272 
278 293 4 14 0.021232108 
656 -33 7 18 0.021219537 
604 250 8 16 0.02120767 
270 1 10 26 0.021203868 
716 148 14 37 0.021199422 
352 509 5 13 0.021194628 
872 170 9 22 0.02118756 
1015 467 8 22 0.021175189 
20 435 4 11 0.02115441 
604 298 8 18 0.021112734 
386 274 9 18 0.021110402 
989 158 8 18 0.021106819 
97 526 4 8 0.021064015 
326 500 3 7 0.021040142 
118 146 9 21 0.021037519 
364 196 7 18 0.021025721 
200 476 3 5 0.021021439 
384 84 12 19 0.021007271 
352 462 4 7 0.02100689 
630 191 10 28 0.021001993 
899 625 7 13 0.020971145 
324 110 10 19 0.020963501 
415 445 6 15 0.02095117 
341 462 4 7 0.020942625 
775 641 4 7 0.02093593 
289 500 4 7 0.020922722 
665 62 13 33 0.02091886 
902 652 5 10 0.020916143 
1017 516 8 23 0.020915173 
349 18 9 24 0.020909972 
171 271 7 25 0.020897783 
543 86 24 35 0.020894615 
925 675 7 12 0.020889474 
303 10 16 35 0.02088499 
302 452 4 6 0.02088387 
264 500 3 7 0.020873971 
14 -8 13 31 0.020871902 
351 648 5 18 0.020843828 
745 -35 8 20 0.020800345 
723 617 4 8 0.02078951 
651 213 15 41 0.020787837 
320 15 12 30 0.020778356 
397 106 11 22 0.020758795 
53 157 12 22 0.02075588 
519 577 3 7 0.020751925 
492 353 5 15 0.020747542 
208 160 9 19 0.020724192 
20 522 4 12 0.020708654 
544 169 11 23 0.020685127 
517 366 7 18 0.020663545 
909 164 11 28 0.0206574 
295 330 10 16 0.02065003 
106 2 9 23 0.020620158 
528 185 9 19 0.020610299 
313 225 7 18 0.020590313 
1009 220 15 23 0.020584108 
553 217 10 26 0.020583728 
638 366 14 39 0.02056612 
539 296 9 19 0.020563321 
213 511 3 9 0.020549837 
981 212 19 34 0.02054905 
361 147 38 74 0.020537123 
590 156 10 23 0.02053616 
979 -14 5 14 0.020527761 
202 511 3 8 0.020497557 
603 221 8 22 0.0204951 
482 512 3 9 0.020488672 
983 236 14 23 0.020458385 
425 444 6 17 0.020451797 
937 640 8 15 0.020451283 
351 238 10 18 0.020434536 
584 551 4 8 0.020394096 
157 227 7 16 0.020342872 
334 194 10 23 0.020328468 
697 22 34 71 0.020304136 
661 177 84 155 0.020279204 
331 358 13 29 0.02026631 
965 386 10 23 0.020261612 
672 666 4 7 0.020261541 
991 569 7 20 0.02025439 
27 -190 196 151 0.020251988 
594 564 4 8 0.020231398 
401 483 6 13 0.020219313 
518 447 5 12 0.020218188 
456 526 3 8 0.020216923 
394 398 4 10 0.020212786 
895 181 12 27 0.020205932 
199 488 3 6 0.020202061 
534 124 16 27 0.020182619 
52 211 9 15 0.020179743 
993 215 20 32 0.020178013 
68 174 9 14 0.020144463 
542 160 9 22 0.020133737 
964 345 11 29 0.020124016 
520 564 3 7 0.020106979 
497 230 15 30 0.020093806 
832 81 12 23 0.020084614 
532 540 3 6 0.020075362 
403 315 7 14 0.020069368 
371 169 11 24 0.020053167 
698 656 4 6 0.02005139 
607 676 5 9 0.020020308 
412 108 9 21 0.020011682 
989 504 6 24 0.020001408 
210 334 6 11 0.019934714 
643 -33 7 18 0.019933064 
799 628 5 10 0.019906055 
1003 505 5 19 0.01989917 
1017 567 8 24 0.019886814 
862 637 5 11 0.01986955 
550 113 14 26 0.019858865 
988 544 9 30 0.019847203 
121 395 4 11 0.019812858 
402 333 7 13 0.019805942 
107 149 7 17 0.019770661 
843 474 10 26 0.019761723 
391 16 17 32 0.019755155 
495 640 3 9 0.01975171 
365 624 5 20 0.019751253 
504 45 34 67 0.019714985 
322 206 9 22 0.01969793 
315 487 3 8 0.01969283 
690 272 14 39 0.019689785 
341 648 4 18 0.01968207 
640 238 12 37 0.019673776 
529 415 8 19 0.019638445 
308 92 10 22 0.019637333 
542 717 6 10 0.01962768 
52 143 11 21 0.019622127 
998 175 13 30 0.019606687 
397 70 11 22 0.019603856 
226 524 3 9 0.019585412 
509 134 15 32 0.019568004 
901 674 6 11 0.019565703 
988 169 9 23 0.019554261 
606 496 5 11 0.019551648 
968 277 76 131 0.019532828 
56 661 6 18 0.019526768 
186 180 5 12 0.019485077 
589 37 27 65 0.019480482 
568 235 7 21 0.019477544 
405 288 6 15 0.019455476 
749 557 6 16 0.019432193 
835 167 32 70 0.019427294 
865 210 19 47 0.019413486 
616 478 7 15 0.019407494 
205 7 10 22 0.019404069 
832 20 157 244 0.019366723 
483 528 3 7 0.019352036 
436 44 10 25 0.019348867 
724 665 4 8 0.019341834 
711 574 6 10 0.019325532 
512 246 15 24 0.019325158 
468 405 5 15 0.01932447 
532 551 3 7 0.01932052 
390 483 6 13 0.019320443 
575 158 11 23 0.019316928 
301 422 4 10 0.019288601 
1003 323 8 22 0.019259349 
307 108 12 24 0.019251456 
387 159 9 18 0.019216325 
418 457 5 13 0.019200169 
625 405 13 35 0.019147176 
490 275 33 75 0.019146243 
663 184 16 40 0.01914377 
737 578 5 9 0.019127326 
40 156 10 22 0.019089105 
375 -5 8 17 0.019088807 
503 484 5 11 0.019085834 
378 510 5 11 0.019080533 
193 257 11 33 0.019080328 
446 190 29 59 0.019065762 
363 181 9 22 0.019060196 
514 277 14 31 0.019046595 
923 365 9 23 0.019044362 
349 247 11 21 0.019025551 
24 128 12 27 0.01901903 
481 676 3 12 0.01900523 
333 179 12 26 0.018989867 
20 498 3 9 0.018983483 
912 143 11 25 0.018978855 
420 15 14 25 0.01896064 
37 132 11 20 0.018950513 
760 480 9 21 0.018945618 
295 314 9 18 0.018945368 
391 497 7 15 0.01894071 
833 201 12 29 0.01893578 
393 48 98 98 0.018926766 
914 667 5 9 0.018923914 
663 35 15 38 0.01891929 
919 146 14 36 0.018918378 
158 190 5 12 0.01891413 
387 172 10 21 0.018886449 
109 512 3 7 0.018883085 
819 340 13 46 0.018878974 
350 213 8 15 0.018871762 
79 -7 8 21 0.018857552 
346 177 12 28 0.018856574 
986 89 13 27 0.018853609 
888 651 6 12 0.01883662 
757 583 8 17 0.018834699 
331 77 12 27 0.01883184 
85 502 3 5 0.018824257 
294 339 13 19 0.018822303 
429 499 4 9 0.018817162 
312 391 6 16 0.018816864 
619 603 4 8 0.018810868 
276 512 4 8 0.0187994 
951 178 11 25 0.018795066 
213 526 3 8 0.018788254 
336 -7 8 18 0.01877284 
160 498 4 8 0.018759435 
344 61 13 32 0.01875606 
475 140 11 25 0.018733501 
384 287 9 17 0.01872662 
314 451 4 7 0.018714406 
620 268 6 11 0.018711653 
573 461 5 12 0.018696949 
534 32 34 57 0.018686647 
463 125 13 28 0.018675065 
387 341 9 15 0.01866827 
506 615 3 8 0.018665273 
286 135 8 17 0.018632455 
439 413 6 17 0.018629432 
593 576 5 8 0.018603614 
821 447 9 27 0.018594641 
54 400 9 24 0.018579697 
875 637 6 12 0.018557975 
27 219 11 28 0.018557478 
604 237 7 18 0.01855337 
527 308 9 19 0.018548565 
524 217 13 30 0.018543726 
320 7 32 76 0.018530658 
8 237 16 47 0.018527504 
302 501 4 8 0.018511651 
745 571 8 15 0.018502938 
730 459 11 30 0.01850118 
442 443 5 15 0.018495169 
952 308 7 27 0.018486286 
110 527 3 7 0.018482873 
7 165 25 94 0.018479636 
399 471 7 15 0.01846287 
72 534 3 9 0.018435473 
214 221 13 30 0.01842652 
57 525 4 7 0.018423777 
985 621 12 23 0.018420463 
479 -17 6 17 0.018397208 
347 99 9 18 0.018388668 
727 350 25 76 0.01834659 
514 171 10 19 0.018345315 
250 513 4 8 0.018326797 
822 148 30 63 0.01832168 
494 514 3 7 0.018318398 
507 641 3 7 0.0183183 
258 145 9 18 0.018316524 
6 485 4 10 0.018299084 
638 15 14 26 0.01827697 
435 162 14 30 0.018261483 
201 526 3 9 0.018258378 
636 47 36 80 0.018257882 
8 265 14 62 0.018248223 
5 545 4 17 0.01824216 
378 165 37 69 0.018231962 
301 405 5 12 0.01822074 
409 50 13 28 0.018215893 
350 288 10 20 0.018204177 
362 509 5 13 0.018193858 
448 44 11 23 0.01817588 
129 129 10 29 0.018169966 
275 155 6 12 0.0181456 
235 334 5 10 0.0181441 
385 328 8 13 0.018124 
54 647 7 19 0.018114392 
528 403 9 20 0.018109012 
696 427 7 24 0.018103128 
774 629 5 9 0.018063711 
161 386 3 7 0.018055717 
654 72 32 75 0.018041385 
744 100 28 63 0.018034587 
761 504 8 18 0.018025698 
762 615 5 10 0.018009212 
1015 252 8 18 0.017986672 
1013 649 13 27 0.017960412 
449 68 38 64 0.017945541 
542 191 10 25 0.017932909 
404 523 4 10 0.017907154 
677 184 16 36 0.017883806 
651 262 14 40 0.017872326 
936 673 9 14 0.017829632 
159 524 4 8 0.017793493 
334 95 10 21 0.017788522 
782 571 10 19 0.01777781 
410 139 32 65 0.017774679 
981 630 19 33 0.017755177 
231 208 11 22 0.017738841 
608 146 35 77 0.017726028 
619 525 4 9 0.017698739 
186 486 3 7 0.017683417 
409 2 12 22 0.017674873 
485 120 34 67 0.017610775 
526 391 9 20 0.017606681 
580 704 7 11 0.017602427 
543 314 7 15 0.017590811 
651 287 15 37 0.017586816 
71 527 4 7 0.017586272 
709 450 9 23 0.017576355 
6 472 4 11 0.017575575 
605 83 30 73 0.01757112 
327 487 3 8 0.017541677 
202 239 16 43 0.017538816 
779 51 94 120 0.017531596 
731 172 25 69 0.01749871 
665 182 34 75 0.01748068 
705 99 16 35 0.017429449 
821 396 11 37 0.01742938 
360 30 15 39 0.01742636 
996 192 15 34 0.017417267 
1010 415 10 20 0.01741628 
11 37 11 36 0.017381087 
727 131 31 68 0.017379018 
827 282 13 31 0.01737875 
864 674 5 10 0.017376607 
206 312 8 20 0.017374134 
750 550 5 13 0.01737218 
398 120 10 20 0.017366907 
677 250 13 36 0.017362807 
538 218 11 27 0.017342893 
198 551 4 9 0.017342608 
4 508 5 13 0.01733238 
553 233 9 23 0.017323611 
669 240 33 85 0.017312227 
448 150 33 54 0.017311124 
964 622 8 18 0.017306913 
34 -36 14 23 0.017304206 
222 372 5 10 0.017280957 
757 -34 9 19 0.017277071 
925 -15 7 15 0.017268887 
520 590 3 7 0.017249633 
289 166 26 49 0.017229434 
557 488 3 9 0.017228223 
697 665 5 7 0.017208904 
186 551 4 8 0.01720819 
644 172 32 82 0.017204616 
1014 236 10 19 0.017199947 
33 486 3 7 0.017185252 
415 486 5 10 0.017149149 
65 133 12 21 0.01714449 
1013 -39 11 30 0.017135574 
749 667 4 7 0.01713111 
348 197 9 20 0.017114144 
595 591 3 7 0.017108597 
849 651 6 13 0.01708651 
680 85 14 37 0.017086206 
422 4 12 19 0.017068358 
393 382 4 11 0.017062942 
551 192 83 141 0.017053725 
223 336 5 9 0.017017012 
283 201 10 27 0.017014906 
494 485 5 10 0.016990086 
391 522 4 12 0.016987124 
678 61 16 39 0.016984943 
845 419 11 39 0.016971525 
621 675 5 10 0.016950505 
630 -33 8 18 0.016946502 
147 95 6 22 0.016932795 
594 171 81 137 0.016919719 
256 2 12 26 0.016916674 
4 522 5 15 0.016908865 
902 667 5 9 0.016890755 
210 558 4 13 0.016888008 
7 -185 63 106 0.016874662 
30 419 6 15 0.016871959 
309 342 11 18 0.016870344 
951 131 11 21 0.01686564 
245 218 9 27 0.016856264 
83 534 4 9 0.01685572 
788 642 4 7 0.016855516 
333 144 36 66 0.016839482 
554 454 6 18 0.016823051 
914 653 5 9 0.016814206 
1002 340 7 21 0.016813647 
695 440 7 22 0.016775776 
555 716 6 11 0.016763596 
720 -193 229 129 0.016759558 
30 186 6 18 0.01675551 
479 416 5 15 0.016733494 
288 254 5 15 0.016727598 
274 522 4 10 0.016723126 
429 548 4 11 0.016721755 
6 496 4 12 0.016718816 
531 706 5 9 0.016703162 
513 379 10 21 0.01669916 
483 540 4 6 0.01669688 
770 74 29 62 0.01666651 
759 599 7 13 0.016641863 
933 152 13 31 0.016635623 
758 344 10 30 0.016603094 
405 304 5 13 0.01659086 
345 358 13 29 0.016582841 
641 254 33 84 0.016561648 
996 233 14 22 0.01656053 
254 22 27 81 0.016550925 
797 654 6 9 0.016536752 
465 -16 6 16 0.016505226 
735 667 5 7 0.016501652 
43 434 4 10 0.016497975 
532 513 4 9 0.016488802 
628 443 8 18 0.01647169 
439 5 11 18 0.016452242 
532 527 3 7 0.016444396 
527 174 10 19 0.016412713 
59 489 3 6 0.016370691 
862 127 27 65 0.016357122 
359 95 38 54 0.016344652 
479 473 4 10 0.01633179 
972 305 27 75 0.016300492 
974 621 11 20 0.016289484 
939 628 7 14 0.016280502 
653 365 14 40 0.016245836 
493 551 4 7 0.016235763 
455 637 5 16 0.016199458 
723 602 5 9 0.016191088 
109 545 4 13 0.016179416 
869 68 29 51 0.016176283 
690 97 16 34 0.016166413 
835 428 10 38 0.016161097 
753 378 14 41 0.016159156 
6 460 4 11 0.016148241 
902 184 26 64 0.01613967 
518 616 4 6 0.016132176 
54 227 8 14 0.016131788 
746 465 8 22 0.01612529 
520 68 21 34 0.016104724 
942 -175 71 69 0.016104667 
519 629 4 7 0.01608591 
80 21 8 17 0.01607929 
153 4 11 22 0.016009906 
429 511 4 9 0.015978377 
321 120 36 53 0.015941197 
335 3 9 22 0.015934004 
468 624 4 14 0.015924582 
984 356 15 32 0.015910706 
633 675 5 10 0.015890576 
997 141 30 68 0.015875708 
368 320 14 22 0.01587371 
519 603 3 7 0.015864097 
454 623 5 15 0.015841406 
961 633 11 23 0.015838478 
850 664 5 10 0.01583635 
351 5 7 20 0.015827851 
616 204 10 27 0.015816772 
135 395 5 10 0.015807414 
314 501 3 7 0.01580542 
889 675 5 10 0.015789725 
10 350 14 58 0.01577172 
174 176 5 14 0.015767 
337 211 7 18 0.015755445 
914 413 8 21 0.015743047 
696 457 7 20 0.01573589 
209 34 27 73 0.01573335 
83 527 4 7 0.01571958 
32 550 4 12 0.015653264 
69 406 6 18 0.015650362 
500 280 11 26 0.015589683 
377 368 5 14 0.015572802 
406 24 15 32 0.015545255 
760 515 7 18 0.015497435 
455 574 4 10 0.015491272 
186 498 3 8 0.015484758 
508 678 4 8 0.015474148 
468 527 3 7 0.015466799 
609 537 5 9 0.015416778 
767 147 25 60 0.015390922 
340 450 5 7 0.01535337 
531 8 86 87 0.015342381 
531 726 5 11 0.015255232 
3 165 10 37 0.015245086 
312 509 5 9 0.01524233 
469 563 3 8 0.015240805 
795 413 11 34 0.015235052 
678 274 13 35 0.015230745 
566 38 27 64 0.015227177 
413 498 6 11 0.015224181 
507 550 3 7 0.015202936 
22 22 14 30 0.015201408 
949 675 8 13 0.015196283 
237 523 4 9 0.015170286 
619 252 7 15 0.015168549 
540 203 11 27 0.015165145 
36 399 10 24 0.01516246 
694 345 23 79 0.015153684 
889 666 5 9 0.015146497 
915 150 29 73 0.015139671 
900 399 9 20 0.0151261175 
40 174 9 16 0.015112903 
876 674 5 11 0.015083619 
238 560 4 12 0.015074276 
620 538 4 8 0.015066147 
672 150 29 61 0.01501953 
684 665 5 7 0.015008275 
591 328 8 18 0.015008184 
658 674 6 12 0.014985412 
442 622 5 18 0.014977389 
173 498 4 9 0.0149524445 
272 -7 8 20 0.014914881 
468 551 3 7 0.0149078835 
512 136 40 77 0.014903262 
760 323 28 86 0.014897265 
501 296 9 20 0.014868713 
52 174 10 16 0.014790201 
270 18 29 80 0.014778949 
875 651 6 11 0.014759141 
595 537 4 9 0.01474095 
348 186 36 66 0.014718148 
401 137 8 17 0.01470349 
426 425 7 19 0.0146871675 
487 244 37 64 0.014670339 
631 460 6 12 0.014661974 
379 522 4 12 0.01463496 
468 575 4 9 0.014627741 
593 685 7 14 0.014622106 
444 561 3 10 0.014594453 
749 518 6 17 0.014585554 
792 4 33 51 0.014556673 
53 133 11 20 0.014554668 
700 605 4 8 0.014532296 
798 324 25 94 0.014530336 
551 277 76 130 0.014493414 
349 303 11 18 0.01449234 
306 294 11 24 0.014466538 
195 281 7 24 0.014438968 
10 767 13 37 0.014438756 
755 553 9 23 0.014432075 
46 488 3 7 0.0144205885 
193 156 10 25 0.014407968 
863 666 5 9 0.014392708 
618 513 5 10 0.0143696 
659 474 4 9 0.014362213 
900 416 7 21 0.0143521195 
173 558 4 12 0.014349723 
672 473 5 11 0.014339631 
39 121 11 21 0.014322765 
769 565 11 26 0.014276464 
842 199 16 34 0.014245396 
451 -15 8 15 0.01423886 
32 523 4 10 0.014229401 
482 612 3 12 0.014208759 
577 -191 240 119 0.014200173 
711 586 5 10 0.0141883455 
530 718 5 9 0.014179436 
517 458 5 13 0.014173085 
755 565 10 24 0.014143349 
754 159 24 61 0.0141401645 
948 658 9 15 0.014135645 
516 310 32 71 0.014129686 
742 15 30 62 0.014101418 
750 653 4 7 0.014100595 
532 66 23 34 0.01405074 
287 522 5 10 0.014044294 
787 629 5 10 0.014026531 
617 221 9 22 0.014016919 
926 628 6 13 0.01398239 
321 377 8 17 0.013974202 
358 79 13 27 0.0139660295 
300 165 33 68 0.013958271 
264 513 3 8 0.013953972 
563 96 28 63 0.013951865 
364 649 5 18 0.013951217 
851 674 5 11 0.013947183 
-16 330 210 210 0.0139412945 
250 571 4 16 0.0139040975 
901 47 85 129 0.0139030265 
527 94 28 37 0.013893316 
837 380 29 81 0.013891089 
195 6 10 21 0.013884591 
535 312 32 70 0.013873026 
750 535 5 14 0.013867737 
464 132 34 63 0.01386125 
621 357 28 73 0.01385687 
1 186 56 133 0.013828373 
223 41 25 73 0.013827098 
728 474 12 32 0.013824641 
470 215 26 68 0.013811204 
403 171 32 62 0.0138092665 
340 562 4 13 0.01378283 
379 535 4 13 0.013775637 
436 24 14 29 0.013771925 
871 193 29 81 0.013771745 
9 112 16 43 0.013770386 
65 4 10 18 0.013767794 
58 534 4 9 0.013757666 
71 501 3 5 0.0137574915 
853 388 29 74 0.013751683 
14 341 41 93 0.0136963185 
524 136 15 30 0.013674022 
479 431 5 14 0.013661821 
990 743 36 104 0.013659379 
547 108 30 65 0.01365144 
507 578 3 6 0.013597867 
506 590 3 7 0.013581659 
93 4 8 20 0.013580215 
416 471 5 13 0.013576549 
287 512 5 8 0.013556723 
332 28 37 79 0.013549914 
921 252 12 40 0.013544859 
70 662 5 20 0.013536987 
507 603 3 7 0.013533639 
566 715 8 10 0.013527752 
300 242 6 15 0.013525963 
720 309 9 27 0.013521969 
287 535 5 11 0.013513219 
292 -180 337 109 0.013506711 
757 547 7 16 0.013496936 
238 572 4 14 0.013493947 
365 535 4 12 0.013464127 
467 541 3 6 0.013460282 
804 294 27 73 0.013459067 
271 218 7 28 0.013439062 
632 471 5 11 0.013437507 
839 665 4 9 0.013425224 
275 535 5 11 0.013408181 
481 687 4 15 0.013407299 
239 110 29 57 0.013399732 
302 509 4 9 0.013357466 
224 559 4 12 0.013355338 
632 292 27 72 0.0133448215 
136 18 24 84 0.013270859 
84 515 4 5 0.013269154 
174 333 4 14 0.013262351 
711 655 4 6 0.0132603785 
970 649 17 28 0.013259131 
93 30 7 21 0.013258944 
838 652 6 10 0.01324747 
146 75 7 32 0.013247221 
377 448 5 9 0.013229611 
86 230 23 88 0.013229581 
-6 -218 119 244 0.013225877 
426 56 32 55 0.013219525 
83 663 5 21 0.013209577 
178 230 26 78 0.013185222 
805 375 14 49 0.013177555 
863 652 6 11 0.0131476885 
46 524 4 8 0.0131289065 
595 552 4 8 0.013128103 
456 650 4 15 0.013119395 
627 81 30 73 0.013115908 
570 441 7 20 0.013114776 
315 535 5 10 0.013103426 
701 155 28 65 0.013102096 
283 49 31 75 0.01310154 
593 107 28 62 0.013090176 
25 -38 14 25 0.013078537 
32 536 4 11 0.013053764 
897 423 10 31 0.013037279 
951 330 7 23 0.013008558 
367 461 4 8 0.012968385 
376 637 4 17 0.012963661 
1000 -39 9 30 0.012931906 
440 427 5 16 0.012909885 
25 356 12 41 0.012899424 
646 675 5 10 0.012894956 
359 363 10 21 0.012880399 
556 284 28 61 0.012868969 
264 306 4 14 0.01286293 
1010 192 16 29 0.012859438 
876 666 5 9 0.0128434785 
743 341 31 84 0.0128221195 
618 -32 7 18 0.012816875 
202 77 30 71 0.012811683 
542 725 7 12 0.012765989 
159 557 4 14 0.012758311 
7 446 4 11 0.01275101 
297 221 8 22 0.012725781 
200 537 4 10 0.0127255 
352 521 5 11 0.012717582 
709 183 26 68 0.012707625 
118 132 9 24 0.0127016 
173 370 4 11 0.012691995 
724 587 4 10 0.012691612 
220 7 10 19 0.012683913 
336 304 9 17 0.012674858 
777 168 29 69 0.012672 
757 96 26 51 0.012671313 
295 66 36 73 0.012648701 
371 81 14 24 0.012644622 
230 221 12 25 0.012627125 
638 387 15 42 0.012595354 
9 -106 14 45 0.012594504 
996 647 15 30 0.012580304 
537 140 14 28 0.012537061 
579 82 30 64 0.012517684 
45 536 4 10 0.012516127 
392 535 4 13 0.012512391 
326 510 4 8 0.01250913 
546 201 32 76 0.012490546 
404 535 4 12 0.012486202 
394 45 15 33 0.012470754 
317 158 37 77 0.012439148 
283 116 96 99 0.012435913 
670 674 7 13 0.0123699475 
355 232 26 53 0.012365438 
67 374 99 123 0.012349535 
384 303 8 15 0.012312002 
879 154 34 74 0.012305277 
92 -6 8 19 0.012295255 
72 515 3 6 0.012294092 
11 -55 19 35 0.012289986 
1012 -142 14 36 0.012289639 
403 153 7 12 0.012287736 
43 663 6 16 0.012274029 
483 200 29 60 0.012263822 
489 57 29 64 0.012260928 
718 459 12 28 0.01224417 
597 58 28 69 0.012236272 
3 188 9 39 0.01222086 
95 663 6 23 0.012211474 
798 662 6 10 0.012191975 
24 -62 13 24 0.012189861 
566 192 29 76 0.012180563 
518 431 7 15 0.0121391 
153 262 12 36 0.012134052 
489 413 8 19 0.012131576 
2 11 10 36 0.012129194 
556 471 5 13 0.012121231 
709 666 5 7 0.012107423 
16 412 8 25 0.012103395 
175 509 3 9 0.012092858 
698 251 27 73 0.012079426 
270 97 34 64 0.0120760985 
281 136 36 57 0.012057147 
309 317 9 16 0.012056268 
761 652 4 8 0.012046513 
657 125 31 63 0.012040584 
826 391 25 81 0.01202848 
363 523 5 11 0.012021501 
32 509 5 10 0.012015273 
17 675 7 22 0.011983774 
682 561 5 11 0.011980906 
249 536 4 11 0.0119749345 
332 285 12 23 0.011968246 
493 602 3 9 0.01196191 
376 37 36 68 0.011961363 
532 169 34 73 0.011955713 
32 500 4 8 0.01195391 
759 666 5 8 0.011948831 
956 152 27 58 0.011938775 
641 104 29 70 0.01192075 
771 -33 8 18 0.011914438 
12 728 13 41 0.011897284 
507 566 3 6 0.011884012 
622 9 35 77 0.011860585 
672 549 4 9 0.011859529 
617 495 6 13 0.011858667 
57 515 4 6 0.011853015 
417 75 29 62 0.011851183 
897 126 30 69 0.011844372 
747 479 8 21 0.011815877 
856 254 13 34 0.011814268 
663 339 27 78 0.011812017 
913 627 6 13 0.011790447 
592 167 33 73 0.011786237 
16 646 7 18 0.01178586 
984 169 36 73 0.011785126 
312 525 6 9 0.011782077 
514 397 11 25 0.011781984 
482 551 4 7 0.011777277 
545 414 30 71 0.011758455 
562 355 33 66 0.011746249 
973 668 12 18 0.011732199 
417 547 4 12 0.011713565 
310 329 10 16 0.011706639 
379 76 36 61 0.01170611 
302 435 4 9 0.011703638 
43 649 6 15 0.01168288 
812 159 26 65 0.011682621 
838 366 162 268 0.011670923 
189 211 24 69 0.011644923 
250 320 5 13 0.011632719 
446 39 35 61 0.011630577 
691 375 13 43 0.011629289 
317 52 35 72 0.011627331 
250 523 3 9 0.011621924 
762 497 6 14 0.011613696 
621 225 138 272 0.011607145 
56 674 6 18 0.011595896 
375 353 8 16 0.0115921 
560 403 30 75 0.011585125 
207 296 9 25 0.011548865 
1009 -73 14 51 0.0115480535 
758 532 8 19 0.01154128 
381 39 17 38 0.011519123 
321 300 9 20 0.011512744 
1005 94 28 60 0.011502446 
193 95 25 66 0.011490279 
276 280 5 14 0.01148394 
611 376 25 67 0.01144114 
350 536 5 12 0.011427756 
824 350 26 81 0.01140182 
618 237 7 18 0.011374185 
198 21 26 59 0.011361752 
747 674 6 13 0.011345807 
895 -174 194 329 0.011345448 
210 550 4 10 0.011332594 
665 286 15 39 0.011326532 
720 577 5 9 0.011322835 
13 104 44 71 0.011314432 
219 79 33 72 0.011313733 
998 672 11 19 0.011307322 
519 690 4 9 0.011306918 
575 117 32 66 0.011284749 
262 571 5 15 0.011276426 
579 680 312 281 0.011273437 
341 547 4 10 0.0112714935 
250 561 3 13 0.011264369 
755 4 31 57 0.011258098 
427 187 29 61 0.01125663 
647 328 30 73 0.011234567 
122 -189 282 116 0.011232183 
683 472 5 14 0.011216344 
736 565 6 12 0.01121101 
145 385 5 9 0.011208525 
30 649 6 15 0.011193616 
639 212 28 77 0.011186067 
486 158 34 65 0.011182944 
230 7 11 20 0.01118288 
739 546 39 75 0.01116838 
270 160 30 51 0.011164109 
694 338 8 29 0.011151479 
295 285 42 69 0.011150489 
996 692 16 36 0.011142754 
664 262 14 36 0.011129405 
839 674 5 11 0.01112824 
627 124 30 74 0.011110676 
666 333 12 36 0.01109081 
36 252 14 35 0.01108864 
742 161 148 243 0.011088619 
645 10 33 70 0.011087244 
329 450 3 7 0.0110862665 
497 197 33 65 0.011084323 
469 674 4 15 0.010993619 
1 240 27 111 0.010990342 
695 299 86 150 0.0109837465 
856 31 27 61 0.010972288 
45 513 4 7 0.0109654395 
772 3 32 55 0.010948812 
438 -15 8 15 0.010918893 
910 94 29 53 0.01090547 
486 364 33 64 0.010887292 
493 678 4 9 0.01088244 
43 675 6 16 0.010881446 
384 317 8 14 0.010881147 
494 565 3 7 0.01087194 
52 357 35 94 0.010863098 
960 622 38 55 0.010857355 
822 117 31 57 0.010837192 
339 509 5 10 0.010821909 
70 648 6 18 0.010820791 
873 100 26 54 0.010813495 
351 547 4 11 0.0108090015 
245 5 11 24 0.010792607 
527 154 11 25 0.010784119 
965 348 31 61 0.010781774 
83 646 6 18 0.010780214 
795 399 28 76 0.010762405 
284 218 8 26 0.010759872 
988 -35 8 23 0.010757695 
937 -15 8 15 0.010756397 
346 312 16 24 0.010745456 
688 205 28 72 0.010740694 
312 437 5 9 0.01071436 
30 674 6 19 0.010705846 
648 482 5 12 0.010702489 
249 547 4 13 0.010649883 
467 612 4 14 0.010649295 
817 305 18 45 0.0106478585 
890 196 25 79 0.010634144 
546 343 26 64 0.010625798 
963 674 8 13 0.01061695 
809 95 89 129 0.01057684 
253 99 31 62 0.010569721 
516 411 10 23 0.010567995 
172 295 6 25 0.010555876 
133 239 29 81 0.010525351 
618 327 28 66 0.010518461 
813 653 5 8 0.010473799 
58 501 4 5 0.010462726 
497 1 165 160 0.010456142 
707 467 7 20 0.0104543455 
791 419 104 146 0.010451506 
466 273 27 68 0.010442933 
516 21 34 56 0.010428274 
698 588 4 9 0.010418683 
31 662 5 17 0.010412835 
335 92 36 58 0.0104117375 
52 634 9 22 0.010390559 
264 522 4 9 0.010390353 
134 142 128 221 0.010389682 
172 538 4 9 0.0103632165 
708 427 27 66 0.01033813 
608 590 4 8 0.010300242 
33 368 13 33 0.010289564 
880 596 12 20 0.010272233 
969 174 26 64 0.010265564 
856 158 32 73 0.010261708 
608 551 4 8 0.010259762 
1002 609 28 62 0.0102467155 
965 669 52 83 0.010244816 
725 219 24 71 0.01024032 
500 471 7 14 0.0102393 
699 381 28 82 0.01023842 
698 576 5 10 0.010201493 
147 556 4 15 0.010191968 
237 536 4 10 0.010188193 
407 4 32 63 0.010153321 
750 59 30 64 0.010114396 
469 372 28 65 0.010110502 
370 334 12 20 0.010098901 
812 665 4 8 0.010096576 
25 242 13 32 0.010088114 
477 251 24 57 0.010078413 
572 159 33 68 0.010055966 
775 390 33 77 0.010043248 
202 115 28 66 0.010034572 
646 577 4 10 0.010024846 
620 549 4 8 0.010011085 
