31_Waiter_Waitress_Waiter_Waitress_31_267
129
449 116 166 193 0.9997652 
576 114 94 117 0.062395446 
621 415 6 32 0.050301652 
377 415 6 29 0.047084916 
-15 -12 145 311 0.04429482 
633 427 6 32 0.04199223 
378 431 5 26 0.040156536 
376 401 5 31 0.03920785 
365 414 6 32 0.03896618 
863 670 216 473 0.03437505 
325 377 5 27 0.033415854 
480 431 4 24 0.030835263 
324 362 6 28 0.029168691 
323 400 7 33 0.028324712 
583 123 152 226 0.027459292 
340 375 5 28 0.027066948 
392 415 5 27 0.027034529 
913 439 170 462 0.026838092 
621 441 6 29 0.02621273 
608 429 5 28 0.025654044 
927 -39 145 457 0.02506885 
468 432 4 21 0.02374031 
494 431 5 22 0.02342842 
429 434 4 18 0.023019293 
379 445 4 20 0.02284519 
210 531 8 34 0.022732427 
351 414 6 33 0.022528293 
140 667 47 81 0.022338048 
443 432 3 18 0.02072814 
312 403 5 29 0.020690985 
337 399 7 35 0.02068351 
468 419 4 19 0.020243429 
391 432 4 21 0.019758876 
404 418 5 22 0.019482706 
825 320 5 14 0.019130034 
722 1008 6 17 0.019071313 
366 443 6 27 0.018921796 
404 402 5 27 0.018659221 
622 406 4 20 0.01840805 
507 429 4 21 0.018392377 
826 333 4 13 0.018362675 
570 179 89 129 0.018125305 
812 321 5 13 0.01809207 
299 414 5 30 0.018025022 
479 443 5 24 0.017924158 
196 554 8 34 0.01774583 
812 307 5 14 0.017496184 
456 419 4 19 0.01742739 
312 378 6 26 0.017328175 
314 363 5 27 0.017126277 
481 407 4 20 0.016979245 
456 433 4 18 0.01651983 
354 358 5 17 0.016221298 
374 386 6 33 0.015941242 
363 371 6 32 0.015838953 
349 372 8 34 0.015822312 
635 458 5 22 0.015669914 
650 459 4 18 0.015637117 
403 74 5 21 0.015525623 
380 462 4 16 0.01532439 
-43 756 264 393 0.015312652 
392 847 3 11 0.015264317 
393 862 4 11 0.015148141 
391 388 6 31 0.015032926 
481 418 4 21 0.014996044 
826 348 4 11 0.014940867 
621 458 5 24 0.01489923 
811 294 5 15 0.014561283 
506 447 4 19 0.014504649 
800 293 6 15 0.014293942 
647 417 5 23 0.014192834 
467 444 5 24 0.0139937885 
521 526 3 13 0.013942265 
649 447 4 19 0.013939807 
647 430 5 24 0.013886482 
938 289 126 275 0.013880315 
496 4 193 221 0.013638286 
635 475 4 18 0.01353753 
508 416 4 23 0.0134632075 
786 266 6 17 0.0133155845 
417 419 4 19 0.013292737 
784 253 7 19 0.013224415 
365 383 7 36 0.013197573 
730 1008 8 19 0.013119536 
416 75 5 17 0.013099999 
495 419 4 21 0.01307583 
722 1000 4 13 0.012849937 
378 848 4 9 0.012808065 
443 421 3 19 0.012636028 
402 97 5 23 0.012553861 
495 444 4 23 0.012547407 
838 347 4 12 0.012397357 
800 280 6 16 0.012308889 
402 84 5 23 0.012279156 
607 407 5 20 0.012222264 
813 334 5 11 0.012105472 
468 407 4 20 0.011830986 
219 523 8 26 0.01180813 
507 460 4 18 0.011719777 
507 404 4 20 0.011690045 
302 393 4 25 0.011687693 
521 541 3 14 0.011606582 
494 405 4 20 0.011510047 
774 253 7 17 0.011393906 
292 22 1101 1536 0.011229027 
403 389 5 27 0.011227842 
801 307 5 13 0.011146053 
825 308 5 13 0.01112728 
417 61 4 18 0.010921492 
636 488 4 17 0.0108852545 
622 475 4 20 0.010844688 
341 838 3 8 0.010798036 
578 12 456 290 0.010773525 
415 407 4 19 0.010760461 
417 50 5 18 0.010755336 
340 356 5 20 0.010583254 
521 446 4 17 0.010575471 
650 473 3 16 0.010428338 
289 417 4 26 0.010375429 
430 421 4 19 0.010368445 
533 526 3 13 0.010329732 
593 405 5 22 0.0103272265 
580 392 6 25 0.010320367 
454 446 5 21 0.010306827 
595 433 5 23 0.010289865 
360 363 7 25 0.010179474 
406 924 3 11 0.010145897 
774 240 7 18 0.010123747 
367 461 5 20 0.010010924 
