31_Waiter_Waitress_Waiter_Waitress_31_118
3478
370 83 183 199 0.9999039 
141 25 8 27 0.24424066 
74 324 9 25 0.20432311 
94 326 7 21 0.15826607 
651 711 16 32 0.13959439 
678 839 11 18 0.13926041 
693 17 9 18 0.11901771 
142 7 7 19 0.11279 
136 6 6 17 0.108930096 
97 337 7 24 0.10418421 
626 878 309 184 0.09906219 
102 337 8 28 0.09671934 
1015 30 8 21 0.0872595 
69 888 7 22 0.07732475 
196 360 7 31 0.07707326 
80 890 7 23 0.076036684 
929 159 6 15 0.07526859 
283 -1 8 14 0.07522279 
288 100 5 15 0.07484147 
287 122 6 20 0.07404983 
851 111 5 16 0.07266316 
76 317 8 20 0.072369665 
159 98 7 21 0.07236204 
596 378 5 18 0.07142692 
858 5 12 19 0.07124399 
827 367 5 16 0.07083955 
70 735 6 19 0.07055087 
927 99 5 14 0.07048396 
157 310 6 19 0.06974283 
185 359 6 28 0.06946343 
142 0 7 14 0.06911799 
825 239 5 19 0.06846989 
863 123 8 23 0.067940086 
81 748 5 20 0.06716352 
839 356 3 14 0.0670681 
79 738 5 17 0.067064255 
276 124 4 17 0.06684605 
772 610 9 19 0.06662109 
841 368 4 14 0.066616036 
71 316 6 18 0.06567787 
853 367 4 13 0.06537365 
287 110 6 18 0.06470664 
826 382 4 15 0.064627655 
413 581 7 19 0.064531446 
827 147 5 17 0.064455435 
873 9 7 14 0.064064465 
929 86 5 15 0.063351996 
853 293 4 13 0.06321692 
69 746 6 23 0.063189626 
838 112 5 16 0.06264607 
260 0 8 13 0.062392462 
705 259 10 33 0.062181905 
731 -20 157 239 0.06188056 
639 244 10 30 0.061863516 
1003 29 7 20 0.061745692 
853 319 4 12 0.061324973 
928 113 4 12 0.061156254 
208 362 7 29 0.061143477 
287 159 5 20 0.061005004 
828 354 4 16 0.060916778 
272 0 7 13 0.06059284 
853 356 4 13 0.06043265 
298 99 6 15 0.05996714 
168 6 9 23 0.05977867 
93 903 7 19 0.05953043 
939 85 4 15 0.059494253 
640 261 10 31 0.059256125 
839 213 4 16 0.059047025 
828 198 4 19 0.05895315 
979 135 7 20 0.058477756 
827 138 5 17 0.05796572 
839 240 4 16 0.057934143 
872 124 8 19 0.057894472 
101 326 8 24 0.05785468 
864 115 5 14 0.05739344 
825 394 4 14 0.057365377 
224 362 6 24 0.056884363 
828 212 4 18 0.05649944 
988 0 10 16 0.056320272 
825 251 5 19 0.05629739 
68 879 6 21 0.056053575 
1017 43 8 21 0.05541785 
56 880 6 18 0.05540888 
630 243 9 30 0.055090602 
184 10 6 16 0.054731704 
839 125 4 15 0.054520197 
854 306 4 12 0.05450872 
888 11 6 13 0.054414038 
902 364 5 15 0.054259527 
72 335 8 25 0.05414786 
941 61 4 11 0.05411629 
837 164 4 15 0.053965226 
271 59 5 19 0.053892758 
839 227 4 16 0.053751122 
430 446 5 15 0.0536723 
955 52 4 10 0.053650584 
814 381 4 17 0.053531274 
839 150 4 14 0.053490225 
736 457 6 18 0.053446315 
851 99 5 16 0.05245736 
979 126 7 16 0.05230344 
616 341 6 21 0.052266296 
838 345 4 13 0.052196026 
863 152 5 12 0.052078098 
-21 869 165 221 0.051994093 
733 289 6 23 0.05192391 
863 100 5 14 0.05173266 
937 159 6 15 0.051640585 
276 112 5 16 0.051593933 
52 339 9 22 0.051533364 
829 162 4 16 0.05125915 
837 252 5 16 0.051024683 
135 18 7 24 0.051012885 
929 74 4 13 0.050873734 
827 188 4 16 0.050755262 
592 317 7 22 0.050731745 
132 249 7 23 0.050476093 
632 187 6 20 0.050273526 
901 355 5 16 0.05025033 
903 62 5 12 0.05023308 
264 70 5 18 0.05010865 
827 343 4 15 0.050103806 
13 873 8 36 0.05010164 
273 71 5 16 0.050084714 
827 123 5 17 0.04994903 
323 413 7 22 0.049930084 
56 890 6 19 0.0496332 
864 242 4 13 0.049574755 
852 241 5 16 0.049448337 
810 597 6 17 0.049396396 
288 89 5 15 0.049375024 
826 226 5 17 0.049342692 
748 478 7 25 0.049339112 
839 383 4 13 0.049249187 
811 237 6 24 0.04917222 
839 306 3 13 0.049039155 
853 152 4 12 0.049008448 
646 378 7 20 0.04874904 
276 88 5 15 0.048747957 
106 289 6 17 0.048651595 
54 316 8 20 0.048639953 
800 379 5 18 0.04861922 
275 133 4 18 0.048573975 
878 242 4 13 0.048519548 
853 281 4 13 0.04851278 
595 356 4 18 0.04836578 
871 0 7 14 0.048120238 
296 412 8 29 0.048107 
940 98 5 14 0.048099007 
891 35 6 15 0.048054513 
633 148 5 20 0.048034098 
775 379 5 17 0.048029892 
166 105 7 21 0.048014324 
941 484 4 12 0.047938425 
671 739 5 14 0.047843266 
89 297 9 24 0.047744416 
672 750 5 16 0.047659785 
313 71 5 17 0.047555953 
837 97 5 19 0.047506332 
916 62 4 12 0.047469053 
414 557 6 15 0.047461443 
903 72 4 13 0.04741584 
207 563 8 34 0.047410194 
596 364 5 19 0.04732563 
828 110 5 18 0.04725242 
828 174 4 16 0.047153894 
313 60 5 17 0.047131535 
414 573 6 16 0.047035433 
211 352 5 22 0.046918537 
276 160 5 19 0.046863936 
430 420 4 15 0.046823774 
875 137 6 15 0.046775557 
276 100 5 14 0.0467304 
1002 2 7 12 0.04671022 
688 238 14 41 0.046597105 
785 382 5 16 0.046530385 
339 316 5 20 0.046423897 
890 126 6 16 0.046391975 
877 102 5 13 0.0463637 
313 159 5 20 0.046327747 
928 61 4 11 0.046278175 
745 456 6 19 0.04625537 
1017 10 6 15 0.046200898 
865 192 4 12 0.04614572 
851 124 5 15 0.0461394 
942 55 3 9 0.045923423 
719 285 8 29 0.04582575 
582 354 4 17 0.04580441 
853 227 4 15 0.04575814 
105 -1 7 14 0.04560483 
582 341 5 18 0.045545794 
309 -1 12 18 0.045545753 
966 61 5 12 0.045543544 
430 431 5 16 0.04545937 
632 200 6 18 0.045304824 
838 202 4 15 0.04525519 
288 147 6 20 0.04521907 
953 60 5 12 0.045195155 
620 108 6 23 0.04519169 
655 73 13 22 0.045141213 
747 464 6 22 0.04493518 
877 115 5 14 0.0449331 
839 293 4 13 0.04490271 
52 327 9 22 0.044868432 
837 175 5 15 0.04485258 
82 299 9 21 0.044659045 
864 370 4 11 0.044652916 
854 162 4 14 0.044559207 
633 162 5 19 0.04451958 
986 134 7 21 0.04445938 
853 331 4 12 0.044316884 
81 393 5 16 0.044210155 
839 190 4 14 0.044169493 
813 393 5 16 0.044145636 
607 379 5 18 0.044044092 
749 216 5 12 0.043994255 
81 915 7 18 0.043954056 
264 59 5 19 0.043855675 
837 140 5 15 0.043800842 
568 356 4 15 0.04375455 
92 891 7 19 0.043721315 
890 102 5 14 0.04369313 
865 268 4 13 0.043663405 
855 383 3 12 0.04346173 
940 74 4 14 0.043354947 
53 416 6 21 0.043322187 
507 -37 136 198 0.04330205 
889 243 4 12 0.043066625 
606 364 6 20 0.043054305 
320 -1 10 17 0.043043654 
361 57 7 23 0.043017786 
68 302 6 18 0.042949066 
865 227 3 14 0.042846106 
167 311 7 22 0.042840257 
852 252 5 16 0.04282545 
812 420 4 14 0.042660836 
969 14 4 10 0.042584587 
96 916 6 16 0.04258306 
633 175 5 19 0.042533204 
143 341 8 22 0.042479545 
718 378 8 18 0.042362817 
618 736 5 17 0.042326167 
296 132 6 19 0.04223771 
862 161 5 15 0.042214192 
890 60 5 13 0.04214877 
695 842 7 14 0.042115208 
123 891 6 16 0.0420698 
221 388 7 26 0.04197641 
685 792 5 13 0.041849203 
655 261 9 26 0.0416142 
824 261 6 20 0.041557968 
889 47 6 14 0.04154654 
223 375 6 25 0.041534133 
793 592 10 20 0.04147727 
998 159 11 29 0.041441206 
97 407 4 15 0.041429296 
584 379 4 16 0.041336283 
966 52 4 10 0.041290622 
12 908 12 41 0.04124954 
812 407 5 14 0.041098583 
1002 9 7 14 0.04108853 
83 759 6 24 0.04104428 
170 323 7 23 0.040998094 
836 807 7 12 0.04098504 
570 381 4 13 0.04094658 
902 114 5 13 0.040895246 
646 137 5 19 0.04085478 
236 430 5 22 0.04084979 
854 345 4 13 0.040830866 
904 28 4 9 0.040682454 
570 343 4 16 0.04046917 
669 133 7 24 0.040436223 
839 332 3 12 0.040424462 
97 417 4 16 0.04041879 
312 401 7 23 0.040380653 
1014 306 8 17 0.04023685 
940 474 4 11 0.04020457 
144 36 7 25 0.04015413 
827 97 6 19 0.039971087 
913 317 5 15 0.039926585 
853 191 4 13 0.039850283 
71 899 7 21 0.039824866 
620 133 6 23 0.03957604 
917 114 4 12 0.039549626 
632 135 6 21 0.03947505 
965 71 5 15 0.039464585 
621 147 6 21 0.039369497 
919 101 4 13 0.039340284 
610 737 5 16 0.039313823 
209 275 5 18 0.03929825 
864 254 5 14 0.039266963 
658 148 7 21 0.039248515 
98 377 6 18 0.039144002 
888 136 6 15 0.03909114 
288 73 5 16 0.039084166 
951 396 6 16 0.039064784 
589 197 9 26 0.0390421 
865 177 4 14 0.039036952 
197 388 7 25 0.039018616 
155 18 7 21 0.039006516 
80 264 7 18 0.038927775 
809 610 7 17 0.038893078 
927 139 5 14 0.03885719 
55 301 8 19 0.03881267 
889 114 5 13 0.038727768 
839 319 4 13 0.03857997 
608 352 6 21 0.038570363 
1005 356 5 14 0.03850268 
863 23 7 13 0.03848318 
902 102 5 14 0.03844667 
979 148 6 16 0.03843272 
718 365 10 19 0.038410623 
120 247 7 22 0.03840226 
862 358 4 13 0.03836092 
300 89 5 14 0.03832461 
774 452 6 20 0.03829363 
736 392 6 18 0.038250487 
46 367 6 15 0.038192496 
953 72 5 14 0.038186766 
658 1 7 12 0.038184684 
544 918 6 18 0.038163614 
878 150 5 13 0.038161084 
275 188 5 19 0.038065813 
864 73 5 13 0.0380444 
978 279 7 14 0.038024105 
454 769 5 12 0.038016256 
670 764 5 16 0.037999738 
133 338 6 20 0.0379995 
693 27 9 24 0.03797394 
761 369 5 15 0.037959464 
853 267 4 14 0.037928604 
55 288 7 19 0.037895106 
988 168 11 30 0.03780248 
758 481 6 20 0.037787534 
56 902 6 18 0.037786547 
631 108 6 22 0.03777637 
184 122 7 17 0.037655145 
825 584 5 17 0.037655104 
734 314 8 22 0.03761395 
212 341 5 18 0.037613686 
301 72 5 16 0.037580255 
891 369 4 12 0.03755099 
158 324 7 20 0.03754638 
615 723 6 20 0.037521232 
887 151 5 13 0.037493497 
143 248 7 25 0.037450414 
853 448 4 12 0.03728928 
891 27 5 11 0.03722524 
673 778 5 13 0.037207324 
302 60 5 18 0.037196383 
929 125 4 15 0.037182882 
891 333 5 10 0.037173394 
774 369 5 17 0.03717109 
414 547 6 17 0.037143584 
616 365 7 20 0.037124272 
121 903 7 18 0.03702845 
800 366 5 18 0.037003744 
583 366 4 18 0.036989305 
218 493 9 24 0.036967162 
853 177 4 14 0.036945578 
750 294 5 16 0.0367788 
299 158 6 21 0.036752988 
891 255 4 12 0.036683816 
414 599 5 12 0.036669545 
978 221 6 20 0.036659345 
197 564 7 30 0.03657173 
326 430 5 17 0.036556274 
967 483 5 13 0.03652279 
786 394 5 14 0.036476057 
930 54 3 10 0.03643508 
162 867 5 14 0.036429707 
620 327 5 18 0.036418807 
655 246 9 25 0.036388863 
778 610 11 18 0.03637597 
914 13 5 12 0.036333237 
865 281 3 11 0.0362878 
839 3 23 25 0.03626385 
275 148 5 19 0.036214367 
968 22 5 13 0.036203217 
84 607 5 21 0.036139984 
864 294 4 12 0.03612234 
1014 161 10 22 0.03611922 
800 393 5 16 0.036087375 
1017 54 8 22 0.036068015 
952 100 5 12 0.036067907 
572 330 4 17 0.03604851 
657 730 8 19 0.03601489 
132 126 5 15 0.03600993 
97 392 4 14 0.0360094 
132 879 5 16 0.036009196 
96 747 6 20 0.036007077 
878 228 4 14 0.036002383 
773 602 7 13 0.03599889 
809 789 11 20 0.035995685 
907 803 11 20 0.03598235 
222 273 6 20 0.03596221 
53 391 6 23 0.03595047 
442 777 5 12 0.0359127 
663 73 11 19 0.035874378 
338 202 8 21 0.03586075 
83 403 5 19 0.035749618 
795 611 9 18 0.035739593 
735 381 7 16 0.035733204 
813 367 5 18 0.035713587 
276 199 5 18 0.035690945 
575 168 11 32 0.03568777 
156 30 7 21 0.0356304 
157 45 7 20 0.035620496 
631 120 6 22 0.035608515 
822 806 9 15 0.035532776 
901 36 5 12 0.035493076 
439 338 6 23 0.03545029 
169 1 7 12 0.03542633 
695 856 7 11 0.035398327 
875 24 5 13 0.035342608 
42 878 6 22 0.03533997 
298 403 6 22 0.03532809 
103 13 10 36 0.035316236 
159 8 7 18 0.035203394 
722 392 7 16 0.035130408 
149 312 5 17 0.035113726 
365 551 4 10 0.035109017 
776 869 5 9 0.035096277 
71 414 5 22 0.03504715 
38 271 10 24 0.035043437 
759 470 5 17 0.03504011 
168 302 7 17 0.035022553 
172 338 7 21 0.034998767 
581 317 6 19 0.034997176 
775 444 5 15 0.034967516 
837 88 5 15 0.03495723 
938 114 5 13 0.034933876 
632 261 8 24 0.034924913 
157 58 8 22 0.034878865 
57 835 7 22 0.034866765 
147 71 5 17 0.03481922 
812 432 4 14 0.0347939 
609 253 148 188 0.03476052 
564 81 10 21 0.034749273 
439 325 7 21 0.03465071 
720 458 7 17 0.03464213 
823 572 5 16 0.03462058 
295 110 6 17 0.034591194 
69 728 5 15 0.034581807 
31 272 8 20 0.034491222 
865 60 4 12 0.03445461 
658 778 5 14 0.034421586 
337 305 6 21 0.034421533 
902 85 5 14 0.034417544 
340 327 5 18 0.034391172 
928 14 5 12 0.034378145 
930 25 5 11 0.03430569 
826 329 5 14 0.034298584 
106 303 7 18 0.034292698 
659 161 6 18 0.03428372 
926 483 6 15 0.03425226 
362 48 6 20 0.03421561 
745 624 8 18 0.03418442 
1002 153 7 17 0.034165144 
671 172 9 21 0.034134597 
504 851 5 14 0.03409783 
761 299 6 17 0.034068834 
275 173 6 19 0.034059953 
704 234 11 27 0.034049496 
659 137 6 21 0.033974867 
864 84 5 15 0.03397244 
904 13 4 11 0.033943824 
581 328 5 20 0.033910476 
953 407 6 14 0.033907965 
942 25 5 11 0.033864412 
69 608 5 21 0.033743642 
622 159 5 22 0.03372842 
916 72 4 12 0.03371434 
46 351 6 17 0.033694007 
490 852 5 15 0.033693768 
197 752 4 18 0.03368902 
529 832 6 12 0.033683714 
955 15 4 10 0.033631448 
852 140 4 13 0.033624813 
124 880 5 16 0.033602875 
312 171 6 22 0.033595834 
466 352 7 20 0.033578727 
414 522 5 14 0.03354972 
775 467 6 20 0.033542093 
784 202 7 17 0.033535823 
430 408 5 15 0.033534024 
287 173 6 19 0.03353243 
564 178 12 36 0.033517912 
210 385 8 33 0.033444785 
978 11 6 12 0.033364825 
798 811 7 15 0.033341635 
826 420 4 14 0.033337586 
371 54 9 26 0.03332474 
358 64 10 31 0.03329554 
810 582 6 20 0.03328997 
591 300 7 21 0.033268787 
1011 182 11 23 0.033261683 
30 288 7 20 0.03322562 
664 712 10 22 0.033183508 
197 9 6 16 0.033164147 
82 726 5 15 0.033150822 
608 340 7 23 0.03303754 
544 928 6 20 0.03302059 
120 0 7 13 0.03299962 
898 126 6 16 0.032997824 
439 770 6 12 0.03298376 
608 390 6 18 0.032971773 
552 927 8 23 0.032940608 
334 -1 8 14 0.032919057 
890 71 5 14 0.032885678 
928 473 4 11 0.032878615 
569 368 5 16 0.032871276 
825 407 4 14 0.032816984 
836 938 57 61 0.03279794 
890 84 5 15 0.032785047 
647 149 6 19 0.032767136 
989 149 6 16 0.03275756 
3 869 9 39 0.032720402 
814 445 4 15 0.032715518 
580 196 8 27 0.03271432 
862 320 5 11 0.03265667 
952 88 5 14 0.03261746 
1002 81 6 20 0.032585233 
864 331 4 11 0.032546356 
221 0 8 12 0.032517504 
917 245 4 11 0.032501705 
786 468 5 19 0.03247855 
800 869 6 12 0.032461017 
914 25 5 11 0.03245814 
482 845 5 15 0.03245206 
854 421 4 11 0.032445043 
621 174 6 20 0.032392483 
683 802 7 14 0.03233118 
56 929 7 18 0.032317165 
813 226 5 18 0.032289635 
82 931 5 14 0.032285895 
852 215 4 14 0.032262255 
774 933 5 12 0.032239776 
720 816 5 12 0.03221873 
478 326 7 21 0.03220327 
224 343 4 16 0.032197535 
120 380 5 15 0.03216121 
645 369 6 18 0.03215458 
826 559 4 13 0.03215278 
777 861 4 9 0.032152515 
184 326 6 23 0.03213741 
677 229 17 40 0.032129627 
220 426 8 29 0.03210157 
72 361 5 19 0.032094855 
966 240 5 15 0.032087374 
762 380 5 15 0.03207037 
134 112 4 17 0.03206234 
209 543 6 24 0.031972207 
220 567 7 29 0.03197137 
391 573 5 15 0.03194796 
314 393 5 19 0.031934835 
69 623 5 18 0.0319241 
976 161 8 18 0.031829204 
864 449 4 10 0.031812083 
966 101 5 13 0.031802904 
105 5 8 22 0.031800266 
134 71 6 18 0.031791873 
592 340 6 21 0.031779245 
749 203 5 14 0.0317768 
132 136 5 19 0.03175781 
148 59 6 18 0.03174224 
811 497 6 16 0.031740144 
249 479 6 21 0.031727683 
199 325 6 24 0.031718068 
443 836 230 267 0.031703316 
812 175 5 17 0.031639602 
798 172 6 21 0.031636674 
942 15 5 11 0.031627808 
736 478 6 24 0.031583663 
186 0 6 12 0.03158348 
916 127 5 14 0.03154259 
980 49 5 12 0.031511527 
91 484 7 18 0.031503294 
862 304 4 13 0.031465765 
901 331 5 11 0.031459227 
589 172 9 24 0.031458225 
144 360 9 25 0.031448133 
619 750 6 16 0.031444207 
927 171 6 18 0.03137558 
622 185 6 20 0.031346634 
915 203 4 13 0.031323887 
415 535 6 16 0.031302493 
572 318 4 16 0.03129967 
854 588 4 11 0.03128764 
966 134 8 18 0.031207291 
56 849 7 22 0.031202946 
954 23 5 12 0.031124381 
735 463 6 21 0.03112319 
696 201 8 17 0.03112053 
21 369 5 14 0.031095935 
212 327 5 22 0.031092003 
711 829 6 12 0.031082436 
1015 293 7 14 0.031080717 
263 173 5 19 0.031080028 
131 892 5 15 0.031052107 
864 461 4 10 0.031039776 
298 148 5 20 0.03101533 
492 848 4 11 0.031011734 
793 620 11 22 0.031006575 
719 829 7 13 0.031001862 
902 50 5 12 0.030998912 
853 412 4 10 0.030979594 
953 485 4 12 0.030973854 
160 88 5 14 0.030969061 
913 306 5 16 0.03095318 
916 53 4 10 0.030948544 
596 391 5 17 0.03091869 
263 186 6 20 0.030917509 
247 0 7 12 0.030906357 
876 70 5 15 0.030905457 
264 99 4 16 0.030887363 
695 1 7 12 0.030842712 
940 496 5 13 0.030828202 
928 242 4 11 0.030772021 
927 290 5 15 0.03076941 
134 82 6 20 0.030760331 
786 455 5 19 0.030756665 
352 72 6 20 0.030731883 
160 0 6 12 0.030725617 
185 340 6 21 0.03069746 
978 60 5 13 0.030695638 
41 287 8 20 0.03064539 
234 0 8 12 0.030611722 
749 703 5 12 0.030605944 
605 106 8 24 0.030564673 
876 268 5 13 0.030528294 
981 117 5 12 0.030522736 
773 188 6 16 0.030512264 
811 779 7 12 0.030506546 
72 380 4 16 0.030455863 
264 87 5 16 0.030447828 
618 380 6 18 0.03044359 
391 559 5 14 0.030419262 
19 349 8 23 0.030410223 
875 84 5 15 0.03039478 
800 482 5 16 0.03036974 
646 0 7 13 0.030360013 
915 264 6 16 0.030356862 
156 335 9 26 0.030306911 
632 325 6 19 0.030303024 
864 549 4 10 0.030302314 
57 864 7 21 0.030298816 
837 266 5 15 0.03027882 
131 329 6 17 0.030271072 
123 7 5 16 0.03025319 
854 461 4 11 0.030252097 
840 396 4 12 0.030235553 
353 59 6 19 0.030184504 
903 320 4 13 0.030173939 
348 0 8 13 0.030162258 
103 315 8 21 0.030162243 
685 781 5 13 0.030145956 
344 205 11 29 0.030137943 
634 380 5 16 0.030125663 
300 378 6 17 0.030083781 
264 124 5 18 0.030046439 
619 98 7 19 0.03001037 
647 456 5 16 0.030004196 
533 851 5 16 0.02997217 
786 368 5 17 0.029947475 
991 46 6 14 0.029937224 
952 383 5 13 0.02989057 
939 371 5 12 0.029884124 
916 254 5 12 0.029861825 
876 550 5 10 0.029850217 
430 459 4 13 0.029849561 
198 555 5 22 0.02981734 
696 793 4 12 0.029816652 
854 203 3 12 0.029812522 
987 221 6 20 0.029807499 
453 776 5 13 0.029781695 
735 804 5 11 0.029772874 
70 634 5 18 0.029771853 
1017 99 7 17 0.029762689 
918 87 4 14 0.02975463 
407 586 4 13 0.029751964 
916 292 4 13 0.029735677 
774 392 5 16 0.029706815 
21 382 5 14 0.02970092 
466 338 7 21 0.029696755 
454 353 6 20 0.0296878 
720 314 8 22 0.0296876 
646 790 7 16 0.029660245 
1002 58 7 18 0.029635735 
185 391 6 20 0.02961971 
901 257 5 11 0.02960889 
865 411 4 10 0.029608468 
851 87 5 14 0.029604055 
710 764 5 13 0.029601656 
853 435 4 11 0.029600425 
864 384 3 11 0.029575836 
463 375 13 30 0.02953996 
813 186 5 18 0.02953685 
952 327 5 15 0.02953675 
324 167 8 27 0.029476939 
734 816 6 13 0.029455587 
350 47 7 22 0.02945331 
313 429 5 18 0.029446138 
797 202 6 15 0.029414646 
712 458 5 15 0.029409243 
328 317 4 15 0.029409107 
70 594 5 24 0.029358545 
374 46 7 22 0.029332127 
441 420 6 15 0.029286584 
55 274 8 19 0.029280365 
761 190 5 15 0.029279396 
532 920 4 18 0.029241048 
634 340 5 18 0.029239895 
814 457 4 16 0.029230393 
57 760 6 20 0.029227627 
3 816 8 31 0.029194657 
967 225 5 15 0.029193904 
737 491 5 21 0.02917901 
865 204 4 11 0.029178988 
777 617 14 28 0.02917804 
878 373 4 10 0.029174307 
903 153 4 11 0.02916439 
823 306 4 14 0.029154645 
57 918 6 16 0.02915426 
339 289 6 21 0.029138403 
979 2 6 12 0.029125951 
1004 46 6 14 0.029109983 
865 216 4 13 0.029102612 
914 472 5 11 0.02910125 
646 470 5 16 0.029077763 
94 250 6 17 0.029062623 
423 326 9 23 0.029017756 
707 281 10 34 0.029013457 
854 396 4 12 0.029010393 
610 724 6 17 0.028996095 
784 186 6 18 0.028995972 
173 350 7 25 0.028994082 
661 766 5 13 0.028964303 
826 432 4 14 0.028939342 
532 867 5 15 0.028916392 
335 22 9 20 0.028894868 
11 684 14 25 0.028850658 
987 125 7 18 0.028825741 
264 112 4 16 0.02882265 
810 122 7 19 0.028778981 
902 204 5 12 0.028774215 
391 583 4 14 0.028758815 
84 417 5 18 0.028752318 
751 239 6 15 0.028737906 
81 943 6 15 0.028704913 
389 549 5 13 0.028696721 
467 828 7 17 0.028691767 
161 920 6 14 0.028682789 
442 396 5 15 0.028678054 
118 392 6 16 0.028676283 
671 161 6 18 0.028653959 
632 313 6 20 0.02864228 
800 406 5 14 0.028634025 
259 491 8 22 0.028627055 
633 305 5 16 0.028622359 
120 367 6 16 0.028614394 
1017 83 8 21 0.028597964 
952 371 5 12 0.028562669 
606 132 7 24 0.028547153 
976 33 7 16 0.028540066 
544 840 6 15 0.02853207 
442 409 5 14 0.028496273 
286 29 7 18 0.028478649 
21 393 4 15 0.028463708 
159 123 6 18 0.028456662 
347 80 10 29 0.028455786 
606 318 6 17 0.028452333 
759 596 7 17 0.028446322 
788 803 6 14 0.028431423 
92 239 6 18 0.028413111 
94 763 5 19 0.028410414 
876 61 5 12 0.028393565 
825 292 4 14 0.0283904 
799 161 5 18 0.02832444 
1014 199 9 18 0.028315382 
721 508 6 17 0.028275447 
750 229 5 13 0.028270787 
705 379 10 19 0.02826853 
83 955 7 17 0.028262634 
270 41 8 25 0.028260691 
146 328 6 16 0.028233878 
133 96 6 19 0.028218593 
854 549 5 11 0.028214892 
135 380 5 15 0.028195608 
70 918 6 16 0.028173191 
338 110 48 92 0.028137285 
966 251 5 15 0.028135395 
285 423 10 29 0.02808121 
314 381 4 13 0.028072428 
121 20 6 20 0.027999524 
286 57 7 21 0.027950147 
917 155 4 10 0.027948778 
825 318 4 14 0.027943946 
46 381 5 14 0.027921544 
747 382 6 15 0.027916538 
501 865 7 21 0.027899968 
967 35 5 14 0.027897222 
327 330 4 14 0.027889557 
1004 547 5 15 0.027885264 
54 380 5 18 0.02787555 
923 260 10 25 0.027873144 
284 4 9 20 0.027854674 
321 491 7 23 0.027852194 
911 791 7 14 0.02780452 
865 397 3 12 0.027772283 
913 355 5 14 0.027735766 
648 162 5 17 0.027704883 
765 703 4 11 0.027656708 
824 548 5 13 0.027653811 
185 113 5 14 0.027651392 
751 190 4 15 0.027636798 
723 430 6 14 0.027635697 
798 186 6 19 0.027634725 
812 164 5 15 0.027616832 
606 185 7 21 0.027593207 
135 369 5 14 0.027579322 
916 277 6 14 0.027577627 
706 843 7 13 0.027575275 
264 199 5 19 0.027573654 
530 929 5 20 0.027572904 
812 813 7 14 0.027572509 
111 393 4 14 0.02756975 
1000 136 7 19 0.027561499 
41 866 7 21 0.027556662 
517 276 6 20 0.027538773 
1001 67 7 23 0.027520837 
262 41 6 21 0.027517598 
655 701 12 22 0.027499331 
876 333 5 10 0.027476989 
43 888 8 22 0.027441693 
262 161 6 19 0.027425986 
1012 261 11 24 0.027422044 
16 4 10 37 0.027419195 
207 152 7 15 0.027418038 
617 14 9 27 0.027417498 
711 819 6 12 0.027416887 
889 231 4 12 0.0273906 
550 181 11 30 0.02738393 
286 42 7 24 0.027383713 
478 353 6 19 0.027368004 
717 533 11 24 0.027336724 
233 493 9 22 0.027293969 
901 344 5 13 0.02729313 
618 879 9 17 0.027276402 
734 717 5 11 0.027258301 
14 851 7 24 0.02725504 
576 146 9 21 0.027235454 
197 38 6 13 0.02721016 
70 930 6 16 0.027205823 
19 304 6 17 0.027199728 
287 188 6 18 0.027193392 
57 635 6 16 0.027185407 
903 380 4 13 0.027161485 
185 18 6 17 0.027154787 
654 379 8 21 0.027154755 
917 138 5 14 0.02714497 
553 941 8 22 0.027142754 
976 70 6 16 0.027073396 
853 486 5 11 0.027069435 
147 84 5 15 0.027058272 
543 850 6 18 0.027053924 
211 773 6 24 0.02705348 
80 250 7 17 0.027042108 
260 947 6 14 0.027026057 
723 719 5 9 0.02702003 
902 550 5 11 0.027014365 
1016 67 9 24 0.027008928 
606 173 7 21 0.0270056 
272 28 6 21 0.02698107 
659 479 6 19 0.026978541 
210 469 7 19 0.026978528 
452 380 7 19 0.026975762 
863 868 6 13 0.026945965 
107 278 6 17 0.026943065 
807 866 8 13 0.026917676 
633 288 5 17 0.026896713 
550 890 9 17 0.026866486 
559 344 4 15 0.026863107 
57 624 6 16 0.026854534 
237 303 5 22 0.026854506 
787 812 7 15 0.026851334 
877 281 4 11 0.02683854 
236 414 7 24 0.026828622 
760 455 5 16 0.026819466 
824 497 5 14 0.026804553 
147 892 5 14 0.026792683 
863 51 5 12 0.026790781 
297 0 9 13 0.0267906 
200 340 5 20 0.026776979 
785 161 6 19 0.026753385 
964 86 6 16 0.02674962 
864 422 3 10 0.026743578 
1006 343 4 14 0.026739707 
1015 546 8 18 0.026724782 
237 316 5 20 0.026717082 
785 172 7 22 0.026712 
659 11 6 13 0.026693942 
208 442 7 19 0.026693642 
812 214 5 17 0.026682941 
889 281 5 12 0.026630469 
904 792 6 12 0.026630023 
83 622 6 19 0.026621494 
95 468 6 22 0.026602639 
186 751 5 19 0.026597893 
903 231 5 12 0.026547832 
825 485 4 13 0.026547482 
877 255 5 13 0.026546244 
937 124 5 15 0.026525384 
324 73 5 15 0.026484763 
58 748 6 19 0.02647858 
839 434 3 13 0.026451368 
1004 384 4 11 0.026438944 
564 160 10 24 0.026410043 
903 267 5 13 0.026407463 
746 315 7 20 0.026407382 
606 199 7 21 0.0263983 
545 887 7 20 0.026384134 
1004 100 5 14 0.026380535 
1004 367 5 15 0.02634435 
93 265 6 17 0.02633791 
759 946 6 11 0.026334591 
53 364 6 18 0.026324611 
720 804 6 12 0.026317462 
121 914 7 16 0.026306393 
326 215 6 16 0.026304731 
1003 560 6 14 0.026291536 
982 371 4 13 0.026242767 
724 465 6 18 0.02624024 
915 394 6 15 0.026240004 
81 596 6 21 0.026235048 
72 942 6 17 0.026227862 
763 691 4 12 0.02622568 
544 863 6 20 0.026191229 
92 605 8 26 0.026179595 
366 558 5 13 0.026171163 
706 10 6 14 0.026144944 
634 366 6 18 0.026125237 
232 504 12 30 0.026095977 
721 215 7 15 0.026094796 
248 491 8 23 0.026071895 
31 302 6 17 0.026039785 
876 293 5 12 0.026004508 
760 625 7 17 0.025968133 
926 317 4 15 0.025955826 
5 391 5 17 0.025955562 
31 876 7 26 0.025922375 
1003 242 6 14 0.025914362 
93 775 6 21 0.025877856 
119 339 6 19 0.025873236 
580 939 8 21 0.025867848 
82 636 6 19 0.025858926 
989 456 6 16 0.025851678 
940 253 6 16 0.02583264 
377 550 5 10 0.025827661 
327 306 5 18 0.025814276 
76 239 9 19 0.02579797 
941 243 4 12 0.025776587 
606 327 6 19 0.025768626 
442 368 5 20 0.025747567 
646 480 6 19 0.025723713 
165 915 12 21 0.025709592 
722 355 8 16 0.025705222 
605 118 8 26 0.025703028 
680 849 10 15 0.025695976 
21 408 4 13 0.025677841 
325 225 6 16 0.025666736 
861 343 5 15 0.025665829 
824 277 5 16 0.025659481 
105 738 6 22 0.025646877 
863 34 7 17 0.025624111 
966 327 5 15 0.02562312 
67 864 8 23 0.025618818 
299 391 6 19 0.025596712 
340 345 4 14 0.025588274 
925 254 7 16 0.025573833 
159 879 6 15 0.025567798 
749 716 4 12 0.025561871 
57 78 6 12 0.025560927 
1004 612 5 13 0.025559202 
47 839 221 185 0.025559109 
810 801 11 20 0.025531288 
875 846 4 11 0.025522271 
964 152 7 15 0.025520895 
386 41 9 26 0.025500348 
968 218 3 12 0.025476797 
170 566 8 25 0.025460541 
760 935 6 12 0.025457434 
704 20 7 17 0.025456095 
326 469 5 15 0.02544141 
825 446 4 14 0.025439871 
892 356 6 17 0.025420245 
630 6 8 22 0.025416575 
773 921 5 11 0.02541654 
197 0 6 13 0.025407227 
772 162 6 18 0.025401652 
915 330 4 13 0.025389785 
440 352 6 23 0.025387183 
696 269 9 32 0.025374897 
877 161 6 15 0.025365168 
812 148 5 16 0.02536231 
738 202 5 16 0.025338093 
531 903 5 19 0.025326967 
940 600 4 11 0.025309158 
1002 254 7 17 0.025283633 
916 176 4 15 0.02527402 
809 111 7 18 0.025265057 
940 536 5 12 0.025264874 
928 496 5 14 0.02525013 
125 125 4 15 0.02524317 
607 145 6 21 0.025236607 
813 199 5 18 0.025233768 
311 86 6 16 0.025191639 
407 613 5 12 0.025187341 
826 459 4 14 0.025180569 
262 28 6 23 0.025179837 
928 305 5 15 0.025168369 
567 940 8 21 0.025162699 
759 241 5 13 0.02516142 
454 338 6 22 0.025157642 
210 761 5 22 0.025132094 
951 317 6 16 0.02512745 
723 442 7 15 0.025112204 
785 445 4 15 0.025106099 
261 16 8 23 0.025085988 
299 369 7 15 0.02507702 
901 162 6 14 0.025049396 
993 33 6 16 0.025048831 
346 20 10 22 0.02503369 
891 341 6 13 0.024999224 
148 880 5 14 0.024990572 
902 513 4 10 0.024986569 
1016 153 7 14 0.02498453 
514 886 8 26 0.024950106 
915 188 5 14 0.024929216 
506 356 5 14 0.024876505 
244 503 12 31 0.024870599 
799 148 5 16 0.024831368 
73 391 4 19 0.024826623 
580 303 6 19 0.024826441 
813 353 5 19 0.024820771 
477 339 6 20 0.024820182 
314 755 4 12 0.024814231 
682 697 8 18 0.024810491 
917 231 4 12 0.024799297 
82 659 6 19 0.024796398 
999 261 11 25 0.024791842 
163 857 4 13 0.024777425 
1016 960 6 11 0.024769336 
866 858 4 10 0.024758155 
195 577 8 32 0.024747634 
389 615 4 11 0.024743982 
4 383 5 14 0.024738487 
1012 275 10 20 0.024736088 
314 767 4 12 0.024720604 
158 248 8 25 0.024719682 
210 1 6 12 0.02471172 
750 366 5 16 0.024703255 
749 743 4 10 0.024702514 
854 474 4 11 0.024683947 
926 275 7 17 0.024683017 
170 56 8 23 0.024678767 
313 151 6 16 0.024670789 
172 73 5 15 0.02466911 
888 293 4 12 0.024639957 
977 22 6 14 0.024615895 
928 563 4 12 0.024606632 
18 836 6 24 0.024605876 
96 710 7 23 0.024593154 
325 393 6 18 0.024572928 
223 438 6 25 0.024564283 
786 766 6 12 0.024560772 
389 640 4 12 0.024553446 
711 756 4 11 0.024543293 
810 137 6 17 0.02452733 
954 494 5 14 0.024526544 
531 837 5 15 0.024524242 
261 955 8 15 0.024524242 
107 266 5 15 0.024509186 
877 195 4 10 0.024501588 
209 586 9 36 0.024483947 
709 185 7 21 0.02446439 
839 523 5 12 0.024464339 
706 226 8 18 0.024458153 
514 303 8 21 0.02445459 
135 352 6 18 0.024442265 
966 316 5 14 0.024441447 
865 435 4 10 0.024437796 
760 612 8 16 0.024426473 
747 393 6 16 0.0244235 
477 830 5 13 0.024404872 
762 137 4 13 0.024404828 
182 564 8 27 0.024404747 
633 276 6 20 0.024396077 
644 305 6 18 0.024394205 
236 726 4 15 0.024386097 
840 279 4 15 0.024380721 
93 658 6 25 0.024366949 
670 183 9 24 0.024366938 
673 791 6 14 0.024365863 
733 274 7 20 0.024362948 
668 243 10 28 0.024360262 
248 187 6 19 0.024347374 
720 261 8 27 0.024344485 
800 470 4 16 0.0243366 
325 181 7 24 0.02431903 
889 267 5 13 0.024309868 
917 164 4 12 0.024295177 
666 258 10 29 0.02429004 
553 913 8 23 0.024270574 
635 354 5 17 0.024263998 
812 484 5 14 0.024260154 
723 792 5 12 0.024245199 
893 50 179 271 0.024228109 
365 577 5 13 0.024225842 
800 766 5 11 0.024214426 
887 159 7 16 0.024212161 
950 160 8 16 0.024209298 
723 343 7 15 0.024195632 
915 406 6 15 0.024187109 
124 114 4 16 0.024175214 
982 385 4 11 0.024170512 
642 284 8 23 0.024146924 
157 236 7 26 0.024140233 
868 847 4 10 0.024130091 
825 597 5 15 0.024110764 
1016 535 7 15 0.024100296 
681 819 6 13 0.024099687 
515 900 8 24 0.024083031 
235 271 7 24 0.02407941 
465 325 8 23 0.02407614 
96 -2 7 14 0.024066633 
171 377 6 21 0.024064604 
819 792 9 14 0.024052583 
800 420 4 14 0.024051685 
606 160 6 21 0.024051124 
991 57 6 17 0.024046054 
541 247 7 19 0.024035428 
171 122 6 18 0.024029147 
732 367 7 17 0.02402706 
955 294 4 11 0.024026379 
119 353 6 17 0.024022454 
30 370 6 14 0.024007086 
609 779 16 32 0.02400292 
133 148 6 17 0.023992384 
4 854 6 24 0.02399135 
954 204 5 13 0.023979656 
1016 328 7 19 0.023965748 
589 158 9 25 0.023957208 
96 724 5 18 0.023948234 
93 276 7 19 0.023929683 
877 819 5 12 0.023925917 
326 344 5 15 0.023917241 
196 404 8 23 0.023912782 
877 214 4 15 0.023910465 
1015 596 7 21 0.023898028 
106 653 8 33 0.023888294 
336 222 7 21 0.023875397 
967 344 4 15 0.023865726 
246 727 5 15 0.023862991 
105 992 8 16 0.0238568 
200 276 6 17 0.023855653 
799 916 7 15 0.023813471 
939 330 5 13 0.023798507 
773 174 5 18 0.023793804 
287 405 7 20 0.02378307 
758 355 6 16 0.023780616 
122 288 5 16 0.023757888 
632 211 6 16 0.023757027 
863 474 4 10 0.023754977 
908 826 12 19 0.02375272 
223 286 5 24 0.023727633 
646 46 6 15 0.023717582 
1002 124 8 19 0.023717346 
310 98 6 16 0.023710303 
236 262 6 20 0.023698572 
1006 330 4 14 0.023677895 
720 407 7 16 0.023670368 
903 246 4 10 0.023644088 
249 175 5 17 0.023638485 
630 675 6 15 0.02361997 
697 832 6 11 0.023602048 
211 751 4 17 0.023562787 
335 258 8 27 0.023554046 
660 470 5 16 0.023545109 
94 648 6 21 0.02354317 
952 114 6 13 0.023542479 
323 59 5 16 0.023538709 
854 58 5 14 0.023503678 
737 213 5 14 0.023494711 
719 495 7 20 0.023489231 
270 526 10 37 0.023475388 
108 250 5 17 0.023473838 
337 431 6 18 0.023454057 
979 102 6 13 0.023448788 
940 293 5 13 0.023442129 
695 81 9 26 0.023428699 
84 429 5 19 0.023421004 
696 801 6 14 0.023407951 
785 596 9 16 0.023404757 
503 275 7 20 0.02339961 
838 891 6 15 0.023397641 
734 444 5 14 0.023396965 
808 858 7 14 0.02338527 
430 777 5 12 0.023370078 
708 199 7 18 0.023369975 
824 510 5 14 0.02334173 
689 224 12 25 0.023314547 
326 461 5 13 0.0232947 
121 263 5 18 0.02329421 
41 902 8 20 0.023286305 
646 800 7 18 0.023281438 
170 45 8 20 0.02327885 
46 340 7 19 0.02327652 
775 804 5 13 0.023268785 
967 474 4 12 0.023265451 
197 246 148 236 0.02325431 
617 393 6 17 0.023253951 
248 6 7 16 0.0232539 
44 301 6 18 0.023253206 
204 122 10 19 0.023238376 
952 535 6 13 0.023225477 
698 753 4 12 0.023222178 
901 279 5 13 0.02321013 
899 139 6 13 0.023208704 
220 514 10 30 0.023194617 
572 305 4 16 0.023191448 
588 80 10 20 0.023178635 
707 214 7 15 0.023176964 
218 591 9 34 0.023163345 
24 940 14 32 0.023156803 
685 752 5 12 0.023141846 
351 303 6 24 0.023133067 
736 947 5 10 0.023115791 
173 88 5 13 0.023111869 
631 753 6 15 0.02310705 
622 239 6 18 0.023061514 
645 387 9 25 0.023053937 
559 355 5 14 0.023052517 
257 504 9 26 0.023049362 
646 175 5 17 0.023039605 
134 59 5 17 0.023038322 
167 246 11 30 0.023036856 
980 343 5 15 0.023003113 
322 479 7 21 0.022980679 
938 343 5 13 0.022972126 
-7 514 194 310 0.022959339 
774 432 5 14 0.022938902 
469 90 58 86 0.022936665 
748 945 6 12 0.02292538 
619 715 5 13 0.022923127 
853 578 4 10 0.022921922 
772 313 6 20 0.02291412 
335 9 8 16 0.022912184 
157 374 8 25 0.02290205 
940 381 6 13 0.02290087 
66 291 6 17 0.022888998 
826 471 4 14 0.022871789 
644 186 6 20 0.022870587 
536 80 14 25 0.022867056 
225 329 4 18 0.022864992 
506 846 4 11 0.022852447 
452 366 7 21 0.022849264 
41 836 8 23 0.022838704 
982 458 5 16 0.022827884 
425 507 6 17 0.02281845 
902 537 5 12 0.02280864 
1016 340 7 17 0.022808054 
914 367 5 14 0.022787467 
478 315 7 20 0.02278455 
507 381 5 17 0.022774942 
749 445 5 13 0.022758706 
154 347 10 31 0.022711355 
989 240 6 16 0.02270421 
838 562 5 12 0.02270308 
313 370 5 14 0.022694172 
645 123 5 18 0.022680413 
621 315 5 18 0.022677451 
967 354 5 16 0.022671394 
57 774 6 21 0.022670748 
319 863 13 25 0.022664325 
118 227 7 19 0.022662736 
812 247 8 24 0.022654615 
659 175 6 16 0.022646965 
710 467 6 17 0.02262921 
316 329 4 15 0.022620585 
505 367 5 18 0.022610055 
567 958 7 15 0.022600377 
236 481 7 19 0.022552837 
777 742 4 10 0.022546928 
567 148 8 19 0.022534614 
517 853 5 13 0.022534521 
813 341 5 18 0.02252384 
923 1007 7 17 0.022512894 
774 729 5 11 0.022509001 
442 383 5 16 0.022493772 
466 754 5 11 0.0224881 
491 866 6 19 0.02247075 
954 37 4 12 0.022464786 
47 403 6 18 0.022464182 
406 640 4 11 0.022442592 
774 948 5 11 0.022429354 
937 171 7 17 0.022429211 
135 165 4 15 0.022426667 
220 539 8 28 0.0224188 
812 568 6 18 0.02241546 
889 3 5 11 0.022407813 
668 22 8 15 0.022405876 
82 383 5 13 0.022395672 
506 574 4 15 0.022382451 
272 946 5 14 0.022376018 
785 871 5 9 0.02236812 
878 381 4 12 0.022354685 
223 469 6 19 0.022350749 
810 767 6 10 0.022344079 
71 427 6 23 0.022340544 
77 344 8 27 0.02233863 
238 328 4 19 0.02233214 
285 199 6 17 0.022328943 
221 482 7 18 0.022328176 
824 651 6 11 0.022327852 
666 478 8 21 0.022321299 
225 302 5 23 0.022320261 
618 420 5 16 0.022319729 
556 903 8 18 0.022299571 
47 417 5 18 0.022296349 
633 392 6 16 0.022279184 
915 421 5 12 0.022276556 
620 27 7 24 0.022261398 
1015 611 7 16 0.022258513 
104 606 9 29 0.022252262 
520 928 5 23 0.022244828 
544 943 7 18 0.022224998 
693 904 8 13 0.022220807 
551 172 9 21 0.022218125 
1014 972 7 12 0.022217361 
232 358 10 32 0.022216916 
66 851 8 23 0.02220273 
625 -15 94 114 0.022194875 
121 280 5 16 0.022182427 
782 209 8 20 0.022177666 
635 456 5 16 0.022176487 
544 830 5 13 0.02216992 
107 918 6 14 0.022160074 
439 315 7 19 0.022156069 
968 369 4 14 0.022143694 
748 935 5 11 0.022132022 
676 171 11 26 0.022126172 
346 229 11 32 0.022126151 
1015 254 8 18 0.022106959 
374 560 5 13 0.02209776 
878 204 4 12 0.022076517 
55 81 7 17 0.02207578 
250 75 4 15 0.022071537 
993 69 6 18 0.022070846 
452 393 7 16 0.022068061 
736 704 4 11 0.022064323 
864 804 5 11 0.022060305 
859 153 240 369 0.022058118 
84 772 7 26 0.022051685 
968 495 5 14 0.022050034 
185 403 7 22 0.022042839 
760 493 6 19 0.022032233 
647 752 5 13 0.022015765 
690 212 12 21 0.02200259 
632 97 6 20 0.021996822 
749 689 5 13 0.021995522 
415 509 6 15 0.021995429 
980 328 5 16 0.021991657 
993 86 5 16 0.021969946 
617 406 6 18 0.021961387 
1017 112 7 17 0.021939984 
530 889 6 20 0.021936547 
750 355 6 15 0.021921197 
72 402 5 21 0.021912223 
195 19 7 17 0.021910496 
837 73 6 13 0.021900421 
668 0 8 12 0.021900022 
324 286 7 23 0.021890303 
96 621 6 21 0.021867894 
66 823 8 25 0.021853985 
723 874 5 8 0.02184703 
183 554 8 22 0.02181619 
929 461 4 11 0.02179166 
786 932 5 13 0.021781811 
171 856 5 14 0.021779811 
45 317 6 17 0.021769708 
338 97 8 24 0.021734314 
131 904 6 17 0.021722028 
25 349 9 22 0.021717288 
980 205 4 12 0.021708982 
941 395 6 16 0.02170166 
524 93 12 24 0.021698521 
655 687 9 18 0.021686634 
761 343 5 14 0.02168377 
809 622 8 18 0.021659086 
863 875 8 16 0.021645272 
247 428 7 22 0.021636331 
929 590 4 11 0.02162789 
300 46 6 17 0.021625055 
762 830 5 13 0.021609556 
107 239 6 20 0.02160772 
687 13 7 12 0.021602584 
1002 228 5 15 0.021586955 
439 303 7 17 0.021585608 
492 327 6 17 0.021585183 
505 290 6 17 0.021583602 
483 852 6 18 0.021574676 
659 753 5 13 0.021573126 
237 453 5 25 0.021565251 
980 398 5 11 0.021560896 
311 229 6 15 0.021548009 
248 443 6 23 0.021543825 
811 637 7 15 0.021535832 
751 862 4 8 0.021519324 
841 574 4 14 0.021512758 
876 410 5 10 0.021507706 
940 461 4 11 0.021475235 
839 422 3 12 0.021471081 
915 382 5 12 0.021462604 
519 331 5 13 0.021449193 
990 116 5 12 0.021439107 
285 527 8 29 0.021424746 
182 579 8 28 0.021409709 
179 902 13 20 0.02138896 
595 583 5 16 0.02136519 
876 460 5 11 0.021357635 
96 361 8 23 0.021357005 
340 -17 124 101 0.021348942 
977 88 6 15 0.021345666 
812 508 6 15 0.021330012 
95 931 6 15 0.021321842 
429 769 7 13 0.021320041 
312 185 6 19 0.021304028 
763 846 4 10 0.021303171 
322 258 8 27 0.021299522 
492 317 6 16 0.021292023 
42 850 7 22 0.021285458 
722 883 6 9 0.021280242 
1002 184 9 20 0.021274539 
760 445 5 14 0.021257985 
591 938 9 22 0.021254657 
656 789 6 16 0.021247512 
732 343 6 14 0.021243803 
706 0 7 12 0.021238755 
734 829 6 13 0.021228323 
763 175 4 15 0.021206422 
590 144 9 23 0.02120614 
622 199 6 19 0.021203341 
94 669 7 20 0.02120145 
453 936 7 14 0.021190174 
838 549 4 11 0.021187896 
797 212 6 17 0.021186236 
591 277 7 15 0.021182893 
389 628 5 9 0.021162957 
917 484 5 13 0.021160906 
336 272 8 25 0.021151682 
761 805 5 12 0.021140859 
980 356 5 16 0.021138242 
776 705 3 10 0.021137096 
135 393 6 17 0.02112222 
937 138 6 16 0.02111696 
646 620 7 18 0.021110455 
437 288 9 18 0.02109723 
308 235 9 21 0.021091044 
64 835 9 24 0.021076802 
528 345 6 15 0.021072118 
938 356 5 13 0.021059848 
852 499 5 11 0.02104773 
64 275 7 17 0.021040976 
659 21 7 15 0.021040535 
657 187 8 20 0.021039564 
472 373 12 30 0.02103785 
452 325 7 23 0.021034146 
558 821 4 12 0.021034045 
619 249 8 24 0.021031357 
994 357 4 14 0.02101476 
721 522 6 16 0.020981273 
839 511 5 12 0.020976497 
953 305 6 15 0.02097238 
657 390 9 23 0.02095766 
853 72 5 13 0.020944744 
774 480 6 20 0.020939544 
904 306 5 13 0.020938948 
1015 571 8 19 0.020924881 
398 15 11 24 0.020923687 
264 135 5 18 0.020907825 
721 225 8 16 0.020901091 
568 393 5 16 0.020875776 
243 262 7 21 0.020873746 
979 316 4 14 0.020865416 
981 189 5 15 0.020849807 
841 408 4 13 0.020840755 
736 874 5 8 0.02083001 
966 397 4 12 0.020817949 
4 774 7 21 0.020810252 
56 815 6 17 0.020805346 
208 6 7 18 0.020796921 
751 872 4 9 0.020791724 
706 31 7 18 0.020786207 
929 600 4 10 0.02078372 
48 392 5 17 0.020772258 
96 637 5 17 0.020764181 
645 917 8 15 0.020759357 
951 154 7 13 0.020739917 
69 582 5 20 0.02073497 
544 903 6 18 0.020714056 
656 62 10 18 0.020709733 
618 701 6 13 0.020705402 
349 285 7 26 0.020700218 
103 710 7 24 0.020693261 
762 862 5 8 0.02067238 
967 281 6 13 0.020669518 
760 314 7 21 0.020665986 
385 5 12 24 0.020648168 
315 316 5 17 0.02063181 
1014 1 7 13 0.020625113 
666 1003 19 25 0.020608922 
630 636 6 15 0.020603916 
313 134 6 17 0.020591166 
775 794 5 12 0.020565884 
621 212 6 17 0.020553451 
874 33 8 19 0.02054154 
1004 114 5 13 0.020525414 
668 465 8 22 0.020512482 
678 214 14 21 0.020509869 
57 612 5 17 0.02050319 
939 303 6 16 0.020502066 
172 906 7 15 0.02047403 
748 730 5 12 0.020473635 
502 882 10 30 0.020458145 
376 8 8 18 0.02045638 
760 202 5 13 0.020454787 
171 866 6 14 0.020452606 
723 328 7 17 0.020451982 
685 711 7 16 0.02044692 
890 381 4 11 0.020445334 
518 917 6 23 0.020428903 
914 37 5 12 0.020422764 
457 755 5 12 0.020421637 
709 857 5 11 0.020418856 
45 327 7 19 0.020415798 
968 205 4 11 0.020413749 
761 919 6 12 0.020408334 
631 0 6 12 0.020405436 
631 229 6 15 0.0204021 
940 512 6 13 0.020391904 
592 549 7 16 0.020385863 
721 841 6 13 0.020375656 
926 188 5 14 0.020352345 
801 495 5 16 0.02034517 
582 208 8 23 0.020339772 
875 177 6 14 0.020329589 
207 409 10 30 0.020328127 
606 560 251 267 0.020303266 
551 957 8 15 0.02030185 
775 815 5 13 0.020285344 
160 893 5 14 0.020281147 
334 416 7 20 0.020270608 
210 482 7 18 0.020240147 
516 293 7 17 0.020230822 
606 560 6 17 0.020227863 
903 293 4 12 0.020214817 
749 895 5 9 0.020202357 
826 74 6 14 0.020169213 
686 21 7 14 0.02016501 
966 614 5 11 0.02016118 
749 176 5 14 0.020156143 
403 559 5 14 0.020127228 
712 806 5 11 0.020119254 
812 559 5 14 0.020109555 
942 36 4 12 0.020103231 
144 375 8 21 0.020089267 
761 395 5 14 0.020087438 
735 509 5 16 0.020085365 
902 472 5 10 0.020081155 
522 106 15 31 0.020076811 
761 873 5 8 0.020075887 
626 880 8 16 0.020072134 
1015 557 8 18 0.020067077 
162 910 5 12 0.020054087 
851 35 7 16 0.020048236 
348 9 8 16 0.020039381 
840 484 4 13 0.020034265 
865 576 4 10 0.02002674 
685 767 5 12 0.02002528 
622 226 6 17 0.020001838 
248 304 5 20 0.019998958 
126 136 4 16 0.019997375 
667 428 9 18 0.019992307 
941 563 5 12 0.019970056 
852 47 6 15 0.019970052 
926 331 5 13 0.019964851 
979 289 6 13 0.019948967 
798 235 8 28 0.019945946 
430 395 4 15 0.019944858 
328 446 4 14 0.019940406 
86 483 5 17 0.019931167 
515 260 8 24 0.0199238 
145 165 5 14 0.01991614 
916 498 5 13 0.019913059 
1005 314 5 16 0.019895785 
951 343 5 14 0.019890783 
953 357 5 13 0.019880917 
340 356 4 14 0.019875923 
378 585 4 13 0.01986763 
915 561 5 11 0.019852273 
786 406 5 15 0.019841203 
991 485 6 13 0.019832693 
207 36 7 16 0.019831628 
338 234 7 21 0.01983122 
900 175 7 18 0.019816842 
316 740 5 16 0.019812686 
706 392 7 15 0.019809086 
979 173 8 20 0.01978816 
988 279 6 15 0.019785704 
876 448 4 11 0.019771533 
903 562 4 10 0.019764945 
967 115 6 12 0.019761704 
97 430 5 18 0.019750427 
449 312 9 22 0.019746482 
902 3 5 11 0.019740766 
889 514 4 10 0.019740386 
940 317 6 16 0.019738927 
1005 973 4 10 0.019736357 
849 815 6 12 0.019735968 
135 37 7 24 0.01972301 
645 672 7 18 0.019713609 
840 447 3 13 0.019708214 
596 738 5 15 0.019691229 
889 562 5 10 0.01968878 
404 523 5 12 0.019688437 
376 576 5 13 0.019687602 
107 906 6 15 0.01968415 
156 894 238 184 0.019680839 
968 5 5 10 0.01968042 
877 539 5 11 0.019669725 
210 493 7 21 0.019660506 
978 238 6 17 0.019653002 
761 124 5 14 0.019652909 
1004 306 5 11 0.019649703 
619 430 5 16 0.019642651 
553 43 9 21 0.019639 
338 702 5 14 0.019624464 
928 512 5 11 0.019620845 
620 638 6 13 0.01961513 
646 353 6 16 0.019614581 
750 884 4 9 0.019603932 
670 457 7 18 0.019602392 
673 804 6 14 0.019573634 
723 705 5 11 0.01954953 
494 358 5 15 0.019547991 
876 398 4 11 0.01954583 
967 509 6 16 0.019517157 
327 355 5 15 0.019515445 
801 858 7 14 0.019487254 
630 701 6 14 0.019485768 
4 802 6 19 0.019474246 
670 923 6 11 0.019459845 
160 924 19 35 0.019451309 
736 729 5 12 0.019440308 
841 882 5 12 0.019429794 
864 540 5 9 0.019405996 
4 369 5 16 0.019404855 
31 849 7 23 0.019396603 
798 509 6 16 0.019391201 
751 808 287 204 0.019390834 
360 21 8 19 0.019390017 
854 561 4 12 0.019388987 
170 403 8 22 0.019381631 
159 284 4 12 0.019378474 
546 958 5 13 0.019374833 
81 648 6 20 0.019365622 
55 661 6 17 0.019363552 
785 150 6 16 0.019354632 
934 260 9 25 0.01934855 
94 698 8 21 0.019330544 
506 302 8 20 0.01932538 
492 546 6 20 0.01932495 
593 928 7 19 0.019322062 
737 936 5 10 0.019320779 
209 454 6 20 0.019318156 
196 547 6 19 0.019315207 
1013 580 9 23 0.019314807 
313 497 5 14 0.019313833 
695 469 7 17 0.019296477 
657 305 7 19 0.019292321 
440 430 6 18 0.019291129 
771 322 8 27 0.019284029 
798 880 7 11 0.019279234 
619 0 7 14 0.01925908 
324 44 7 17 0.019230505 
839 536 5 13 0.019228857 
528 331 6 13 0.019227307 
892 322 4 10 0.019223478 
309 255 12 33 0.019209212 
657 289 7 21 0.019204155 
775 717 4 11 0.019201985 
506 582 5 20 0.019193137 
96 16 7 28 0.01917943 
810 99 7 18 0.01915572 
593 558 7 19 0.019143322 
1012 731 10 23 0.019142829 
122 330 6 19 0.019138567 
889 214 4 14 0.019125562 
28 380 6 16 0.019119073 
541 183 9 25 0.019107671 
465 312 7 22 0.019097047 
607 265 6 14 0.019085139 
169 389 8 23 0.019082472 
734 792 5 11 0.019065078 
993 343 5 15 0.019064013 
698 820 5 12 0.019057442 
850 806 5 11 0.019034233 
723 948 6 10 0.019030362 
801 431 4 14 0.019020492 
565 904 8 17 0.01901164 
798 905 6 15 0.019007497 
813 470 5 16 0.019000946 
692 71 8 23 0.018999567 
849 880 5 13 0.018998954 
489 48 7 17 0.018994298 
299 32 6 16 0.018985432 
576 132 9 24 0.018975798 
398 43 10 26 0.018975526 
786 921 5 12 0.018974725 
915 513 4 11 0.018964397 
1016 526 6 13 0.018960286 
889 192 5 12 0.018938208 
657 45 7 16 0.018933665 
645 767 5 13 0.018926356 
134 260 5 20 0.018921861 
65 75 8 15 0.018921489 
722 754 5 11 0.018915143 
404 573 5 14 0.018914524 
734 50 6 12 0.018905137 
493 367 6 20 0.018899795 
96 686 6 19 0.018877758 
20 420 4 13 0.018876141 
824 522 5 13 0.01886598 
107 930 7 16 0.018831171 
735 742 5 11 0.018830858 
106 957 5 14 0.018817477 
734 689 6 13 0.018811597 
361 0 8 14 0.018810851 
811 522 6 14 0.018808668 
362 9 7 16 0.018803777 
412 611 5 14 0.018795826 
83 711 6 18 0.018789686 
991 202 5 14 0.018785704 
17 333 11 31 0.018780965 
326 203 6 18 0.018779984 
773 355 6 17 0.018778466 
595 599 5 14 0.018778428 
183 313 6 23 0.018766774 
386 68 10 27 0.018763587 
225 314 6 22 0.018762639 
732 262 8 21 0.018760702 
955 214 4 14 0.018759763 
526 53 11 23 0.018755091 
506 470 5 14 0.018753776 
953 126 6 15 0.018747242 
967 385 4 11 0.018744493 
609 598 5 14 0.01873874 
3 470 6 19 0.018736204 
417 407 6 16 0.018735146 
647 8 7 17 0.018732203 
877 341 6 15 0.018731229 
15 821 7 26 0.01872943 
941 589 5 11 0.018714374 
591 912 9 24 0.018713653 
684 466 7 21 0.018704982 
39 913 9 22 0.018700268 
750 831 5 12 0.018695729 
722 729 5 11 0.01869286 
732 1 9 14 0.018691923 
890 305 4 12 0.018691093 
197 47 6 15 0.01868971 
694 381 11 18 0.018688018 
750 342 6 14 0.01868684 
366 542 5 9 0.018676512 
736 920 5 11 0.018674945 
794 824 11 22 0.018670699 
730 355 8 15 0.018661004 
698 727 4 13 0.018655512 
530 353 6 15 0.01864749 
492 570 5 20 0.018645434 
575 90 10 24 0.018638745 
236 287 6 23 0.018636087 
609 432 5 14 0.018635621 
795 633 10 20 0.018632697 
155 387 11 27 0.01862357 
749 803 5 12 0.01861673 
596 726 5 14 0.018615337 
148 871 4 12 0.018608755 
811 648 7 15 0.018591383 
868 833 4 11 0.018585267 
930 36 4 12 0.018572517 
839 473 4 12 0.018562963 
325 86 6 16 0.018544959 
297 186 6 19 0.01853706 
93 451 6 23 0.01853408 
25 317 9 23 0.018526819 
209 286 6 24 0.018511102 
801 444 4 15 0.018507866 
750 112 5 14 0.018498609 
1015 123 9 20 0.018493095 
108 407 5 14 0.018491449 
30 836 8 24 0.018484145 
903 212 5 14 0.01848388 
736 188 5 17 0.018464796 
315 353 5 17 0.018458497 
630 918 8 16 0.018454479 
941 548 4 12 0.01844712 
584 392 4 15 0.018443653 
712 792 5 12 0.018442007 
605 210 7 22 0.018434817 
901 524 5 12 0.018431846 
59 737 5 16 0.018421886 
1003 296 6 11 0.01841324 
649 36 5 13 0.018403152 
504 47 7 15 0.018394606 
1014 752 7 16 0.018388832 
682 70 8 20 0.018387342 
198 759 5 24 0.018369125 
699 766 4 12 0.018366808 
19 291 6 18 0.018361798 
327 29 7 19 0.018358411 
122 405 5 15 0.018358286 
839 460 4 12 0.01832077 
183 444 8 17 0.01831691 
630 17 7 22 0.018315272 
506 563 3 13 0.018311996 
245 956 9 15 0.018311493 
979 254 5 14 0.018310487 
465 743 5 11 0.018305017 
628 686 7 15 0.018302536 
95 942 5 15 0.018300874 
749 922 5 10 0.01829534 
474 687 12 21 0.018273309 
634 445 5 16 0.018270705 
387 29 10 24 0.018261012 
193 886 14 21 0.018254424 
556 265 6 17 0.018244231 
710 948 5 10 0.018238254 
319 851 13 22 0.018232072 
517 959 7 17 0.018225102 
507 458 5 16 0.018216444 
197 444 7 16 0.018215181 
764 730 4 11 0.018209001 
314 125 5 16 0.018206425 
440 445 5 15 0.018204361 
298 173 7 20 0.018203408 
595 406 5 16 0.01819793 
106 909 104 124 0.018197784 
362 32 7 19 0.018196633 
102 361 8 24 0.018196277 
1017 212 8 19 0.018191779 
401 547 6 15 0.01819012 
765 717 4 11 0.018184742 
826 86 7 17 0.018183181 
941 406 6 15 0.018155856 
953 190 6 13 0.018153666 
810 906 6 14 0.018148165 
453 943 8 16 0.018147385 
683 33 8 19 0.01813635 
109 433 6 16 0.01813379 
953 474 5 12 0.018133365 
453 793 4 12 0.018128067 
786 794 7 13 0.018122554 
618 761 9 19 0.018099725 
787 693 5 11 0.018098587 
645 635 7 18 0.018094823 
552 161 8 19 0.018084852 
610 716 4 11 0.018083796 
786 754 6 11 0.018075617 
323 250 8 21 0.018063707 
568 929 6 20 0.018056955 
1004 394 5 11 0.01805645 
952 420 5 13 0.018052757 
407 602 4 11 0.018052207 
928 230 4 13 0.018048337 
449 301 9 20 0.018040884 
375 19 8 20 0.018038435 
134 403 7 18 0.018005976 
109 439 7 23 0.017983826 
696 869 6 11 0.017978143 
52 426 7 25 0.017973943 
670 701 7 17 0.017967261 
493 807 5 12 0.017963668 
541 258 8 23 0.017958714 
749 753 5 11 0.017957268 
751 10 6 14 0.017951274 
658 405 7 19 0.01794661 
967 191 5 12 0.017945115 
105 379 6 17 0.017939476 
809 916 7 16 0.017932916 
865 563 4 11 0.017926257 
878 423 4 9 0.017919099 
133 318 6 15 0.017909376 
724 742 4 11 0.017901752 
760 251 5 15 0.017888673 
786 950 6 10 0.017886292 
513 86 12 22 0.017885255 
554 33 9 18 0.017884666 
272 957 7 15 0.017875342 
645 686 7 17 0.017869864 
282 540 9 33 0.017869027 
979 470 5 14 0.01786604 
644 777 7 16 0.01786186 
666 341 9 17 0.017852793 
69 817 6 17 0.017851932 
783 825 11 24 0.017845655 
132 918 6 14 0.017834477 
877 831 5 13 0.017829707 
774 202 6 14 0.017825749 
750 845 5 10 0.017815266 
95 441 6 23 0.01780438 
94 957 6 14 0.017802138 
619 901 8 19 0.017801847 
915 552 4 10 0.017800698 
863 512 5 10 0.017790385 
979 485 5 12 0.017784158 
1016 949 6 13 0.017777244 
696 717 5 12 0.017777033 
236 468 6 21 0.017773414 
67 711 6 16 0.0177715 
579 954 9 19 0.017757969 
724 37 5 12 0.01775634 
952 137 8 17 0.017751584 
915 345 5 12 0.017746745 
854 601 4 10 0.017745608 
760 230 5 12 0.01773232 
697 741 5 12 0.017722465 
544 823 5 10 0.017716654 
323 149 7 19 0.017715186 
630 626 6 16 0.017713817 
632 738 5 15 0.017711593 
787 508 6 17 0.017706277 
263 147 5 19 0.017705638 
41 823 8 23 0.017694836 
774 407 6 15 0.017691223 
249 87 5 14 0.01769086 
477 698 10 19 0.017682591 
248 29 7 23 0.017682325 
711 872 5 9 0.017682176 
990 292 6 12 0.017681487 
205 808 13 38 0.017670989 
438 533 7 19 0.017667422 
993 316 5 15 0.01764924 
423 585 6 16 0.017648473 
792 299 10 20 0.017637804 
465 935 6 15 0.017634243 
952 251 6 15 0.017633766 
901 188 6 15 0.017628001 
762 909 5 10 0.017627742 
1004 536 5 12 0.01762221 
941 525 5 12 0.017615903 
465 839 8 24 0.01761391 
406 651 5 12 0.017613662 
763 163 4 16 0.017611532 
341 77 5 13 0.017609414 
774 844 6 12 0.017609041 
235 250 6 16 0.01759359 
1012 493 10 21 0.017590294 
711 719 4 10 0.01758845 
636 467 4 17 0.017583389 
762 150 5 15 0.017583193 
824 781 5 10 0.017568493 
515 384 5 13 0.017566083 
632 406 6 17 0.01754042 
825 639 5 12 0.01753807 
774 829 7 15 0.0175353 
889 550 4 10 0.017525824 
772 -13 110 98 0.017516408 
876 321 4 10 0.017502889 
605 303 6 17 0.01750231 
337 441 7 20 0.017502084 
721 420 6 15 0.017500127 
967 267 6 14 0.017492257 
161 263 6 18 0.017485432 
748 908 5 10 0.017485032 
942 576 4 10 0.017484374 
435 840 11 23 0.017483778 
786 884 5 9 0.017481975 
845 -33 181 238 0.017470505 
656 919 8 15 0.017469244 
670 935 5 11 0.017458346 
108 422 5 14 0.01745784 
491 505 6 24 0.017456653 
556 212 6 17 0.017454328 
417 419 6 18 0.017451167 
315 342 5 17 0.017450674 
169 30 9 21 0.01743995 
590 285 9 23 0.017413782 
991 102 5 13 0.017408062 
731 6 11 21 0.017401997 
799 227 6 19 0.017395485 
635 61 5 16 0.017351547 
605 85 7 17 0.017350964 
722 478 6 21 0.017345835 
146 260 6 21 0.017339107 
568 614 5 12 0.017322289 
37 954 11 25 0.017312713 
327 370 5 13 0.017311398 
736 909 5 10 0.017310118 
71 956 6 15 0.017308196 
542 171 7 17 0.017305415 
656 804 6 14 0.017301943 
851 539 5 11 0.01729345 
736 841 6 13 0.017286709 
682 392 9 14 0.01727338 
25 920 11 32 0.017257886 
840 586 4 14 0.017256869 
697 884 6 10 0.017251799 
785 895 6 10 0.017239919 
759 815 6 16 0.017238706 
517 866 5 17 0.017238196 
273 506 7 21 0.017223034 
853 873 4 9 0.01721894 
952 174 7 15 0.017217094 
825 904 5 15 0.017212166 
301 230 7 14 0.017198006 
184 129 8 26 0.017191045 
41 940 9 23 0.017174158 
235 187 5 19 0.017171776 
696 781 5 11 0.017171582 
197 287 6 21 0.017168572 
336 182 10 28 0.017165273 
157 166 6 14 0.017147047 
353 703 4 13 0.01714674 
784 356 7 18 0.017144347 
544 210 7 19 0.017132103 
890 592 4 9 0.017130755 
425 534 6 18 0.017129665 
750 250 6 15 0.01712294 
799 933 6 13 0.017120162 
353 544 4 8 0.017110407 
422 838 10 23 0.01710583 
733 674 7 15 0.017091908 
581 739 4 14 0.017087912 
735 883 6 9 0.017081594 
813 329 5 16 0.017077 
785 742 5 10 0.01706028 
748 3 6 10 0.01705936 
609 404 6 18 0.017054299 
55 939 8 20 0.017022546 
722 186 6 19 0.017021079 
667 289 9 24 0.017018907 
390 539 5 11 0.017017234 
159 293 4 12 0.017012225 
798 895 5 12 0.01699443 
428 601 5 13 0.016994094 
864 817 5 12 0.016994037 
565 98 11 32 0.016989851 
644 59 7 16 0.016985541 
322 505 8 24 0.016982093 
926 1000 4 10 0.016964763 
953 241 5 14 0.01694635 
685 742 4 12 0.01694434 
107 942 6 15 0.016936908 
38 332 168 269 0.016931057 
874 854 6 13 0.016928485 
537 104 13 30 0.016924035 
552 55 10 21 0.016923422 
3 479 6 22 0.01692132 
864 592 4 8 0.016917244 
710 935 5 10 0.016916515 
722 961 6 10 0.016916063 
516 316 7 16 0.016909411 
708 494 8 21 0.016906383 
475 524 10 32 0.016906058 
811 263 8 20 0.016895989 
1016 353 7 17 0.01688709 
18 317 8 22 0.01687938 
57 790 7 19 0.016875358 
596 714 4 12 0.016874522 
66 266 8 16 0.016870202 
631 430 6 16 0.0168687 
347 256 10 32 0.01685837 
518 841 5 13 0.016853295 
721 82 8 20 0.016853128 
413 855 6 15 0.016845325 
503 60 8 18 0.016845055 
570 406 4 15 0.016841004 
13 932 13 32 0.016833892 
206 160 9 18 0.016830035 
1003 573 6 14 0.016829828 
800 458 5 15 0.016823336 
506 440 6 19 0.016804986 
877 304 4 12 0.016797716 
442 790 5 13 0.016794952 
1018 242 6 15 0.016793394 
416 447 6 17 0.016791629 
105 1005 9 20 0.016784744 
496 65 81 129 0.016778432 
694 698 6 16 0.016777951 
955 282 5 12 0.016777324 
693 892 8 14 0.016775373 
299 355 6 15 0.016767448 
940 445 5 13 0.01676718 
625 888 9 19 0.01675785 
19 444 4 15 0.016750896 
518 355 5 13 0.016743422 
238 343 38 85 0.016738502 
326 124 7 16 0.016738322 
993 329 4 15 0.016734201 
723 908 6 11 0.01672754 
709 922 5 10 0.016720485 
762 646 7 16 0.016716754 
397 28 11 25 0.016710643 
632 763 7 15 0.016708527 
1001 485 6 12 0.01670739 
555 81 12 23 0.016686894 
148 935 5 12 0.016684586 
1005 962 4 8 0.016683413 
337 111 7 20 0.016681412 
606 546 7 18 0.016666884 
425 519 7 19 0.016658463 
993 368 5 14 0.016649013 
849 889 6 16 0.016645854 
852 510 4 11 0.016631918 
929 576 4 11 0.016629895 
941 229 5 14 0.016626157 
747 326 7 19 0.016625905 
275 212 6 18 0.016623724 
667 419 9 18 0.016619124 
658 120 7 21 0.016618734 
798 354 6 20 0.016613957 
313 47 6 18 0.016592415 
992 22 7 17 0.016590573 
449 287 10 18 0.016589351 
352 551 4 9 0.016585246 
468 769 4 11 0.016585119 
876 49 6 15 0.016583983 
518 458 5 16 0.01658375 
183 99 6 15 0.016577063 
670 31 9 20 0.016564772 
761 755 5 10 0.0165646 
745 642 9 21 0.016536519 
249 60 5 17 0.016530083 
647 495 5 17 0.016526658 
220 175 6 17 0.016525365 
327 114 7 15 0.016512977 
489 275 8 22 0.01651064 
838 783 5 9 0.01649861 
518 941 7 21 0.016488694 
647 345 5 14 0.016481914 
505 330 6 13 0.016480839 
577 74 10 18 0.016476016 
185 47 6 15 0.016469503 
965 650 5 12 0.016466206 
91 1006 9 20 0.016461672 
966 293 5 11 0.016451756 
350 326 6 21 0.016451586 
929 550 4 11 0.016451525 
504 417 6 14 0.016448699 
300 442 6 20 0.016445536 
1018 228 7 17 0.016444651 
366 583 5 13 0.016437333 
815 316 5 15 0.01643721 
406 628 5 11 0.016434869 
491 287 7 18 0.016434368 
103 698 8 22 0.016432092 
749 677 5 13 0.016429149 
555 628 5 10 0.016422939 
671 122 7 20 0.016413324 
678 456 8 19 0.016404308 
965 306 5 12 0.016401047 
617 445 5 15 0.016392505 
432 34 116 125 0.01639191 
978 638 5 13 0.016386576 
1016 139 8 16 0.016383741 
646 227 7 15 0.01637755 
462 670 13 21 0.016372794 
0 335 9 29 0.016364135 
785 861 5 10 0.016343668 
490 377 8 21 0.016339947 
877 592 4 9 0.01633976 
326 383 5 13 0.016336251 
185 36 6 14 0.016335407 
750 276 4 15 0.016330995 
866 602 3 9 0.01632663 
657 199 8 18 0.016324164 
145 923 42 84 0.016316632 
541 290 9 23 0.01631624 
633 32 6 18 0.016312813 
760 779 5 12 0.01631207 
340 88 6 16 0.016310662 
173 896 7 12 0.016301017 
655 672 8 19 0.01629832 
594 660 6 13 0.016290491 
673 819 6 12 0.016285954 
673 832 7 12 0.016285557 
913 2 6 13 0.016284198 
734 523 5 14 0.016280295 
722 781 4 11 0.016278544 
589 60 10 20 0.016274957 
558 406 5 14 0.016274102 
645 107 6 20 0.016273385 
121 304 6 17 0.016255701 
785 433 5 13 0.016246988 
321 236 8 18 0.016224816 
695 113 7 16 0.01622107 
941 612 5 11 0.01621769 
424 545 7 18 0.016214771 
1004 600 6 17 0.016209783 
762 792 5 11 0.016201641 
210 269 5 15 0.016196739 
915 461 5 11 0.016194826 
952 525 6 13 0.0161812 
450 532 9 20 0.016178355 
696 920 6 11 0.016177982 
557 328 5 17 0.016174583 
106 683 7 24 0.016173033 
43 82 9 20 0.016158089 
1013 981 7 17 0.016157828 
747 612 7 14 0.016137276 
223 453 6 23 0.016136779 
155 566 9 24 0.01613017 
502 899 9 26 0.01612877 
412 626 6 12 0.016128287 
57 802 6 17 0.016120546 
771 303 6 16 0.01611905 
235 4 7 18 0.016113734 
414 639 5 11 0.016105255 
916 214 4 14 0.016104667 
745 593 8 19 0.016104355 
122 316 5 17 0.016099174 
774 908 4 11 0.016097987 
102 965 10 22 0.016091667 
659 496 5 16 0.016091576 
647 329 5 15 0.016086709 
722 24 7 14 0.016067624 
840 499 4 12 0.016065665 
914 1007 7 16 0.016065063 
589 102 12 28 0.016060624 
245 412 9 25 0.016037242 
644 610 7 16 0.016028509 
953 615 5 11 0.016020922 
720 248 10 22 0.016001899 
626 785 11 25 0.015998881 
468 779 4 10 0.01598377 
351 640 4 11 0.015978537 
492 304 6 16 0.015975764 
538 55 10 22 0.015973559 
197 313 7 27 0.015973011 
6 -11 37 99 0.015968552 
248 454 6 26 0.015957767 
119 28 7 25 0.015952893 
794 292 8 16 0.015945842 
826 894 5 14 0.01594516 
590 116 11 29 0.015942916 
678 200 10 18 0.015933778 
480 741 6 12 0.015930384 
645 313 6 19 0.015919428 
556 252 6 15 0.015910378 
582 582 6 17 0.015909139 
838 793 6 9 0.015896214 
129 414 11 24 0.015883405 
889 203 5 12 0.015882554 
695 507 8 18 0.01587009 
376 541 5 10 0.01586989 
210 428 8 23 0.01586493 
786 483 5 17 0.015858172 
733 240 9 19 0.015858022 
14 949 41 65 0.015855283 
964 409 5 12 0.015850434 
146 954 7 19 0.015839934 
583 598 5 15 0.015832115 
665 301 10 27 0.015827347 
505 36 7 14 0.015827337 
800 778 6 12 0.015822431 
902 501 5 10 0.015817612 
903 804 8 16 0.015813649 
686 727 5 13 0.015811741 
863 501 4 9 0.01580588 
798 790 8 16 0.015802417 
629 928 10 21 0.015794313 
798 135 7 17 0.015793692 
708 908 6 11 0.015780207 
661 332 6 13 0.015779939 
5 788 6 18 0.015779443 
851 792 5 9 0.015776029 
846 16 13 19 0.015762204 
903 396 5 13 0.01575804 
206 928 10 17 0.015753184 
710 729 5 11 0.01575182 
645 909 6 12 0.01575042 
506 396 5 12 0.015749147 
953 640 5 13 0.015747698 
315 777 5 13 0.015726633 
195 429 8 18 0.015721668 
734 656 7 20 0.015705686 
271 494 7 18 0.01570388 
876 434 5 11 0.015701395 
722 894 6 10 0.01569973 
964 174 8 16 0.01569846 
595 569 6 18 0.015697695 
635 47 5 16 0.01569715 
567 240 5 14 0.015694452 
247 288 6 23 0.015691802 
683 1 8 12 0.01568737 
610 418 5 16 0.015686192 
326 100 6 16 0.015685197 
149 98 5 16 0.015684668 
452 816 7 16 0.01568438 
148 283 5 14 0.01568316 
171 281 5 13 0.015682885 
660 344 7 15 0.01567899 
658 894 6 12 0.01567805 
145 1005 8 23 0.015675299 
316 562 4 13 0.015669739 
588 90 11 26 0.01566025 
461 401 16 26 0.01565646 
735 755 4 10 0.01565125 
505 317 7 16 0.015646042 
1002 494 8 17 0.015625449 
812 826 7 14 0.015617104 
147 942 6 15 0.015590151 
761 218 5 12 0.015583769 
451 803 6 13 0.0155768525 
697 188 7 19 0.01557229 
1002 214 5 15 0.015568608 
814 304 6 16 0.015565729 
990 268 7 15 0.015564968 
579 289 6 18 0.015564691 
622 305 6 16 0.015561168 
752 138 4 14 0.015549458 
876 562 4 11 0.015538031 
214 807 15 39 0.015536294 
304 756 4 12 0.01551092 
560 231 4 12 0.015505637 
734 961 6 10 0.015504063 
413 868 6 18 0.015483102 
17 459 5 14 0.0154760955 
338 42 7 20 0.015475755 
773 151 5 15 0.015473365 
657 455 6 16 0.015467496 
103 463 9 27 0.01546364 
412 841 8 18 0.015454011 
580 548 8 14 0.015448787 
990 254 7 15 0.015447032 
500 260 9 26 0.015445073 
655 636 10 18 0.0154437395 
702 1001 20 26 0.015443189 
56 649 6 17 0.015433128 
876 357 6 15 0.0154319545 
54 957 7 16 0.015429348 
864 524 5 11 0.015427231 
418 459 4 14 0.015414099 
79 0 8 13 0.015408151 
723 0 8 13 0.015404036 
450 407 9 16 0.015400848 
544 326 6 17 0.015388631 
1002 200 7 14 0.015386696 
889 173 7 19 0.015377855 
57 709 7 17 0.015373064 
629 940 10 22 0.015371361 
4 889 10 40 0.015356268 
259 262 7 22 0.015349788 
716 554 11 26 0.015340848 
618 261 7 19 0.015338766 
274 285 9 30 0.015334136 
679 134 7 22 0.015321052 
875 804 5 10 0.015320289 
594 689 4 11 0.015319957 
710 884 5 9 0.015313745 
210 528 7 24 0.015310954 
148 923 5 12 0.015310594 
41 773 9 23 0.015310272 
978 269 7 14 0.015299774 
177 939 70 85 0.015294227 
643 202 7 16 0.015290248 
425 496 7 16 0.0152873695 
953 650 5 12 0.0152854035 
196 453 7 20 0.015276945 
210 301 6 24 0.015273818 
256 -27 141 145 0.015273238 
917 998 5 12 0.015271021 
487 712 7 18 0.0152705265 
634 610 5 16 0.015253147 
363 765 7 18 0.015251279 
670 199 8 17 0.015247419 
247 17 7 22 0.015247132 
723 936 5 10 0.015241492 
222 5 7 17 0.015236196 
761 115 4 13 0.015235911 
265 826 16 23 0.015234093 
735 39 5 11 0.015230402 
877 601 4 8 0.0152164195 
502 484 6 17 0.015213219 
937 275 7 18 0.015210933 
914 630 4 10 0.015208091 
68 775 6 21 0.015201223 
761 326 6 19 0.015200859 
704 84 8 22 0.015190503 
862 486 4 10 0.015180536 
630 715 6 14 0.015165153 
493 556 6 19 0.015165016 
205 134 9 19 0.01515986 
518 344 5 14 0.0151493 
954 4 5 12 0.01514179 
592 906 8 17 0.0151392305 
799 280 6 13 0.015134203 
721 767 5 10 0.015133899 
145 906 6 15 0.015131227 
144 388 8 24 0.015127765 
902 592 4 9 0.015109065 
927 643 5 10 0.015107637 
424 317 8 15 0.015107276 
916 592 4 9 0.015099679 
1014 507 8 18 0.015095978 
365 639 4 11 0.015089768 
30 0 7 18 0.015087471 
761 510 5 16 0.015068085 
284 725 8 24 0.015055869 
298 235 10 21 0.015054235 
210 315 6 25 0.01504865 
493 744 5 11 0.015040708 
68 790 6 18 0.015033842 
559 241 5 14 0.0150233265 
712 779 5 12 0.015012379 
669 942 7 14 0.015000883 
926 205 5 13 0.014995339 
775 884 5 9 0.014992226 
543 346 5 14 0.014990044 
83 442 6 23 0.014985877 
41 926 9 23 0.014982216 
463 301 9 21 0.014972586 
762 744 4 9 0.014970729 
521 834 5 10 0.014970208 
387 893 6 13 0.014961324 
722 922 6 10 0.014959552 
116 994 7 17 0.014947998 
426 559 5 15 0.01493926 
721 201 6 17 0.01493573 
552 146 9 22 0.014921909 
340 59 6 17 0.014920248 
744 572 8 19 0.014915652 
749 508 6 16 0.014908983 
838 60 6 14 0.014901079 
148 124 5 15 0.014875698 
722 860 5 9 0.014872974 
669 14 7 11 0.014870249 
491 520 6 24 0.014866436 
940 642 5 11 0.01486314 
136 933 4 11 0.014862302 
629 905 8 16 0.014854004 
647 713 11 22 0.014853648 
772 213 7 17 0.01484875 
520 600 4 16 0.014841552 
617 686 7 16 0.014838877 
1005 951 4 9 0.014837496 
750 265 5 14 0.014837406 
645 92 9 22 0.014835601 
182 454 9 24 0.014833168 
776 694 4 9 0.014829246 
21 84 5 18 0.0148209315 
698 460 5 14 0.014813539 
48 432 11 37 0.014803681 
324 728 6 14 0.014795538 
234 176 6 17 0.014791703 
402 908 5 12 0.014788088 
515 60 9 18 0.014783602 
645 660 7 16 0.014781103 
577 60 11 20 0.0147759095 
263 302 7 21 0.014771953 
380 614 4 11 0.01477112 
645 216 6 13 0.014765751 
871 878 8 15 0.0147560695 
751 814 6 15 0.0147534 
774 135 5 15 0.014732143 
410 42 11 26 0.01472449 
608 444 6 15 0.014715224 
589 220 9 25 0.014698433 
516 43 9 19 0.014697073 
825 767 5 10 0.014688975 
67 702 5 16 0.014686138 
312 286 8 25 0.014681373 
271 259 8 26 0.014644858 
375 0 8 15 0.014637536 
887 539 5 11 0.014635173 
709 509 7 17 0.014634031 
247 315 6 20 0.014631708 
249 100 5 15 0.014627439 
762 433 5 14 0.014626894 
1004 524 5 12 0.014622786 
84 470 5 20 0.01461004 
298 21 8 17 0.014599089 
143 173 5 16 0.014587485 
224 738 4 16 0.014583319 
448 44 12 24 0.014582119 
889 474 4 10 0.0145820575 
603 288 8 18 0.014577001 
414 892 7 17 0.014574777 
609 750 6 16 0.014570071 
494 817 5 12 0.014567033 
696 676 7 15 0.014563775 
477 303 8 19 0.014560026 
109 893 5 15 0.014560026 
22 682 13 26 0.014557692 
411 30 10 24 0.014556119 
195 820 11 32 0.014550409 
685 479 8 20 0.014539918 
58 581 6 19 0.014535417 
582 727 4 13 0.0145303905 
540 43 10 25 0.014529612 
543 354 6 15 0.014525842 
347 105 12 31 0.0145254405 
313 304 6 20 0.014523372 
389 651 5 11 0.014521461 
133 958 5 12 0.014517306 
761 884 4 8 0.014509319 
487 33 9 18 0.014505468 
680 162 7 20 0.0145050995 
484 16 12 20 0.014502994 
726 48 5 13 0.0145011665 
235 401 8 24 0.0144953085 
731 55 8 19 0.014492828 
617 651 8 14 0.014486346 
493 343 5 15 0.014478276 
68 237 11 21 0.014474805 
655 647 11 19 0.014452796 
771 627 11 23 0.0144478455 
197 124 6 17 0.014446284 
147 993 6 21 0.014445382 
22 103 4 15 0.014445083 
396 65 13 31 0.014443521 
551 298 9 29 0.0144315325 
56 674 6 15 0.014417249 
620 627 6 14 0.0144139305 
488 57 10 21 0.014413645 
172 842 6 17 0.014412887 
601 913 9 22 0.014408917 
914 524 5 11 0.014406683 
222 761 6 23 0.0144036515 
647 649 7 17 0.01440296 
541 163 7 16 0.0144028645 
927 344 5 12 0.014401343 
410 18 12 21 0.0143965855 
298 200 6 16 0.014396381 
953 547 5 13 0.01439626 
505 427 7 19 0.014395516 
902 423 5 10 0.014394962 
314 203 5 15 0.01439072 
58 725 6 16 0.014378884 
326 718 5 12 0.014372161 
325 779 5 13 0.014365535 
72 648 6 18 0.01434756 
283 286 11 30 0.014344275 
105 723 5 22 0.014324468 
376 33 7 19 0.014319198 
762 897 4 8 0.014314211 
379 882 5 12 0.014304878 
700 244 24 71 0.014302854 
749 779 6 12 0.014295146 
401 782 4 11 0.014294527 
824 611 6 15 0.014290879 
551 0 15 17 0.014288567 
728 595 12 24 0.0142797725 
567 231 5 12 0.01427034 
557 277 6 19 0.014268347 
966 639 5 14 0.014255168 
826 883 4 11 0.014249092 
169 880 7 14 0.01424802 
618 678 6 14 0.0142344115 
685 690 6 14 0.0142239705 
787 777 6 12 0.014219258 
44 60 7 16 0.0142145315 
301 544 6 22 0.014203833 
84 453 6 22 0.014198212 
595 420 4 15 0.014196115 
705 368 11 17 0.014195057 
349 649 5 15 0.0141919525 
355 228 14 37 0.014187264 
529 277 7 20 0.014184363 
633 88 6 17 0.014174297 
915 642 4 9 0.014149653 
427 687 5 15 0.014145323 
657 34 7 16 0.014145117 
122 56 6 19 0.014132409 
392 782 4 11 0.014120622 
710 408 6 15 0.014118496 
653 83 15 33 0.014117449 
622 291 5 15 0.0141127305 
182 59 7 18 0.014112591 
132 228 7 18 0.014105746 
224 751 4 18 0.014087264 
272 272 9 29 0.014084258 
582 279 6 13 0.014082363 
106 448 8 26 0.014080114 
747 659 6 15 0.014076936 
954 625 5 12 0.014071842 
238 737 4 16 0.0140682375 
925 395 5 14 0.014064236 
478 708 9 19 0.014061056 
544 625 5 12 0.014060321 
696 175 7 20 0.0140594365 
106 635 7 23 0.014059265 
628 651 6 14 0.014057031 
387 882 5 14 0.01405325 
710 740 5 12 0.014047453 
928 370 4 12 0.014039593 
705 632 13 19 0.014039264 
324 137 6 16 0.014032922 
648 736 6 15 0.0140313 
142 5 25 62 0.014028707 
145 136 5 18 0.014026122 
436 752 7 15 0.014025774 
786 497 6 15 0.014020439 
680 82 10 23 0.01401835 
672 689 6 14 0.014013342 
514 72 10 19 0.014013085 
954 563 4 12 0.014008013 
567 822 5 10 0.014002618 
159 176 5 15 0.013977427 
736 896 5 9 0.013968735 
713 640 15 28 0.013963429 
737 861 4 9 0.013961703 
632 419 6 15 0.013960672 
427 675 6 13 0.013957444 
927 537 5 11 0.01395142 
58 599 5 20 0.013950737 
558 65 35 80 0.013942679 
902 463 5 10 0.013940823 
360 493 9 24 0.013930882 
851 831 6 12 0.013930511 
466 919 5 16 0.013926148 
272 931 6 15 0.013925087 
582 406 5 17 0.013917618 
924 409 5 13 0.013917108 
952 434 5 12 0.013903543 
42 450 10 23 0.01389636 
648 23 6 15 0.013895876 
720 97 10 22 0.013893975 
156 929 13 24 0.013892766 
4 835 7 25 0.01388677 
118 930 6 15 0.01388634 
236 342 5 18 0.013885753 
992 385 4 10 0.01388412 
541 276 7 22 0.013883923 
582 558 7 16 0.01387989 
136 946 4 11 0.013879113 
991 561 6 14 0.013874514 
262 288 6 24 0.013866243 
314 483 4 14 0.013864653 
709 961 6 9 0.013863962 
761 409 5 13 0.013861608 
552 865 8 21 0.013861008 
786 703 5 11 0.013855535 
475 47 10 18 0.01384977 
878 474 4 10 0.013848917 
748 791 5 12 0.013841995 
42 99 8 19 0.013841671 
773 492 6 19 0.013837713 
603 278 7 14 0.013826083 
531 822 6 9 0.013820027 
314 217 6 14 0.013818473 
158 225 6 23 0.013818068 
784 840 10 19 0.013815139 
735 622 8 15 0.013813138 
979 305 5 13 0.013811827 
454 919 6 16 0.013807516 
952 444 5 14 0.013805164 
182 301 6 18 0.013800504 
144 964 9 27 0.01379992 
416 427 7 22 0.013796747 
42 31 7 20 0.01379469 
286 229 7 16 0.0137920305 
734 631 10 20 0.013781547 
451 826 9 18 0.013769018 
361 103 70 120 0.01376683 
864 795 5 8 0.013766784 
596 434 4 14 0.013765893 
657 365 9 21 0.013765632 
872 868 6 13 0.013747124 
670 225 9 19 0.013739387 
749 103 5 14 0.013735213 
565 129 10 29 0.013728292 
941 214 5 15 0.013725348 
387 71 68 87 0.013719538 
197 148 6 19 0.013719455 
668 441 7 16 0.013714294 
502 23 8 14 0.013712146 
234 385 8 26 0.013711062 
29 822 8 26 0.01371096 
763 658 5 16 0.013704998 
148 111 5 16 0.013704965 
632 726 6 15 0.01370236 
811 277 7 15 0.013701156 
260 273 7 24 0.013686607 
554 -13 49 80 0.013677906 
927 3 6 13 0.013674215 
759 570 7 18 0.013659161 
507 346 5 13 0.0136460615 
184 892 10 16 0.013640311 
402 878 6 15 0.013626929 
313 113 5 14 0.013618338 
448 34 12 21 0.013613176 
606 253 7 17 0.013607454 
787 905 5 14 0.013604227 
719 672 8 16 0.01360085 
761 678 5 13 0.0135706235 
756 584 8 20 0.013566915 
206 18 8 18 0.013557895 
422 28 13 25 0.013549499 
239 504 34 98 0.013547778 
219 800 9 24 0.013543758 
22 112 5 19 0.013543113 
916 536 4 13 0.013537216 
531 615 5 12 0.013534441 
646 701 7 16 0.01353192 
58 570 5 20 0.01353015 
604 241 7 18 0.013528393 
718 582 9 19 0.013519245 
760 962 6 10 0.013517656 
414 778 5 12 0.013515749 
775 896 5 9 0.013506464 
533 623 5 15 0.0135041075 
68 248 9 17 0.013495034 
298 342 7 16 0.013488704 
380 601 3 11 0.013481296 
212 788 6 23 0.013476782 
711 419 6 16 0.013476001 
19 434 5 13 0.013475229 
135 282 4 15 0.01346858 
298 329 6 16 0.013464654 
939 186 5 15 0.013462892 
555 635 5 14 0.013460301 
733 433 6 12 0.013455546 
80 585 6 20 0.013454876 
504 817 5 11 0.013433638 
146 152 5 16 0.013433391 
576 115 11 30 0.013433032 
927 382 5 13 0.013423493 
980 627 4 12 0.013418619 
135 869 4 14 0.0134140495 
135 291 5 14 0.013412497 
777 768 4 10 0.013394249 
809 61 8 15 0.013390468 
810 -9 50 54 0.013385643 
133 305 6 15 0.013367009 
271 251 7 19 0.013363438 
813 291 5 14 0.013363118 
602 929 9 20 0.013345984 
452 508 8 14 0.013340931 
303 520 5 17 0.013330165 
72 660 6 16 0.013320002 
707 674 7 14 0.013314219 
158 131 7 21 0.01331333 
980 408 5 11 0.013312915 
19 277 7 16 0.013308651 
83 672 6 16 0.013308006 
785 300 9 18 0.013301771 
621 280 6 15 0.013296426 
783 314 7 20 0.013282898 
186 175 7 18 0.013275255 
916 601 3 9 0.013269515 
314 552 4 12 0.01326225 
809 842 8 14 0.013258494 
178 482 9 23 0.013257647 
695 961 7 10 0.013257185 
850 783 5 9 0.013251791 
388 0 9 14 0.01324731 
46 429 7 20 0.013243133 
15 772 8 23 0.01324201 
691 1003 17 22 0.013240049 
489 884 8 24 0.013232829 
45 47 7 17 0.013215931 
260 251 6 16 0.013211627 
478 819 5 12 0.013210385 
302 530 5 20 0.013206308 
262 444 7 23 0.013205519 
693 299 12 32 0.013198989 
559 382 4 13 0.013195984 
774 963 6 9 0.013191196 
413 989 8 22 0.013183557 
554 842 5 14 0.013182615 
620 44 6 20 0.013182069 
964 521 6 14 0.013176847 
874 795 5 9 0.013175855 
441 459 5 14 0.013171206 
604 25 10 27 0.0131643405 
545 230 5 14 0.013163945 
468 818 5 13 0.013163152 
42 759 9 21 0.013163022 
1015 395 6 13 0.013151759 
362 503 10 22 0.013148989 
792 838 11 21 0.013120474 
680 270 9 29 0.0131145185 
658 315 7 18 0.013099802 
403 854 5 14 0.013094809 
798 642 9 21 0.0130673535 
457 742 6 12 0.013060818 
604 906 7 16 0.013057259 
719 971 12 14 0.013057168 
593 271 6 11 0.013051176 
609 586 5 15 0.013048219 
160 185 5 17 0.013047898 
840 653 4 10 0.0130377645 
520 125 19 34 0.013032532 
568 214 5 15 0.013024571 
210 801 7 24 0.013013193 
528 71 9 20 0.013011682 
334 163 13 35 0.013007383 
231 549 11 37 0.013004096 
667 333 7 14 0.012989544 
888 818 6 12 0.012989215 
581 912 9 23 0.012986134 
335 865 9 21 0.012983506 
953 576 5 10 0.01298276 
953 511 5 14 0.01297923 
634 74 5 15 0.012974099 
924 830 7 12 0.012971345 
170 295 5 13 0.012968225 
797 122 8 20 0.01296709 
927 356 5 13 0.012965711 
619 914 8 18 0.012962618 
735 782 5 10 0.012962318 
120 956 6 14 0.012962203 
450 521 9 18 0.012960739 
27 898 10 32 0.012957952 
825 870 5 11 0.012955951 
44 125 7 18 0.012952481 
781 323 9 25 0.012951757 
281 839 13 22 0.012946502 
964 625 6 13 0.0129447365 
440 544 6 18 0.012942629 
197 162 7 17 0.0129375 
783 337 8 21 0.012935722 
810 548 6 14 0.012934602 
764 980 15 17 0.01293403 
126 151 4 14 0.01292619 
39 812 9 21 0.012926093 
606 571 6 16 0.012921215 
493 493 5 17 0.012907745 
734 228 7 14 0.012899649 
123 99 5 17 0.012895897 
337 122 7 18 0.012887785 
891 577 4 10 0.012887421 
40 15 10 24 0.012882108 
927 525 4 10 0.012859559 
172 194 7 24 0.01285761 
697 949 6 9 0.012852624 
555 830 5 12 0.012844971 
350 716 5 12 0.012839961 
303 768 4 11 0.012829799 
224 727 4 16 0.012829655 
380 628 4 9 0.0128164105 
883 920 15 20 0.012814499 
606 74 7 18 0.012808963 
823 827 8 13 0.012806111 
401 538 6 13 0.012802411 
656 909 7 11 0.012801254 
836 902 7 17 0.012797024 
1002 505 8 18 0.012794169 
566 0 159 263 0.012776144 
902 832 7 15 0.012769283 
990 573 6 12 0.012765171 
617 457 6 16 0.012762133 
344 747 11 22 0.012754565 
761 266 5 15 0.012754192 
980 423 5 10 0.012744732 
45 660 7 18 0.012740006 
247 947 7 15 0.012731426 
117 1006 9 21 0.012728346 
389 868 4 14 0.012728093 
837 31 8 18 0.012726854 
432 17 13 23 0.012717702 
850 525 4 11 0.012716247 
660 428 8 21 0.012707588 
426 42 50 94 0.012706738 
183 429 8 18 0.012705111 
232 954 12 19 0.012689039 
775 677 5 12 0.012686201 
991 470 6 14 0.012683447 
964 537 6 13 0.01267012 
752 124 4 14 0.012658041 
713 631 13 21 0.012648927 
529 291 7 18 0.012637106 
594 471 6 12 0.012635212 
808 880 7 13 0.012631091 
68 438 7 26 0.0126250675 
776 779 5 11 0.012622548 
682 674 7 16 0.0126213785 
770 974 9 11 0.012614966 
351 445 6 17 0.012614623 
102 481 9 19 0.012610918 
536 125 14 33 0.012610906 
27 390 7 19 0.012610003 
1004 738 6 15 0.012605082 
732 972 10 12 0.012593254 
387 908 6 16 0.012593236 
399 993 6 18 0.012589595 
237 717 4 14 0.012581222 
561 369 4 14 0.012579867 
605 41 9 24 0.012578516 
787 961 7 10 0.012570422 
133 969 7 16 0.01256867 
2 326 7 22 0.012558402 
427 611 6 13 0.012550463 
425 5 13 20 0.012549919 
824 537 5 12 0.012548329 
184 279 6 15 0.012545867 
185 88 5 12 0.012544034 
656 227 7 16 0.012540616 
477 504 8 24 0.012538779 
736 404 6 16 0.012531402 
545 756 4 12 0.012530576 
82 700 7 19 0.012528251 
736 767 4 10 0.012526648 
891 925 16 20 0.012525939 
29 472 7 16 0.012523461 
590 952 10 22 0.012521179 
106 746 7 25 0.012504382 
707 579 10 20 0.012496941 
462 46 11 20 0.012493758 
481 5 16 20 0.012493235 
376 893 6 13 0.012491689 
1005 981 5 13 0.012486673 
619 88 6 17 0.012483204 
888 522 5 12 0.012472463 
467 668 17 27 0.01246611 
929 678 3 12 0.012464665 
204 223 10 24 0.012463351 
993 304 5 13 0.012462119 
709 702 5 14 0.012457952 
912 780 8 15 0.012457848 
288 391 7 17 0.012453353 
432 706 4 12 0.012451476 
902 781 6 13 0.012451125 
261 471 5 22 0.012444444 
109 226 6 18 0.012443763 
146 227 6 21 0.012437852 
41 1 8 15 0.012425354 
340 369 4 13 0.012423739 
807 534 7 15 0.01241941 
351 504 8 21 0.012417211 
490 580 8 24 0.012411715 
441 705 5 13 0.012407503 
660 832 7 13 0.012407099 
954 228 5 14 0.012407018 
198 61 6 15 0.012396348 
404 920 4 12 0.012394322 
12 709 12 23 0.0123922955 
1004 994 4 14 0.012390021 
123 70 5 18 0.012385803 
18 471 6 18 0.012385407 
930 628 5 11 0.0123835225 
467 903 5 17 0.012383424 
247 738 5 17 0.012369563 
731 571 8 18 0.0123663945 
438 509 8 15 0.0123568475 
66 571 7 22 0.012354567 
889 832 6 12 0.012342888 
678 970 11 16 0.012341016 
554 851 6 16 0.012340947 
371 77 14 33 0.012338669 
584 691 5 10 0.012323824 
644 404 9 22 0.012321412 
230 519 14 39 0.012318254 
54 252 8 14 0.012313364 
4 920 11 31 0.0123072835 
664 349 11 21 0.012306134 
352 495 8 19 0.012304368 
194 132 8 21 0.012303331 
-16 -52 113 248 0.01229763 
915 678 4 11 0.012297352 
103 593 9 25 0.012295603 
668 407 7 16 0.01229426 
928 423 4 10 0.012292057 
271 725 7 25 0.01228633 
69 -10 99 104 0.012284247 
501 70 11 23 0.012280786 
406 934 4 12 0.012277607 
118 606 9 27 0.012272485 
230 604 11 33 0.012269375 
437 519 9 19 0.012264175 
706 73 7 17 0.012258942 
298 725 8 22 0.01225309 
340 717 4 12 0.012247059 
185 75 5 12 0.0122429775 
902 410 5 12 0.012242845 
338 575 5 11 0.0122424755 
708 43 6 18 0.012240388 
796 569 10 25 0.012238237 
594 754 5 14 0.012237223 
422 828 9 19 0.01223659 
43 468 6 18 0.0122343125 
647 83 10 21 0.012223058 
82 967 8 18 0.012221918 
417 199 66 96 0.012209772 
389 602 4 11 0.012209719 
225 253 6 15 0.012204304 
529 943 6 17 0.012193581 
568 626 5 11 0.0121918935 
93 995 7 14 0.012186066 
96 -6 25 78 0.01218171 
941 3 5 12 0.012162814 
-48 383 136 256 0.012154279 
41 747 8 20 0.012150215 
581 756 5 13 0.0121473195 
605 653 7 14 0.012141782 
274 441 7 22 0.012138385 
737 175 4 17 0.012134749 
589 41 11 25 0.012127532 
316 573 4 14 0.012126829 
584 680 4 10 0.012117727 
582 613 5 13 0.012111129 
632 598 6 13 0.012108676 
517 36 7 15 0.0121071255 
581 225 7 19 0.012106486 
148 293 5 11 0.012104058 
552 100 12 32 0.01209692 
631 664 5 14 0.012092345 
630 869 6 12 0.012085233 
787 420 5 13 0.012084744 
407 64 15 34 0.012083839 
941 434 5 11 0.012073478 
579 904 8 18 0.012063824 
425 16 13 22 0.01206288 
903 486 4 11 0.012049567 
688 363 16 22 0.012047888 
399 790 5 12 0.012046684 
657 103 9 23 0.0120459795 
443 688 5 14 0.012024476 
283 258 10 26 0.012014039 
484 699 9 17 0.012013914 
659 931 7 14 0.012012754 
761 768 5 10 0.012006842 
77 72 9 18 0.012004947 
824 63 6 14 0.011992596 
480 768 5 12 0.011991398 
769 647 9 17 0.011990844 
543 33 8 17 0.011987534 
505 551 4 14 0.011977502 
583 715 4 11 0.011959285 
929 448 5 12 0.011950486 
878 513 4 10 0.011947817 
708 112 7 17 0.011938538 
539 147 9 21 0.011935727 
615 346 151 232 0.011933248 
779 1003 14 26 0.011922951 
773 510 6 16 0.011917694 
800 951 5 10 0.011910475 
476 271 11 25 0.011910443 
481 866 5 19 0.011909207 
356 1003 16 24 0.011907581 
954 461 5 13 0.01190491 
617 496 7 17 0.011893799 
272 454 8 22 0.011893311 
272 226 7 18 0.011873943 
888 805 5 11 0.011870677 
704 308 13 33 0.01186281 
824 858 5 11 0.0118501885 
749 768 5 11 0.0118435575 
505 411 5 11 0.011839964 
544 636 6 14 0.011839753 
528 226 7 15 0.011833026 
1013 624 9 17 0.01182986 
528 302 7 21 0.011828098 
1015 367 7 17 0.011825178 
425 573 6 15 0.011823328 
747 433 7 13 0.011820471 
69 805 5 14 0.011817541 
95 965 9 21 0.0118107665 
966 420 5 12 0.011809565 
711 478 6 20 0.011806771 
635 481 5 17 0.011801642 
835 827 8 14 0.0117953485 
647 447 6 15 0.011792304 
503 809 5 10 0.011792009 
449 416 10 20 0.011791514 
800 522 5 13 0.01179147 
647 73 8 17 0.011789282 
457 715 5 12 0.011764447 
670 216 9 15 0.0117607005 
875 578 5 9 0.0117522525 
570 281 5 13 0.011749578 
411 6 12 19 0.011746256 
170 187 7 20 0.011736766 
4 305 5 16 0.011735195 
205 171 10 23 0.011726306 
351 577 5 11 0.011717937 
623 978 16 24 0.011715956 
425 879 6 18 0.011714344 
820 25 37 85 0.011713802 
786 582 11 24 0.011711253 
619 871 7 12 0.011706528 
284 955 10 17 0.011705437 
413 830 8 18 0.011696829 
137 -12 99 114 0.011693814 
1017 385 5 12 0.011684213 
567 62 8 17 0.011682825 
925 818 6 11 0.011677249 
799 756 5 9 0.01167413 
967 576 5 10 0.0116649885 
580 891 9 16 0.011652407 
890 395 4 12 0.011650447 
453 687 6 14 0.01164713 
711 446 5 13 0.011635313 
82 688 6 16 0.011634842 
782 223 8 20 0.0116308015 
364 629 4 10 0.011630796 
468 793 4 12 0.011623967 
733 644 10 23 0.011622281 
274 426 9 26 0.011619339 
466 729 5 11 0.011616858 
442 935 5 10 0.011610597 
633 520 6 16 0.011607205 
301 217 6 14 0.011605213 
497 83 15 26 0.011599723 
810 894 6 13 0.011589936 
656 217 7 13 0.01158833 
723 175 5 19 0.011583683 
991 449 4 11 0.011582612 
582 571 6 17 0.011582046 
761 277 6 15 0.011573991 
118 943 6 15 0.011570806 
365 613 4 11 0.011568604 
977 651 5 12 0.011568232 
941 422 4 11 0.011563381 
43 254 6 12 0.011561626 
641 928 9 19 0.011557676 
366 653 4 10 0.011553009 
787 293 7 15 0.011551158 
477 934 6 16 0.0115452735 
527 126 79 133 0.01154134 
595 612 6 13 0.011541296 
595 679 4 11 0.011541232 
733 110 8 20 0.011539371 
271 967 10 18 0.011538539 
461 944 7 15 0.011537107 
504 743 5 11 0.011531699 
619 546 8 20 0.011531443 
310 512 5 14 0.011530258 
915 613 4 11 0.011527671 
250 42 6 20 0.011523609 
890 840 7 14 0.011522809 
707 893 6 11 0.01151555 
44 437 9 26 0.01151453 
69 483 6 18 0.011503312 
954 599 5 11 0.011502195 
991 996 4 13 0.0114966985 
221 788 7 22 0.011495951 
601 3 13 24 0.011494743 
532 249 6 18 0.01149153 
481 754 5 12 0.011488098 
256 514 12 36 0.01148364 
563 31 12 21 0.011482731 
246 328 7 20 0.011476514 
134 983 7 18 0.011475167 
122 86 5 17 0.011472652 
749 407 5 14 0.011472047 
42 -13 42 82 0.011469668 
78 45 8 20 0.011469609 
130 1006 9 22 0.011456057 
601 938 11 24 0.01145348 
657 441 7 18 0.011440402 
462 287 10 19 0.011430764 
493 833 5 10 0.011418926 
516 396 5 11 0.011416988 
556 651 6 13 0.011415439 
104 463 229 321 0.011410289 
777 753 5 11 0.011404993 
301 510 5 13 0.011390067 
903 600 4 9 0.011385038 
774 419 5 13 0.011384549 
1013 486 8 15 0.011382756 
915 689 4 13 0.011380052 
436 30 12 24 0.01137956 
400 894 5 13 0.011374024 
40 723 8 19 0.011365823 
715 590 18 34 0.011354508 
982 435 4 11 0.011351228 
5 458 5 16 0.011344892 
299 315 7 18 0.011340353 
42 788 8 21 0.011335301 
940 651 5 10 0.011334699 
567 897 7 12 0.011332036 
4 443 6 18 0.0113101965 
232 945 10 17 0.011307265 
694 478 9 23 0.011302345 
718 657 10 21 0.01130162 
773 123 6 17 0.011295496 
673 672 7 17 0.011295378 
274 404 9 21 0.01129065 
71 675 5 15 0.011287629 
416 945 4 13 0.011287169 
515 23 8 16 0.011283706 
80 362 6 19 0.011278281 
660 510 6 13 0.0112711 
352 344 5 15 0.011253238 
570 738 5 14 0.0112478165 
439 44 11 24 0.011246995 
722 688 6 14 0.011243258 
606 611 7 15 0.011241116 
607 639 6 11 0.0112338625 
694 135 6 21 0.01123087 
529 261 7 22 0.011230441 
488 899 8 24 0.01122528 
693 520 10 21 0.011224411 
787 730 5 11 0.011221406 
527 212 8 18 0.011212986 
668 61 9 16 0.011204626 
428 625 6 15 0.011204309 
182 215 7 19 0.011195406 
465 682 9 19 0.011193111 
683 442 7 16 0.011189496 
287 508 7 17 0.011185217 
290 795 16 31 0.011146872 
751 20 6 15 0.011146063 
684 885 6 9 0.011144981 
402 403 7 19 0.011143305 
556 616 4 10 0.011132638 
543 739 5 13 0.01112557 
833 15 15 18 0.011125387 
377 869 5 12 0.011123995 
454 905 5 17 0.011117383 
459 56 14 24 0.011113809 
475 32 11 20 0.011108658 
823 918 7 15 0.0111076115 
490 259 9 26 0.011103207 
618 661 6 14 0.011102243 
824 627 6 13 0.011093802 
659 418 8 17 0.011092536 
991 396 4 11 0.011091067 
376 766 5 14 0.011088222 
890 502 5 9 0.011080936 
716 620 12 18 0.011076687 
772 658 7 17 0.0110743325 
462 34 11 19 0.011069592 
796 314 7 19 0.011064008 
757 10 10 15 0.011055715 
80 1005 9 23 0.011045753 
479 728 7 15 0.011040679 
205 106 10 22 0.011039034 
425 751 9 16 0.011034709 
130 995 7 18 0.011029517 
184 856 6 14 0.011016683 
786 678 7 13 0.011002181 
426 852 8 22 0.010999873 
404 459 6 16 0.010996845 
510 105 16 28 0.010992499 
456 728 5 12 0.010985176 
323 132 27 70 0.010982799 
770 294 6 13 0.010979857 
516 369 5 13 0.010973138 
432 7 14 19 0.010970975 
305 6 170 206 0.010968352 
703 641 15 27 0.010964728 
183 869 7 13 0.010961966 
711 429 5 14 0.010959563 
723 7 9 18 0.01095841 
887 794 5 10 0.010957055 
952 266 6 15 0.010955257 
1004 74 33 71 0.010946353 
593 239 7 18 0.010938956 
797 326 8 21 0.010938272 
654 1003 16 27 0.0109376935 
324 740 5 13 0.010936446 
979 615 5 11 0.010932744 
929 611 5 12 0.010930696 
375 458 5 17 0.010923002 
417 394 5 16 0.010916266 
981 447 5 12 0.010915102 
479 945 5 14 0.010912941 
800 268 6 16 0.010905397 
670 497 7 15 0.010905357 
785 135 7 15 0.010903146 
67 0 10 16 0.010897007 
749 165 5 15 0.010895656 
732 19 8 18 0.010888103 
710 522 6 17 0.010885814 
902 629 5 11 0.010882041 
426 919 7 14 0.0108714225 
890 600 4 9 0.010860597 
603 1002 12 20 0.010844058 
52 94 10 23 0.010831878 
915 432 5 11 0.0108278105 
422 44 12 25 0.010824993 
609 704 5 11 0.010818275 
316 728 5 16 0.010805638 
678 240 26 76 0.010800155 
182 838 8 21 0.010798912 
367 663 4 11 0.010798667 
582 419 4 15 0.010796436 
261 428 8 23 0.010793295 
482 132 57 111 0.010784629 
41 685 9 20 0.010758014 
188 899 17 23 0.01075156 
379 778 4 13 0.01074499 
978 495 6 13 0.010744184 
727 540 11 22 0.010741292 
840 600 4 13 0.010736489 
645 894 7 13 0.0107319625 
107 32 9 32 0.01073013 
671 -15 94 93 0.010728764 
691 356 12 18 0.010721316 
749 962 6 10 0.010718641 
426 344 8 33 0.010711268 
865 615 4 10 0.010711181 
978 521 6 14 0.010709791 
198 268 6 15 0.010703994 
684 552 20 32 0.010703867 
1015 993 6 18 0.010699641 
697 935 6 10 0.010694938 
334 71 29 68 0.010694534 
116 983 8 19 0.010692425 
519 742 5 11 0.010690771 
771 225 7 16 0.010689813 
54 240 10 17 0.010686275 
781 642 12 22 0.010680992 
247 253 5 15 0.010679571 
800 613 37 72 0.010674751 
29 110 5 17 0.010674706 
550 125 13 34 0.01067394 
528 960 6 14 0.010672022 
1003 623 7 16 0.010669128 
888 485 5 10 0.010668101 
669 509 8 16 0.010656261 
667 394 7 15 0.01065249 
796 63 9 13 0.010644499 
430 382 5 19 0.010638479 
966 598 6 14 0.0106355185 
5 405 5 16 0.0106350565 
37 901 32 71 0.010623784 
309 12 13 27 0.010621789 
341 741 5 13 0.0106179025 
169 224 9 25 0.01061752 
809 73 7 15 0.010611141 
454 704 5 14 0.010609559 
606 59 8 21 0.010601673 
681 405 9 18 0.010598283 
335 404 7 20 0.010596983 
79 17 9 21 0.010594877 
986 141 26 64 0.010581935 
543 310 8 23 0.01057446 
69 520 6 17 0.010573771 
721 111 8 18 0.010562621 
792 73 10 16 0.010562303 
507 83 38 70 0.010562125 
480 806 5 12 0.0105597675 
197 471 5 17 0.010559693 
568 251 5 14 0.010559413 
694 634 11 15 0.010559353 
450 544 9 20 0.010557585 
658 870 8 14 0.010553297 
39 734 9 20 0.010551047 
157 147 7 20 0.010550161 
316 472 4 13 0.010541971 
93 788 7 20 0.010537386 
926 216 5 14 0.01053077 
288 378 8 18 0.010530184 
428 363 6 26 0.010529295 
730 532 9 20 0.010524467 
549 971 13 17 0.010511534 
992 960 5 9 0.010500896 
123 419 6 17 0.010499826 
15 483 8 19 0.010496487 
615 1002 13 23 0.010491279 
555 768 5 10 0.010490001 
204 74 10 22 0.010489191 
863 -19 107 100 0.010487082 
1014 764 6 16 0.010479019 
668 968 12 19 0.0104742935 
838 47 7 16 0.010466355 
83 785 7 22 0.010465585 
684 868 6 11 0.0104608685 
607 529 8 20 0.010455249 
695 441 8 18 0.010448353 
858 956 29 31 0.010439296 
326 755 5 11 0.010439272 
405 663 5 12 0.010434639 
517 468 5 15 0.010433869 
301 557 6 23 0.010428244 
838 859 6 9 0.01042065 
761 974 8 10 0.010417513 
821 32 10 19 0.0104121175 
952 588 5 11 0.010411842 
262 725 6 20 0.010397475 
437 828 10 18 0.010396445 
532 740 5 12 0.010394796 
337 458 6 16 0.010390143 
269 615 73 86 0.010372316 
928 651 5 10 0.010371396 
799 962 6 9 0.010370133 
205 48 9 18 0.010370045 
1000 1005 7 22 0.0103684 
731 82 7 20 0.010354798 
525 68 36 68 0.010354593 
528 314 6 17 0.010354398 
439 729 5 13 0.010349972 
909 -5 35 80 0.010347461 
326 701 6 15 0.010346348 
285 248 10 22 0.010344309 
605 660 7 14 0.01034096 
795 973 9 12 0.01034058 
284 214 7 16 0.010338833 
695 122 6 16 0.010330658 
571 288 5 17 0.010317961 
288 238 8 18 0.010316968 
171 214 7 21 0.010314651 
54 557 6 20 0.010306365 
811 933 6 13 0.010301788 
710 534 8 19 0.010300437 
672 854 8 11 0.010297102 
465 716 5 12 0.010289515 
33 963 18 32 0.010284602 
916 576 5 11 0.010283491 
284 439 9 24 0.010275097 
311 31 8 19 0.010273988 
372 479 9 23 0.010266131 
847 64 29 71 0.010258522 
244 398 11 28 0.010252791 
427 868 6 18 0.0102519775 
177 246 13 30 0.010250947 
84 495 5 15 0.010243002 
56 687 7 16 0.010237764 
1003 447 6 11 0.010237511 
353 630 3 11 0.010234488 
381 639 4 12 0.0102295 
903 576 4 11 0.010225102 
683 54 9 23 0.010222029 
750 151 5 15 0.01022105 
620 61 5 18 0.010215605 
296 255 11 28 0.010195961 
243 381 13 31 0.010189019 
311 862 14 23 0.010188674 
71 509 5 15 0.010187491 
800 559 6 13 0.010185818 
848 2 32 70 0.010184423 
863 629 4 9 0.010183741 
695 685 7 18 0.010179998 
453 821 35 87 0.0101774465 
262 212 6 20 0.010175295 
634 494 5 16 0.01017032 
283 314 10 21 0.010164274 
417 933 5 13 0.010159929 
621 612 5 14 0.010153187 
117 646 8 27 0.010152796 
491 945 5 16 0.010149173 
68 972 7 15 0.010148081 
669 380 7 15 0.010146155 
751 38 4 12 0.010143426 
631 775 9 21 0.010132827 
198 771 6 28 0.010124136 
27 16 9 32 0.010123743 
723 71 7 17 0.010115093 
494 484 5 14 0.010112831 
977 535 6 15 0.010107686 
315 716 5 16 0.010103717 
452 954 9 18 0.01009445 
642 683 33 63 0.010093327 
533 754 4 11 0.010092184 
442 802 7 14 0.010081564 
67 57 10 22 0.0100806225 
758 3 8 11 0.010079129 
1013 448 7 12 0.010068866 
1016 405 6 16 0.010063565 
975 585 8 16 0.010050831 
968 585 6 13 0.010044257 
840 873 4 9 0.010043982 
336 687 6 16 0.0100378115 
441 922 5 12 0.010035357 
595 446 5 14 0.010025779 
665 90 11 26 0.010025726 
181 183 7 20 0.010022849 
877 628 4 9 0.010022234 
607 628 6 13 0.010019211 
346 763 10 19 0.010004461 
646 509 6 14 0.010002478 
989 494 6 14 0.010001349 
