46_Jockey_Jockey_46_718
3064
420 85 34 44 0.9795101 
495 146 50 90 0.6126095 
976 374 7 13 0.2994021 
914 384 9 17 0.23964794 
919 383 10 18 0.23387869 
1015 371 7 15 0.22497901 
302 150 18 25 0.21591645 
990 385 6 12 0.207847 
898 387 7 14 0.19267453 
987 409 8 17 0.18592104 
330 124 11 20 0.15335137 
847 395 10 16 0.15113169 
1002 385 6 12 0.14920989 
851 387 6 11 0.14341459 
351 134 19 34 0.14130172 
978 406 7 15 0.13935077 
941 375 5 10 0.13791874 
888 387 7 12 0.13680825 
976 381 7 15 0.13435869 
861 398 8 14 0.13370366 
989 377 6 10 0.1284451 
996 467 22 29 0.12744683 
1015 407 8 19 0.1272876 
862 387 6 11 0.123798825 
988 397 8 17 0.12274708 
851 377 6 12 0.122647375 
951 376 6 10 0.118196465 
627 326 12 29 0.11752266 
618 327 11 28 0.11656446 
293 193 215 267 0.11606096 
996 457 18 22 0.11419829 
938 388 6 12 0.113613635 
936 395 9 15 0.11326433 
925 376 6 10 0.112708256 
1003 600 6 14 0.11255093 
1005 375 5 10 0.1123911 
428 607 4 8 0.11060271 
991 509 21 31 0.11046956 
1016 361 7 17 0.10956544 
538 137 15 28 0.10891948 
512 185 89 103 0.1081771 
258 163 14 22 0.106947854 
356 122 15 26 0.10496563 
989 420 7 15 0.10480963 
1016 399 6 16 0.104788736 
680 313 10 31 0.104273304 
966 337 4 10 0.10373639 
19 416 4 7 0.10209912 
915 378 6 9 0.099652484 
859 404 12 19 0.099322736 
758 358 6 11 0.09909173 
969 375 5 11 0.09877887 
367 111 12 27 0.09798897 
1016 383 7 15 0.09774791 
694 264 7 25 0.0975085 
416 607 4 8 0.0974772 
967 385 6 11 0.09680827 
263 198 16 27 0.09659959 
361 114 11 22 0.09631661 
614 85 11 25 0.096174955 
890 379 5 8 0.09606511 
877 387 5 10 0.09587737 
606 330 9 26 0.09586661 
468 607 4 8 0.095447116 
976 403 7 11 0.095197596 
140 158 10 33 0.09499513 
768 462 12 17 0.0944895 
901 377 5 9 0.093956545 
302 568 4 8 0.09312595 
691 311 10 31 0.09282831 
953 386 5 11 0.092748314 
645 501 7 16 0.092730656 
864 378 5 10 0.09194404 
302 595 4 8 0.09123145 
886 398 7 12 0.091058314 
693 292 8 27 0.09097153 
967 325 3 10 0.090906225 
750 596 3 8 0.09047445 
723 581 4 10 0.09032627 
760 352 5 9 0.08958799 
540 447 10 18 0.08943883 
684 441 5 11 0.08941864 
751 361 4 10 0.08837699 
977 555 5 9 0.08751691 
950 399 7 12 0.08682584 
45 415 4 8 0.08494436 
569 595 4 7 0.0849277 
1003 409 6 14 0.08488075 
781 471 9 17 0.08479568 
657 447 8 17 0.084548056 
683 513 6 14 0.084458016 
761 607 4 8 0.08421381 
327 556 4 8 0.08388255 
129 157 11 33 0.08319807 
810 398 6 14 0.08311217 
289 569 3 7 0.08307402 
761 596 3 8 0.082828715 
443 607 3 8 0.08194371 
785 350 5 8 0.081449844 
912 393 9 15 0.08111792 
1003 397 6 13 0.08109465 
682 500 6 15 0.08109441 
873 408 8 15 0.08102856 
776 350 5 9 0.08061402 
841 424 184 164 0.08056924 
6 416 5 9 0.080483586 
302 580 4 9 0.08040286 
684 292 7 24 0.080373414 
595 385 5 15 0.080324546 
682 446 8 17 0.07965134 
697 440 5 10 0.079269126 
693 447 8 16 0.07925475 
811 408 6 14 0.07918868 
737 594 4 9 0.07901737 
749 606 4 8 0.07892024 
956 337 3 10 0.07868537 
637 326 11 29 0.078657344 
219 421 11 17 0.07831242 
513 134 14 26 0.0781884 
980 337 3 11 0.0780129 
1002 614 6 14 0.07783511 
825 347 6 9 0.0776856 
724 592 4 11 0.07735932 
1005 337 4 12 0.076894656 
451 107 136 148 0.07681764 
289 596 3 7 0.07672782 
950 409 10 16 0.076655395 
304 263 20 35 0.076213144 
176 211 12 22 0.07616709 
299 185 24 33 0.07612483 
922 392 11 17 0.07589829 
568 605 5 9 0.07552281 
750 507 4 8 0.075369075 
620 604 4 11 0.0752642 
403 607 4 8 0.075091876 
875 401 6 11 0.07467738 
289 581 4 8 0.07455734 
658 441 5 11 0.07438616 
302 558 3 8 0.07433705 
1017 640 7 17 0.07375596 
609 605 4 11 0.07373604 
685 265 6 25 0.07367739 
533 523 12 18 0.073659495 
56 416 4 7 0.07365867 
594 330 6 23 0.073517725 
329 133 16 32 0.07336503 
596 413 4 14 0.07331741 
605 353 7 23 0.073051564 
979 566 5 10 0.07292426 
19 423 5 11 0.072407715 
966 410 7 12 0.07240674 
455 569 3 8 0.07234743 
394 222 16 36 0.07217601 
347 127 12 21 0.07215775 
720 565 6 14 0.07202851 
750 514 5 11 0.0719063 
667 447 8 18 0.07161292 
455 608 4 8 0.0716099 
683 253 7 23 0.07113288 
264 583 3 7 0.07106282 
1017 418 8 18 0.07084608 
1002 628 6 15 0.070376225 
941 335 4 10 0.07032784 
779 462 9 17 0.070311174 
956 325 3 10 0.0702495 
720 551 6 16 0.07019757 
275 596 4 7 0.07017888 
774 608 4 9 0.070125036 
712 592 4 11 0.069979325 
277 570 3 7 0.06937647 
552 448 9 15 0.06928119 
595 372 5 16 0.06927672 
276 582 3 8 0.06886491 
607 412 5 15 0.06872378 
1006 364 5 11 0.0685779 
836 348 6 10 0.06853799 
736 530 4 11 0.068500005 
707 448 7 15 0.06837478 
610 594 3 9 0.06834234 
257 192 14 22 0.068331026 
884 408 8 14 0.06812439 
827 342 4 7 0.06790076 
656 500 7 17 0.067817196 
169 213 12 19 0.06777455 
625 95 11 27 0.06759608 
708 564 7 15 0.06748239 
379 558 4 6 0.067479715 
244 70 10 30 0.06747885 
737 605 4 9 0.06737412 
738 364 3 9 0.0673544 
752 353 4 9 0.06724088 
237 569 3 8 0.06717867 
524 530 18 26 0.06709657 
605 86 11 22 0.06695365 
327 546 3 8 0.06674713 
251 557 3 8 0.066723935 
251 582 3 8 0.06662037 
583 414 5 13 0.066569716 
941 327 4 9 0.06648846 
620 594 4 9 0.06641226 
84 460 4 15 0.06623945 
750 582 4 9 0.06622855 
837 386 6 12 0.06617652 
251 569 3 8 0.066105776 
876 379 5 9 0.06605846 
521 134 18 31 0.06605289 
469 595 3 7 0.066042006 
417 557 4 7 0.065983824 
367 147 13 29 0.06595139 
455 557 3 8 0.06594057 
595 358 5 18 0.06574997 
1003 593 6 13 0.065721415 
811 347 6 9 0.06551431 
749 372 4 12 0.065475896 
290 558 3 7 0.06545738 
654 510 7 17 0.06537255 
225 558 3 8 0.06511367 
506 608 4 8 0.06503035 
865 566 4 10 0.06498468 
296 159 16 23 0.06480784 
274 159 93 93 0.064782135 
698 593 5 11 0.06467341 
237 558 4 7 0.06461397 
391 607 4 8 0.06459117 
736 535 5 14 0.06448604 
993 337 4 11 0.064464584 
645 521 7 17 0.06442993 
709 527 6 12 0.064371325 
481 583 3 8 0.06423565 
670 501 7 15 0.064033106 
647 441 5 12 0.06403136 
354 558 3 7 0.06389256 
314 595 3 8 0.06387131 
735 583 4 9 0.063768476 
428 557 4 8 0.063688904 
366 558 3 7 0.06364949 
327 568 4 9 0.063585944 
12 214 17 27 0.06346449 
340 596 3 7 0.06343734 
69 491 5 13 0.06336502 
747 554 5 11 0.063269086 
518 607 4 8 0.06325233 
670 511 6 15 0.06317801 
312 147 20 28 0.063157886 
710 581 5 12 0.062983386 
634 604 5 11 0.06297407 
707 551 8 17 0.062837966 
31 416 4 7 0.06272403 
494 607 4 9 0.062627465 
379 570 3 7 0.062551856 
507 584 4 7 0.06254777 
235 490 4 11 0.06251084 
603 512 7 15 0.062466647 
392 583 3 7 0.0623907 
630 306 7 17 0.062222056 
1005 346 5 12 0.062185973 
258 100 8 22 0.06212152 
481 594 3 8 0.06205273 
980 325 3 11 0.06201779 
774 359 6 10 0.06194746 
275 479 4 8 0.06177139 
258 157 10 13 0.061709814 
128 107 11 31 0.061684962 
1003 640 5 13 0.061585907 
981 579 4 10 0.061581388 
405 583 3 7 0.06151906 
340 556 4 8 0.061510596 
246 97 8 23 0.061508995 
151 217 14 20 0.061327934 
668 458 7 15 0.061309755 
556 583 4 7 0.0613038 
525 499 12 17 0.061263338 
494 595 3 8 0.061183125 
1005 565 5 11 0.06116842 
790 367 216 116 0.061092056 
429 582 4 7 0.06102358 
391 571 3 7 0.060880765 
243 202 14 21 0.060691904 
670 488 5 11 0.060487505 
931 404 15 22 0.060470793 
117 158 10 30 0.06043439 
667 323 9 32 0.060394667 
275 606 4 8 0.060389683 
339 607 4 8 0.060279626 
405 557 3 6 0.06018397 
968 403 5 10 0.060134526 
469 583 3 7 0.060072113 
264 556 3 8 0.06002446 
519 596 4 7 0.059997424 
672 441 5 11 0.059992846 
90 315 8 25 0.059985273 
947 449 101 118 0.05994503 
256 85 9 24 0.059861727 
379 583 3 7 0.05974676 
300 607 4 8 0.05972153 
251 464 5 11 0.059646446 
204 207 10 15 0.059601728 
607 386 5 14 0.05958188 
606 371 6 17 0.059543572 
417 583 4 7 0.059492357 
723 606 4 10 0.059467394 
226 489 4 12 0.059338618 
498 380 11 21 0.059321538 
865 590 4 12 0.05930861 
224 503 5 11 0.059246417 
327 581 4 9 0.05921032 
353 595 4 7 0.059199404 
392 594 3 7 0.0591977 
264 594 3 8 0.059195723 
633 593 5 10 0.05918447 
976 366 6 11 0.05915875 
903 367 4 9 0.059152126 
800 349 6 8 0.05914901 
619 306 8 18 0.059129555 
226 569 3 7 0.059120797 
838 395 8 15 0.059072997 
632 451 7 14 0.05904689 
212 502 4 12 0.059007373 
468 570 4 7 0.0589814 
254 257 14 36 0.058959026 
711 606 4 10 0.058907513 
890 337 4 11 0.058832765 
697 566 5 13 0.05876286 
685 426 5 12 0.05875182 
256 71 9 26 0.058733888 
596 594 4 8 0.05871185 
588 446 10 20 0.05868992 
684 565 5 14 0.058567833 
965 633 5 11 0.05852984 
619 526 7 14 0.058505513 
787 552 5 11 0.058471456 
153 159 10 30 0.05844202 
762 634 5 8 0.05842683 
709 439 5 11 0.058408804 
644 447 8 16 0.058287267 
481 558 4 8 0.05827918 
289 120 94 89 0.058179624 
916 368 4 8 0.058167975 
633 296 6 14 0.05814414 
418 570 3 7 0.058128305 
443 557 3 8 0.0580887 
682 522 7 15 0.058085274 
264 570 3 8 0.057963546 
264 606 4 8 0.0577929 
105 170 8 27 0.057744596 
864 554 4 8 0.057715736 
606 478 5 11 0.057707623 
908 458 9 22 0.057663288 
903 336 4 11 0.05758267 
479 606 4 8 0.057559263 
113 106 12 33 0.0574259 
366 607 3 8 0.05740758 
591 440 7 15 0.05737354 
417 595 3 7 0.057368033 
316 545 3 8 0.05735401 
750 567 4 10 0.057293996 
244 359 11 39 0.057287812 
646 491 5 10 0.057260163 
851 364 5 11 0.057167333 
404 594 3 8 0.057077516 
367 570 3 7 0.057030838 
278 557 3 8 0.05700698 
517 462 18 29 0.05699909 
694 516 6 13 0.056986265 
366 595 3 8 0.056840632 
11 29 19 40 0.056785036 
762 581 4 9 0.056740586 
202 213 13 23 0.056736425 
931 327 4 10 0.056729175 
20 580 4 9 0.05669979 
620 450 6 13 0.056692556 
556 567 5 9 0.056641977 
443 570 4 7 0.056508366 
1015 565 7 13 0.056396503 
375 91 7 16 0.056343418 
888 256 6 19 0.05627979 
941 367 4 9 0.056249645 
70 452 3 12 0.056181617 
213 568 4 8 0.056131966 
826 576 5 12 0.056120783 
658 489 5 11 0.056096964 
468 558 4 7 0.056066945 
236 503 5 11 0.0560537 
267 41 15 33 0.055979546 
100 105 13 34 0.05591026 
596 605 4 10 0.055904876 
844 402 14 22 0.055903368 
534 158 18 31 0.05589834 
748 525 6 13 0.055837065 
928 368 4 8 0.05573813 
813 342 5 7 0.05571562 
581 581 4 10 0.055713322 
378 608 4 7 0.055694677 
194 206 10 16 0.055689633 
327 118 8 16 0.055674266 
797 427 5 11 0.055650808 
480 569 4 7 0.055539843 
546 146 12 25 0.055434253 
1000 421 7 15 0.05542623 
153 227 13 21 0.055378664 
605 525 6 12 0.05533248 
418 467 16 28 0.055285852 
708 537 8 17 0.05525128 
419 394 14 24 0.05518198 
698 607 5 10 0.05506463 
570 582 4 8 0.055028643 
583 518 4 9 0.055026215 
891 366 4 9 0.055023856 
609 581 4 9 0.05499389 
719 539 6 14 0.054927453 
584 386 4 13 0.05489193 
786 484 7 15 0.05486072 
157 426 7 12 0.054703817 
428 570 4 8 0.054698307 
232 204 12 18 0.054681137 
250 476 4 10 0.05464138 
353 570 3 7 0.054560963 
988 433 8 16 0.05443589 
280 42 13 31 0.054412343 
607 424 5 15 0.05440767 
621 581 4 9 0.05436429 
316 266 14 27 0.054313492 
392 557 3 6 0.0542337 
315 557 4 7 0.05420803 
319 137 15 26 0.054201704 
405 571 3 6 0.054187957 
31 404 5 8 0.05413852 
646 607 5 10 0.05407579 
672 477 5 11 0.05400248 
60 490 4 12 0.053975616 
429 595 3 7 0.053931527 
508 595 3 7 0.053914525 
363 104 7 15 0.053901393 
237 581 4 8 0.053833924 
398 173 14 25 0.05378132 
352 607 4 8 0.05375313 
931 335 3 10 0.053630173 
602 496 9 22 0.053593136 
71 460 4 13 0.053549107 
408 172 14 27 0.05349283 
26 359 9 15 0.053472698 
353 582 3 8 0.053450316 
1015 630 7 15 0.053300746 
19 568 4 9 0.053292733 
355 150 18 37 0.05325299 
721 528 5 10 0.053242553 
19 453 4 11 0.053187497 
783 359 7 9 0.05315929 
206 123 9 25 0.05314187 
762 554 4 10 0.053104408 
633 490 5 10 0.053100303 
845 574 240 304 0.053077053 
70 417 4 7 0.053070486 
494 585 3 7 0.053065 
314 607 4 8 0.053040758 
660 397 4 21 0.053021286 
102 145 11 36 0.053017844 
19 406 5 7 0.05297328 
328 595 4 8 0.052954327 
745 539 5 12 0.052929167 
249 595 4 8 0.052861534 
1018 347 6 16 0.052693024 
644 294 6 17 0.052687004 
656 521 8 18 0.052681994 
314 581 4 9 0.05266704 
850 565 5 10 0.05264268 
619 630 6 17 0.052639708 
661 425 4 14 0.052599914 
289 607 4 7 0.052577212 
6 422 5 12 0.052563094 
142 219 12 18 0.05254846 
443 582 4 7 0.052506246 
607 631 5 17 0.052458946 
162 227 15 25 0.052384786 
536 239 52 65 0.05237693 
583 331 5 19 0.05228572 
748 620 5 9 0.05224245 
531 595 4 8 0.052226845 
219 431 10 18 0.05213852 
314 570 4 7 0.052108914 
3 344 8 18 0.05209255 
371 101 10 20 0.052081544 
698 580 5 12 0.052014694 
539 456 9 18 0.051927708 
191 223 14 31 0.051900737 
645 279 6 21 0.051900245 
445 158 15 31 0.051886823 
596 396 4 15 0.051748525 
590 304 10 23 0.051708605 
604 305 8 19 0.051690932 
969 555 5 9 0.051682826 
663 83 10 25 0.051665977 
328 607 3 8 0.05162384 
706 301 9 25 0.051595557 
548 176 13 25 0.051511854 
967 312 4 12 0.051494107 
993 325 4 11 0.051479552 
786 608 4 10 0.051428378 
605 487 6 14 0.05141223 
19 591 5 11 0.05136609 
260 464 5 10 0.051322542 
634 511 7 16 0.05131244 
981 348 4 11 0.051272735 
739 504 3 9 0.051257193 
788 565 5 11 0.051250547 
620 616 4 13 0.05124288 
404 548 4 7 0.051236853 
904 459 7 18 0.051230807 
581 445 9 21 0.051230323 
276 489 4 9 0.051199168 
634 618 5 13 0.051131137 
70 478 4 11 0.05111973 
518 583 4 7 0.051099923 
298 74 6 23 0.050936095 
1014 576 8 16 0.050930277 
363 91 6 15 0.050895352 
85 474 5 14 0.05087861 
591 315 8 24 0.0508651 
513 399 8 16 0.050836053 
631 526 7 16 0.050742276 
684 580 5 13 0.05072329 
595 424 5 14 0.05069405 
748 633 5 10 0.0506765 
226 479 4 10 0.0506476 
851 349 5 10 0.050634492 
303 546 3 8 0.050611157 
655 276 8 26 0.050599337 
422 286 11 35 0.05059863 
281 260 14 28 0.050490458 
731 447 8 16 0.05047862 
367 582 3 7 0.05046488 
568 565 6 11 0.05045559 
532 583 4 8 0.05039232 
341 581 3 8 0.05038365 
239 594 3 8 0.050377138 
704 312 9 27 0.05037047 
237 478 4 9 0.050254438 
526 510 14 18 0.050235495 
340 547 3 8 0.05017933 
736 552 5 13 0.05012078 
690 98 11 27 0.05000749 
397 201 13 26 0.049987536 
263 479 4 8 0.049966544 
249 450 6 13 0.049939323 
836 341 4 8 0.049914815 
991 453 9 13 0.049897116 
760 568 4 9 0.049883652 
244 33 11 23 0.049866557 
584 344 5 17 0.049858294 
613 106 13 28 0.049842007 
748 424 6 13 0.049804427 
455 582 3 8 0.04979234 
289 501 4 11 0.049771216 
583 423 5 14 0.049756944 
507 568 4 9 0.049752805 
681 333 8 34 0.04971372 
656 127 8 19 0.04968901 
836 566 5 10 0.049578704 
368 17 12 32 0.04953307 
164 117 12 36 0.04939861 
245 436 9 16 0.049385432 
525 448 13 24 0.0492541 
416 548 4 7 0.049217474 
683 490 4 12 0.049186856 
166 284 12 36 0.049155667 
548 163 11 24 0.049149908 
929 592 4 11 0.049145818 
639 186 14 35 0.04914458 
558 595 4 7 0.04914253 
78 316 10 22 0.04912081 
633 500 7 14 0.04909483 
596 580 5 10 0.049078755 
1005 578 5 12 0.04906376 
582 593 4 9 0.04905917 
629 532 9 21 0.049057506 
656 84 9 23 0.04902693 
603 96 12 25 0.04894103 
456 595 3 8 0.04889043 
787 620 5 9 0.048849158 
244 44 11 29 0.04876899 
57 477 4 11 0.048750952 
528 290 9 16 0.048736393 
529 59 8 23 0.048731837 
349 118 8 15 0.048729695 
801 413 5 10 0.048720833 
264 547 3 8 0.04867962 
223 512 4 11 0.048627175 
774 595 4 8 0.048615158 
93 474 5 14 0.048610657 
316 530 3 10 0.048596613 
967 347 4 10 0.048580058 
660 385 5 21 0.048506815 
153 115 13 37 0.048506532 
709 517 5 12 0.048315447 
698 428 5 10 0.048269697 
580 564 6 14 0.048233688 
969 366 4 9 0.048110362 
122 621 4 7 0.048086133 
875 591 5 13 0.047989897 
719 631 9 16 0.04796054 
685 605 5 11 0.04795152 
194 215 11 20 0.047854602 
493 558 4 8 0.047837097 
253 42 16 33 0.047765516 
727 365 3 10 0.047736514 
632 581 5 10 0.047689985 
594 556 4 11 0.04765732 
16 603 5 13 0.047632694 
620 515 6 13 0.047619674 
993 568 4 8 0.04761524 
505 558 5 9 0.047572464 
218 113 10 22 0.04756673 
661 410 4 16 0.047541387 
2 357 10 21 0.047541194 
96 489 5 13 0.047494184 
682 99 9 23 0.047492113 
659 458 7 14 0.047491618 
964 641 6 11 0.047486804 
45 581 4 9 0.047485113 
864 579 4 11 0.047407005 
670 279 6 22 0.04740497 
532 607 4 8 0.04731621 
871 455 9 25 0.047247592 
629 139 7 20 0.047233846 
655 336 8 29 0.04721684 
809 387 6 13 0.047176916 
285 74 7 23 0.047172476 
92 173 8 26 0.047169637 
266 157 11 15 0.04712777 
163 385 16 34 0.047125056 
83 452 4 13 0.047069337 
209 619 5 10 0.04705433 
172 606 4 9 0.04705214 
773 634 5 8 0.04704639 
43 405 5 8 0.047042303 
515 387 6 13 0.046962716 
850 554 5 8 0.046865236 
32 567 4 9 0.04686472 
885 511 9 14 0.046824243 
475 32 9 25 0.0468065 
108 237 20 23 0.046797466 
839 378 5 10 0.046769947 
584 373 5 14 0.046767734 
827 569 5 10 0.04674124 
642 534 7 20 0.04671454 
628 124 9 22 0.04669848 
723 518 4 10 0.046630107 
219 413 10 14 0.046606343 
992 458 11 16 0.046566643 
656 137 8 19 0.046540957 
613 681 302 264 0.046463303 
823 397 7 15 0.04645455 
618 353 7 23 0.04643499 
233 435 7 16 0.04641377 
45 424 4 10 0.046406504 
178 224 14 31 0.04636688 
619 534 8 18 0.046349596 
875 294 7 18 0.046344597 
811 424 6 14 0.046333645 
44 570 4 8 0.04628266 
287 491 4 8 0.04627646 
173 594 4 8 0.046241794 
178 92 11 31 0.04612582 
16 333 9 15 0.04609024 
1017 649 8 21 0.046085566 
667 522 9 17 0.04607362 
538 516 10 13 0.04601096 
673 426 4 13 0.045927767 
581 441 7 14 0.04592029 
298 60 7 24 0.04588672 
606 451 6 13 0.0458759 
14 357 10 19 0.04586665 
762 620 4 8 0.04585519 
583 398 4 14 0.045855064 
656 291 7 20 0.04580184 
511 408 11 20 0.045789562 
851 305 7 21 0.045764603 
593 565 6 12 0.045754157 
966 619 4 10 0.045754034 
363 45 7 26 0.04569627 
341 569 3 8 0.045670092 
685 593 5 11 0.045647267 
214 558 4 8 0.045622654 
264 173 15 25 0.045608513 
342 491 5 8 0.04558931 
57 569 4 8 0.045565367 
968 565 4 9 0.045542832 
229 423 9 15 0.045534212 
680 533 10 20 0.04551179 
659 477 5 12 0.045509063 
410 286 10 33 0.04550562 
528 282 9 14 0.0454484 
379 594 3 8 0.045436244 
967 606 4 11 0.04531625 
1017 555 6 12 0.045270637 
14 344 9 17 0.045187723 
271 73 9 22 0.045126095 
369 171 12 27 0.045111276 
494 568 4 8 0.045079943 
83 417 5 8 0.04506341 
991 581 4 9 0.04505888 
162 583 4 8 0.0450381 
681 86 9 24 0.04502097 
129 136 9 29 0.0450043 
776 342 4 7 0.044995837 
230 65 13 39 0.044982582 
501 396 11 21 0.044978652 
428 439 17 30 0.0449268 
466 0 6 18 0.044845495 
991 642 5 12 0.044736158 
57 581 3 9 0.0447281 
495 617 3 10 0.044727758 
802 343 4 6 0.044659473 
1014 614 8 16 0.04465416 
592 86 9 21 0.044612527 
208 4 12 30 0.044591337 
294 43 12 27 0.044537883 
24 319 13 20 0.0445094 
427 190 116 118 0.044496827 
327 530 4 10 0.044460557 
374 47 7 23 0.044443034 
992 347 5 11 0.044440635 
387 234 13 31 0.04438615 
796 91 7 24 0.044348296 
358 193 12 31 0.044332396 
392 547 4 7 0.044304732 
952 366 5 10 0.044296633 
106 318 7 21 0.044246744 
172 583 4 8 0.044233773 
629 150 8 21 0.044227086 
195 122 9 28 0.044205744 
991 628 6 13 0.04419754 
546 595 3 8 0.044125497 
557 607 4 8 0.044104777 
595 525 6 10 0.04407614 
671 293 6 18 0.044058863 
212 512 5 12 0.044012293 
682 241 8 20 0.04400503 
545 569 4 9 0.043999996 
57 594 4 8 0.04397592 
890 348 4 11 0.043900732 
633 566 4 12 0.04388989 
673 411 4 15 0.043881077 
70 498 5 14 0.04378405 
193 194 9 14 0.043771464 
158 414 6 12 0.043753028 
3 335 7 15 0.04375103 
140 105 11 32 0.043723073 
645 139 7 18 0.043674376 
93 462 5 14 0.043658637 
899 409 8 14 0.043642055 
346 195 11 30 0.043553475 
863 306 6 16 0.043495834 
823 459 7 15 0.043492563 
57 424 5 11 0.04347382 
30 425 5 9 0.043379303 
218 125 9 21 0.04336563 
707 459 6 14 0.043361846 
876 581 4 10 0.04334426 
454 -2 6 19 0.043327797 
595 515 6 13 0.043322843 
518 617 4 10 0.04331173 
236 512 5 12 0.043302346 
253 370 13 44 0.043244403 
384 200 12 27 0.043238685 
119 86 10 23 0.043189563 
633 479 5 10 0.04317451 
589 162 10 22 0.043154117 
643 306 7 17 0.043096043 
861 446 10 19 0.043074306 
604 317 9 22 0.042965163 
565 330 7 20 0.042958368 
15 192 14 19 0.042880017 
567 450 7 13 0.042870518 
631 630 6 16 0.042868447 
979 632 5 11 0.04285518 
668 532 8 22 0.042847935 
761 641 6 14 0.04281446 
977 419 8 15 0.042807214 
672 383 5 22 0.04278711 
572 253 17 29 0.042726744 
276 466 4 9 0.042697612 
837 592 6 11 0.042647354 
889 593 4 13 0.042557467 
157 430 9 18 0.042519458 
129 230 12 17 0.04251829 
495 314 14 36 0.042516176 
879 337 4 11 0.042500388 
259 113 8 19 0.04246556 
993 618 4 10 0.042443387 
38 192 11 18 0.042429473 
145 423 7 11 0.04240331 
18 439 5 10 0.042383734 
469 617 4 10 0.04237962 
761 506 4 9 0.04237695 
787 378 5 8 0.042249095 
646 618 5 13 0.042240925 
917 335 4 11 0.04220219 
618 139 8 20 0.04219547 
82 425 5 10 0.04217357 
877 366 4 9 0.04216231 
568 558 5 9 0.04213029 
312 481 5 8 0.042128462 
261 454 6 10 0.04212394 
643 127 8 19 0.042099044 
695 554 6 13 0.042088825 
570 388 4 12 0.042075627 
91 147 12 31 0.042066958 
186 477 4 10 0.042047415 
671 305 7 20 0.04200724 
890 266 4 15 0.041996315 
369 183 14 33 0.041968346 
199 608 4 8 0.041813992 
109 621 5 8 0.041808687 
681 474 5 13 0.04179906 
443 595 3 8 0.041798558 
58 439 4 11 0.04178906 
748 640 7 15 0.041781537 
655 113 9 20 0.041773155 
181 133 9 28 0.041711602 
285 176 12 23 0.04168105 
19 502 5 13 0.041668855 
607 462 5 12 0.041667465 
193 95 9 29 0.041667104 
536 175 41 67 0.041662265 
13 203 15 23 0.041640036 
233 113 7 19 0.04163204 
862 336 4 12 0.04162583 
237 466 4 10 0.04156026 
478 617 4 11 0.04153213 
432 468 13 27 0.04150328 
577 86 10 22 0.04150094 
236 606 4 9 0.04148135 
187 556 3 8 0.04144844 
206 96 9 28 0.041444767 
1005 325 4 12 0.04144402 
79 174 10 25 0.04143482 
875 566 5 9 0.041429486 
148 417 5 8 0.041410778 
249 606 4 7 0.04140362 
796 435 7 14 0.04138574 
476 22 8 21 0.04135845 
289 479 3 8 0.041352168 
751 493 4 9 0.04133223 
298 465 5 9 0.04129031 
386 113 9 22 0.041284785 
590 154 8 17 0.041278776 
250 547 3 7 0.041254066 
738 372 3 11 0.041236456 
24 189 15 22 0.041234046 
273 617 5 9 0.041232012 
1012 599 8 18 0.041231666 
620 479 5 10 0.04123083 
607 440 5 12 0.041194566 
276 547 3 7 0.04118465 
59 500 5 13 0.041180734 
83 502 5 13 0.041178383 
198 504 5 11 0.041169807 
659 606 4 11 0.04115511 
18 464 5 13 0.041098922 
46 452 4 10 0.041085415 
198 479 3 10 0.04100068 
835 578 6 12 0.04097039 
1014 589 7 17 0.04094311 
737 494 3 9 0.04091796 
800 503 5 10 0.040914685 
225 580 4 8 0.040904425 
544 607 4 8 0.0408971 
786 630 5 10 0.040881354 
910 408 11 17 0.04086408 
622 567 4 11 0.040851425 
351 62 6 20 0.040841885 
695 244 6 16 0.040841773 
644 629 7 16 0.040839747 
582 557 5 10 0.040828794 
952 617 5 13 0.040821288 
736 632 6 10 0.040811833 
21 305 16 20 0.040806916 
878 267 4 17 0.04080553 
476 279 12 26 0.040792797 
956 313 3 11 0.0407422 
619 296 6 15 0.04072874 
58 622 4 7 0.040724073 
647 478 5 10 0.040686943 
902 349 4 11 0.040675264 
693 336 7 30 0.040591124 
838 603 5 13 0.040572725 
528 103 8 17 0.0405288 
171 490 5 12 0.04048972 
722 447 7 14 0.040486775 
95 417 5 8 0.040486086 
786 342 4 7 0.04046198 
993 593 4 8 0.040458746 
566 88 9 19 0.04045248 
290 546 3 8 0.040414095 
998 436 10 16 0.040408842 
693 523 8 14 0.040375713 
582 606 3 9 0.04037325 
609 615 4 13 0.04037089 
696 459 6 14 0.040324308 
736 620 5 10 0.04031426 
673 567 5 13 0.040294606 
487 31 10 27 0.040293798 
186 504 4 12 0.04028786 
363 62 6 20 0.04026603 
657 532 8 21 0.040234424 
905 452 5 13 0.04022515 
18 322 9 14 0.040219802 
59 451 3 12 0.040182646 
604 152 9 19 0.040165003 
119 138 9 27 0.04014963 
312 74 6 21 0.04013217 
809 92 8 24 0.040103324 
72 546 3 8 0.040065695 
538 101 9 19 0.04004492 
217 215 13 21 0.040043492 
683 552 6 16 0.040017925 
978 643 5 11 0.040001426 
250 490 4 10 0.039971117 
694 501 6 13 0.03993101 
722 619 6 12 0.039915096 
955 348 4 9 0.039914887 
312 490 5 8 0.03987567 
27 372 10 13 0.03976694 
772 642 7 13 0.03975643 
26 347 9 16 0.039748095 
921 406 15 21 0.03965147 
994 605 4 9 0.039623808 
644 152 8 19 0.03962175 
26 387 11 13 0.039598055 
584 362 4 14 0.03956547 
478 9 7 19 0.03956416 
1018 336 5 15 0.039559282 
667 127 8 18 0.039553408 
362 77 7 18 0.039522786 
862 600 6 16 0.03949652 
337 105 7 15 0.03948888 
579 155 7 15 0.03947367 
14 8 10 28 0.039472353 
529 92 7 14 0.039450653 
440 -3 6 20 0.039449234 
58 545 3 9 0.039443724 
546 583 4 8 0.039386716 
981 592 4 9 0.03936289 
633 552 5 13 0.03933701 
681 229 10 23 0.039313156 
220 137 9 21 0.03929493 
850 579 5 10 0.039253913 
238 545 4 8 0.039195254 
569 615 5 11 0.039187286 
822 408 8 17 0.03918077 
88 119 12 25 0.039153833 
22 215 15 24 0.039130036 
210 609 4 8 0.03910911 
1017 435 9 16 0.03909378 
71 621 4 7 0.039090116 
263 618 5 9 0.039080173 
274 451 6 11 0.039077826 
758 513 5 11 0.039066754 
350 105 6 14 0.03905876 
226 607 4 9 0.03902631 
500 29 10 30 0.039022516 
421 186 13 29 0.03900098 
170 499 6 14 0.038960837 
620 488 5 11 0.038950004 
56 405 6 8 0.03891885 
980 312 3 11 0.038915694 
435 248 10 28 0.03886503 
697 473 5 13 0.03885842 
13 241 17 20 0.03885442 
593 458 7 14 0.03884775 
123 609 3 7 0.03880889 
167 144 10 30 0.038787365 
199 569 3 8 0.038774647 
128 81 14 30 0.038733765 
84 490 5 13 0.038703296 
618 150 7 21 0.03868108 
706 631 10 20 0.038669065 
784 90 7 24 0.038668215 
734 461 5 13 0.03866533 
293 170 19 29 0.038656794 
136 241 16 22 0.038647298 
738 355 3 8 0.038598817 
104 186 9 26 0.038592048 
202 42 15 37 0.03859092 
295 263 12 24 0.03858063 
903 471 7 20 0.038576927 
269 251 11 25 0.0385294 
738 516 4 10 0.03852503 
69 439 5 11 0.038513087 
981 605 4 10 0.03850936 
234 95 8 25 0.038489442 
233 195 9 14 0.038463898 
217 4 15 31 0.038424592 
647 384 5 17 0.03842106 
763 472 6 13 0.038399205 
672 397 5 19 0.038386077 
788 578 4 11 0.03838351 
620 553 5 12 0.03837749 
3 323 7 15 0.038373936 
564 97 12 25 0.03836384 
577 164 9 19 0.038351912 
750 475 5 10 0.03833134 
513 27 10 33 0.038322043 
672 605 5 12 0.038316898 
517 158 24 39 0.038315434 
468 631 4 12 0.038294107 
838 361 5 11 0.038280427 
736 567 4 11 0.03820077 
58 556 4 8 0.038161185 
276 500 4 11 0.038157597 
162 571 3 8 0.038150728 
168 192 10 17 0.038125888 
272 87 7 21 0.038116544 
732 639 8 19 0.03808277 
228 3 17 32 0.038066145 
111 607 3 8 0.038055982 
71 607 4 8 0.038037166 
655 152 10 20 0.038028754 
246 112 8 19 0.037977647 
120 202 8 22 0.037936535 
644 460 6 13 0.037930638 
633 281 6 16 0.03790191 
522 482 14 19 0.03788634 
506 616 3 11 0.037853524 
221 207 9 14 0.037825104 
211 492 4 10 0.03780802 
630 162 8 24 0.037795335 
789 386 4 8 0.03778525 
568 346 6 17 0.03777013 
517 569 4 9 0.037711106 
603 163 9 22 0.037668668 
84 512 5 14 0.037664715 
653 99 9 20 0.03766098 
266 275 11 28 0.037644953 
963 420 10 16 0.037616663 
421 378 16 24 0.037586596 
863 546 4 8 0.037567683 
946 457 12 22 0.037558395 
850 590 5 12 0.03754869 
58 606 3 9 0.037544835 
929 565 4 9 0.037542474 
381 291 16 48 0.037540585 
832 457 10 18 0.037537437 
225 595 3 8 0.03753222 
157 190 9 19 0.0375172 
46 440 4 10 0.037508953 
703 112 13 26 0.037471823 
1003 653 6 14 0.037459504 
765 450 15 20 0.037446808 
228 44 14 32 0.03738951 
215 43 16 35 0.037385684 
986 457 38 58 0.037366897 
594 540 6 12 0.037325464 
104 87 10 25 0.03730309 
621 441 5 12 0.037290018 
876 306 7 14 0.037285436 
631 352 7 25 0.03727777 
657 256 7 18 0.03726397 
207 150 8 21 0.037263647 
553 441 7 11 0.03725175 
72 594 3 8 0.037245482 
457 109 13 24 0.037228126 
231 213 12 23 0.037223637 
898 609 10 25 0.03722019 
365 632 4 10 0.03721259 
144 186 8 22 0.03719743 
425 276 8 25 0.037172657 
387 101 9 19 0.037168026 
109 503 5 13 0.037152458 
249 503 4 10 0.03714735 
751 402 3 12 0.037146445 
945 469 12 23 0.03711476 
922 471 11 23 0.03709272 
144 135 8 26 0.037090126 
194 69 10 32 0.037054233 
3 387 7 14 0.037049964 
108 489 6 13 0.037047524 
953 606 5 12 0.037027504 
4 501 6 15 0.03702266 
29 499 5 14 0.03700578 
634 442 5 11 0.036978856 
864 366 5 10 0.036974072 
273 102 6 19 0.036964346 
187 569 4 8 0.036964312 
656 352 7 31 0.03694082 
705 263 9 24 0.036928166 
919 494 54 63 0.03692633 
670 254 7 20 0.036904443 
608 567 4 11 0.03688074 
827 388 6 11 0.036865562 
195 149 8 23 0.036864236 
94 513 6 15 0.036814433 
682 111 11 25 0.036812607 
801 386 5 10 0.036803048 
571 478 5 9 0.03680167 
258 144 9 14 0.03678865 
669 352 7 29 0.0367834 
619 387 5 12 0.036781978 
168 306 11 41 0.036777064 
618 247 6 12 0.036776308 
567 441 6 11 0.03677163 
884 420 8 15 0.036752965 
44 465 5 11 0.03674772 
644 551 6 15 0.03674122 
641 100 9 20 0.036700673 
864 296 6 16 0.0366906 
234 450 6 11 0.036649056 
556 557 5 9 0.036617093 
569 269 19 28 0.036613554 
6 602 6 14 0.036597222 
282 200 13 23 0.036556926 
422 174 11 23 0.036540084 
596 617 4 12 0.036524367 
201 230 16 38 0.036507584 
385 272 9 28 0.03648945 
648 194 17 36 0.036484435 
686 398 4 16 0.036472797 
828 592 4 11 0.036452737 
942 350 4 9 0.036446664 
172 478 4 9 0.03644622 
366 618 4 9 0.036426004 
300 619 4 9 0.03641812 
580 314 8 24 0.03640564 
379 547 3 7 0.036398396 
1011 450 14 18 0.036369342 
929 579 4 10 0.036344785 
442 546 4 8 0.036323324 
630 189 11 28 0.036320828 
903 594 4 12 0.03630302 
540 91 8 15 0.03630065 
648 398 4 19 0.036272608 
301 479 4 9 0.036246154 
555 89 8 17 0.036244586 
82 621 4 7 0.036242176 
351 75 6 19 0.036241017 
642 112 8 19 0.0362255 
553 459 7 14 0.036192916 
594 630 5 15 0.0361779 
92 329 8 20 0.036176663 
374 499 7 12 0.03613892 
200 618 4 9 0.036114436 
953 632 6 12 0.036101986 
910 452 7 15 0.036080718 
802 399 5 12 0.036074877 
400 35 8 20 0.036039874 
286 101 6 20 0.035958532 
788 501 6 11 0.03595326 
427 615 4 10 0.035952915 
758 525 5 12 0.035942387 
684 386 5 17 0.035908878 
840 557 4 8 0.035891455 
605 296 8 16 0.03588696 
773 580 4 9 0.03588563 
735 437 5 13 0.035870537 
199 558 3 8 0.035870146 
620 500 6 14 0.035862163 
568 504 5 10 0.03584349 
24 202 14 20 0.035835635 
136 608 3 7 0.035816517 
570 416 4 11 0.035804056 
326 104 7 16 0.035769477 
182 193 10 15 0.03572584 
408 213 11 25 0.035724867 
255 214 96 106 0.03570986 
533 617 3 10 0.035686605 
532 569 4 9 0.035659164 
65 -198 350 118 0.035636593 
632 458 7 15 0.03560786 
886 307 7 14 0.03559634 
673 592 5 12 0.035584297 
71 557 4 8 0.035570595 
810 653 5 15 0.035566222 
339 618 4 8 0.03555512 
58 463 4 11 0.035547715 
608 397 4 15 0.035531178 
46 593 4 9 0.035528634 
980 618 4 10 0.03551768 
246 194 10 16 0.03550994 
801 379 5 8 0.03546757 
749 462 6 12 0.035446446 
605 536 7 16 0.035441607 
517 103 7 15 0.035435464 
775 619 4 9 0.03541433 
225 465 5 11 0.035384126 
181 71 10 31 0.03537353 
798 576 5 14 0.03537255 
825 453 5 12 0.035360076 
186 467 4 10 0.03533917 
570 488 4 10 0.035329424 
45 475 5 13 0.035308767 
877 556 4 7 0.035306282 
18 124 22 19 0.03530627 
874 632 7 13 0.035296317 
325 74 6 21 0.03528743 
657 306 7 18 0.03528058 
569 363 5 14 0.03527908 
429 547 4 8 0.035276476 
667 114 10 20 0.03527578 
331 198 14 31 0.035263382 
423 236 10 23 0.035241053 
433 298 13 37 0.035229035 
-23 5 184 175 0.03522084 
751 387 3 12 0.03521334 
388 177 9 18 0.03521281 
852 339 4 10 0.035189435 
327 516 4 10 0.035184547 
111 461 4 14 0.035162885 
285 87 7 22 0.035153087 
375 76 7 18 0.035151865 
110 256 17 20 0.03512112 
569 517 5 9 0.035119455 
797 565 5 14 0.03511816 
909 612 9 21 0.035116624 
596 478 5 10 0.035088055 
19 557 4 9 0.03508239 
164 420 11 18 0.035072856 
387 215 10 23 0.035072044 
134 620 3 8 0.03506103 
483 278 13 26 0.035048187 
724 501 5 11 0.03503341 
588 291 11 21 0.03502325 
698 619 6 12 0.035006844 
618 458 7 16 0.03498227 
632 270 6 17 0.034977604 
273 630 5 12 0.034963585 
387 88 8 18 0.034950797 
242 213 12 23 0.034947097 
386 262 9 24 0.034945708 
413 397 13 19 0.034896042 
541 440 9 13 0.034878302 
750 -211 293 180 0.034870043 
697 490 5 11 0.03486399 
787 591 5 12 0.034844514 
107 332 7 20 0.03482268 
464 34 9 22 0.034817856 
539 550 8 13 0.034815792 
362 28 9 32 0.034787674 
95 503 6 13 0.03475779 
968 579 4 9 0.034756728 
620 372 5 16 0.03472085 
115 274 173 231 0.03471979 
655 164 11 21 0.034718253 
538 116 10 20 0.034699805 
722 462 5 12 0.034696393 
558 389 4 10 0.03464897 
301 502 4 9 0.034643486 
835 406 10 18 0.03463116 
162 594 3 8 0.034618296 
665 225 13 28 0.034616802 
968 592 4 10 0.034600448 
338 74 6 20 0.034595437 
222 448 6 13 0.034575913 
33 581 4 8 0.034551807 
685 413 4 13 0.03454183 
195 44 10 31 0.03452457 
43 620 5 8 0.03451494 
292 324 15 41 0.034501288 
570 374 4 13 0.034499593 
570 425 5 11 0.03449612 
20 513 4 12 0.034494482 
322 95 99 83 0.034491908 
139 81 15 31 0.034488972 
162 607 4 8 0.03447966 
940 616 5 13 0.03444979 
870 417 11 17 0.03444384 
592 109 11 25 0.03444083 
529 547 9 15 0.03443796 
233 35 11 23 0.03442852 
530 78 6 16 0.034420982 
167 93 12 29 0.034420643 
174 570 3 8 0.034413084 
10 251 25 24 0.03439998 
848 603 6 15 0.034394905 
282 210 14 29 0.034386113 
422 207 13 26 0.034380548 
667 139 9 17 0.03437475 
175 555 3 9 0.034370918 
596 487 5 12 0.03433865 
947 418 13 18 0.034323048 
302 529 4 11 0.034305666 
939 604 5 13 0.03430104 
72 582 3 8 0.034278102 
860 456 11 23 0.03427097 
654 224 12 28 0.03427089 
620 425 5 15 0.03426746 
709 428 5 10 0.034250617 
93 188 8 23 0.03424566 
120 333 5 18 0.034231577 
582 459 6 14 0.03422779 
376 62 7 20 0.034212556 
340 503 4 9 0.034186438 
287 465 5 9 0.03417901 
861 438 8 13 0.03414759 
53 193 9 17 0.034132946 
298 86 6 22 0.034103066 
773 552 5 11 0.03409968 
158 294 6 17 0.034091238 
409 198 12 26 0.03408927 
339 529 4 10 0.034077644 
398 7 9 23 0.034021746 
272 114 8 18 0.033980764 
583 525 5 11 0.033954635 
901 599 7 18 0.033902414 
774 484 7 14 0.033896744 
617 163 8 22 0.033894945 
149 595 3 7 0.033871517 
37 308 13 17 0.03384523 
87 98 14 30 0.033812787 
408 479 17 26 0.033801906 
251 514 4 10 0.03374257 
212 581 4 8 0.033727862 
648 425 4 15 0.03371814 
5 488 5 14 0.03371542 
760 373 4 10 0.033702917 
63 317 12 23 0.033692762 
705 100 9 23 0.033686854 
488 377 14 24 0.033686504 
929 351 4 9 0.033683136 
338 63 6 20 0.0336809 
315 619 4 9 0.033678826 
572 285 14 24 0.033678457 
213 593 4 9 0.0336525 
940 566 4 8 0.03359308 
212 479 4 9 0.033592895 
460 150 13 26 0.033583783 
592 99 10 22 0.03355857 
474 102 9 19 0.033542003 
435 171 12 27 0.03351697 
454 545 4 9 0.03351607 
32 557 5 8 0.033513155 
70 425 4 11 0.033490542 
397 20 10 25 0.033482835 
125 238 17 23 0.033480737 
886 612 8 20 0.033479284 
290 620 3 8 0.033456556 
479 631 5 14 0.033451244 
242 222 15 33 0.033444624 
30 491 5 12 0.03343842 
411 275 8 25 0.033425048 
888 599 6 18 0.033423632 
77 121 14 25 0.033419594 
993 311 4 12 0.033414602 
889 582 4 10 0.03338906 
384 135 10 23 0.03338831 
815 551 4 11 0.03337183 
581 478 5 10 0.033349928 
796 489 6 12 0.03333363 
551 129 8 19 0.033330802 
-46 658 335 290 0.033247508 
797 476 6 13 0.033229787 
353 547 4 8 0.033227228 
498 127 194 168 0.03321359 
632 370 6 19 0.03320964 
288 513 4 11 0.033176526 
643 351 7 29 0.033176105 
667 100 8 20 0.033152245 
874 599 6 18 0.033151425 
79 189 9 21 0.03314986 
6 402 4 9 0.033139095 
19 542 5 11 0.03312974 
19 645 5 13 0.03310065 
190 279 19 51 0.033095635 
826 555 4 9 0.03307926 
1007 475 18 25 0.033048473 
474 149 16 31 0.03304628 
916 325 4 11 0.03303674 
486 211 48 66 0.033033986 
543 365 5 11 0.033028122 
211 630 4 10 0.03301269 
174 543 4 10 0.03300283 
49 317 14 23 0.032995787 
709 618 6 13 0.03297841 
483 139 40 65 0.0329677 
44 503 5 11 0.032941837 
543 390 4 10 0.032931916 
45 606 4 9 0.032929596 
347 227 9 23 0.032926794 
256 402 12 33 0.03291094 
186 607 4 8 0.032908767 
14 96 30 28 0.03290136 
465 23 8 20 0.032901 
506 539 7 13 0.03289658 
557 364 4 12 0.032893445 
219 95 9 26 0.032891095 
762 543 4 10 0.032889247 
229 410 9 17 0.032888826 
218 238 93 142 0.03286736 
131 186 9 25 0.03283596 
525 28 11 37 0.032835867 
518 61 6 21 0.032826312 
264 490 4 9 0.03281658 
119 319 6 18 0.03279499 
340 482 4 7 0.032794036 
545 617 4 10 0.03276613 
147 490 5 11 0.032725018 
900 482 10 22 0.032714363 
20 490 5 12 0.03269336 
451 303 51 86 0.03267045 
719 302 9 24 0.03266341 
798 361 6 8 0.03263581 
708 277 7 24 0.032613415 
876 282 6 19 0.032601263 
433 393 13 23 0.03256872 
1011 522 12 19 0.03256559 
262 503 4 10 0.03254709 
58 629 5 9 0.032534588 
109 512 5 15 0.032528576 
537 501 9 14 0.032494463 
455 616 4 9 0.032491427 
146 504 5 11 0.032468256 
394 380 14 21 0.032439776 
657 240 8 20 0.03243551 
542 374 6 11 0.03243392 
1003 555 6 12 0.03243012 
488 21 9 21 0.032415308 
290 630 3 10 0.03241044 
642 176 10 26 0.03240716 
552 541 7 12 0.03240537 
772 567 5 10 0.03240019 
235 255 37 90 0.032394648 
198 489 5 11 0.032394297 
442 617 3 9 0.032381956 
480 544 4 10 0.03237544 
168 161 8 24 0.03236101 
127 253 15 20 0.032357648 
145 514 5 12 0.032335185 
541 58 8 25 0.0323296 
658 367 6 26 0.03232076 
17 617 6 12 0.032317523 
149 584 3 7 0.0322902 
997 226 12 22 0.03225214 
799 588 5 14 0.032248553 
737 423 5 12 0.032242987 
448 472 10 21 0.032238703 
78 99 12 23 0.032236908 
694 536 9 18 0.032236535 
618 257 6 13 0.032229763 
64 305 12 21 0.03221482 
401 74 9 21 0.03221233 
30 629 6 12 0.032203402 
556 347 5 15 0.032184403 
564 317 8 21 0.032168742 
13 138 17 16 0.03216696 
467 544 5 10 0.032164652 
618 271 7 15 0.03214302 
643 163 8 22 0.032139376 
916 350 4 10 0.032121565 
474 113 11 22 0.03210435 
339 514 4 10 0.032095537 
352 618 4 9 0.032090243 
373 211 10 22 0.032081086 
669 239 8 21 0.0320332 
810 378 6 9 0.032014094 
187 581 3 9 0.03200193 
583 504 4 10 0.03199118 
315 503 3 9 0.031974684 
762 461 7 14 0.03189488 
798 463 6 14 0.031888656 
285 451 6 12 0.03188724 
160 620 4 7 0.031880148 
46 544 3 9 0.031875435 
306 240 15 27 0.031861875 
926 554 5 10 0.03185059 
255 238 13 29 0.03183463 
389 500 6 12 0.031800084 
863 349 4 11 0.031787027 
331 223 12 28 0.03171637 
566 154 8 17 0.031715944 
6 553 5 11 0.031709738 
11 -99 12 43 0.031699583 
725 492 4 11 0.031696606 
939 592 4 12 0.031691242 
129 202 9 21 0.03167078 
435 274 10 29 0.031664122 
346 172 11 27 0.03165972 
238 529 4 11 0.031651717 
653 173 14 27 0.031628553 
648 412 4 15 0.03162693 
722 440 5 11 0.031589165 
217 63 13 39 0.031588834 
491 8 7 19 0.031569462 
811 435 7 15 0.031560462 
991 365 5 10 0.031542074 
225 545 4 9 0.031510767 
118 188 8 25 0.031498026 
834 451 8 12 0.031496067 
645 368 6 23 0.031489555 
670 366 6 27 0.03146847 
302 490 4 9 0.031459734 
824 361 6 10 0.031437 
907 479 14 28 0.03143031 
709 501 5 12 0.03142733 
576 303 11 23 0.031422358 
76 289 11 29 0.031417757 
350 490 5 9 0.03141104 
800 604 4 12 0.03139416 
577 124 10 22 0.031393144 
564 112 9 20 0.031382862 
94 452 4 12 0.031339422 
95 425 4 9 0.031333294 
301 515 4 10 0.03132037 
46 90 19 17 0.03128543 
747 434 7 13 0.031278186 
619 412 5 15 0.03125495 
421 305 14 38 0.031238398 
158 449 6 12 0.03121725 
814 462 5 14 0.031205371 
474 89 10 18 0.03119297 
465 381 52 69 0.031166447 
350 47 7 25 0.031154513 
962 457 9 21 0.03115206 
554 516 6 10 0.031146277 
862 321 6 14 0.031138737 
853 547 4 7 0.031125117 
434 225 11 25 0.031081805 
631 177 8 23 0.031080404 
33 618 5 10 0.031051302 
926 631 7 13 0.031050604 
709 492 4 11 0.031028336 
10 -75 16 42 0.031020988 
518 92 6 14 0.031020392 
860 -194 266 297 0.031009022 
457 393 17 30 0.030989038 
529 373 7 12 0.030965721 
760 654 6 15 0.03095786 
708 473 5 13 0.030930333 
206 196 8 12 0.030906776 
207 423 9 14 0.03086638 
387 75 8 20 0.030863874 
899 421 8 15 0.030833794 
555 487 6 11 0.030824255 
224 619 4 9 0.030815572 
884 295 7 17 0.030808704 
132 220 10 16 0.030806258 
6 592 5 12 0.030803889 
427 -3 7 20 0.03078089 
989 470 14 23 0.030770913 
426 264 8 24 0.030759096 
503 129 34 59 0.03075739 
326 619 4 8 0.030746346 
158 392 9 18 0.030742535 
696 354 5 22 0.030727254 
800 510 6 12 0.030720342 
823 292 7 27 0.030691728 
975 471 10 21 0.03068593 
376 619 4 9 0.030680032 
266 383 14 43 0.03064833 
775 544 4 9 0.030641291 
311 131 9 14 0.030630546 
304 28 17 35 0.030620398 
312 468 5 10 0.0306156 
71 569 3 8 0.030612629 
857 420 12 16 0.030610165 
529 388 6 10 0.030590061 
873 468 8 22 0.030583875 
540 471 9 17 0.030579863 
44 556 4 9 0.030558946 
608 555 5 11 0.03055406 
70 514 5 12 0.030553395 
197 512 5 12 0.030551996 
361 228 9 21 0.03055149 
195 181 7 15 0.030541888 
810 360 6 10 0.03051796 
6 475 5 14 0.030501453 
334 185 12 24 0.030487375 
350 90 7 17 0.030474056 
314 192 20 35 0.030471515 
605 140 8 19 0.03046582 
426 251 8 21 0.030450568 
836 614 7 15 0.030444067 
814 452 5 12 0.030411348 
886 458 8 23 0.030400144 
314 515 4 11 0.03039445 
873 614 8 19 0.030370424 
257 208 14 25 0.030368522 
879 349 4 11 0.030357935 
918 480 18 30 0.030354856 
731 662 11 26 0.030346569 
515 43 9 30 0.030345682 
561 200 11 21 0.030345345 
311 63 7 21 0.03032592 
796 552 5 13 0.030322647 
210 526 6 13 0.030305764 
603 118 12 26 0.030300684 
83 608 4 8 0.03027593 
200 581 4 8 0.030259484 
409 310 14 33 0.030248068 
846 634 9 12 0.03024802 
15 371 10 14 0.030247709 
684 368 5 22 0.030221721 
749 415 5 11 0.030183954 
801 653 5 13 0.03016925 
109 474 5 13 0.030143807 
82 438 5 12 0.030133046 
285 -3 9 22 0.030122472 
366 547 4 8 0.030110091 
298 101 6 20 0.030100144 
562 229 13 24 0.030083803 
569 462 5 11 0.03007979 
181 246 12 30 0.030053014 
58 514 5 13 0.030021427 
411 156 192 262 0.029994316 
814 545 4 10 0.029962702 
1012 513 11 17 0.02993445 
66 192 9 19 0.029908441 
809 663 6 19 0.029891852 
448 250 11 28 0.029887542 
483 149 20 33 0.029881751 
954 592 5 10 0.02988088 
207 180 7 14 0.029877696 
232 139 9 19 0.029832304 
119 463 5 12 0.029821372 
312 86 6 21 0.029810201 
480 515 5 10 0.029794453 
807 672 8 27 0.029786553 
567 632 6 14 0.029763337 
373 261 10 28 0.029704913 
558 374 4 11 0.029692784 
727 373 3 11 0.029689904 
247 288 42 102 0.029683527 
288 167 9 16 0.029661635 
312 171 21 28 0.02965651 
316 254 13 23 0.029650899 
199 594 4 8 0.029639486 
364 491 6 11 0.029637272 
977 544 6 10 0.029624473 
196 164 7 19 0.029594926 
156 206 11 17 0.029550252 
393 296 13 40 0.029545754 
185 545 4 8 0.0295045 
684 618 5 13 0.029490575 
886 524 8 13 0.029483844 
300 631 4 9 0.029478753 
797 450 6 14 0.02945856 
43 490 5 11 0.029433139 
848 614 8 16 0.029401986 
305 249 107 128 0.029393379 
773 653 7 14 0.02936646 
326 481 4 8 0.029352661 
565 164 10 21 0.0293188 
681 457 7 16 0.029307468 
582 488 4 10 0.029286614 
121 363 5 15 0.029271184 
452 502 7 12 0.029267792 
645 257 7 15 0.029258566 
576 244 11 18 0.029255444 
474 124 12 24 0.029233078 
212 466 4 10 0.029217789 
809 619 6 15 0.02920253 
199 631 4 10 0.029187992 
118 218 9 16 0.029157568 
267 142 10 16 0.02913411 
104 71 9 25 0.029127577 
232 128 8 17 0.029103473 
988 481 13 22 0.02909603 
493 630 4 13 0.029091416 
939 630 7 12 0.02907637 
-40 309 239 219 0.029057229 
493 516 4 9 0.029020658 
939 577 4 10 0.02900959 
17 388 9 12 0.029005101 
234 365 9 28 0.028974812 
337 89 7 19 0.028963083 
91 135 11 25 0.028952464 
837 294 6 22 0.028940564 
503 102 8 17 0.028903633 
632 384 5 14 0.028897483 
190 242 15 40 0.028893137 
925 461 9 16 0.028871436 
280 237 14 27 0.028859165 
838 304 6 22 0.028851721 
51 309 12 18 0.028826047 
644 226 9 23 0.028824016 
19 475 4 14 0.02881094 
693 231 8 20 0.028805062 
993 557 5 9 0.028800776 
781 451 9 16 0.02879101 
673 580 4 12 0.028775603 
17 629 7 13 0.028769674 
331 157 14 27 0.028761648 
670 619 7 14 0.028760467 
215 234 14 33 0.028751591 
325 88 6 19 0.028738972 
39 203 11 19 0.028706023 
251 528 3 11 0.028705303 
517 554 6 11 0.028694808 
564 126 9 19 0.028660912 
520 251 16 21 0.028652586 
1003 309 5 13 0.028630903 
387 166 8 16 0.028630776 
168 178 9 19 0.028630026 
28 645 7 11 0.028577587 
118 487 6 15 0.028529042 
800 631 5 11 0.028526861 
607 235 6 11 0.02851928 
398 286 10 33 0.028513433 
151 81 16 30 0.028513195 
365 497 6 13 0.028508209 
162 556 3 9 0.028499912 
411 382 12 18 0.028494485 
989 652 6 14 0.02847724 
70 631 4 8 0.028459217 
553 100 10 20 0.02845017 
40 318 12 21 0.02840821 
315 632 4 9 0.028393788 
725 476 4 11 0.02838156 
666 629 11 23 0.028356386 
465 512 6 11 0.028349292 
377 632 4 9 0.028336044 
737 82 19 26 0.028324682 
680 631 9 18 0.028311154 
475 77 8 15 0.028305627 
208 164 7 19 0.028299859 
549 194 16 29 0.028250504 
503 8 8 19 0.028244266 
786 544 5 10 0.02824399 
577 111 10 23 0.028236186 
928 616 6 14 0.02821726 
761 390 3 10 0.028208625 
954 566 4 8 0.028187685 
440 -17 6 18 0.02815985 
132 472 7 15 0.028156564 
429 375 20 29 0.028154995 
399 0 8 18 0.028152583 
246 385 11 35 0.028143106 
645 243 7 17 0.028118521 
244 -1 11 21 0.028090315 
540 78 7 16 0.02806628 
119 346 6 18 0.028033521 
197 464 4 12 0.028021181 
110 361 5 16 0.027999356 
555 476 6 11 0.027996343 
433 197 13 30 0.027994633 
249 154 8 14 0.027993679 
580 77 8 19 0.027976137 
823 475 7 16 0.027959062 
502 126 13 25 0.027951509 
142 205 10 18 0.027948324 
90 87 10 23 0.027947742 
453 -18 6 19 0.027930258 
172 618 4 9 0.027912073 
517 374 6 14 0.027904835 
204 64 13 37 0.0279023 
248 425 8 14 0.027888302 
582 543 5 11 0.027878635 
587 265 11 21 0.027869383 
222 195 8 12 0.027852833 
453 8 7 20 0.027774196 
772 512 6 11 0.02776684 
596 499 7 16 0.027760146 
962 468 10 22 0.027733017 
681 125 9 19 0.027724456 
313 103 6 16 0.027723348 
295 -2 10 22 0.027704565 
333 335 11 33 0.027703818 
789 426 5 11 0.02768806 
7 580 4 10 0.027679855 
860 614 8 17 0.02767101 
263 628 4 10 0.027663019 
762 490 5 10 0.02765572 
1018 322 6 16 0.027652841 
619 281 6 16 0.02764658 
459 123 12 24 0.027628966 
998 -12 11 13 0.027622016 
948 446 12 20 0.027554305 
545 631 4 12 0.0275401 
656 318 9 24 0.02748047 
290 218 18 36 0.027479306 
995 495 16 26 0.027440364 
744 663 12 24 0.027436469 
713 362 3 13 0.027410993 
890 565 4 9 0.027399719 
844 640 12 14 0.027397225 
220 151 8 18 0.027385047 
554 330 6 19 0.027379079 
330 275 12 25 0.027364593 
135 513 5 12 0.027361434 
382 377 16 25 0.027361333 
826 604 5 12 0.027352655 
997 238 12 25 0.027332328 
571 399 3 12 0.027328944 
259 435 8 17 0.027327338 
852 319 5 16 0.027320424 
222 180 7 14 0.027261881 
850 296 7 19 0.027241886 
505 525 7 13 0.027236938 
822 419 9 18 0.027229104 
811 512 6 13 0.027203243 
504 515 6 12 0.02720154 
168 76 10 25 0.027184544 
875 641 7 11 0.0271623 
6 567 5 10 0.027161734 
385 153 8 19 0.027143223 
931 417 16 20 0.027141323 
502 90 8 17 0.027132524 
183 162 7 22 0.027123343 
186 488 5 12 0.02711384 
416 615 4 10 0.027106062 
544 402 4 10 0.027100516 
375 491 7 10 0.02709912 
135 503 5 12 0.027097274 
465 304 21 40 0.027087921 
886 629 8 16 0.027057545 
234 181 8 15 0.027045045 
108 416 5 8 0.027014315 
659 567 4 13 0.02700836 
527 146 33 61 0.027006159 
391 617 4 9 0.026925081 
276 513 4 11 0.026907561 
289 157 7 13 0.026906235 
326 493 4 7 0.026881902 
32 606 5 9 0.026874037 
527 112 10 20 0.02687301 
300 144 10 16 0.026872352 
588 277 11 21 0.02685262 
160 501 5 12 0.026851177 
618 191 8 21 0.026849812 
556 632 4 12 0.026822021 
590 176 9 20 0.02680543 
412 36 8 20 0.026794823 
514 116 10 20 0.026791336 
31 88 23 21 0.026756266 
704 86 10 23 0.026743682 
527 348 8 16 0.026715614 
564 177 10 20 0.026656201 
401 63 9 20 0.026651908 
903 440 5 11 0.026616925 
821 486 9 17 0.026593233 
439 510 8 13 0.026591534 
388 50 7 19 0.0265801 
762 343 5 7 0.026562395 
361 325 12 33 0.02655963 
658 618 5 13 0.026557732 
457 87 12 23 0.026556436 
738 387 3 12 0.026551358 
173 467 3 8 0.026526831 
525 268 12 16 0.026526434 
447 181 13 29 0.026523175 
260 515 4 10 0.02650142 
284 113 8 19 0.026487555 
334 238 11 23 0.026476726 
451 511 7 13 0.02647616 
582 618 4 11 0.026474858 
632 257 6 14 0.02642669 
387 22 8 21 0.02642536 
762 401 3 10 0.026405836 
197 425 9 14 0.026382225 
347 156 14 30 0.026357496 
872 438 8 15 0.026344124 
435 483 11 20 0.026338995 
248 143 8 16 0.026333459 
532 631 4 12 0.026317712 
555 617 5 10 0.026312305 
437 498 9 15 0.026309557 
464 504 6 10 0.026282538 
157 314 8 27 0.026265703 
809 643 6 13 0.026248865 
798 621 5 10 0.026234532 
632 247 6 13 0.026213817 
451 35 9 21 0.026187368 
862 634 7 11 0.026177358 
223 527 5 12 0.026172902 
619 178 7 20 0.02616451 
746 653 7 16 0.026124513 
997 252 11 22 0.0261243 
911 419 11 17 0.026099093 
92 203 8 19 0.026092626 
148 607 3 7 0.026085982 
430 414 17 33 0.026083935 
517 77 7 16 0.026079608 
451 276 10 28 0.026054224 
785 656 6 12 0.026030965 
568 78 7 17 0.026027441 
913 550 6 12 0.026026612 
735 476 4 11 0.026012572 
403 617 4 9 0.026004272 
233 381 8 22 0.025960445 
820 513 9 15 0.025951149 
212 545 4 9 0.025948653 
617 636 8 27 0.02588959 
145 475 5 13 0.025874931 
251 619 3 8 0.02585154 
386 82 90 78 0.025834417 
903 322 5 13 0.025829406 
387 62 7 21 0.025812453 
352 633 4 9 0.025810253 
4 512 5 14 0.025776194 
119 502 6 14 0.025770733 
320 344 227 244 0.025738332 
45 629 4 9 0.025730103 
837 324 5 12 0.025727233 
45 529 4 11 0.025718873 
557 401 5 10 0.025691785 
401 51 7 18 0.025685083 
951 643 7 11 0.025683198 
332 267 10 19 0.02567589 
825 616 6 15 0.025663683 
771 89 9 21 0.025643826 
173 385 17 35 0.025625156 
167 361 14 34 0.025618784 
388 9 8 20 0.025592597 
31 438 4 10 0.02556784 
32 594 4 8 0.025555879 
591 140 8 19 0.025553148 
801 643 5 12 0.025549611 
878 257 5 19 0.02551938 
516 534 12 18 0.025502918 
474 46 10 22 0.025493564 
327 502 4 10 0.025484124 
134 486 5 14 0.02548107 
10 -50 21 39 0.025455268 
449 393 14 29 0.025452074 
30 544 5 9 0.025451189 
838 633 8 12 0.025445776 
232 337 10 31 0.025444152 
118 513 6 15 0.025436629 
954 579 3 8 0.025431339 
886 504 7 14 0.025418589 
786 437 7 13 0.025401479 
666 152 12 20 0.025389487 
860 642 7 11 0.025365535 
725 424 4 12 0.025343852 
300 131 7 14 0.025331654 
137 596 3 7 0.025321282 
480 505 5 9 0.025314689 
747 451 7 13 0.025312848 
163 430 11 22 0.025310153 
179 309 15 46 0.025306787 
340 632 3 9 0.025295135 
591 75 9 20 0.025293682 
434 49 13 21 0.02528842 
388 34 7 21 0.025267892 
186 511 5 13 0.025266001 
284 346 11 35 0.025245503 
237 618 4 8 0.025239458 
73 150 13 26 0.025212426 
36 76 15 17 0.025201771 
645 565 5 14 0.025184682 
553 116 8 18 0.025164591 
718 660 12 27 0.025163153 
495 398 44 66 0.02516183 
513 481 12 17 0.025150318 
606 247 6 10 0.025146129 
987 498 15 22 0.025106031 
414 -1 6 18 0.025078828 
937 471 13 22 0.025072321 
877 513 7 12 0.025055131 
270 128 9 17 0.025033794 
298 114 7 18 0.025017425 
57 528 5 13 0.025007537 
525 423 9 17 0.024979025 
419 413 17 29 0.024977842 
97 607 3 8 0.024968166 
606 177 7 20 0.024956066 
977 461 8 17 0.024903463 
452 23 7 20 0.02490343 
505 483 8 14 0.024888396 
183 180 8 17 0.024880026 
630 634 8 28 0.024862945 
230 395 9 19 0.024852814 
775 374 5 10 0.024821345 
291 528 3 12 0.024813157 
698 413 4 12 0.02477602 
271 241 10 22 0.024768732 
280 291 11 23 0.024762455 
672 550 5 16 0.024748992 
928 603 5 13 0.024739569 
398 262 10 24 0.024732139 
160 491 4 10 0.02472549 
259 128 8 17 0.024718847 
69 405 5 9 0.024712604 
888 321 6 14 0.024704823 
578 142 8 17 0.024677861 
108 346 7 20 0.024654172 
51 203 11 20 0.024649123 
821 523 8 14 0.024633978 
811 292 8 28 0.02462266 
530 401 5 11 0.024621116 
942 480 15 26 0.024612732 
838 546 5 7 0.024604268 
104 233 14 18 0.024592444 
84 594 3 8 0.02458892 
123 595 4 7 0.024583604 
646 594 4 10 0.02455676 
605 280 8 18 0.024555715 
121 453 5 11 0.024544735 
821 500 8 16 0.024523534 
361 242 9 19 0.02452133 
528 364 8 12 0.024515506 
42 514 5 12 0.024503466 
318 241 13 25 0.024498371 
422 428 16 27 0.024447817 
542 349 6 14 0.024437295 
210 436 7 15 0.024427203 
316 643 3 12 0.024421971 
560 213 13 25 0.024420943 
368 323 13 35 0.024408156 
23 75 17 19 0.024387868 
247 180 9 16 0.024382755 
539 485 9 15 0.024347968 
518 281 7 13 0.024337083 
557 414 5 11 0.024324525 
40 388 8 10 0.024310572 
242 335 12 35 0.024296464 
607 637 7 25 0.024264792 
808 631 7 15 0.02424896 
643 87 9 20 0.024193494 
961 450 8 17 0.024191212 
878 321 5 13 0.024167445 
889 556 4 7 0.024148457 
582 630 4 12 0.024143266 
910 538 9 15 0.02413327 
708 243 7 18 0.024129367 
312 116 8 16 0.024123518 
161 466 4 8 0.024106793 
168 325 33 67 0.024048384 
812 604 5 15 0.02404217 
96 622 4 7 0.02403367 
94 439 5 11 0.0240055 
773 416 4 9 0.024000853 
464 289 13 29 0.023981057 
427 -16 6 17 0.023979245 
661 211 16 29 0.02397325 
257 -1 12 22 0.023954822 
813 576 6 14 0.023930702 
195 447 6 15 0.023891484 
628 662 12 29 0.02387328 
789 419 4 8 0.023860088 
885 283 7 18 0.023855815 
162 542 3 10 0.023839666 
915 594 4 10 0.023835039 
269 223 13 28 0.02383403 
194 435 8 17 0.02383239 
224 632 3 9 0.023796918 
556 428 5 10 0.023780603 
697 630 8 16 0.023760743 
159 514 5 12 0.023743676 
773 504 5 10 0.023736974 
813 524 6 13 0.023707908 
77 204 10 19 0.023705093 
618 398 5 15 0.023698999 
988 -13 9 13 0.023689058 
635 426 4 14 0.023671513 
824 547 4 8 0.02366671 
412 8 8 20 0.023665193 
185 449 5 14 0.02365845 
988 241 9 20 0.023653125 
262 528 4 10 0.0236477 
555 78 7 17 0.023637803 
117 630 8 11 0.023603426 
898 628 9 18 0.023598082 
265 293 17 39 0.023585323 
476 65 8 17 0.023579866 
833 472 10 18 0.023567062 
858 468 12 22 0.023554096 
351 483 4 7 0.023548476 
172 512 5 13 0.023515616 
30 514 5 11 0.02351474 
550 316 9 20 0.023508444 
527 413 6 13 0.023503913 
137 427 4 9 0.023496626 
772 426 7 11 0.023462266 
123 439 4 10 0.023456376 
447 459 12 23 0.023448573 
619 234 5 13 0.023440544 
272 -3 10 23 0.023403842 
445 63 15 25 0.023399755 
83 632 5 8 0.0233671 
77 89 11 20 0.02335836 
557 503 5 11 0.023353435 
979 433 8 15 0.023322366 
489 90 8 17 0.023299742 
451 301 12 30 0.023282787 
980 451 7 14 0.023272406 
19 55 19 28 0.02326949 
465 -18 6 19 0.023255728 
306 312 13 31 0.023248801 
42 375 7 11 0.023243975 
469 188 38 80 0.023219356 
83 583 3 8 0.02320169 
516 268 10 15 0.023197442 
186 595 3 8 0.023189621 
-43 531 281 261 0.023178903 
577 176 9 19 0.023156215 
886 641 8 12 0.023155626 
221 398 9 16 0.023154426 
284 324 12 36 0.02312791 
459 169 13 32 0.02309839 
50 77 14 17 0.023097005 
106 202 8 21 0.02308429 
104 307 7 19 0.023081383 
447 234 12 28 0.02307399 
606 192 7 19 0.023053432 
505 630 4 12 0.023021698 
84 557 3 7 0.023017634 
999 217 9 16 0.023009196 
641 204 14 33 0.02300539 
659 593 5 12 0.022978663 
149 571 3 8 0.022973996 
5 463 5 14 0.022929516 
487 125 13 25 0.022901954 
448 49 11 20 0.022889884 
13 -5 12 27 0.022849742 
511 445 18 31 0.02284954 
641 662 12 29 0.022845922 
121 414 5 9 0.022823565 
716 115 13 20 0.02281993 
7 -203 199 187 0.022807445 
536 291 11 16 0.022806643 
913 439 6 11 0.022804584 
144 435 8 14 0.022762232 
121 473 6 14 0.022761973 
717 100 11 20 0.022756636 
847 457 10 19 0.022742743 
297 454 7 12 0.022739481 
28 11 8 20 0.02270894 
208 412 10 15 0.022700112 
96 361 6 14 0.022653064 
657 551 5 16 0.022625996 
177 272 15 37 0.022606298 
410 236 11 27 0.022576187 
411 251 9 22 0.022574235 
221 166 7 16 0.022567337 
796 304 8 27 0.022565868 
498 279 11 18 0.02255543 
106 219 9 14 0.022554008 
527 7 9 22 0.022531917 
30 111 22 21 0.022524398 
823 663 6 18 0.022519635 
133 464 5 11 0.022516698 
461 138 11 24 0.022508487 
756 425 7 12 0.022494644 
515 8 9 20 0.022488667 
517 500 8 14 0.022480702 
321 327 11 29 0.022470549 
903 564 4 10 0.022470174 
897 512 11 16 0.022449246 
502 114 10 20 0.0224488 
272 437 9 17 0.022410717 
995 526 16 23 0.022398813 
796 674 9 23 0.022387218 
325 468 6 9 0.022364661 
568 526 6 11 0.022349967 
24 22 12 27 0.022290269 
549 304 11 18 0.022281645 
347 241 10 20 0.022212151 
827 378 5 10 0.022211794 
412 23 8 21 0.022210138 
605 257 7 13 0.02220608 
6 543 5 12 0.022202628 
616 664 10 24 0.02219652 
757 663 12 23 0.022185486 
19 530 5 11 0.022184517 
532 640 4 16 0.02218398 
979 296 4 15 0.022179522 
489 76 8 17 0.02215243 
763 405 114 88 0.022130918 
168 450 6 13 0.022118848 
94 345 7 20 0.022108216 
680 139 10 17 0.022098314 
810 505 6 11 0.022095988 
402 87 9 20 0.02209009 
767 437 12 17 0.02208805 
351 500 5 11 0.022083232 
512 341 10 23 0.022070857 
199 545 3 8 0.022034375 
373 -1 8 18 0.022030318 
170 269 8 18 0.022015871 
134 438 5 11 0.022010924 
492 544 5 10 0.02200254 
561 283 17 25 0.021984864 
443 378 17 27 0.021960096 
110 595 4 8 0.021910353 
506 503 6 12 0.021909084 
874 484 8 19 0.02190198 
376 241 9 20 0.021876354 
186 619 4 9 0.021870278 
693 124 10 21 0.021857593 
212 447 5 14 0.021857088 
937 644 9 13 0.021848176 
912 629 8 18 0.021821635 
437 38 9 19 0.021792777 
888 512 129 124 0.021789378 
664 163 15 22 0.021759262 
191 407 13 19 0.021749932 
342 -195 375 109 0.021749917 
390 511 5 11 0.021726644 
326 632 4 9 0.021726407 
632 230 7 17 0.021721026 
246 246 15 40 0.021694956 
849 449 8 13 0.021694887 
749 85 16 24 0.02168816 
149 557 3 9 0.021624701 
773 527 6 12 0.02162324 
489 101 8 18 0.021610895 
145 317 7 22 0.021603009 
605 77 10 20 0.021601321 
147 524 5 15 0.021599445 
388 0 7 17 0.021590319 
914 563 4 11 0.0215347 
371 295 14 42 0.02153154 
249 165 9 17 0.021515056 
903 580 4 11 0.021511277 
188 632 3 8 0.021457842 
1013 241 10 22 0.021452427 
798 666 6 16 0.021419846 
462 251 10 28 0.02141412 
233 151 9 19 0.021403687 
427 38 7 19 0.021396937 
757 437 9 13 0.021390421 
66 217 10 16 0.021385193 
812 589 5 13 0.021362158 
426 50 11 19 0.021338042 
410 463 15 21 0.021333257 
479 525 6 12 0.021325016 
67 205 10 18 0.021305798 
909 521 13 18 0.02130253 
589 257 9 17 0.02124158 
604 268 8 16 0.021240516 
568 542 6 11 0.021212816 
388 633 5 11 0.021210289 
199 526 5 13 0.021208193 
487 62 9 20 0.021178743 
465 490 7 11 0.021164468 
406 349 19 35 0.021159988 
697 399 5 14 0.021134276 
527 301 11 21 0.021098841 
1015 536 9 16 0.021051021 
464 265 9 26 0.021049352 
632 210 9 24 0.021032428 
947 433 12 19 0.020998146 
120 372 5 16 0.020995386 
36 177 13 18 0.020969404 
760 451 9 15 0.020965701 
35 59 17 23 0.020947864 
1016 256 9 19 0.020929024 
32 453 4 10 0.020907238 
593 203 7 17 0.020906003 
799 541 5 11 0.020895544 
943 313 3 11 0.020880966 
375 231 9 20 0.020864563 
962 433 8 16 0.020861253 
254 349 11 33 0.020835515 
126 263 14 19 0.020833481 
911 602 7 16 0.020820914 
502 62 8 20 0.0207972 
552 525 8 12 0.020786488 
886 436 6 14 0.020785298 
487 114 11 20 0.020756586 
256 62 187 153 0.020753017 
813 567 5 13 0.020737473 
680 73 9 22 0.020731645 
823 438 6 12 0.020708444 
292 352 15 46 0.020705476 
77 216 10 16 0.020700697 
90 294 9 21 0.020688487 
717 643 12 28 0.020665484 
97 595 3 7 0.020664629 
263 18 17 30 0.020647082 
401 487 10 16 0.020617375 
770 665 10 20 0.02060051 
7 108 28 27 0.020587435 
479 490 6 9 0.020528898 
737 401 3 12 0.020528708 
493 524 5 12 0.02052415 
564 141 8 18 0.020495672 
519 630 4 12 0.020494556 
350 159 27 66 0.020494128 
109 427 4 8 0.020471068 
84 546 4 8 0.02046755 
523 429 14 25 0.02046691 
717 84 13 24 0.020446409 
65 174 11 22 0.02044201 
728 97 14 20 0.020439697 
736 414 4 10 0.020419214 
812 475 6 15 0.020414827 
395 325 14 33 0.020386636 
159 525 5 14 0.020385608 
440 524 6 12 0.020374294 
159 332 6 20 0.020366494 
465 398 25 39 0.020358626 
46 108 16 21 0.020358408 
692 72 10 23 0.020338899 
272 308 30 81 0.020320779 
887 544 6 8 0.02028703 
462 47 10 20 0.02026975 
876 503 8 14 0.020253925 
254 274 18 48 0.02024762 
466 526 5 11 0.020226786 
592 193 7 17 0.020204017 
426 7 7 21 0.020181809 
503 78 7 16 0.020144667 
504 476 9 13 0.020136606 
301 203 21 36 0.020127032 
79 331 9 18 0.020126896 
491 505 5 10 0.02011915 
925 451 9 14 0.020095773 
607 219 6 14 0.020089954 
144 465 5 10 0.020087954 
1013 228 10 21 0.020087212 
196 254 39 84 0.020081619 
119 383 6 16 0.020077031 
547 263 22 28 0.020065136 
898 498 11 20 0.020041838 
577 235 8 14 0.020013127 
485 265 14 23 0.019987212 
784 665 8 18 0.019973692 
377 481 6 10 0.019947035 
942 511 18 21 0.019946557 
925 644 8 14 0.019941542 
785 304 8 25 0.01992683 
657 630 8 18 0.01991238 
398 133 12 27 0.01989097 
13 74 16 20 0.019879678 
698 371 4 17 0.019876147 
977 653 6 13 0.019867668 
937 459 12 20 0.019859793 
364 483 6 9 0.019857777 
750 342 4 9 0.019848475 
4 643 6 16 0.0198452 
120 308 6 15 0.019844513 
923 539 9 12 0.019829206 
708 345 5 18 0.019817527 
781 494 117 122 0.019789668 
901 308 6 15 0.019757975 
399 150 11 22 0.019747805 
286 144 8 14 0.019730987 
808 107 8 30 0.019726023 
159 631 4 9 0.01971491 
412 63 12 20 0.019714694 
148 622 4 6 0.019712921 
732 305 8 20 0.019707646 
1018 308 6 18 0.019701863 
363 311 9 29 0.019693652 
495 351 14 29 0.019677512 
418 353 21 35 0.01967429 
63 89 13 17 0.01960377 
83 569 4 8 0.019590326 
787 511 5 12 0.019582184 
541 330 7 18 0.019574549 
563 300 11 21 0.019564971 
515 513 9 14 0.01955675 
132 332 6 17 0.01955119 
32 478 4 11 0.019543108 
34 35 15 23 0.019532988 
26 652 9 17 0.019528836 
694 664 12 24 0.019510042 
52 178 11 17 0.01944167 
47 58 17 25 0.019412233 
325 644 4 13 0.019410158 
541 314 8 19 0.01940654 
566 639 6 21 0.019403664 
537 279 13 18 0.019400407 
886 450 7 18 0.019393222 
389 491 7 11 0.01936756 
635 412 4 14 0.019339914 
229 230 15 35 0.01930211 
453 205 34 73 0.01930108 
63 288 13 23 0.019282587 
351 513 5 11 0.019271463 
394 393 16 22 0.019268692 
877 544 5 8 0.019265968 
99 262 21 20 0.01924948 
41 345 8 15 0.019237975 
249 409 8 21 0.019206258 
65 329 10 18 0.019193642 
888 486 7 19 0.019165901 
41 363 7 12 0.019143006 
160 479 4 9 0.019142935 
399 111 11 22 0.019136652 
759 414 5 11 0.01913045 
385 321 13 33 0.019128311 
110 453 4 11 0.019121189 
975 484 10 20 0.01910505 
36 228 15 19 0.019102897 
246 128 8 17 0.019100562 
646 580 4 12 0.019086942 
402 510 7 13 0.019085806 
93 218 8 15 0.01907094 
517 291 8 15 0.0190665 
820 433 41 65 0.019049412 
35 215 14 21 0.019049156 
964 539 9 13 0.019046132 
310 252 35 67 0.019003857 
496 147 20 34 0.018995153 
172 528 5 12 0.018976111 
581 118 236 142 0.018961523 
461 220 12 32 0.018955974 
824 324 6 13 0.018951502 
242 222 32 61 0.01892959 
202 50 29 72 0.01892163 
160 369 8 21 0.018886847 
799 526 6 13 0.01887743 
76 135 12 24 0.018847551 
911 451 36 64 0.018838638 
511 327 10 24 0.018838093 
379 392 19 26 0.018791812 
133 454 4 10 0.018790362 
185 529 4 11 0.018773563 
474 169 14 33 0.018756222 
162 161 175 175 0.01873765 
1002 666 7 19 0.01873249 
1 309 9 17 0.018716045 
424 662 346 292 0.018709674 
555 249 24 36 0.018705131 
489 488 7 10 0.018701738 
412 52 8 18 0.018697344 
901 523 10 16 0.018681413 
663 173 19 27 0.018677779 
36 244 16 15 0.018659236 
108 631 8 10 0.018603021 
170 255 8 18 0.018590437 
361 390 54 66 0.0185888 
171 252 96 144 0.018559828 
133 362 6 14 0.018548617 
295 301 11 28 0.018538348 
-3 118 103 82 0.018536743 
145 453 6 10 0.018526377 
725 354 4 10 0.01850635 
283 369 12 38 0.018495489 
461 78 10 17 0.018470636 
52 -28 11 24 0.018453246 
345 334 14 34 0.018446095 
71 528 4 12 0.018435758 
203 398 15 21 0.018416988 
462 474 9 15 0.01840757 
352 530 4 10 0.018406665 
285 322 32 94 0.018377086 
415 525 5 12 0.018376166 
35 -28 12 21 0.018376062 
732 652 8 20 0.01837085 
254 17 17 29 0.018366786 
539 305 9 17 0.018329706 
180 423 9 17 0.018316096 
455 143 30 62 0.018306471 
924 434 10 15 0.01829779 
990 251 9 22 0.018284518 
12 -21 14 27 0.018278653 
343 249 39 85 0.018272908 
522 260 44 63 0.018228851 
391 529 4 10 0.018211305 
409 147 14 28 0.018210694 
331 325 40 95 0.018208567 
592 246 7 12 0.018187495 
284 128 8 16 0.018183775 
499 264 15 19 0.018152209 
915 308 5 15 0.018152006 
132 319 6 17 0.018150935 
935 432 13 19 0.018101353 
753 482 262 211 0.0181012 
498 445 15 24 0.018083896 
823 630 6 13 0.018074704 
876 527 7 11 0.018074585 
403 528 5 10 0.018031644 
849 438 8 10 0.018018857 
451 524 6 12 0.017988397 
117 60 10 26 0.017960634 
507 232 48 61 0.017953426 
51 217 12 18 0.017940937 
36 141 14 14 0.017927347 
539 7 9 22 0.017914223 
157 285 6 14 0.017908873 
333 256 11 19 0.017882196 
250 357 28 80 0.017865883 
823 100 5 24 0.017864443 
916 579 4 11 0.01782772 
3 225 11 21 0.01781978 
584 -192 351 103 0.017809277 
703 662 13 27 0.017795395 
120 401 5 12 0.017782256 
487 391 15 26 0.017780358 
33 124 19 19 0.017776918 
25 -54 11 22 0.017774295 
337 48 8 24 0.017761339 
277 528 3 11 0.017747693 
221 386 8 16 0.01774446 
109 438 4 11 0.017724434 
544 641 4 15 0.017705198 
301 330 17 44 0.017703217 
74 277 14 24 0.017697487 
411 508 10 15 0.017668929 
989 229 9 18 0.017664725 
439 23 8 20 0.017652417 
542 428 7 11 0.017622458 
604 666 10 20 0.017589685 
171 632 4 8 0.017576693 
298 287 11 25 0.0175754 
812 489 6 14 0.017521767 
108 373 5 17 0.01749088 
240 15 16 29 0.017488407 
899 639 8 15 0.017485622 
909 495 15 23 0.017472174 
61 149 16 26 0.017466847 
709 228 7 21 0.017459616 
83 405 5 10 0.017449817 
3 9 7 24 0.017439593 
400 99 11 22 0.017438065 
172 29 457 361 0.017412812 
845 418 13 17 0.017409394 
233 166 8 16 0.017404182 
189 652 357 304 0.01739996 
128 62 13 25 0.017396249 
821 672 9 26 0.017384484 
64 79 12 17 0.017374158 
301 641 4 13 0.01736955 
446 442 13 26 0.01734546 
413 -15 6 16 0.017341226 
297 335 43 95 0.017336093 
447 137 12 24 0.017302422 
148 541 3 11 0.017301288 
633 399 4 15 0.01729566 
30 529 5 10 0.017291026 
20 290 19 20 0.017289333 
831 483 13 21 0.017285695 
513 94 97 97 0.017281668 
618 216 7 17 0.017233077 
370 345 13 35 0.017221063 
9 170 22 27 0.017206987 
24 -32 13 26 0.017201295 
679 217 12 21 0.017176628 
381 199 31 68 0.01715412 
781 671 13 25 0.017126534 
472 246 30 63 0.017092055 
288 639 5 16 0.017087545 
956 523 16 19 0.01706887 
446 427 13 26 0.017043753 
1018 660 8 24 0.017029746 
308 -2 12 22 0.017017266 
7 615 5 12 0.017010575 
929 310 5 14 0.017000891 
0 120 18 24 0.016999472 
548 218 19 39 0.016970778 
148 307 6 14 0.01694778 
789 399 4 10 0.016941369 
55 389 6 11 0.016934294 
941 494 18 24 0.016930113 
823 654 6 13 0.016917672 
486 300 13 29 0.016911512 
274 241 30 51 0.016894167 
642 633 9 29 0.016892107 
137 416 4 9 0.016887628 
480 294 30 70 0.016860604 
183 47 8 26 0.016854504 
595 639 6 20 0.016836079 
447 410 16 32 0.01683031 
169 63 9 24 0.016797928 
935 446 13 20 0.016769083 
220 289 32 84 0.016728798 
837 641 12 14 0.016719935 
119 292 9 15 0.01671888 
18 654 7 16 0.016702997 
904 554 5 8 0.016691616 
3 205 9 19 0.016681958 
359 251 13 24 0.016671402 
845 495 15 21 0.016668886 
550 286 15 22 0.016649581 
542 413 6 11 0.01663879 
6 451 5 12 0.016582312 
397 472 14 20 0.0165731 
783 643 6 12 0.016571732 
699 620 31 56 0.016541934 
33 465 4 10 0.016522674 
864 283 5 19 0.01651039 
314 653 5 17 0.01650278 
94 522 7 17 0.01646734 
168 339 15 36 0.01645948 
854 481 16 25 0.016457759 
6 438 5 11 0.01645674 
321 314 10 26 0.016436 
1002 296 5 17 0.016420595 
447 207 13 31 0.01640892 
478 478 7 10 0.016360559 
183 436 9 17 0.016349083 
317 141 32 55 0.016346078 
975 496 11 19 0.016324684 
379 167 32 57 0.016300542 
845 650 11 14 0.016295582 
426 508 8 15 0.016261525 
50 126 14 19 0.016242847 
360 345 13 35 0.016241493 
999 675 11 36 0.01623159 
806 175 11 25 0.016231043 
94 633 6 7 0.016220624 
833 497 11 18 0.016194597 
270 359 12 36 0.016176647 
455 632 4 11 0.01609579 
499 292 9 19 0.01608258 
787 320 6 16 0.016039832 
298 273 13 26 0.01603783 
375 511 6 12 0.015993074 
50 228 15 20 0.015981985 
250 630 4 11 0.015978793 
237 312 28 84 0.015963893 
201 253 18 44 0.015915902 
211 642 4 12 0.015893888 
260 204 31 57 0.015881928 
439 155 29 60 0.01587704 
989 666 6 16 0.015876906 
17 263 25 20 0.01586668 
509 237 23 28 0.015864244 
963 652 8 14 0.015863977 
426 24 7 19 0.01584557 
678 662 14 27 0.015827198 
462 65 10 18 0.015827138 
914 642 7 14 0.015826989 
25 -66 11 21 0.01582258 
365 177 30 59 0.015804116 
396 181 31 58 0.015784917 
846 469 13 22 0.015781956 
36 292 14 16 0.015764743 
725 412 4 12 0.01573331 
835 439 7 11 0.015716376 
33 -40 14 18 0.01571367 
122 429 4 9 0.015704425 
0 171 15 26 0.01568952 
325 277 33 80 0.015685197 
273 636 6 21 0.015684688 
1012 -10 9 11 0.015636822 
1012 494 14 22 0.015612574 
930 491 21 27 0.015606054 
65 126 13 22 0.01560034 
134 631 4 8 0.01558696 
17 149 22 24 0.0155835515 
401 -16 7 16 0.015575639 
508 419 21 38 0.015568183 
833 420 11 17 0.015562564 
114 278 13 16 0.015553714 
1000 266 8 17 0.015529223 
61 98 17 22 0.015495609 
281 2 14 33 0.015477462 
60 229 15 18 0.015473075 
953 555 6 9 0.015456802 
796 108 8 30 0.015446045 
786 527 6 12 0.015438158 
1017 267 8 19 0.015420844 
989 -24 9 17 0.015415836 
159 347 9 21 0.015400079 
65 109 13 21 0.015397044 
318 222 16 31 0.015395005 
426 524 7 12 0.015392722 
433 208 32 67 0.015392201 
408 340 42 61 0.015369051 
855 496 14 20 0.015366064 
309 451 9 16 0.015360789 
136 583 3 8 0.015351382 
335 312 9 29 0.015341697 
834 525 8 11 0.015319549 
538 267 14 19 0.015311042 
2 188 9 21 0.015305434 
6 252 51 44 0.0152969 
366 511 5 12 0.01528389 
253 152 31 46 0.015274448 
184 240 30 79 0.015257202 
308 294 13 31 0.015241234 
132 308 6 14 0.015231654 
833 513 8 14 0.01522777 
5 629 6 14 0.01522173 
962 482 11 22 0.015218192 
203 202 98 91 0.015208091 
264 413 16 34 0.0151951 
477 251 12 28 0.015192215 
579 192 8 16 0.01516365 
523 119 30 51 0.015151661 
24 83 45 42 0.015139499 
815 120 300 258 0.015123084 
149 385 8 17 0.015108779 
795 166 11 21 0.015104396 
339 644 4 12 0.015089768 
592 219 7 13 0.0150826555 
717 128 12 16 0.015078988 
537 28 11 37 0.01506176 
678 199 14 21 0.015042275 
460 458 14 22 0.015040708 
352 206 34 68 0.014989733 
440 391 34 61 0.01498936 
333 299 10 27 0.014980444 
394 348 17 33 0.014924299 
473 219 13 35 0.014912961 
798 293 7 25 0.01490446 
816 267 246 181 0.014902415 
44 644 6 11 0.014900582 
698 387 4 14 0.014896766 
188 377 16 24 0.014871052 
347 254 12 19 0.014860474 
715 199 13 27 0.0148557415 
918 425 43 64 0.014833539 
206 222 37 74 0.014832953 
1018 281 7 20 0.014831449 
50 290 13 17 0.014803312 
204 449 261 192 0.014783436 
514 359 9 18 0.014727183 
496 245 22 28 0.014708408 
161 356 8 22 0.014708334 
819 682 11 35 0.0146961 
335 184 27 62 0.0146925505 
224 643 3 12 0.014685283 
752 98 13 22 0.01465265 
446 119 13 26 0.014650351 
492 478 7 10 0.014612806 
390 457 20 26 0.014604673 
127 279 11 16 0.014604419 
594 237 6 11 0.014595192 
580 203 9 17 0.01457036 
280 436 12 20 0.014550328 
939 554 6 10 0.014540813 
482 347 34 69 0.0145203285 
94 72 8 23 0.014512096 
554 7 8 22 0.014497911 
149 401 5 11 0.014487914 
348 267 12 21 0.014444697 
389 313 37 66 0.014430184 
652 663 12 26 0.014415204 
397 123 36 68 0.014397843 
1014 219 8 17 0.014396883 
938 385 105 81 0.014392897 
0 293 12 17 0.0143904425 
527 312 11 24 0.014337652 
782 165 11 19 0.014329458 
711 412 5 12 0.014317475 
132 372 6 14 0.014297658 
89 276 14 20 0.014295944 
278 397 16 39 0.014281034 
581 643 4 16 0.014275076 
203 382 14 19 0.014271278 
140 265 10 17 0.014269098 
154 252 10 18 0.014263445 
153 61 13 29 0.014258444 
921 523 38 76 0.014253313 
25 -78 11 22 0.014201014 
999 690 13 49 0.014175565 
292 228 34 58 0.014157385 
347 286 11 25 0.014148196 
442 103 18 29 0.0141412215 
231 309 13 34 0.014132542 
139 62 14 27 0.014127839 
4 527 5 14 0.014120496 
321 47 9 24 0.014114298 
477 -17 7 18 0.014081981 
378 527 4 10 0.014034262 
278 171 31 50 0.014020834 
388 -15 7 16 0.0140044885 
422 42 35 55 0.014001087 
320 293 12 31 0.013998597 
694 138 11 19 0.013998585 
96 582 4 8 0.013986295 
527 329 9 21 0.013968827 
354 110 25 50 0.013965182 
967 297 4 15 0.01395999 
567 0 7 17 0.013951683 
990 532 10 18 0.0139403 
108 523 5 16 0.01390247 
220 372 9 18 0.01388356 
482 401 21 33 0.01388177 
554 59 8 25 0.013851418 
472 380 15 24 0.013830986 
75 229 12 17 0.013827169 
554 0 7 17 0.013803345 
438 84 23 33 0.01380005 
132 345 6 18 0.0137703 
837 651 9 14 0.013763335 
900 296 6 15 0.0137572 
557 639 6 17 0.013743898 
47 243 20 19 0.013741145 
258 237 29 58 0.013670639 
79 343 9 21 0.013641659 
366 529 4 10 0.013615729 
433 63 16 25 0.0136138415 
425 350 109 145 0.01357775 
267 265 37 68 0.0135593815 
471 417 49 65 0.013549842 
143 330 8 21 0.013537204 
96 543 4 9 0.013529502 
84 525 6 14 0.013520632 
5 128 47 48 0.013484391 
35 23 14 22 0.013462108 
1018 296 6 20 0.013458866 
479 636 6 22 0.013457948 
934 510 16 19 0.013437495 
532 182 23 35 0.01340735 
294 288 32 67 0.013398648 
427 327 51 68 0.013371444 
579 219 8 15 0.013344955 
202 307 16 37 0.013334153 
896 497 48 76 0.013331932 
98 275 18 19 0.01333162 
146 282 7 13 0.013323105 
426 -23 6 16 0.013322053 
409 156 32 60 0.013312616 
129 294 8 14 0.013307286 
978 -11 6 11 0.013299081 
115 641 9 12 0.0132750245 
266 315 17 43 0.013270054 
242 289 16 43 0.013263563 
659 580 5 12 0.0131911365 
963 -23 61 82 0.013186772 
336 467 7 9 0.013167233 
384 351 13 30 0.013141273 
275 197 30 53 0.013135518 
702 447 142 181 0.013128935 
196 -2 8 24 0.01310228 
361 -1 10 18 0.013100837 
464 240 111 133 0.013091939 
254 317 16 39 0.013078316 
352 641 5 16 0.01305469 
136 525 5 14 0.013052171 
409 413 15 25 0.013020688 
991 295 6 15 0.013017415 
422 493 13 22 0.013007751 
512 430 35 56 0.012985382 
242 191 34 47 0.012983525 
167 275 28 72 0.012961135 
50 141 14 17 0.012949855 
962 474 44 65 0.012949453 
994 113 18 23 0.0129254 
440 97 75 89 0.0129213985 
997 -24 13 19 0.012912436 
226 210 32 57 0.012902643 
365 280 30 74 0.0128947925 
678 152 13 21 0.012891933 
484 167 17 40 0.012884921 
90 266 15 17 0.012849321 
40 655 7 12 0.012829389 
346 33 10 28 0.012821915 
825 475 44 62 0.012795783 
146 372 7 15 0.012789014 
727 114 15 19 0.012780034 
844 482 16 23 0.012772819 
53 343 9 19 0.012768646 
903 540 8 13 0.012764258 
378 435 47 62 0.012753148 
487 248 17 27 0.01273374 
900 427 35 67 0.012728412 
96 402 5 13 0.012702456 
592 666 8 19 0.012653453 
576 135 31 57 0.012649987 
174 644 3 10 0.0126383435 
96 374 5 14 0.012635071 
841 427 36 61 0.012631164 
678 164 17 21 0.012624052 
864 530 6 9 0.012604792 
95 556 4 9 0.012603943 
320 344 13 37 0.012595115 
216 309 13 32 0.01259294 
437 151 13 25 0.01258258 
387 478 9 12 0.012577603 
52 162 12 17 0.01256399 
1001 280 6 18 0.012561897 
1010 129 13 19 0.01255823 
374 401 28 36 0.0125481235 
483 346 17 35 0.0125427125 
753 164 42 83 0.012537664 
935 518 18 22 0.012507309 
925 592 31 64 0.012454697 
9 61 42 50 0.012438162 
7 -189 60 98 0.012427717 
583 654 5 16 0.012406386 
159 642 4 11 0.012404472 
176 218 27 58 0.012402782 
502 462 13 17 0.01238648 
367 115 28 60 0.012382264 
844 394 32 44 0.012381295 
538 282 34 70 0.012380594 
783 111 9 24 0.012375914 
692 214 12 24 0.012370519 
81 360 7 15 0.012348598 
34 171 35 60 0.012322932 
773 402 4 9 0.012302404 
104 293 8 16 0.012301303 
996 442 38 47 0.012298673 
149 631 3 8 0.012258919 
198 642 4 13 0.012237782 
360 285 11 29 0.012226133 
761 322 6 13 0.012224733 
59 275 17 24 0.012208985 
1009 113 15 20 0.012202442 
27 104 43 58 0.012200798 
90 241 16 20 0.012193641 
763 454 31 52 0.012183593 
292 13 16 36 0.012181377 
462 262 29 68 0.012166297 
357 312 31 70 0.01216318 
423 63 15 23 0.012157445 
662 196 35 63 0.012141261 
462 195 12 31 0.012118834 
711 400 5 13 0.012109201 
37 166 13 14 0.012103601 
149 296 5 12 0.012087852 
407 214 30 61 0.012081243 
28 0 9 21 0.01207599 
896 463 30 60 0.012043869 
719 224 8 26 0.012021303 
377 256 28 78 0.0120177865 
372 324 36 70 0.012009604 
594 653 6 16 0.012000695 
819 175 11 26 0.01199146 
237 631 4 10 0.01199068 
978 666 5 13 0.011990518 
863 511 8 13 0.011972803 
721 332 6 17 0.011966717 
705 171 29 30 0.011961741 
627 76 10 19 0.011953719 
376 -12 6 14 0.0119511625 
400 0 84 101 0.011945509 
15 276 29 22 0.011943698 
129 65 36 59 0.011937014 
363 640 5 17 0.011896545 
773 323 6 13 0.011855003 
749 320 5 14 0.011849699 
359 6 12 27 0.011836963 
704 71 11 22 0.011836237 
734 316 7 17 0.0118317 
186 641 4 13 0.011827442 
2 20 9 28 0.01180943 
518 223 23 31 0.01179112 
563 277 31 59 0.011770059 
48 276 19 21 0.011763211 
658 617 31 58 0.0117085315 
423 224 28 68 0.0117041785 
55 374 6 11 0.011690927 
535 251 18 26 0.011689363 
402 631 5 9 0.011685082 
390 403 22 30 0.011668871 
38 -18 11 20 0.011663202 
304 356 16 45 0.011657289 
806 187 12 32 0.01163175 
9 -124 13 45 0.011609843 
469 439 18 28 0.01160931 
146 361 6 15 0.011607905 
554 665 7 21 0.011579577 
440 238 27 71 0.011533834 
157 272 7 14 0.011533781 
423 187 32 61 0.011519395 
445 360 46 73 0.011499831 
220 56 24 66 0.011498075 
184 284 36 82 0.011494585 
726 387 4 11 0.011484089 
811 321 7 15 0.0114817405 
57 640 7 13 0.01148014 
94 352 37 80 0.011479901 
426 121 38 69 0.011476616 
91 255 14 16 0.011466619 
301 653 4 19 0.011462501 
584 103 28 57 0.011434277 
120 524 6 15 0.011431033 
485 443 17 25 0.011419297 
490 463 11 14 0.011410004 
541 0 7 18 0.011385558 
491 312 35 71 0.011368798 
440 362 23 31 0.011364559 
319 -3 14 22 0.011359278 
111 395 115 120 0.011356435 
997 1 12 17 0.011346937 
557 654 5 14 0.01134301 
431 339 20 30 0.011342122 
-6 216 113 71 0.011339198 
869 394 31 48 0.011332577 
32 278 22 19 0.0113190515 
489 637 6 21 0.011316875 
703 194 15 29 0.011295261 
921 522 14 17 0.011286382 
975 514 12 17 0.011279233 
4 -131 28 93 0.011245781 
372 380 14 23 0.0112286415 
2 -149 67 153 0.011227144 
106 382 6 18 0.011216931 
28 320 35 65 0.011211977 
712 372 4 13 0.011202466 
294 435 13 24 0.011179898 
546 656 4 14 0.011170991 
68 642 7 12 0.011165068 
422 150 12 24 0.011148596 
947 434 31 60 0.011134885 
107 399 5 13 0.0111343395 
523 342 31 59 0.01113406 
848 510 9 14 0.011129951 
343 357 16 40 0.011126415 
363 410 98 104 0.011123168 
653 216 27 63 0.01111903 
249 283 94 148 0.011101251 
38 -2 11 22 0.011078647 
340 480 33 67 0.01107226 
472 461 13 17 0.011070881 
317 31 14 31 0.011049867 
66 343 9 20 0.01104057 
913 383 28 42 0.011013115 
12 -174 16 34 0.011004916 
336 223 36 66 0.011004724 
98 223 35 42 0.0109202415 
569 648 6 18 0.010917784 
767 166 13 18 0.010909627 
187 59 24 64 0.010908428 
961 496 13 20 0.010899289 
727 72 16 22 0.010891427 
776 388 3 8 0.010878387 
579 -1 7 18 0.010870612 
198 -15 6 17 0.0108673405 
264 366 38 87 0.010865671 
919 509 16 19 0.010853101 
795 189 11 27 0.0108158775 
91 233 11 15 0.010800227 
997 567 29 64 0.010781266 
496 408 19 34 0.010772015 
946 530 16 20 0.010765132 
318 223 33 64 0.0107639795 
193 204 31 48 0.010742285 
927 399 41 52 0.010732878 
410 393 33 52 0.010722621 
323 183 108 117 0.010721812 
491 -16 6 17 0.010716239 
732 203 13 24 0.010706987 
45 202 41 58 0.010705306 
24 -93 13 26 0.010673227 
877 479 37 61 0.010669249 
307 308 30 68 0.010635668 
988 520 36 66 0.010627554 
403 279 25 64 0.010619794 
75 264 15 20 0.010612873 
517 88 32 56 0.010611521 
937 531 14 18 0.010606006 
783 161 36 91 0.01058588 
860 653 8 12 0.01057922 
2 241 11 17 0.010555657 
1011 1 11 15 0.0105257975 
166 202 30 46 0.010483569 
361 86 26 51 0.010455737 
151 220 30 52 0.010433761 
21 213 46 57 0.010398595 
82 642 7 11 0.010396485 
220 338 11 26 0.01039311 
475 192 13 35 0.010390388 
736 338 5 11 0.010383579 
1009 -24 12 16 0.010364591 
210 -14 6 16 0.010339603 
5 205 227 209 0.010333809 
850 529 6 9 0.010324323 
449 104 33 57 0.010317328 
18 288 41 53 0.010304754 
73 253 17 20 0.010301594 
214 255 17 41 0.010297676 
376 83 28 55 0.010290185 
459 442 17 26 0.01028834 
770 115 9 20 0.010260604 
50 151 16 20 0.010254621 
663 160 39 52 0.010248244 
750 72 16 22 0.010225806 
395 90 32 59 0.010223375 
1013 -150 13 36 0.010207069 
891 -192 153 97 0.010185783 
333 355 15 45 0.010162585 
910 577 28 63 0.010159199 
434 325 13 30 0.010154994 
580 664 8 21 0.010152547 
976 525 10 15 0.010123194 
780 140 11 18 0.010107324 
107 641 10 11 0.010090897 
969 217 32 71 0.010090839 
992 97 21 26 0.01007052 
988 115 12 19 0.010064115 
563 106 30 59 0.010048392 
546 148 31 61 0.010031015 
568 81 28 54 0.010025917 
346 312 12 31 0.010025216 
850 283 6 20 0.0100157065 
