48_Parachutist_Paratrooper_Parachutist_Paratrooper_48_357
195
332 286 336 425 0.99862087 
758 839 8 33 0.040281523 
166 759 7 35 0.03460692 
837 -45 207 307 0.034159888 
-5 1257 7 24 0.027194891 
312 828 7 24 0.026809555 
744 876 8 31 0.025198296 
166 724 7 39 0.024588445 
90 1132 6 22 0.024539255 
-147 -89 160 549 0.024140716 
807 893 6 26 0.023238212 
148 687 11 56 0.023038462 
-193 1009 265 346 0.02218215 
730 889 7 34 0.022106057 
313 1100 5 23 0.022090761 
74 1133 5 21 0.022030586 
759 857 7 28 0.021784117 
987 1256 13 25 0.021607399 
747 840 7 33 0.021565745 
746 858 6 32 0.021491868 
374 292 7 41 0.021376127 
774 840 7 30 0.020831715 
138 857 6 31 0.020308485 
760 823 8 37 0.020257756 
789 871 8 37 0.020150088 
154 772 6 33 0.01988268 
806 907 7 26 0.01977393 
29 1253 15 31 0.019745 
161 689 11 53 0.019713534 
86 1117 7 20 0.019663393 
728 875 7 31 0.019343637 
134 702 10 49 0.019174919 
117 833 8 43 0.018873915 
135 740 8 40 0.018870976 
151 720 9 46 0.018609928 
74 1118 7 20 0.018529532 
391 279 7 39 0.018394891 
184 805 7 39 0.018348109 
983 -40 191 290 0.01821359 
297 1119 5 21 0.017706627 
758 989 6 21 0.017620478 
822 890 7 25 0.017568493 
32 1247 10 17 0.017533494 
25 1245 8 17 0.017447257 
892 -10 130 137 0.01729361 
807 872 7 34 0.017278852 
791 855 8 36 0.017192148 
344 799 6 27 0.01698652 
792 907 6 27 0.016814586 
313 1088 5 20 0.016767485 
437 932 9 41 0.016697537 
119 739 9 49 0.016643535 
167 791 7 34 0.016550547 
135 823 6 32 0.016435329 
199 791 7 37 0.016297387 
23 1257 13 25 0.016232338 
359 794 6 27 0.016193714 
151 790 7 33 0.016126242 
499 879 11 41 0.015904691 
985 772 269 509 0.015877798 
103 834 9 43 0.015771912 
714 922 6 31 0.01576198 
760 1004 4 21 0.015636835 
712 906 7 31 0.015596944 
296 1134 6 19 0.015525359 
806 853 8 35 0.015433288 
297 827 7 28 0.015352529 
882 816 13 44 0.015213905 
-4 1248 4 18 0.015142187 
790 938 7 25 0.015084483 
56 1130 7 23 0.015065481 
310 810 8 29 0.015057911 
154 741 7 36 0.014971945 
870 930 11 45 0.014796186 
200 744 6 28 0.014681373 
259 293 9 40 0.014541435 
298 1103 6 21 0.014448464 
792 891 7 28 0.0143574085 
325 160 10 23 0.01431864 
137 839 6 33 0.014175497 
183 760 7 30 0.01416243 
137 875 6 30 0.014114298 
300 1087 5 21 0.014095427 
470 900 10 43 0.0140771335 
183 774 7 36 0.014049906 
246 281 8 32 0.01393456 
73 1147 6 24 0.013907603 
835 872 9 31 0.01387852 
743 633 9 40 0.013837051 
101 1134 6 21 0.01380819 
163 656 11 50 0.013755544 
136 776 7 32 0.0137412995 
313 1116 6 22 0.013734193 
89 956 6 22 0.013709161 
612 746 9 34 0.013672941 
485 895 12 47 0.013672492 
772 807 11 35 0.013615367 
774 860 7 30 0.013598328 
375 781 7 29 0.013550417 
186 746 5 28 0.013546241 
792 924 6 24 0.01346986 
711 934 8 36 0.013390739 
295 813 7 26 0.013370927 
117 704 10 48 0.013327932 
136 987 7 27 0.013323073 
822 872 8 33 0.013244019 
638 381 94 168 0.013235484 
137 970 7 27 0.013224689 
727 902 9 39 0.0131969275 
342 811 7 27 0.013147484 
122 1056 255 286 0.013104291 
392 767 7 26 0.013026876 
406 248 8 39 0.012963729 
-81 -28 234 346 0.0128885005 
73 1167 5 22 0.012883163 
119 771 8 40 0.012815339 
103 353 10 53 0.012722217 
152 905 8 28 0.01271902 
-5 1071 5 18 0.012704257 
386 790 8 36 0.012680422 
118 354 9 53 0.012620052 
151 891 7 26 0.012581176 
806 923 7 23 0.012390004 
7 1244 7 17 0.012324857 
292 501 10 49 0.012301401 
759 974 6 21 0.012275484 
74 990 5 22 0.012244604 
54 1119 7 20 0.012210675 
-4 1104 4 19 0.0121611515 
203 728 6 31 0.012121689 
-5 1088 5 17 0.01211575 
152 921 9 30 0.012002148 
327 830 6 21 0.011981911 
453 918 9 40 0.011949704 
58 1148 6 23 0.0119382525 
997 1043 9 37 0.011887502 
997 1064 7 30 0.011884925 
744 989 6 21 0.011871465 
778 988 5 20 0.011789291 
878 912 14 53 0.011750347 
998 1082 7 30 0.011748917 
868 837 11 39 0.0117134545 
759 875 7 28 0.011684125 
88 1145 7 26 0.011575727 
165 633 8 35 0.011564406 
73 1102 8 20 0.011544985 
73 1005 6 21 0.011533325 
183 675 9 47 0.011449869 
631 734 6 28 0.011441313 
329 810 7 28 0.011338659 
296 1152 5 18 0.011331828 
897 817 14 48 0.011310895 
780 1025 4 17 0.011296533 
2 1257 11 26 0.011264879 
135 1000 8 29 0.0111784795 
150 823 7 37 0.011162515 
775 973 6 21 0.011133143 
389 779 8 31 0.011119324 
697 992 6 23 0.011094205 
821 849 10 38 0.011075059 
316 845 6 18 0.010982561 
74 1020 5 21 0.010942431 
148 950 11 37 0.010927077 
327 797 7 26 0.010855128 
308 788 10 34 0.010826238 
180 658 10 46 0.010817519 
746 1002 5 22 0.0108028 
87 1086 7 18 0.010795611 
150 935 10 33 0.010754442 
149 658 11 50 0.010706095 
328 1102 6 21 0.010644915 
387 305 11 48 0.010623994 
-12 538 1248 1349 0.010611267 
229 776 8 31 0.010595969 
1117 1000 15 64 0.0105119115 
967 1001 7 29 0.010470954 
118 943 5 21 0.010424553 
865 804 13 40 0.010388261 
246 303 11 46 0.010385893 
758 652 8 32 0.010341008 
834 852 11 35 0.01033155 
390 744 7 28 0.010325735 
134 678 9 41 0.010311789 
531 875 14 32 0.010301515 
184 712 8 36 0.0102750845 
823 1002 7 24 0.01022186 
838 986 8 25 0.010199394 
358 307 9 45 0.010199076 
85 1103 7 19 0.010150149 
168 822 6 33 0.010122822 
150 877 6 26 0.010115185 
89 972 5 23 0.010097347 
449 867 12 42 0.01003331 
501 860 9 30 0.010015235 
90 1165 6 24 0.0100009665 
