48_Parachutist_Paratrooper_Parachutist_Paratrooper_48_596
1774
405 172 169 161 0.7905527 
575 336 31 66 0.14681304 
626 324 20 54 0.13180538 
198 958 26 63 0.11423893 
956 1195 8 29 0.10773058 
47 832 8 41 0.10297777 
94 644 7 30 0.10047886 
49 957 7 28 0.099235155 
40 1770 12 25 0.093497515 
26 979 7 30 0.090738416 
47 980 8 27 0.09019576 
63 277 12 54 0.08966117 
50 932 7 31 0.089585975 
48 855 8 42 0.08830637 
72 597 7 28 0.08817137 
94 622 7 27 0.087443374 
144 687 8 37 0.086108334 
48 878 9 43 0.08479986 
120 646 7 29 0.08383686 
957 1216 8 30 0.08316801 
48 807 8 39 0.08282691 
95 599 7 28 0.082570285 
566 281 20 45 0.08226646 
957 1172 8 28 0.080994256 
551 427 26 72 0.08088611 
94 877 9 41 0.08042169 
5 1584 5 22 0.079836145 
24 832 9 45 0.07961753 
72 622 7 27 0.07922379 
92 929 8 33 0.0789967 
50 280 9 43 0.07705165 
70 643 8 30 0.0763128 
49 906 8 34 0.075734556 
951 928 12 33 0.07557357 
69 929 9 33 0.07539753 
861 785 10 38 0.07472924 
933 1007 8 25 0.07445221 
49 596 7 29 0.07440606 
24 811 8 41 0.073382005 
874 830 12 42 0.07298196 
142 710 8 37 0.07259596 
143 666 6 32 0.07247277 
50 574 7 28 0.072445154 
25 959 7 29 0.07219263 
952 909 10 32 0.0720739 
70 955 8 30 0.07133365 
120 622 6 27 0.07102977 
220 983 24 56 0.070881836 
67 880 8 38 0.07073601 
958 1146 8 29 0.07037931 
27 1002 7 32 0.07029969 
958 1123 8 28 0.070229545 
955 1007 9 27 0.07021962 
-29 1116 10 49 0.06992859 
122 664 7 34 0.06992444 
145 647 6 28 0.06968501 
339 349 29 63 0.069596134 
882 760 8 40 0.06954958 
903 955 9 29 0.069487706 
905 1008 8 25 0.0686268 
119 598 7 28 0.06843288 
613 338 21 61 0.06819433 
-29 1043 11 49 0.06804733 
932 763 9 37 0.06772329 
49 551 7 28 0.06768007 
878 783 9 38 0.06764509 
934 1101 7 27 0.06734033 
49 623 7 27 0.066883326 
48 1003 7 29 0.06670235 
93 858 8 40 0.06635254 
-27 1387 8 34 0.06622917 
70 978 8 28 0.06571051 
91 1193 10 34 0.06569217 
-26 1412 8 33 0.06558948 
39 1787 14 29 0.06554163 
3 1534 5 23 0.065403275 
26 1294 6 26 0.06484414 
65 1729 8 18 0.06467197 
263 262 8 33 0.06450022 
68 858 8 35 0.064324245 
25 786 7 39 0.0641255 
165 709 8 38 0.06402813 
28 1048 7 34 0.06396849 
3 1557 5 22 0.06383488 
96 663 7 35 0.063741066 
909 762 7 36 0.06337058 
-29 996 10 48 0.063280165 
882 981 9 28 0.06325606 
164 689 7 35 0.06303049 
25 904 8 40 0.06294803 
957 1244 8 29 0.062746435 
27 1027 6 32 0.06264524 
1 1243 7 29 0.06257586 
24 880 9 44 0.062558435 
0 1170 7 36 0.062407553 
932 1030 8 25 0.06231981 
68 834 8 36 0.062025245 
933 981 9 27 0.061955802 
261 305 7 33 0.061880376 
-383 -70 397 683 0.061702028 
25 1316 7 26 0.06147715 
2 1268 6 27 0.06130117 
0 784 7 42 0.061280645 
2 1294 6 26 0.061046507 
-29 1165 10 47 0.06099062 
903 980 9 27 0.06091164 
44 1754 9 17 0.06085805 
881 1007 9 26 0.060762435 
0 1219 8 33 0.060728505 
166 737 8 36 0.060668714 
25 929 8 33 0.06056408 
1 956 7 32 0.060443386 
930 566 10 40 0.06030035 
908 1029 7 25 0.060221687 
93 955 8 31 0.059976764 
956 1101 9 29 0.059888244 
933 956 9 29 0.059870888 
978 1146 10 29 0.059807986 
93 830 9 42 0.05977057 
0 809 7 42 0.059703078 
50 262 8 38 0.0594996 
1 978 7 33 0.059240896 
933 1197 8 27 0.059217293 
187 379 8 34 0.05876893 
-1 834 7 40 0.058721855 
55 1728 7 18 0.058097355 
185 938 23 71 0.05784068 
4 1508 6 25 0.057836626 
68 906 8 34 0.057777256 
-28 1238 9 44 0.05766611 
352 280 15 39 0.05743346 
929 612 10 49 0.057400323 
263 284 7 33 0.057388797 
95 905 8 35 0.057353035 
-26 1436 8 34 0.05730084 
49 784 8 37 0.057269715 
49 529 7 29 0.05722049 
48 714 8 34 0.057218004 
0 1195 8 36 0.057109583 
932 1123 8 28 0.057090953 
959 1268 8 26 0.056943204 
619 314 14 35 0.05684848 
931 591 9 41 0.056552056 
70 576 7 26 0.056527168 
47 234 9 39 0.056389246 
-28 1363 9 36 0.05632268 
931 733 9 43 0.055952717 
877 805 10 39 0.05591468 
980 1170 8 29 0.05572799 
1 1049 7 35 0.055696044 
0 1145 7 37 0.05562504 
-29 1213 10 47 0.055593535 
579 299 24 50 0.05557122 
977 1196 9 28 0.05557023 
661 375 14 47 0.055143338 
883 957 9 28 0.0547841 
978 1123 9 30 0.054605972 
5 1605 5 23 0.054490425 
-49 1287 10 40 0.05441699 
48 1027 7 30 0.05438935 
910 737 8 38 0.054302536 
26 1270 7 26 0.054195132 
881 900 11 42 0.053935573 
46 1050 8 32 0.053915925 
934 1217 8 29 0.05391484 
0 930 7 35 0.05390514 
285 770 179 203 0.05376882 
953 955 12 31 0.053721603 
933 785 9 33 0.053391773 
957 1028 9 25 0.05327152 
-28 1337 9 37 0.053189013 
934 930 10 31 0.05318875 
-1 880 7 42 0.052930966 
28 574 7 30 0.05285809 
-49 1311 9 39 0.052743107 
935 1078 7 27 0.052545503 
145 598 7 25 0.052522697 
283 264 8 30 0.052469283 
28 552 7 30 0.05245775 
27 1074 7 35 0.052413493 
-2 856 7 42 0.052234225 
289 381 9 31 0.052212022 
142 577 6 23 0.052156504 
240 285 7 32 0.05210637 
28 1792 10 26 0.05203597 
48 736 9 36 0.051912896 
49 760 8 35 0.051744018 
582 376 27 67 0.05170683 
70 665 8 33 0.051694933 
0 1026 7 35 0.051513143 
-28 1290 9 38 0.051467165 
0 1074 7 36 0.051359992 
3 1488 6 25 0.051311374 
933 1053 8 26 0.051198304 
953 981 10 28 0.051156685 
640 135 12 42 0.051059056 
684 227 12 44 0.051058035 
-49 1335 9 38 0.051041655 
0 1121 7 38 0.05099011 
-27 1313 8 37 0.050931875 
47 209 9 42 0.050839875 
30 1773 8 22 0.050605785 
831 784 10 37 0.050468862 
94 1315 8 29 0.05044912 
0 905 6 38 0.05026699 
0 1003 7 33 0.05008952 
0 759 8 43 0.049767066 
47 1097 7 34 0.04964257 
-28 1264 9 41 0.04950919 
123 687 7 36 0.0494853 
3 1462 6 24 0.04948254 
122 576 7 25 0.049413104 
-50 1262 10 43 0.049325116 
930 1148 8 27 0.049237058 
668 232 10 38 0.049229357 
146 621 6 27 0.04920847 
71 452 7 33 0.04910823 
-52 1113 11 53 0.048699036 
23 160 8 39 0.04864813 
241 308 7 32 0.048627116 
-51 1163 11 50 0.048409387 
3 1437 6 24 0.04825614 
168 356 8 34 0.048203874 
46 185 10 42 0.048150677 
955 1078 7 27 0.048052177 
51 645 7 29 0.047850013 
514 671 14 27 0.04760949 
166 667 7 29 0.04749506 
1015 -163 401 863 0.047446538 
238 257 8 36 0.04740033 
346 303 18 45 0.047313597 
2 1315 6 26 0.047211304 
737 353 11 38 0.047068372 
25 761 8 38 0.046964396 
49 1072 7 35 0.046963703 
49 452 7 32 0.04686898 
977 1218 9 29 0.04681714 
28 1096 7 35 0.04675866 
582 136 15 44 0.046693016 
288 361 8 28 0.04666005 
928 547 9 36 0.046645854 
305 206 10 41 0.046604954 
-49 1360 9 37 0.046494167 
93 1140 10 41 0.046367 
-50 1236 11 46 0.046318162 
68 1004 7 27 0.04626458 
116 373 9 38 0.046218656 
49 690 7 34 0.04614858 
308 233 9 36 0.04612479 
-29 949 10 48 0.046058346 
66 1749 10 18 0.045802932 
71 1049 8 31 0.04579444 
935 908 9 30 0.04569528 
-25 1458 8 36 0.045686003 
567 137 18 46 0.045610283 
0 1098 6 36 0.045609042 
1309 538 218 665 0.045597885 
901 907 10 33 0.045513634 
778 1269 11 36 0.04547495 
47 474 8 35 0.045437902 
48 327 9 41 0.045364458 
977 1245 8 27 0.045282748 
47 1367 7 24 0.04502458 
2 1415 6 23 0.04497663 
68 712 8 35 0.044953875 
116 878 9 41 0.044951268 
29 597 7 31 0.044837814 
117 975 8 32 0.044658385 
931 1176 8 25 0.044655308 
862 824 12 47 0.044502243 
93 976 8 29 0.044449028 
95 576 7 25 0.044374075 
142 736 8 37 0.044308607 
68 804 9 41 0.044267964 
977 1100 10 31 0.044153217 
686 253 11 42 0.044152606 
909 1101 7 26 0.044101432 
911 564 9 41 0.04399863 
70 1314 8 28 0.04380906 
186 1164 11 31 0.04376629 
44 162 10 40 0.04368061 
881 1030 9 24 0.043573387 
283 286 8 31 0.04342326 
-52 1065 12 55 0.043353625 
352 134 15 45 0.043273848 
954 571 8 37 0.043243393 
259 888 13 28 0.043238185 
1 1389 6 24 0.04316847 
-30 898 11 54 0.04310904 
26 263 7 35 0.043010373 
238 332 7 33 0.043002427 
955 205 9 43 0.042996928 
935 810 9 33 0.042977486 
69 689 7 34 0.042843737 
27 530 6 30 0.042822983 
-49 1384 10 37 0.04267614 
662 134 12 46 0.042619076 
974 1268 9 27 0.042531148 
69 1026 8 28 0.042487726 
765 1266 11 34 0.042422086 
428 37 177 174 0.0424043 
286 237 8 35 0.04232364 
28 620 7 31 0.04227839 
618 139 12 37 0.042250223 
192 402 7 33 0.04218744 
319 790 23 67 0.042138718 
666 256 11 37 0.04212754 
905 930 9 31 0.04212357 
566 326 25 50 0.042021707 
508 684 19 42 0.041980326 
882 610 10 50 0.041795854 
668 212 11 35 0.04172059 
480 454 8 24 0.041647017 
858 712 9 41 0.041646324 
70 1092 9 37 0.041518196 
120 1067 7 35 0.041487888 
640 159 11 40 0.041458927 
355 120 11 35 0.041179765 
66 1772 10 22 0.041116465 
957 1055 8 25 0.040977996 
49 1118 7 36 0.040973514 
27 1342 7 25 0.040964246 
688 281 11 40 0.040887877 
93 1170 9 34 0.040829893 
186 359 8 31 0.04074498 
618 116 12 35 0.04065325 
25 1219 7 34 0.04064912 
-32 775 12 57 0.04064654 
859 981 9 27 0.040607106 
883 740 8 38 0.04060589 
934 858 9 31 0.0405962 
91 455 7 34 0.04058058 
856 958 10 28 0.04050859 
956 1318 8 25 0.040448427 
638 113 13 44 0.04038645 
138 1072 7 30 0.04025253 
690 308 11 33 0.04022995 
285 307 8 32 0.04017225 
934 834 10 33 0.04014801 
70 760 8 36 0.040052764 
932 683 9 46 0.040050093 
93 1094 9 37 0.040031526 
50 404 8 34 0.040005527 
170 374 7 35 0.039955415 
955 736 9 39 0.03994618 
763 350 10 41 0.03994525 
50 668 7 31 0.03978358 
52 1171 7 33 0.03960028 
334 287 10 29 0.039558847 
23 1585 6 20 0.03955603 
94 1051 7 28 0.03954562 
49 498 8 34 0.039531916 
217 355 7 33 0.039342433 
909 1123 8 27 0.039228655 
936 1244 7 27 0.039190322 
191 918 32 77 0.039183766 
-32 726 12 59 0.0391376 
24 187 8 38 0.039090917 
405 531 7 20 0.03897107 
69 1263 10 28 0.038942307 
166 601 6 23 0.03885211 
143 453 7 33 0.03881571 
71 1118 7 35 0.03876677 
94 1118 9 39 0.038745653 
69 1172 8 31 0.038689636 
880 852 11 39 0.038637463 
490 574 14 29 0.03857689 
955 1341 9 24 0.038546495 
955 713 9 41 0.0385214 
692 425 11 43 0.038473282 
910 611 9 50 0.03839761 
-30 849 11 55 0.038395382 
955 615 9 47 0.03837064 
-30 1851 13 55 0.038366735 
26 237 8 36 0.03830048 
554 200 24 53 0.038269166 
165 648 6 27 0.0382505 
-31 656 12 60 0.03824152 
956 688 9 42 0.03818851 
0 735 7 44 0.038054213 
638 234 12 35 0.03805298 
332 114 10 35 0.038033992 
27 645 7 32 0.0379987 
662 158 12 43 0.037991013 
357 264 13 32 0.037961725 
954 765 8 31 0.037961613 
385 474 8 29 0.03791921 
910 784 8 32 0.037915766 
975 1291 10 26 0.037906613 
25 1197 8 37 0.037848115 
1 1340 6 25 0.037824653 
0 711 8 43 0.03779453 
976 1006 11 28 0.037790637 
444 239 152 249 0.03774328 
27 1120 8 36 0.037713725 
979 980 10 29 0.03766508 
1 1367 6 25 0.037654866 
25 1246 7 29 0.037614334 
70 1071 8 34 0.03761117 
717 356 10 32 0.037503652 
68 737 9 36 0.03745932 
216 309 7 34 0.03745315 
804 400 11 46 0.03742411 
72 1192 8 32 0.037419554 
639 212 11 34 0.0374103 
977 1029 10 26 0.03739997 
330 185 12 40 0.03739551 
-423 267 18 80 0.037290685 
655 445 18 57 0.03728926 
217 429 7 29 0.037286934 
834 711 9 35 0.037245408 
25 1172 8 34 0.03723517 
48 1267 8 26 0.037225924 
958 1291 9 26 0.03711939 
-50 1408 9 37 0.037099503 
689 185 11 42 0.036973875 
47 357 9 38 0.03679898 
96 1338 7 29 0.036748935 
70 1293 8 25 0.03672648 
263 331 8 32 0.036664672 
0 686 7 44 0.036627244 
641 186 10 35 0.036597006 
956 546 8 34 0.036573224 
0 665 8 42 0.03655657 
709 199 16 57 0.03646055 
954 276 9 51 0.03645087 
345 326 21 50 0.036379088 
23 1560 6 20 0.03637889 
49 380 8 38 0.03633257 
953 234 9 39 0.036295556 
502 401 283 407 0.036278196 
121 1053 7 28 0.036266588 
388 178 73 120 0.03624262 
26 738 8 37 0.03623695 
718 377 9 35 0.036202945 
238 358 7 32 0.03615345 
51 1194 7 34 0.036062613 
287 335 8 30 0.036047984 
666 188 10 36 0.036020674 
935 1269 8 24 0.03594393 
955 589 9 42 0.035870485 
477 573 11 29 0.03578817 
142 478 8 33 0.035725962 
510 762 24 40 0.035725318 
20 136 9 44 0.03569829 
979 1076 9 28 0.035655625 
860 737 8 38 0.03562877 
32 1757 6 16 0.035598677 
977 1319 8 24 0.035485126 
953 791 10 29 0.03544195 
908 1077 8 26 0.035411023 
910 589 9 43 0.035367828 
137 1055 7 27 0.03535434 
27 714 7 36 0.035324898 
976 958 10 28 0.035280354 
259 901 14 37 0.03522188 
145 506 7 29 0.035174206 
401 237 95 186 0.03508086 
501 674 14 26 0.035042573 
906 1218 8 28 0.035030827 
24 284 7 36 0.035017814 
70 554 6 25 0.03483907 
737 375 10 40 0.034773625 
356 95 10 33 0.034744073 
926 178 13 54 0.034732826 
831 763 10 34 0.03473194 
25 214 7 35 0.03467202 
311 262 8 29 0.034667276 
887 1392 7 22 0.034625288 
618 160 12 39 0.03460412 
96 1070 8 35 0.034599025 
615 183 13 41 0.034512214 
115 957 8 31 0.034510817 
683 384 11 36 0.03448515 
712 302 12 41 0.03446171 
539 279 19 45 0.034443278 
27 1365 6 25 0.03443815 
91 473 8 39 0.034431566 
90 782 10 46 0.03431274 
910 1148 8 27 0.03428059 
738 329 11 40 0.03427108 
349 156 16 45 0.034182236 
51 1144 7 35 0.034174982 
955 1420 7 19 0.0341352 
863 761 8 37 0.03412626 
94 686 8 36 0.03404285 
289 397 10 40 0.034013953 
908 1055 7 24 0.03398327 
329 206 12 41 0.033820022 
979 1342 8 22 0.033817634 
168 620 6 26 0.033797782 
397 9 20 48 0.03377564 
26 1146 7 36 0.0337267 
166 429 7 32 0.033681385 
978 1054 9 26 0.033606213 
92 1290 8 27 0.03356158 
-24 1530 7 34 0.03354937 
215 284 8 36 0.033446413 
713 279 11 43 0.0333986 
-422 1772 23 78 0.033385325 
832 688 10 38 0.03336217 
70 1145 8 34 0.033325072 
883 714 8 41 0.033260904 
71 471 7 37 0.03324838 
145 427 7 33 0.033234652 
332 164 11 36 0.033212338 
51 430 7 32 0.03316349 
631 351 23 67 0.03309401 
519 198 44 66 0.033089112 
226 70 19 76 0.03308743 
736 300 12 46 0.033081472 
639 259 13 35 0.033043906 
209 74 15 65 0.0329737 
951 811 10 33 0.03296551 
974 573 8 36 0.0329398 
954 859 10 32 0.032918677 
976 260 9 37 0.032904986 
902 884 9 31 0.032900672 
-92 1832 28 73 0.03289226 
48 1341 6 25 0.032889426 
122 711 8 38 0.03287353 
658 353 13 38 0.03283213 
690 159 12 46 0.032814324 
662 418 15 47 0.03279074 
216 407 7 29 0.032779712 
883 928 10 32 0.032761063 
47 1293 8 25 0.032734584 
115 905 8 34 0.03273312 
68 324 10 44 0.03272706 
786 351 10 40 0.032692112 
48 1315 7 27 0.032677792 
333 308 11 33 0.032626342 
714 331 11 34 0.03262482 
189 980 17 52 0.032623 
218 333 7 33 0.03261393 
952 837 9 31 0.032611247 
117 1001 8 33 0.032512203 
-26 1482 9 37 0.032485984 
487 939 16 63 0.032457486 
-30 610 11 57 0.03244503 
976 592 9 42 0.032425262 
94 1029 7 27 0.03238429 
186 1887 12 26 0.03228013 
454 559 8 18 0.032270886 
665 286 12 33 0.032253563 
860 1008 8 23 0.03224842 
167 530 7 24 0.032179248 
768 1286 10 29 0.032133494 
137 -21 195 231 0.032078892 
116 399 8 36 0.032059565 
27 690 7 35 0.031999167 
121 1028 6 26 0.03199221 
366 126 24 63 0.031968396 
66 204 12 49 0.031926963 
547 694 11 27 0.031926803 
286 203 10 44 0.031866208 
591 1207 13 57 0.03184797 
934 1319 9 25 0.03181296 
386 201 41 67 0.031812888 
-423 313 19 83 0.031754464 
26 667 7 35 0.03174809 
977 934 8 28 0.03167955 
71 497 8 37 0.031672485 
586 180 17 51 0.031632256 
547 407 14 40 0.03145635 
310 311 8 29 0.03144263 
0 642 7 40 0.031430278 
167 577 6 22 0.031400725 
189 690 7 31 0.031397738 
835 639 9 37 0.03135978 
907 811 9 31 0.031354472 
374 13 18 46 0.031323325 
615 90 14 40 0.031321958 
167 555 7 22 0.031258363 
617 210 12 38 0.03124078 
216 380 7 31 0.031203678 
997 1822 9 19 0.03114409 
741 400 9 37 0.031131214 
261 452 8 38 0.031109234 
607 361 20 59 0.031032357 
167 509 7 26 0.030991983 
694 444 12 42 0.030857611 
144 556 6 23 0.030853104 
300 378 13 40 0.030807082 
524 652 10 25 0.03080232 
957 661 9 46 0.030791633 
83 278 13 56 0.030759646 
72 1338 7 28 0.030694904 
244 475 7 32 0.030679813 
487 159 74 121 0.03062982 
308 334 10 31 0.030605456 
910 544 8 39 0.030571392 
339 862 33 69 0.030433768 
358 532 8 19 0.030377382 
69 430 7 30 0.030216644 
980 235 8 36 0.030193929 
365 365 18 52 0.03017719 
832 569 9 36 0.030174967 
761 328 11 44 0.030138588 
3 1635 6 21 0.030097064 
248 97 20 80 0.030079393 
492 966 14 58 0.030050749 
418 12 22 47 0.03002542 
168 402 7 33 0.030008832 
490 434 11 30 0.029942086 
790 401 10 42 0.029917343 
373 274 20 47 0.029865284 
544 327 15 38 0.029848414 
563 390 24 64 0.029836606 
383 507 7 22 0.029818913 
68 1248 10 28 0.029817078 
193 455 7 32 0.029813161 
907 1198 8 26 0.029791199 
258 469 9 39 0.029696852 
93 801 9 47 0.02969111 
498 686 18 37 0.029651817 
612 1214 12 47 0.029631628 
828 799 13 46 0.029629612 
333 141 11 33 0.029593755 
68 403 8 34 0.029518055 
976 207 9 40 0.029502306 
142 376 7 34 0.029491179 
501 558 9 18 0.029474258 
955 1366 8 23 0.029415945 
980 1387 9 25 0.029395893 
311 287 8 28 0.029373536 
1043 1875 17 48 0.029306887 
283 183 11 44 0.029268442 
118 1199 9 30 0.029259149 
67 232 10 45 0.029224647 
957 884 9 31 0.029176388 
122 557 6 23 0.029140104 
192 430 8 31 0.029139638 
68 380 8 35 0.029084569 
764 403 9 37 0.029063404 
580 260 20 41 0.02902688 
831 665 10 37 0.029002437 
349 185 16 43 0.028997395 
303 430 10 34 0.02894885 
635 85 15 47 0.028946385 
860 850 10 41 0.028892225 
397 476 9 28 0.028890232 
47 1390 7 22 0.02886536 
94 1217 9 30 0.028858315 
162 998 10 37 0.028843407 
187 739 9 36 0.028755406 
493 449 9 27 0.028711021 
28 1389 6 24 0.028697362 
688 132 13 52 0.028664736 
265 360 7 28 0.028652953 
24 1606 5 20 0.028569221 
119 454 7 32 0.028549612 
373 394 14 45 0.028539902 
91 1576 14 25 0.028538885 
328 86 12 43 0.02853487 
259 235 9 38 0.028490774 
732 197 18 68 0.028484304 
881 567 9 39 0.028468136 
251 947 16 46 0.028436601 
94 428 7 31 0.028434293 
305 357 11 32 0.028416893 
808 525 10 35 0.02840726 
482 438 9 25 0.028384442 
539 767 16 32 0.02838441 
906 1245 8 24 0.028355902 
834 589 9 40 0.02834978 
589 122 11 32 0.028340403 
24 308 8 37 0.028313784 
-6 1861 8 40 0.028268175 
1415 1492 23 107 0.02825705 
975 614 10 51 0.028209036 
689 331 11 30 0.02816904 
117 1095 8 33 0.02813001 
95 400 9 35 0.028096806 
146 529 6 26 0.028089378 
813 719 8 27 0.028021121 
0 619 7 37 0.027970986 
958 1751 7 18 0.027938584 
591 758 15 36 0.027925966 
404 511 8 22 0.027920425 
977 1366 9 22 0.0278578 
546 670 10 24 0.027827676 
824 1166 12 31 0.027824283 
27 502 7 32 0.027787635 
290 446 10 40 0.027747871 
120 1216 7 29 0.027745184 
166 453 8 34 0.027715396 
856 687 9 44 0.027689213 
434 432 10 27 0.027631572 
138 1001 8 34 0.02763144 
360 510 7 20 0.027611118 
241 381 7 29 0.02759807 
167 951 11 38 0.027571242 
120 476 7 34 0.027558748 
531 135 25 51 0.0275278 
665 311 11 31 0.027527278 
90 761 8 40 0.02749033 
243 455 7 29 0.027487384 
96 356 9 39 0.027466757 
995 1171 11 30 0.027432151 
832 739 10 35 0.027404405 
144 401 7 33 0.027394043 
-23 1553 7 32 0.02730069 
28 476 6 34 0.027273985 
712 253 13 47 0.027252955 
547 349 14 40 0.027171189 
333 266 9 28 0.027123911 
-114 1837 28 70 0.02711055 
298 779 66 141 0.02710381 
-3 133 10 51 0.027099624 
977 689 10 45 0.027081117 
332 329 16 38 0.026962992 
639 446 17 48 0.026957277 
975 909 9 29 0.02693781 
979 711 11 45 0.026922971 
-423 221 16 78 0.02689728 
616 1159 14 42 0.026873782 
910 1174 8 25 0.026869979 
416 773 24 55 0.0268621 
637 1168 12 29 0.026793849 
-50 1432 9 39 0.026746199 
958 1709 6 19 0.026684372 
738 1338 16 37 0.026666302 
92 1562 10 18 0.026664572 
91 324 11 46 0.026655875 
976 790 10 28 0.02661982 
620 1315 8 33 0.026607912 
221 941 25 64 0.026584981 
-25 1505 8 36 0.02654999 
616 230 13 39 0.026539523 
996 1195 10 29 0.026466545 
910 663 8 46 0.026426857 
144 1098 7 30 0.026424514 
709 430 10 35 0.026402455 
96 1004 8 28 0.026385054 
300 445 11 38 0.026347047 
216 454 6 30 0.026305 
236 1613 7 19 0.02630152 
496 994 13 54 0.026296623 
546 711 14 34 0.02625266 
241 432 6 26 0.026250754 
960 1732 5 17 0.026230851 
955 1390 8 21 0.026230548 
193 477 7 31 0.02621747 
476 948 10 38 0.026195452 
50 1219 8 30 0.026190834 
708 151 16 62 0.026189307 
563 258 18 43 0.026107566 
716 401 9 34 0.026081022 
363 730 189 172 0.025977414 
934 884 9 29 0.025959598 
727 1107 23 72 0.025943244 
-52 1016 13 56 0.025940953 
273 899 15 44 0.025896367 
355 744 12 29 0.02583822 
454 456 8 24 0.025802502 
353 62 14 43 0.025796749 
376 204 23 48 0.025720002 
89 1268 10 27 0.0256805 
811 742 9 28 0.025678772 
26 1819 9 23 0.025671545 
-111 860 1659 1481 0.025653442 
43 138 11 42 0.025631659 
93 497 9 38 0.025623461 
353 237 15 37 0.025545835 
242 499 8 32 0.025473403 
815 693 8 28 0.025469806 
763 377 9 39 0.025448147 
115 931 9 32 0.0254232 
49 1249 8 27 0.025333883 
735 276 12 47 0.025322707 
69 357 8 37 0.025289882 
975 547 8 35 0.0252632 
636 289 14 34 0.025232714 
997 1342 9 23 0.025215652 
289 432 9 31 0.02511147 
264 384 7 27 0.025089474 
180 1816 17 30 0.025084354 
399 398 13 41 0.02507465 
330 236 11 36 0.025061848 
475 1006 8 34 0.02505862 
547 650 9 24 0.02504893 
331 576 9 22 0.024987854 
977 859 10 35 0.024911176 
909 686 8 43 0.024883937 
279 972 15 47 0.024875846 
857 587 10 44 0.02483523 
955 523 8 38 0.024829175 
312 829 32 77 0.024807546 
637 421 15 43 0.024803143 
452 571 9 23 0.024767581 
881 1054 8 25 0.024760015 
24 333 9 37 0.024730437 
516 374 12 39 0.024725651 
453 1032 9 33 0.024713092 
981 1418 8 20 0.024699025 
464 91 27 41 0.024697283 
252 924 16 44 0.024674112 
446 433 12 28 0.024647163 
0 596 7 38 0.024608418 
71 1367 7 26 0.024583858 
264 406 8 31 0.02456707 
662 334 11 31 0.024558365 
979 837 9 31 0.024537487 
1024 1881 13 39 0.024494413 
754 1218 15 39 0.024463098 
660 79 15 53 0.024432817 
187 77 13 57 0.024415877 
995 1147 11 30 0.024411969 
835 1245 7 24 0.024408406 
618 667 13 35 0.024347669 
859 567 9 40 0.0243366 
933 1294 8 24 0.024275538 
146 1122 8 32 0.024272868 
114 1124 9 35 0.024239643 
477 971 10 41 0.024234522 
707 451 11 33 0.024208535 
442 89 25 43 0.024162414 
612 680 18 50 0.024136515 
228 115 19 78 0.024121234 
380 531 7 19 0.024101157 
811 547 10 33 0.024037581 
637 387 17 53 0.02387917 
960 1658 5 20 0.0238343 
190 668 7 26 0.023834256 
587 1181 14 51 0.023827842 
905 862 8 28 0.023792878 
1 528 7 35 0.023790136 
255 -14 183 215 0.023767347 
310 847 74 180 0.023758654 
615 1190 13 42 0.023731373 
583 1153 21 58 0.02371049 
-63 1841 22 68 0.02369672 
764 426 9 35 0.02368429 
930 229 9 44 0.023682734 
475 560 7 18 0.023682151 
512 345 16 49 0.0236816 
92 710 8 37 0.02364378 
167 479 7 33 0.023611054 
614 291 14 31 0.023399279 
-29 565 10 57 0.02338659 
975 186 10 41 0.02338122 
972 281 10 44 0.023376023 
351 32 16 47 0.02337599 
862 307 9 43 0.023373945 
192 509 6 24 0.023350602 
118 427 7 33 0.023327379 
980 1442 7 17 0.02330169 
595 733 14 36 0.023284096 
70 1220 9 28 0.023262762 
954 498 9 40 0.023250211 
278 134 13 47 0.023199063 
472 621 13 27 0.023195792 
141 1199 8 28 0.023189763 
856 610 10 50 0.023153758 
399 459 9 28 0.023147976 
483 776 34 47 0.023142057 
89 1246 10 28 0.023125883 
1 574 6 35 0.023123924 
856 662 9 46 0.023116592 
171 1152 6 24 0.023098977 
956 1442 8 18 0.023092998 
585 229 18 43 0.023088964 
978 809 11 34 0.023047859 
64 1793 14 25 0.02303669 
236 1627 7 22 0.02302872 
258 870 12 21 0.022994835 
484 90 28 40 0.022981381 
859 879 10 37 0.022978775 
814 645 8 30 0.022972077 
371 326 17 46 0.022939442 
280 159 12 45 0.022918347 
208 1013 17 47 0.022911334 
70 530 7 28 0.022888325 
853 637 10 45 0.022885073 
958 1685 5 19 0.022877865 
210 1890 13 25 0.022868007 
492 74 19 28 0.022842364 
252 970 18 49 0.022815652 
872 196 17 69 0.022798842 
190 1050 8 32 0.022797812 
95 555 6 25 0.022784794 
42 1863 22 26 0.022770727 
424 1301 489 273 0.022765832 
21 1536 6 20 0.022745568 
882 1079 8 26 0.022715678 
883 1103 8 25 0.022705544 
570 1206 14 57 0.022688245 
611 644 14 33 0.022662899 
142 1221 8 26 0.022658812 
906 833 8 31 0.022649648 
595 1309 12 45 0.022626432 
742 427 9 33 0.02262215 
97 1365 7 28 0.022562193 
526 407 9 29 0.022557084 
836 958 10 27 0.022520667 
2 551 7 36 0.022492 
263 430 7 30 0.022485336 
188 713 8 35 0.022469994 
538 122 18 37 0.022435887 
563 737 16 35 0.0223734 
167 933 10 32 0.022367328 
1255 80 259 875 0.022271708 
519 74 17 30 0.02226329 
932 525 8 35 0.022256771 
811 766 9 26 0.022235487 
543 733 16 39 0.022233509 
170 1076 7 26 0.022190318 
133 976 9 34 0.022161031 
815 670 7 28 0.022143671 
789 379 9 39 0.022134025 
1024 1862 10 30 0.022099214 
400 96 14 30 0.022098135 
593 1365 9 22 0.02209212 
731 1044 12 52 0.022008978 
25 359 8 38 0.022008698 
-423 359 20 87 0.022007804 
937 1390 7 23 0.021995144 
89 1599 13 28 0.021972928 
446 74 19 30 0.021954095 
614 258 15 35 0.021952042 
163 760 8 37 0.021941788 
688 356 11 31 0.021890199 
335 532 7 18 0.021885881 
439 109 81 143 0.021813028 
670 1321 9 17 0.021810845 
474 472 10 28 0.021798002 
813 570 9 33 0.021780547 
444 13 24 46 0.0217759 
215 477 7 29 0.021750236 
790 474 9 32 0.02174977 
831 1220 9 29 0.021690892 
757 299 12 51 0.021658361 
730 893 17 55 0.02165761 
403 75 11 28 0.021562172 
115 1141 9 42 0.021516778 
905 231 10 41 0.021512905 
981 1824 9 16 0.02150942 
139 1031 7 26 0.02150471 
936 1367 8 23 0.021497898 
380 99 10 28 0.021455726 
-140 1838 31 69 0.021454778 
763 982 9 29 0.021432955 
189 1024 12 36 0.02143259 
306 111 11 40 0.021414822 
77 1582 7 19 0.021408796 
235 233 10 41 0.021406027 
166 1104 7 29 0.02135784 
470 73 20 30 0.021340203 
27 457 6 32 0.0213374 
305 164 10 35 0.021309348 
422 40 17 36 0.021289034 
908 203 11 44 0.021168483 
-5 57 13 63 0.021144154 
573 671 12 28 0.021137502 
882 1414 8 21 0.021130867 
860 933 9 28 0.021060348 
379 68 12 35 0.02104037 
498 369 13 41 0.02097839 
615 421 14 39 0.02094651 
790 451 9 36 0.020890176 
975 881 11 36 0.020884147 
513 90 22 36 0.020871129 
930 254 10 47 0.020857353 
425 76 14 27 0.020846672 
-421 1551 23 90 0.020824851 
20 1511 7 21 0.020799499 
835 982 9 25 0.020769577 
737 919 13 35 0.02074166 
275 919 16 51 0.020726303 
434 455 8 24 0.020722397 
636 1151 13 29 0.020720903 
862 903 11 37 0.020715835 
121 504 7 32 0.020697925 
350 755 18 46 0.020686137 
647 1296 9 29 0.020664707 
187 761 9 33 0.020640446 
809 472 9 38 0.020618942 
445 40 21 35 0.020608544 
936 1342 8 23 0.020592075 
408 174 38 68 0.020558348 
1234 1041 320 848 0.02054943 
835 614 10 43 0.02054726 
23 1867 11 26 0.020545742 
78 1563 7 16 0.020512689 
995 711 12 50 0.020496288 
683 48 21 67 0.020493181 
998 1246 9 26 0.0204766 
620 1344 9 25 0.02045715 
2 503 7 36 0.020440655 
-49 1455 9 42 0.020416519 
566 759 15 36 0.02039909 
302 839 24 59 0.020354144 
638 684 13 39 0.020335935 
511 119 24 44 0.02033431 
120 735 8 39 0.020320436 
429 406 10 29 0.0203117 
587 665 15 40 0.020297108 
645 1319 7 23 0.02029192 
242 408 6 27 0.020225668 
976 158 11 45 0.020194672 
90 737 8 41 0.020188982 
26 383 8 36 0.020158067 
881 686 9 45 0.020153679 
116 786 8 38 0.020151898 
173 1170 7 26 0.02010028 
1000 210 9 38 0.02004373 
27 1414 6 23 0.019994648 
190 533 6 21 0.019994128 
977 767 9 29 0.019980697 
189 1191 10 30 0.01996934 
359 868 29 58 0.019949209 
143 360 8 33 0.019946236 
686 104 14 55 0.019938936 
861 1031 9 23 0.019893227 
998 1368 9 22 0.019883147 
621 1371 7 18 0.019882545 
909 525 8 35 0.01985679 
458 538 6 17 0.019846072 
-472 -5 234 766 0.019787207 
116 1342 7 26 0.019766742 
315 796 8 27 0.01975128 
66 157 12 47 0.01973585 
538 69 17 34 0.019726634 
242 1561 7 16 0.019655976 
41 1815 13 24 0.019649131 
578 436 21 56 0.019635402 
617 1287 11 44 0.019635065 
166 1127 7 29 0.019593947 
170 1198 7 26 0.019521497 
996 1122 10 31 0.019502072 
421 91 19 36 0.019453606 
469 37 23 38 0.019436317 
25 1634 5 19 0.019436186 
591 1251 14 67 0.019425392 
439 128 29 60 0.019387247 
217 508 6 25 0.019361198 
239 1535 7 17 0.019282343 
535 1069 22 55 0.019275226 
256 489 12 41 0.019260047 
545 371 16 46 0.0192579 
593 95 12 32 0.0192486 
296 128 282 524 0.019201152 
545 627 10 25 0.019189348 
753 217 21 77 0.019174527 
332 747 10 27 0.019173052 
480 107 34 56 0.019169452 
159 1887 16 32 0.01916542 
280 862 14 29 0.019152423 
976 519 9 41 0.019150585 
734 -33 298 353 0.019148529 
693 1610 6 19 0.019141665 
596 1340 10 31 0.019134654 
455 1006 8 33 0.019134387 
998 1320 9 23 0.019124802 
974 660 12 52 0.01909338 
536 31 24 46 0.019060971 
208 121 17 68 0.019054648 
497 403 11 30 0.01903016 
1001 5 417 251 0.019008301 
166 1030 8 28 0.018994825 
813 592 9 34 0.018984918 
1415 1374 23 108 0.018966658 
1063 1848 21 47 0.018938947 
241 1590 6 14 0.018924383 
735 1028 10 39 0.01891132 
937 1417 7 20 0.018910168 
305 140 11 34 0.018896021 
1043 1855 15 41 0.018881721 
643 1266 11 39 0.01884987 
611 60 18 46 0.018822124 
508 537 7 18 0.018810226 
387 150 35 74 0.018809654 
1001 1442 7 17 0.018768303 
998 1270 9 25 0.018758627 
569 688 12 29 0.018747201 
883 1196 8 24 0.018648775 
1005 1567 6 12 0.018644482 
207 1037 15 51 0.018640488 
763 999 9 31 0.01857705 
834 1267 10 25 0.018569456 
318 32 19 50 0.018537374 
958 1632 6 20 0.01851269 
806 449 10 41 0.018511295 
999 1805 8 17 0.018475885 
192 650 6 23 0.0184728 
826 1321 15 23 0.018465092 
332 558 8 18 0.018419016 
995 981 10 30 0.018405415 
392 108 23 51 0.018386068 
1001 235 8 36 0.018375201 
452 955 9 28 0.01835742 
330 757 14 40 0.018323151 
487 35 25 39 0.018321704 
403 376 12 35 0.018307064 
932 278 9 47 0.018287046 
448 655 10 19 0.0182837 
984 1807 7 15 0.01827863 
952 301 10 52 0.018276209 
479 -28 196 172 0.018256022 
-4 1842 8 31 0.018239493 
324 52 16 52 0.018217014 
814 786 10 30 0.018216508 
790 742 9 26 0.018178442 
72 1605 8 22 0.018113332 
167 1221 7 27 0.018111784 
1066 1875 19 50 0.018093927 
483 1154 24 63 0.018071346 
791 527 9 29 0.018061608 
568 1182 14 45 0.01804966 
1084 1833 27 43 0.0180378 
997 1221 9 28 0.018027283 
428 535 7 17 0.018017778 
605 720 20 50 0.018015703 
187 1803 13 20 0.01800355 
527 431 10 30 0.017983634 
-6 1883 12 41 0.017973742 
203 902 18 46 0.017953586 
24 1465 6 22 0.01794177 
192 1070 7 32 0.017939124 
538 92 18 35 0.017911557 
783 331 11 44 0.0178832 
996 1390 10 25 0.017821843 
64 1712 8 15 0.01780244 
887 1220 8 25 0.017802397 
215 260 9 37 0.017799662 
144 761 7 38 0.017798938 
703 45 24 77 0.017785788 
336 454 8 27 0.01776772 
190 1875 9 22 0.017758945 
996 934 10 31 0.017741276 
999 1416 9 21 0.017723229 
808 302 12 54 0.017688736 
190 337 8 32 0.017688422 
1049 1837 14 33 0.01768529 
421 376 14 32 0.017638879 
614 1251 13 58 0.017612135 
18 106 11 53 0.017611187 
878 304 10 46 0.017608635 
903 1392 7 20 0.017603515 
781 1238 12 37 0.017565688 
974 304 11 46 0.017549928 
755 267 16 62 0.017506063 
114 1319 8 26 0.01749148 
-3 188 9 38 0.01746616 
115 1170 9 34 0.017406734 
72 1391 7 22 0.01739324 
494 620 14 27 0.017389541 
25 1440 6 23 0.017385045 
878 245 12 60 0.017364115 
884 520 9 41 0.01731969 
-421 1600 22 87 0.017280618 
217 534 6 21 0.017240299 
55 1713 6 15 0.01722585 
501 473 10 29 0.017217956 
560 34 21 45 0.017201295 
376 422 12 36 0.0171697 
313 805 12 36 0.017145608 
-48 1501 10 42 0.017134562 
667 1304 9 20 0.01711497 
352 456 10 28 0.017095435 
809 932 10 27 0.0170407 
63 1820 17 23 0.017018288 
854 197 15 72 0.017005082 
2 1794 7 25 0.01700022 
998 1293 9 26 0.01697708 
-164 1838 32 68 0.016973387 
450 593 11 29 0.016961552 
250 141 19 77 0.016955653 
116 833 8 39 0.016940163 
-49 1479 10 43 0.016924843 
377 1265 10 32 0.01692067 
95 529 7 30 0.016902467 
564 65 16 37 0.01689556 
452 981 9 33 0.016894992 
565 95 14 33 0.016867958 
340 771 25 67 0.016842054 
-50 970 11 54 0.016827282 
29 1738 5 14 0.016825363 
1028 1823 8 19 0.016810983 
417 1180 26 43 0.016806781 
-465 1000 251 417 0.01679866 
995 859 10 37 0.016758488 
771 1612 6 15 0.016697938 
332 425 11 32 0.016686369 
349 414 15 41 0.016672043 
429 1344 10 29 0.016650207 
1005 1544 6 12 0.016631411 
356 479 9 26 0.016630786 
414 132 29 62 0.016630663 
219 584 5 20 0.01662422 
809 351 10 45 0.016618097 
590 777 20 53 0.0166092 
908 1271 8 23 0.016586723 
541 500 11 29 0.016539095 
210 1867 12 27 0.016532209 
50 1590 6 16 0.016517134 
531 1151 24 62 0.016483443 
996 1029 10 28 0.016483389 
351 720 15 31 0.016482677 
571 1314 11 41 0.01647101 
832 308 10 44 0.01645887 
217 1630 6 19 0.016453622 
759 1316 9 26 0.016448423 
1005 1711 6 13 0.01644388 
489 10 29 48 0.016417086 
829 851 13 43 0.01640995 
814 621 8 33 0.016394388 
172 756 338 370 0.016391773 
118 762 8 37 0.016387437 
994 1004 11 31 0.016380468 
3 1659 6 20 0.016360512 
830 1293 11 23 0.016339676 
48 1415 6 21 0.01632225 
591 649 13 29 0.016305577 
529 504 8 25 0.016297571 
977 497 9 42 0.016271325 
379 1247 9 26 0.0162676 
-203 -21 241 163 0.016237797 
315 767 8 24 0.016227692 
1002 261 8 34 0.016225707 
192 1129 6 23 0.016192332 
560 281 49 102 0.016174264 
884 546 8 37 0.016152367 
23 1659 6 18 0.016141001 
499 655 13 23 0.01611096 
549 1366 8 25 0.016099183 
26 1846 11 22 0.016085321 
634 56 18 52 0.016084429 
2 482 8 34 0.016076975 
1002 1467 7 16 0.016063659 
744 956 9 29 0.016049797 
0 1819 8 26 0.016044 
331 390 17 48 0.016008375 
826 824 14 46 0.015993148 
50 1562 6 18 0.015987664 
517 179 150 218 0.01598437 
527 478 10 28 0.015970351 
512 32 24 43 0.01596376 
996 1056 10 28 0.01591824 
593 63 15 39 0.015907146 
-424 168 18 87 0.015879149 
516 996 14 51 0.015871542 
54 1867 29 26 0.015861612 
27 409 7 32 0.01585811 
514 324 17 44 0.015821487 
995 959 10 31 0.015782235 
999 1887 13 31 0.015757576 
574 1365 10 25 0.015751274 
810 906 12 35 0.015744152 
26 435 7 30 0.015734252 
1007 1731 6 15 0.01573106 
564 1157 18 52 0.015697299 
1028 1841 10 25 0.015656106 
500 1026 12 46 0.015626784 
644 1191 11 31 0.015626213 
880 1176 8 22 0.015621313 
858 349 11 50 0.015620272 
213 687 9 34 0.015612478 
86 255 12 54 0.0156049095 
657 740 16 36 0.015596372 
752 1340 12 34 0.015582704 
-449 979 110 307 0.01557707 
830 551 10 33 0.015572657 
996 1098 10 33 0.015569059 
814 1168 13 31 0.015567884 
-560 1395 549 727 0.015555968 
52 1608 6 17 0.015554435 
511 1154 23 60 0.015545676 
1027 1803 7 17 0.015476184 
227 904 16 41 0.015473988 
707 90 20 74 0.0154554695 
457 474 9 27 0.015411254 
790 721 7 25 0.015405287 
121 532 7 27 0.015402748 
886 1246 8 23 0.015400254 
563 715 13 32 0.015395527 
21 1490 7 23 0.015366012 
145 1142 7 33 0.015354806 
1051 1800 9 19 0.015345738 
17 1888 17 33 0.015336857 
688 857 11 28 0.015336476 
118 1367 7 26 0.015325987 
812 496 9 40 0.015315313 
765 454 9 30 0.015247419 
448 622 10 24 0.015239695 
117 805 8 40 0.015232963 
97 1542 7 15 0.015204807 
687 471 17 44 0.015195226 
668 857 10 26 0.015185369 
950 152 15 59 0.015154893 
-27 522 11 52 0.015140579 
996 1076 10 31 0.015138354 
661 1268 14 30 0.015131604 
303 78 14 53 0.0151154725 
377 611 377 332 0.015106658 
137 957 9 31 0.015096007 
814 1292 9 25 0.01509534 
542 1051 14 45 0.015090038 
333 515 7 20 0.0150876995 
187 1219 9 28 0.015086303 
812 1221 10 29 0.015076551 
829 903 12 39 0.015065283 
97 1392 6 22 0.0150319375 
657 486 26 58 0.015030326 
375 1283 12 34 0.015023051 
709 478 13 33 0.015017196 
452 672 11 21 0.014992023 
1004 1781 7 14 0.014985532 
217 650 7 23 0.01498463 
382 1198 8 24 0.014970483 
182 125 16 63 0.014944483 
636 703 16 47 0.014937204 
-1 216 8 35 0.014911743 
403 582 8 17 0.014896998 
635 491 19 47 0.014881261 
426 1365 12 28 0.014878886 
-25 1580 7 30 0.014863999 
162 75 15 58 0.014857361 
860 545 9 37 0.014841552 
432 559 8 18 0.014834367 
707 493 19 47 0.014817088 
571 653 10 23 0.014788924 
407 768 12 25 0.014780852 
397 1260 14 36 0.0147664305 
134 1890 19 32 0.014719352 
528 624 10 25 0.014714795 
192 1105 7 24 0.014707359 
330 597 9 23 0.014695927 
237 1654 6 22 0.014668809 
418 109 24 50 0.014665034 
589 35 19 44 0.014637952 
471 1028 10 37 0.014635048 
524 300 155 255 0.014632491 
253 50 18 65 0.014621824 
383 1221 8 24 0.014610658 
671 844 8 20 0.01459197 
876 0 70 207 0.01458765 
930 303 10 49 0.014582331 
-393 1789 16 35 0.014580694 
144 1171 8 30 0.0145806875 
758 957 11 31 0.014557952 
169 1056 7 24 0.014546792 
457 120 37 70 0.014544079 
359 553 9 22 0.014543326 
995 836 10 36 0.014540915 
1026 1780 7 16 0.01453819 
935 1445 6 17 0.014494709 
641 1373 8 18 0.014470475 
958 1776 7 18 0.014466286 
427 1313 12 37 0.014461969 
802 66 20 78 0.01443736 
609 620 16 38 0.014377301 
-422 1651 21 84 0.014356834 
519 1194 17 60 0.014323075 
-190 1837 34 68 0.014321796 
641 543 87 183 0.01431473 
858 275 12 52 0.014304144 
209 43 14 37 0.01429268 
85 146 17 68 0.014283768 
837 1008 9 23 0.014265443 
830 876 12 44 0.014258941 
834 931 9 29 0.014252 
996 1843 10 22 0.014228123 
297 872 28 84 0.014226257 
39 1884 26 32 0.014226105 
880 278 10 50 0.014205349 
790 502 9 31 0.014170354 
55 1882 32 32 0.014140146 
567 1248 14 63 0.014112943 
1001 1865 9 24 0.014071498 
997 910 9 33 0.014034342 
610 33 21 46 0.014030061 
574 1342 10 31 0.014010779 
545 1314 12 40 0.013981858 
933 1469 6 16 0.013972874 
398 897 16 39 0.013972288 
208 889 11 24 0.013961486 
695 1628 7 25 0.013935758 
227 37 17 44 0.013935304 
432 573 9 22 0.013911004 
406 550 7 21 0.013908322 
885 1150 8 24 0.013905877 
402 424 11 36 0.013893838 
736 1317 13 26 0.013886653 
886 1372 9 20 0.013879329 
824 1333 17 27 0.013870129 
523 527 8 22 0.013857391 
-214 1837 36 67 0.013845549 
1006 1589 6 14 0.013827169 
295 10 25 47 0.013820332 
-427 1852 33 79 0.013814606 
-389 1825 43 50 0.013796441 
694 1369 8 18 0.013778391 
506 510 7 20 0.013776577 
1028 1442 7 18 0.013770295 
-50 874 12 52 0.01376015 
978 1846 11 20 0.013713566 
657 29 24 57 0.013680802 
830 1192 10 29 0.013656868 
473 675 12 20 0.013656065 
84 197 15 61 0.01365455 
651 10 51 151 0.013637939 
58 1848 25 24 0.013633527 
219 600 6 21 0.013626039 
375 554 9 21 0.013608707 
-45 -59 280 331 0.013588073 
1418 1560 22 103 0.013579996 
1051 1822 11 21 0.013557187 
184 858 178 202 0.013554306 
622 18 53 141 0.013531691 
361 228 59 126 0.013527376 
423 901 15 38 0.013526051 
189 557 6 20 0.013525236 
537 1196 18 68 0.013516894 
862 1173 9 24 0.013487727 
565 483 16 42 0.013483147 
617 495 15 40 0.013478646 
376 746 11 25 0.013439694 
1105 1833 31 44 0.013433872 
-52 705 15 59 0.013433144 
618 1066 21 45 0.013429923 
283 466 10 40 0.01337751 
1000 188 10 37 0.013361232 
374 761 14 32 0.013335942 
642 1347 8 20 0.0133315 
-262 1835 36 69 0.0133177955 
282 1016 17 56 0.013276717 
-238 1836 36 68 0.013276162 
235 1519 9 17 0.013274713 
566 359 28 66 0.013263649 
276 75 16 62 0.013256743 
-51 753 15 57 0.013248226 
525 449 12 35 0.013242299 
1029 1465 7 18 0.01322472 
477 506 7 21 0.013186994 
665 1447 9 15 0.0131815355 
1003 1493 7 14 0.013179898 
1441 1501 23 89 0.013174975 
142 859 8 34 0.013169086 
656 516 30 58 0.0131597705 
568 1285 13 52 0.013123803 
833 11 60 199 0.013122617 
260 1565 7 14 0.013102891 
693 1348 9 16 0.013048377 
475 538 7 17 0.013035303 
301 41 18 67 0.013021912 
584 486 19 44 0.013010359 
216 1529 9 21 0.0130045125 
400 735 65 130 0.012987126 
807 1880 18 36 0.012982029 
981 1467 7 16 0.012969508 
191 581 6 20 0.01295706 
530 1088 32 80 0.012940703 
442 1357 18 43 0.012904221 
975 127 12 53 0.012904198 
813 807 12 36 0.012900379 
187 909 12 35 0.012877149 
758 931 11 31 0.012875495 
1007 1757 6 14 0.012870397 
314 750 9 23 0.012869865 
980 1733 5 16 0.012861812 
933 501 9 36 0.012859661 
1025 1755 7 15 0.012850059 
813 1272 10 26 0.012827198 
978 1754 6 16 0.0128002055 
1001 285 9 36 0.012788406 
-28 1817 10 31 0.012781937 
391 237 34 56 0.012778639 
329 723 13 28 0.012767419 
996 882 10 38 0.012754097 
998 525 9 38 0.012748927 
782 303 12 50 0.012744211 
142 784 8 35 0.012740222 
637 727 16 45 0.012738146 
446 1338 15 41 0.012730677 
74 1514 6 17 0.012721547 
324 920 103 172 0.01271465 
536 798 21 52 0.012707779 
809 1189 12 29 0.012698012 
372 1318 12 33 0.01269582 
459 504 7 23 0.012644771 
525 600 8 22 0.012638581 
189 629 6 20 0.012636147 
979 1780 7 15 0.012634618 
1024 1731 7 16 0.012613874 
975 329 12 47 0.012587687 
-1 264 8 36 0.012583859 
218 557 6 19 0.012564174 
1028 1344 9 21 0.012543274 
424 651 11 23 0.012540314 
-50 921 12 54 0.012528181 
976 1544 7 13 0.012522118 
788 767 9 24 0.012519063 
520 1024 12 49 0.012512334 
712 811 14 32 0.012507804 
-50 802 13 54 0.012507067 
421 697 15 24 0.012487108 
140 882 8 33 0.012465686 
432 599 9 23 0.012416766 
705 20 44 155 0.012403384 
1440 1548 23 88 0.012374994 
478 405 12 31 0.012348192 
-52 657 15 61 0.012334276 
607 751 17 40 0.012326959 
191 603 5 21 0.012324869 
488 1195 20 58 0.012317617 
997 575 9 39 0.012314845 
993 788 11 36 0.012308559 
403 1284 12 39 0.012293206 
446 407 14 33 0.012279822 
633 520 20 43 0.0122671155 
885 1125 8 24 0.012262333 
1006 1685 6 15 0.012245411 
756 901 14 41 0.012227849 
906 253 9 47 0.012222035 
102 1577 23 25 0.012215346 
1006 1613 6 14 0.0122140115 
468 1175 19 45 0.012189608 
-285 1835 36 71 0.012175579 
230 162 17 68 0.012148396 
236 529 8 26 0.012147595 
523 581 7 17 0.012145443 
406 1348 8 25 0.01214526 
741 454 9 29 0.012138904 
519 919 19 51 0.012138362 
422 746 16 30 0.012138283 
111 1654 12 24 0.012117481 
708 1317 17 24 0.012108723 
-420 1732 17 78 0.012102051 
428 510 7 22 0.012093513 
980 1635 6 16 0.012091856 
419 715 18 27 0.012072373 
560 781 15 38 0.012059818 
863 1193 9 27 0.012046361 
611 308 42 100 0.012032883 
984 1710 5 15 0.01201636 
165 1246 9 26 0.012002239 
1088 1876 21 47 0.012001639 
402 601 9 20 0.011985128 
641 668 11 30 0.011959238 
-398 1809 23 46 0.01192357 
142 831 10 37 0.011920008 
91 1652 11 26 0.01190712 
632 30 22 50 0.011892868 
711 867 20 59 0.011886595 
404 1315 11 33 0.011884724 
548 1341 10 33 0.011881443 
217 1613 6 18 0.011879275 
516 970 15 48 0.011872673 
752 36 23 51 0.011860065 
735 603 17 65 0.011859798 
526 1365 9 30 0.011847085 
435 1178 23 41 0.011824644 
1389 871 52 230 0.011821334 
475 655 11 20 0.011814501 
1003 1517 7 14 0.01180829 
787 959 10 27 0.011805819 
689 836 10 27 0.011802048 
715 1630 7 23 0.011801605 
726 45 26 80 0.011791493 
982 1657 5 17 0.011791027 
1050 1342 12 24 0.011777926 
394 100 74 139 0.011766393 
514 702 18 41 0.011753569 
690 1305 14 19 0.011751953 
714 829 11 29 0.011750114 
996 594 9 43 0.0117433835 
615 446 15 37 0.011743095 
1239 14 248 156 0.011707367 
694 812 11 28 0.0116928 
407 1450 7 11 0.011687925 
811 1239 10 30 0.011679284 
740 1560 9 17 0.011658158 
738 1200 13 26 0.011653747 
426 670 12 21 0.011648504 
-1 286 9 37 0.011646483 
763 668 8 30 0.011638308 
71 1627 8 22 0.011629776 
1028 1490 7 17 0.011629536 
906 281 9 47 0.011620671 
1029 1249 8 21 0.011601441 
235 887 13 24 0.011600909 
609 788 15 37 0.0116002485 
829 271 13 59 0.011594439 
50 1512 6 18 0.011591887 
168 337 8 34 0.011590662 
643 864 10 24 0.011588282 
978 478 9 38 0.011581533 
758 1201 11 24 0.011580217 
1028 1417 8 19 0.011577663 
778 1881 17 41 0.011577646 
255 195 14 56 0.011576119 
615 474 15 36 0.011569464 
216 667 8 28 0.011560416 
132 70 18 69 0.011559096 
774 63 23 85 0.011558303 
995 760 11 39 0.01155529 
738 1300 13 25 0.01155242 
689 1321 12 17 0.011519872 
220 1340 572 454 0.011513174 
998 551 8 36 0.011501588 
109 67 18 73 0.011485184 
166 1847 12 19 0.011475951 
809 960 10 25 0.0114746 
186 43 13 36 0.01147075 
954 1468 7 16 0.011469615 
-48 1526 8 39 0.011467099 
815 1320 11 23 0.011458962 
469 1201 19 51 0.011452704 
85 66 19 73 0.011442075 
400 883 13 32 0.01144153 
294 1022 22 53 0.0114349555 
-1 239 9 37 0.01142739 
50 1539 6 17 0.011425312 
431 478 9 27 0.0114201475 
138 1853 10 15 0.0114158 
287 841 11 24 0.0114129195 
788 931 11 27 0.011410736 
674 505 32 66 0.011404412 
654 583 27 58 0.011401467 
641 1218 13 36 0.011395373 
573 1387 11 27 0.011389948 
1068 1822 14 21 0.011385816 
1415 1303 23 109 0.011367989 
514 736 19 36 0.011357452 
50 1634 6 16 0.011351901 
591 -17 302 429 0.011349231 
1442 1383 22 88 0.01134852 
904 1516 9 17 0.011348269 
706 1299 18 25 0.011332053 
92 1754 8 15 0.011310341 
436 763 22 39 0.0113054095 
622 1391 9 20 0.011278817 
524 1052 10 38 0.011274852 
983 1684 6 17 0.011273182 
1050 1318 12 25 0.011257238 
180 169 16 63 0.011252882 
1031 -22 65 166 0.011252082 
544 602 9 20 0.0112391645 
516 295 21 46 0.011236892 
-419 -35 57 202 0.011233476 
831 522 10 38 0.011229706 
497 341 17 53 0.01122475 
1029 1200 8 22 0.011210914 
43 1853 16 19 0.011166168 
856 240 13 65 0.011159631 
359 1449 7 13 0.011153954 
42 108 13 49 0.011147273 
422 1282 15 44 0.011133215 
49 1442 7 20 0.011130638 
743 1005 8 29 0.01112301 
445 1390 16 28 0.01112291 
521 1067 16 47 0.011117615 
559 13 24 41 0.011115842 
811 829 14 40 0.011092092 
765 1026 8 32 0.011076485 
336 477 8 27 0.011053902 
376 1341 10 28 0.011052243 
433 792 27 66 0.011040003 
1029 1272 8 21 0.011038196 
565 580 11 23 0.011036942 
112 1828 11 18 0.011027422 
-434 713 63 210 0.01100733 
541 327 51 127 0.010992395 
670 1347 8 16 0.010969816 
792 696 6 24 0.0109642465 
332 1439 9 19 0.010938859 
186 1838 13 27 0.010924553 
88 1621 14 30 0.010913928 
585 1114 19 45 0.010907095 
69 1660 8 19 0.010902137 
475 731 199 180 0.010900791 
904 1372 7 20 0.010892167 
758 637 9 41 0.010890831 
235 868 10 20 0.010890245 
280 7 18 23 0.010878623 
1026 1565 7 14 0.010863968 
381 1452 6 11 0.010854094 
679 33 49 158 0.010832215 
639 1393 9 20 0.010828939 
48 1662 7 16 0.010826441 
262 1544 7 13 0.010820878 
476 714 13 25 0.010817203 
378 718 11 26 0.010776589 
161 1873 12 22 0.010770495 
250 1007 20 59 0.01075972 
140 810 9 34 0.010754534 
1128 1843 31 56 0.010738252 
813 984 8 22 0.010721781 
829 497 11 42 0.010716754 
767 698 7 26 0.0107101295 
318 870 33 87 0.010688155 
1029 1225 8 22 0.010683462 
792 548 8 28 0.010660847 
977 1519 7 12 0.010660474 
771 1590 7 14 0.010655853 
217 1655 6 22 0.010653083 
-428 1758 44 148 0.010650043 
1026 1612 6 14 0.010645131 
478 698 11 21 0.010637084 
993 809 11 38 0.010630407 
1029 1322 8 21 0.010627443 
450 933 11 31 0.010621409 
303 469 10 35 0.0106123425 
93 1736 7 13 0.010605575 
854 1296 10 21 0.010594943 
472 743 14 27 0.0105855 
995 616 10 48 0.010571396 
-420 1480 24 91 0.010563833 
405 781 15 37 0.010553477 
1027 1540 7 16 0.010531903 
431 956 11 28 0.01051219 
1028 1296 9 22 0.01050108 
-75 1257 12 54 0.010500931 
765 723 9 27 0.010495293 
435 1203 24 48 0.0104873 
823 68 22 75 0.010479504 
115 1294 9 24 0.010458786 
207 1193 12 26 0.010438927 
1051 1366 11 24 0.01043226 
290 819 9 20 0.010423443 
855 1320 11 22 0.010408374 
977 1563 7 13 0.010406359 
545 583 9 17 0.0103963865 
856 1249 8 22 0.010389619 
392 270 26 54 0.01037751 
203 1171 16 32 0.010376449 
637 1119 13 30 0.010363373 
1153 1844 31 55 0.010356914 
501 90 68 125 0.010352825 
450 1049 10 42 0.010350551 
739 14 47 173 0.01034922 
2 1778 6 21 0.010348682 
859 519 10 43 0.010345699 
749 58 25 88 0.010345109 
208 1842 13 25 0.010325492 
966 1865 17 32 0.010324069 
-432 830 62 210 0.010304326 
50 1464 6 21 0.010291559 
363 1461 7 17 0.010214453 
1051 1462 10 22 0.010207572 
562 1073 16 41 0.01020388 
1018 13 21 61 0.010194004 
615 598 14 36 0.0101937195 
1028 1176 8 22 0.010191329 
1025 1708 6 15 0.010190328 
256 520 12 35 0.010188154 
13 54 16 61 0.010187102 
957 1806 7 15 0.010186342 
399 1212 15 34 0.010180925 
741 1213 14 36 0.010174435 
783 1220 12 31 0.0101727005 
1402 1567 49 162 0.010130469 
167 1757 7 13 0.010121608 
1176 1843 32 56 0.010115737 
-422 406 20 89 0.010114454 
1028 1392 8 20 0.010105835 
105 137 21 84 0.010087859 
979 1496 7 13 0.010085554 
-309 1838 37 69 0.010078757 
76 1540 6 15 0.010058075 
1390 1731 72 177 0.010057466 
73 1492 6 17 0.010056223 
858 1222 8 26 0.010039886 
1047 1779 11 20 0.010033416 
167 1819 18 27 0.010030432 
357 580 8 20 0.010030384 
207 1824 12 23 0.010028847 
458 30 73 100 0.010028812 
199 58 46 173 0.010022055 
671 1603 8 24 0.0100066345 
863 1056 8 23 0.010004187 
675 1212 31 38 0.010000344 
