17_Ceremony_Ceremony_17_368
2204
350 151 85 97 0.9996063 
576 103 112 115 0.9988072 
715 223 83 91 0.995346 
139 14 14 26 0.9892637 
434 159 21 30 0.93669754 
922 186 11 22 0.30871573 
179 186 11 23 0.2172805 
211 161 8 18 0.14612906 
169 483 7 11 0.13418496 
801 178 18 32 0.117458425 
893 -6 144 231 0.112855054 
211 149 7 13 0.10831673 
295 617 8 10 0.10505162 
915 189 10 18 0.097305804 
908 300 10 16 0.09052666 
1014 189 9 17 0.089126594 
212 141 5 10 0.08901481 
196 139 6 11 0.08889469 
921 208 12 25 0.085842066 
950 224 8 14 0.08525024 
448 100 9 13 0.08323791 
289 617 6 8 0.08298573 
182 179 7 12 0.08122301 
929 184 12 23 0.08020369 
415 99 9 17 0.07935641 
241 185 11 23 0.079309985 
924 219 12 27 0.07906216 
196 151 6 13 0.077071436 
935 226 8 16 0.07695526 
211 131 5 10 0.07472991 
287 110 7 14 0.074162595 
872 140 8 13 0.07378212 
20 43 6 23 0.07109449 
825 74 6 13 0.07053202 
932 77 11 32 0.06987676 
358 68 78 97 0.06947576 
218 151 7 13 0.06925667 
970 210 14 22 0.06869373 
750 182 84 94 0.068307534 
834 73 6 15 0.068215184 
377 110 78 95 0.06776677 
930 119 14 26 0.06691258 
859 144 11 20 0.06658242 
260 253 6 13 0.06606293 
20 31 6 23 0.064874746 
196 187 8 18 0.06463327 
196 160 7 14 0.063933924 
1004 128 6 12 0.0635456 
830 145 13 20 0.063524574 
824 146 11 20 0.062749736 
19 22 6 20 0.062421113 
780 232 26 31 0.062400077 
413 149 39 56 0.061652243 
295 622 10 10 0.0611383 
765 66 10 25 0.06109036 
800 149 9 16 0.060414303 
143 81 9 21 0.06028962 
850 63 5 13 0.059717722 
491 190 22 33 0.059607618 
883 206 90 112 0.059392158 
928 148 8 17 0.059221793 
927 161 8 17 0.058946885 
490 169 23 30 0.058600485 
199 195 7 18 0.058304854 
375 587 8 10 0.05801164 
499 46 9 15 0.057838265 
285 129 6 12 0.057651155 
923 172 92 107 0.057342026 
181 150 8 17 0.056947816 
206 195 7 19 0.056463595 
769 77 8 26 0.056327242 
171 478 5 8 0.05631077 
198 132 4 8 0.05573645 
567 420 5 9 0.05548001 
850 72 6 14 0.05521165 
271 249 11 21 0.05479488 
212 408 5 10 0.05464906 
509 172 16 26 0.054587107 
47 96 13 24 0.054530773 
825 81 7 17 0.05435486 
974 204 9 14 0.054304764 
837 66 5 11 0.054156363 
555 248 6 25 0.053605877 
938 59 5 17 0.053286713 
174 435 4 10 0.053210746 
282 134 9 18 0.053181086 
901 191 7 13 0.052905716 
512 61 10 16 0.05285404 
274 617 6 7 0.052340187 
183 163 6 12 0.052053127 
761 61 9 18 0.051782798 
889 240 7 14 0.05122554 
152 94 9 20 0.0511255 
771 93 8 25 0.051002286 
619 392 10 15 0.05080783 
960 223 10 19 0.050758917 
845 145 13 21 0.050499577 
670 354 20 22 0.05049861 
620 387 6 11 0.050185423 
815 183 13 24 0.050160363 
864 73 4 14 0.04992131 
834 83 6 16 0.049704503 
419 104 11 23 0.04952021 
888 230 6 13 0.048854478 
486 419 9 13 0.048826355 
466 112 8 14 0.04860746 
476 256 13 40 0.048540734 
868 143 10 18 0.04829818 
145 92 11 20 0.048229035 
912 139 8 16 0.04742177 
553 219 8 30 0.047322277 
274 242 7 13 0.04728942 
263 619 4 7 0.04728613 
285 104 6 12 0.047270373 
39 218 7 13 0.047079824 
19 56 5 22 0.04698093 
275 231 6 11 0.04671415 
863 113 6 13 0.046658676 
937 48 6 15 0.046552252 
1016 135 9 19 0.046480656 
448 106 10 15 0.046431962 
133 70 9 23 0.046291802 
541 233 7 28 0.046253897 
293 113 9 14 0.046201367 
609 33 18 22 0.046169568 
220 142 6 11 0.04614426 
930 73 6 18 0.04612665 
246 155 7 10 0.04598227 
707 315 12 12 0.045974247 
567 246 8 27 0.045950454 
243 301 13 19 0.045854528 
1003 135 6 14 0.04585307 
351 590 6 8 0.045829084 
211 265 4 13 0.045680765 
908 308 12 22 0.045679547 
170 495 9 15 0.04518796 
410 49 7 12 0.04511519 
1016 126 7 15 0.044977084 
259 263 8 16 0.04495742 
1013 205 13 27 0.044862784 
974 83 8 15 0.044746965 
324 101 7 10 0.044611577 
1017 147 8 22 0.04444475 
981 209 15 23 0.044366572 
219 421 7 12 0.044232484 
171 195 9 20 0.043917228 
963 216 8 13 0.04391124 
874 113 7 13 0.04389088 
236 272 4 9 0.043793052 
983 201 13 17 0.043685827 
104 173 9 18 0.043682683 
522 171 13 23 0.04358402 
900 210 10 19 0.043402724 
851 86 5 14 0.04328384 
603 384 7 12 0.043166414 
288 623 7 9 0.04293068 
1005 191 8 13 0.042901658 
476 162 13 18 0.042898074 
217 170 8 18 0.04282392 
931 144 11 23 0.042720485 
926 132 9 19 0.04266762 
401 57 8 15 0.042667318 
246 294 9 14 0.04261029 
707 148 11 19 0.04250321 
889 217 6 12 0.042480074 
826 66 5 11 0.042460658 
-52 638 309 328 0.042361803 
226 270 4 10 0.042334218 
283 229 10 14 0.042029154 
566 221 8 29 0.04194122 
921 311 9 19 0.04194027 
171 149 9 18 0.041858487 
455 444 5 17 0.04176636 
522 159 13 21 0.041714836 
465 102 7 10 0.041591786 
397 94 12 19 0.04154171 
504 58 9 15 0.041527193 
835 140 9 13 0.04150734 
864 62 4 14 0.041502487 
458 161 13 20 0.041473545 
903 448 4 13 0.04140387 
877 88 4 13 0.041266218 
485 160 17 25 0.04109947 
1017 178 8 16 0.040952254 
864 87 5 14 0.04067494 
718 221 16 26 0.040647414 
246 161 8 12 0.04054166 
743 81 10 24 0.0402647 
465 433 6 14 0.040233526 
274 629 6 7 0.040207203 
172 160 7 15 0.039929762 
43 102 12 25 0.039839588 
16 7 7 21 0.039815117 
910 204 15 28 0.03981455 
237 280 6 10 0.039786816 
876 74 5 14 0.0397826 
38 226 9 16 0.039726563 
816 331 17 45 0.039639384 
173 423 5 11 0.03961443 
757 94 8 26 0.03955238 
517 383 8 11 0.03944557 
863 127 7 11 0.039416984 
174 176 6 12 0.039224193 
376 582 6 8 0.038989253 
845 139 10 14 0.03896723 
939 218 6 13 0.038836576 
902 203 7 14 0.038800098 
877 62 4 13 0.03874119 
318 623 12 11 0.03871597 
837 113 7 14 0.03870811 
933 199 9 18 0.03868938 
913 165 6 13 0.038657743 
929 60 5 14 0.038581092 
850 114 6 12 0.038520142 
183 498 9 13 0.038484607 
914 178 8 16 0.038421333 
901 140 9 15 0.038404815 
929 50 6 13 0.038374905 
143 214 7 13 0.03836764 
901 431 5 16 0.03835972 
713 313 14 16 0.03833237 
896 238 10 17 0.038318355 
492 44 9 17 0.0382743 
758 165 10 16 0.038272128 
298 235 23 28 0.03822545 
1017 161 8 19 0.038126532 
647 91 17 37 0.03808923 
313 624 9 11 0.037977237 
557 420 6 11 0.037824225 
472 367 13 14 0.03775634 
782 82 7 20 0.037684932 
895 250 12 21 0.037659857 
824 97 7 17 0.037649643 
837 127 7 12 0.03761393 
760 79 8 24 0.037537355 
618 408 21 33 0.037517596 
197 178 6 12 0.037506256 
162 485 6 10 0.037394263 
442 100 8 13 0.037392225 
15 227 9 17 0.037383873 
238 295 5 11 0.037380453 
283 240 13 18 0.03730712 
852 259 17 23 0.037299868 
848 128 7 11 0.03724992 
134 203 6 13 0.037193764 
410 58 8 15 0.037159644 
401 58 82 114 0.037125666 
237 143 5 9 0.037058774 
118 149 8 16 0.03704029 
744 93 10 27 0.036990706 
17 -5 7 19 0.036881667 
863 101 6 13 0.036873266 
482 414 5 7 0.036793016 
887 140 7 12 0.036717992 
670 74 7 14 0.036653142 
746 71 8 16 0.036638264 
214 422 5 11 0.03663409 
32 226 7 15 0.03660025 
78 112 8 17 0.036564022 
114 171 10 23 0.03652373 
580 246 8 27 0.036443625 
248 281 7 11 0.036428884 
1002 199 11 16 0.03642818 
629 697 7 17 0.036390893 
263 217 6 12 0.036354244 
162 435 4 11 0.036339976 
298 643 8 9 0.036328904 
120 394 6 12 0.03629731 
513 92 9 25 0.036271192 
221 213 6 15 0.036230437 
902 294 8 13 0.036162555 
452 455 6 17 0.03604025 
683 75 6 11 0.036008373 
967 666 4 12 0.035999287 
281 143 12 28 0.035959378 
976 77 7 12 0.035923097 
172 99 6 14 0.035902668 
579 221 8 28 0.035894077 
605 393 6 11 0.035844002 
334 102 8 11 0.035820905 
512 159 14 21 0.035815638 
1004 179 6 13 0.03578763 
387 590 6 9 0.035770882 
772 108 7 22 0.035711467 
211 260 4 10 0.035587333 
921 249 10 19 0.035531603 
988 192 8 12 0.035435334 
251 269 5 11 0.035282504 
150 11 10 19 0.035223734 
804 158 13 22 0.035210308 
235 193 9 19 0.03518302 
837 49 7 14 0.035158385 
824 141 9 13 0.03508023 
94 152 6 12 0.035073962 
128 144 10 20 0.035037138 
933 159 9 20 0.035003774 
783 96 7 21 0.034984697 
809 141 8 13 0.034947887 
722 217 10 17 0.034882262 
409 560 9 16 0.03480195 
129 134 9 19 0.034612276 
403 52 6 11 0.03452882 
475 100 6 13 0.034519438 
873 127 7 11 0.03444921 
863 591 20 23 0.034378145 
470 110 11 20 0.034346387 
526 382 9 12 0.034340546 
104 166 7 15 0.034312356 
184 57 9 19 0.03426626 
186 475 5 9 0.03426125 
850 50 5 13 0.0342525 
980 6 17 22 0.034191214 
112 182 12 26 0.034116656 
851 101 6 13 0.03401744 
332 111 11 15 0.033940136 
185 48 7 15 0.033920113 
539 206 10 29 0.03390988 
249 644 5 7 0.03387948 
15 216 7 16 0.033753194 
887 112 7 14 0.03365812 
785 108 6 20 0.033648826 
735 75 6 13 0.033642713 
627 395 11 15 0.033587415 
575 78 59 78 0.03356427 
757 121 9 22 0.033505224 
487 181 16 23 0.033485495 
117 162 8 19 0.033402544 
223 335 6 11 0.033289056 
236 153 6 10 0.033253625 
221 188 8 16 0.0332355 
565 205 9 30 0.033175588 
876 101 6 12 0.033170234 
728 211 50 48 0.033140402 
155 106 8 20 0.033097923 
93 137 8 17 0.03307579 
695 75 5 11 0.032969303 
186 37 6 11 0.03287417 
449 92 8 12 0.032808173 
220 433 7 12 0.03280735 
261 187 8 16 0.032737132 
796 160 13 19 0.032694872 
95 165 7 13 0.032677144 
950 235 9 18 0.032668974 
488 428 8 18 0.032668937 
466 91 6 12 0.032652143 
746 165 10 16 0.03264201 
1004 116 5 13 0.03263046 
877 51 5 11 0.03260654 
262 228 6 12 0.03257421 
224 280 5 11 0.032554764 
336 90 6 13 0.032544117 
485 237 8 22 0.032533523 
161 421 4 13 0.03252506 
807 335 16 36 0.0324674 
350 102 7 11 0.03243946 
234 84 7 21 0.0323884 
813 73 6 14 0.032376062 
630 386 7 11 0.03224348 
471 154 74 99 0.032200232 
259 276 8 16 0.032191653 
746 190 9 15 0.032169435 
294 122 9 16 0.032159794 
926 90 13 30 0.03214054 
791 404 11 17 0.032107674 
497 35 11 16 0.03203335 
456 434 4 14 0.03201062 
37 239 11 19 0.031983443 
901 419 6 19 0.031977884 
244 178 9 16 0.031965144 
978 193 6 11 0.03192774 
174 447 5 11 0.03183569 
644 698 6 17 0.031813156 
312 617 8 9 0.031806633 
114 83 11 22 0.031789158 
208 225 6 16 0.03175116 
800 142 7 13 0.031705752 
566 51 9 12 0.031663828 
514 106 9 25 0.031598397 
832 173 10 21 0.03159308 
253 619 4 7 0.031518165 
715 326 12 19 0.031512078 
321 111 10 14 0.031468954 
225 259 4 10 0.031277508 
836 100 6 14 0.031262953 
990 149 6 17 0.031199358 
479 238 10 23 0.031191945 
364 588 7 9 0.03100225 
878 233 5 10 0.030957 
116 198 8 18 0.030905426 
129 187 9 17 0.03090069 
889 62 4 12 0.030830428 
886 251 11 19 0.030820342 
510 75 12 27 0.030810507 
168 505 12 14 0.030788988 
191 48 8 16 0.030710459 
524 150 10 18 0.030701155 
403 559 8 15 0.030695826 
252 629 4 7 0.03068611 
210 215 6 14 0.030616876 
834 185 9 19 0.030612417 
464 119 12 20 0.030607548 
904 180 5 12 0.030603252 
116 70 12 26 0.03057231 
465 443 6 15 0.030562079 
893 192 5 13 0.030534847 
447 210 15 26 0.030505791 
898 225 10 19 0.030500669 
184 102 6 13 0.03041822 
277 139 6 11 0.030400474 
18 99 5 16 0.030390061 
966 615 5 11 0.030376391 
529 232 8 28 0.030370655 
1003 148 7 17 0.030326858 
42 187 6 14 0.030246006 
387 547 8 14 0.030188588 
951 45 6 18 0.030151917 
225 296 5 11 0.03010745 
238 305 7 13 0.030063627 
891 205 5 11 0.029958868 
287 217 7 13 0.029913388 
260 155 8 11 0.029883858 
919 260 11 19 0.029877188 
185 485 6 10 0.02971316 
423 161 17 20 0.02970626 
312 113 7 11 0.029697757 
489 414 5 7 0.029685173 
137 215 6 11 0.029628284 
943 205 96 141 0.029600453 
263 202 6 13 0.029598221 
439 106 10 16 0.029580824 
221 411 6 9 0.02953255 
236 112 5 16 0.02951975 
144 205 7 13 0.029518709 
41 203 6 12 0.029507764 
724 75 5 11 0.0294826 
212 399 5 10 0.029368937 
780 214 85 106 0.029343018 
248 651 6 8 0.029325029 
910 404 7 18 0.029317979 
18 70 6 19 0.0293061 
803 376 12 18 0.029266123 
812 65 6 11 0.029263986 
212 372 5 12 0.02924826 
350 90 6 12 0.029237188 
845 173 9 19 0.029236201 
105 181 12 26 0.029234333 
184 449 5 9 0.029202776 
530 247 7 24 0.029175114 
949 33 7 19 0.029172149 
582 424 4 9 0.029130919 
120 138 8 16 0.029118441 
975 146 7 20 0.02910092 
678 345 11 12 0.029042298 
484 260 9 28 0.02904088 
536 160 14 23 0.029038742 
805 206 14 27 0.029024655 
987 84 8 15 0.029011603 
247 144 6 8 0.028985769 
334 41 9 30 0.028982993 
18 85 5 17 0.028942505 
246 96 7 20 0.028922103 
174 189 8 17 0.02890393 
516 394 7 11 0.028836882 
108 153 6 12 0.02878812 
446 194 14 27 0.028767101 
964 627 7 14 0.028754903 
825 112 7 14 0.028739497 
714 146 14 22 0.028726848 
350 54 8 26 0.02870987 
187 139 6 11 0.028703216 
287 643 7 8 0.028652387 
789 185 22 34 0.028641474 
492 56 9 17 0.028580599 
128 173 10 22 0.028529136 
222 130 5 11 0.028518355 
134 358 6 11 0.02846819 
10 237 16 26 0.028460711 
262 644 6 7 0.028430486 
457 182 16 23 0.02841512 
361 56 8 22 0.028375786 
827 322 15 30 0.028330844 
224 341 6 11 0.028307622 
570 433 6 12 0.02826754 
655 267 9 12 0.02824079 
349 70 7 20 0.028185675 
824 50 7 13 0.028135967 
236 129 5 12 0.028115902 
65 161 10 17 0.028084625 
708 138 9 17 0.028030092 
594 68 23 23 0.027968429 
617 695 8 19 0.027940582 
236 164 7 12 0.027938431 
261 653 7 7 0.0279082 
824 304 9 15 0.027907014 
908 259 14 23 0.027892306 
794 395 9 13 0.02787277 
261 246 5 9 0.0278173 
527 109 8 21 0.027786719 
363 408 4 12 0.027771976 
962 146 8 20 0.02776021 
212 436 5 10 0.027738674 
1003 163 7 16 0.027709741 
736 212 25 26 0.027703227 
273 152 8 14 0.02760765 
253 255 5 10 0.027604936 
187 409 4 10 0.027576393 
455 420 5 12 0.027576318 
758 135 9 18 0.027557982 
363 90 6 11 0.027531361 
337 617 6 9 0.027524278 
911 417 7 19 0.027510058 
35 247 14 24 0.027499255 
414 91 7 11 0.027417568 
959 232 12 22 0.027401807 
235 97 6 20 0.027395517 
990 180 6 13 0.02734916 
81 137 9 17 0.027216509 
142 1 9 12 0.027214225 
447 138 12 17 0.02720684 
556 307 5 13 0.027204484 
120 386 6 10 0.027172651 
410 71 9 16 0.027143711 
825 127 7 12 0.027138509 
836 34 7 18 0.027119787 
254 290 11 20 0.027110077 
258 222 85 97 0.027096843 
348 113 9 13 0.02707773 
54 176 8 12 0.027068762 
121 357 6 12 0.027045196 
566 61 10 14 0.027037198 
999 453 6 25 0.027027875 
756 190 10 15 0.02697028 
54 87 8 12 0.026959455 
810 95 8 20 0.02694334 
568 414 5 8 0.026919411 
906 270 16 25 0.02688865 
262 628 5 7 0.026882226 
212 383 5 11 0.026882151 
705 157 12 19 0.026859678 
462 136 12 18 0.026842723 
542 260 7 22 0.026833184 
377 351 6 19 0.026831007 
236 259 4 9 0.02682467 
286 654 6 7 0.026807608 
245 83 8 22 0.026758736 
910 363 9 20 0.026755795 
476 88 6 14 0.026755402 
588 60 20 19 0.026737671 
646 268 6 12 0.026692156 
553 319 7 13 0.026662158 
736 82 7 18 0.02665874 
197 408 5 9 0.026621586 
599 42 20 21 0.026568975 
941 648 5 18 0.026504578 
425 153 12 16 0.026491035 
759 152 8 15 0.026452787 
220 198 7 16 0.026420541 
910 251 12 18 0.02635368 
897 275 12 18 0.026342137 
185 116 6 10 0.026300117 
185 437 4 10 0.026287014 
106 96 8 18 0.026277997 
362 102 6 11 0.026273148 
926 107 11 23 0.02626902 
33 218 6 13 0.026257312 
888 101 5 13 0.026253564 
106 83 8 18 0.026235761 
545 292 5 15 0.026227186 
990 161 6 18 0.02622707 
442 93 6 9 0.026183352 
18 111 5 17 0.026113862 
189 56 10 21 0.026112372 
139 52 13 35 0.026103843 
491 34 10 17 0.026093118 
935 247 9 19 0.026077779 
855 6 20 19 0.026043942 
720 123 8 18 0.02604204 
469 118 15 26 0.026020946 
578 49 10 13 0.026020844 
480 419 8 13 0.026007328 
313 104 6 9 0.026003977 
968 207 6 11 0.025961034 
504 65 12 25 0.025958478 
923 375 9 24 0.025937548 
513 50 8 12 0.025909152 
276 608 5 6 0.02590441 
186 398 5 10 0.025883706 
607 56 19 22 0.025848346 
297 227 12 17 0.025831742 
454 470 6 18 0.02576239 
976 97 7 16 0.025721649 
853 178 85 107 0.025697656 
531 262 6 19 0.025690394 
902 470 6 16 0.025668632 
436 222 13 27 0.025656894 
550 92 13 30 0.025638727 
221 225 6 15 0.025600528 
980 639 6 12 0.025573727 
274 641 6 7 0.025567615 
3 20 7 25 0.02552317 
442 153 16 21 0.025522433 
658 398 6 11 0.025522007 
159 493 10 14 0.025520405 
783 72 6 17 0.025518887 
453 89 87 115 0.025500633 
409 36 8 14 0.02549803 
786 408 9 13 0.025489714 
914 447 6 15 0.025486622 
270 185 8 20 0.025443146 
915 113 7 14 0.025439985 
261 665 8 10 0.025438169 
554 291 6 16 0.025392992 
767 163 11 17 0.025392275 
915 126 7 13 0.025385393 
240 644 4 7 0.025367279 
951 61 6 15 0.025336467 
172 111 6 14 0.025322473 
888 52 5 9 0.025318688 
273 219 6 12 0.025314663 
887 147 7 13 0.025289927 
188 130 5 10 0.025276061 
988 74 7 15 0.025271377 
923 359 10 27 0.025255647 
913 431 6 16 0.025249233 
800 96 6 19 0.025248833 
79 163 9 15 0.025233075 
272 200 6 14 0.02522528 
998 488 7 29 0.0251872 
351 600 6 10 0.02518533 
387 301 7 17 0.025183342 
999 517 7 25 0.025169939 
95 173 9 16 0.025166944 
120 369 6 12 0.025165949 
878 242 5 10 0.025163893 
905 165 5 12 0.025163716 
716 135 13 22 0.025160847 
189 66 11 27 0.025156282 
748 65 6 13 0.025154743 
174 462 5 9 0.025074666 
158 200 10 17 0.025067953 
986 284 11 28 0.025005365 
133 396 5 11 0.02499056 
497 151 16 24 0.024967482 
364 601 7 9 0.024942279 
55 163 9 15 0.024931375 
990 516 8 26 0.024925554 
634 79 84 116 0.024913793 
903 457 4 16 0.024904894 
963 137 8 17 0.024900807 
389 579 5 9 0.024871368 
549 192 12 31 0.02480824 
902 407 6 16 0.024801597 
225 307 5 10 0.02473955 
966 77 7 12 0.024734184 
143 104 11 23 0.02473362 
173 409 4 10 0.024694895 
600 21 19 21 0.024682732 
992 138 5 13 0.024607627 
889 522 5 12 0.024596106 
545 306 5 13 0.024566857 
447 122 11 17 0.024550352 
900 126 7 13 0.024513692 
51 123 9 16 0.024490418 
390 98 9 13 0.024487002 
709 74 6 11 0.024485031 
286 608 6 6 0.024470385 
279 112 5 12 0.024456516 
476 152 12 17 0.024434 
186 345 5 11 0.024421828 
557 412 5 10 0.024418866 
888 73 5 15 0.024415517 
736 135 90 89 0.02441413 
515 152 10 16 0.024376947 
859 154 9 21 0.024353977 
44 123 6 15 0.024353756 
830 303 11 16 0.024307843 
668 83 8 19 0.024305549 
755 261 83 96 0.024295984 
279 132 4 9 0.024275297 
966 605 5 12 0.024270348 
770 136 7 17 0.024268419 
350 619 6 7 0.024259573 
973 13 16 31 0.024258057 
325 94 6 10 0.0242574 
923 390 8 24 0.024246432 
332 121 12 20 0.024228953 
420 113 13 28 0.024218427 
683 335 7 9 0.024218133 
152 27 11 22 0.024215948 
888 88 5 14 0.024204886 
276 87 5 14 0.024178762 
900 112 7 14 0.02416871 
235 177 8 15 0.024084246 
939 38 5 14 0.024076903 
955 662 4 15 0.024021493 
771 51 8 13 0.024018716 
555 278 6 18 0.02399551 
110 385 4 11 0.023979457 
393 274 16 28 0.02397737 
988 388 9 28 0.023964558 
977 1 9 10 0.023929695 
913 456 8 20 0.023892894 
811 81 8 20 0.02387798 
398 549 10 16 0.023809398 
193 38 7 12 0.023787858 
951 73 6 17 0.023786113 
864 50 4 12 0.023764107 
761 127 171 193 0.023761474 
807 360 12 23 0.023759395 
949 246 10 21 0.023753881 
722 67 6 10 0.023747345 
525 120 11 26 0.023746423 
35 87 5 11 0.023732034 
634 425 215 152 0.023730084 
432 204 79 116 0.023722801 
80 149 9 15 0.023687545 
962 124 9 16 0.02368692 
274 159 7 18 0.023680959 
660 627 19 12 0.023673866 
289 161 17 44 0.023669448 
365 581 5 8 0.023655847 
577 61 15 16 0.023649087 
105 139 7 15 0.023638982 
934 344 12 33 0.0236296 
296 211 10 19 0.023624068 
977 139 6 14 0.023622246 
799 82 7 19 0.02359564 
441 50 6 13 0.023577807 
670 67 6 9 0.023553004 
296 105 7 11 0.023533031 
198 214 6 14 0.023517346 
998 209 13 22 0.023502545 
503 108 8 22 0.02349253 
444 230 16 30 0.023488391 
790 262 14 21 0.023423268 
129 160 8 18 0.023418767 
526 95 9 21 0.023384126 
44 89 6 11 0.023360254 
401 592 5 8 0.023344953 
93 126 7 17 0.023330964 
234 71 7 20 0.023311567 
274 73 6 18 0.023297679 
114 105 13 26 0.023290632 
422 171 16 22 0.023272363 
459 194 14 26 0.023239838 
235 58 7 19 0.023233883 
774 226 25 23 0.023227088 
695 87 6 12 0.023208536 
846 252 16 24 0.023207245 
909 320 11 21 0.023138728 
197 400 5 9 0.023118084 
283 162 14 40 0.023115372 
507 189 18 31 0.023106884 
988 411 9 31 0.02308641 
771 122 7 20 0.023076598 
832 373 12 24 0.02299639 
961 158 9 20 0.022991039 
626 42 11 17 0.022987349 
319 617 10 11 0.022981051 
385 329 9 19 0.022972334 
527 49 10 13 0.022970457 
279 253 18 32 0.022957014 
911 397 6 15 0.02295473 
321 122 11 18 0.02294963 
804 290 13 19 0.022939889 
992 127 6 13 0.022932954 
476 183 14 20 0.02293207 
976 159 7 20 0.02292699 
903 62 6 13 0.022916112 
28 22 6 17 0.022913598 
533 421 6 12 0.022879811 
171 142 7 14 0.02287214 
593 46 14 15 0.022829117 
383 533 12 17 0.022828965 
294 135 10 21 0.02278927 
746 121 9 21 0.02277552 
821 315 14 27 0.022772484 
1008 647 13 22 0.022758255 
717 159 10 17 0.022758136 
419 248 16 25 0.022726038 
974 283 11 30 0.022719625 
364 73 6 16 0.02271935 
209 72 6 19 0.02271545 
287 57 6 20 0.02270819 
960 346 11 32 0.02269249 
967 685 6 19 0.022675576 
912 62 6 13 0.022659177 
210 449 5 9 0.022653507 
971 229 14 27 0.02264731 
965 85 7 14 0.022628972 
299 649 7 9 0.02258653 
68 174 9 15 0.022583023 
684 66 5 10 0.022542577 
470 134 16 22 0.02254185 
126 119 13 27 0.022528132 
870 156 9 21 0.02251552 
998 348 8 27 0.022503998 
823 294 8 13 0.022495424 
922 293 8 15 0.022490386 
293 368 17 15 0.022459965 
1018 115 6 15 0.022456529 
69 87 6 13 0.022442909 
922 414 10 24 0.022419682 
523 192 14 27 0.022405213 
989 99 7 16 0.022389457 
628 688 8 17 0.022367507 
968 674 5 15 0.022357333 
921 453 11 23 0.02235129 
163 478 4 8 0.02230545 
797 379 12 18 0.022296235 
181 207 8 19 0.022270672 
17 165 5 17 0.022257289 
729 213 17 21 0.022195335 
403 338 25 31 0.022179108 
425 61 7 13 0.02217149 
835 264 12 15 0.022168223 
274 60 6 19 0.022159034 
591 250 8 21 0.02214868 
708 327 12 15 0.022146702 
186 357 5 11 0.022124408 
769 152 9 15 0.02211042 
875 253 8 15 0.022092625 
466 422 5 10 0.022086425 
459 209 14 26 0.022074128 
30 9 6 16 0.022058591 
805 263 10 18 0.022016067 
801 72 6 14 0.02194123 
479 431 8 17 0.021937428 
347 123 10 19 0.021902239 
948 343 12 35 0.021870157 
888 127 6 11 0.021869907 
568 307 7 13 0.021859301 
140 118 12 23 0.021858595 
978 180 6 14 0.02184088 
81 88 7 14 0.02183917 
709 125 8 15 0.021831572 
682 85 6 13 0.021827307 
246 110 6 17 0.021823306 
224 320 6 12 0.021817964 
69 124 6 13 0.021815425 
152 65 10 26 0.02181231 
461 151 11 17 0.021809226 
850 34 6 16 0.021801522 
696 103 6 11 0.021788295 
912 381 6 17 0.021765755 
1015 232 11 26 0.021752408 
788 206 21 29 0.021718787 
966 697 5 19 0.021702703 
991 114 5 14 0.02167684 
535 30 86 90 0.02167666 
246 67 8 25 0.021658678 
678 376 11 15 0.02165824 
527 81 8 20 0.021645019 
919 272 12 22 0.021616442 
967 193 6 12 0.021596318 
207 459 8 13 0.021595819 
845 186 8 17 0.021588242 
998 388 8 28 0.021555755 
710 113 6 13 0.0215493 
504 93 8 22 0.021549245 
526 393 8 12 0.021542815 
62 56 14 22 0.021541487 
376 306 5 11 0.021541113 
946 130 12 24 0.02153562 
360 114 9 14 0.021520315 
270 173 10 22 0.021460189 
531 92 98 111 0.021451678 
17 151 5 18 0.021441882 
850 236 89 118 0.021435803 
296 196 12 25 0.021414042 
199 450 5 8 0.021396007 
374 368 6 15 0.021367002 
161 175 7 14 0.021348953 
184 80 8 21 0.021337783 
489 97 7 17 0.021335367 
131 92 11 21 0.021318577 
542 424 6 10 0.021295285 
280 102 5 12 0.02129363 
209 61 6 15 0.021269824 
132 57 10 24 0.021265447 
514 120 10 25 0.021263774 
949 159 9 19 0.02122967 
950 206 7 12 0.02122734 
91 10 138 229 0.021212753 
800 111 5 17 0.02121102 
961 110 9 17 0.021194004 
483 282 11 25 0.021190329 
880 220 4 9 0.021185776 
171 34 7 15 0.021176506 
468 459 5 13 0.0211668 
555 64 7 11 0.021159291 
746 150 9 16 0.021100584 
732 137 9 18 0.021092627 
949 145 11 22 0.021083722 
16 -16 8 18 0.021025613 
982 20 17 36 0.021019753 
77 57 10 17 0.021017635 
18 135 5 18 0.020975089 
273 655 6 7 0.020970859 
855 272 15 20 0.020969115 
631 342 8 15 0.02093054 
54 185 7 15 0.020920034 
79 100 8 15 0.02089819 
544 277 6 18 0.020891568 
449 75 8 16 0.02087999 
828 358 14 28 0.020876933 
942 661 5 18 0.02087478 
950 85 7 19 0.020848453 
735 123 7 16 0.020836394 
32 166 5 14 0.020823644 
999 271 10 27 0.020811586 
552 117 13 33 0.020793883 
666 237 10 19 0.020785827 
212 277 4 14 0.02078493 
665 267 13 17 0.020760339 
948 19 8 22 0.020752534 
776 11 175 209 0.020747168 
375 342 7 19 0.02073894 
580 38 8 13 0.020733086 
935 372 10 31 0.020706723 
656 614 9 8 0.020701848 
211 237 5 16 0.020692416 
363 399 4 12 0.020687222 
441 452 7 24 0.020686118 
948 271 11 27 0.020680895 
979 617 4 10 0.020678261 
663 279 17 16 0.020676866 
1016 261 10 25 0.020669451 
286 91 6 12 0.020663463 
335 67 9 26 0.020617895 
28 35 6 16 0.020611659 
143 227 8 14 0.020603167 
441 60 7 14 0.020593556 
865 233 6 10 0.02058458 
162 446 4 11 0.020579373 
134 369 6 11 0.020566601 
824 267 8 13 0.0205518 
105 105 9 21 0.020542933 
286 42 7 22 0.020537216 
614 421 17 26 0.020530934 
936 311 10 22 0.020511061 
285 668 8 9 0.0204763 
260 178 8 16 0.020463575 
811 111 7 15 0.020446435 
263 143 6 10 0.020443436 
52 66 13 20 0.020422341 
912 466 9 21 0.02039787 
733 207 10 12 0.020391582 
352 581 4 8 0.020320503 
276 45 5 19 0.020320255 
375 408 5 14 0.020320158 
335 628 8 8 0.020318657 
960 371 10 34 0.020308971 
185 463 5 8 0.020297563 
922 322 10 21 0.020281978 
834 291 10 13 0.02028012 
488 109 9 21 0.020277424 
964 62 7 14 0.020271251 
211 357 6 12 0.020267013 
526 60 9 14 0.020265423 
803 274 12 20 0.020237856 
846 -204 191 177 0.02023495 
659 64 7 11 0.020215718 
428 92 5 9 0.020211667 
110 394 5 12 0.020197608 
402 576 6 10 0.020190524 
199 439 4 8 0.020189838 
540 122 10 24 0.020186856 
206 520 12 20 0.02018488 
185 423 5 11 0.020182291 
660 568 5 7 0.020181635 
859 175 8 17 0.020159075 
592 261 8 22 0.020151703 
400 69 10 19 0.020119816 
386 314 9 20 0.02011365 
696 113 6 12 0.020111172 
270 269 12 25 0.02010273 
822 256 8 12 0.020083036 
260 83 7 20 0.020079317 
977 683 6 22 0.020022685 
607 71 19 20 0.020022538 
787 151 7 13 0.020019352 
173 398 4 10 0.020011047 
223 241 5 12 0.019990532 
427 75 7 13 0.019985732 
450 59 7 16 0.019963244 
935 322 11 26 0.019957732 
667 270 90 92 0.01994932 
820 213 9 17 0.019922901 
426 50 6 13 0.019919865 
68 96 7 17 0.019916682 
783 164 11 16 0.019912641 
487 202 14 25 0.01990261 
631 281 7 12 0.019891564 
275 375 7 9 0.019870045 
742 203 14 17 0.019869152 
195 100 7 17 0.01986451 
903 399 5 12 0.019856956 
632 370 6 15 0.019836422 
432 245 16 27 0.019829707 
642 83 14 29 0.019816127 
805 299 14 20 0.019803766 
540 381 7 12 0.019785348 
500 303 8 14 0.019776527 
206 468 11 19 0.019762073 
459 321 14 32 0.019750763 
786 123 6 17 0.019729102 
556 431 6 12 0.019708093 
543 374 6 10 0.019688345 
333 133 13 24 0.019670729 
374 332 6 17 0.01965845 
747 136 8 17 0.019658046 
1013 -2 11 16 0.01963237 
392 260 18 24 0.019624464 
158 137 7 16 0.019617625 
145 359 6 11 0.019613663 
964 178 7 15 0.019598631 
960 294 13 33 0.019597005 
142 133 9 19 0.019582862 
286 200 8 18 0.019581286 
833 228 8 12 0.01957941 
217 381 10 15 0.019564738 
694 197 9 22 0.019561233 
52 40 10 13 0.019559387 
666 252 9 15 0.019538686 
539 146 12 21 0.019532926 
437 117 12 22 0.019522237 
375 319 5 15 0.01951511 
721 112 6 15 0.019469045 
595 395 7 11 0.019462842 
292 270 14 26 0.019461337 
321 260 15 24 0.019458726 
425 379 11 18 0.019446505 
386 344 10 18 0.0194366 
524 135 10 22 0.019429758 
960 244 11 26 0.019426323 
377 298 6 9 0.01940235 
197 345 5 11 0.019381277 
947 319 13 31 0.01938096 
553 159 13 21 0.019376975 
247 130 5 11 0.019364571 
722 86 6 13 0.019359536 
441 77 6 13 0.019347487 
439 465 7 25 0.019317487 
742 681 14 29 0.019287562 
339 603 6 8 0.019285802 
557 53 7 11 0.019283095 
656 253 8 14 0.019273937 
210 119 5 12 0.019270103 
66 151 9 16 0.019268721 
156 119 9 20 0.019256176 
641 368 8 13 0.019244976 
658 74 8 16 0.019243473 
171 87 6 14 0.01922657 
986 306 11 30 0.019209368 
2 40 7 29 0.019198313 
836 278 10 13 0.019184783 
935 412 11 30 0.019176783 
978 696 7 20 0.019174011 
531 306 6 13 0.01916723 
222 46 6 17 0.019163478 
467 76 5 14 0.019160403 
223 74 6 18 0.019153424 
197 373 5 10 0.019141166 
823 33 8 17 0.019135427 
962 31 9 21 0.019133082 
845 273 15 18 0.019105561 
818 373 13 20 0.01909348 
977 603 5 14 0.019083615 
434 174 15 27 0.01908015 
939 623 6 13 0.019070575 
455 413 4 10 0.019065503 
360 123 9 19 0.019062433 
730 148 10 18 0.019058814 
526 71 8 16 0.01905722 
566 316 9 13 0.019054305 
935 261 10 19 0.01904976 
530 276 7 18 0.019048074 
844 286 14 18 0.01904266 
835 243 8 10 0.019001605 
310 125 9 15 0.019001381 
304 226 17 22 0.018993467 
711 225 9 18 0.018969964 
875 36 7 11 0.018967226 
260 56 7 21 0.018967045 
997 294 11 31 0.01894091 
634 81 33 64 0.018933881 
778 211 19 21 0.018933425 
109 371 5 11 0.018929128 
68 136 8 15 0.018923746 
914 98 7 17 0.018903686 
987 347 9 29 0.018903475 
805 391 10 15 0.01889801 
734 175 10 15 0.018851122 
888 290 10 14 0.018842233 
18 123 5 17 0.018826267 
397 346 18 22 0.0188251 
546 321 5 11 0.01880571 
313 94 6 10 0.018798199 
832 200 9 15 0.018758167 
398 378 11 18 0.018757854 
518 498 5 14 0.018757533 
998 412 8 30 0.018756464 
644 385 7 12 0.018748323 
520 507 5 15 0.018744275 
1000 554 7 26 0.018733637 
458 231 15 29 0.018725118 
710 215 7 17 0.018705832 
736 66 6 11 0.018702073 
658 418 11 19 0.018690927 
171 358 5 11 0.018677576 
258 373 9 11 0.018672839 
631 158 79 95 0.018666217 
889 514 5 11 0.018662738 
962 97 8 17 0.018648094 
143 146 10 18 0.01862688 
978 127 6 13 0.018624278 
262 132 5 9 0.018609945 
542 429 6 13 0.018595234 
186 372 5 10 0.018560529 
261 69 7 22 0.018559866 
987 640 7 12 0.018547997 
97 85 6 16 0.018537445 
412 572 7 12 0.018527774 
593 408 6 11 0.018524036 
33 136 6 15 0.0185194 
989 486 9 31 0.018519107 
199 120 4 10 0.018514235 
728 681 16 31 0.018491346 
983 1 12 12 0.018483317 
549 168 15 25 0.018479249 
373 599 8 10 0.018474799 
540 108 10 22 0.01847045 
541 96 9 22 0.018466672 
42 -188 232 120 0.018464603 
667 377 10 14 0.018460078 
654 523 7 14 0.018456731 
568 276 7 19 0.01845095 
286 74 5 16 0.018449092 
427 603 5 9 0.018443499 
408 253 15 18 0.018442823 
43 179 6 11 0.01843192 
553 75 9 15 0.018416325 
538 50 9 13 0.018409336 
948 258 11 26 0.01839039 
724 218 24 32 0.018385792 
67 52 9 13 0.018382419 
297 92 8 12 0.018379942 
437 207 11 28 0.018376596 
578 208 10 26 0.018340182 
51 131 9 19 0.018333698 
888 162 7 15 0.0183249 
1000 72 8 18 0.018304888 
296 420 8 17 0.018304268 
136 1 7 10 0.018303864 
766 171 15 21 0.018284982 
253 244 4 10 0.018283987 
761 49 7 14 0.018281013 
304 368 15 13 0.018279407 
1000 541 6 26 0.018279402 
156 211 9 16 0.018263707 
189 505 11 18 0.018239858 
741 17 17 29 0.018230924 
541 63 8 11 0.018224973 
948 296 11 28 0.018223649 
501 24 8 12 0.018215412 
821 226 9 14 0.018200161 
374 395 5 15 0.018194273 
544 408 6 11 0.018187968 
292 145 13 31 0.018160252 
979 630 4 9 0.018148676 
832 216 9 13 0.018148262 
321 134 45 78 0.01813784 
28 -3 8 15 0.018110562 
536 180 13 26 0.018107189 
963 43 8 20 0.018106762 
108 63 6 15 0.018093036 
467 415 4 7 0.018092409 
117 119 12 23 0.018072268 
401 601 6 8 0.01806683 
500 290 8 16 0.018062763 
986 683 11 30 0.018061059 
389 408 6 14 0.018060079 
172 370 5 11 0.01805701 
949 175 9 17 0.018054565 
991 554 7 26 0.01804439 
564 72 13 19 0.01804406 
562 103 15 33 0.018039724 
256 677 11 12 0.018033529 
923 443 10 22 0.018032782 
755 680 14 31 0.018027905 
124 22 7 15 0.018021213 
31 240 9 16 0.018017214 
134 384 5 11 0.018007753 
593 425 6 10 0.01799868 
644 522 7 14 0.017998649 
423 136 12 20 0.01799535 
284 372 11 10 0.017978547 
938 617 6 10 0.017965024 
601 11 14 15 0.017964493 
119 60 8 18 0.017961953 
1014 54 11 23 0.017961718 
865 243 7 11 0.017956082 
563 82 15 25 0.017954586 
562 155 15 24 0.017953383 
94 110 7 16 0.01793242 
981 649 5 13 0.017927868 
696 66 5 9 0.017917732 
415 602 6 9 0.017915197 
186 385 5 10 0.017908486 
127 104 14 27 0.017901376 
118 344 7 13 0.017884793 
787 140 6 13 0.017836355 
941 673 5 18 0.017835952 
517 250 7 20 0.017826233 
490 68 10 20 0.01782585 
320 132 13 24 0.017821124 
680 206 10 27 0.017819965 
736 111 6 16 0.017810278 
733 163 9 14 0.017785946 
134 12 11 17 0.01776201 
580 434 6 10 0.017750885 
333 265 10 15 0.017750842 
754 202 14 17 0.017749015 
531 291 6 15 0.017744185 
13 199 9 21 0.017736524 
946 93 11 23 0.017732969 
681 239 8 16 0.017718788 
724 333 48 86 0.017712608 
988 261 9 24 0.017707538 
578 355 10 16 0.017686035 
696 138 7 15 0.017683974 
781 172 22 28 0.017672736 
978 112 6 14 0.017668687 
837 256 9 12 0.017655833 
235 45 8 17 0.017655566 
997 321 10 29 0.017647067 
4 121 6 21 0.017643372 
921 612 11 12 0.017641883 
273 381 7 9 0.01764173 
812 127 6 13 0.017636927 
693 171 10 22 0.017635722 
734 191 9 14 0.017634029 
594 34 12 16 0.017578276 
1012 37 14 28 0.017534316 
633 353 7 17 0.017532466 
390 600 6 9 0.017532311 
668 398 7 10 0.01752248 
388 290 8 16 0.017487785 
705 171 11 19 0.01746652 
974 359 9 30 0.017456023 
409 109 16 32 0.017453209 
79 51 8 13 0.017410535 
710 66 5 10 0.017401703 
437 139 11 18 0.017399045 
807 222 11 19 0.01738308 
420 219 15 29 0.01737951 
950 190 8 15 0.017377602 
408 653 348 327 0.017371057 
695 52 6 12 0.017369675 
197 335 5 9 0.017368728 
517 138 8 18 0.017364418 
890 537 5 12 0.017358446 
374 550 8 11 0.01735212 
1001 100 6 17 0.017350249 
197 358 5 11 0.017334776 
201 461 5 9 0.017330611 
476 222 10 19 0.01732961 
667 206 11 27 0.017324617 
70 110 8 18 0.017320292 
414 592 6 9 0.017316286 
106 122 8 19 0.017308746 
888 279 9 15 0.017281404 
199 474 6 10 0.017278463 
1015 284 12 29 0.017268516 
475 377 12 13 0.01726447 
643 282 8 11 0.01725821 
375 114 8 14 0.017256197 
307 198 95 105 0.017248128 
171 47 8 14 0.017244224 
97 75 6 15 0.017243829 
77 173 11 17 0.017238803 
992 540 7 26 0.01723289 
970 526 12 32 0.01722564 
620 535 5 13 0.01721615 
352 628 6 8 0.017206043 
160 408 4 12 0.017201971 
952 617 6 10 0.017199747 
139 499 14 13 0.017176572 
68 184 8 16 0.017170433 
543 330 7 14 0.017167898 
595 433 5 10 0.017157659 
696 149 8 15 0.017156564 
977 61 7 16 0.017155614 
800 64 7 12 0.017141165 
209 49 6 14 0.017140392 
213 336 4 9 0.017132755 
554 147 12 21 0.017130451 
409 378 12 19 0.017130146 
138 33 15 32 0.017122617 
696 331 7 10 0.017120017 
619 280 7 13 0.017118806 
-6 202 63 94 0.017110592 
914 54 6 10 0.017109856 
239 651 5 10 0.017104827 
1003 630 5 10 0.017086832 
51 51 12 15 0.01707627 
246 54 9 23 0.017067501 
42 133 8 17 0.017048785 
683 55 6 10 0.017041309 
889 180 6 13 0.017033154 
783 414 12 20 0.017024837 
517 264 6 16 0.017015375 
875 627 5 11 0.017005831 
479 468 6 14 0.016994832 
475 194 16 26 0.016981486 
224 86 6 19 0.016980493 
218 367 13 19 0.016969616 
890 627 4 12 0.016968606 
853 285 16 20 0.016967732 
673 277 18 18 0.016962131 
4 7 7 22 0.016960835 
297 74 7 16 0.016960584 
307 182 16 33 0.016951492 
810 47 9 16 0.016949464 
249 665 8 10 0.01691753 
938 288 9 20 0.016911661 
607 278 7 17 0.016909888 
390 422 6 12 0.016886303 
234 211 7 15 0.016880276 
936 274 10 22 0.016874751 
709 87 6 12 0.016846366 
990 566 7 26 0.016844558 
364 382 5 14 0.016836703 
967 635 6 14 0.016828764 
542 74 8 13 0.016819486 
961 269 11 30 0.016815523 
375 122 9 20 0.016809762 
399 326 12 22 0.016804142 
502 382 8 10 0.016787931 
597 383 7 13 0.016783208 
607 80 21 26 0.016777975 
694 161 10 17 0.01677424 
680 172 10 22 0.016763069 
656 699 7 17 0.01675371 
985 232 12 24 0.01675115 
529 320 7 13 0.016735354 
723 206 7 14 0.016714027 
346 132 12 25 0.016690861 
630 268 7 13 0.016689593 
233 337 12 17 0.01668458 
870 277 11 17 0.016670316 
656 279 12 14 0.016657846 
790 157 88 95 0.016653784 
946 108 11 22 0.016645828 
292 253 19 31 0.01662861 
317 245 18 28 0.016616805 
800 126 6 14 0.016613903 
388 394 7 14 0.016597575 
236 34 8 15 0.016597528 
160 161 8 16 0.016574917 
221 527 13 25 0.016550235 
653 235 10 19 0.016530626 
973 306 11 30 0.016515624 
593 22 10 15 0.016497107 
568 293 7 15 0.016477074 
363 368 6 15 0.016476851 
45 40 6 11 0.016476156 
351 552 5 10 0.016462252 
1001 248 9 24 0.016454624 
710 102 5 12 0.016454162 
641 356 8 14 0.016434992 
392 60 7 13 0.016414175 
973 243 12 28 0.016405417 
515 234 9 24 0.016401015 
54 151 9 16 0.016378326 
639 426 12 22 0.016371004 
790 322 19 34 0.016362123 
146 189 7 15 0.016359951 
1017 338 9 24 0.01635868 
396 263 46 80 0.016357262 
957 530 18 35 0.016353369 
861 33 8 14 0.016339807 
159 191 7 14 0.016321806 
959 318 13 32 0.016292905 
501 432 6 14 0.016292447 
293 234 40 52 0.016289316 
849 243 8 12 0.01628907 
657 52 7 12 0.016287902 
736 97 7 18 0.016282853 
663 289 18 18 0.016282538 
901 383 6 14 0.016273176 
364 422 4 11 0.016264144 
-3 248 91 99 0.016240317 
681 591 11 7 0.016233418 
478 45 7 16 0.016222503 
487 220 10 22 0.016197722 
271 668 8 8 0.016196571 
891 641 3 12 0.016193576 
784 63 7 13 0.016193138 
576 70 18 20 0.016182005 
285 675 9 9 0.016178293 
605 264 7 16 0.016171494 
996 5 14 20 0.016170137 
388 380 8 15 0.0161663 
270 300 10 19 0.016154168 
225 116 4 14 0.016149016 
159 359 6 10 0.01614001 
516 375 7 9 0.016136019 
991 443 7 25 0.016132537 
902 629 5 11 0.016131442 
436 193 11 27 0.016117105 
11 -62 15 32 0.016114209 
552 329 9 17 0.016097594 
450 50 7 14 0.016084036 
256 314 11 18 0.016081871 
967 654 5 11 0.016059997 
196 385 5 10 0.016053127 
941 637 5 15 0.016049111 
693 183 9 23 0.016047765 
924 336 10 22 0.016045928 
1000 233 10 23 0.016038641 
323 38 10 31 0.016035188 
409 255 85 119 0.016033383 
644 397 7 12 0.016031887 
240 631 3 6 0.01602571 
259 44 8 20 0.016020847 
1018 519 7 23 0.016019719 
901 409 198 296 0.016009634 
873 262 10 19 0.016002337 
742 561 16 9 0.01600121 
672 293 171 166 0.015988173 
891 653 3 12 0.015973048 
397 293 13 28 0.015967878 
781 197 17 24 0.015967114 
555 65 42 75 0.01595715 
977 676 5 15 0.015936095 
347 116 44 77 0.015918016 
62 68 11 17 0.015909646 
628 59 12 18 0.015907781 
120 47 7 15 0.015900206 
473 359 10 13 0.015899675 
595 372 7 13 0.01589417 
873 177 7 15 0.015881168 
846 366 13 16 0.015870605 
258 98 7 17 0.015840707 
1017 351 9 25 0.015829561 
542 398 7 11 0.015825683 
488 300 8 16 0.015805472 
221 -183 293 106 0.015804013 
95 51 5 12 0.015802143 
192 77 10 28 0.01579848 
56 202 7 13 0.01579209 
953 654 4 13 0.015778873 
579 275 9 21 0.015778866 
283 281 12 27 0.015772505 
582 411 6 10 0.015765298 
541 83 9 18 0.015762754 
377 102 6 10 0.015742082 
529 407 7 13 0.015712135 
378 194 78 109 0.015695957 
478 73 7 16 0.015689578 
388 366 8 15 0.015689105 
666 192 12 27 0.015675394 
975 268 86 138 0.015652463 
618 267 7 15 0.015651243 
964 0 8 9 0.015650082 
583 79 24 28 0.015649628 
992 463 7 25 0.015637219 
110 49 5 13 0.0156331 
225 99 5 18 0.01561657 
160 147 8 18 0.01559545 
721 100 6 14 0.015595144 
211 345 5 10 0.015594324 
44 74 8 13 0.015581542 
903 252 148 256 0.015578796 
1018 455 7 22 0.015563352 
696 321 8 8 0.015563323 
297 667 9 9 0.015557862 
879 207 5 10 0.015544961 
505 541 4 9 0.015538132 
385 121 11 23 0.015517061 
409 551 10 15 0.015509859 
417 338 22 30 0.0155026065 
376 421 5 13 0.015491972 
455 587 6 12 0.015488082 
517 306 6 12 0.01548582 
32 152 6 14 0.015482744 
666 220 11 27 0.015481312 
567 40 7 11 0.015478638 
586 58 47 51 0.015477382 
254 688 14 15 0.015476154 
805 315 16 27 0.015473923 
96 98 6 15 0.015470771 
1015 309 12 29 0.015465346 
664 96 10 23 0.01545787 
222 36 6 15 0.015454473 
477 25 7 10 0.01544068 
147 407 5 13 0.015428188 
696 126 6 14 0.0154217575 
978 668 5 12 0.015417942 
634 534 5 13 0.01540776 
911 233 12 22 0.015394378 
296 58 7 19 0.015390227 
902 638 5 13 0.015376932 
526 331 9 16 0.015372081 
79 70 9 16 0.015371618 
222 61 6 16 0.015370277 
4 -4 7 19 0.015369635 
143 160 9 18 0.015369108 
476 35 7 14 0.015359024 
153 41 10 22 0.015348498 
389 563 7 10 0.015346552 
52 23 10 15 0.015328765 
643 441 8 19 0.015326254 
719 174 10 16 0.015321001 
153 -1 9 13 0.015320289 
849 230 7 11 0.015304055 
539 37 9 12 0.01530062 
680 222 9 21 0.015300492 
95 62 6 13 0.015284752 
953 685 6 21 0.015252976 
287 33 6 19 0.015247655 
321 185 17 28 0.015242087 
627 34 13 16 0.015237998 
394 54 5 10 0.015210683 
489 380 9 10 0.0152094625 
694 345 7 9 0.015206885 
1016 72 8 19 0.015206277 
603 373 7 14 0.015190147 
29 49 6 14 0.015185396 
902 53 6 10 0.015170315 
805 239 11 17 0.015169838 
758 497 10 9 0.015166512 
515 290 8 15 0.015149528 
34 76 5 12 0.0151486965 
873 576 7 10 0.015140665 
954 625 6 13 0.015116978 
823 278 9 14 0.015111512 
304 186 39 62 0.015103013 
987 246 10 25 0.015099212 
648 535 5 12 0.015072629 
173 385 5 11 0.01505439 
1018 531 7 23 0.015051705 
527 375 8 10 0.015051505 
45 167 6 12 0.0150513435 
479 400 6 8 0.015036342 
657 384 8 12 0.015018099 
4 136 6 20 0.015001693 
486 135 14 24 0.014997325 
246 43 9 20 0.014992775 
994 16 16 31 0.014984503 
456 601 5 11 0.014977692 
684 577 9 6 0.014975632 
949 371 10 33 0.014974224 
199 224 7 17 0.014968233 
1013 4 14 21 0.014940207 
807 251 9 17 0.014927693 
376 618 7 7 0.014904334 
212 295 4 12 0.014898775 
498 136 13 24 0.014892073 
670 348 11 11 0.014886603 
225 642 4 8 0.014884213 
297 381 11 9 0.014881793 
988 56 9 20 0.014871696 
902 653 4 14 0.01486159 
211 36 6 15 0.014852741 
742 5 16 18 0.014847969 
564 355 11 18 0.014827979 
901 484 6 14 0.014811588 
183 27 7 12 0.014807625 
999 0 11 12 0.014802943 
387 109 9 16 0.014790867 
389 617 6 8 0.01478199 
686 60 90 104 0.014776089 
626 90 20 35 0.014770329 
753 6 14 15 0.014770175 
502 236 8 21 0.01476163 
745 475 11 10 0.014759978 
502 320 7 11 0.014758427 
503 444 6 15 0.014741684 
1000 85 7 17 0.014738624 
462 245 12 28 0.014734352 
442 298 37 74 0.014731791 
265 608 4 6 0.014730136 
659 553 5 8 0.014722222 
171 124 7 16 0.014716516 
27 -16 8 16 0.014692959 
407 274 15 26 0.014690452 
693 431 10 14 0.01467562 
865 0 16 11 0.014669279 
32 186 7 16 0.014654329 
504 548 6 10 0.014652228 
482 142 36 51 0.014652002 
312 73 7 18 0.014647115 
649 220 14 25 0.014642319 
865 643 4 9 0.014640146 
135 404 5 15 0.014628393 
219 354 10 17 0.014622649 
1019 506 7 23 0.014610068 
467 60 6 16 0.014602779 
552 372 7 11 0.014601789 
246 700 10 15 0.014599676 
612 23 16 16 0.014595796 
880 514 5 10 0.014587932 
391 92 7 10 0.014570621 
591 236 9 20 0.014556468 
133 228 8 15 0.014543505 
961 478 10 29 0.014543203 
526 36 10 13 0.01452454 
32 125 6 13 0.01452209 
954 674 4 16 0.014514024 
901 100 6 15 0.01451251 
210 321 5 9 0.01450692 
766 215 19 17 0.014505162 
560 129 20 32 0.014482972 
504 510 5 15 0.0144742485 
713 681 20 32 0.014473173 
962 21 9 20 0.014473078 
251 229 6 12 0.014470875 
709 49 6 14 0.014462498 
963 9 8 15 0.014453945 
31 201 7 16 0.014450352 
255 701 12 14 0.014450276 
1018 467 7 22 0.014412168 
134 509 26 21 0.014410678 
363 618 7 7 0.014403575 
658 538 5 10 0.014394648 
641 343 8 13 0.014365953 
5 163 6 20 0.014364941 
954 604 5 10 0.014362328 
374 381 5 15 0.014358453 
121 35 6 13 0.014348828 
197 425 5 10 0.014348578 
475 209 13 21 0.014341491 
478 59 7 16 0.014333614 
433 272 14 25 0.014333346 
846 202 7 13 0.014320169 
489 83 8 18 0.014319427 
405 40 6 11 0.014307984 
268 310 14 25 0.014307202 
757 29 10 19 0.01430711 
974 386 9 30 0.014304131 
930 674 5 19 0.0142901 
442 174 17 29 0.014286688 
877 562 220 356 0.014259758 
191 496 9 15 0.014249574 
118 214 7 12 0.014243989 
66 203 8 14 0.014238405 
171 345 6 10 0.014213844 
33 113 7 14 0.014209695 
658 406 8 15 0.014203753 
159 396 5 11 0.01419729 
719 18 12 26 0.014190279 
-11 -113 163 252 0.014181357 
323 172 13 26 0.014145742 
592 275 8 20 0.014141912 
388 280 9 15 0.014112892 
768 680 13 31 0.01409581 
1018 557 7 24 0.01405331 
866 627 4 10 0.014031194 
901 365 8 17 0.014029928 
515 276 7 16 0.014008922 
448 310 14 31 0.01400256 
976 480 8 23 0.014001737 
1018 493 7 23 0.013980719 
1018 480 7 23 0.01397982 
321 383 12 10 0.013972595 
643 254 9 14 0.013971769 
144 176 8 17 0.013970311 
491 480 7 17 0.01396733 
1017 415 8 26 0.013961538 
567 368 9 14 0.013956642 
734 470 10 13 0.01394102 
233 435 10 13 0.013922069 
694 223 8 19 0.013912535 
640 405 11 17 0.013911018 
432 284 15 30 0.013900484 
219 395 10 14 0.013898646 
644 73 10 18 0.013898111 
466 469 6 15 0.013884101 
406 320 20 30 0.013876059 
1013 641 9 14 0.01387279 
133 345 5 11 0.013868499 
397 361 14 19 0.013867209 
503 251 7 18 0.013856713 
1001 655 9 21 0.0138154505 
489 316 8 15 0.01381245 
732 26 12 26 0.01381219 
154 225 11 17 0.013794444 
440 603 5 9 0.013785352 
718 454 12 19 0.013772192 
924 483 10 16 0.01376514 
419 272 16 26 0.013762138 
863 220 5 10 0.013744467 
152 508 16 15 0.01374174 
559 137 41 62 0.0137332305 
210 85 6 20 0.013717507 
424 362 12 19 0.013712455 
34 101 5 11 0.013694887 
235 312 11 20 0.013689704 
644 62 9 15 0.013682449 
913 340 8 17 0.013679348 
656 290 12 14 0.013677528 
678 268 12 15 0.01367523 
1017 390 8 25 0.013673508 
563 168 15 26 0.013672941 
1003 615 5 15 0.013653181 
438 378 10 17 0.013639363 
249 212 7 16 0.01363876 
363 553 6 9 0.013614649 
320 154 15 30 0.013592227 
375 534 9 14 0.0135800615 
478 441 8 17 0.013579275 
798 368 12 18 0.013570784 
1003 222 35 75 0.013567266 
408 132 14 27 0.013565059 
442 432 5 16 0.013554738 
273 362 9 11 0.0135516785 
791 299 17 22 0.013551074 
659 577 6 8 0.013549193 
359 132 12 25 0.0135312695 
534 97 34 67 0.013498554 
871 286 13 19 0.013495877 
730 372 14 27 0.013488895 
466 33 8 16 0.0134614855 
630 291 9 15 0.013450447 
892 447 4 16 0.01344925 
929 663 5 18 0.013447402 
307 206 17 27 0.01344182 
740 -2 16 13 0.013436621 
286 384 8 7 0.013429062 
502 375 8 9 0.013427744 
204 668 362 304 0.0134207085 
692 357 8 12 0.0134186 
504 396 7 9 0.01340702 
32 178 6 13 0.013405986 
387 302 47 70 0.013387591 
973 487 11 32 0.013377523 
861 188 6 15 0.013375547 
513 218 12 28 0.013366072 
974 37 11 25 0.013346023 
272 287 10 21 0.013345532 
474 290 11 27 0.013345012 
342 592 4 8 0.013343779 
845 378 12 19 0.013341125 
681 254 8 13 0.013315152 
145 396 6 11 0.013312203 
169 207 9 20 0.01328911 
210 462 47 64 0.013288054 
692 421 11 12 0.013270702 
133 332 5 11 0.013262963 
936 592 8 11 0.013262283 
498 216 13 26 0.013261367 
707 201 8 18 0.013241352 
13 -38 12 26 0.013235521 
770 98 88 101 0.013221404 
984 674 44 85 0.013217442 
429 335 21 33 0.013211945 
515 22 7 12 0.013197518 
199 258 5 11 0.01318751 
464 379 11 12 0.013185108 
722 46 7 17 0.013182695 
796 273 89 95 0.013170642 
44 22 7 14 0.013170152 
914 649 5 17 0.013170065 
726 517 4 8 0.0131552005 
620 341 7 17 0.013152354 
643 690 7 15 0.013150547 
641 291 10 14 0.013146995 
3 98 7 22 0.013139869 
501 276 8 18 0.013137495 
310 422 6 13 0.013135196 
949 9 7 18 0.013133058 
43 7 9 18 0.013124039 
710 254 10 15 0.013122637 
658 440 8 20 0.01312179 
668 698 10 19 0.0131144505 
489 508 8 15 0.01311416 
261 113 6 14 0.013103265 
49 6 12 20 0.013096856 
972 554 10 27 0.013089806 
239 366 18 19 0.013077074 
871 20 10 12 0.01307396 
902 72 6 15 0.013072039 
915 72 5 15 0.013070823 
769 184 15 20 0.013062532 
901 309 11 21 0.013051588 
887 392 8 17 0.013049918 
967 201 33 55 0.013046885 
691 381 9 13 0.013041255 
796 309 34 60 0.013025387 
146 488 7 9 0.013024118 
133 319 4 11 0.013022353 
530 465 5 10 0.013011191 
888 547 6 14 0.012980988 
1000 53 9 21 0.01298072 
755 188 44 53 0.012977983 
663 427 11 17 0.012973597 
488 373 9 10 0.012971651 
398 390 11 18 0.012964844 
770 203 14 15 0.012961727 
591 225 10 20 0.01294576 
197 319 5 11 0.012942836 
240 321 16 24 0.012933744 
678 598 16 12 0.012902873 
926 623 7 14 0.012888705 
125 498 17 13 0.012880094 
779 313 15 23 0.012880047 
394 130 17 32 0.012876652 
990 204 35 70 0.012870738 
791 286 15 20 0.012865855 
760 514 11 7 0.012849665 
592 356 8 14 0.012845886 
501 120 10 25 0.012845548 
237 243 5 11 0.012824292 
443 588 5 11 0.012819297 
375 59 7 19 0.012807123 
398 313 12 24 0.012796037 
473 313 9 18 0.012775284 
727 457 17 15 0.012740875 
517 407 7 12 0.012736036 
911 204 27 49 0.012735814 
22 -49 14 26 0.012723103 
1012 16 15 28 0.012714853 
916 637 5 13 0.012714014 
637 414 13 24 0.012704657 
67 40 9 13 0.012695593 
485 42 96 124 0.01268564 
876 642 4 11 0.012677579 
690 367 9 13 0.012675108 
593 195 52 61 0.012661164 
743 554 15 8 0.012657135 
823 116 83 106 0.012654347 
653 224 95 95 0.012652976 
491 25 7 11 0.012643437 
45 51 8 13 0.012638978 
4 150 6 21 0.012636457 
681 397 8 11 0.012621704 
948 421 11 37 0.012603758 
305 270 15 23 0.0125971725 
491 -185 276 110 0.012570003 
384 242 44 54 0.012567327 
518 419 5 11 0.012560584 
579 292 8 15 0.012553541 
505 181 78 114 0.0125516215 
973 333 11 31 0.0125474315 
668 617 10 8 0.0125467405 
550 355 11 18 0.012542913 
721 190 8 14 0.012537009 
68 216 7 15 0.012535162 
887 38 7 9 0.012494399 
272 704 9 11 0.012462423 
921 495 13 18 0.0124623645 
549 339 13 23 0.012453353 
835 386 9 22 0.012431311 
644 679 6 14 0.012430814 
221 447 8 12 0.012424845 
757 528 15 7 0.012411271 
275 33 6 18 0.01240377 
310 665 9 9 0.012400196 
557 39 6 11 0.012398304 
43 150 7 14 0.012391613 
628 71 12 19 0.012388417 
898 520 10 18 0.012382269 
999 36 12 27 0.012372546 
172 59 7 16 0.012371607 
321 369 11 10 0.012364432 
541 183 26 66 0.012363832 
426 35 7 15 0.012340337 
4 83 6 21 0.012327517 
631 334 6 13 0.012308222 
133 40 11 24 0.012304843 
352 563 5 10 0.012303192 
161 516 20 22 0.012296559 
31 58 7 17 0.012287041 
574 89 19 31 0.012286312 
418 315 41 60 0.0122845005 
730 327 14 20 0.0122841885 
616 441 10 16 0.012269294 
990 598 6 18 0.012266589 
486 119 13 27 0.01225227 
887 215 35 54 0.012251463 
375 90 7 11 0.012242451 
144 370 6 10 0.012237746 
989 264 33 83 0.012235418 
707 399 9 13 0.01223274 
283 689 11 11 0.012224745 
935 439 10 27 0.012214173 
933 452 10 24 0.012208507 
1017 569 8 26 0.01218652 
679 136 10 19 0.01217879 
409 390 13 19 0.012160332 
781 681 12 30 0.012157761 
989 630 6 10 0.012143314 
781 292 177 202 0.012140294 
853 299 16 21 0.012139438 
421 7 10 15 0.012138991 
930 647 4 17 0.0121361315 
519 320 6 11 0.012135851 
504 497 6 15 0.012124258 
208 509 10 17 0.012121118 
310 134 10 20 0.012119907 
56 599 9 10 0.012115832 
369 295 32 69 0.012105085 
662 120 15 25 0.012086816 
462 248 29 66 0.012085823 
672 176 77 90 0.0120851295 
136 10 27 47 0.012081555 
730 4 15 18 0.012081191 
716 394 12 24 0.012072322 
787 396 9 14 0.012071394 
2 69 7 24 0.012066967 
900 355 9 16 0.01205931 
341 552 4 8 0.012056619 
443 576 5 12 0.012055267 
396 114 15 30 0.012047103 
77 3 89 119 0.0120252855 
977 582 7 21 0.012024277 
682 100 7 14 0.012011011 
671 523 6 15 0.012006377 
899 510 9 15 0.011998542 
149 419 4 16 0.011989681 
257 379 11 12 0.011974845 
799 352 11 20 0.011947064 
619 354 7 16 0.01194676 
876 190 6 14 0.011941167 
281 130 32 76 0.011938567 
503 264 7 18 0.01193715 
863 338 26 29 0.011928997 
236 51 29 70 0.011921935 
934 494 10 19 0.011909724 
120 331 6 13 0.01188772 
400 420 8 16 0.011880837 
209 308 5 11 0.011879281 
306 287 13 23 0.011877076 
922 604 9 9 0.011873719 
540 341 10 19 0.011867063 
755 488 11 9 0.0118468 
652 208 13 26 0.011843541 
133 24 12 24 0.011841972 
227 630 3 8 0.011836518 
145 -10 7 11 0.011818221 
467 47 6 15 0.011813415 
611 647 337 333 0.011807595 
693 399 9 12 0.011788759 
643 47 10 14 0.011784111 
236 228 6 12 0.01178406 
472 205 31 68 0.011773886 
915 87 6 17 0.011752389 
849 217 6 11 0.0117409695 
634 522 7 14 0.011737928 
306 154 15 32 0.011719412 
899 324 10 18 0.011690993 
490 400 6 8 0.011681091 
820 390 10 16 0.01167579 
853 329 20 21 0.011660438 
721 470 7 16 0.011654566 
898 341 9 15 0.0116438875 
452 576 6 13 0.01162879 
901 240 37 58 0.011627255 
454 629 5 9 0.011615566 
246 32 8 18 0.011614855 
723 441 24 20 0.011614133 
758 223 30 23 0.011608812 
822 243 6 11 0.011602228 
439 38 7 14 0.011598499 
587 34 39 42 0.011592236 
236 703 7 12 0.011580724 
974 411 9 30 0.011580092 
472 180 34 53 0.011569459 
580 369 8 14 0.01156785 
241 337 15 21 0.011557926 
323 642 8 8 0.011545639 
504 410 6 9 0.011536907 
991 32 32 76 0.011533019 
837 244 36 46 0.0115327425 
782 46 10 15 0.011522446 
593 294 8 15 0.011515073 
888 406 7 19 0.011514009 
518 462 5 11 0.011513 
407 360 15 19 0.011499126 
633 550 6 13 0.011496774 
321 29 10 26 0.011489715 
514 37 8 12 0.011484957 
887 301 11 16 0.01148154 
990 618 6 12 0.011467807 
515 612 8 10 0.011464413 
324 655 7 8 0.011459455 
608 405 8 14 0.0114446515 
948 397 11 36 0.011437 
844 299 14 19 0.011401262 
523 339 14 20 0.01140067 
464 297 11 27 0.011399037 
325 421 8 12 0.011355508 
605 355 7 15 0.011350103 
922 111 28 54 0.011349964 
879 526 5 10 0.011342379 
589 34 102 110 0.011339524 
196 517 11 21 0.011339365 
466 600 5 11 0.011337087 
710 241 9 17 0.011332277 
631 680 6 14 0.011331306 
703 271 20 27 0.011329068 
883 377 10 18 0.01131832 
408 293 16 31 0.011315792 
254 322 15 23 0.01131152 
426 392 9 16 0.01130942 
880 326 16 22 0.011308113 
311 55 8 23 0.011298818 
964 586 7 18 0.011298648 
4 -173 120 90 0.011297733 
79 183 9 17 0.0112922 
960 549 14 30 0.011289681 
529 471 7 12 0.011284791 
312 654 7 8 0.011283743 
57 218 6 12 0.01126993 
619 373 7 14 0.0112648625 
873 612 8 13 0.011248687 
965 5 35 72 0.0112339845 
323 70 9 21 0.011217772 
804 404 11 16 0.011205424 
672 291 18 20 0.011200807 
463 257 13 35 0.011194941 
915 628 5 11 0.011189072 
469 154 31 45 0.011179106 
796 45 11 16 0.011150527 
937 603 7 8 0.011146837 
952 320 28 75 0.0111461375 
97 385 5 10 0.01112842 
24 -35 12 23 0.011128187 
283 361 12 9 0.011102107 
694 267 10 16 0.011100453 
374 71 7 17 0.01109746 
498 52 31 64 0.011088756 
210 100 6 17 0.011087856 
158 370 6 11 0.011086486 
131 501 47 44 0.011082603 
43 57 11 18 0.011081526 
616 294 9 15 0.01107684 
946 214 34 72 0.011048513 
686 569 6 6 0.011046262 
670 508 6 20 0.011045013 
554 400 7 10 0.011038155 
431 306 17 33 0.01102571 
911 482 10 17 0.0110207405 
334 382 10 12 0.011014661 
929 42 5 9 0.010995288 
410 7 12 14 0.010986668 
606 294 8 16 0.010985285 
158 384 6 12 0.010979453 
452 177 33 55 0.010976327 
363 356 6 18 0.010975922 
107 355 7 12 0.010971854 
321 392 12 12 0.010970674 
402 617 6 8 0.010966217 
778 335 17 24 0.0109555 
311 446 7 13 0.010947386 
311 437 5 12 0.010939087 
896 531 12 20 0.010937323 
729 -3 15 14 0.010935641 
949 464 10 27 0.010930661 
752 -1 14 12 0.010927393 
419 291 20 35 0.010923615 
866 577 5 8 0.010916956 
715 336 12 19 0.010915927 
888 500 6 10 0.010909916 
216 466 14 22 0.010903196 
123 318 6 12 0.010898173 
273 677 8 9 0.01087658 
578 306 9 15 0.010859691 
6 174 6 20 0.010852528 
694 577 10 6 0.010841292 
533 430 6 14 0.010837653 
551 380 10 13 0.010835117 
771 514 14 8 0.0108282855 
502 421 6 11 0.010825278 
169 24 8 14 0.010817969 
311 641 8 8 0.010802254 
380 270 34 71 0.010800287 
787 13 40 64 0.010792882 
608 445 6 11 0.010788017 
43 35 42 58 0.010748392 
362 55 42 65 0.010738839 
11 275 20 21 0.010733672 
513 603 10 11 0.010724427 
1001 641 7 11 0.010715199 
706 186 9 18 0.010713647 
679 695 14 23 0.010701813 
399 405 9 16 0.010678871 
665 409 9 13 0.01064833 
541 168 92 116 0.010635875 
973 247 33 77 0.010635437 
923 66 23 57 0.01063424 
374 52 7 15 0.010629474 
102 546 10 14 0.010621684 
506 457 5 15 0.010618593 
766 309 49 63 0.010611116 
861 204 6 12 0.0106077725 
11 -166 18 19 0.010607413 
42 -3 10 15 0.010605476 
916 676 5 19 0.010596983 
3 -18 8 19 0.010588748 
746 41 9 21 0.010577103 
777 8 21 17 0.010573906 
312 43 7 20 0.010557052 
673 302 17 20 0.010551625 
878 541 5 9 0.010551529 
990 650 6 12 0.01054404 
1003 279 35 83 0.010530855 
372 130 14 28 0.010528013 
899 498 8 14 0.010521706 
281 297 12 23 0.01052054 
6 213 7 17 0.010518543 
315 17 29 79 0.0105179055 
695 306 10 12 0.010506943 
695 241 7 15 0.010499203 
682 112 7 14 0.010492309 
355 192 159 221 0.0104870275 
951 590 7 13 0.010485652 
643 337 7 10 0.010479198 
505 525 5 11 0.010463298 
293 359 17 13 0.010458343 
386 264 12 15 0.010457582 
976 426 7 28 0.010449888 
724 503 4 9 0.01044693 
777 300 18 22 0.010435874 
704 410 12 14 0.01043072 
464 590 6 11 0.010422755 
390 71 9 16 0.01042 
972 287 33 84 0.010413693 
518 539 5 11 0.010412927 
129 509 18 13 0.010395651 
502 560 7 13 0.010393394 
865 612 7 13 0.010393021 
286 398 6 8 0.010392846 
734 295 55 66 0.0103878835 
468 43 36 68 0.010382729 
334 274 10 15 0.010379416 
563 329 11 18 0.0103782015 
332 174 15 24 0.010371072 
228 364 19 22 0.010366494 
856 375 16 21 0.010365887 
707 263 14 20 0.010357901 
1017 628 6 13 0.010350978 
435 360 15 23 0.010342306 
935 483 9 17 0.010338705 
579 615 8 10 0.010325857 
385 80 36 50 0.010296277 
693 412 10 10 0.010292439 
665 172 13 21 0.0102892965 
680 160 10 19 0.010287529 
297 411 7 11 0.010282966 
488 495 9 19 0.010268965 
647 551 5 10 0.010258696 
425 612 7 10 0.010257666 
412 433 9 17 0.010254436 
992 688 19 43 0.010245952 
195 26 6 13 0.0102403145 
17 177 5 16 0.010238096 
306 381 13 9 0.01023555 
658 605 7 7 0.010231581 
1018 99 7 19 0.010219708 
336 642 7 7 0.010212914 
418 318 20 32 0.010206279 
551 602 10 9 0.010202696 
853 313 19 21 0.010194899 
95 183 11 19 0.010185822 
390 435 7 13 0.010181737 
443 419 5 16 0.010172922 
249 675 11 13 0.010172461 
14 187 8 21 0.010169562 
616 331 9 17 0.010165838 
330 239 46 73 0.010158375 
974 568 9 25 0.010139199 
305 329 20 22 0.010133147 
428 576 5 10 0.010127739 
281 259 37 67 0.010114817 
56 229 6 13 0.010111517 
489 441 8 17 0.010109265 
670 569 6 6 0.010109199 
701 683 20 29 0.010108373 
451 379 10 13 0.010103031 
577 314 11 17 0.010102673 
681 125 8 16 0.010091931 
333 250 13 21 0.010088902 
515 11 7 12 0.010088887 
961 422 10 35 0.010088619 
504 484 6 14 0.010087148 
750 336 18 24 0.010084897 
435 175 31 55 0.0100748865 
284 702 11 12 0.010061331 
476 494 12 19 0.010059061 
977 468 7 21 0.010058596 
593 87 25 32 0.010055414 
926 636 6 15 0.010055126 
405 86 30 52 0.01005495 
603 617 15 10 0.010054105 
717 379 11 22 0.010045585 
709 32 7 18 0.010040082 
172 71 7 17 0.010037745 
331 155 16 31 0.010031777 
197 485 7 11 0.010024524 
671 55 6 10 0.0100099975 
