18_Concerts_Concerts_18_1038
2142
90 669 114 141 0.9997886 
272 160 104 113 0.99976367 
283 622 114 161 0.9991602 
454 153 87 112 0.9990559 
628 126 89 118 0.99901307 
464 599 108 133 0.9989427 
526 86 94 91 0.99563146 
624 551 107 122 0.9955058 
766 605 14 33 0.17717643 
642 284 145 199 0.14485388 
574 65 91 90 0.13213098 
319 846 88 109 0.10534812 
627 69 89 84 0.09589791 
450 565 97 100 0.09112966 
417 720 16 36 0.076466 
352 578 18 38 0.07459642 
950 748 8 28 0.061990514 
961 790 7 21 0.059046313 
361 412 13 24 0.05782135 
562 120 87 94 0.056546267 
951 725 5 21 0.054600548 
232 515 10 34 0.053196125 
257 85 8 25 0.052792273 
550 19 87 86 0.05187093 
949 790 8 22 0.05162149 
950 740 6 21 0.051239956 
470 96 101 91 0.05086978 
438 561 41 98 0.050805416 
372 784 97 147 0.05038892 
534 563 89 124 0.04956561 
594 534 8 22 0.049189467 
808 305 11 15 0.048811607 
638 754 159 196 0.048412487 
312 564 89 120 0.047015104 
962 803 6 17 0.04522854 
374 518 9 26 0.04332395 
941 726 6 18 0.04326402 
449 302 138 217 0.04289966 
218 513 12 39 0.042880427 
546 793 96 119 0.04262102 
941 740 5 17 0.04196071 
295 835 136 238 0.04152977 
325 119 80 105 0.041416775 
688 541 13 34 0.041401863 
595 522 7 23 0.041308142 
221 382 6 20 0.04120012 
361 519 9 23 0.04099803 
128 232 9 43 0.040987425 
959 749 8 26 0.03961465 
672 313 6 11 0.03947358 
939 780 6 17 0.0394033 
386 519 9 26 0.039111573 
225 576 18 33 0.0391076 
963 714 6 19 0.039051626 
950 777 7 21 0.03880465 
554 679 11 30 0.038389225 
251 752 16 40 0.038385533 
288 355 8 15 0.03829552 
962 779 6 20 0.038105913 
784 696 8 26 0.038001105 
348 678 70 116 0.03785101 
797 709 9 27 0.037698038 
718 764 8 18 0.03765021 
602 521 10 25 0.037591495 
293 356 9 16 0.03737429 
231 644 10 30 0.037267093 
250 315 152 176 0.03712843 
362 507 8 23 0.03694719 
782 719 10 36 0.03679717 
795 746 11 36 0.036743604 
290 350 5 12 0.036609758 
832 939 12 34 0.036578704 
247 751 11 25 0.036369413 
286 601 69 100 0.034986023 
746 840 13 22 0.034748938 
192 892 9 18 0.034638245 
179 308 13 37 0.034627337 
384 605 76 119 0.034423187 
594 510 7 23 0.03437248 
529 521 7 22 0.03437 
679 524 10 19 0.03425913 
963 727 6 18 0.03415992 
189 305 14 40 0.03414931 
468 429 101 130 0.03377735 
284 85 11 22 0.033725083 
474 390 11 19 0.033692457 
260 136 7 23 0.0333013 
369 725 70 105 0.03305987 
963 741 6 19 0.032992434 
614 352 8 24 0.032990407 
412 517 9 29 0.03293526 
939 791 8 20 0.032933332 
256 263 11 25 0.03291071 
583 549 6 17 0.03279055 
631 289 7 24 0.032701194 
776 617 12 30 0.032602303 
234 380 7 21 0.03240986 
426 518 8 28 0.03209564 
222 368 7 22 0.032064185 
238 56 15 29 0.031856637 
85 445 17 41 0.03183448 
541 521 7 22 0.031735074 
806 747 11 34 0.031635772 
248 81 8 28 0.031496152 
294 348 8 15 0.031482246 
540 508 8 23 0.031477436 
963 674 6 22 0.03144046 
648 329 7 16 0.03136187 
605 340 9 27 0.031337153 
769 720 10 35 0.03114127 
632 304 7 19 0.030629601 
207 827 8 24 0.03058394 
782 743 11 39 0.030557582 
940 714 6 19 0.030413868 
862 935 6 19 0.030396258 
693 556 88 112 0.030286737 
140 614 88 122 0.030264927 
665 88 87 117 0.030168455 
605 509 7 23 0.030141598 
206 515 11 37 0.030118518 
964 689 6 20 0.030091027 
347 519 10 24 0.030004166 
884 518 10 29 0.029656045 
617 330 7 21 0.029549893 
756 719 10 37 0.029547218 
648 521 15 25 0.029540382 
600 541 12 28 0.029535161 
741 715 183 247 0.029450882 
458 509 102 100 0.02937544 
619 289 7 23 0.029299045 
244 518 9 29 0.02929586 
148 316 5 22 0.029183183 
487 875 10 27 0.029032499 
452 109 23 45 0.02898658 
464 827 8 19 0.028981 
489 906 7 19 0.028953271 
602 313 9 28 0.02884629 
261 123 6 23 0.028845027 
742 705 11 36 0.028829955 
416 742 19 36 0.028823769 
819 770 13 40 0.028790986 
340 965 19 30 0.02874237 
603 327 10 27 0.028742136 
863 946 7 20 0.028732749 
515 207 73 96 0.028706482 
184 441 26 36 0.028704979 
487 402 12 23 0.028603058 
845 121 8 26 0.028546605 
768 682 10 29 0.02852561 
203 310 12 34 0.028484395 
678 532 13 23 0.028454946 
444 665 17 29 0.028358623 
810 483 7 19 0.028322883 
808 718 11 32 0.02822279 
474 760 11 26 0.028215889 
979 793 5 15 0.028129669 
555 520 7 22 0.028124183 
321 521 11 23 0.028097779 
333 520 11 24 0.028045664 
400 532 8 22 0.028040374 
964 703 6 19 0.02801918 
54 811 12 29 0.027932627 
608 822 94 115 0.027927164 
192 823 10 28 0.027865225 
475 838 11 24 0.027835984 
522 806 172 200 0.027834553 
500 879 9 21 0.027756993 
142 246 9 33 0.027739026 
310 508 8 21 0.027412381 
475 874 11 30 0.027389625 
232 493 9 27 0.027265381 
619 317 7 19 0.027239155 
486 792 8 19 0.02722445 
772 592 7 13 0.027194848 
798 485 6 16 0.027150964 
464 496 7 23 0.027086528 
464 839 10 25 0.026830656 
360 489 10 27 0.026698042 
832 117 11 35 0.02667532 
183 249 7 28 0.026674177 
249 134 6 27 0.026671007 
484 760 11 27 0.026668135 
672 318 8 13 0.026663765 
567 509 6 22 0.026516583 
453 496 7 24 0.026509266 
249 166 6 18 0.02649673 
274 820 23 42 0.026472263 
821 675 10 20 0.026467636 
244 647 9 25 0.026417842 
527 533 8 21 0.026413357 
553 494 8 25 0.026306488 
231 547 10 23 0.026289394 
399 362 9 26 0.026246727 
600 299 10 29 0.026232325 
440 511 6 23 0.02621473 
940 765 6 18 0.02620167 
221 543 9 26 0.026190883 
859 915 8 25 0.026173735 
487 336 34 68 0.02617213 
271 84 9 24 0.026157865 
280 419 18 26 0.026097376 
269 570 10 21 0.02603901 
779 66 13 39 0.02597994 
591 297 11 32 0.025974464 
735 927 226 134 0.025952829 
218 301 9 24 0.02594607 
478 793 8 17 0.02585765 
217 313 10 26 0.025800835 
207 542 9 30 0.025786653 
582 538 6 18 0.025740761 
620 302 7 22 0.025733694 
122 386 15 33 0.025728822 
996 784 14 30 0.025716817 
580 559 8 20 0.02563132 
219 494 11 30 0.025603073 
822 513 8 20 0.025593575 
233 367 7 20 0.02554968 
980 806 5 14 0.025532892 
262 111 6 21 0.025516508 
847 945 8 24 0.02551375 
348 508 8 22 0.025509652 
145 289 7 27 0.02548093 
650 364 44 84 0.02547471 
835 666 8 17 0.025444329 
101 554 12 28 0.025390917 
807 771 11 36 0.025387818 
963 661 7 24 0.02535183 
848 913 8 29 0.025314715 
833 674 9 21 0.025226545 
128 301 8 26 0.025163958 
335 358 6 13 0.025154347 
221 814 7 22 0.025131028 
190 901 11 21 0.025093138 
412 713 15 31 0.0250842 
864 109 7 25 0.024995662 
538 243 13 33 0.024983251 
515 518 8 25 0.02497822 
648 325 6 12 0.0249524 
199 441 20 32 0.024929961 
618 508 8 22 0.024915367 
630 762 9 25 0.02487518 
527 504 9 25 0.02486679 
294 566 16 29 0.024861388 
365 408 14 20 0.024820335 
157 249 7 28 0.024750171 
860 899 9 32 0.024734437 
344 534 13 23 0.024729287 
432 750 14 27 0.024718253 
337 347 5 14 0.02470364 
477 828 9 19 0.024666857 
580 510 7 21 0.024660697 
477 906 7 19 0.024659343 
319 535 14 19 0.024638515 
474 851 11 27 0.024637368 
964 817 6 15 0.024614979 
942 753 6 17 0.024595581 
53 894 8 20 0.024576211 
988 789 9 21 0.024546225 
860 485 11 21 0.024537064 
872 517 11 31 0.024532357 
968 846 4 13 0.024511933 
756 668 12 34 0.02442779 
928 742 5 15 0.024427239 
606 495 7 22 0.024376525 
226 927 19 27 0.024357587 
321 508 9 22 0.024348836 
271 134 10 27 0.024295775 
235 314 8 23 0.024255032 
130 290 7 25 0.024236187 
172 315 8 24 0.024224449 
52 878 8 22 0.024203451 
927 768 6 14 0.024201494 
616 902 15 25 0.024174856 
128 268 10 32 0.024170244 
869 486 10 20 0.02410236 
653 107 47 53 0.024097763 
559 171 90 102 0.02408969 
453 511 6 21 0.024067376 
568 521 6 21 0.024044694 
640 274 9 28 0.024017034 
823 497 7 20 0.023975946 
927 783 6 13 0.023974271 
716 112 162 218 0.023963174 
848 933 7 23 0.023954313 
786 487 6 16 0.023934495 
426 383 7 16 0.023881767 
234 676 7 18 0.023880102 
220 675 7 19 0.02386848 
197 251 7 23 0.023846319 
632 319 6 16 0.023828793 
488 836 12 22 0.02379098 
979 782 6 14 0.02378758 
206 69 10 24 0.023762336 
273 124 7 22 0.023699427 
327 358 6 13 0.023680806 
451 825 10 23 0.023621026 
171 326 9 27 0.023608264 
246 660 8 23 0.02356981 
208 814 8 24 0.023558829 
846 675 9 20 0.023489604 
120 233 9 38 0.023489498 
613 479 10 27 0.023481064 
51 629 11 32 0.023392664 
217 645 12 31 0.023340821 
272 865 98 118 0.023315193 
289 425 17 26 0.023305258 
310 537 10 17 0.023276798 
643 292 7 20 0.023254745 
822 666 9 16 0.023172967 
770 745 11 33 0.023171736 
505 472 20 42 0.0231608 
334 509 9 22 0.02315562 
958 142 121 291 0.023153858 
685 450 22 32 0.02313184 
618 523 9 20 0.023106145 
730 694 11 34 0.023018634 
222 828 7 21 0.023007665 
65 629 11 33 0.023004116 
158 317 6 21 0.022997418 
220 623 9 21 0.02295877 
502 891 8 20 0.022953877 
519 570 15 23 0.022890473 
963 649 7 22 0.022882968 
231 698 8 22 0.022863746 
301 556 25 34 0.022861304 
811 497 7 18 0.022860024 
267 408 12 20 0.022851327 
119 275 9 25 0.02280403 
482 104 19 39 0.022771556 
797 496 6 18 0.022770338 
356 479 12 27 0.022720091 
618 277 8 24 0.022711314 
516 535 9 19 0.022656899 
388 364 7 23 0.022643743 
157 330 6 21 0.02262765 
607 482 7 20 0.022536164 
165 647 13 29 0.022525689 
821 569 10 27 0.022496792 
503 906 7 18 0.022452962 
219 799 10 25 0.022449024 
832 543 12 32 0.022444056 
184 883 10 17 0.02243469 
333 534 13 21 0.022385783 
967 835 5 12 0.022377187 
343 548 14 20 0.02236182 
836 450 28 34 0.022332733 
196 541 9 32 0.022332713 
369 492 12 30 0.022313204 
51 865 8 21 0.022274759 
811 686 8 21 0.022272652 
614 546 12 26 0.022260556 
711 766 8 17 0.022226984 
949 476 132 284 0.022207255 
63 615 12 30 0.02219248 
897 522 10 23 0.022172436 
11 595 18 27 0.022142975 
820 686 10 22 0.022141054 
286 934 7 18 0.02210164 
477 814 9 19 0.022079421 
631 356 7 18 0.022070024 
260 148 8 23 0.02206504 
768 641 11 28 0.022054408 
248 420 7 17 0.022022666 
76 631 13 31 0.022006417 
184 912 96 126 0.022004435 
310 492 9 24 0.02200294 
795 648 11 21 0.02198436 
822 938 12 33 0.021938892 
209 625 9 17 0.021938032 
247 801 9 23 0.021933286 
91 383 11 20 0.021913622 
996 759 14 30 0.021905124 
665 840 52 103 0.021895459 
615 369 8 20 0.021890128 
796 687 8 20 0.021872135 
230 563 11 16 0.021822572 
710 345 55 95 0.021784272 
569 536 6 17 0.02175862 
629 844 10 19 0.021753168 
221 611 8 20 0.021740813 
806 608 9 25 0.021711437 
810 676 9 20 0.021683902 
822 651 8 19 0.021667803 
56 908 6 17 0.021665642 
204 744 11 33 0.021630397 
345 397 13 18 0.021610714 
144 274 8 27 0.021610552 
832 140 10 38 0.02158406 
590 553 12 29 0.021569297 
581 522 6 21 0.02154054 
755 691 12 34 0.021518907 
593 456 163 189 0.021512639 
221 738 9 22 0.021508297 
530 852 8 24 0.021504555 
-3 283 59 120 0.021495255 
655 80 26 35 0.021424504 
799 471 7 16 0.021380384 
316 547 21 26 0.02137943 
235 393 7 19 0.021351952 
901 740 7 21 0.021349493 
872 110 7 24 0.021346135 
414 364 7 23 0.021292081 
298 509 7 20 0.021282358 
461 553 53 69 0.021276673 
500 470 14 27 0.021235222 
835 652 8 19 0.021233337 
470 550 17 20 0.021207077 
832 564 13 32 0.021192214 
52 615 11 29 0.021188695 
692 524 9 18 0.021091761 
988 801 9 22 0.021081654 
875 122 6 21 0.021067856 
612 466 11 25 0.021062043 
835 916 9 28 0.0210617 
734 739 8 24 0.02106065 
630 788 9 23 0.021048846 
206 851 10 27 0.021046188 
809 583 8 21 0.02104557 
629 747 10 28 0.02102786 
222 409 6 14 0.02102649 
802 394 14 23 0.021015646 
383 638 10 22 0.020994773 
512 498 11 30 0.020977564 
48 823 168 214 0.020977236 
172 250 6 26 0.02096928 
221 699 8 20 0.02094181 
310 522 10 20 0.020941481 
988 777 9 21 0.020937417 
386 625 8 21 0.020936135 
235 191 6 17 0.020926742 
529 789 7 22 0.0209176 
245 635 9 25 0.020912042 
76 443 17 42 0.020876696 
516 854 8 21 0.020859731 
53 609 9 19 0.02085078 
157 289 7 24 0.02085004 
821 541 11 34 0.020843975 
980 244 5 16 0.020835854 
61 796 13 33 0.020817269 
807 596 10 23 0.020816982 
875 691 7 17 0.020795913 
360 534 11 21 0.02079441 
158 276 7 24 0.02078559 
155 628 9 16 0.020784497 
412 125 8 19 0.020784246 
145 98 7 21 0.020782756 
869 899 11 30 0.02077368 
427 369 6 17 0.020755334 
562 678 13 41 0.020750407 
745 734 10 30 0.020736692 
615 492 8 26 0.02073024 
272 98 7 18 0.020727865 
230 740 10 23 0.020712195 
423 773 87 143 0.020661775 
39 852 10 22 0.020634273 
457 555 20 26 0.02063304 
651 327 11 19 0.020623965 
285 919 8 21 0.020618904 
779 599 9 22 0.020614471 
523 564 11 17 0.020613052 
809 325 9 20 0.020612264 
297 493 8 24 0.020597672 
192 516 12 35 0.020584721 
222 689 7 18 0.020584418 
979 743 6 15 0.020548884 
186 893 8 16 0.020542433 
247 815 9 21 0.020535113 
809 703 8 22 0.02052412 
898 495 8 24 0.020511616 
156 304 7 22 0.020490369 
399 434 12 18 0.020479895 
79 675 50 103 0.020470459 
234 202 8 19 0.020412244 
555 534 7 20 0.020395504 
259 72 9 24 0.020379841 
394 440 18 27 0.020368332 
593 497 7 21 0.020355366 
752 655 12 32 0.020317761 
863 122 7 23 0.020315817 
980 768 5 15 0.02030565 
670 524 10 18 0.02030432 
677 164 75 113 0.020281628 
272 600 9 22 0.020275377 
692 316 12 24 0.020192694 
245 316 8 23 0.020181706 
12 880 15 25 0.020171937 
497 101 21 39 0.020163454 
251 94 6 22 0.02016105 
221 840 8 23 0.02014867 
233 690 7 17 0.020143015 
681 312 7 14 0.02013676 
174 654 15 32 0.020124048 
929 730 5 14 0.020110663 
979 755 6 15 0.020106047 
606 365 10 27 0.020101827 
283 564 10 18 0.020097502 
526 348 53 94 0.020095112 
444 585 18 52 0.020085562 
432 735 12 27 0.020063065 
243 764 15 38 0.020054651 
248 743 8 18 0.020054096 
632 331 7 17 0.019987065 
218 327 9 23 0.019986426 
630 343 8 19 0.01995442 
222 353 8 22 0.019952005 
888 551 73 129 0.019940764 
796 772 11 30 0.019929953 
538 493 10 24 0.019926697 
210 269 6 14 0.019897457 
796 675 9 21 0.0198547 
215 442 11 25 0.019824458 
272 113 7 18 0.019821504 
988 762 9 23 0.0197849 
705 546 9 23 0.019782914 
348 491 9 23 0.019771302 
490 492 8 24 0.019757386 
320 489 10 28 0.019743148 
806 635 10 24 0.019732317 
232 622 9 23 0.019658439 
821 701 8 20 0.019631423 
400 376 8 24 0.019624446 
911 523 10 22 0.019620966 
232 712 9 21 0.019579744 
979 716 5 16 0.019565184 
518 866 8 20 0.01953574 
466 820 7 15 0.019530417 
426 354 7 20 0.019518308 
246 299 9 26 0.019518107 
847 111 8 23 0.019500006 
193 884 9 17 0.019487528 
331 548 17 23 0.019484945 
360 151 8 15 0.019473856 
486 351 17 38 0.019468453 
377 303 10 23 0.019467486 
516 551 9 14 0.019460758 
104 905 12 18 0.019454474 
221 72 7 20 0.019445471 
538 784 11 30 0.019434115 
615 93 15 30 0.01943394 
962 636 8 21 0.019410161 
361 398 10 17 0.019405693 
463 888 10 26 0.019376809 
448 836 12 30 0.01935103 
470 103 22 41 0.019343248 
716 693 12 31 0.019342443 
130 210 8 30 0.01933695 
964 936 9 13 0.01930082 
10 925 19 30 0.019299032 
88 52 41 108 0.019298887 
233 815 8 21 0.019277897 
603 276 8 24 0.019274954 
484 849 13 26 0.019258715 
897 509 9 23 0.019248009 
782 775 11 28 0.019233773 
589 324 12 30 0.019233508 
794 659 11 24 0.019228818 
415 379 7 21 0.019205868 
370 199 17 46 0.01920491 
811 512 7 19 0.019204266 
966 926 7 14 0.01920342 
821 634 10 24 0.019196013 
260 621 10 25 0.019142363 
862 99 7 23 0.019140558 
461 860 12 30 0.01913168 
203 771 12 30 0.01912645 
497 758 12 28 0.019080328 
233 302 8 23 0.019078257 
439 114 9 18 0.01907445 
860 689 9 18 0.019039541 
191 331 13 35 0.019015163 
926 791 7 15 0.0190088 
385 496 9 26 0.019004377 
399 508 9 28 0.019001685 
439 496 7 25 0.019001098 
915 741 5 18 0.018994853 
962 84 9 28 0.01894813 
488 921 8 18 0.018921122 
911 509 8 23 0.018920945 
759 615 14 34 0.018916465 
531 839 8 21 0.01890415 
783 674 9 22 0.018898338 
980 229 5 18 0.018898046 
615 889 48 77 0.018885355 
306 548 16 21 0.018881736 
501 517 9 27 0.018851213 
478 495 7 23 0.01884706 
846 95 10 26 0.01883366 
232 921 12 16 0.01880538 
246 381 8 21 0.018780515 
776 787 16 32 0.018775446 
359 425 15 29 0.018767344 
231 607 10 23 0.018735075 
822 484 8 20 0.018726468 
502 501 9 27 0.018725295 
602 968 15 27 0.01872196 
222 216 6 17 0.018712306 
208 689 8 19 0.018700393 
570 564 6 14 0.018692741 
245 826 11 25 0.0186863 
720 842 12 19 0.018626992 
194 852 10 25 0.01860688 
484 550 14 17 0.018598575 
619 548 187 252 0.018594583 
286 946 7 18 0.018571513 
412 434 10 17 0.0185685 
382 871 101 141 0.018567868 
412 350 9 26 0.018557321 
754 640 12 31 0.018539514 
208 366 8 23 0.018538348 
630 803 9 22 0.018519199 
616 533 11 20 0.018517107 
258 418 11 21 0.018503811 
809 662 9 20 0.018494537 
401 550 7 15 0.018488742 
332 950 38 84 0.018459002 
980 217 5 17 0.018457336 
209 255 6 17 0.018447949 
576 567 11 29 0.018434135 
873 947 7 18 0.018424127 
236 97 7 22 0.018409014 
266 648 43 102 0.018404601 
341 884 18 39 0.01838159 
987 918 9 25 0.018360129 
271 582 10 23 0.018346084 
235 179 6 17 0.01834314 
786 494 6 21 0.018335886 
221 852 8 23 0.018335242 
470 412 17 31 0.018327914 
830 782 14 38 0.018281702 
102 530 12 29 0.018278418 
514 565 12 16 0.018267741 
629 855 12 18 0.01826483 
51 720 12 34 0.018260278 
834 512 9 21 0.018238228 
900 485 8 20 0.018238053 
696 311 8 17 0.018230166 
796 637 10 20 0.018225407 
232 800 9 23 0.01822286 
12 583 16 22 0.018209076 
732 719 10 30 0.018209035 
348 476 11 24 0.018154377 
531 241 8 19 0.018151993 
133 187 6 22 0.018148905 
366 580 15 34 0.018146686 
499 864 10 23 0.018145889 
143 367 9 22 0.018143792 
171 277 6 21 0.018142192 
643 339 11 23 0.018141799 
848 688 9 18 0.018135848 
260 906 8 19 0.01812182 
235 329 8 21 0.018106908 
455 811 92 139 0.01810062 
361 146 7 11 0.018089581 
860 678 8 18 0.01806002 
549 476 12 29 0.018034937 
808 471 8 18 0.01801908 
425 393 8 21 0.018010035 
980 255 5 17 0.017996969 
118 299 9 31 0.017994681 
607 468 8 22 0.017977294 
638 255 12 36 0.017970072 
248 179 7 17 0.017967487 
935 522 11 24 0.01795098 
464 904 9 22 0.017930254 
847 664 8 18 0.017925235 
734 754 8 18 0.017921599 
158 97 7 23 0.017904662 
181 836 11 29 0.017901693 
900 717 7 15 0.017892877 
897 535 12 25 0.017888773 
763 604 7 14 0.017876059 
245 784 11 27 0.017870862 
298 522 8 20 0.01787052 
962 547 10 24 0.017865833 
158 83 7 25 0.017854674 
926 756 5 14 0.017835712 
426 123 10 23 0.01779917 
706 521 8 20 0.01779582 
913 729 6 15 0.01779402 
91 882 12 22 0.017780505 
232 727 9 20 0.017768288 
464 509 8 23 0.017747734 
264 257 14 32 0.017741375 
885 714 8 20 0.017732676 
221 591 12 26 0.017715229 
144 338 9 25 0.01771303 
114 585 13 27 0.017684344 
449 568 12 26 0.017671568 
643 380 11 28 0.017668383 
211 378 8 24 0.017665014 
52 271 11 30 0.017664403 
526 550 8 16 0.017658792 
884 691 8 15 0.017654972 
626 729 13 33 0.017638233 
40 862 11 26 0.01763136 
148 330 6 20 0.017631177 
886 497 8 22 0.017629048 
50 784 13 38 0.017623845 
529 802 8 20 0.01762061 
417 47 114 95 0.017619886 
208 675 8 19 0.017600218 
241 909 10 18 0.017594397 
988 906 8 22 0.01758133 
359 551 11 17 0.017578308 
472 434 17 30 0.01756415 
757 747 11 30 0.017560415 
783 646 10 23 0.017551772 
901 727 6 18 0.01755 
209 614 7 17 0.017549798 
899 470 9 20 0.017549304 
686 321 19 41 0.017537847 
723 551 7 16 0.017521767 
768 660 10 25 0.017518764 
339 563 25 38 0.017514413 
743 646 11 26 0.017509311 
923 523 10 22 0.017499758 
625 546 14 26 0.017485581 
298 538 8 17 0.01746534 
197 267 6 18 0.017449513 
873 712 9 22 0.017439405 
858 713 10 23 0.017427176 
221 341 8 21 0.017420238 
980 819 6 14 0.017396504 
500 790 9 20 0.017377146 
640 15 117 96 0.017351776 
793 324 11 24 0.017343666 
782 223 11 28 0.017337287 
678 318 11 19 0.017331578 
92 517 11 31 0.017275112 
500 801 10 21 0.01723633 
638 855 13 20 0.017230064 
390 132 79 111 0.017229594 
907 889 16 32 0.017223071 
400 127 9 16 0.01721985 
275 607 39 83 0.01720844 
143 601 9 17 0.017204398 
88 633 12 28 0.017201431 
476 399 15 29 0.017196506 
578 -11 101 86 0.017194765 
820 716 8 19 0.017182264 
258 315 9 25 0.017163916 
677 614 85 120 0.017159589 
256 281 10 28 0.017148685 
60 823 14 26 0.017140659 
633 371 6 17 0.01713262 
249 111 6 22 0.017127257 
499 773 11 25 0.017120162 
489 519 9 26 0.01711773 
181 853 9 24 0.01711101 
268 608 14 33 0.017087024 
18 898 17 33 0.017066622 
834 687 9 20 0.017059255 
297 550 10 17 0.017040828 
566 498 7 22 0.017038815 
523 489 13 28 0.01703753 
495 405 47 87 0.017030703 
145 616 8 16 0.01702301 
980 729 5 16 0.017019412 
859 516 12 32 0.016998906 
996 731 15 32 0.016947454 
361 284 10 30 0.016944405 
103 508 11 30 0.016937178 
567 573 8 20 0.016929174 
220 864 10 24 0.01692843 
408 452 14 31 0.016905123 
890 143 5 12 0.016901646 
533 425 16 34 0.016891124 
645 307 6 16 0.016869958 
73 348 15 35 0.016866297 
542 825 12 24 0.01686144 
330 956 22 29 0.016827393 
146 85 7 23 0.016826617 
556 627 87 107 0.016812377 
978 703 6 17 0.01678475 
379 205 14 38 0.01678183 
428 533 6 20 0.016757647 
376 366 6 20 0.016741712 
760 518 159 213 0.016735354 
183 821 10 29 0.016729785 
236 68 10 24 0.01670414 
877 142 5 14 0.016693868 
257 378 10 22 0.016688654 
167 835 12 30 0.016679738 
251 244 6 16 0.016677894 
408 301 12 24 0.016677156 
987 749 10 23 0.016673997 
885 742 8 25 0.016668167 
50 654 12 32 0.016637048 
705 508 8 22 0.016628526 
824 343 7 17 0.016622405 
301 18 194 144 0.016616808 
764 594 5 11 0.016616428 
700 110 15 30 0.01661519 
836 494 9 25 0.016573815 
440 369 7 16 0.01656033 
207 354 8 22 0.016557796 
767 790 17 27 0.01655427 
917 888 17 33 0.016543966 
524 72 14 26 0.016538745 
271 73 10 21 0.01653496 
453 522 7 20 0.016521173 
378 352 5 18 0.016520444 
235 134 9 30 0.016517192 
209 242 6 17 0.016509438 
883 704 8 15 0.016509028 
465 520 9 24 0.016490703 
247 621 8 21 0.016488478 
713 832 52 88 0.01648067 
222 713 7 18 0.016470654 
238 409 5 15 0.016465565 
155 636 11 21 0.016451787 
848 703 9 17 0.016441511 
579 578 40 76 0.016438104 
979 690 6 17 0.016417017 
20 877 15 30 0.016407287 
255 803 10 23 0.016401863 
207 700 8 21 0.016392142 
244 546 10 21 0.016384993 
487 811 10 23 0.01636563 
798 621 9 20 0.016363205 
206 796 11 29 0.01635413 
848 714 10 22 0.016347747 
234 828 8 20 0.016343111 
235 913 8 13 0.016336864 
859 544 10 26 0.016330536 
11 569 18 23 0.016320797 
451 313 11 27 0.016308788 
258 241 9 21 0.016306179 
770 255 10 17 0.016295737 
716 249 10 24 0.016280148 
618 383 7 21 0.016265983 
251 264 10 22 0.0162584 
528 651 75 111 0.016242895 
518 881 7 19 0.016232124 
120 255 11 34 0.016230859 
846 544 11 28 0.01623022 
131 600 9 18 0.016229806 
231 785 11 27 0.016225439 
783 292 9 21 0.016217109 
800 299 6 11 0.01619934 
964 73 8 23 0.016195439 
221 203 7 17 0.016189279 
103 382 10 18 0.01618921 
220 292 7 19 0.016185248 
206 337 9 26 0.016173854 
771 68 10 33 0.016171578 
153 891 11 21 0.016169515 
257 866 39 80 0.016165836 
353 562 20 27 0.016156398 
71 897 6 15 0.016155872 
411 226 9 21 0.016148971 
413 550 7 16 0.016148468 
731 240 12 22 0.016145393 
308 561 47 78 0.016115692 
717 772 10 26 0.016105512 
729 841 13 20 0.016105102 
180 868 11 21 0.016101945 
398 336 10 27 0.016100962 
616 761 11 27 0.016093682 
661 312 6 11 0.0160855 
796 223 11 28 0.01608119 
518 792 7 18 0.016068257 
145 111 6 21 0.016062062 
718 259 10 27 0.01605644 
121 214 6 26 0.016041502 
420 700 12 25 0.016021403 
499 551 11 15 0.01601966 
487 537 11 17 0.016018245 
179 328 13 38 0.016008733 
652 365 13 26 0.016000217 
231 862 11 27 0.015998747 
742 239 12 21 0.015982706 
743 797 41 70 0.015969018 
874 933 7 17 0.015959054 
726 190 15 36 0.015957888 
295 901 13 27 0.015954638 
129 338 9 27 0.015953694 
887 725 7 24 0.015944779 
500 535 10 19 0.015925333 
915 755 6 17 0.015918406 
719 274 10 26 0.01590216 
297 956 9 23 0.01589446 
820 795 12 33 0.015886482 
247 676 7 18 0.015884886 
962 623 8 21 0.015875215 
996 807 15 33 0.015867835 
193 676 9 20 0.015861416 
875 99 7 23 0.015853172 
170 356 9 21 0.01585311 
980 205 5 16 0.015847586 
720 286 89 115 0.015845375 
782 589 7 15 0.015839243 
575 337 14 35 0.01583375 
571 677 17 40 0.015830733 
262 409 9 19 0.015829947 
783 659 10 24 0.015822832 
281 701 143 201 0.015816282 
770 223 11 26 0.015811944 
987 929 11 28 0.015810229 
386 607 10 25 0.015805615 
104 366 10 21 0.015805056 
232 760 10 28 0.015803974 
99 893 16 23 0.015795855 
629 509 9 21 0.01579065 
102 260 10 29 0.015787998 
145 626 10 17 0.0157695 
164 506 14 33 0.015763434 
437 480 9 26 0.015755476 
207 291 10 22 0.015742732 
907 534 14 25 0.015732316 
424 338 10 24 0.015728315 
518 387 89 138 0.015727341 
347 284 10 28 0.015720597 
180 515 11 34 0.015717788 
71 909 6 15 0.015711157 
979 677 6 18 0.015704166 
496 836 12 23 0.015700163 
952 815 6 17 0.015697446 
120 486 174 182 0.015696835 
742 225 13 26 0.015690094 
4 5 30 29 0.015687663 
261 365 9 17 0.015678653 
995 345 16 36 0.015675267 
452 479 8 25 0.015668398 
300 573 22 37 0.015659714 
638 712 14 39 0.015646182 
439 382 7 18 0.01564415 
617 261 9 24 0.015638083 
949 -8 116 241 0.015634518 
966 895 6 16 0.015634472 
205 647 12 27 0.015633255 
12 866 14 23 0.015632331 
476 922 8 17 0.015630238 
64 838 13 23 0.015628075 
248 192 7 19 0.01562476 
131 329 6 20 0.015617075 
967 883 5 15 0.01561418 
832 166 38 104 0.015613806 
885 952 56 97 0.015613559 
516 831 7 17 0.015595714 
10 816 17 33 0.01559097 
244 862 10 27 0.015578571 
255 783 12 28 0.015570902 
570 551 6 15 0.015568315 
873 700 9 18 0.015549558 
800 586 7 17 0.015544452 
934 490 13 33 0.0155425165 
929 716 6 15 0.015541095 
329 224 72 109 0.015540707 
886 677 8 19 0.015534502 
962 945 12 20 0.01553233 
426 495 8 26 0.015528522 
283 904 10 24 0.0155191785 
516 777 9 21 0.01551883 
601 902 16 27 0.015489644 
498 850 11 24 0.015478631 
758 255 10 17 0.015472622 
835 702 7 17 0.01546953 
934 534 11 22 0.015466349 
421 299 13 27 0.015458545 
261 164 8 21 0.015449077 
819 137 13 43 0.015438686 
820 331 8 16 0.015434317 
626 862 18 27 0.015433128 
980 193 5 15 0.015423392 
121 203 6 22 0.01542206 
209 228 6 19 0.01541666 
133 149 7 23 0.015415178 
732 765 9 19 0.015414982 
978 918 43 101 0.0154106105 
223 229 6 17 0.01540831 
273 565 8 16 0.015395843 
406 916 16 25 0.015384299 
359 159 11 24 0.015376701 
245 494 8 25 0.015373 
315 290 87 121 0.0153722465 
506 579 20 30 0.015359327 
153 367 9 23 0.015349428 
977 936 7 13 0.015325915 
794 791 250 258 0.015320606 
460 478 10 27 0.0153034665 
844 804 47 105 0.015297022 
699 876 16 29 0.015292331 
438 171 12 28 0.015289245 
464 761 11 24 0.01528524 
810 301 8 10 0.015258184 
20 835 17 27 0.015253463 
256 847 12 29 0.015249466 
613 719 11 29 0.015249381 
872 725 10 28 0.015248535 
437 118 13 30 0.015241178 
384 339 9 24 0.01524049 
75 506 14 31 0.015234336 
792 338 11 26 0.015232119 
204 865 11 26 0.01522903 
874 544 8 25 0.0152157275 
474 519 11 27 0.015214699 
240 920 12 18 0.015203993 
707 249 10 25 0.015201579 
221 83 8 25 0.015181005 
704 773 13 29 0.015178724 
410 -14 116 88 0.015173208 
555 564 7 15 0.015171599 
604 380 11 29 0.015169133 
52 851 9 21 0.015165642 
771 241 8 18 0.015159477 
660 411 18 33 0.0151486965 
845 199 10 27 0.01514612 
248 410 7 16 0.015141206 
420 438 13 23 0.015136499 
705 559 8 20 0.015131624 
771 779 10 21 0.015125051 
75 380 14 25 0.015122765 
549 753 16 40 0.015121394 
899 922 7 13 0.015118134 
304 769 18 34 0.015115812 
647 370 8 19 0.015106142 
9 239 23 47 0.015091386 
-27 875 134 232 0.01508953 
529 866 7 21 0.015076253 
499 283 98 123 0.015068439 
615 747 11 28 0.015066161 
728 260 13 27 0.015053287 
555 551 6 16 0.015042806 
477 507 8 23 0.015038059 
269 630 15 36 0.015027547 
573 898 17 34 0.0150217535 
284 582 11 25 0.015019967 
284 971 8 19 0.0150184715 
369 898 15 32 0.015017823 
387 351 7 23 0.0150151225 
679 509 10 22 0.01501508 
656 323 7 11 0.015015016 
593 486 7 18 0.01497352 
542 549 7 17 0.014970441 
333 367 10 20 0.014963186 
116 508 12 31 0.014948812 
372 812 10 25 0.014948349 
924 510 9 23 0.014946469 
344 573 33 76 0.014940697 
590 746 85 113 0.014939871 
782 334 11 31 0.014937766 
271 919 8 18 0.014934382 
581 499 6 20 0.014922043 
881 752 13 29 0.014913759 
206 714 9 20 0.014906237 
194 362 10 29 0.01489322 
236 83 8 23 0.014871458 
750 825 18 31 0.01486842 
910 924 9 15 0.014864607 
705 316 10 19 0.0148633355 
875 678 8 18 0.014862911 
711 175 16 42 0.01484942 
189 419 14 19 0.014847536 
444 283 15 33 0.014843979 
167 628 9 15 0.0148373 
526 62 10 21 0.014829858 
877 220 4 12 0.01482059 
268 282 12 30 0.01481933 
845 483 11 22 0.014810936 
497 717 15 30 0.014807736 
967 855 5 15 0.014801057 
962 574 10 24 0.014800398 
170 86 7 19 0.014797763 
205 725 10 23 0.014796122 
76 839 13 22 0.01478199 
516 906 7 18 0.014777707 
109 626 51 88 0.014772286 
846 567 12 30 0.014751881 
438 403 8 22 0.014748453 
209 598 8 20 0.014745017 
298 916 10 23 0.014744143 
401 624 7 20 0.014733361 
217 773 12 27 0.014721093 
233 353 8 20 0.014717672 
129 627 11 18 0.014708686 
104 918 13 20 0.014708491 
833 185 11 32 0.014707945 
167 639 10 19 0.014702612 
963 611 8 20 0.014701294 
177 670 14 29 0.014697004 
995 318 16 40 0.014682792 
543 154 50 101 0.01467056 
673 392 52 89 0.014670374 
131 616 9 15 0.0146600995 
795 787 10 26 0.014658875 
858 556 10 28 0.01463342 
91 260 12 29 0.0146308 
628 452 11 29 0.014625899 
439 356 7 18 0.0146143325 
549 597 11 25 0.014613644 
966 217 5 17 0.014607871 
464 792 9 18 0.014600941 
772 484 7 19 0.014600879 
83 895 8 17 0.014592092 
953 846 5 14 0.01457281 
980 925 6 13 0.0145450495 
217 432 9 21 0.0145434225 
799 601 8 17 0.014542616 
409 176 12 22 0.0145305805 
587 824 13 28 0.014524643 
537 472 13 30 0.014523809 
259 647 10 25 0.01452101 
566 583 8 23 0.014513785 
885 544 10 27 0.014497025 
236 216 7 18 0.014496849 
539 812 50 74 0.014489098 
142 59 10 28 0.01448685 
759 483 9 22 0.014486551 
120 381 10 22 0.014478167 
148 886 7 13 0.014476534 
537 59 16 26 0.014473527 
908 876 13 28 0.014455561 
123 415 18 33 0.014451547 
66 349 14 33 0.014447105 
387 376 8 25 0.014446521 
572 248 16 31 0.014428298 
462 114 44 83 0.014426087 
259 547 9 19 0.014412485 
273 317 8 22 0.014401403 
295 520 95 85 0.014400238 
281 127 9 20 0.014373356 
150 481 17 23 0.014370547 
643 509 13 24 0.014369459 
809 339 10 23 0.014367716 
991 2 23 31 0.014359379 
424 161 12 26 0.014354386 
233 839 10 23 0.014351154 
479 425 17 31 0.014344161 
742 297 15 33 0.014343231 
156 600 10 18 0.014342625 
223 730 7 16 0.014339335 
467 412 37 66 0.0143312225 
40 888 12 28 0.014329984 
787 474 5 14 0.014329378 
872 916 9 23 0.014326994 
112 546 15 27 0.014322024 
490 505 7 24 0.014318997 
250 252 9 20 0.014317725 
980 835 5 12 0.014313103 
517 892 7 19 0.014304668 
980 267 6 18 0.014304124 
410 335 11 28 0.014302275 
758 243 9 17 0.0142967235 
321 302 10 23 0.014295621 
56 316 9 21 0.014289657 
801 169 34 91 0.014288058 
499 812 10 24 0.01428121 
409 241 11 22 0.014273116 
629 429 10 24 0.014271044 
53 604 8 13 0.014268876 
519 399 40 81 0.014262064 
672 690 44 93 0.014260382 
205 892 9 19 0.014250834 
587 582 17 34 0.014242262 
337 333 6 16 0.014232486 
78 607 11 25 0.014217353 
703 97 12 25 0.014212715 
616 392 10 29 0.014203846 
370 186 14 31 0.014201516 
547 733 14 34 0.01419414 
561 745 13 31 0.014189251 
193 292 11 22 0.014183276 
327 350 6 13 0.0141663505 
196 239 7 24 0.014166145 
130 587 10 22 0.014164788 
717 495 9 21 0.014162076 
436 272 14 29 0.014160925 
798 459 7 19 0.014159633 
170 851 10 25 0.014156419 
132 162 7 23 0.014147936 
846 519 11 28 0.014146169 
676 378 18 29 0.014142757 
399 185 10 21 0.014141767 
333 299 10 24 0.01412942 
587 261 12 27 0.014123987 
704 259 11 27 0.0141198905 
677 323 16 38 0.014118803 
455 540 6 14 0.014114137 
670 534 11 19 0.014110077 
372 284 13 36 0.014106762 
422 325 11 26 0.014104898 
783 268 9 17 0.014103658 
784 280 9 18 0.014100967 
820 591 12 31 0.0140924165 
58 922 6 16 0.014091478 
652 259 11 29 0.014088576 
976 547 8 21 0.014078909 
185 901 9 20 0.014075567 
146 892 11 18 0.014074197 
283 412 14 19 0.014062642 
656 277 7 21 0.014060228 
180 961 13 16 0.014049235 
836 484 9 20 0.014047821 
762 803 23 40 0.014038775 
246 331 8 21 0.014038418 
887 240 9 23 0.01403797 
268 416 17 26 0.014035634 
887 281 9 16 0.014035384 
194 689 10 22 0.0140279755 
528 50 10 20 0.014027481 
818 722 12 27 0.014025713 
808 930 10 26 0.014021533 
574 286 15 33 0.014021363 
352 93 100 97 0.014014376 
616 786 11 28 0.014007321 
638 553 16 32 0.013995183 
347 386 11 18 0.013992288 
173 305 6 21 0.013987439 
547 244 14 32 0.01398406 
951 703 6 21 0.013983047 
-6 573 86 153 0.013980299 
645 867 49 89 0.013954805 
449 764 11 20 0.013954529 
173 868 9 19 0.013948716 
742 251 12 22 0.013946435 
963 597 10 22 0.013939192 
383 442 19 26 0.013937691 
847 174 9 29 0.013936681 
10 613 16 31 0.013915663 
821 915 10 30 0.013904308 
987 721 11 27 0.013895368 
430 708 81 121 0.013893667 
641 749 10 25 0.013890233 
132 367 8 21 0.013885256 
368 395 11 20 0.013883454 
413 115 7 18 0.013874813 
23 682 12 31 0.013870038 
628 255 11 33 0.0138546815 
264 769 14 31 0.013844222 
21 863 16 27 0.013841624 
433 848 15 33 0.013831736 
269 842 15 31 0.013829224 
371 824 12 29 0.013824913 
286 537 7 18 0.013814412 
914 806 8 16 0.013809086 
636 398 111 133 0.0138065675 
605 724 11 24 0.013803709 
770 266 10 19 0.013801542 
208 408 8 17 0.01379517 
64 654 13 33 0.013792641 
871 743 11 29 0.013792284 
528 882 7 18 0.013791875 
793 352 10 26 0.013790877 
19 820 16 29 0.013781982 
980 884 4 14 0.013771654 
207 422 9 16 0.0137656005 
729 300 12 28 0.013764908 
860 701 9 18 0.013764481 
409 196 12 27 0.013763044 
629 391 9 26 0.013758526 
414 563 6 14 0.013758377 
817 306 9 13 0.013758007 
420 451 14 29 0.013755195 
576 348 42 96 0.01374784 
922 534 12 23 0.013745354 
755 790 17 23 0.013740602 
768 31 36 84 0.013736932 
717 719 12 30 0.013734787 
224 560 8 18 0.01373325 
604 263 9 22 0.013732256 
298 947 7 19 0.013731901 
400 140 9 16 0.01372953 
255 823 15 34 0.013726329 
799 611 8 19 0.013726024 
626 534 11 17 0.013721875 
413 701 11 22 0.013717139 
875 574 8 20 0.013715307 
669 507 10 22 0.013711618 
70 922 6 16 0.013709012 
447 857 15 35 0.013705242 
285 520 8 21 0.013698379 
531 818 7 18 0.013696729 
295 818 14 25 0.013674388 
662 737 94 115 0.0136694955 
281 596 14 28 0.013669271 
546 821 19 30 0.013668286 
647 541 18 30 0.013666177 
334 378 12 23 0.013656997 
756 780 12 19 0.013652043 
208 80 9 27 0.013638434 
184 277 7 18 0.013637194 
20 642 17 38 0.013635496 
912 935 8 13 0.013630795 
259 889 9 25 0.013626244 
10 555 18 24 0.013625653 
686 108 21 32 0.0136255 
588 273 12 30 0.013614712 
440 124 38 83 0.013610499 
396 198 11 24 0.01360936 
464 540 9 15 0.013607517 
730 276 11 24 0.01359673 
182 639 9 17 0.0135901505 
296 480 10 24 0.013581984 
731 495 8 21 0.013568536 
516 841 8 18 0.013558642 
464 777 11 22 0.013554816 
237 421 6 15 0.013550651 
555 574 7 17 0.013541242 
249 283 8 23 0.013525583 
269 804 13 24 0.013523163 
9 542 19 23 0.013517784 
167 811 12 27 0.013513137 
446 258 15 33 0.013508974 
783 255 9 17 0.013503181 
699 860 18 30 0.013502988 
996 295 15 33 0.013490583 
891 923 7 14 0.013487183 
949 934 11 17 0.013484213 
320 838 40 80 0.013478975 
589 967 13 26 0.01347609 
567 896 99 133 0.013469766 
529 416 11 22 0.0134564275 
348 343 7 18 0.013449497 
321 838 12 24 0.013447061 
553 587 8 19 0.01344469 
930 949 17 32 0.013427365 
69 883 7 16 0.013426436 
195 628 8 14 0.013422862 
901 753 7 21 0.01341641 
94 547 10 25 0.013404031 
427 115 8 17 0.013399202 
368 830 49 93 0.013398836 
403 837 42 90 0.0133927865 
171 292 6 19 0.013391035 
967 868 5 17 0.013390266 
651 376 16 36 0.013387608 
373 550 9 16 0.013383389 
401 637 8 19 0.013380771 
961 383 10 22 0.013362496 
951 645 8 26 0.013360466 
188 794 14 33 0.013358021 
932 672 150 288 0.013350713 
978 344 7 19 0.013340064 
979 306 6 18 0.013339914 
178 791 15 36 0.013329488 
82 906 8 16 0.013319657 
497 402 14 22 0.013313141 
347 177 70 101 0.013309647 
644 640 57 66 0.0133044375 
949 923 10 19 0.013302709 
780 307 13 36 0.013299644 
210 586 8 23 0.013298843 
529 895 7 17 0.013297567 
398 740 12 24 0.013290587 
465 405 11 26 0.01327921 
409 290 10 21 0.01327204 
549 48 17 23 0.013268567 
979 293 6 18 0.013262906 
997 374 13 30 0.013259518 
260 188 11 29 0.013259394 
209 279 7 15 0.013254504 
898 457 9 20 0.013253212 
157 109 7 23 0.013252551 
996 705 15 35 0.013247614 
935 933 11 18 0.013238179 
457 102 18 24 0.013231486 
981 898 5 13 0.013217797 
820 184 11 37 0.013213592 
236 165 6 21 0.01321323 
259 521 8 24 0.013208469 
259 394 10 20 0.013206469 
838 307 7 11 0.01319715 
92 841 11 18 0.0131970635 
171 101 6 19 0.013196902 
510 157 57 95 0.013191129 
220 423 7 15 0.013185315 
151 502 16 36 0.013184687 
355 895 18 38 0.013183383 
55 949 7 17 0.013172551 
270 296 11 31 0.013171602 
168 598 9 20 0.013167575 
298 932 7 17 0.013165005 
355 968 16 21 0.013145756 
474 930 10 22 0.013135055 
772 494 7 22 0.013111976 
594 867 41 74 0.013103193 
495 90 44 67 0.0130969165 
767 287 14 29 0.013094618 
68 867 8 17 0.013093785 
54 302 10 22 0.013091828 
901 934 7 14 0.013088094 
988 894 7 20 0.013084016 
517 803 7 18 0.0130807655 
963 536 9 20 0.013075632 
921 918 11 21 0.013073331 
858 725 10 29 0.01307215 
285 959 8 20 0.013071622 
988 812 10 25 0.0130675305 
54 673 9 24 0.013062964 
932 545 13 26 0.013061524 
846 144 9 34 0.013048666 
90 866 12 22 0.013045167 
587 347 13 36 0.013043527 
240 582 11 23 0.01304231 
810 812 9 23 0.013041047 
318 800 13 24 0.013039151 
577 824 15 29 0.0130378315 
475 538 11 16 0.013031856 
864 218 7 16 0.0130306175 
438 825 10 24 0.013028362 
272 521 8 21 0.013026007 
979 664 6 19 0.013025478 
257 60 11 22 0.013023439 
117 613 10 17 0.013019816 
609 850 45 69 0.013016072 
720 291 10 23 0.013006301 
387 740 9 21 0.013002646 
730 221 13 28 0.013002622 
629 524 11 18 0.012998163 
642 764 8 22 0.012984619 
262 572 9 18 0.012971473 
156 616 8 16 0.012959818 
485 453 12 25 0.012959671 
399 725 12 24 0.012953964 
720 520 7 21 0.012951555 
865 151 6 21 0.012950799 
388 549 8 15 0.01294587 
370 620 13 29 0.012943299 
501 920 8 18 0.012943299 
286 509 7 21 0.012938291 
322 316 9 21 0.012937488 
255 739 11 25 0.012934194 
277 629 19 42 0.012933361 
575 309 15 32 0.0129293185 
54 839 10 20 0.01292501 
421 915 15 30 0.012920498 
618 844 9 17 0.012912796 
750 850 17 27 0.012911415 
571 889 45 85 0.012910856 
267 905 10 21 0.012908201 
864 136 6 22 0.012906238 
99 928 18 29 0.012898963 
9 946 19 32 0.012896049 
682 446 13 22 0.012895186 
245 699 9 22 0.012887117 
131 98 8 24 0.012877185 
401 564 6 13 0.012870253 
425 407 10 20 0.0128701795 
400 168 8 16 0.012864274 
246 727 8 19 0.012860394 
55 690 8 19 0.012854523 
311 348 7 15 0.012853429 
39 841 11 19 0.012851171 
450 802 9 18 0.01284975 
915 767 7 16 0.012840517 
441 588 9 24 0.012835114 
349 355 7 18 0.012831201 
948 82 11 31 0.012825887 
415 392 8 21 0.012825453 
183 630 7 13 0.012808349 
715 680 11 29 0.012801784 
284 492 9 25 0.012801458 
966 909 6 15 0.012795686 
408 904 13 22 0.012791857 
659 297 6 15 0.012791242 
893 797 14 29 0.012789146 
191 712 12 27 0.012786992 
385 433 14 21 0.012786294 
53 574 10 19 0.012785739 
826 783 35 81 0.012774748 
997 218 15 34 0.01277259 
843 787 13 32 0.0127599565 
223 270 6 13 0.012753428 
948 509 9 22 0.012742465 
317 402 59 66 0.012738842 
228 478 11 27 0.012733062 
10 848 17 27 0.012732181 
978 847 4 13 0.012731288 
424 134 11 25 0.0127301905 
438 812 10 24 0.012728412 
541 891 11 22 0.012725752 
54 328 9 22 0.012720259 
978 355 8 20 0.012718876 
228 837 97 118 0.012716308 
547 887 15 26 0.012704023 
496 767 87 122 0.0127034485 
373 797 10 26 0.012695175 
498 740 14 31 0.012694099 
433 774 14 26 0.012676351 
641 777 8 21 0.012673999 
672 304 36 74 0.012673724 
39 796 14 35 0.012665654 
371 163 9 19 0.012664538 
437 314 11 25 0.012663405 
706 533 9 22 0.012659245 
76 792 14 35 0.012657457 
465 801 9 20 0.012645723 
1009 796 14 31 0.012640729 
809 829 9 22 0.012637396 
399 225 9 22 0.012635867 
247 689 7 18 0.012627922 
250 477 170 163 0.012627719 
197 281 7 15 0.012625426 
889 129 6 16 0.012621182 
443 576 7 17 0.01262029 
530 226 9 21 0.012614172 
335 317 8 20 0.012597755 
219 877 10 22 0.012596586 
321 828 11 21 0.0125959935 
466 919 8 19 0.012593206 
655 495 9 26 0.012593176 
369 441 12 23 0.012588108 
832 95 12 31 0.012579677 
196 614 7 17 0.012576644 
293 704 68 80 0.012575986 
436 339 10 23 0.012574844 
664 18 188 175 0.01256618 
285 551 8 16 0.012557432 
281 804 13 25 0.012554748 
216 454 11 26 0.012546316 
348 805 10 20 0.012544443 
703 840 17 25 0.012539766 
437 643 38 61 0.012528687 
104 585 12 24 0.012528281 
148 811 17 28 0.012505867 
99 242 11 35 0.012498907 
143 121 8 25 0.012492675 
548 319 41 91 0.012479078 
28 635 91 142 0.012475406 
945 943 15 26 0.012474713 
186 82 8 22 0.012465646 
10 793 18 39 0.012465017 
645 531 13 20 0.012461438 
493 13 87 94 0.012460857 
410 137 9 20 0.012457589 
978 331 7 21 0.012454199 
82 884 9 17 0.012453576 
249 201 8 24 0.0124487635 
382 311 10 22 0.012448012 
587 902 15 30 0.012446711 
743 271 39 82 0.012442309 
641 812 9 24 0.012441098 
521 581 16 26 0.012418908 
272 933 8 17 0.012415657 
331 286 10 26 0.012409204 
863 203 7 21 0.0124082435 
543 881 11 21 0.0124063585 
626 108 14 27 0.012401292 
143 357 8 20 0.012399122 
441 537 6 16 0.0123974625 
703 692 12 29 0.01238276 
916 794 7 14 0.012376592 
562 294 16 32 0.012371369 
559 226 38 74 0.0123659875 
181 773 12 27 0.012365521 
93 903 12 19 0.012363297 
563 481 10 25 0.012361586 
513 87 12 20 0.012355031 
90 610 10 21 0.012329851 
732 631 11 28 0.012319613 
758 471 8 19 0.012315841 
586 49 19 23 0.012314784 
823 300 7 9 0.012305197 
770 957 75 91 0.0123010585 
500 78 11 17 0.012298 
354 950 42 87 0.012297676 
901 945 7 14 0.012296941 
115 571 12 25 0.012294838 
195 585 8 23 0.012283218 
118 626 12 20 0.012281285 
643 481 9 22 0.012274316 
746 621 11 22 0.012271592 
720 305 9 21 0.0122703565 
334 492 9 22 0.012270039 
707 234 10 27 0.0122663705 
797 313 10 21 0.012266272 
271 549 8 17 0.012260167 
398 110 10 23 0.012257501 
982 571 42 105 0.012254348 
642 802 8 21 0.012240112 
272 945 8 18 0.012236975 
979 281 7 18 0.012235754 
986 301 35 87 0.01223157 
122 919 102 116 0.012227975 
685 137 40 91 0.012223673 
743 482 10 22 0.012219719 
562 887 17 32 0.012205787 
720 509 7 20 0.01219797 
963 110 8 26 0.012195558 
159 358 7 17 0.0121936845 
598 957 29 88 0.012190332 
626 402 10 26 0.0121894125 
267 365 10 17 0.012188978 
311 931 10 18 0.012188024 
448 378 11 23 0.01218695 
854 744 43 66 0.012185887 
364 300 9 23 0.012185055 
413 623 8 22 0.012179163 
997 244 15 33 0.0121760545 
543 277 42 80 0.012175716 
237 230 6 17 0.012175216 
925 816 7 16 0.012159598 
951 856 7 16 0.0121590905 
267 885 13 28 0.012150936 
626 685 33 77 0.012144361 
639 692 15 34 0.01211853 
293 407 14 20 0.012117149 
704 491 10 25 0.012116082 
732 778 9 18 0.012111095 
331 875 17 33 0.0121059725 
869 468 11 21 0.012097364 
449 901 11 27 0.012086547 
640 844 10 20 0.01208448 
220 61 9 20 0.012083571 
516 917 8 19 0.012073591 
315 779 18 32 0.012073125 
311 359 8 13 0.012072225 
412 166 9 19 0.012066 
398 316 9 21 0.012058289 
412 690 10 20 0.012055739 
746 781 9 15 0.0120535875 
491 478 9 27 0.01204964 
643 469 9 20 0.012038685 
831 805 16 39 0.012037267 
651 851 14 28 0.012028696 
754 285 16 33 0.01202809 
386 965 15 22 0.012024237 
914 718 6 13 0.012018624 
962 494 11 23 0.0120157935 
245 710 9 24 0.012014265 
20 793 17 39 0.012006004 
717 314 13 25 0.012005859 
914 947 7 14 0.012000553 
979 318 6 20 0.012000486 
966 205 5 17 0.012000271 
542 562 8 17 0.012000028 
918 944 62 104 0.011999835 
979 180 6 17 0.011997749 
926 804 7 16 0.011994844 
787 178 29 81 0.011992166 
238 244 5 14 0.011986349 
332 814 13 23 0.011984767 
981 910 5 14 0.011982164 
449 366 10 21 0.011976565 
420 887 15 33 0.011969723 
324 866 12 22 0.011969323 
539 845 14 30 0.011968867 
349 331 7 19 0.011959296 
794 927 11 25 0.011956738 
584 180 18 35 0.011954276 
947 494 10 26 0.0119532 
305 817 12 22 0.011949619 
599 51 17 22 0.0119443275 
383 708 12 28 0.011944289 
385 723 11 25 0.011938218 
75 653 16 37 0.011936542 
573 702 15 33 0.011935851 
78 852 11 19 0.011931853 
353 464 14 26 0.011928745 
55 703 8 20 0.011928682 
20 616 16 30 0.011919649 
516 818 7 18 0.0119137755 
756 264 12 22 0.011910346 
349 144 9 12 0.011906841 
271 959 9 21 0.011905258 
749 592 6 12 0.011903149 
375 144 6 11 0.011902931 
194 81 9 25 0.011901725 
950 524 8 20 0.011897788 
760 494 7 22 0.011897352 
257 959 10 19 0.011894606 
242 957 12 22 0.011892863 
40 642 13 33 0.0118857315 
62 451 16 33 0.0118827745 
887 945 7 17 0.011881051 
359 220 13 30 0.011877098 
157 871 7 16 0.011875639 
63 515 15 33 0.011871504 
962 510 9 20 0.011870945 
729 480 10 23 0.011869853 
947 546 11 25 0.011861954 
10 641 17 35 0.011858735 
127 507 13 31 0.011856566 
889 932 8 16 0.011846482 
629 482 9 23 0.011841704 
1009 772 14 28 0.011840176 
640 827 11 24 0.011839089 
743 663 14 37 0.011837822 
516 78 9 17 0.011837565 
746 765 9 19 0.011822269 
112 917 13 21 0.011814863 
384 189 10 22 0.011809565 
730 468 11 22 0.0118087195 
580 485 7 20 0.011807233 
397 717 36 66 0.011797505 
642 457 8 21 0.01179545 
467 383 10 21 0.011793732 
67 572 11 20 0.011788815 
719 535 8 20 0.01178214 
629 829 10 21 0.011780974 
548 779 15 38 0.011779808 
602 734 13 29 0.011778865 
562 336 16 35 0.0117703695 
400 649 8 19 0.01176758 
118 324 9 27 0.011763866 
436 800 11 22 0.011760252 
632 385 7 19 0.011747533 
349 316 7 19 0.01174086 
703 666 14 30 0.011732131 
9 213 22 46 0.011729535 
538 598 13 25 0.011728274 
406 817 160 262 0.011724947 
452 437 32 80 0.011712605 
996 269 16 34 0.011710159 
475 46 11 21 0.011709336 
323 366 10 20 0.011708862 
836 717 8 17 0.01169862 
626 703 14 37 0.01169313 
-7 369 65 134 0.011692757 
262 687 8 20 0.011692193 
193 659 11 23 0.011688612 
74 544 13 31 0.011678916 
908 864 11 22 0.011669586 
291 585 19 36 0.011668678 
43 715 9 22 0.0116648525 
785 460 7 17 0.011662913 
617 854 12 20 0.011660796 
964 61 10 22 0.011660686 
243 890 10 25 0.011656769 
9 291 22 41 0.011651056 
412 635 9 22 0.011636146 
399 576 7 14 0.011635565 
993 768 39 84 0.011634744 
816 745 14 35 0.011634304 
411 491 10 31 0.011612244 
663 62 15 21 0.011611135 
483 930 14 26 0.011604213 
56 695 37 87 0.011599434 
526 433 16 35 0.011596378 
413 427 7 12 0.011590193 
310 947 9 18 0.011586632 
797 284 8 14 0.011582826 
269 860 13 31 0.011582743 
883 72 10 27 0.011581865 
87 389 16 29 0.011581007 
692 508 10 22 0.011580866 
53 252 10 25 0.011579459 
588 98 43 82 0.011572911 
124 894 44 71 0.011569029 
994 933 18 42 0.01156277 
90 363 11 24 0.011559445 
450 779 10 19 0.01155864 
141 224 9 31 0.011552192 
458 310 16 31 0.011550143 
808 458 9 21 0.011550122 
845 82 10 26 0.011547118 
402 767 44 100 0.011545409 
978 651 7 19 0.011541373 
691 431 14 25 0.011541254 
7 903 36 67 0.011518282 
119 368 9 20 0.0115162935 
417 652 84 112 0.011508193 
142 587 9 19 0.011501354 
655 734 11 27 0.011498167 
81 867 9 17 0.011497761 
426 241 8 19 0.011492223 
820 115 14 38 0.011476909 
399 151 9 17 0.011475832 
985 402 60 97 0.011472252 
563 690 84 108 0.011465409 
75 828 13 21 0.01146188 
43 689 8 20 0.011453633 
747 617 8 14 0.011451646 
243 595 10 25 0.01145034 
877 205 5 16 0.011441599 
293 363 12 21 0.011440428 
385 826 11 26 0.01143639 
262 677 7 19 0.011433985 
565 597 10 24 0.0114296535 
296 126 52 65 0.01142585 
794 72 13 27 0.011411446 
887 472 7 16 0.011405568 
445 164 16 37 0.011402489 
602 813 13 26 0.011394697 
238 928 15 24 0.01139097 
653 721 43 93 0.011384217 
552 705 13 33 0.011381436 
717 611 11 22 0.011376159 
234 289 8 20 0.011369854 
476 65 10 16 0.011364367 
977 611 8 20 0.011359888 
348 368 8 19 0.011356547 
629 413 9 24 0.011355547 
746 496 7 20 0.011344635 
796 510 7 21 0.0113427 
269 816 18 28 0.011342033 
359 875 13 28 0.011341299 
758 226 10 23 0.011338107 
335 402 17 25 0.01133581 
679 774 11 20 0.01133185 
513 242 42 94 0.011324331 
556 934 24 31 0.01132107 
875 559 8 22 0.011308709 
861 86 7 21 0.01130647 
353 449 15 26 0.011304412 
140 384 12 32 0.011298217 
501 47 10 22 0.011290895 
793 916 11 23 0.011285818 
529 904 8 22 0.011282733 
570 525 102 125 0.011282099 
963 524 8 18 0.011280657 
501 89 12 19 0.011279477 
155 644 15 30 0.011277159 
644 357 9 21 0.011275649 
385 391 10 23 0.0112718865 
330 824 16 29 0.011262276 
7 449 26 37 0.0112597225 
611 120 16 30 0.011245738 
588 237 13 25 0.011232676 
113 908 11 16 0.011224052 
161 706 76 111 0.011219269 
303 793 16 30 0.011214472 
801 304 8 16 0.0112095615 
67 543 12 27 0.011208684 
538 266 13 31 0.011205038 
435 885 14 35 0.011201578 
8 757 35 84 0.011197 
539 756 13 34 0.011194831 
40 238 10 24 0.011184221 
372 379 10 23 0.011180985 
655 468 9 23 0.011180877 
492 465 25 64 0.011179027 
651 715 14 36 0.01117646 
224 244 6 14 0.011176404 
715 850 17 23 0.011174148 
715 122 12 27 0.011172098 
512 386 16 30 0.01116599 
511 340 15 28 0.011165237 
897 877 11 24 0.011163188 
818 317 9 15 0.011161841 
965 47 10 23 0.01115943 
692 569 11 27 0.011158053 
655 454 10 24 0.011157558 
669 494 9 25 0.011154266 
371 228 12 34 0.011152051 
261 660 9 22 0.011140104 
91 599 9 17 0.011136397 
11 772 14 35 0.0111334 
652 336 14 26 0.011131553 
107 11 47 109 0.011125849 
721 574 9 18 0.011122093 
424 688 10 21 0.011121426 
997 192 15 37 0.011118914 
61 488 16 33 0.011118526 
975 599 9 21 0.011106957 
754 454 12 23 0.011103197 
797 384 10 18 0.011099815 
513 759 11 27 0.011093933 
488 46 11 23 0.011087678 
180 352 11 28 0.011078585 
402 427 8 13 0.011067702 
193 867 11 23 0.011067526 
370 764 16 33 0.0110671185 
662 438 15 27 0.011050874 
372 152 7 14 0.011045783 
794 193 11 37 0.011039494 
7 516 23 26 0.011032893 
246 427 11 24 0.011029844 
837 361 7 13 0.011026486 
540 574 9 16 0.011026351 
192 699 11 25 0.011025695 
248 229 7 19 0.011004797 
42 916 10 21 0.011002986 
335 902 53 80 0.011002327 
612 440 13 30 0.010990747 
851 347 7 13 0.010990711 
220 134 9 30 0.010989937 
121 1005 6 14 0.010989108 
620 887 21 32 0.010983544 
96 437 17 36 0.010983068 
578 52 46 69 0.010979749 
261 583 9 20 0.01097676 
208 215 7 18 0.01097379 
245 564 8 14 0.010973356 
651 77 19 23 0.010972589 
707 310 7 16 0.010972237 
288 413 99 116 0.010966402 
628 495 9 23 0.010962684 
105 624 11 22 0.010958115 
655 481 8 22 0.010954085 
271 59 12 22 0.010951 
858 871 12 34 0.01094751 
715 216 12 32 0.010945388 
16 935 21 37 0.010938696 
242 573 11 20 0.010938323 
864 166 7 22 0.01093543 
808 353 10 25 0.010934191 
888 906 9 19 0.010930516 
725 397 17 34 0.010925917 
608 224 31 77 0.010921194 
600 565 14 32 0.010912323 
613 862 17 30 0.01091186 
871 61 12 30 0.010905145 
55 239 9 21 0.010898838 
976 559 9 25 0.010895948 
642 399 11 26 0.010895553 
573 47 20 23 0.010888309 
526 945 12 23 0.01088164 
52 226 11 24 0.010878993 
399 918 14 22 0.010868899 
807 207 11 34 0.010864168 
978 625 7 19 0.010862899 
718 741 9 23 0.01085755 
248 369 7 16 0.010855481 
261 603 8 18 0.010851861 
90 853 12 20 0.010849712 
438 419 9 19 0.010842284 
268 397 11 21 0.01084027 
863 229 7 16 0.010839657 
576 223 13 28 0.010829118 
987 696 11 28 0.010818244 
257 809 32 63 0.010812389 
305 954 15 28 0.010811296 
518 65 8 18 0.0108089615 
388 142 7 12 0.01080577 
422 424 11 18 0.010791482 
275 335 7 16 0.01078355 
44 703 7 18 0.01078061 
941 402 47 85 0.010778312 
930 886 15 32 0.010778006 
436 144 13 32 0.01077547 
350 150 10 17 0.010766437 
40 223 11 26 0.010764511 
948 618 11 27 0.010761719 
884 890 10 22 0.010761354 
42 733 11 27 0.0107576605 
541 863 11 24 0.010751805 
344 862 16 34 0.010750821 
629 120 13 29 0.010746481 
528 256 11 30 0.010742709 
257 871 12 32 0.010740612 
678 549 15 36 0.010733152 
88 791 17 38 0.010729841 
909 497 8 22 0.010728181 
615 734 32 79 0.010727093 
124 633 16 27 0.010713708 
369 874 14 31 0.010711378 
64 262 10 25 0.010709004 
671 770 8 16 0.01070153 
832 210 12 28 0.010701004 
951 866 8 19 0.010697859 
976 537 8 18 0.010690817 
377 344 6 17 0.010680045 
268 786 11 24 0.010677295 
254 260 33 82 0.010674736 
114 529 13 29 0.010665399 
526 760 11 27 0.010662336 
453 560 12 21 0.01065972 
648 309 42 68 0.010654018 
370 562 12 22 0.010653928 
796 267 9 18 0.010648698 
9 318 23 42 0.01064123 
398 689 11 21 0.010638368 
577 594 13 31 0.010630608 
68 345 9 19 0.010630432 
222 94 9 28 0.010626044 
971 210 30 82 0.010625268 
399 610 8 21 0.0106242495 
812 752 26 73 0.010617897 
985 119 39 110 0.010615958 
322 817 11 20 0.010600259 
360 823 12 29 0.010598168 
8 427 25 29 0.010588667 
493 568 22 28 0.0105867395 
332 854 15 29 0.01058593 
989 361 10 26 0.010583124 
352 403 34 54 0.010580163 
488 77 12 16 0.010574079 
226 952 17 26 0.010569372 
948 536 9 20 0.010568958 
359 259 11 31 0.010561895 
423 263 12 24 0.010548847 
796 253 10 19 0.010547332 
537 228 11 23 0.010546248 
615 191 42 79 0.0105409855 
446 134 19 45 0.010533837 
475 79 10 14 0.010525872 
562 47 19 23 0.010525285 
563 465 12 25 0.010522123 
979 638 6 18 0.010517934 
285 317 9 22 0.010500139 
277 255 40 80 0.010495329 
432 452 13 26 0.0104931835 
153 833 13 31 0.010490743 
754 67 13 36 0.010489126 
464 64 10 17 0.0104877055 
670 326 12 25 0.010486122 
849 359 7 14 0.010479073 
232 894 10 20 0.0104780905 
860 784 49 87 0.010476963 
295 766 16 35 0.010468087 
742 798 15 28 0.010467959 
887 488 7 16 0.0104631 
298 891 45 74 0.010462193 
952 831 6 14 0.010452033 
65 850 10 21 0.010450459 
528 288 10 25 0.010447699 
318 427 16 20 0.010447324 
175 429 23 30 0.010444929 
887 218 7 18 0.010443016 
191 770 14 32 0.010441814 
524 312 14 30 0.010439154 
988 377 10 24 0.010435815 
466 929 9 21 0.010428756 
296 798 13 26 0.01042351 
989 882 7 19 0.010422302 
837 300 6 10 0.010419705 
602 131 15 29 0.010416107 
411 153 8 17 0.010406645 
732 330 11 23 0.010404995 
934 918 12 22 0.010403905 
587 229 35 80 0.010400567 
626 560 16 40 0.010396122 
421 182 14 31 0.010394494 
783 8 55 96 0.0103939045 
271 496 8 21 0.01039334 
365 756 36 85 0.010386266 
883 873 12 28 0.010385025 
540 587 10 19 0.010384183 
443 566 7 14 0.010383579 
996 677 16 37 0.010371063 
489 64 10 18 0.010367365 
116 106 10 32 0.010365417 
833 633 11 28 0.010361721 
225 518 106 108 0.010359921 
625 601 57 86 0.010354676 
271 535 8 21 0.010351359 
281 283 13 30 0.0103513 
979 165 6 19 0.010347622 
868 754 19 40 0.010346939 
276 270 83 153 0.010344707 
679 840 13 25 0.010343254 
1008 346 16 33 0.010340911 
220 466 10 27 0.010338247 
860 63 9 23 0.010333213 
54 343 8 19 0.010332443 
188 913 15 26 0.010332405 
965 193 6 17 0.010327533 
463 46 11 21 0.010325822 
620 908 21 37 0.010325813 
425 251 10 23 0.010323923 
345 826 12 25 0.010314651 
248 356 7 15 0.0103137065 
428 576 6 15 0.010313282 
666 539 17 32 0.01031104 
262 566 7 14 0.010310461 
538 34 14 25 0.010309589 
331 573 21 37 0.010308461 
576 964 13 27 0.010308004 
191 636 12 21 0.010299436 
412 648 9 22 0.010298901 
693 852 48 82 0.01029755 
899 865 9 20 0.0102966465 
195 572 8 22 0.010291049 
183 598 7 20 0.010288953 
480 558 22 24 0.010287297 
296 889 12 24 0.010286533 
54 588 8 15 0.010283349 
722 561 8 15 0.010278881 
526 300 12 26 0.0102785565 
288 337 7 14 0.010275335 
584 738 41 93 0.010273153 
618 109 37 71 0.010270536 
809 943 10 25 0.010266237 
204 493 13 29 0.010265278 
25 711 11 27 0.010263422 
304 899 20 35 0.010253894 
422 848 16 32 0.0102519505 
380 948 39 91 0.010250725 
977 855 5 16 0.010247073 
957 948 48 86 0.010244587 
585 371 16 41 0.010243737 
257 946 10 17 0.010242723 
925 946 9 19 0.010238096 
372 177 11 22 0.01023287 
445 389 13 28 0.010231953 
511 737 14 38 0.0102301175 
400 907 11 18 0.010230045 
16 529 21 27 0.010228027 
384 840 12 25 0.010225382 
984 -4 41 106 0.010224079 
671 95 25 34 0.010219288 
120 190 6 23 0.010216603 
790 392 36 72 0.010210529 
976 946 9 19 0.010210386 
961 367 10 23 0.010207479 
576 644 14 26 0.010205855 
560 654 18 40 0.010202571 
743 469 9 21 0.010201647 
795 369 10 23 0.010195928 
847 725 12 27 0.010192368 
847 367 9 21 0.010189519 
638 533 41 67 0.010187389 
400 395 8 19 0.010181953 
362 813 9 23 0.010177292 
370 717 15 32 0.010171233 
732 551 9 17 0.010170919 
42 825 10 21 0.010170796 
826 551 35 88 0.010169241 
596 107 20 31 0.010168967 
687 81 19 32 0.01016816 
119 149 7 25 0.010162576 
614 812 12 26 0.010155345 
131 1004 6 14 0.0101530915 
824 926 26 68 0.010150083 
987 325 11 28 0.010148594 
688 387 17 31 0.010144317 
742 263 12 23 0.010134476 
41 251 10 25 0.010125024 
152 899 14 27 0.0101211015 
565 249 12 24 0.010115351 
1009 745 15 30 0.010111942 
603 786 12 29 0.010108678 
80 599 9 18 0.010104976 
152 473 13 19 0.01010162 
422 275 13 25 0.010084829 
976 47 9 22 0.01008048 
168 615 8 16 0.010079385 
100 347 12 31 0.0100774355 
608 59 17 23 0.010068952 
951 892 9 21 0.010068482 
655 825 11 25 0.01006688 
51 757 12 31 0.01006449 
260 222 10 28 0.0100641865 
266 746 14 32 0.010056811 
704 719 13 30 0.010056098 
873 48 10 26 0.010048231 
435 679 15 30 0.0100388825 
171 882 11 18 0.010035674 
826 358 7 17 0.010034428 
90 282 13 35 0.010027515 
745 790 12 20 0.010026612 
183 615 8 16 0.010026048 
553 651 28 87 0.010021775 
40 774 12 30 0.0100195 
6 501 23 27 0.010018072 
295 977 11 32 0.010012886 
523 726 15 41 0.010011859 
599 583 17 33 0.010011085 
81 920 8 17 0.010007035 
388 130 7 13 0.010005057 
