3_Riot_Riot_3_488
1155
479 110 94 124 0.9995142 
791 48 95 142 0.99941075 
120 55 109 143 0.9988763 
190 37 78 133 0.08990323 
380 12 86 126 0.084893554 
266 309 12 35 0.07219312 
262 23 93 119 0.06918714 
324 26 98 140 0.061601564 
131 364 27 23 0.05579683 
527 57 83 113 0.054099724 
272 213 9 23 0.052722067 
281 222 10 33 0.05081029 
148 13 18 34 0.048936725 
758 254 7 20 0.04767227 
224 281 5 11 0.047182508 
785 264 6 23 0.046248596 
299 285 4 14 0.04566944 
298 237 8 26 0.043639123 
758 265 6 24 0.043349326 
634 10 96 128 0.04282296 
234 272 5 12 0.042792168 
798 264 7 22 0.042573012 
564 61 11 18 0.042462032 
710 281 4 16 0.041938197 
774 266 5 20 0.04186787 
711 265 5 20 0.041511178 
150 -5 18 33 0.040898222 
950 250 8 28 0.040846173 
798 280 7 18 0.039490446 
711 255 4 19 0.039464984 
786 280 6 19 0.0394515 
297 205 7 14 0.039369788 
977 240 9 26 0.039095342 
773 251 6 22 0.038991652 
683 200 6 23 0.038629327 
223 275 4 9 0.03846471 
846 51 9 21 0.037932858 
271 194 7 12 0.03791758 
747 253 6 20 0.037554618 
966 227 7 20 0.037531618 
296 212 8 23 0.037459355 
860 40 73 127 0.037305325 
288 196 5 11 0.036761183 
314 286 4 11 0.036332045 
199 354 3 7 0.036176216 
1003 33 7 28 0.035991956 
290 295 5 12 0.03550443 
784 250 7 25 0.035472725 
298 294 5 12 0.035311088 
939 264 7 28 0.035243124 
296 224 9 27 0.03520338 
211 363 4 7 0.03519638 
758 277 7 24 0.03481963 
325 297 4 11 0.03452961 
213 354 3 6 0.03431114 
810 279 7 19 0.034245785 
380 76 92 137 0.034116305 
272 205 7 16 0.034086198 
211 375 4 8 0.03395019 
570 59 13 25 0.03381214 
375 213 7 22 0.033749193 
298 251 6 21 0.03368678 
363 212 7 24 0.033660777 
697 201 5 21 0.033565197 
669 200 6 23 0.03354054 
235 229 5 14 0.033513926 
722 252 5 22 0.03341418 
286 205 7 15 0.033321485 
347 196 9 31 0.033293538 
734 252 6 20 0.033206932 
774 280 6 19 0.033188917 
18 240 5 23 0.032808166 
684 215 5 20 0.03277669 
939 252 6 23 0.032688104 
232 279 7 14 0.032538235 
682 185 7 27 0.032490205 
695 186 7 25 0.032341838 
950 40 89 132 0.032257188 
723 243 5 16 0.03215287 
938 240 6 20 0.03191811 
975 228 7 21 0.03179872 
724 232 4 13 0.031680193 
796 302 10 28 0.031672116 
199 362 4 8 0.03158116 
746 239 7 20 0.031409416 
713 242 3 16 0.031195886 
711 298 3 11 0.03105888 
810 303 9 24 0.030952988 
198 282 5 10 0.030862642 
681 -9 94 115 0.030861389 
283 247 9 26 0.030796586 
785 305 7 21 0.030743768 
759 292 6 20 0.030726679 
271 324 9 22 0.030710628 
272 234 10 32 0.030603956 
309 213 7 21 0.030385444 
414 252 9 21 0.030373998 
734 241 7 18 0.030345775 
809 265 7 21 0.030318322 
964 219 7 16 0.030261295 
964 239 9 26 0.030162068 
1001 21 8 24 0.030145932 
364 227 6 20 0.030008957 
823 320 7 15 0.029857067 
350 226 6 22 0.029822728 
334 182 10 32 0.029814567 
199 377 4 7 0.02977228 
657 201 7 23 0.029771646 
746 230 7 18 0.029752236 
758 240 6 20 0.02964869 
310 204 6 15 0.029635118 
950 240 8 22 0.029578462 
735 231 6 15 0.029495714 
307 237 7 24 0.029208586 
700 294 4 15 0.02917318 
327 337 4 10 0.029141568 
211 273 5 10 0.02909815 
377 229 5 17 0.0289802 
798 293 7 19 0.028834598 
513 14 11 32 0.028806483 
449 69 9 30 0.02877675 
541 37 8 19 0.028460981 
849 279 7 19 0.02843454 
391 256 5 13 0.028394697 
287 334 5 13 0.028389283 
719 263 6 25 0.028388437 
390 269 6 16 0.02838363 
628 254 6 16 0.028350526 
698 217 4 17 0.028265934 
226 353 4 7 0.028218841 
669 214 6 21 0.028183639 
785 293 7 19 0.028156187 
311 253 6 20 0.02813225 
713 232 4 14 0.02811553 
262 193 6 12 0.028113276 
657 214 7 20 0.02806225 
289 283 5 16 0.027953316 
747 262 7 26 0.027932297 
22 -266 305 122 0.027915813 
849 41 6 12 0.027906746 
198 275 4 9 0.027891915 
926 239 6 22 0.02785291 
926 252 6 21 0.027790062 
210 386 5 9 0.02767392 
836 266 9 20 0.02755436 
845 266 9 20 0.027548455 
668 185 7 27 0.02754082 
774 293 6 19 0.027417721 
298 268 6 17 0.02740897 
811 294 7 19 0.02738148 
238 352 4 8 0.027300596 
823 278 7 20 0.027267316 
-57 544 318 345 0.02718688 
387 199 7 25 0.027171843 
937 229 7 20 0.027133916 
451 84 7 26 0.027022952 
-30 401 194 319 0.027020104 
274 185 5 11 0.026981425 
263 185 5 11 0.026916213 
308 226 7 23 0.026913788 
263 299 7 21 0.02667878 
681 59 93 133 0.026665723 
926 228 7 22 0.0265469 
748 276 7 25 0.026469378 
772 240 7 22 0.02643193 
187 284 4 10 0.026413312 
326 311 4 10 0.026407812 
391 277 7 19 0.026398068 
1017 58 6 28 0.026259033 
836 277 8 22 0.02615614 
208 308 6 15 0.026088137 
549 -4 15 24 0.026072348 
361 29 9 41 0.026013726 
1003 58 6 28 0.025969526 
736 221 5 10 0.025782373 
746 219 7 12 0.025701722 
226 375 4 8 0.025682284 
247 268 6 15 0.025650343 
389 214 6 20 0.025633 
536 -4 15 25 0.025601916 
720 277 6 20 0.02545804 
312 194 6 13 0.025402386 
775 307 5 17 0.025286356 
1017 33 7 27 0.025190149 
587 33 100 123 0.025186662 
359 182 11 36 0.025175028 
867 275 190 143 0.025171189 
336 211 8 25 0.025091259 
559 69 15 25 0.024989951 
372 182 10 36 0.024962451 
823 265 8 21 0.024930347 
784 199 12 30 0.024924405 
708 187 7 22 0.02487203 
280 66 95 148 0.024865592 
348 29 10 41 0.024856426 
733 262 7 24 0.024849536 
525 13 12 32 0.024847474 
327 346 5 11 0.024834879 
212 397 5 14 0.024804447 
249 194 5 10 0.024769124 
298 197 5 10 0.024762372 
131 265 6 16 0.024661032 
600 197 10 28 0.024642061 
465 73 6 22 0.024604384 
990 34 7 29 0.024598284 
234 216 6 17 0.024482582 
537 14 12 31 0.024446746 
786 192 8 19 0.024417102 
789 197 17 39 0.024359774 
629 245 6 14 0.02435799 
-4 -295 115 313 0.024349406 
134 281 5 15 0.024328426 
186 354 3 7 0.024317572 
431 14 77 122 0.024226936 
323 187 8 22 0.024217805 
249 353 4 8 0.024201462 
530 35 8 21 0.024188524 
436 79 10 35 0.024032652 
325 287 4 11 0.023966385 
698 231 4 17 0.023953505 
116 276 7 19 0.02388159 
606 59 7 25 0.023869127 
562 -4 14 24 0.023833284 
748 209 6 10 0.02376202 
523 -5 16 26 0.023717582 
797 250 8 25 0.023705354 
832 330 9 20 0.023702241 
120 238 9 22 0.023670599 
709 204 6 17 0.023655726 
323 201 8 20 0.023653751 
235 254 7 17 0.023552403 
881 105 13 39 0.02352556 
378 244 5 15 0.023505196 
89 214 11 22 0.023456082 
16 264 6 23 0.023439376 
373 29 10 41 0.023389077 
316 297 4 10 0.023318317 
891 18 86 122 0.023309201 
876 38 7 16 0.023199052 
118 267 7 18 0.023148043 
400 200 8 23 0.023034142 
759 148 8 26 0.023013806 
852 294 6 16 0.023011088 
337 225 7 23 0.023010945 
324 225 6 21 0.02300812 
185 397 5 13 0.02297963 
724 222 5 11 0.022977248 
236 243 5 15 0.022965427 
630 201 8 24 0.022959935 
500 14 12 33 0.02289656 
187 297 4 11 0.022845246 
403 254 7 14 0.02279512 
575 -5 15 25 0.022769487 
874 48 8 18 0.022731703 
364 242 5 17 0.022720298 
323 213 8 22 0.022715576 
857 50 9 21 0.022714095 
351 240 5 21 0.022671487 
497 -4 16 25 0.022653703 
1014 9 9 21 0.022629358 
644 202 7 22 0.022617545 
1001 9 9 21 0.022562075 
346 168 11 37 0.02249112 
848 28 7 13 0.02246829 
644 215 7 19 0.02246567 
225 386 5 10 0.022457765 
327 323 5 10 0.02243843 
786 316 7 19 0.022370864 
403 246 6 13 0.022333873 
692 371 11 42 0.022315754 
187 274 5 9 0.022300249 
772 -39 7 16 0.022281725 
516 32 8 24 0.022279922 
835 323 6 11 0.022267409 
957 -5 15 25 0.02220391 
785 -39 6 16 0.022201283 
420 260 11 26 0.022108367 
587 -5 15 26 0.022104185 
975 218 6 18 0.022078412 
946 268 11 38 0.022068584 
246 410 7 19 0.022059178 
617 56 9 32 0.0220345 
575 50 9 20 0.021999458 
317 -5 18 28 0.021973353 
960 257 11 34 0.02195747 
510 -4 16 25 0.021910239 
66 108 9 34 0.02190609 
271 300 6 17 0.02180012 
386 29 10 41 0.021771643 
90 205 10 16 0.021725323 
334 29 11 42 0.021724703 
209 261 5 9 0.021724623 
1000 307 6 17 0.021724226 
707 171 8 28 0.021703389 
379 257 4 14 0.021680994 
9 -125 12 40 0.021655494 
330 -4 17 26 0.021631327 
888 322 5 12 0.021627367 
197 398 5 12 0.021579979 
313 270 5 15 0.021564018 
392 246 5 13 0.021522313 
286 264 7 21 0.021509603 
877 321 4 12 0.021492327 
759 -39 7 16 0.021459982 
950 229 7 20 0.021453297 
798 -39 6 16 0.021432921 
579 37 8 21 0.02139239 
712 221 4 13 0.021352924 
225 363 4 8 0.021308208 
1016 22 8 23 0.021291072 
261 228 6 18 0.021270579 
185 362 4 8 0.021243654 
657 228 6 18 0.021223657 
756 228 8 19 0.021212198 
810 -39 7 16 0.021177456 
822 308 7 17 0.021174723 
1014 0 9 17 0.021166138 
304 -5 18 28 0.021163613 
823 -38 6 15 0.021144334 
261 217 7 17 0.021122215 
262 364 4 8 0.021101845 
952 215 7 18 0.021077216 
219 303 8 20 0.021069415 
550 17 11 27 0.021016682 
422 62 12 44 0.020990334 
900 49 7 19 0.020973293 
984 242 8 22 0.020946838 
343 -4 17 26 0.020939024 
200 386 4 9 0.020932928 
555 39 7 16 0.020920284 
260 250 8 24 0.020916887 
774 321 5 14 0.020880755 
629 268 5 14 0.02085405 
232 305 8 21 0.02083822 
989 21 8 23 0.020802947 
938 215 8 19 0.020781897 
645 230 5 16 0.020768931 
883 36 8 18 0.020742893 
313 348 5 10 0.020693554 
1017 215 8 21 0.020663392 
411 28 11 40 0.020639164 
313 337 4 9 0.02062872 
836 -38 6 15 0.020557167 
1017 255 7 19 0.020541606 
749 290 6 20 0.020507872 
289 347 5 13 0.020497922 
935 158 11 32 0.02047401 
680 25 11 44 0.020458939 
971 -4 13 22 0.020434797 
398 29 11 40 0.020432293 
900 62 7 19 0.020430636 
248 282 6 17 0.020361712 
261 319 10 26 0.02033774 
245 31 10 32 0.020336105 
951 206 7 18 0.020335307 
423 27 12 39 0.020317702 
1016 203 9 20 0.020304885 
591 32 10 28 0.020301536 
760 307 5 16 0.020298863 
925 215 8 19 0.020284558 
823 327 10 23 0.020125281 
237 362 5 8 0.020097006 
245 253 6 21 0.020078747 
600 -5 16 26 0.020067446 
129 255 7 17 0.02005454 
628 187 9 27 0.02005415 
120 251 9 22 0.02001975 
1017 267 8 19 0.020015672 
629 53 11 40 0.020004194 
839 43 5 10 0.019956073 
391 231 5 16 0.019945545 
721 298 5 13 0.019942628 
356 -4 17 26 0.019932816 
484 -4 16 25 0.019931179 
884 48 7 18 0.019921102 
466 88 6 19 0.019884938 
859 282 7 16 0.019873919 
612 -5 16 26 0.019871252 
645 244 5 14 0.019841412 
323 174 9 24 0.01982444 
976 18 9 29 0.019759653 
162 -4 14 28 0.0197161 
849 -38 6 15 0.01971248 
247 293 7 21 0.019697312 
685 228 5 19 0.019665405 
983 493 49 90 0.019642979 
746 -39 7 16 0.019640775 
275 346 5 12 0.019613022 
80 113 7 26 0.019594913 
1018 243 6 19 0.019575259 
872 -6 12 22 0.019566087 
946 -6 15 27 0.01954118 
398 266 10 22 0.0195403 
837 310 5 13 0.019534484 
286 184 6 12 0.019514801 
-3 53 73 143 0.019512702 
88 223 13 30 0.01948547 
1001 298 6 13 0.019484276 
381 -3 18 24 0.019477608 
402 216 7 19 0.019476453 
852 310 5 12 0.019438611 
233 294 7 17 0.019432014 
699 243 4 18 0.019400327 
758 206 6 12 0.019382609 
538 203 150 204 0.019357152 
368 -3 18 24 0.019356525 
292 -5 17 28 0.019348832 
871 433 185 344 0.019338947 
249 362 4 9 0.019256247 
404 231 5 15 0.019222232 
221 295 7 15 0.019192152 
1018 229 7 20 0.019185955 
296 27 11 43 0.019173026 
452 98 7 23 0.019171325 
573 70 11 24 0.01915811 
210 405 6 18 0.019131599 
947 157 12 34 0.019130884 
119 229 9 20 0.01909627 
1004 243 6 18 0.01902434 
321 28 11 44 0.0190114 
668 25 10 43 0.019005453 
884 -6 13 23 0.018937042 
471 -4 17 25 0.018925969 
733 -39 7 16 0.018922409 
84 463 5 11 0.018874938 
356 77 36 118 0.018862715 
619 269 5 14 0.018857798 
921 -6 15 27 0.018847916 
436 28 12 37 0.018833853 
1003 254 6 19 0.018777503 
926 263 6 25 0.018749489 
309 27 11 45 0.018746084 
962 206 8 17 0.0187323 
625 -5 16 26 0.018718643 
92 463 6 12 0.01871802 
416 72 121 174 0.018716788 
185 375 5 8 0.018690512 
232 33 10 26 0.01868987 
631 216 7 19 0.01864425 
900 37 7 18 0.018627685 
365 255 4 17 0.018609561 
9 -151 12 41 0.018588575 
16 186 6 24 0.018584743 
413 246 8 14 0.018561933 
710 449 5 17 0.018554252 
822 295 7 17 0.01854978 
692 26 12 44 0.018525962 
279 -5 17 28 0.018517766 
774 195 6 13 0.018487012 
436 49 11 42 0.018477505 
937 204 8 18 0.01844772 
287 309 5 12 0.018440515 
630 232 6 15 0.018428303 
604 83 9 27 0.01842594 
860 -5 12 21 0.018423786 
261 263 7 21 0.018419102 
176 285 4 10 0.018382609 
621 245 5 12 0.01836575 
629 281 5 15 0.018315211 
875 29 7 14 0.018312845 
1002 202 7 19 0.018298399 
862 -38 6 15 0.01827529 
734 277 7 22 0.018263267 
700 255 4 19 0.018256348 
295 54 36 115 0.018235901 
568 42 7 15 0.018225916 
617 200 8 24 0.018207088 
657 186 7 27 0.018203972 
745 147 8 26 0.018193763 
974 255 12 35 0.018181065 
17 201 5 21 0.018152362 
262 373 5 10 0.018129619 
208 318 6 15 0.01800771 
53 415 10 32 0.01797517 
1003 216 6 18 0.017910784 
651 -4 17 25 0.017909626 
961 172 10 28 0.017899582 
17 279 6 24 0.017893087 
925 203 8 18 0.017873617 
771 146 8 28 0.01787087 
1003 283 5 16 0.017817387 
638 -5 16 26 0.017809877 
655 26 10 42 0.017802672 
393 -3 19 24 0.017788604 
663 -5 17 26 0.017784214 
1002 189 6 20 0.017779099 
444 -4 19 25 0.017753247 
171 384 6 12 0.017740412 
221 36 9 21 0.017737703 
758 218 7 16 0.017731441 
197 297 4 11 0.017705737 
245 419 10 22 0.017689003 
209 282 5 10 0.017652929 
992 298 6 13 0.017640315 
879 310 4 12 0.017582485 
286 321 6 14 0.01754956 
1017 85 6 27 0.017527457 
413 201 8 21 0.017514447 
1000 0 9 16 0.017505744 
1017 306 8 20 0.017497364 
503 31 9 27 0.017486922 
246 302 10 28 0.017471487 
8 -101 15 40 0.017462716 
689 -5 18 26 0.017440548 
857 269 9 16 0.017428597 
1003 230 6 18 0.017427005 
822 54 7 13 0.0173842 
620 280 6 15 0.017339641 
262 204 6 14 0.017317533 
267 -5 17 27 0.017317437 
263 348 5 10 0.017314889 
145 283 5 13 0.0172934 
914 241 7 20 0.017289056 
847 -3 10 18 0.017266793 
700 284 4 15 0.017260062 
480 77 6 17 0.017245615 
676 -5 17 26 0.01722396 
912 227 8 21 0.017196039 
875 -38 5 15 0.017193604 
705 27 11 41 0.017190978 
670 227 5 21 0.017180944 
245 217 7 16 0.01713306 
563 17 10 25 0.017121019 
621 256 5 14 0.017094987 
701 -4 18 25 0.01706271 
933 -6 15 27 0.01706243 
458 -4 18 25 0.017033082 
117 203 9 19 0.017015494 
321 -11 11 20 0.016996786 
187 309 4 11 0.016980454 
335 70 32 109 0.016965665 
924 159 10 29 0.016957244 
721 172 7 24 0.016956776 
160 272 4 11 0.016956205 
236 375 5 9 0.016941926 
202 261 4 8 0.016889622 
925 57 9 30 0.016873226 
488 15 11 31 0.016860507 
79 215 11 19 0.016859118 
693 340 7 27 0.016847797 
837 53 7 15 0.016838163 
568 -41 7 23 0.016835108 
684 331 5 18 0.01682605 
199 308 4 13 0.016819876 
299 310 5 10 0.016805444 
247 231 5 14 0.016801173 
413 218 7 17 0.016779022 
423 88 12 40 0.016761009 
837 295 6 16 0.01673093 
714 -5 19 26 0.016696772 
540 111 83 120 0.016681636 
852 322 4 10 0.016680973 
863 312 5 11 0.016674357 
865 322 4 10 0.016658971 
312 178 6 18 0.016653635 
337 322 4 11 0.016649554 
308 -11 11 20 0.01664644 
195 -11 8 17 0.016638665 
448 28 11 36 0.016625088 
1003 266 6 18 0.016602425 
887 310 5 12 0.016562331 
937 188 9 21 0.016557183 
432 -3 19 24 0.016553557 
301 337 5 9 0.016536037 
235 384 6 12 0.016506394 
912 203 8 18 0.016493767 
1002 175 6 21 0.016488206 
770 226 8 23 0.016473304 
809 250 8 24 0.016467426 
581 -41 7 22 0.016451247 
644 256 6 14 0.016447082 
976 204 7 17 0.016446965 
413 187 8 23 0.016444944 
358 47 13 49 0.01643479 
700 309 4 13 0.01642907 
725 -5 19 26 0.016419088 
406 -3 19 24 0.016405616 
81 208 8 12 0.016401723 
36 131 182 227 0.01638707 
720 -39 8 17 0.016382566 
352 254 5 20 0.016362438 
989 201 8 19 0.016359223 
795 228 11 32 0.016335078 
773 205 8 16 0.016297692 
887 331 6 14 0.016274353 
721 188 7 19 0.016266547 
1018 280 7 20 0.016262412 
337 239 6 22 0.016251918 
191 -4 15 21 0.0162329 
334 -10 11 18 0.016231542 
641 54 12 40 0.016227722 
222 394 7 16 0.016219221 
409 49 13 45 0.016213387 
975 -31 9 22 0.016157292 
462 29 10 32 0.016150864 
236 408 7 20 0.016147979 
295 -11 11 20 0.01609891 
683 341 7 25 0.016087493 
990 305 9 19 0.01608522 
480 89 6 17 0.016054256 
-13 -25 683 1100 0.016044505 
117 214 8 19 0.015981948 
589 15 11 32 0.01598104 
557 54 7 12 0.015977584 
962 28 10 38 0.015939804 
910 215 8 20 0.015920341 
1002 488 8 18 0.015898779 
1002 84 6 29 0.015875155 
419 -3 19 24 0.015845042 
989 189 8 21 0.015801445 
555 -41 7 23 0.015772948 
895 -6 14 23 0.015767 
249 185 4 10 0.015763165 
823 44 6 9 0.01575991 
325 255 6 20 0.015751455 
274 261 8 24 0.01572306 
835 -3 10 17 0.015715877 
254 -5 17 27 0.015711967 
731 -31 11 22 0.01570645 
18 227 5 20 0.015705213 
234 207 5 13 0.015689505 
174 353 4 7 0.015683388 
735 294 5 16 0.015678778 
269 52 39 114 0.015666045 
693 155 10 36 0.015648069 
877 331 6 15 0.015645336 
838 29 6 12 0.015633922 
836 -30 7 19 0.015629776 
105 217 8 17 0.015617178 
757 -31 9 21 0.0155946445 
1018 296 7 17 0.0155827915 
237 341 4 9 0.01556925 
887 -38 6 14 0.015567453 
313 325 4 10 0.015553808 
185 387 4 9 0.015529755 
744 -31 10 22 0.015527211 
104 228 9 20 0.015509361 
93 196 8 13 0.015474222 
283 -11 11 20 0.015464404 
556 65 9 13 0.015450948 
836 119 72 107 0.015447771 
438 111 8 25 0.015446733 
300 349 5 10 0.015441087 
478 47 7 24 0.015440709 
823 -30 7 19 0.01543539 
898 72 8 24 0.015423979 
553 74 12 20 0.015423545 
283 26 11 43 0.015412911 
603 28 10 36 0.015407674 
989 216 7 18 0.015381459 
590 87 8 22 0.015372393 
718 -31 11 23 0.015370307 
1000 317 8 23 0.015365098 
347 -10 11 18 0.015358021 
490 31 9 27 0.015358014 
849 -29 7 18 0.015320721 
886 295 7 16 0.015291973 
593 -41 7 22 0.0152826775 
711 464 5 12 0.01527521 
771 214 9 22 0.015250784 
399 185 9 27 0.015241119 
383 51 34 112 0.015233628 
718 28 11 39 0.015216249 
935 64 11 41 0.015212141 
642 26 10 42 0.015203663 
324 239 6 21 0.015199565 
910 -6 13 25 0.015197766 
913 60 7 22 0.015196233 
315 311 4 9 0.015195612 
962 189 9 20 0.015183708 
224 262 5 9 0.01517422 
913 35 7 23 0.015170857 
1016 190 8 20 0.015166612 
529 -42 7 25 0.01515989 
578 17 10 28 0.015138716 
654 54 11 42 0.015138503 
241 -5 17 27 0.015129939 
629 291 6 17 0.015126934 
247 392 6 18 0.0151211815 
128 240 7 19 0.015119192 
221 406 7 19 0.015098056 
477 30 8 29 0.015088968 
874 269 7 16 0.015075645 
76 223 15 29 0.015074156 
28 240 7 22 0.015063471 
468 102 6 16 0.0150498245 
862 -29 7 18 0.015047688 
874 62 8 19 0.015041118 
887 281 8 20 0.015017513 
877 47 156 224 0.015013141 
990 59 7 29 0.015001417 
379 269 5 14 0.014995495 
174 361 5 9 0.014991424 
746 161 7 22 0.014988679 
245 243 7 18 0.014985074 
337 312 4 10 0.01497777 
761 325 4 10 0.014951706 
206 175 9 26 0.014950561 
761 196 5 13 0.014940831 
799 334 7 15 0.014925961 
943 317 19 26 0.01492427 
542 -41 7 23 0.01492095 
270 26 11 42 0.01491872 
275 281 6 19 0.014903003 
346 46 13 49 0.014883946 
173 141 140 240 0.014863251 
772 163 7 21 0.014856439 
257 28 11 39 0.014856209 
916 303 68 96 0.014839434 
326 270 5 17 0.01480722 
644 268 6 15 0.014792954 
105 239 9 22 0.014788131 
511 73 19 22 0.014771718 
541 53 8 14 0.014770371 
834 256 10 18 0.014767186 
654 -10 11 18 0.014755154 
752 -5 18 23 0.014746894 
181 -12 9 18 0.014746588 
82 198 6 11 0.014726816 
169 -11 9 20 0.014703337 
758 71 8 33 0.014698916 
262 281 7 19 0.01469724 
578 -10 10 18 0.014680889 
-16 259 178 244 0.014680509 
861 296 5 14 0.014667761 
739 -5 18 25 0.014659301 
770 -31 9 21 0.01464852 
590 -11 10 19 0.014646077 
337 337 4 10 0.014629576 
643 186 8 28 0.014605152 
750 309 5 14 0.014574057 
620 234 5 12 0.014549877 
39 401 11 37 0.014541802 
172 126 76 125 0.014539965 
988 230 6 19 0.014532111 
65 129 10 36 0.014505344 
427 222 7 13 0.014498572 
9 -178 12 44 0.014493059 
248 385 5 12 0.014472466 
987 262 8 24 0.014471977 
724 208 5 14 0.01446568 
736 211 5 11 0.014445803 
220 145 10 32 0.014439937 
984 -2 12 18 0.014438515 
642 -10 10 18 0.014427009 
360 -10 11 18 0.014426276 
884 26 8 16 0.014414845 
565 -10 10 17 0.014408809 
438 125 7 24 0.014400984 
667 -10 11 18 0.014393683 
56 448 7 16 0.014348975 
861 40 6 14 0.0143481055 
886 270 8 18 0.014333946 
334 157 11 33 0.014311372 
371 48 13 47 0.014310661 
913 47 7 23 0.014305112 
733 174 8 20 0.014301818 
513 68 11 13 0.014286117 
809 -30 8 19 0.014282793 
300 326 5 9 0.014243554 
66 44 86 133 0.014240936 
235 393 7 17 0.014228546 
860 28 7 13 0.014206484 
67 432 9 23 0.014187676 
900 -38 6 14 0.014151941 
256 53 13 40 0.014146095 
976 189 8 20 0.014142126 
210 250 4 8 0.014140724 
761 179 6 17 0.014130888 
237 194 4 11 0.014087648 
236 421 7 19 0.014068566 
516 -42 7 25 0.0140392715 
809 330 11 20 0.014033656 
986 7 11 24 0.01398481 
220 49 9 19 0.013976217 
714 110 84 126 0.013962713 
934 127 13 41 0.0139581645 
667 -33 10 26 0.013957601 
93 332 9 20 0.0139550865 
147 271 4 12 0.013944521 
604 -11 10 19 0.013936249 
171 392 7 18 0.013913046 
874 -29 7 18 0.013894464 
248 206 5 12 0.0138911335 
179 -4 14 23 0.013866374 
463 57 8 27 0.013864549 
680 -32 11 24 0.013830818 
611 425 13 32 0.013821768 
592 75 7 19 0.01381204 
525 67 11 13 0.013799947 
105 204 8 16 0.013794289 
709 432 7 23 0.013772141 
372 -9 12 17 0.0137650175 
226 340 4 9 0.013751586 
275 373 5 10 0.013720546 
275 364 4 9 0.0137053 
531 53 7 14 0.013700389 
297 181 7 14 0.013694616 
974 -10 9 16 0.013688377 
619 218 6 16 0.013685643 
961 -10 10 17 0.013679038 
211 337 4 11 0.013662366 
949 188 9 21 0.013656399 
706 -32 11 24 0.013626692 
69 200 5 9 0.013620087 
67 86 32 98 0.013619068 
774 182 5 15 0.0136171905 
275 383 6 13 0.0135884 
708 -39 7 17 0.013586501 
679 155 11 37 0.013568135 
835 -10 8 15 0.013553808 
18 215 5 18 0.013538109 
657 242 6 18 0.013515915 
146 -10 8 18 0.013501452 
1016 176 7 21 0.0134953065 
906 -261 129 88 0.013486865 
175 274 4 9 0.013485354 
684 321 5 16 0.013477022 
273 394 6 18 0.013467111 
426 188 8 21 0.013464438 
722 465 6 11 0.013456351 
552 -10 10 17 0.013454206 
245 55 11 33 0.013451447 
475 14 11 32 0.013439758 
848 -11 7 16 0.013437962 
558 267 5 19 0.013437867 
892 112 14 43 0.013436741 
912 71 8 25 0.013428527 
396 49 13 45 0.013412227 
989 174 8 25 0.013405936 
975 174 9 26 0.013388451 
69 449 6 14 0.013376967 
606 -40 8 20 0.013336751 
503 -42 8 25 0.013326064 
861 -11 8 17 0.013325674 
415 233 6 13 0.0133140385 
171 375 5 9 0.013306803 
619 289 7 19 0.013294601 
797 -30 8 19 0.013289423 
383 48 14 47 0.013262257 
976 45 7 33 0.013260991 
692 -32 11 24 0.013232918 
926 190 7 19 0.01322164 
783 -31 9 20 0.013207979 
912 192 7 16 0.013204841 
680 -10 11 18 0.013200778 
160 284 4 11 0.0131789185 
542 66 8 12 0.013169582 
183 261 6 8 0.013162167 
783 217 12 34 0.0131604755 
962 -30 9 22 0.013143395 
554 201 8 19 0.013134554 
822 251 10 23 0.013127386 
84 452 5 11 0.013103895 
592 61 8 21 0.013102428 
422 119 11 37 0.013091444 
608 268 6 15 0.013059939 
285 405 7 22 0.013051006 
897 98 10 27 0.013041151 
846 257 9 15 0.013029698 
699 268 5 19 0.0130207855 
385 -9 12 17 0.0130113065 
629 26 10 43 0.013002045 
244 -11 11 19 0.012999324 
913 -37 6 13 0.012997023 
615 171 11 29 0.012995482 
229 -6 17 27 0.012972597 
948 311 11 18 0.012970448 
232 -11 10 19 0.012955097 
364 268 5 17 0.012947654 
702 377 10 31 0.012945535 
922 130 13 35 0.012929525 
568 49 160 240 0.012921696 
257 -11 11 19 0.012909033 
705 407 9 29 0.012903541 
196 -31 8 22 0.012902472 
540 -10 9 17 0.012876288 
92 140 11 35 0.012872421 
767 -4 15 21 0.012858753 
159 261 5 9 0.012812683 
924 78 10 35 0.01278987 
255 293 26 56 0.012774838 
233 317 7 20 0.012761669 
926 -38 6 14 0.012759271 
397 308 11 18 0.012757567 
263 393 6 17 0.0127332425 
873 143 11 33 0.012729741 
915 253 6 21 0.012727897 
990 282 6 18 0.012723911 
250 374 4 9 0.012713715 
747 176 7 19 0.0127033945 
135 293 6 17 0.012700918 
865 334 4 12 0.012698253 
655 -33 10 26 0.012662416 
901 323 5 11 0.01264199 
603 212 8 20 0.012637462 
145 295 5 13 0.01259333 
887 -29 7 19 0.012577001 
268 53 14 42 0.012564038 
230 16 13 31 0.012546404 
630 60 33 108 0.012542925 
692 -10 12 18 0.012539666 
192 195 13 28 0.01250642 
69 464 6 12 0.0124942 
666 51 12 45 0.012490518 
184 247 6 9 0.01248003 
594 190 7 21 0.012471212 
695 -39 7 17 0.0124603 
233 -32 9 25 0.01245787 
52 226 10 21 0.0124429725 
287 373 5 11 0.012426243 
682 -39 8 17 0.012418668 
608 258 6 13 0.012399283 
397 -9 12 17 0.01239197 
95 374 6 13 0.012380473 
220 80 84 129 0.012373176 
490 -41 8 24 0.012318209 
784 -49 7 15 0.012305573 
899 240 8 19 0.0123024145 
80 135 8 27 0.012279429 
960 292 11 21 0.012258527 
771 -49 8 15 0.012258065 
527 -10 10 17 0.012227445 
27 399 10 38 0.012221855 
732 160 9 25 0.012221781 
296 -34 11 28 0.012209209 
730 62 11 45 0.012207133 
758 -49 8 15 0.012205361 
312 358 5 13 0.012203246 
4 264 6 24 0.012202465 
321 -34 11 28 0.012199534 
309 -34 11 28 0.01217016 
7 -163 53 180 0.012161483 
898 86 8 24 0.012161232 
199 250 5 8 0.012156443 
879 296 5 15 0.012151599 
224 320 6 15 0.012129789 
379 283 4 14 0.01212415 
2 5 10 36 0.012117145 
615 79 11 35 0.01210189 
334 -34 11 28 0.012101349 
246 -32 9 25 0.012101099 
361 148 28 88 0.012087801 
619 -40 7 20 0.0120862005 
208 -32 9 24 0.012080964 
887 64 6 17 0.012075309 
608 234 5 12 0.012059153 
147 258 5 12 0.0120505085 
223 425 6 14 0.012044187 
39 460 9 16 0.012025103 
965 -39 6 17 0.01201507 
669 -40 8 19 0.012004456 
834 59 11 26 0.011990426 
477 -42 8 25 0.011978676 
968 312 53 86 0.011976753 
608 245 5 12 0.011965517 
263 384 5 12 0.011955183 
711 311 4 10 0.011945026 
404 396 80 57 0.011943934 
774 75 6 21 0.011937207 
209 297 5 13 0.011923441 
705 -10 12 18 0.011914455 
159 15 17 32 0.011908041 
480 102 6 17 0.011901534 
337 348 4 11 0.011870755 
974 276 10 25 0.011867003 
724 18 123 180 0.01183399 
221 -32 9 25 0.0117982505 
438 138 6 22 0.011794978 
283 -34 11 28 0.01177578 
810 -48 7 14 0.011764847 
938 -38 6 14 0.011751367 
38 91 39 108 0.01173804 
759 60 8 28 0.011728391 
578 95 11 26 0.01171315 
615 26 11 42 0.011708879 
820 60 10 24 0.011698202 
111 266 6 19 0.011687533 
987 -10 8 15 0.011684373 
338 254 5 22 0.011661581 
743 66 10 42 0.0116607305 
337 135 30 86 0.011657602 
1016 162 7 23 0.011656532 
797 -48 7 14 0.011655532 
1001 160 7 24 0.011653489 
343 81 17 55 0.011633087 
395 115 38 107 0.011618249 
946 115 36 96 0.011618019 
517 56 6 13 0.011587232 
206 -12 10 18 0.011570053 
822 -48 7 14 0.011553503 
696 335 5 16 0.011547281 
912 84 8 26 0.011535652 
1016 110 7 27 0.011529209 
301 374 4 11 0.01150842 
346 -34 12 28 0.011487511 
658 -39 7 18 0.011470338 
37 -4 15 24 0.011444555 
1017 459 7 22 0.011426745 
786 182 7 17 0.011426647 
112 275 6 19 0.011423222 
1016 317 9 23 0.011420326 
410 -9 12 17 0.011418689 
146 463 5 12 0.011412996 
578 83 10 23 0.011410436 
802 215 16 38 0.011402515 
13 28 9 39 0.0113898525 
41 236 9 25 0.01134577 
669 55 31 109 0.011341951 
93 341 9 24 0.011332175 
514 -10 10 17 0.011327716 
141 9 85 114 0.01130177 
42 228 7 17 0.011294579 
233 59 10 25 0.011289697 
258 -33 10 26 0.011284019 
899 -29 8 19 0.011272991 
235 -40 7 20 0.011263094 
183 -31 8 23 0.011240528 
426 172 8 25 0.011239717 
389 293 9 18 0.0112372795 
146 243 6 14 0.011232093 
214 230 78 127 0.011217429 
629 -33 10 26 0.01121295 
271 -34 10 28 0.011207225 
912 177 8 19 0.011200501 
465 -42 7 25 0.011189928 
14 156 8 34 0.011185781 
603 176 8 22 0.011180203 
4 277 6 24 0.011169413 
325 48 27 95 0.011167669 
642 -33 10 26 0.011165979 
976 295 9 15 0.011161758 
948 289 11 27 0.011154812 
261 166 6 18 0.011148681 
288 396 6 16 0.011143394 
276 404 7 21 0.011137227 
876 281 7 16 0.011131684 
652 71 15 52 0.011105155 
65 225 12 24 0.011101636 
553 186 12 22 0.011064206 
831 339 12 22 0.011063444 
835 -48 7 15 0.0110627245 
745 -49 8 15 0.011056456 
454 115 6 18 0.011040514 
384 165 12 39 0.011029627 
777 -275 243 176 0.01102702 
220 -11 9 17 0.01102506 
250 53 34 98 0.011015312 
176 19 15 25 0.011008322 
699 321 4 13 0.01100638 
288 361 5 12 0.011004159 
969 96 90 145 0.010987306 
951 -39 6 15 0.01097161 
694 400 9 39 0.010971198 
750 380 66 74 0.010959391 
107 189 8 18 0.010947246 
157 382 10 14 0.010937055 
949 -29 9 21 0.010933852 
848 -48 7 15 0.0109268 
718 -10 12 18 0.010922547 
93 453 5 11 0.010921817 
757 464 8 11 0.010920694 
12 -270 60 90 0.010911654 
57 200 6 10 0.010905598 
55 462 7 14 0.010895537 
260 407 7 19 0.010882806 
792 -3 15 18 0.010874488 
423 -9 12 17 0.0108505 
200 406 5 18 0.01084589 
360 -33 11 27 0.010845057 
780 -4 16 19 0.010844974 
704 139 13 41 0.010844723 
13 401 9 40 0.01084296 
562 96 12 25 0.010838154 
356 69 16 54 0.010823134 
424 273 9 24 0.010822818 
912 163 9 23 0.010816193 
353 134 90 130 0.010812867 
513 433 10 15 0.010805455 
186 338 4 10 0.010796946 
787 65 5 15 0.010796599 
922 103 13 38 0.01078588 
716 46 13 48 0.010778952 
644 -40 7 19 0.010760461 
689 93 34 107 0.010749097 
925 -29 8 19 0.0107461065 
822 -11 8 16 0.010732727 
565 187 9 24 0.010719254 
133 463 6 12 0.010707811 
15 303 6 27 0.0107056545 
822 -3 10 16 0.010685227 
492 51 6 18 0.010679198 
219 19 12 26 0.010663129 
664 71 15 52 0.010658955 
912 -28 8 18 0.010634419 
505 55 7 14 0.01060626 
1003 461 6 19 0.010591756 
632 -40 7 20 0.010584761 
452 -41 8 23 0.010571861 
207 162 11 23 0.010570807 
897 225 10 22 0.010548249 
501 -10 10 17 0.010510781 
685 241 5 21 0.010502987 
557 251 5 23 0.010480482 
107 171 10 26 0.010479281 
730 29 11 38 0.010478802 
427 233 7 12 0.010477061 
479 63 7 19 0.010458781 
225 440 4 10 0.010451268 
653 79 31 112 0.010420107 
488 99 11 23 0.010390899 
962 460 9 23 0.010378236 
51 102 13 40 0.01037587 
226 232 5 12 0.010367383 
423 144 10 32 0.010362273 
885 255 8 19 0.01033376 
175 298 4 10 0.010332053 
467 37 85 125 0.0103301555 
734 192 7 16 0.010282132 
962 54 9 37 0.010230015 
923 110 31 92 0.010218116 
33 228 5 16 0.010209735 
286 163 7 21 0.010205865 
874 109 11 28 0.010204884 
722 312 5 11 0.010199923 
346 138 13 43 0.01019688 
151 370 12 16 0.010189525 
718 142 11 35 0.010185857 
544 270 5 15 0.010184231 
218 -5 16 24 0.010174238 
936 -29 9 20 0.01017273 
924 30 9 33 0.010171861 
774 62 5 20 0.010166355 
94 88 7 21 0.010162757 
37 469 12 20 0.01016128 
272 166 7 17 0.010146486 
32 208 5 14 0.010145208 
672 332 5 16 0.010142297 
569 254 5 19 0.010142066 
310 159 9 25 0.010127801 
911 17 9 26 0.010127218 
337 297 4 12 0.010126004 
945 -9 81 104 0.010124637 
375 -41 8 22 0.010122984 
49 -5 17 25 0.010099541 
899 21 8 21 0.010088201 
204 191 10 32 0.010084269 
328 359 5 12 0.010081906 
814 55 6 11 0.01007988 
901 255 6 18 0.010069683 
358 149 14 45 0.010068771 
203 -4 15 21 0.010068139 
601 425 14 30 0.010063759 
558 281 5 16 0.0100492565 
225 246 4 11 0.01001201 
