3_Riot_Riot_3_522
3745
120 159 21 35 0.9964179 
496 156 13 20 0.9656376 
187 192 20 33 0.9452165 
226 209 17 27 0.9356775 
413 150 10 16 0.8940471 
633 207 24 31 0.8897813 
411 204 26 39 0.87549275 
460 151 9 15 0.8042698 
887 195 20 32 0.7920615 
440 155 11 17 0.6981914 
487 151 12 16 0.67374873 
448 152 11 15 0.6465185 
217 207 17 26 0.5505683 
388 207 13 25 0.5330602 
13 152 10 24 0.48189944 
419 182 15 21 0.4676098 
534 267 12 30 0.43423617 
419 151 10 16 0.42944366 
375 151 9 16 0.42523298 
478 186 12 24 0.41111577 
220 143 8 17 0.36893454 
223 139 5 12 0.3600565 
73 183 15 22 0.28976414 
172 131 7 16 0.2797221 
459 184 11 22 0.26871672 
528 206 11 23 0.26694176 
480 150 7 12 0.25525215 
664 185 11 16 0.24805266 
269 198 13 24 0.24761839 
180 146 8 16 0.24663146 
270 172 7 14 0.24075583 
206 206 13 23 0.23175088 
423 175 11 16 0.22606242 
383 149 9 16 0.22230573 
145 417 7 17 0.21843585 
564 249 14 18 0.21455559 
20 46 7 15 0.20758532 
198 195 15 27 0.20713975 
855 159 11 23 0.20372497 
236 216 17 24 0.20177029 
41 35 7 13 0.19743374 
784 388 8 14 0.19376138 
335 59 11 21 0.1908985 
207 160 6 13 0.18564536 
24 45 9 15 0.18546253 
945 311 15 21 0.18542418 
924 247 11 24 0.18370986 
590 57 8 13 0.18260525 
524 216 12 25 0.17933255 
184 110 6 13 0.17848937 
473 197 14 29 0.17783058 
4 510 9 32 0.17779317 
263 171 7 13 0.17762531 
965 316 10 15 0.17463017 
688 222 12 15 0.17369677 
263 167 5 11 0.17153488 
167 83 8 13 0.16633053 
268 400 8 16 0.16420181 
179 137 7 15 0.16410646 
357 181 12 30 0.16238528 
727 47 10 15 0.162286 
1013 209 10 16 0.15987091 
88 184 13 21 0.1587417 
964 149 8 15 0.15851225 
734 98 9 14 0.1583744 
757 226 11 19 0.15751308 
314 135 7 17 0.15313733 
219 176 7 12 0.15297107 
575 254 11 14 0.15228483 
808 33 7 11 0.15206318 
245 190 8 13 0.15205716 
1002 61 7 11 0.15114756 
156 172 10 20 0.15068252 
460 175 10 17 0.1502239 
273 186 7 15 0.14919698 
512 219 12 25 0.14851244 
742 150 11 15 0.14837457 
41 59 10 18 0.14731811 
682 225 10 14 0.14564388 
315 125 5 11 0.14551291 
797 285 10 15 0.14413448 
180 124 6 13 0.14372581 
65 46 7 12 0.14296424 
1013 59 9 14 0.14096859 
928 252 15 34 0.14035827 
320 92 8 19 0.13991207 
225 224 20 31 0.1393968 
197 447 6 11 0.13836306 
478 158 9 14 0.1363093 
185 104 5 10 0.13549967 
194 176 11 18 0.1347975 
165 172 11 19 0.134569 
200 160 6 13 0.13442847 
174 114 5 10 0.1342766 
604 535 6 11 0.13406083 
384 181 12 27 0.13253444 
4 437 8 24 0.13184911 
658 101 5 9 0.13163286 
774 152 7 13 0.13047619 
250 62 6 11 0.12998138 
277 198 11 22 0.12937358 
874 340 9 12 0.12904757 
6 636 6 15 0.12859887 
592 52 6 10 0.12837145 
29 664 7 10 0.12825774 
147 327 5 14 0.12806138 
951 51 7 10 0.12715444 
510 186 10 18 0.12705664 
600 553 13 22 0.12683024 
40 638 8 10 0.12669685 
243 198 12 16 0.12647752 
315 161 6 18 0.1264447 
386 191 15 30 0.1263581 
343 232 10 21 0.12490042 
335 233 11 22 0.1243017 
210 175 7 14 0.124289095 
319 133 8 19 0.122025706 
905 205 15 27 0.12191502 
214 228 18 28 0.12160679 
671 99 5 9 0.1210884 
21 663 5 10 0.11900335 
257 61 6 11 0.118945606 
899 339 9 13 0.11890761 
583 60 6 12 0.118681476 
163 85 5 12 0.11816287 
723 47 9 15 0.11807615 
412 183 14 21 0.11732736 
173 146 7 15 0.11698632 
498 166 12 19 0.11588206 
159 75 7 12 0.11579237 
850 150 8 16 0.11572148 
209 152 6 12 0.11488723 
600 246 16 25 0.11454101 
755 147 9 14 0.11433149 
5 647 6 15 0.114118814 
18 627 4 10 0.113757916 
1014 68 9 18 0.11285373 
882 338 12 14 0.112792395 
950 151 8 15 0.112574995 
248 71 7 13 0.11245985 
298 124 5 11 0.112289436 
878 514 28 31 0.11226124 
829 66 18 23 0.11109889 
665 178 10 14 0.11072536 
345 68 9 16 0.11002058 
673 92 4 8 0.11000562 
42 45 7 12 0.10986423 
209 221 12 18 0.1092616 
160 113 5 10 0.10903796 
887 176 9 14 0.108781196 
733 151 13 18 0.10853705 
895 176 10 15 0.10849877 
720 97 7 11 0.10844125 
145 102 5 9 0.107893124 
538 412 14 22 0.10735652 
502 73 6 12 0.10727994 
740 96 10 16 0.1071971 
757 46 8 12 0.10652517 
319 159 7 21 0.10612972 
534 217 11 23 0.106028415 
322 111 6 15 0.1059571 
389 353 8 14 0.10560267 
596 257 18 27 0.105518565 
32 637 7 11 0.1054468 
987 373 13 28 0.10522953 
237 73 5 11 0.10520443 
442 244 15 25 0.10495505 
257 211 11 18 0.10485596 
90 208 12 23 0.10483204 
295 224 10 18 0.10478649 
365 151 6 14 0.10472932 
314 170 6 16 0.104362346 
19 638 4 11 0.104264334 
168 164 8 13 0.10413171 
219 186 9 15 0.103563726 
34 -1 157 225 0.10352621 
885 184 15 24 0.10351469 
911 48 7 11 0.10336073 
660 92 4 7 0.10318542 
951 60 8 12 0.103171 
135 103 5 9 0.10282002 
587 261 15 20 0.10266432 
535 196 12 24 0.10250445 
713 92 4 7 0.10250426 
258 73 6 11 0.102447286 
369 222 12 21 0.10236892 
1009 362 15 20 0.10204385 
949 71 10 16 0.101785675 
970 322 11 17 0.10160004 
1005 0 4 9 0.10131985 
548 415 13 22 0.10094508 
1002 68 7 15 0.100922346 
705 418 9 11 0.100806765 
220 163 6 12 0.100806296 
815 65 21 29 0.100523405 
309 232 12 31 0.10048689 
924 240 8 16 0.10010358 
517 100 6 12 0.09996297 
514 197 8 18 0.09970795 
849 368 6 12 0.09943485 
161 103 5 8 0.09918359 
21 652 4 10 0.09902954 
877 1 4 7 0.098978885 
979 0 4 9 0.09874494 
685 93 4 7 0.09841843 
603 547 9 15 0.09829384 
996 456 19 14 0.098263346 
7 624 5 15 0.09817173 
721 93 5 7 0.098152116 
58 431 5 10 0.09810354 
605 524 6 9 0.097927496 
1005 54 5 9 0.09790409 
19 585 4 13 0.097776376 
414 60 7 14 0.09767895 
955 0 5 9 0.097425364 
873 164 9 16 0.09736202 
964 0 5 9 0.09666351 
536 252 10 21 0.096522756 
898 162 8 13 0.09641249 
267 398 5 11 0.09602882 
730 56 9 14 0.09576481 
30 652 6 9 0.095763154 
44 664 6 10 0.09573404 
962 61 9 12 0.09573172 
641 188 10 14 0.09557856 
565 344 9 14 0.095452115 
529 99 5 11 0.09537742 
478 143 7 10 0.09516166 
154 328 6 15 0.09474545 
59 46 6 12 0.09428284 
684 98 5 9 0.09385808 
839 67 18 21 0.0936194 
677 183 14 20 0.09357005 
870 69 10 16 0.09341195 
999 227 7 11 0.09333571 
173 102 4 9 0.09327737 
639 456 9 14 0.092950284 
15 67 7 19 0.092806906 
161 134 6 14 0.0925004 
864 0 5 8 0.09249871 
426 71 7 14 0.09246313 
764 222 11 23 0.09233174 
852 1 4 7 0.092078954 
196 455 7 13 0.09206441 
1015 52 7 12 0.09176254 
14 142 9 18 0.091595866 
735 238 7 13 0.09149813 
883 333 10 10 0.091392346 
516 71 6 13 0.0912133 
492 76 6 11 0.09118712 
953 39 5 8 0.091170385 
902 49 7 11 0.090947 
948 157 9 16 0.09077735 
857 68 13 18 0.09073893 
1003 214 6 10 0.0906673 
900 402 7 21 0.09057888 
890 1 4 8 0.09056281 
609 318 65 64 0.090466715 
414 71 7 14 0.09043844 
225 131 4 9 0.09032314 
18 599 4 12 0.09030779 
806 282 7 11 0.090232834 
516 110 7 13 0.09022195 
874 333 9 10 0.08988667 
389 342 6 12 0.08987749 
251 52 5 10 0.08969722 
398 182 12 22 0.08963865 
668 137 7 13 0.08956147 
1017 8 7 14 0.08954316 
313 185 8 21 0.089464374 
34 627 4 9 0.08943841 
217 201 12 19 0.0892492 
947 305 11 16 0.089201264 
819 62 14 17 0.08891867 
206 229 16 25 0.08879611 
516 63 7 10 0.088630006 
911 163 7 12 0.08844765 
16 114 6 16 0.08843658 
154 337 6 19 0.088358864 
809 29 5 8 0.08820738 
542 184 9 19 0.088109896 
197 406 5 12 0.08796879 
899 60 7 11 0.087903075 
975 238 8 13 0.08783268 
137 461 4 11 0.087485656 
315 115 5 11 0.08738947 
203 183 11 21 0.087371945 
528 111 6 13 0.08732588 
388 235 10 20 0.08726795 
16 57 8 16 0.08724795 
962 52 6 9 0.08698626 
318 184 10 23 0.08688006 
194 110 6 13 0.08683446 
452 193 12 24 0.08657873 
887 432 6 12 0.08647926 
997 237 9 14 0.08632649 
6 610 5 15 0.08601931 
402 74 6 12 0.08589791 
132 8 7 11 0.085590854 
196 395 5 12 0.08555872 
504 64 6 10 0.08546591 
326 60 8 17 0.0853626 
427 100 6 12 0.085356854 
337 84 7 14 0.08532405 
402 60 6 13 0.08527438 
285 33 5 11 0.08487245 
94 98 7 12 0.08463601 
827 233 15 24 0.08432475 
632 458 8 13 0.0841924 
712 98 5 9 0.08416772 
394 350 10 19 0.08410049 
239 229 16 26 0.08403493 
269 237 9 16 0.08398213 
706 291 9 15 0.0839597 
383 157 10 17 0.083944164 
145 410 6 11 0.08375519 
323 123 5 13 0.08366711 
696 423 8 10 0.08363933 
680 234 11 16 0.0835949 
32 37 7 11 0.08332696 
696 38 7 10 0.08328325 
698 92 4 7 0.083190046 
895 69 9 18 0.08315875 
821 615 257 293 0.0831578 
4 469 5 14 0.08314299 
327 69 7 16 0.08313383 
689 234 11 17 0.08284519 
200 153 5 12 0.08284458 
491 83 6 13 0.08284075 
1013 319 8 12 0.082805924 
915 0 5 8 0.08277269 
122 110 5 10 0.08263568 
909 151 8 13 0.08259634 
183 160 7 14 0.08244016 
269 223 10 18 0.08242448 
857 150 8 17 0.082362436 
801 34 5 10 0.08221085 
478 76 6 11 0.082067415 
276 86 5 10 0.08204652 
505 100 5 12 0.0817846 
360 173 10 21 0.08167238 
312 144 8 19 0.08154898 
781 151 6 13 0.081393495 
965 141 6 11 0.081330374 
459 276 12 17 0.08132129 
962 156 9 18 0.08131851 
1006 320 5 9 0.081134416 
692 264 9 14 0.08107024 
25 157 8 21 0.08105828 
958 68 13 18 0.080924444 
884 68 10 17 0.08089529 
1011 325 12 17 0.08081045 
316 87 5 14 0.08076456 
146 319 5 12 0.080633394 
434 196 12 22 0.080615826 
992 228 6 10 0.08054881 
80 96 9 15 0.08051929 
526 233 10 22 0.080461755 
693 286 12 19 0.0803655 
887 61 7 12 0.0803176 
885 49 7 11 0.08021684 
721 420 8 10 0.08012353 
157 64 6 11 0.0800746 
161 127 5 10 0.07976861 
262 153 5 10 0.07971696 
376 181 9 24 0.07970069 
861 63 9 12 0.07963574 
662 249 14 16 0.07952495 
41 24 5 11 0.079412766 
430 206 16 28 0.0793921 
598 525 4 9 0.07935997 
976 229 6 10 0.07930401 
136 271 17 32 0.079303056 
991 237 8 14 0.07912235 
503 85 6 13 0.07903136 
503 184 10 18 0.078976616 
90 194 12 21 0.07864647 
528 63 7 10 0.078613676 
706 318 8 14 0.078570396 
144 474 5 10 0.078482844 
19 612 4 12 0.0784795 
939 71 8 13 0.07841906 
415 100 5 12 0.07830836 
861 339 8 12 0.07818409 
590 254 11 14 0.07817288 
453 171 8 17 0.07800695 
792 388 9 15 0.07800105 
719 318 8 12 0.077718444 
389 100 5 11 0.07769181 
427 482 6 13 0.07762094 
717 300 9 13 0.077616565 
579 86 6 14 0.07755111 
299 117 5 10 0.07751739 
564 242 12 14 0.07749434 
323 234 11 24 0.07745842 
290 125 5 11 0.077392876 
914 235 8 17 0.07733426 
1016 -1 6 12 0.07732386 
579 262 9 14 0.0771151 
290 115 4 11 0.07709169 
362 224 10 20 0.07698455 
609 220 10 21 0.07694077 
876 8 5 9 0.07679779 
632 280 93 92 0.07679184 
979 8 5 10 0.076721504 
613 217 14 25 0.0767175 
581 69 7 14 0.07658336 
491 51 6 10 0.076511554 
232 137 5 13 0.07636305 
413 46 7 15 0.07635309 
133 109 6 11 0.07618729 
401 87 6 11 0.07618478 
376 100 6 11 0.076167464 
678 427 9 15 0.07607062 
426 62 6 12 0.07604328 
974 248 9 17 0.07603815 
731 420 8 10 0.0760081 
525 185 11 18 0.0758864 
993 399 18 26 0.07570772 
566 274 10 15 0.075683504 
808 48 9 13 0.07567836 
991 62 7 12 0.0754503 
795 385 6 10 0.07538775 
964 238 8 13 0.07537988 
69 -1 6 10 0.07522448 
137 472 4 10 0.075221434 
528 72 7 11 0.07512506 
94 89 5 10 0.075091206 
255 235 12 19 0.07505502 
235 189 7 12 0.075042374 
964 7 5 10 0.07493853 
335 48 8 11 0.0748868 
864 9 5 9 0.0748794 
836 173 7 18 0.07487899 
801 86 6 13 0.07475514 
748 49 7 10 0.074695215 
364 259 7 15 0.074595585 
440 61 6 12 0.074503005 
734 109 8 13 0.07447263 
903 1 5 8 0.07443013 
745 60 7 12 0.074365936 
453 143 7 9 0.074269935 
861 380 6 11 0.0742223 
516 87 6 12 0.07411112 
463 143 8 9 0.073980734 
432 184 11 18 0.0739249 
374 383 6 10 0.07385681 
43 650 6 10 0.0738451 
11 514 8 27 0.07379384 
1015 145 9 19 0.07369574 
986 364 10 23 0.073630966 
184 626 6 9 0.07356327 
370 259 10 19 0.07352273 
604 237 12 20 0.073488824 
26 150 7 16 0.073482566 
489 170 9 17 0.07348217 
68 175 11 17 0.07337397 
722 230 7 10 0.07331676 
910 219 11 21 0.0732946 
783 396 9 23 0.073279664 
886 165 8 12 0.073246576 
940 63 6 9 0.07289429 
783 194 7 21 0.07286579 
145 35 5 13 0.07285539 
147 111 5 10 0.072828405 
376 127 5 12 0.07281872 
975 61 9 12 0.07279235 
1016 224 9 15 0.07269185 
529 50 7 10 0.07265438 
196 65 6 10 0.07257238 
532 259 10 22 0.072488256 
787 47 8 12 0.0724781 
683 37 7 10 0.07243865 
693 278 10 14 0.07237831 
781 159 7 16 0.07234042 
58 39 5 11 0.072325855 
562 301 12 22 0.07221223 
648 197 16 23 0.07210072 
54 380 8 13 0.072011955 
605 509 5 11 0.07192957 
401 46 7 15 0.07183276 
57 423 4 10 0.07180972 
458 286 14 19 0.071745574 
462 200 14 26 0.07174386 
107 103 6 10 0.071714185 
1017 23 7 13 0.071621746 
889 37 5 9 0.07157204 
911 176 8 13 0.07148602 
851 378 6 12 0.07140458 
705 276 9 15 0.071262985 
54 367 7 12 0.0712479 
133 37 5 12 0.07115216 
681 265 11 13 0.07110732 
954 7 5 10 0.07106038 
437 172 10 16 0.07089731 
632 190 9 11 0.07086902 
849 165 10 23 0.07078844 
426 419 6 11 0.07073357 
610 246 15 23 0.07072653 
584 53 5 9 0.07057817 
4 480 5 16 0.07053474 
962 249 8 17 0.07052833 
902 37 5 9 0.07052536 
734 74 6 10 0.070310116 
940 153 7 12 0.070294224 
402 101 5 11 0.07025172 
579 96 7 17 0.070220485 
809 70 11 20 0.069968216 
898 153 9 13 0.06993229 
942 52 5 9 0.06976554 
793 298 11 18 0.069592305 
379 343 5 9 0.06954196 
656 109 7 11 0.06951082 
26 672 12 17 0.069496065 
659 187 10 14 0.069494896 
783 171 7 19 0.06936146 
973 147 8 15 0.069332905 
439 142 7 11 0.069290094 
838 1 5 8 0.06925549 
672 52 5 8 0.06911884 
603 498 6 12 0.06909876 
446 235 12 21 0.06897349 
875 381 9 14 0.06894733 
983 349 11 24 0.068940975 
851 8 5 9 0.068891145 
851 340 6 12 0.06880486 
650 248 16 18 0.06877715 
389 365 7 13 0.06863172 
748 2 5 6 0.06852845 
719 326 7 13 0.06849982 
553 36 182 225 0.068499334 
757 199 7 15 0.06834903 
122 105 4 8 0.06832049 
950 287 9 17 0.06831568 
758 97 7 12 0.06829894 
722 238 7 12 0.06823183 
503 51 7 9 0.06819065 
375 213 9 18 0.068118505 
566 262 10 14 0.068061836 
637 444 12 17 0.06804742 
138 169 13 24 0.06801433 
871 63 8 11 0.067799374 
6 596 5 16 0.067796804 
734 230 7 12 0.06774036 
373 284 9 25 0.0677282 
826 1 4 7 0.0677187 
833 180 8 23 0.0677162 
718 293 8 13 0.06768075 
504 299 8 20 0.067638926 
267 247 12 20 0.067544445 
8 150 7 17 0.06753789 
861 432 6 11 0.06750858 
389 88 5 10 0.0674922 
440 100 6 12 0.06745026 
579 108 8 19 0.06742281 
664 237 14 16 0.06722706 
1005 8 4 10 0.06717394 
860 448 6 10 0.067098156 
70 6 6 13 0.06704537 
372 273 10 22 0.06699152 
963 38 6 9 0.066934325 
934 240 9 16 0.06681402 
870 268 10 23 0.06675566 
913 39 5 8 0.06674817 
844 63 11 13 0.06670149 
928 0 4 9 0.06669107 
603 59 8 12 0.06661452 
657 525 6 9 0.06648839 
783 340 8 16 0.06648002 
19 574 4 13 0.06647583 
121 48 6 12 0.06641918 
68 193 10 18 0.066391274 
375 371 5 9 0.06636882 
16 81 7 17 0.06632984 
197 419 5 12 0.066261396 
238 66 5 9 0.066213116 
387 140 7 11 0.06614588 
576 273 12 18 0.06614084 
890 7 5 9 0.0661381 
603 442 7 12 0.06612819 
486 296 12 23 0.0660255 
798 137 6 13 0.06599349 
947 271 11 25 0.06596845 
427 85 6 13 0.06596397 
670 111 5 10 0.065921485 
776 319 5 12 0.065918684 
799 92 8 19 0.06587098 
548 173 9 19 0.06582456 
324 41 6 10 0.06582068 
298 368 7 14 0.06580995 
330 243 13 23 0.065800354 
526 174 9 12 0.065765694 
487 290 8 15 0.065743044 
104 279 6 13 0.065648586 
350 86 6 12 0.06563329 
991 215 7 10 0.065613024 
781 181 8 23 0.06560313 
664 264 14 14 0.065564364 
282 186 7 16 0.06555762 
146 90 5 9 0.06554529 
463 232 11 23 0.065533414 
389 75 6 11 0.06548944 
529 89 5 10 0.065463796 
28 54 9 17 0.06544606 
371 252 8 15 0.06543055 
298 136 5 12 0.06540565 
784 329 7 12 0.06540549 
672 429 8 16 0.06538353 
912 57 6 12 0.06535956 
301 352 6 16 0.06534984 
363 100 6 11 0.065343246 
821 180 9 24 0.06529303 
961 290 8 14 0.06522353 
1016 137 8 16 0.06520956 
256 223 10 17 0.06520568 
317 95 5 14 0.06519372 
336 109 7 17 0.06514614 
861 333 7 11 0.0651322 
404 150 8 13 0.06512687 
975 308 7 9 0.06512072 
389 60 6 13 0.065097764 
691 252 9 13 0.06506063 
360 211 9 18 0.06494154 
377 140 6 11 0.064940244 
445 258 15 22 0.064872116 
681 48 6 10 0.06479293 
860 260 10 23 0.06478183 
645 178 6 13 0.06475452 
285 28 5 9 0.064754054 
479 65 4 8 0.06472551 
696 99 5 9 0.06469058 
111 118 1226 956 0.06468858 
924 266 12 27 0.064687 
255 244 13 23 0.06462423 
796 123 6 15 0.064614065 
320 169 8 19 0.06460699 
808 225 8 15 0.06459878 
414 86 6 12 0.064578936 
1016 35 8 13 0.0645551 
211 406 5 11 0.06451844 
50 68 8 18 0.06447148 
845 221 10 19 0.064443864 
529 248 10 25 0.06439289 
459 262 13 20 0.06437772 
528 123 6 13 0.06430836 
376 88 5 10 0.06430421 
744 234 9 16 0.06429351 
492 100 5 12 0.06427167 
595 40 5 7 0.06416325 
940 160 8 12 0.06412859 
426 494 9 16 0.0641053 
941 0 5 9 0.06410526 
808 60 9 15 0.06406846 
672 38 6 8 0.06406646 
389 113 6 12 0.064035654 
310 225 8 17 0.06394274 
1013 78 11 23 0.06392961 
742 109 10 15 0.06391615 
683 140 7 12 0.06391378 
19 -3 6 11 0.06390743 
513 175 9 13 0.063866414 
231 147 7 14 0.063851655 
541 62 6 10 0.063837856 
479 83 5 13 0.06377932 
421 453 11 25 0.063769385 
786 278 8 12 0.0637463 
797 49 7 12 0.0637451 
947 77 11 21 0.06369958 
326 46 7 11 0.06364207 
67 39 6 10 0.06361182 
493 64 5 9 0.06355784 
297 161 7 14 0.06352837 
822 235 12 20 0.06344549 
536 238 10 17 0.06343646 
991 0 5 9 0.06338326 
998 448 14 11 0.063380696 
748 228 7 14 0.06335695 
96 36 5 12 0.063244686 
376 170 9 20 0.063227005 
770 212 8 15 0.0631707 
974 337 13 23 0.06313707 
744 121 9 15 0.063127026 
272 150 6 12 0.06312411 
773 197 7 17 0.06302179 
679 251 10 13 0.062990725 
482 199 14 29 0.06296812 
18 471 4 12 0.062895276 
701 187 12 18 0.06288406 
1014 157 10 21 0.06284125 
144 22 5 11 0.062813036 
148 337 6 17 0.062809415 
197 73 6 12 0.06280328 
121 500 4 7 0.06278798 
39 77 10 23 0.06278498 
348 248 8 16 0.06278152 
875 25 5 10 0.06275973 
783 414 8 18 0.062748164 
590 108 9 19 0.062742956 
385 391 8 15 0.06268657 
612 231 14 22 0.06268141 
711 2 5 6 0.062633656 
275 79 5 9 0.06259183 
425 504 9 16 0.0625818 
451 277 11 16 0.06256384 
557 250 10 17 0.06254935 
796 268 8 11 0.06246609 
503 111 7 13 0.06246329 
888 442 6 13 0.062458243 
375 74 7 12 0.06244779 
707 266 8 13 0.062407553 
668 164 8 14 0.06236181 
991 10 5 9 0.06233976 
651 262 14 16 0.062287282 
197 36 5 12 0.06225926 
589 68 8 17 0.062188175 
705 428 9 12 0.062124416 
821 49 10 12 0.062024854 
375 393 7 11 0.06201622 
182 174 10 16 0.061992258 
121 37 6 11 0.061955903 
964 307 8 11 0.061935242 
438 72 7 13 0.061930507 
859 206 11 25 0.06191713 
516 52 7 9 0.06185938 
850 449 6 9 0.0618483 
807 80 10 20 0.061832823 
401 112 6 12 0.061814025 
480 52 5 9 0.061802037 
591 84 6 14 0.0617455 
402 177 8 15 0.06174189 
833 49 10 13 0.061704475 
927 8 5 9 0.06169527 
51 60 8 15 0.06149693 
553 273 9 19 0.061470564 
707 300 8 15 0.06144873 
722 56 8 14 0.061443668 
13 506 6 19 0.061356027 
825 289 7 11 0.061261468 
909 340 8 15 0.061221275 
213 140 5 10 0.061210595 
745 72 7 11 0.061108146 
985 340 10 18 0.06108935 
157 317 6 13 0.060954895 
794 194 9 24 0.060945947 
799 224 8 16 0.060833935 
318 242 13 29 0.060785305 
949 173 9 16 0.060780246 
236 408 5 9 0.060777348 
452 100 6 12 0.060755644 
836 449 7 9 0.060701426 
802 29 5 8 0.060676847 
132 46 6 13 0.060651097 
1000 362 14 23 0.060631588 
453 85 6 12 0.060575534 
668 456 10 15 0.06047031 
859 369 7 12 0.06043702 
285 88 5 10 0.06042322 
670 149 7 12 0.060378466 
834 224 11 18 0.06026709 
849 359 5 10 0.060231593 
863 422 5 9 0.0602187 
728 290 11 14 0.060191456 
691 185 13 19 0.06015641 
53 252 6 12 0.06013409 
336 97 7 16 0.060130216 
809 458 9 13 0.06012625 
395 361 11 20 0.060118992 
299 151 6 12 0.06005594 
973 175 8 17 0.0599834 
734 91 6 10 0.059859045 
540 50 7 9 0.059817698 
683 146 8 14 0.059801243 
250 177 5 10 0.05978565 
412 176 10 15 0.059651125 
759 40 5 8 0.059613597 
65 145 9 19 0.059602108 
722 0 6 7 0.05960168 
365 159 6 14 0.059594944 
208 447 6 10 0.059587833 
783 318 6 12 0.0595599 
274 139 5 11 0.059532143 
450 286 13 18 0.059523124 
183 75 7 12 0.059465487 
363 87 6 11 0.059451442 
900 390 6 16 0.059359033 
353 372 4 8 0.05935813 
365 380 5 12 0.059355795 
82 89 7 11 0.0593329 
733 124 8 13 0.05932268 
874 351 8 13 0.059321318 
910 188 10 17 0.05931909 
57 408 4 10 0.0590766 
131 123 6 14 0.059028793 
645 50 6 10 0.058987 
373 408 8 14 0.058869164 
360 300 8 17 0.05880854 
883 380 7 15 0.05877439 
99 204 12 28 0.058750525 
82 -1 6 10 0.058747523 
67 433 5 10 0.058747414 
733 248 9 15 0.05872706 
361 331 7 13 0.058706034 
998 250 9 15 0.05868852 
385 273 10 23 0.05861879 
259 200 10 16 0.058567133 
19 558 4 16 0.058526177 
6 583 5 16 0.058520023 
921 226 9 15 0.058518067 
374 417 7 15 0.058461655 
121 61 6 12 0.058455367 
189 393 4 14 0.058435187 
388 380 8 14 0.05837646 
839 368 6 11 0.05834356 
732 319 7 11 0.058320485 
58 445 4 11 0.05827783 
949 227 8 12 0.058234926 
197 102 5 10 0.058218412 
235 128 5 10 0.05821708 
467 76 5 10 0.058163982 
352 379 6 13 0.058160085 
951 239 7 13 0.058130983 
289 136 6 12 0.058115553 
360 317 7 13 0.058106065 
580 121 7 17 0.05804199 
134 499 4 8 0.057978295 
196 49 6 11 0.057962067 
310 214 8 14 0.057902675 
170 20 6 14 0.057885677 
466 85 6 12 0.05782687 
806 120 9 20 0.057809766 
148 63 6 12 0.05777871 
747 202 8 14 0.05773552 
387 246 9 19 0.057727747 
499 326 14 41 0.057696186 
169 6 8 13 0.057623517 
186 64 6 10 0.057620645 
993 465 22 18 0.057514057 
899 430 7 16 0.057506014 
377 113 5 11 0.057472117 
591 97 8 16 0.05742887 
900 335 8 9 0.05738761 
665 223 11 15 0.05732803 
786 60 7 12 0.05732705 
978 53 6 8 0.05731484 
774 1 5 7 0.057313908 
477 289 10 16 0.057258986 
34 615 5 10 0.057257615 
1005 -11 4 10 0.057124257 
337 124 6 12 0.05709791 
845 234 11 19 0.05707553 
966 229 7 10 0.057073373 
337 173 7 15 0.05707045 
755 157 10 17 0.057067856 
837 9 5 8 0.057005055 
789 40 5 8 0.056995027 
849 37 7 9 0.05696779 
824 9 6 8 0.05694597 
988 249 9 16 0.05693153 
684 112 6 10 0.056923825 
659 513 5 7 0.05679944 
221 421 5 9 0.05676298 
198 435 5 10 0.056758624 
568 99 5 12 0.056742094 
890 27 4 9 0.056724794 
209 87 5 11 0.056691546 
172 473 5 9 0.05667839 
133 19 6 13 0.056613486 
755 247 11 19 0.056519955 
948 249 9 18 0.056516927 
66 135 8 18 0.056466784 
684 1 5 7 0.056421228 
237 420 4 9 0.056417316 
297 59 6 13 0.056251053 
205 244 15 22 0.056234762 
861 313 8 15 0.056231458 
200 139 5 11 0.056211777 
859 247 11 25 0.056190833 
185 49 5 11 0.056181435 
160 547 6 15 0.056084223 
580 150 7 13 0.05598786 
669 444 8 13 0.05597647 
182 636 9 13 0.055966467 
762 1 5 7 0.055948205 
792 401 10 20 0.05593155 
888 421 5 11 0.05592972 
350 99 6 13 0.055844836 
669 127 6 11 0.055794973 
156 193 11 23 0.055782214 
389 333 5 12 0.05577811 
580 161 6 13 0.05575923 
707 38 6 9 0.05572429 
333 198 10 20 0.055651724 
975 184 8 17 0.055622585 
440 86 5 12 0.055565264 
165 182 12 22 0.05555396 
477 174 9 16 0.05551057 
130 136 7 14 0.055504717 
598 534 5 11 0.055502918 
918 347 15 30 0.055499963 
660 137 6 12 0.055496875 
135 510 4 9 0.055449795 
580 135 7 16 0.05543913 
999 148 10 18 0.055415936 
543 176 8 15 0.0554097 
797 110 7 17 0.05538361 
648 101 5 9 0.055346053 
663 193 13 19 0.05534591 
845 207 11 24 0.055304587 
784 431 7 15 0.055290252 
959 276 9 18 0.055266917 
473 233 11 23 0.05525169 
975 139 8 13 0.055195726 
847 49 9 11 0.05518838 
899 109 7 16 0.05518188 
362 73 7 12 0.055091485 
971 69 13 16 0.055091232 
641 431 10 13 0.05500213 
958 467 14 15 0.054997105 
636 241 17 25 0.054952234 
448 403 13 13 0.054931965 
900 445 6 14 0.05492896 
26 169 9 21 0.054907445 
991 383 19 29 0.05489401 
154 418 7 15 0.054893255 
592 137 7 15 0.05489096 
222 407 6 10 0.054889627 
491 112 6 12 0.054879766 
107 36 6 12 0.0548781 
875 36 6 10 0.05483075 
913 124 6 13 0.05480375 
683 11 6 7 0.054749984 
901 27 5 9 0.05474253 
455 75 5 11 0.054723166 
1005 326 7 13 0.054674815 
185 37 6 11 0.054634035 
590 120 8 18 0.054575212 
832 288 7 13 0.054566108 
57 242 5 11 0.05449291 
926 52 5 9 0.05445718 
389 126 6 12 0.05444862 
875 421 5 10 0.054444347 
926 416 8 15 0.054413237 
758 58 6 12 0.0544126 
874 388 8 15 0.054270003 
784 208 8 18 0.054260228 
237 49 5 10 0.054258913 
223 22 5 11 0.05422946 
133 62 6 13 0.054210365 
732 328 7 11 0.054195132 
553 429 8 15 0.054194026 
911 111 7 14 0.054191586 
809 137 7 15 0.054174434 
660 179 7 13 0.05416897 
146 48 6 12 0.05415057 
437 256 13 22 0.05409672 
862 37 7 9 0.05408696 
912 138 7 13 0.05407418 
67 57 7 13 0.0540615 
171 35 6 11 0.05405292 
897 80 9 19 0.054008048 
159 36 5 11 0.054002203 
95 23 5 12 0.053983178 
650 274 16 20 0.0539714 
147 614 5 10 0.053921115 
999 157 11 21 0.053891912 
57 -1 5 9 0.053877093 
775 185 6 17 0.053830598 
170 352 6 19 0.0538155 
909 413 8 19 0.053776834 
557 344 8 13 0.053728443 
723 40 6 9 0.05372006 
134 75 6 10 0.05370404 
300 340 7 19 0.05369857 
145 496 7 12 0.053693052 
14 529 6 23 0.053686943 
389 47 6 13 0.053655736 
199 125 4 12 0.053596087 
807 103 9 24 0.05359184 
926 164 6 11 0.053591184 
277 34 5 12 0.053570576 
709 239 7 12 0.053504813 
349 110 6 14 0.053487968 
149 74 5 10 0.053465683 
729 301 9 12 0.053456638 
212 487 5 9 0.0534498 
941 8 5 9 0.053429537 
920 185 9 16 0.05342628 
472 217 12 26 0.053400096 
775 327 6 13 0.05338855 
568 111 5 13 0.053367108 
107 61 6 11 0.05336407 
18 7 6 14 0.053309012 
20 40 6 11 0.05329132 
308 351 7 17 0.053280436 
946 258 11 24 0.05326742 
56 124 6 15 0.05326594 
992 53 5 9 0.053243753 
298 379 7 13 0.053227227 
378 357 6 10 0.053208996 
960 261 9 18 0.053191025 
835 282 6 10 0.05316471 
42 396 6 11 0.05315331 
794 -205 225 182 0.053123206 
25 181 9 21 0.053099938 
928 151 7 12 0.053077485 
402 126 5 11 0.05305195 
108 23 5 12 0.053036 
68 98 8 15 0.05300546 
136 90 5 9 0.052994695 
417 422 5 10 0.052925527 
942 39 5 8 0.05285371 
759 214 7 12 0.05283116 
121 136 7 14 0.05281176 
95 63 6 11 0.052778225 
938 227 8 12 0.052744772 
14 208 7 20 0.052741688 
283 176 6 12 0.052739598 
426 410 7 11 0.052721307 
145 482 6 10 0.052666012 
691 195 12 18 0.05265655 
708 252 7 12 0.05265488 
260 188 7 13 0.052652076 
213 130 4 9 0.052636977 
671 81 4 7 0.052629393 
74 161 13 22 0.052586563 
798 212 7 17 0.052559808 
862 52 7 9 0.052537028 
964 173 9 17 0.05246888 
541 72 6 11 0.052465606 
863 25 5 9 0.052430816 
94 -1 5 9 0.0524059 
915 7 5 9 0.05239399 
44 430 6 12 0.05238294 
799 59 7 13 0.052371636 
478 114 7 11 0.052369777 
57 9 5 12 0.052352604 
373 297 9 21 0.052324977 
109 -1 6 9 0.05231226 
550 160 8 15 0.0522903 
885 390 7 14 0.052290052 
366 373 5 9 0.05228385 
454 129 6 10 0.05227332 
286 101 5 11 0.05227271 
58 98 6 14 0.052268293 
16 96 6 16 0.05225068 
196 385 5 10 0.05224345 
396 282 10 25 0.05220367 
604 471 6 12 0.052200556 
929 61 5 10 0.052138627 
953 27 5 9 0.052091543 
89 233 9 19 0.052082844 
696 45 7 11 0.052071895 
813 1 5 7 0.05204686 
679 198 12 15 0.0520192 
899 124 8 14 0.051973574 
737 1 5 6 0.051914915 
270 259 10 21 0.05187128 
413 35 6 12 0.05177774 
1016 277 9 16 0.051776856 
847 181 8 22 0.05177058 
94 6 6 13 0.05173501 
310 368 6 13 0.051695656 
978 26 5 9 0.051671863 
743 421 8 10 0.0516194 
861 184 8 18 0.051605873 
965 26 5 9 0.051577058 
722 112 7 11 0.051523108 
826 381 5 12 0.051522132 
767 454 12 20 0.051438056 
516 124 6 13 0.051420305 
974 158 8 17 0.05140946 
875 51 7 9 0.051406622 
210 35 5 12 0.05137914 
648 233 17 21 0.051377848 
902 8 5 9 0.05137031 
43 404 6 12 0.05136286 
466 101 5 12 0.051357705 
591 149 8 14 0.051355988 
642 465 7 13 0.051324796 
397 296 9 25 0.051305994 
45 423 6 10 0.05129477 
259 52 5 10 0.05127582 
834 457 8 11 0.05126908 
300 215 7 14 0.05126827 
153 426 7 17 0.05124523 
454 63 4 10 0.051213324 
415 144 6 10 0.05120844 
646 282 19 27 0.051153533 
420 272 14 24 0.05115217 
362 289 7 17 0.05113491 
847 275 8 17 0.05112031 
795 182 8 24 0.051105786 
446 416 14 14 0.0511024 
35 24 5 11 0.05107973 
926 138 6 12 0.051078092 
644 421 7 11 0.051021982 
416 432 6 10 0.05101596 
798 255 7 11 0.050949696 
642 34 6 12 0.0509132 
189 217 82 91 0.050890476 
87 105 83 106 0.05087492 
634 282 20 30 0.050869588 
110 487 4 8 0.050862234 
786 373 5 10 0.050828934 
188 382 4 13 0.05082393 
675 385 15 22 0.050823063 
476 244 10 22 0.050802287 
568 123 6 15 0.050794143 
729 429 12 13 0.050768707 
659 81 4 8 0.050760064 
605 52 6 9 0.050747868 
732 264 9 14 0.05072992 
210 99 5 10 0.050719716 
159 408 5 12 0.050709885 
633 61 6 11 0.050678298 
41 629 6 8 0.05065271 
675 377 15 17 0.050645255 
553 224 8 15 0.050640974 
855 469 15 20 0.050572317 
898 138 8 13 0.050556395 
749 39 5 8 0.050531395 
315 75 4 11 0.05050129 
649 92 4 7 0.05047372 
11 437 8 24 0.05043138 
770 427 9 17 0.050429527 
849 140 7 13 0.050400104 
95 48 6 11 0.05038906 
935 283 11 21 0.050367616 
478 127 6 10 0.050359197 
56 135 7 15 0.05034318 
975 263 8 14 0.05033803 
82 36 5 11 0.050337605 
709 8 6 8 0.050335053 
511 161 9 16 0.050330453 
286 227 8 14 0.050311487 
823 458 9 13 0.050292086 
936 432 8 14 0.050211724 
989 69 10 15 0.050203156 
505 208 10 20 0.05019561 
939 468 7 15 0.050140213 
604 437 7 10 0.0501156 
390 599 6 8 0.05008649 
807 91 8 22 0.05007609 
336 211 9 17 0.05002836 
989 447 11 10 0.05002523 
56 24 5 11 0.05000716 
796 238 7 14 0.049997825 
460 245 12 22 0.049985405 
955 141 5 11 0.04994859 
136 484 5 9 0.04991498 
697 2 6 6 0.049828216 
658 53 5 9 0.049803205 
271 368 7 14 0.04978475 
604 71 8 14 0.04977877 
479 102 5 11 0.049769774 
55 282 5 11 0.049741637 
261 368 6 14 0.04969223 
270 271 10 21 0.049686357 
210 496 6 9 0.04966538 
939 303 11 16 0.049624555 
182 87 6 11 0.049569674 
834 194 9 23 0.04954665 
566 599 7 13 0.04949224 
335 184 8 18 0.04943234 
852 437 5 8 0.049413554 
570 135 6 17 0.04939461 
873 153 8 14 0.04938954 
312 381 6 12 0.049371485 
236 85 5 11 0.04936401 
440 128 5 11 0.049315453 
435 275 13 19 0.049309634 
158 348 6 21 0.049302503 
308 251 13 32 0.049270418 
852 334 6 10 0.049263887 
592 160 8 14 0.049229253 
827 370 5 10 0.04922158 
376 61 6 12 0.04915795 
795 311 9 16 0.04915499 
897 351 10 16 0.049120292 
5 497 5 15 0.049110588 
236 178 6 11 0.0490916 
748 9 5 7 0.04907918 
683 424 7 11 0.04904595 
875 185 9 18 0.049011745 
1017 264 8 16 0.049002014 
978 215 6 12 0.048999637 
286 381 6 12 0.048974536 
350 215 7 14 0.04891842 
788 123 6 13 0.048901282 
436 286 12 19 0.048894342 
849 458 7 9 0.048889745 
670 502 5 7 0.048843917 
158 50 5 11 0.04879509 
66 237 8 15 0.048792306 
108 108 7 13 0.048768155 
337 41 7 8 0.048745867 
69 423 4 9 0.04874249 
710 112 6 11 0.04867027 
210 22 5 13 0.04866233 
549 210 10 19 0.0486445 
638 261 15 19 0.048631027 
170 340 5 15 0.04860521 
41 11 6 12 0.04856181 
801 74 7 12 0.04854117 
161 557 5 15 0.048541162 
852 396 4 11 0.04853757 
862 355 7 12 0.04850979 
301 77 5 10 0.04850355 
95 76 5 10 0.04847452 
784 224 8 17 0.048425883 
631 446 11 13 0.048404552 
680 459 7 12 0.048344288 
923 176 8 12 0.048317157 
81 48 6 12 0.04830579 
415 111 5 12 0.048305705 
720 430 9 11 0.048284434 
107 290 5 13 0.04826557 
56 394 6 11 0.04825857 
565 287 9 16 0.048245218 
835 35 8 10 0.04824461 
924 125 7 12 0.048239294 
851 407 5 11 0.0482084 
915 249 8 17 0.048195384 
860 140 8 13 0.048181437 
491 126 7 11 0.048164487 
679 177 10 15 0.048163168 
210 49 5 11 0.04816166 
310 341 7 18 0.048138194 
770 419 8 16 0.04813157 
599 496 5 12 0.048123296 
757 141 7 11 0.048116826 
577 174 8 14 0.048112527 
263 83 5 11 0.04807721 
211 433 5 11 0.04805345 
159 150 7 12 0.048025478 
145 437 7 17 0.048024073 
988 414 14 20 0.048013017 
796 418 7 14 0.04800658 
197 469 6 13 0.048005607 
940 80 9 17 0.047999192 
56 149 6 15 0.04799383 
170 544 9 19 0.047979772 
1012 338 12 19 0.04796888 
920 338 12 22 0.04795091 
211 421 5 11 0.047935925 
466 129 6 9 0.047929592 
570 90 5 10 0.047923196 
425 47 7 14 0.047917407 
427 111 6 13 0.04787068 
235 163 5 12 0.04786388 
1005 26 5 9 0.04780535 
761 90 5 9 0.04779353 
210 -2 6 11 0.047757097 
644 150 6 14 0.047741484 
223 394 6 10 0.047729254 
671 512 6 8 0.0477004 
450 205 11 22 0.047696613 
787 0 5 7 0.047670033 
209 76 5 10 0.047653846 
299 271 9 18 0.047647025 
122 124 5 13 0.047596227 
1 6 7 17 0.047592737 
927 431 7 14 0.047584847 
873 136 8 15 0.047517274 
1005 38 5 9 0.047505062 
679 276 12 15 0.04748286 
745 249 9 16 0.047479585 
569 149 7 14 0.047461346 
6 122 6 16 0.047442842 
659 127 6 11 0.04740647 
1017 240 7 13 0.04740284 
140 669 17 29 0.047381334 
745 379 7 15 0.047362387 
760 76 5 9 0.04735571 
863 408 5 10 0.047350246 
846 195 10 23 0.04734935 
838 438 5 8 0.047346964 
616 61 8 12 0.047298662 
502 125 7 13 0.04726642 
169 64 7 11 0.04725418 
351 196 8 19 0.047251582 
568 175 7 15 0.047248047 
142 195 11 20 0.047243144 
331 273 12 20 0.047223937 
822 228 9 14 0.047222115 
1000 264 8 14 0.047221307 
264 411 14 25 0.04719708 
848 264 9 17 0.04717794 
645 60 5 10 0.04717254 
874 408 6 11 0.047151905 
941 27 5 9 0.047148753 
471 258 12 23 0.047136787 
41 158 9 18 0.04713451 
299 50 5 11 0.047129326 
822 37 7 9 0.047114544 
330 257 12 21 0.047089975 
656 430 7 13 0.04708346 
33 575 4 10 0.04707856 
172 482 6 10 0.04706575 
868 245 13 27 0.047065254 
680 443 7 13 0.04703239 
989 148 10 17 0.047026265 
670 60 6 9 0.04702571 
871 316 11 17 0.0470143 
394 376 13 21 0.04697386 
247 398 5 10 0.04697299 
351 183 9 22 0.046971418 
173 365 5 19 0.046965826 
721 251 7 12 0.04692662 
797 172 7 18 0.04691383 
898 95 8 17 0.046904214 
857 220 11 21 0.046848897 
314 63 6 12 0.046836186 
745 91 7 10 0.0468176 
223 37 5 10 0.04681495 
618 201 10 16 0.046807647 
701 344 13 27 0.04678181 
554 151 6 14 0.04668957 
596 484 5 10 0.04667559 
569 162 7 14 0.04665132 
683 217 9 12 0.046610937 
196 310 51 77 0.046595335 
278 27 4 9 0.046595145 
17 543 5 21 0.046553917 
549 197 9 18 0.04653293 
695 113 6 10 0.046523113 
623 282 18 30 0.046517868 
811 447 6 10 0.046507966 
949 185 10 17 0.04649595 
466 113 6 12 0.04649465 
142 208 11 20 0.046478793 
136 320 4 11 0.046474066 
830 246 11 18 0.046462942 
120 0 6 8 0.046442296 
654 418 7 13 0.04643551 
757 111 7 14 0.046430904 
798 434 6 11 0.046420097 
574 299 11 20 0.046419874 
604 107 7 16 0.04640449 
691 145 9 16 0.046386052 
616 72 8 14 0.046384126 
950 468 10 14 0.046383083 
621 191 6 10 0.046350207 
860 301 8 19 0.0463172 
255 256 12 25 0.046314433 
108 89 6 9 0.046312116 
1000 79 11 21 0.046292383 
82 62 6 11 0.046287175 
912 351 9 19 0.046232447 
133 1 6 8 0.046220377 
858 235 10 20 0.04614687 
135 330 4 11 0.046137206 
109 7 6 11 0.046126075 
987 135 11 17 0.04608219 
774 340 7 16 0.04600668 
272 384 6 11 0.04597596 
142 10 7 10 0.045963332 
172 406 6 13 0.045905065 
83 76 5 11 0.045898505 
730 275 11 15 0.045894243 
999 685 10 21 0.045886144 
567 186 8 16 0.04581694 
576 241 10 13 0.04580138 
991 26 5 9 0.04578892 
722 27 5 7 0.045770545 
719 263 8 15 0.045770004 
748 28 5 7 0.045753594 
889 406 6 14 0.045726188 
850 25 6 10 0.04572544 
80 209 12 18 0.045692515 
592 264 90 84 0.045680325 
249 126 5 11 0.04562529 
436 233 14 25 0.045625176 
220 433 5 9 0.045581236 
199 87 5 11 0.04553444 
908 399 10 24 0.045517664 
783 445 8 15 0.04549456 
852 78 18 24 0.045466382 
772 38 6 8 0.045435242 
5 456 5 15 0.045435194 
912 430 7 15 0.04537677 
605 485 6 11 0.045356926 
66 160 10 18 0.045328338 
679 161 8 15 0.045323905 
868 79 13 22 0.045316815 
779 454 12 19 0.045312162 
918 210 10 18 0.045307115 
627 197 19 25 0.045284823 
542 428 10 17 0.045282315 
253 166 4 10 0.045259584 
919 197 10 18 0.04525199 
275 48 6 12 0.04522569 
226 76 4 9 0.045200586 
836 26 6 10 0.045181233 
56 110 6 14 0.04514484 
859 458 9 11 0.045144685 
774 8 5 8 0.045143515 
632 421 6 10 0.045116507 
312 394 6 13 0.045109406 
120 23 5 11 0.045089632 
658 457 7 12 0.045059174 
696 10 6 7 0.045041576 
307 269 10 20 0.0450268 
249 111 5 12 0.04500713 
286 369 7 13 0.044978537 
658 164 7 14 0.04497445 
364 112 5 11 0.044969413 
209 64 5 10 0.044961922 
895 247 11 22 0.04492299 
808 214 7 16 0.044912398 
912 446 7 13 0.044899378 
663 274 15 18 0.044879064 
914 26 5 9 0.044867508 
979 37 5 9 0.044863157 
820 193 10 23 0.04481859 
374 610 8 16 0.04481633 
66 122 8 17 0.04480293 
869 282 12 26 0.044759635 
254 271 12 24 0.044748228 
187 407 4 12 0.044720843 
286 78 5 9 0.04466413 
810 182 9 22 0.044617604 
659 60 6 10 0.044562288 
988 204 7 11 0.044518545 
744 264 9 13 0.044424046 
155 205 12 24 0.044389263 
468 51 4 10 0.044377934 
634 99 6 11 0.04437729 
184 616 5 9 0.044367827 
693 139 7 12 0.044324074 
350 174 8 16 0.04430097 
1017 253 7 15 0.044278435 
837 381 5 11 0.044235203 
488 144 8 11 0.04423145 
77 135 9 18 0.044191238 
631 73 6 12 0.04418214 
576 186 8 16 0.044157244 
634 33 6 11 0.044155583 
28 68 9 18 0.04412284 
910 334 7 10 0.044122286 
176 671 14 22 0.04405575 
402 35 7 12 0.044031102 
555 51 7 9 0.04401825 
660 37 4 8 0.04401454 
581 563 5 9 0.043998588 
812 11 5 7 0.043993562 
870 469 10 15 0.043988712 
770 47 9 13 0.043958534 
618 523 5 10 0.043951288 
722 77 5 9 0.043948792 
467 65 5 9 0.043935154 
322 290 8 13 0.04393423 
374 431 7 16 0.04393016 
709 48 6 11 0.043888226 
365 140 6 12 0.043870345 
371 617 11 21 0.04384827 
170 50 7 11 0.043844715 
733 40 6 8 0.04380029 
821 161 8 15 0.04378771 
884 211 17 30 0.043778248 
935 419 8 13 0.04376801 
627 245 15 22 0.043761026 
566 442 8 12 0.04374989 
742 273 11 17 0.043726727 
634 50 5 10 0.04370605 
458 297 15 21 0.043702498 
133 273 11 23 0.043692276 
928 459 6 12 0.04367156 
605 137 7 13 0.043622863 
595 472 5 12 0.043603227 
992 39 5 9 0.043601554 
110 680 17 24 0.043589693 
787 290 8 13 0.043560944 
741 165 13 23 0.04355198 
570 561 5 10 0.043509774 
989 264 8 13 0.04344484 
42 91 7 19 0.043421093 
16 180 9 25 0.043412164 
439 111 7 14 0.043411493 
733 369 7 13 0.04338594 
798 149 6 12 0.043376215 
81 421 5 10 0.04337409 
211 115 4 10 0.043370653 
185 367 5 16 0.043362834 
147 352 5 16 0.043347653 
452 112 6 12 0.04333035 
107 476 4 8 0.043324254 
214 257 16 24 0.043300528 
54 265 5 12 0.043294147 
71 488 4 7 0.043285556 
16 497 5 13 0.04327691 
19 -11 6 10 0.043269582 
646 140 5 11 0.043265857 
111 500 4 7 0.043242153 
769 250 8 15 0.043227736 
15 223 6 16 0.043223456 
235 23 5 10 0.04321494 
839 139 7 12 0.043170247 
287 48 5 12 0.043167062 
744 329 7 11 0.04316651 
98 282 5 9 0.043149963 
937 445 7 12 0.0431459 
605 99 7 12 0.04313272 
570 51 6 9 0.04301607 
51 209 8 19 0.043014128 
717 277 9 14 0.042947184 
542 88 5 10 0.042921692 
1014 289 10 17 0.042879123 
243 258 13 25 0.042868435 
786 269 7 10 0.042861897 
887 137 8 13 0.042860027 
560 114 4 10 0.042829968 
149 123 5 12 0.042821158 
191 308 14 22 0.04279764 
531 416 8 15 0.042795233 
315 40 5 10 0.04276203 
448 222 12 22 0.042744033 
576 286 10 18 0.042730067 
82 6 5 13 0.042718567 
784 353 7 13 0.042715613 
988 318 7 10 0.042709894 
862 393 6 11 0.04269628 
542 163 8 13 0.042678174 
485 245 10 23 0.042664688 
46 474 4 9 0.042659003 
378 335 5 9 0.042620596 
808 267 8 12 0.04261692 
729 444 13 17 0.04260532 
811 151 6 11 0.042594977 
748 213 6 12 0.042585604 
761 639 5 9 0.0425745 
853 421 5 10 0.04256968 
596 443 7 11 0.042553067 
865 211 91 105 0.042542506 
377 602 5 8 0.04253001 
913 458 7 11 0.042494327 
283 261 9 18 0.04248707 
836 209 9 19 0.042481095 
77 106 10 16 0.04246172 
54 83 6 16 0.042460218 
424 429 7 13 0.042451702 
321 208 10 20 0.042438783 
244 271 12 24 0.042430185 
808 254 8 12 0.042427886 
705 409 10 13 0.042411312 
771 98 6 12 0.042398352 
603 149 8 15 0.042375185 
839 359 4 9 0.042368412 
786 72 6 11 0.04235371 
839 405 6 14 0.04233735 
96 487 4 7 0.042329375 
4 414 7 24 0.042306475 
1015 306 8 12 0.042306367 
937 140 7 11 0.04230499 
474 278 9 15 0.042294394 
825 283 6 9 0.042290278 
474 296 14 23 0.042270593 
990 457 13 11 0.04226877 
236 38 5 10 0.04226182 
799 0 5 7 0.042251922 
248 408 5 9 0.042240474 
477 9 6 9 0.04221892 
1002 339 8 16 0.042214353 
403 141 6 11 0.042212695 
721 10 5 7 0.042185437 
323 8 7 11 0.042172406 
300 37 5 10 0.042165153 
438 419 10 12 0.042153012 
708 228 6 10 0.04214958 
694 296 11 21 0.042138502 
995 431 15 15 0.042127002 
120 320 5 12 0.042118248 
95 106 8 15 0.04211289 
684 81 4 7 0.042107113 
335 -39 225 228 0.042095494 
797 446 7 12 0.042074546 
107 49 6 12 0.042050015 
923 281 11 23 0.042032808 
809 193 9 23 0.042004287 
965 128 6 11 0.041996464 
593 174 7 13 0.041983426 
42 675 8 12 0.04196588 
311 325 6 17 0.0419629 
732 411 7 10 0.041950163 
732 342 8 12 0.041946962 
902 458 5 10 0.041945793 
77 144 10 20 0.041918773 
796 456 9 15 0.041914783 
888 154 7 11 0.041908067 
757 123 7 13 0.04190494 
-45 635 293 327 0.04188392 
143 296 9 20 0.041864906 
106 76 6 10 0.041857943 
812 436 5 9 0.04185045 
82 24 5 12 0.041831713 
928 446 6 11 0.04181955 
181 212 17 30 0.041790973 
542 99 5 11 0.04178001 
349 260 9 15 0.041777764 
588 282 12 22 0.04176695 
312 316 6 14 0.041763786 
925 110 7 13 0.041759487 
555 440 7 13 0.0417225 
386 258 10 22 0.04172039 
541 112 5 12 0.041712258 
29 114 6 14 0.04170855 
895 259 10 23 0.041689537 
555 63 6 9 0.041625697 
490 278 7 14 0.041614044 
988 432 12 13 0.041613556 
599 510 4 9 0.0416058 
1011 372 14 22 0.041583788 
630 434 9 11 0.04157285 
568 229 7 11 0.041562885 
398 390 9 16 0.041536167 
302 87 5 12 0.04153082 
290 62 5 11 0.041522313 
976 293 8 11 0.041496433 
663 212 11 16 0.041483387 
5 115 6 15 0.041479208 
153 282 11 24 0.041451313 
55 290 5 13 0.041441966 
32 472 4 10 0.041383907 
57 666 5 9 0.041361324 
671 467 8 12 0.041340284 
68 107 8 15 0.041331686 
262 417 8 16 0.041313253 
882 259 12 24 0.041290727 
672 524 6 8 0.041286744 
1010 399 15 23 0.04127826 
1005 206 6 9 0.04123276 
810 236 8 14 0.04122161 
924 399 11 21 0.04122089 
773 277 9 14 0.041208748 
928 26 4 8 0.041204795 
617 536 6 10 0.04119041 
149 669 17 24 0.041189585 
939 461 7 11 0.04117215 
354 163 5 12 0.041117586 
264 384 5 10 0.04110562 
504 292 6 14 0.04109254 
158 163 8 14 0.041088004 
220 486 7 11 0.041085392 
683 26 7 8 0.041070066 
68 445 5 11 0.04106771 
761 9 5 7 0.041063596 
439 404 11 13 0.041041624 
224 49 5 10 0.04100409 
15 391 7 18 0.041001663 
1001 278 9 14 0.04099895 
224 87 5 10 0.04099659 
937 214 9 15 0.040979218 
928 72 8 13 0.04096997 
785 236 7 16 0.040942475 
958 78 14 23 0.04092286 
352 331 5 11 0.040913288 
838 162 7 15 0.040895812 
939 125 7 12 0.040886573 
33 395 6 12 0.04084504 
171 329 6 14 0.040807158 
32 588 5 10 0.040800493 
621 512 4 9 0.040791072 
236 396 5 9 0.040741928 
95 295 4 9 0.040741898 
743 407 8 13 0.04074013 
513 150 7 13 0.04072874 
884 319 9 12 0.040724434 
238 435 4 8 0.040687982 
127 678 16 28 0.04066882 
54 157 8 18 0.040666554 
886 123 8 15 0.040652115 
1005 309 5 9 0.040634297 
775 370 5 11 0.04062904 
703 363 10 19 0.040624693 
33 600 5 10 0.040584005 
932 349 16 30 0.04052896 
298 313 6 15 0.04050277 
312 288 8 16 0.04046159 
785 140 6 11 0.040452752 
122 331 5 11 0.04042627 
288 150 5 12 0.040425207 
785 252 7 13 0.04041052 
605 86 7 12 0.040383182 
269 283 10 22 0.040357746 
67 251 7 12 0.040352847 
989 157 11 20 0.04033335 
100 183 12 19 0.040330533 
263 142 4 9 0.040270206 
558 125 5 12 0.040268987 
99 476 4 8 0.040222384 
911 73 8 14 0.040194526 
437 484 6 12 0.040183105 
948 214 8 14 0.040181782 
731 353 8 14 0.04015324 
17 457 4 13 0.040142242 
950 111 8 16 0.040120542 
680 404 9 14 0.040118378 
786 9 5 7 0.04011428 
32 548 5 13 0.040093984 
953 127 6 12 0.040088125 
611 557 11 18 0.04007838 
566 198 8 16 0.04007779 
55 199 7 15 0.040074393 
274 62 5 11 0.040064365 
823 447 7 10 0.040058266 
248 83 6 12 0.040010713 
315 47 5 10 0.040004507 
554 263 7 15 0.040002637 
26 122 8 16 0.03995946 
7 139 6 16 0.039948273 
108 304 5 13 0.039920133 
644 160 7 17 0.039919473 
122 8 6 10 0.039905056 
571 63 6 9 0.039886225 
633 91 5 9 0.039844904 
965 184 9 18 0.039833505 
900 473 7 10 0.039803058 
627 260 13 20 0.039789647 
276 129 4 9 0.039773107 
785 299 8 17 0.03976277 
987 330 8 12 0.039750196 
4 571 5 18 0.03974739 
821 210 9 18 0.039721113 
606 177 7 11 0.039714895 
745 319 7 10 0.03968101 
249 39 5 10 0.039651427 
284 393 7 13 0.0396474 
131 260 9 23 0.03964347 
320 389 9 17 0.039626215 
840 343 5 11 0.039574422 
251 152 5 10 0.039549325 
507 321 12 31 0.03954291 
658 534 6 10 0.039519567 
883 168 87 101 0.039513536 
884 79 10 21 0.039503213 
169 0 7 9 0.03949923 
159 474 5 10 0.03948423 
776 390 7 14 0.03948388 
350 124 5 11 0.039478436 
120 290 5 14 0.039475057 
718 444 11 14 0.039472874 
565 414 10 20 0.039469607 
871 233 11 22 0.039429884 
156 362 8 23 0.039427564 
877 431 5 12 0.039402578 
619 51 6 9 0.03933754 
503 194 9 19 0.039331816 
243 242 13 25 0.039321493 
288 165 5 10 0.03930906 
670 403 8 15 0.039306987 
732 138 10 14 0.03929634 
1016 171 8 19 0.039273616 
146 625 6 10 0.039209843 
70 24 5 11 0.039207242 
399 599 7 8 0.039184023 
1001 354 10 18 0.03914744 
840 149 6 13 0.039139807 
45 199 6 16 0.039067388 
384 404 9 18 0.039049663 
717 339 9 17 0.03903917 
460 403 11 13 0.039032422 
839 395 4 12 0.039023694 
238 114 4 11 0.039001226 
121 75 6 10 0.039000403 
251 141 4 9 0.038999654 
852 316 6 13 0.038989753 
770 446 8 15 0.038989466 
168 495 10 16 0.03895192 
271 355 7 16 0.038942255 
143 461 5 11 0.038929712 
868 296 12 26 0.03892901 
987 123 10 18 0.03891247 
874 203 12 27 0.03890441 
883 350 11 16 0.03889926 
198 24 5 12 0.03888519 
696 315 9 17 0.038850617 
742 446 10 16 0.03883397 
210 9 5 12 0.038831815 
1017 189 8 15 0.03883157 
924 468 9 18 0.03882458 
170 624 8 10 0.038818635 
398 310 8 23 0.03880654 
577 197 9 19 0.038801804 
448 297 14 20 0.038697913 
627 226 20 28 0.03866033 
286 234 10 17 0.03863655 
395 257 12 25 0.038626123 
805 300 9 14 0.038625732 
160 536 6 12 0.038616516 
774 354 6 14 0.038603764 
823 248 9 16 0.03858294 
747 140 8 13 0.03856783 
1001 290 10 14 0.038510513 
428 128 6 11 0.038507517 
119 302 6 14 0.038466074 
824 27 6 9 0.03846248 
822 151 7 12 0.038458254 
894 494 12 16 0.038448118 
565 432 7 12 0.03843939 
592 242 9 12 0.038429156 
935 184 10 17 0.038428463 
159 395 6 13 0.038420122 
826 436 5 9 0.038419235 
374 194 9 21 0.038410377 
757 455 11 19 0.038409278 
447 427 14 19 0.038402963 
671 390 9 15 0.038388155 
376 445 6 13 0.038369272 
683 126 6 11 0.0383692 
774 304 6 13 0.038350962 
836 267 6 11 0.038327724 
743 391 9 16 0.038296487 
736 10 5 7 0.038279638 
735 199 8 15 0.03826401 
286 355 7 15 0.03824008 
911 83 7 15 0.0382305 
398 328 7 17 0.03821643 
28 141 7 14 0.038201183 
417 410 5 10 0.038180687 
742 431 11 12 0.038170133 
172 396 5 13 0.038132958 
716 350 10 19 0.038131725 
1013 90 11 23 0.03811835 
12 425 8 25 0.03811436 
787 116 6 12 0.03810536 
337 162 7 15 0.03810297 
672 422 7 13 0.03810223 
386 298 8 22 0.038098194 
572 74 4 10 0.03809062 
937 173 9 15 0.03808062 
846 248 10 19 0.03807222 
83 490 5 7 0.03806135 
77 121 9 17 0.037979122 
720 410 8 12 0.037979078 
760 27 5 8 0.037972003 
391 197 78 77 0.037969843 
322 381 8 13 0.037969306 
862 288 8 19 0.037961952 
867 91 14 25 0.037951436 
794 329 8 13 0.03794206 
352 321 5 10 0.037939403 
223 496 6 9 0.03791027 
56 654 5 8 0.037896026 
682 60 6 10 0.03789571 
348 40 7 8 0.037869506 
426 143 7 10 0.03785943 
839 334 5 11 0.037852433 
339 356 6 11 0.03784878 
793 340 9 15 0.037848175 
886 458 7 12 0.037843235 
12 414 7 22 0.03784148 
17 482 4 14 0.037832692 
45 209 7 18 0.037823416 
755 262 10 16 0.037818458 
647 80 5 8 0.037816808 
283 272 8 19 0.037804287 
604 124 7 15 0.03777133 
670 27 5 7 0.037765708 
5 403 6 19 0.037754983 
573 348 13 22 0.03775278 
296 300 8 18 0.037729062 
1000 138 9 16 0.037719246 
440 48 6 14 0.037719063 
528 167 7 11 0.03771669 
773 26 5 8 0.03770134 
33 10 5 13 0.03770128 
206 259 14 20 0.037687447 
1010 447 15 14 0.037663948 
934 197 11 18 0.0376578 
18 674 8 17 0.037634365 
159 22 6 11 0.03763139 
798 163 6 13 0.037627865 
271 336 8 20 0.03760166 
895 271 12 25 0.03759475 
625 272 16 23 0.037577655 
938 110 8 15 0.037537474 
156 494 9 17 0.037528247 
245 285 11 24 0.03752719 
580 575 6 9 0.037524175 
487 257 10 23 0.037522934 
311 298 8 16 0.037494935 
4 47 6 14 0.037474852 
5 662 5 13 0.037440363 
581 435 6 10 0.03743175 
581 444 7 11 0.037428074 
33 535 5 14 0.03741522 
772 141 7 12 0.03740807 
914 259 9 19 0.037394363 
835 303 6 13 0.03737047 
505 219 13 24 0.03735997 
95 304 4 12 0.03735942 
911 97 8 14 0.037355382 
681 526 7 7 0.037291344 
42 615 5 9 0.037287343 
698 82 4 7 0.037280634 
875 367 7 13 0.03727196 
723 124 6 12 0.03727175 
364 278 7 14 0.037250724 
927 38 5 8 0.03723266 
570 548 5 14 0.037218176 
321 299 8 16 0.037188224 
734 216 7 12 0.037185375 
658 148 6 14 0.037184875 
618 99 7 12 0.03718442 
248 102 5 11 0.0371694 
604 457 7 12 0.037109666 
348 48 8 11 0.037061546 
43 187 6 15 0.03704301 
181 182 16 26 0.03697662 
730 167 12 21 0.03697258 
837 318 6 12 0.03695612 
33 561 4 12 0.036944848 
554 286 9 19 0.03693474 
350 343 6 12 0.036907185 
144 0 7 7 0.036902543 
702 375 12 19 0.036902066 
711 81 4 8 0.036896408 
120 277 6 15 0.036879875 
229 257 14 26 0.036874384 
5 68 8 20 0.03685023 
755 273 12 18 0.036848303 
706 214 7 13 0.03684746 
604 161 7 14 0.036837332 
69 474 5 10 0.03679004 
825 346 5 9 0.036785714 
121 90 5 9 0.036781367 
963 109 8 17 0.036763303 
847 546 9 12 0.036762748 
848 287 7 16 0.03675535 
975 279 9 12 0.03674799 
720 185 8 15 0.03673078 
935 321 14 22 0.036711853 
777 384 6 11 0.036657162 
900 383 6 13 0.03664367 
210 397 6 10 0.036634687 
469 2 5 8 0.036628257 
31 458 5 12 0.036608595 
648 110 5 11 0.03660777 
947 89 11 22 0.03658026 
78 219 12 21 0.036564015 
415 128 6 11 0.036548875 
610 204 6 13 0.03654607 
209 459 5 10 0.036538083 
529 444 6 13 0.036508795 
633 180 6 12 0.036496416 
56 -11 6 10 0.03648329 
619 87 6 11 0.03648006 
19 21 5 13 0.036475144 
485 371 15 25 0.03647021 
527 136 7 14 0.036455825 
68 225 8 15 0.036438275 
60 475 4 8 0.036435746 
708 27 6 8 0.03643101 
660 26 4 8 0.036413573 
180 663 9 14 0.03640876 
722 219 6 9 0.03639409 
401 592 5 8 0.03638183 
313 438 5 9 0.03637796 
68 209 9 17 0.036376793 
556 299 11 20 0.03637211 
197 628 5 7 0.036354933 
661 283 17 25 0.036329594 
941 499 83 56 0.03631956 
947 430 10 14 0.03631453 
875 460 7 11 0.036309447 
682 469 7 12 0.03627487 
542 341 8 14 0.036246832 
134 342 5 12 0.03624497 
938 478 7 16 0.03617752 
68 459 5 10 0.03613472 
541 326 9 16 0.036132473 
578 227 9 14 0.036130328 
687 375 16 22 0.03611978 
145 598 6 15 0.036110625 
825 303 7 12 0.03611053 
186 -1 5 9 0.036107503 
229 286 13 24 0.03609815 
354 151 6 12 0.036079735 
555 138 6 14 0.036045775 
338 135 7 15 0.036040768 
554 241 9 13 0.036036827 
386 510 7 14 0.036023878 
883 495 15 17 0.036019854 
775 175 6 15 0.036017347 
576 342 10 15 0.03601627 
556 349 8 16 0.03601097 
931 400 12 19 0.035966597 
146 509 5 11 0.035955977 
577 392 8 17 0.035955068 
1011 388 15 23 0.03594187 
851 304 7 15 0.03591815 
761 651 5 11 0.03588776 
225 66 4 9 0.035887197 
286 311 7 18 0.03587597 
238 101 5 10 0.035870038 
599 283 13 23 0.035858795 
733 378 8 14 0.035855174 
105 269 6 11 0.035829257 
876 448 6 10 0.035723563 
46 383 5 10 0.035697546 
189 227 17 26 0.035689365 
911 386 9 23 0.035681825 
45 111 6 15 0.035605177 
633 512 5 9 0.035592996 
186 420 5 11 0.035586108 
924 329 9 16 0.035577536 
123 475 4 8 0.03555531 
30 93 8 17 0.035538692 
250 423 5 8 0.03550852 
863 -10 5 9 0.035497338 
121 489 4 7 0.03548281 
755 169 10 21 0.035481676 
114 207 10 23 0.035481434 
696 27 6 8 0.035477456 
871 122 10 18 0.035452235 
108 432 5 12 0.035423275 
130 248 10 23 0.035419215 
976 125 8 14 0.035332408 
495 376 14 21 0.035317138 
363 341 6 13 0.03531478 
577 402 9 20 0.035308033 
332 285 10 16 0.03529376 
47 253 5 11 0.03526208 
92 161 10 19 0.0352117 
138 410 4 10 0.035203055 
4 553 6 21 0.035192788 
811 173 7 17 0.035183754 
142 220 11 21 0.03517359 
886 94 9 19 0.035101745 
299 326 7 18 0.03509485 
590 200 8 17 0.035092134 
376 317 6 12 0.035070833 
168 274 10 21 0.035069868 
614 295 17 30 0.035065394 
886 107 8 18 0.035032522 
509 307 10 26 0.034992486 
465 460 8 11 0.034971457 
542 396 7 11 0.034941956 
367 128 5 10 0.034940958 
182 570 8 15 0.034931127 
298 284 9 19 0.034925796 
987 188 7 13 0.03490404 
620 179 6 11 0.03489171 
827 358 4 9 0.03487477 
47 444 5 12 0.034864727 
961 460 10 12 0.03485045 
257 351 9 19 0.034842316 
263 129 4 9 0.03482077 
30 81 8 18 0.034809604 
910 272 10 23 0.034788404 
736 28 5 7 0.034786582 
299 173 6 15 0.034752943 
745 340 7 14 0.03473656 
592 188 7 13 0.034730375 
182 559 8 15 0.03469821 
595 437 6 10 0.034695096 
899 481 8 13 0.034684338 
13 250 12 21 0.03467547 
977 359 10 24 0.034656066 
423 445 8 16 0.034614593 
771 267 8 12 0.034566052 
876 -9 5 8 0.034542464 
109 317 5 13 0.034540396 
524 364 12 19 0.034537546 
560 102 4 10 0.03452621 
296 240 13 29 0.03452431 
69 -11 6 10 0.03447873 
949 418 9 14 0.03445803 
351 358 5 10 0.034439508 
312 406 6 14 0.03437784 
913 -10 6 9 0.034347933 
461 417 9 13 0.034329522 
365 393 5 11 0.03429919 
312 419 6 12 0.034288988 
121 264 6 16 0.034264825 
580 586 7 12 0.034260932 
661 503 4 7 0.0342522 
39 171 9 18 0.034235694 
186 434 5 10 0.034209892 
541 124 6 13 0.03420786 
254 295 12 27 0.034196112 
555 601 6 12 0.034161936 
719 365 8 17 0.034154683 
565 329 9 14 0.03412838 
130 118 79 100 0.034113873 
277 98 5 11 0.034097087 
496 387 14 20 0.03408331 
146 366 5 17 0.03407978 
1017 126 8 16 0.034074664 
656 445 7 13 0.03404629 
540 601 6 11 0.034020282 
68 408 5 10 0.03401717 
970 78 15 22 0.034007296 
911 295 89 109 0.034003466 
363 48 7 11 0.033984933 
269 296 10 23 0.033978272 
377 49 5 11 0.033954255 
155 299 8 18 0.03394215 
443 389 20 21 0.033933915 
562 354 14 28 0.033908833 
612 270 15 24 0.03390285 
812 162 6 13 0.033897415 
59 458 5 10 0.033865433 
913 360 9 23 0.03383824 
655 408 8 14 0.033803042 
924 301 10 17 0.033797983 
578 211 9 17 0.033759203 
722 173 8 15 0.033726566 
809 419 7 13 0.033725925 
58 189 7 14 0.03372488 
951 461 8 12 0.033695534 
186 338 7 18 0.03368112 
224 101 4 9 0.033603653 
618 446 8 11 0.03357236 
591 377 9 21 0.03356468 
938 92 9 18 0.033564128 
5 390 6 18 0.033527058 
984 79 13 21 0.03349137 
469 23 4 11 0.03349088 
838 421 5 12 0.033462327 
817 63 42 65 0.033442073 
772 400 9 19 0.03343732 
184 22 6 13 0.03343669 
250 22 5 11 0.0334126 
590 350 11 19 0.03341208 
696 124 6 12 0.033396613 
32 243 4 10 0.033389475 
756 185 10 21 0.03338685 
529 433 7 14 0.03335767 
133 299 7 16 0.033303358 
772 88 5 9 0.033301007 
799 10 5 8 0.03328902 
608 190 6 11 0.033285934 
324 342 7 15 0.033236243 
391 591 5 10 0.03323056 
411 297 9 22 0.033178937 
389 315 7 16 0.033175234 
173 420 6 11 0.033175014 
314 0 6 8 0.03317157 
721 199 7 13 0.03316371 
56 225 6 15 0.033159845 
143 636 9 16 0.03313662 
320 417 9 17 0.033133823 
46 565 5 10 0.033110578 
732 183 9 17 0.03307062 
46 459 4 11 0.033063363 
194 347 10 21 0.033015225 
159 7 7 11 0.033003125 
352 140 6 12 0.033001475 
810 383 6 11 0.032973047 
97 421 5 11 0.03294055 
742 182 11 21 0.03293172 
385 446 7 12 0.03292981 
154 218 12 23 0.03290527 
283 250 9 18 0.032880988 
16 244 7 14 0.032876477 
673 12 5 7 0.03285392 
619 484 5 11 0.03284382 
411 349 10 23 0.032835018 
301 101 4 11 0.032827273 
486 326 16 44 0.03281918 
892 227 15 25 0.032812145 
167 193 12 23 0.03277005 
913 376 8 20 0.032763347 
590 363 11 22 0.032740124 
989 291 8 11 0.03268702 
988 279 9 12 0.032686993 
759 421 8 13 0.032662846 
797 370 6 11 0.032648254 
146 397 5 10 0.032639805 
975 403 9 17 0.032637287 
657 469 7 11 0.03263718 
989 307 7 9 0.032630503 
590 390 9 22 0.03259126 
223 12 5 10 0.032559358 
476 22 6 10 0.032542273 
856 122 88 100 0.03254218 
555 73 6 10 0.032525625 
184 304 8 16 0.032514803 
634 151 5 13 0.032510776 
351 292 7 12 0.03249704 
45 244 5 10 0.032465253 
603 327 15 22 0.032423943 
992 -11 4 10 0.032410543 
210 472 5 10 0.03240581 
825 319 6 11 0.03240444 
299 394 6 12 0.03240199 
933 335 13 24 0.03239159 
888 506 19 23 0.032386936 
476 2 6 8 0.032378722 
168 670 15 22 0.03236804 
69 88 7 13 0.032362577 
675 3 4 6 0.032345943 
139 174 84 86 0.032326568 
979 201 7 13 0.032308083 
772 60 7 12 0.032307357 
93 148 9 16 0.03230345 
959 479 14 16 0.03225868 
285 338 8 20 0.032257386 
171 461 6 9 0.032240767 
693 408 11 13 0.03224025 
1017 -12 6 12 0.032225188 
883 536 14 20 0.032222968 
351 388 8 15 0.0322176 
705 174 9 16 0.032193642 
230 272 13 22 0.032184053 
707 147 8 16 0.032180957 
44 -1 6 9 0.032145526 
518 448 5 9 0.03214014 
961 418 9 13 0.03210981 
219 376 12 16 0.03207936 
771 110 7 13 0.03206615 
743 304 8 11 0.03206531 
319 404 9 19 0.032058068 
820 404 8 17 0.03201824 
183 483 5 10 0.031996068 
417 447 5 12 0.031944577 
822 139 8 14 0.03193339 
47 368 5 11 0.031918254 
196 -1 6 10 0.03189155 
250 433 4 9 0.031891227 
161 523 5 11 0.031872537 
435 494 9 14 0.031853408 
120 251 7 17 0.031832527 
1001 171 9 17 0.03182249 
141 161 9 18 0.031810194 
340 368 5 11 0.031788923 
824 268 6 10 0.031788554 
566 213 7 14 0.03178546 
250 10 5 10 0.031753015 
412 284 10 23 0.031730972 
395 244 12 22 0.031650946 
670 378 11 14 0.03157648 
773 74 6 11 0.031513624 
590 401 9 23 0.03150746 
741 287 10 14 0.031494886 
759 429 9 14 0.03147972 
706 443 10 13 0.031469118 
895 682 14 22 0.03146068 
679 286 13 19 0.03145943 
158 623 8 11 0.031459413 
576 415 10 19 0.03145525 
948 444 9 13 0.03145114 
275 109 88 113 0.031436697 
129 210 10 20 0.03143511 
3 694 78 84 0.031420793 
362 62 7 12 0.031374723 
567 588 7 13 0.03137415 
486 220 11 22 0.03136103 
647 128 4 10 0.0313566 
901 -9 6 8 0.03134618 
885 365 9 15 0.03134377 
68 73 7 13 0.031340305 
378 590 4 10 0.031312726 
605 39 5 8 0.03128023 
409 529 12 17 0.031261537 
384 416 9 19 0.031249927 
271 320 9 24 0.031239336 
322 315 7 15 0.031222774 
591 228 8 16 0.031217022 
109 462 4 10 0.031204224 
832 574 11 14 0.031174857 
3 81 7 19 0.031169426 
511 236 15 36 0.031140903 
860 535 8 12 0.031122405 
34 430 5 14 0.031075386 
809 402 9 19 0.031067522 
108 137 7 14 0.031053977 
616 435 8 9 0.03099828 
942 347 16 29 0.03099264 
141 245 11 24 0.030985856 
325 353 7 14 0.030975634 
515 139 7 12 0.030945795 
417 456 6 14 0.03092356 
961 91 11 21 0.030923402 
129 223 10 19 0.030923001 
3 538 7 28 0.030918578 
884 227 13 26 0.030894438 
197 8 6 12 0.03084562 
21 679 19 28 0.030845528 
710 124 6 11 0.030843694 
746 353 6 14 0.030836625 
691 175 11 16 0.030823795 
248 381 6 11 0.030788995 
796 102 96 127 0.030774608 
695 443 8 12 0.030766144 
552 329 10 14 0.03075747 
632 481 6 13 0.030750722 
708 139 7 12 0.030736644 
68 266 5 11 0.030711252 
630 242 84 81 0.03070363 
1 18 7 18 0.030671788 
563 605 10 18 0.030632233 
425 391 12 18 0.03062146 
324 369 6 12 0.030590592 
172 432 6 11 0.030589614 
620 471 5 10 0.030583972 
788 28 4 8 0.030543072 
411 360 13 28 0.030513939 
429 312 86 102 0.030481657 
181 262 10 19 0.0304714 
79 233 11 19 0.03045858 
236 12 6 9 0.030438446 
955 -9 4 9 0.03042385 
185 325 8 18 0.030401211 
979 447 9 11 0.030401157 
883 281 12 27 0.03038673 
635 537 5 10 0.030384898 
580 550 5 11 0.030368254 
889 640 4 8 0.030357635 
471 214 76 99 0.03032017 
724 150 8 13 0.03031483 
821 121 8 18 0.030304234 
746 370 6 13 0.03030359 
188 447 4 10 0.03029987 
490 40 6 9 0.030290144 
634 522 5 11 0.030247677 
642 548 7 11 0.030236533 
284 323 8 20 0.030219438 
45 136 6 15 0.030196466 
140 182 11 20 0.030157074 
1002 677 7 12 0.03013545 
649 513 4 8 0.03012388 
438 428 12 16 0.030110404 
57 175 8 15 0.030097414 
186 350 7 20 0.030072406 
824 469 7 12 0.03004351 
172 537 6 11 0.03004034 
136 370 4 14 0.029940875 
904 638 4 10 0.029932862 
898 319 8 12 0.029927041 
531 409 8 12 0.029911535 
976 417 10 16 0.029899165 
384 520 9 19 0.029891625 
573 310 11 20 0.02987077 
249 0 6 9 0.029861102 
914 469 8 15 0.029855354 
552 360 10 21 0.029840587 
478 39 5 9 0.029820982 
118 223 9 18 0.02981511 
419 357 17 37 0.029810127 
611 209 84 75 0.029768074 
836 471 6 11 0.02975736 
883 245 12 26 0.029749695 
107 -12 7 10 0.029749053 
93 137 7 15 0.029735837 
719 378 9 15 0.029731778 
860 522 10 12 0.029716121 
2 -1 6 12 0.029708985 
277 115 5 10 0.029707162 
552 394 8 13 0.029700547 
45 -11 5 10 0.029677814 
692 159 10 17 0.029672788 
389 37 6 11 0.02965819 
965 216 8 13 0.029643588 
159 0 7 8 0.029641233 
180 272 10 21 0.029635118 
97 271 5 9 0.029629618 
142 646 10 18 0.029623384 
172 314 6 14 0.02961514 
962 405 9 16 0.02961429 
463 468 8 10 0.029586386 
621 459 6 10 0.029574385 
193 262 11 17 0.029561859 
425 518 9 13 0.029554619 
192 246 13 22 0.029553877 
589 297 12 21 0.029536651 
999 123 10 18 0.029524278 
947 402 12 17 0.02952006 
590 211 9 17 0.02948518 
943 334 14 22 0.02948387 
697 62 5 9 0.029474786 
851 -10 6 9 0.029441664 
44 223 7 15 0.02942584 
202 308 16 25 0.029411953 
283 403 7 15 0.029398313 
528 310 9 21 0.0293972 
826 333 4 10 0.02939654 
889 -9 5 8 0.02939489 
436 296 13 21 0.029389992 
786 98 6 13 0.029387292 
376 460 5 8 0.029367726 
46 485 4 9 0.029367544 
46 577 4 9 0.02933991 
34 402 5 14 0.029337728 
173 378 6 18 0.029332887 
235 514 6 7 0.029323466 
218 287 12 21 0.029319944 
632 161 6 14 0.029319258 
195 639 6 8 0.029318392 
366 588 4 10 0.029308017 
696 324 9 19 0.02930766 
308 223 29 56 0.029300017 
922 475 12 25 0.029271094 
453 50 5 12 0.029264443 
811 369 6 11 0.029260522 
500 257 10 27 0.029260239 
620 36 6 9 0.02924965 
346 277 9 15 0.029247325 
988 173 9 16 0.029245446 
527 324 10 22 0.029226763 
908 -187 131 111 0.0292258 
403 160 8 13 0.02921504 
27 -4 7 12 0.029187722 
530 40 6 9 0.029185846 
427 36 5 12 0.029132633 
389 460 6 9 0.02911391 
144 379 7 15 0.02909449 
216 271 15 22 0.029090641 
172 637 8 11 0.02908257 
286 299 8 19 0.02906699 
761 663 6 11 0.029029062 
108 331 5 11 0.029014954 
144 585 6 16 0.029011942 
81 251 7 12 0.028999478 
759 381 7 13 0.028966852 
42 151 7 14 0.028958965 
711 59 6 11 0.028951004 
94 330 5 12 0.028945534 
918 356 40 67 0.028934948 
760 305 7 12 0.028932579 
819 90 12 24 0.028927406 
92 249 7 14 0.028919682 
284 284 8 19 0.028905945 
222 -1 6 9 0.028888294 
141 233 11 23 0.028877651 
386 612 8 13 0.02887055 
300 24 5 11 0.028853226 
971 469 14 14 0.028849648 
557 89 5 10 0.028847672 
159 506 7 14 0.028841864 
979 376 9 21 0.028837267 
108 422 5 10 0.028814876 
876 640 4 9 0.028792614 
225 117 4 10 0.028785748 
760 341 7 15 0.02875548 
898 363 9 16 0.02875158 
706 160 9 15 0.028744968 
402 510 6 12 0.028739909 
511 364 12 19 0.028715536 
539 364 10 17 0.028695818 
1016 109 9 19 0.028694117 
197 366 7 15 0.028688671 
146 137 6 12 0.02866442 
422 295 12 23 0.028650612 
971 89 13 23 0.02861071 
108 123 7 14 0.02859003 
323 273 10 18 0.028586626 
569 392 9 17 0.028575076 
105 234 7 18 0.028564561 
999 107 11 20 0.028560124 
46 590 4 7 0.028547259 
1010 412 16 23 0.028530806 
257 336 10 23 0.02846999 
158 639 8 11 0.028457515 
135 382 5 12 0.028457157 
56 677 7 11 0.028438512 
930 385 15 26 0.028429955 
14 401 7 21 0.028423032 
260 113 5 11 0.028391987 
724 138 7 11 0.028383497 
602 375 10 21 0.028345905 
510 377 13 19 0.028320668 
323 327 7 15 0.028304873 
643 24 5 10 0.02830185 
143 662 11 19 0.028285043 
314 23 5 11 0.028275767 
542 136 7 15 0.02825299 
187 526 5 9 0.028238628 
129 234 10 22 0.02822072 
503 39 6 9 0.028207913 
46 124 6 14 0.02818446 
646 538 5 9 0.028134976 
246 367 10 16 0.028130112 
414 391 9 17 0.028107012 
158 482 5 10 0.028085005 
418 469 6 14 0.02805587 
94 315 5 15 0.028043605 
682 536 8 9 0.028011488 
183 7 6 13 0.028000057 
383 430 9 18 0.027996764 
84 295 5 9 0.027983088 
808 315 7 12 0.027899643 
604 314 12 21 0.027889991 
566 470 10 15 0.027886827 
977 433 11 12 0.027877228 
94 -11 6 10 0.027853126 
412 338 9 21 0.027818287 
646 2 4 6 0.027802674 
899 431 215 146 0.0277767 
774 640 5 8 0.027747503 
83 -11 5 10 0.02772629 
30 443 6 15 0.027718505 
173 445 6 11 0.027716197 
759 391 8 16 0.027706053 
2 34 6 16 0.02769949 
400 494 7 14 0.027676396 
120 238 7 17 0.027654167 
787 87 5 11 0.02763564 
925 315 10 15 0.02762049 
59 487 3 7 0.027618047 
323 0 7 10 0.027575186 
947 194 11 20 0.027557539 
932 367 15 29 0.027549809 
231 380 9 12 0.027546043 
633 24 6 11 0.027507752 
327 199 80 89 0.02750431 
578 599 6 12 0.027497662 
501 141 7 11 0.027489858 
509 346 11 26 0.02747401 
5 60 7 15 0.027464233 
597 547 6 12 0.02741126 
633 110 5 11 0.027402695 
180 227 14 25 0.027368207 
92 121 9 16 0.027360823 
467 36 4 11 0.027358208 
374 524 7 15 0.027346997 
635 142 4 10 0.027341422 
428 365 46 51 0.027320078 
123 462 3 9 0.027273452 
583 482 5 10 0.027241169 
336 148 7 16 0.027234713 
511 391 10 15 0.02721987 
770 125 8 14 0.027202833 
576 331 9 14 0.02719893 
583 497 5 11 0.027196025 
648 525 4 8 0.027114347 
619 107 6 14 0.02710401 
498 229 34 66 0.027101988 
185 472 4 10 0.027088668 
1014 663 7 12 0.027083293 
402 406 6 13 0.027083166 
672 486 6 9 0.027065236 
541 379 7 14 0.027062397 
154 661 12 18 0.027049255 
27 -11 7 10 0.027032418 
411 311 9 22 0.027012605 
343 150 83 90 0.02699928 
962 431 10 13 0.026985615 
699 93 91 107 0.026983436 
53 359 7 13 0.026977887 
136 395 5 12 0.026950555 
67 292 6 11 0.026935736 
191 288 12 20 0.026930392 
733 391 8 15 0.026902165 
848 470 11 15 0.026901655 
67 282 5 10 0.026891682 
925 96 8 15 0.026888637 
593 331 10 16 0.026864756 
439 522 8 10 0.026864579 
758 447 8 14 0.026864432 
459 389 16 18 0.0268588 
884 298 11 21 0.026852593 
354 305 5 11 0.026851756 
723 161 8 13 0.026838453 
67 677 8 11 0.026828108 
46 497 4 11 0.026826989 
412 327 9 20 0.026796712 
159 568 6 17 0.026773207 
417 484 5 12 0.026757259 
205 509 10 14 0.02675541 
518 40 5 8 0.02675169 
856 543 11 15 0.026741022 
761 328 6 13 0.026690472 
145 524 5 11 0.026670327 
496 357 14 27 0.026663488 
809 392 7 13 0.026662566 
774 291 6 13 0.026624572 
950 686 9 14 0.026608525 
888 652 5 10 0.026604839 
-25 -74 412 749 0.02659739 
630 409 7 14 0.026576351 
423 533 16 20 0.026537018 
339 346 6 12 0.026528869 
554 310 11 19 0.026514456 
747 665 6 10 0.026478047 
760 353 6 15 0.026434733 
974 107 10 19 0.026416315 
124 432 4 12 0.02640872 
542 353 8 14 0.026401872 
469 9 5 9 0.026390241 
911 318 8 12 0.026358757 
367 602 3 9 0.026332593 
603 299 12 23 0.026324011 
167 261 11 21 0.026315017 
925 83 8 15 0.026313785 
542 441 7 14 0.026301013 
617 547 7 12 0.026281169 
437 511 8 10 0.02627324 
984 90 14 23 0.026269324 
660 14 4 7 0.026261877 
82 269 5 9 0.026245227 
136 356 5 12 0.02624446 
887 469 7 12 0.026243497 
364 358 6 11 0.02623596 
432 232 76 91 0.026231814 
216 299 14 24 0.026203142 
551 378 8 16 0.026198544 
820 104 10 23 0.026195103 
985 106 12 21 0.02617179 
181 651 8 11 0.026135888 
977 459 9 9 0.026130693 
223 472 6 9 0.026124058 
644 482 6 11 0.026107984 
502 275 7 17 0.026089463 
171 614 7 12 0.026052454 
885 683 12 21 0.026027082 
812 344 7 10 0.025969349 
192 323 12 22 0.025967618 
648 502 4 9 0.025952414 
66 391 9 13 0.025950622 
988 688 9 14 0.025950415 
27 251 6 13 0.025949059 
187 458 5 10 0.025945423 
114 660 11 14 0.02593627 
311 446 5 11 0.025929824 
199 615 5 8 0.02592891 
844 90 17 25 0.02587616 
796 354 7 12 0.025848564 
909 299 11 20 0.025843736 
761 319 5 11 0.025837867 
812 356 5 10 0.025826484 
692 364 12 19 0.025815211 
719 393 8 14 0.025814503 
949 479 10 16 0.025808195 
729 154 35 62 0.025798894 
570 574 5 10 0.02577068 
28 209 7 18 0.025755294 
556 587 6 14 0.025744481 
137 429 5 14 0.025739625 
525 379 9 14 0.025725907 
543 152 7 13 0.025719928 
963 687 8 13 0.025718873 
491 23 7 9 0.025705472 
923 371 13 27 0.025704749 
383 622 11 15 0.0257018 
199 483 5 11 0.025690705 
260 101 5 11 0.025673117 
620 306 23 31 0.025670173 
642 561 8 13 0.025659977 
758 404 8 15 0.025623057 
413 523 7 12 0.025555208 
536 295 11 20 0.025499284 
136 615 4 10 0.025472924 
103 675 16 15 0.02547135 
470 295 34 78 0.025458632 
123 420 5 12 0.02544596 
171 651 8 12 0.025424827 
874 510 11 13 0.025412595 
154 261 12 23 0.02538093 
3 98 6 16 0.025376536 
579 383 8 15 0.02537018 
43 601 5 8 0.025363093 
541 39 6 9 0.025332406 
595 573 6 11 0.02529918 
409 256 13 29 0.025290862 
626 131 104 118 0.025283685 
400 461 6 9 0.025277812 
644 410 7 13 0.025263187 
824 392 6 13 0.025242416 
929 57 143 186 0.02524022 
184 291 8 15 0.025206678 
193 274 10 18 0.025168674 
555 607 8 16 0.025152395 
462 430 9 15 0.025147635 
893 541 13 17 0.02514521 
30 227 5 13 0.025114048 
566 404 10 19 0.02511302 
46 358 5 12 0.025091212 
658 1 4 7 0.025067592 
299 202 7 13 0.025064034 
539 313 9 17 0.025016356 
463 444 9 13 0.025005966 
732 452 10 18 0.024984438 
567 481 7 12 0.0249809 
81 432 5 10 0.024943685 
451 12 5 8 0.024934873 
761 368 6 13 0.024922715 
137 419 4 11 0.024895243 
500 240 14 32 0.024872426 
923 489 11 20 0.024855964 
1003 189 7 12 0.024814166 
185 295 41 66 0.024795773 
398 470 7 11 0.02479076 
233 500 6 8 0.02476834 
575 360 12 23 0.02474504 
389 221 139 173 0.024744885 
170 661 11 17 0.024733115 
823 419 6 13 0.024722822 
322 23 7 11 0.02468106 
16 383 6 16 0.024663249 
171 523 6 10 0.024662115 
198 523 7 11 0.024645684 
618 424 7 10 0.024630127 
694 461 7 10 0.02462407 
156 582 8 20 0.024560153 
154 231 11 24 0.024510343 
619 498 5 10 0.024504192 
124 342 4 11 0.02449776 
224 462 5 8 0.024488447 
384 531 8 18 0.02446219 
961 334 13 20 0.02443803 
396 232 12 23 0.024434455 
632 499 5 10 0.024409823 
646 72 169 217 0.02437416 
261 23 5 10 0.024369828 
422 333 13 27 0.0243209 
167 216 15 26 0.02430271 
748 653 6 9 0.024222353 
979 -10 5 10 0.024218427 
526 355 9 15 0.024187133 
858 119 11 20 0.024178421 
205 289 13 19 0.024144547 
383 334 161 198 0.024138357 
97 499 4 7 0.024134032 
83 283 5 7 0.02412213 
920 680 13 22 0.02411875 
976 688 7 12 0.024047289 
991 477 22 19 0.024029136 
847 122 9 18 0.024019562 
157 440 6 15 0.023984218 
837 124 7 15 0.02397943 
166 245 13 23 0.023957051 
609 323 24 29 0.023934783 
301 -2 5 8 0.02389351 
287 188 77 104 0.02389062 
157 650 8 13 0.023877101 
107 255 5 12 0.023876758 
927 -10 6 9 0.023821414 
596 460 5 10 0.023810312 
3 139 27 63 0.023787767 
1013 676 8 14 0.023771575 
962 446 10 12 0.023771057 
313 -10 5 9 0.023744952 
925 509 9 14 0.023738096 
181 245 12 23 0.023724165 
886 484 8 12 0.023682592 
121 508 4 9 0.023625603 
514 287 9 18 0.023618508 
411 175 27 38 0.023503585 
917 165 162 210 0.023472738 
137 445 4 13 0.02342563 
110 444 4 12 0.023412237 
431 534 15 15 0.023388965 
169 189 32 51 0.023377031 
400 483 7 14 0.023369724 
236 0 6 8 0.023359677 
722 -8 6 6 0.023345768 
206 272 13 19 0.023332154 
299 184 7 18 0.02332575 
684 484 7 10 0.023316778 
558 560 4 11 0.023291241 
585 528 3 9 0.023289343 
620 163 6 13 0.023278413 
476 419 7 11 0.023256851 
449 309 12 21 0.023214078 
977 387 9 19 0.023210062 
1011 430 15 18 0.023201084 
988 138 33 60 0.023195582 
542 589 5 12 0.023183908 
936 509 10 15 0.02317646 
32 384 5 10 0.023157429 
912 476 11 20 0.023150844 
620 138 5 13 0.02314887 
158 615 7 11 0.023112932 
459 308 14 25 0.023102846 
375 532 8 15 0.02309857 
80 408 6 11 0.023098344 
645 14 4 7 0.023029752 
261 427 8 14 0.023005744 
63 378 12 17 0.022976229 
937 495 8 16 0.022956489 
372 228 81 88 0.022949267 
922 675 9 15 0.022947695 
670 537 7 9 0.022922972 
414 591 5 8 0.022858912 
435 468 8 16 0.02282582 
67 669 7 7 0.022759577 
581 472 7 13 0.02272589 
965 -10 5 10 0.022723116 
385 341 35 58 0.022717854 
156 378 9 20 0.022713525 
757 288 8 15 0.02266676 
72 496 5 8 0.022663247 
172 567 9 20 0.02266105 
347 509 8 9 0.022658106 
894 297 12 21 0.022656832 
56 641 5 7 0.022634191 
198 498 5 10 0.022631232 
195 686 11 17 0.022618966 
565 456 9 17 0.022614477 
471 389 13 17 0.02261145 
594 29 5 8 0.02257874 
703 390 12 18 0.022576464 
594 585 6 11 0.02257109 
3 675 7 14 0.022550631 
336 378 8 15 0.022518665 
811 332 7 11 0.022513704 
501 25 7 8 0.022512676 
634 128 4 10 0.02249099 
365 576 4 13 0.022475716 
450 439 11 15 0.022461992 
376 571 6 15 0.02243902 
453 21 5 11 0.022423252 
660 485 5 9 0.022405602 
154 245 12 23 0.022403533 
173 304 5 13 0.022356853 
167 232 12 23 0.022343908 
963 195 9 18 0.022336727 
115 192 12 25 0.022313006 
911 639 7 11 0.022312451 
973 104 37 62 0.022297109 
160 459 5 13 0.02228352 
601 390 10 23 0.022277448 
301 -10 5 9 0.022272782 
449 324 11 21 0.022234004 
367 409 5 11 0.022209989 
747 639 6 10 0.022206387 
939 -9 6 9 0.02220006 
436 310 12 22 0.022187002 
801 67 31 63 0.022139052 
833 563 8 11 0.022131564 
368 419 5 11 0.022089845 
418 237 17 30 0.022076415 
145 151 7 14 0.022069015 
583 536 5 10 0.02206394 
478 194 32 57 0.0220606 
402 337 36 68 0.022045437 
592 314 10 18 0.021993523 
377 512 6 14 0.021960765 
939 686 8 15 0.021949995 
933 334 102 107 0.021902177 
210 377 10 15 0.021888826 
693 484 7 10 0.021887938 
453 2 4 8 0.021877484 
146 572 5 15 0.02184509 
528 340 8 17 0.021841412 
424 311 10 21 0.021832237 
996 701 15 41 0.021816649 
123 445 3 13 0.021809058 
198 655 5 7 0.0217923 
949 65 37 60 0.021779282 
38 684 14 19 0.021747448 
32 483 5 12 0.02172226 
745 674 11 15 0.021713328 
631 560 9 13 0.02170536 
890 663 4 10 0.021669026 
601 345 15 24 0.021662936 
137 521 4 13 0.02160655 
629 573 13 14 0.021592474 
544 -3 4 12 0.021576075 
833 582 11 14 0.02156092 
833 545 9 12 0.021477902 
127 151 12 20 0.021458548 
678 297 13 22 0.021453943 
223 446 5 10 0.021434296 
793 466 12 17 0.02142651 
619 125 5 13 0.02142181 
368 461 4 9 0.02140917 
692 335 14 28 0.021361075 
969 481 18 17 0.021355374 
437 27 200 232 0.021341503 
184 533 6 11 0.021338563 
836 168 87 110 0.021306492 
338 320 7 11 0.021296743 
680 310 11 21 0.021289965 
340 331 6 10 0.021286828 
401 522 8 15 0.021285111 
26 -44 11 16 0.021280825 
212 319 21 32 0.02127524 
567 379 7 16 0.021258887 
809 466 9 14 0.021250783 
34 420 5 13 0.021230323 
944 371 14 26 0.021221949 
476 462 6 9 0.02120959 
315 10 6 11 0.02117548 
692 472 8 12 0.021170571 
630 246 34 42 0.021167494 
520 244 89 96 0.021152103 
914 223 89 104 0.021105047 
620 151 6 14 0.021092843 
436 324 11 23 0.021084134 
157 596 9 18 0.021083154 
59 186 32 54 0.020966804 
98 464 4 9 0.02096548 
778 464 15 19 0.020959536 
313 488 4 7 0.020957401 
322 436 6 12 0.020914322 
876 650 6 12 0.020898208 
249 460 5 11 0.020886004 
529 397 6 10 0.020883555 
15 355 6 16 0.02087771 
452 457 10 14 0.020752914 
377 39 6 8 0.020750618 
837 79 39 60 0.020724563 
870 480 10 13 0.020708483 
136 626 4 10 0.020694738 
416 510 7 12 0.02069318 
529 293 10 23 0.020651693 
260 11 5 9 0.02064894 
1017 -30 7 19 0.0205922 
849 539 7 9 0.02057962 
684 514 5 7 0.020567894 
283 417 8 15 0.020542195 
427 574 6 12 0.020538002 
462 213 29 54 0.020505354 
710 -8 6 6 0.020470599 
861 514 8 10 0.020463316 
300 406 6 11 0.020457944 
872 224 31 56 0.020407354 
63 92 37 68 0.020406561 
849 479 9 16 0.020386543 
490 12 7 9 0.020381764 
419 322 43 77 0.020357225 
58 498 4 8 0.020340797 
832 90 13 23 0.020339701 
182 582 8 15 0.0203221 
874 500 8 10 0.020296246 
951 679 7 11 0.020274343 
286 13 5 8 0.020264 
929 333 38 60 0.02026193 
666 320 43 64 0.020254407 
431 360 20 33 0.020244453 
206 523 8 10 0.020225875 
414 543 10 16 0.020206489 
499 401 11 17 0.020195425 
1006 478 19 19 0.020187343 
47 264 5 12 0.02015353 
955 252 88 104 0.02008148 
82 495 5 8 0.02007994 
615 262 34 45 0.020079248 
865 650 6 13 0.020075604 
437 299 41 68 0.020074667 
911 545 9 13 0.020063048 
637 273 38 47 0.020055572 
237 462 3 9 0.020035204 
207 240 35 50 0.020023538 
234 472 6 9 0.019970313 
601 361 13 22 0.019939577 
347 501 8 10 0.019937256 
755 464 14 22 0.019898105 
855 99 17 28 0.019894026 
287 0 5 7 0.019884393 
1004 665 5 9 0.019823175 
620 24 7 10 0.019822044 
940 677 5 11 0.01978686 
32 522 6 15 0.019710243 
413 272 38 62 0.019707048 
634 547 7 12 0.019686304 
415 576 6 11 0.019670075 
577 608 7 15 0.01966505 
417 495 6 12 0.019651651 
527 151 7 13 0.019633956 
875 545 9 13 0.01960685 
242 302 15 32 0.019588862 
865 640 5 9 0.01958807 
890 316 186 198 0.01958668 
556 574 5 11 0.01957214 
542 487 5 10 0.019493883 
888 677 7 13 0.019476958 
911 683 12 19 0.019445088 
937 522 10 13 0.01943254 
583 42 5 7 0.019423734 
707 456 9 13 0.0194197 
719 454 9 15 0.01940764 
591 416 8 16 0.01936783 
661 310 17 22 0.01933709 
300 420 6 11 0.019329533 
473 403 9 13 0.019302573 
199 157 77 88 0.019277425 
233 679 9 9 0.019262746 
138 684 20 33 0.019259539 
181 547 7 16 0.019244405 
426 555 10 14 0.019215927 
555 39 6 9 0.019196086 
846 557 9 14 0.01919507 
654 391 10 15 0.019184899 
16 -30 9 14 0.019180847 
544 574 4 11 0.019171549 
961 348 14 27 0.019135194 
530 458 5 13 0.0191114 
401 530 9 17 0.019093836 
872 676 9 15 0.019088522 
734 -8 6 6 0.01905126 
16 370 6 16 0.01905002 
335 301 8 14 0.019045549 
743 464 12 22 0.019045394 
215 361 17 24 0.019040423 
526 261 27 51 0.019030279 
237 447 5 9 0.019020928 
924 522 8 11 0.019017318 
837 -9 5 8 0.018989153 
449 283 38 48 0.018987224 
515 407 9 14 0.018956231 
1011 685 10 20 0.018953461 
884 251 33 62 0.018898925 
233 488 7 9 0.018886296 
748 216 29 50 0.018882347 
44 536 4 12 0.018847572 
483 223 30 61 0.018820556 
434 454 11 20 0.01881377 
328 218 27 47 0.018763354 
275 13 5 8 0.01875338 
358 -187 348 117 0.018753342 
903 651 4 10 0.018730622 
544 563 4 10 0.018726286 
736 666 6 9 0.018668203 
898 677 8 13 0.018666854 
25 -32 11 14 0.018664788 
143 218 148 171 0.018651344 
222 513 6 7 0.018647213 
16 -44 10 17 0.018614553 
542 607 7 14 0.018599827 
256 318 12 28 0.018579036 
649 224 35 39 0.018548783 
126 191 12 22 0.018541781 
109 509 4 9 0.01853832 
373 635 11 16 0.018526014 
209 364 12 18 0.018500458 
184 498 6 10 0.018477924 
207 688 11 14 0.018477049 
529 598 10 12 0.018413696 
199 665 5 9 0.01839053 
185 510 6 10 0.018361196 
199 602 7 9 0.018355919 
302 436 5 10 0.018334297 
952 464 57 52 0.018311115 
447 335 14 23 0.018278113 
265 185 25 47 0.01827422 
519 436 6 11 0.018260421 
517 458 5 10 0.018209519 
773 652 6 9 0.018204926 
907 334 32 66 0.018191746 
557 550 5 13 0.018183723 
944 387 14 22 0.018160123 
833 535 9 12 0.018151652 
389 498 6 14 0.018141888 
496 273 34 62 0.018135477 
443 172 73 83 0.018122591 
337 -13 6 10 0.018116822 
606 218 30 45 0.018064419 
85 302 5 11 0.018048499 
965 138 32 58 0.018037163 
603 422 9 13 0.018035099 
666 275 41 60 0.018011706 
244 209 82 102 0.01793353 
967 69 39 58 0.017933412 
208 678 8 10 0.017922858 
531 473 5 11 0.017911196 
107 148 8 15 0.01790691 
-6 113 70 114 0.01789312 
516 271 9 20 0.017891789 
629 181 34 46 0.017851695 
668 371 39 47 0.017813697 
68 304 5 11 0.01778672 
99 432 4 10 0.01777866 
886 559 8 11 0.017759781 
121 370 4 13 0.017744984 
32 497 5 12 0.017739572 
501 207 29 50 0.017727273 
669 547 14 12 0.017726706 
210 -10 6 9 0.017717045 
437 441 11 16 0.017699942 
363 41 6 8 0.01768819 
439 36 5 12 0.017672602 
469 295 93 99 0.017660704 
692 523 9 9 0.017639307 
4 -15 6 12 0.017630722 
207 346 14 23 0.017624838 
96 409 6 12 0.017622296 
198 508 8 13 0.017564595 
855 117 37 57 0.017563025 
391 470 6 10 0.017557742 
31 509 6 13 0.017502883 
1004 195 35 49 0.017496979 
851 191 27 52 0.017495127 
944 507 19 17 0.01747121 
65 146 31 50 0.01746322 
134 6 151 224 0.017462991 
65 368 9 13 0.017439984 
774 61 93 103 0.01742649 
414 25 5 11 0.017391205 
53 686 12 17 0.01738697 
758 675 10 14 0.017372277 
633 3 4 6 0.017360715 
64 686 12 16 0.01733273 
45 550 5 11 0.017318588 
856 277 31 59 0.017310118 
964 678 6 12 0.017285444 
488 402 10 16 0.017280761 
447 180 25 46 0.017273251 
999 311 37 54 0.017260958 
445 345 18 29 0.017245445 
223 527 5 7 0.017244468 
1014 -52 9 31 0.017211694 
295 219 27 54 0.017203214 
977 445 45 38 0.017197795 
477 433 6 11 0.017185315 
733 676 10 13 0.01714936 
600 402 11 23 0.017142892 
147 191 28 49 0.017114019 
658 546 8 11 0.017110255 
747 -8 6 7 0.017099857 
876 164 30 45 0.017077593 
137 601 5 13 0.017045742 
558 239 34 39 0.017045334 
228 363 14 22 0.017027255 
584 310 39 58 0.017023774 
262 39 4 9 0.01700842 
836 483 7 13 0.017005976 
858 497 10 13 0.016996117 
454 36 4 11 0.016982596 
556 486 6 10 0.016965164 
33 371 4 11 0.016964342 
597 234 31 45 0.01694603 
876 661 6 13 0.01691596 
514 508 8 10 0.016907558 
721 677 9 12 0.016898341 
170 221 33 58 0.016896639 
722 667 6 8 0.016877986 
334 386 10 20 0.016872939 
552 257 31 47 0.016858548 
543 -13 5 12 0.016844077 
541 455 6 13 0.016843824 
364 613 6 13 0.016792307 
19 138 32 57 0.016784955 
602 582 12 14 0.016769955 
442 22 5 12 0.016757404 
986 400 34 45 0.016752187 
651 251 40 42 0.016719153 
324 164 30 56 0.016696872 
385 543 8 19 0.01669591 
929 304 35 48 0.016686654 
616 389 12 22 0.016669746 
121 357 4 14 0.016669478 
369 449 4 10 0.0166694 
615 572 11 13 0.016605042 
566 493 7 13 0.016602347 
101 690 17 25 0.016586488 
402 450 5 9 0.016580144 
506 460 6 8 0.016563956 
583 510 5 11 0.016555754 
334 0 9 9 0.016550483 
325 -11 6 9 0.016548637 
695 -9 6 7 0.016543515 
204 271 41 58 0.016518971 
923 533 8 12 0.016506054 
25 -54 11 12 0.016500412 
874 527 14 19 0.016489837 
596 257 34 48 0.016483737 
919 176 36 56 0.01645589 
471 374 19 27 0.016382104 
613 -185 315 117 0.01634114 
896 555 11 14 0.016340407 
541 473 5 11 0.016333431 
254 272 31 63 0.01633317 
552 336 35 59 0.016298443 
579 457 8 13 0.016282821 
474 316 14 38 0.016265616 
946 493 14 18 0.016204963 
452 467 9 12 0.016181383 
531 -2 5 10 0.01617795 
120 -11 6 9 0.016177384 
848 230 29 53 0.016160134 
913 491 10 17 0.01614391 
837 59 37 43 0.016099468 
555 456 7 12 0.016056094 
676 324 14 23 0.016023772 
221 678 8 10 0.016011512 
311 177 28 50 0.015983816 
836 114 34 58 0.015961595 
689 281 35 51 0.01595573 
390 139 76 82 0.015937142 
250 444 5 11 0.015937017 
443 1 4 9 0.015932223 
403 419 6 12 0.015907662 
321 81 162 171 0.015906272 
608 25 7 11 0.015893811 
182 597 8 15 0.015874417 
443 362 22 30 0.015861388 
633 14 5 7 0.015855769 
958 492 18 18 0.015852783 
534 168 28 47 0.01583461 
467 525 7 8 0.015833585 
443 9 5 11 0.015820803 
556 -3 5 12 0.015793156 
869 198 29 52 0.015787968 
490 0 6 9 0.015781078 
963 391 9 17 0.015774244 
131 663 8 13 0.015765158 
685 -9 5 7 0.01576512 
693 513 8 8 0.015741808 
171 578 9 23 0.01572247 
139 667 45 57 0.015722433 
915 676 8 13 0.01569749 
1003 124 34 59 0.015685633 
20 -186 277 135 0.015684571 
774 158 26 62 0.01564274 
834 105 11 20 0.01563917 
884 85 32 59 0.015639002 
210 657 6 6 0.01563798 
107 344 5 12 0.015629703 
652 181 30 42 0.015626857 
104 173 12 20 0.01562542 
54 302 5 14 0.015620902 
870 680 14 24 0.015616797 
528 509 6 11 0.015608419 
503 0 6 9 0.015608265 
639 574 11 12 0.015580889 
514 282 32 65 0.015568359 
209 666 6 8 0.015557731 
166 590 13 25 0.01554516 
368 435 5 12 0.015533087 
683 171 34 50 0.015490269 
912 531 9 13 0.015488744 
958 307 33 46 0.015469792 
619 1 5 7 0.015467191 
580 258 31 42 0.015447437 
517 419 8 15 0.015409222 
105 646 372 319 0.015408912 
31 122 88 123 0.01536586 
198 677 7 13 0.015364692 
300 12 6 10 0.015355454 
685 501 5 7 0.01535412 
529 303 35 60 0.015351309 
145 -10 7 8 0.015339242 
912 508 10 15 0.015336655 
772 630 5 7 0.01531796 
888 365 30 64 0.01528577 
493 323 30 62 0.015280604 
5 223 7 18 0.015277066 
376 554 7 19 0.0152538335 
395 214 15 27 0.015238773 
788 271 33 45 0.015216855 
825 565 6 9 0.015206134 
285 431 6 12 0.015188707 
901 629 5 11 0.01518658 
677 367 13 18 0.015186567 
947 520 17 15 0.015179409 
84 318 6 13 0.01517536 
850 512 5 9 0.015167175 
452 485 6 9 0.015165044 
245 680 11 8 0.015164147 
527 399 33 43 0.015156786 
577 277 33 57 0.015134992 
997 -123 13 52 0.015124461 
617 377 12 20 0.015115416 
438 248 29 42 0.0151100075 
250 397 40 65 0.01509037 
506 449 6 10 0.015082187 
911 242 27 55 0.015071276 
277 240 30 54 0.015057714 
294 258 32 61 0.01505453 
433 222 28 45 0.015050127 
210 641 6 7 0.015033887 
275 1 5 7 0.015015545 
760 -8 5 7 0.015006684 
1013 -140 12 32 0.014999157 
83 330 5 13 0.014968894 
850 524 6 9 0.014947071 
773 667 6 8 0.0149449725 
394 286 36 73 0.014912423 
825 -9 5 8 0.014877725 
67 317 6 14 0.014874657 
872 326 36 39 0.014864368 
369 271 83 112 0.014854778 
836 162 27 56 0.014847739 
362 514 6 9 0.014845557 
596 333 40 65 0.014845136 
873 516 17 21 0.014842209 
365 475 4 8 0.014836923 
400 544 8 15 0.014823318 
259 2 5 8 0.014794482 
531 590 8 11 0.014788083 
632 308 25 28 0.0147839235 
758 162 27 59 0.014754418 
413 558 7 13 0.014739912 
576 88 28 56 0.014717962 
849 494 7 14 0.014704989 
132 -11 7 9 0.014690619 
146 534 5 15 0.014686823 
360 622 9 16 0.014685732 
58 513 4 8 0.014651906 
39 113 180 212 0.01463923 
995 339 32 51 0.014632403 
626 332 35 33 0.014626187 
618 407 9 17 0.01461747 
835 650 8 13 0.014614654 
825 176 28 59 0.014579632 
959 -177 55 70 0.014577989 
335 663 10 11 0.014573556 
718 522 11 13 0.014571647 
742 243 36 52 0.014560258 
988 679 6 10 0.014550444 
555 -13 5 13 0.014519046 
168 -185 332 120 0.014517025 
677 546 14 13 0.014515609 
332 671 16 17 0.014503403 
557 471 7 12 0.0144786835 
106 357 6 15 0.014464539 
795 96 32 62 0.0144229345 
212 341 21 30 0.014418571 
116 652 10 13 0.014417325 
221 641 9 8 0.014415285 
986 695 13 23 0.014402486 
861 148 28 46 0.014399102 
347 310 33 63 0.014394648 
413 602 5 8 0.014384439 
346 663 11 11 0.014378032 
231 243 30 51 0.014374639 
870 262 32 63 0.014372734 
119 189 31 54 0.014368978 
876 562 7 10 0.014352166 
961 373 12 22 0.01434768 
517 -1 5 9 0.0143302865 
477 448 6 10 0.01431424 
236 425 38 68 0.014302341 
643 197 32 47 0.014281425 
90 682 18 19 0.014261421 
326 489 4 6 0.014258137 
120 149 10 17 0.01423241 
829 219 31 51 0.014226056 
666 175 31 40 0.014217787 
184 242 36 53 0.014212409 
329 241 31 51 0.014207566 
903 182 30 50 0.014203592 
990 61 30 52 0.014183856 
946 242 29 51 0.014181803 
911 309 37 56 0.014174652 
163 168 27 45 0.014173499 
2 -30 8 16 0.014167091 
134 638 6 12 0.014136643 
122 408 5 12 0.014136482 
77 200 28 49 0.014131779 
569 536 4 12 0.014130084 
770 676 10 12 0.014126617 
226 303 19 34 0.014124995 
563 153 33 55 0.014118955 
489 417 9 15 0.014074766 
61 697 16 19 0.01405847 
344 674 15 16 0.014057222 
760 628 6 9 0.014056713 
607 -1 7 8 0.014051175 
568 42 6 8 0.014048694 
522 206 27 45 0.014046103 
412 239 31 54 0.014039107 
241 334 15 27 0.014009955 
795 171 29 61 0.013999552 
883 53 29 51 0.013997505 
675 221 29 42 0.013995891 
384 637 11 14 0.013989261 
363 485 6 13 0.013982515 
629 390 11 20 0.013974318 
917 224 31 51 0.0139680775 
931 253 26 51 0.013967198 
223 -11 5 9 0.013960843 
933 411 41 54 0.013959955 
300 69 99 110 0.013895648 
4 381 7 17 0.013885008 
585 193 165 160 0.01388064 
1004 -28 5 17 0.013856883 
385 264 28 60 0.013854883 
779 377 30 49 0.013847465 
60 537 4 11 0.013846527 
902 666 4 10 0.013845784 
552 291 33 52 0.013837252 
464 487 7 9 0.013830141 
149 686 20 30 0.0138299465 
1004 53 30 51 0.013825628 
988 264 35 51 0.013815841 
864 660 7 13 0.013808872 
768 205 28 53 0.013780995 
222 668 6 7 0.013780179 
430 543 15 15 0.013776279 
427 24 5 10 0.013776196 
200 206 26 39 0.0137686115 
388 173 24 42 0.013766163 
627 373 15 21 0.013761109 
516 26 6 9 0.013757815 
26 168 33 66 0.013724792 
595 -1 5 9 0.013707981 
339 501 6 8 0.013696847 
729 465 52 66 0.01368335 
646 307 24 27 0.013662657 
7 673 51 55 0.01365776 
935 694 14 24 0.013639677 
238 277 30 60 0.013615506 
740 134 34 47 0.0136079695 
717 261 36 46 0.013590765 
996 371 37 51 0.013587652 
948 694 13 23 0.01357833 
191 692 16 22 0.013564267 
83 476 4 8 0.013550169 
359 243 29 50 0.01354544 
401 255 29 55 0.0135360835 
940 380 40 61 0.013532195 
785 -8 6 7 0.013514987 
354 -134 981 645 0.013477631 
693 538 8 8 0.013450192 
130 243 32 58 0.013443626 
173 81 82 124 0.013418728 
573 176 32 60 0.013405973 
256 242 30 50 0.013403085 
91 677 14 12 0.013396617 
973 335 27 53 0.013357198 
967 386 33 55 0.013351673 
733 637 9 12 0.013347158 
403 26 5 10 0.013326401 
446 263 33 45 0.013271789 
27 263 6 12 0.013269161 
256 309 29 65 0.013261296 
115 113 30 52 0.013259656 
725 106 33 48 0.01324896 
235 -10 6 8 0.013211162 
14 -56 11 18 0.01319417 
99 446 4 10 0.0131607 
724 84 31 43 0.013158884 
376 546 7 17 0.013146073 
530 -12 5 11 0.013141508 
222 656 7 7 0.013133873 
336 512 7 7 0.013115197 
773 -8 6 7 0.013110434 
314 476 4 10 0.0130996965 
345 651 10 10 0.013090612 
13 -166 14 16 0.013085513 
237 68 98 125 0.013059681 
811 -8 6 7 0.013056424 
452 352 43 58 0.013046154 
459 242 29 52 0.013037586 
272 272 31 62 0.013012018 
370 171 22 47 0.013007377 
564 621 9 16 0.013001539 
7 165 7 21 0.0129924 
467 -10 5 8 0.012992125 
162 287 31 61 0.012983445 
547 303 89 91 0.012979369 
48 166 32 56 0.012972053 
675 220 90 111 0.01295422 
400 612 7 10 0.01293084 
165 253 35 59 0.0129184 
78 687 13 13 0.012911415 
152 240 34 58 0.012905655 
452 513 8 9 0.012899534 
986 220 32 50 0.01288833 
355 161 26 48 0.012873458 
203 694 16 19 0.012872507 
848 151 25 47 0.012866944 
400 555 8 16 0.012847457 
555 622 8 15 0.01282838 
38 138 31 58 0.012802813 
81 445 5 11 0.012791718 
244 348 13 23 0.01275352 
515 173 28 43 0.012747085 
209 628 7 8 0.012741889 
220 688 11 14 0.012736587 
528 500 6 11 0.012725038 
198 -12 5 10 0.012708138 
477 471 7 8 0.012698451 
743 75 179 244 0.012694206 
105 663 12 11 0.012690646 
743 479 14 20 0.012676182 
810 166 25 53 0.012668785 
3 241 7 15 0.0126616405 
643 345 26 26 0.012661242 
733 229 31 49 0.012643485 
705 470 10 12 0.012642194 
961 697 12 20 0.012641912 
516 500 7 11 0.0126400795 
501 13 6 9 0.012614754 
141 212 33 58 0.012559661 
695 502 6 8 0.012545529 
381 370 35 56 0.012544371 
1009 -86 13 51 0.012522248 
7 102 33 60 0.012516735 
302 460 5 12 0.012507916 
914 651 5 10 0.012495812 
80 679 10 9 0.01248188 
788 641 6 8 0.012464448 
303 448 5 11 0.012459478 
44 510 5 11 0.0124574825 
451 525 8 8 0.012454397 
958 47 38 46 0.012448768 
372 254 26 54 0.012437553 
795 206 34 53 0.012432294 
198 531 6 12 0.012427326 
175 89 30 59 0.0124240955 
864 85 34 58 0.012413855 
733 466 9 17 0.012401872 
922 394 37 53 0.012400206 
390 483 6 13 0.012389623 
58 564 4 10 0.012385377 
939 156 31 51 0.012385255 
698 331 32 55 0.012380006 
387 569 8 17 0.012375028 
105 198 31 60 0.0123573 
474 527 7 7 0.012356986 
725 405 41 48 0.012349495 
390 -13 4 11 0.012334985 
592 599 7 11 0.01232859 
463 536 8 8 0.012326831 
850 651 5 11 0.012301732 
157 61 30 47 0.012253458 
1001 82 34 67 0.012251641 
47 281 5 11 0.012251405 
231 641 11 9 0.012239874 
707 678 10 10 0.012227728 
314 500 5 8 0.012218621 
109 409 4 12 0.012192651 
712 152 32 52 0.01215843 
666 366 16 19 0.012139913 
986 744 41 101 0.012133097 
578 339 36 65 0.012131046 
54 591 7 7 0.012122112 
75 698 16 18 0.012093252 
530 27 5 9 0.012061119 
360 498 7 14 0.012058163 
226 343 18 27 0.012057835 
175 688 20 27 0.012046599 
42 195 32 61 0.012039121 
163 688 19 28 0.012030328 
3 353 7 18 0.012004128 
530 486 5 10 0.011992878 
866 357 33 56 0.011987562 
323 444 6 11 0.011954294 
675 333 20 31 0.011954112 
835 640 8 11 0.011949461 
3 341 7 16 0.011946793 
480 356 38 54 0.011941672 
798 -8 5 7 0.011931831 
3 69 30 67 0.011890583 
993 -171 37 91 0.0118885925 
647 355 44 50 0.011880502 
325 475 5 8 0.011877044 
83 462 4 9 0.011876629 
859 245 29 52 0.011870307 
913 561 7 10 0.01185353 
557 497 5 10 0.011852563 
490 434 7 12 0.011813193 
39 -30 10 12 0.011807455 
915 667 5 9 0.011802143 
953 166 31 56 0.01180201 
349 -1 6 8 0.011792826 
731 521 10 15 0.011772405 
316 263 35 52 0.01175978 
78 434 33 68 0.0117557915 
209 614 9 9 0.011755149 
333 402 10 20 0.01172066 
657 -10 6 8 0.011703257 
891 64 108 98 0.011693909 
652 375 15 18 0.011671385 
640 389 12 20 0.011663632 
287 -10 5 8 0.01166317 
586 150 36 56 0.011659355 
963 229 28 48 0.011658587 
1 779 77 64 0.011657928 
680 128 35 52 0.011652572 
913 576 6 9 0.011648701 
403 436 6 10 0.011643147 
604 80 32 61 0.01163867 
349 405 8 15 0.01162897 
474 143 75 96 0.011607062 
403 215 29 58 0.011599773 
249 474 5 9 0.011582264 
245 639 13 10 0.011576479 
599 43 33 50 0.011573772 
312 367 35 58 0.011568079 
410 238 14 29 0.01155009 
288 301 28 64 0.011541247 
949 271 32 51 0.011516126 
196 129 146 164 0.0115101235 
541 499 6 10 0.011506945 
911 519 11 16 0.011501934 
400 572 7 14 0.011465247 
645 -9 5 7 0.011461495 
373 279 28 63 0.011455857 
402 -13 5 11 0.011451798 
710 667 6 8 0.011440153 
14 343 7 15 0.011425883 
463 514 8 8 0.011416998 
490 462 6 9 0.011415998 
248 -9 6 7 0.011411796 
5 210 7 20 0.01140165 
892 279 34 57 0.011398662 
671 -9 6 7 0.011397329 
235 669 7 6 0.011389637 
273 -10 6 7 0.01138729 
796 640 9 8 0.0113781 
29 67 27 59 0.011376083 
53 344 6 13 0.011375236 
807 -166 94 51 0.011366723 
804 683 15 23 0.011365791 
825 574 7 11 0.011352817 
124 272 29 60 0.011352693 
121 380 5 15 0.011333507 
146 547 5 15 0.011326381 
334 11 8 10 0.011318034 
3 250 13 19 0.011296987 
950 99 34 62 0.011293376 
347 177 25 51 0.01126934 
540 173 97 100 0.011268889 
221 393 35 63 0.011255465 
325 514 7 6 0.011239378 
359 219 27 45 0.0112372795 
674 248 35 46 0.01120019 
20 48 27 49 0.011195695 
89 694 17 20 0.011188535 
460 333 14 28 0.01118403 
718 468 10 14 0.0111737475 
118 673 36 57 0.0111715505 
197 575 6 9 0.01115436 
76 392 9 14 0.011137757 
147 558 4 16 0.011123874 
270 209 30 45 0.011122479 
783 235 35 54 0.011110079 
3 172 28 72 0.011106004 
346 217 25 47 0.011096896 
388 227 30 52 0.011094561 
714 322 33 53 0.011077342 
146 167 25 44 0.01104846 
615 359 19 23 0.011044783 
11 273 11 21 0.011037166 
923 83 35 59 0.011033549 
106 162 11 18 0.011032737 
1010 693 12 29 0.011018033 
457 389 44 67 0.011002653 
478 -11 6 9 0.010999727 
151 13 33 56 0.010987203 
273 309 31 66 0.010969951 
514 103 30 55 0.010967964 
808 306 36 65 0.01096486 
164 669 44 52 0.010959834 
736 652 7 8 0.01095567 
752 476 19 23 0.010932145 
135 585 6 16 0.010907614 
796 33 31 45 0.010902415 
415 385 39 53 0.010900722 
402 -1 5 10 0.0108938115 
969 178 36 57 0.010891175 
362 653 9 10 0.010851985 
362 638 7 12 0.010848039 
788 630 5 7 0.010842396 
113 241 30 59 0.01082628 
540 512 5 10 0.010818366 
296 327 30 59 0.01080838 
43 71 28 58 0.010804231 
436 96 31 52 0.010795194 
824 479 9 17 0.010784751 
910 159 34 48 0.010779185 
197 588 6 9 0.01077018 
185 -11 5 9 0.010753961 
853 486 265 262 0.010735856 
244 233 27 44 0.010721054 
858 395 34 56 0.0107097365 
8 702 24 33 0.010708054 
896 121 31 52 0.010698466 
48 697 17 21 0.010679834 
231 688 13 13 0.010657468 
713 41 30 44 0.010656687 
373 649 12 13 0.010650974 
908 101 35 57 0.010649993 
417 433 29 62 0.010643008 
2 -45 8 20 0.010638208 
624 359 41 62 0.010633175 
495 176 76 105 0.010627649 
731 507 11 15 0.010627262 
473 175 24 44 0.010621524 
997 -86 13 49 0.010611141 
311 458 5 12 0.010598672 
59 523 5 11 0.010592564 
377 -12 5 10 0.010579879 
491 448 6 10 0.010577577 
476 98 30 51 0.010559294 
706 485 9 10 0.0105579095 
938 532 11 13 0.010555722 
930 207 35 51 0.010553268 
969 689 41 78 0.010551954 
881 138 34 46 0.0105408365 
89 182 25 45 0.010540181 
858 559 9 12 0.010533618 
478 679 8 8 0.010506279 
434 412 38 50 0.010505782 
837 291 31 60 0.010505189 
537 130 31 58 0.010484618 
718 510 10 11 0.010472796 
337 26 7 9 0.010469402 
229 191 28 39 0.010468538 
179 322 27 67 0.010454085 
552 166 29 55 0.010449167 
66 408 33 65 0.010445145 
67 329 7 15 0.010428402 
568 525 4 10 0.01042426 
301 487 5 8 0.010387613 
664 324 17 19 0.010381199 
473 254 33 59 0.010380465 
834 380 30 60 0.010371558 
95 339 7 15 0.010365408 
854 263 83 118 0.010364928 
506 511 7 8 0.010363386 
122 394 5 13 0.010363021 
902 216 26 50 0.010353602 
819 268 32 53 0.010352506 
332 90 29 54 0.010335428 
55 316 5 13 0.010333495 
324 502 5 6 0.0103320135 
911 411 32 54 0.010329624 
516 -12 6 11 0.010319325 
996 732 15 51 0.010309326 
928 144 29 46 0.010300714 
587 115 33 59 0.010293493 
836 257 30 54 0.010286767 
502 416 10 18 0.010282995 
932 63 28 50 0.010256294 
623 418 35 47 0.010255348 
361 268 25 53 0.010248418 
65 358 8 14 0.010237426 
77 80 35 57 0.010235846 
701 391 35 49 0.010233387 
4 368 5 17 0.010228297 
132 650 7 14 0.010224548 
897 40 33 51 0.010208737 
216 695 17 18 0.010206762 
170 -11 6 10 0.010204911 
473 338 18 41 0.010203206 
733 328 32 58 0.01019459 
924 547 9 11 0.0101935705 
201 404 40 61 0.010181136 
350 -12 6 10 0.010172875 
782 190 28 56 0.010169014 
623 422 252 183 0.010150035 
376 307 33 66 0.010115685 
260 439 9 18 0.010114778 
542 25 6 10 0.010089343 
975 245 35 52 0.0100892335 
644 385 32 56 0.0100780055 
296 393 32 62 0.010075988 
89 113 33 59 0.010069703 
1007 -163 17 22 0.010062076 
888 465 36 52 0.010052293 
307 138 25 56 0.010050556 
743 502 14 19 0.010048156 
873 530 39 55 0.010045613 
835 523 8 13 0.010042158 
364 0 5 8 0.010042058 
268 51 34 60 0.010035452 
994 -145 18 37 0.0100079095 
