44_Aerobics_Aerobics_44_659
2797
521 195 25 39 0.99643266 
993 401 21 23 0.377946 
523 544 16 17 0.2029013 
982 400 22 27 0.18502323 
867 193 18 27 0.1809023 
26 249 12 25 0.17516229 
940 621 25 29 0.17101888 
905 251 15 29 0.16966714 
928 142 6 13 0.14433709 
1012 560 11 25 0.13698441 
320 269 10 39 0.13130514 
30 237 11 25 0.12823334 
996 179 14 17 0.12370039 
665 148 10 17 0.11631661 
309 270 10 37 0.115784675 
925 148 9 19 0.11352276 
308 218 9 38 0.11165232 
1014 279 11 18 0.10622182 
170 661 8 26 0.1059496 
144 661 8 26 0.10123952 
297 285 8 27 0.1011473 
654 243 9 37 0.100623 
158 661 7 26 0.10039602 
1014 271 9 13 0.10007779 
287 288 7 23 0.10007688 
219 298 9 30 0.098657236 
183 661 7 26 0.09795225 
909 302 8 17 0.095452346 
274 466 10 30 0.09479457 
286 272 7 30 0.09455916 
641 336 12 37 0.094065815 
310 300 9 24 0.092457615 
740 135 18 27 0.09220865 
322 219 8 36 0.09131007 
196 661 8 26 0.09081796 
448 154 10 35 0.090730496 
37 701 11 18 0.090414986 
233 298 8 30 0.09004086 
272 665 7 21 0.08935855 
296 218 8 36 0.08864926 
333 268 10 37 0.08862864 
283 244 8 36 0.088357024 
132 661 8 26 0.087831154 
17 262 12 20 0.08753309 
208 661 8 27 0.08736795 
925 202 7 14 0.08662678 
118 662 8 24 0.08642686 
399 141 8 34 0.08612393 
247 299 7 28 0.08604764 
273 273 6 27 0.08526299 
926 132 6 11 0.08525551 
334 243 9 39 0.084440246 
904 303 5 15 0.08434675 
92 591 9 38 0.08390336 
286 664 7 21 0.08367852 
1008 303 14 21 0.08367571 
334 217 9 38 0.08289194 
275 458 7 18 0.082793176 
298 302 7 21 0.081894636 
982 636 15 26 0.08189005 
222 661 8 26 0.08179681 
296 257 9 37 0.0812923 
385 142 9 34 0.08116831 
895 475 108 114 0.080531724 
968 367 89 91 0.08043763 
983 306 16 21 0.08025051 
412 141 8 34 0.08012446 
104 599 10 38 0.07993618 
935 142 6 13 0.0798044 
564 249 11 23 0.07958971 
988 180 13 17 0.07939785 
386 300 9 30 0.07894547 
233 661 8 27 0.0787196 
284 219 8 35 0.078439705 
974 584 11 18 0.07823826 
670 144 7 12 0.07774244 
347 202 9 39 0.07716359 
952 117 6 10 0.07712027 
437 141 10 34 0.076611415 
832 266 9 27 0.07650449 
193 581 10 27 0.07596195 
36 238 10 21 0.07583358 
908 311 12 31 0.07523082 
106 663 8 23 0.075059645 
659 152 7 14 0.074696556 
286 302 8 21 0.07450946 
273 245 8 32 0.0743624 
260 300 7 26 0.0741609 
741 293 13 24 0.073676385 
272 303 8 23 0.07360547 
346 242 9 39 0.07226876 
298 664 7 20 0.07220817 
31 301 17 25 0.07212555 
410 270 9 35 0.07187805 
953 107 5 9 0.07185254 
941 116 5 10 0.071308605 
745 160 10 25 0.071045324 
93 663 8 22 0.07102605 
617 661 9 27 0.07083829 
273 289 7 23 0.07082221 
260 663 8 24 0.07025573 
93 715 7 18 0.07010208 
681 622 8 21 0.06988551 
80 602 8 35 0.0698614 
373 143 9 33 0.069252916 
182 580 9 26 0.06922398 
359 203 9 40 0.06908167 
259 275 6 26 0.06870795 
987 385 13 16 0.06868496 
50 701 11 18 0.06842461 
963 292 8 14 0.068270914 
27 700 10 20 0.067807734 
80 714 7 19 0.06775536 
691 442 10 21 0.06762069 
666 244 9 35 0.067566246 
698 248 7 27 0.06753289 
36 712 11 19 0.066959955 
425 142 9 32 0.066260695 
950 267 9 15 0.06612812 
922 251 10 24 0.065786034 
977 188 8 14 0.06563338 
322 298 8 26 0.06528214 
274 449 6 13 0.065279 
322 664 8 22 0.065176144 
411 344 9 18 0.06508311 
32 231 7 19 0.064922586 
373 204 9 39 0.06463001 
321 245 10 37 0.06461625 
653 337 10 34 0.064428784 
711 274 8 19 0.06426577 
1007 417 17 20 0.06420937 
952 125 7 14 0.06402687 
411 228 9 38 0.063994594 
644 231 9 34 0.06398044 
106 715 7 18 0.06392 
424 217 9 38 0.06387981 
591 243 10 18 0.06368124 
346 268 10 37 0.06358939 
978 154 6 11 0.063085586 
654 380 11 25 0.06303681 
735 187 9 23 0.06282452 
691 432 11 20 0.062463224 
438 217 8 35 0.06234941 
840 534 166 173 0.062235743 
1012 293 12 19 0.062014274 
755 205 11 33 0.06194919 
963 285 7 12 0.06188003 
995 384 16 18 0.061870612 
359 229 10 39 0.061780896 
93 702 8 17 0.061734226 
912 298 6 13 0.06154285 
629 671 10 26 0.061512258 
358 142 11 36 0.061493106 
654 270 9 35 0.061375618 
168 580 11 28 0.061261587 
246 662 9 26 0.061169315 
840 668 225 263 0.06105905 
930 117 4 9 0.061037812 
605 661 9 26 0.060916916 
400 268 9 37 0.06030922 
935 189 9 18 0.059873372 
681 445 10 19 0.059790164 
79 702 8 18 0.05969617 
628 603 10 36 0.05948657 
308 244 9 36 0.059318464 
259 594 7 27 0.059228368 
92 614 9 37 0.05922396 
944 601 14 15 0.05914208 
833 290 7 21 0.058986355 
335 194 9 38 0.058919754 
222 469 7 22 0.058816664 
708 624 7 18 0.05880811 
743 183 10 27 0.058614135 
207 584 8 23 0.05859074 
350 666 6 17 0.058483902 
854 570 19 29 0.058376368 
926 195 6 13 0.0583064 
297 675 8 19 0.058201548 
309 313 9 22 0.058048733 
106 702 8 17 0.057786003 
222 585 7 22 0.057720847 
358 267 11 38 0.05746042 
956 614 15 19 0.057370443 
271 221 8 32 0.057215497 
953 281 8 13 0.056959804 
1004 272 7 10 0.05690847 
940 128 5 12 0.056906532 
249 276 6 27 0.056631368 
641 670 11 27 0.056352377 
654 670 10 27 0.05620449 
272 597 7 25 0.05619109 
682 607 9 27 0.05616726 
666 160 12 22 0.056126207 
338 665 7 19 0.055888675 
119 716 7 16 0.055843648 
195 646 8 28 0.055755373 
1016 153 8 16 0.055685002 
756 268 10 16 0.055662815 
232 587 7 21 0.05563029 
-1 -148 319 155 0.055418875 
631 200 9 22 0.05538085 
311 663 8 22 0.055351954 
25 273 12 20 0.055253472 
324 689 7 18 0.054953482 
754 658 13 32 0.054801572 
716 277 10 17 0.054783083 
346 140 13 38 0.0547818 
935 150 7 16 0.05477194 
26 712 10 21 0.054564483 
738 278 15 21 0.054520592 
119 703 7 16 0.05449137 
286 689 7 17 0.054471854 
16 700 10 25 0.0543623 
1010 610 14 23 0.054234087 
696 624 7 18 0.054182075 
619 688 7 18 0.05393744 
66 702 9 17 0.05390669 
953 632 16 25 0.0536032 
952 294 9 15 0.053531412 
941 109 4 9 0.05343389 
375 301 9 29 0.053423148 
132 703 7 16 0.053324815 
666 185 13 23 0.053273626 
910 241 12 24 0.053263653 
1014 488 9 16 0.053061377 
641 360 12 29 0.0530467 
273 690 7 16 0.05296248 
937 602 12 14 0.052887958 
987 297 10 13 0.05267878 
966 190 7 14 0.052526448 
384 216 10 39 0.05246623 
38 690 10 17 0.052458424 
337 299 8 26 0.052177787 
696 224 7 25 0.05207632 
93 648 8 24 0.0520574 
677 197 11 27 0.052007604 
985 629 11 16 0.051993992 
158 703 7 16 0.05199193 
248 691 6 16 0.051911302 
397 299 9 31 0.05186734 
1009 646 15 26 0.051814597 
1003 105 6 12 0.051785085 
810 185 8 24 0.051750734 
337 689 7 18 0.051750444 
323 675 8 20 0.051733937 
720 704 8 15 0.051684134 
704 442 10 19 0.05168314 
897 640 10 12 0.05165983 
716 656 13 34 0.05164827 
51 691 10 16 0.051515665 
925 216 6 14 0.051458836 
997 311 20 26 0.05141477 
930 109 4 9 0.051387355 
935 177 9 18 0.051379584 
337 675 7 20 0.05137926 
115 593 11 33 0.051329855 
631 688 8 19 0.051002156 
66 571 8 24 0.050977867 
222 484 7 18 0.050814778 
708 704 8 16 0.050793987 
987 585 8 16 0.050782677 
146 703 6 16 0.05077741 
693 200 8 21 0.050742727 
349 676 8 18 0.050723612 
451 206 8 32 0.050669756 
383 189 9 40 0.050581854 
106 583 8 25 0.050483394 
1013 494 13 25 0.050444543 
669 703 8 17 0.050260562 
92 724 9 24 0.050246373 
620 190 7 17 0.050192762 
247 315 7 21 0.05017056 
80 632 8 29 0.0501533 
849 706 7 12 0.050131783 
181 592 9 35 0.050028756 
668 284 7 29 0.05002761 
322 140 9 36 0.049804468 
631 174 8 22 0.049774893 
106 647 8 26 0.04964417 
630 337 10 34 0.049581233 
655 296 8 33 0.049501326 
1003 397 19 19 0.049483173 
933 199 9 18 0.049322274 
682 703 8 17 0.04918756 
104 725 10 23 0.049172297 
695 704 8 15 0.049034197 
93 689 8 17 0.049027942 
371 228 10 39 0.048995283 
644 283 8 33 0.048936624 
321 194 9 36 0.048844643 
298 690 7 16 0.04873743 
171 703 6 17 0.048710965 
261 691 6 15 0.048701443 
373 178 10 41 0.048680503 
235 691 7 16 0.048668776 
132 716 6 15 0.048517276 
894 648 13 18 0.04849075 
693 210 9 25 0.04843029 
833 664 10 19 0.048411485 
691 657 12 32 0.048356958 
210 482 7 21 0.048332714 
413 330 8 21 0.048313394 
794 186 11 25 0.04823178 
822 692 8 13 0.04818174 
704 239 7 21 0.048129823 
182 614 10 35 0.048118576 
705 162 9 20 0.048036117 
836 706 8 12 0.04803063 
819 675 12 20 0.048024155 
1012 181 10 13 0.047993105 
945 311 17 26 0.047870815 
827 276 6 22 0.04782552 
669 688 8 19 0.04781045 
742 656 13 35 0.047797915 
413 299 8 30 0.04777795 
195 613 9 35 0.04772003 
78 723 10 25 0.047709826 
963 118 5 10 0.047700234 
233 604 9 36 0.047689162 
312 690 6 16 0.047636833 
397 217 10 38 0.04761182 
27 690 9 17 0.04761111 
943 413 102 101 0.047591057 
732 271 8 12 0.04756836 
644 379 10 25 0.047565382 
26 290 17 24 0.047531065 
784 290 7 22 0.047463026 
678 142 7 12 0.047419213 
705 656 12 34 0.04739226 
348 300 8 26 0.047388725 
451 181 8 33 0.0473684 
413 316 9 25 0.047350664 
436 124 11 25 0.04729301 
184 703 6 17 0.047163937 
362 676 8 18 0.04713106 
222 691 6 15 0.047069546 
656 688 8 19 0.047047522 
50 713 11 19 0.047042806 
531 547 16 18 0.04700253 
679 656 12 34 0.04691675 
704 252 8 20 0.046898406 
671 623 7 22 0.04682623 
115 582 10 26 0.04680536 
1003 282 9 12 0.04677834 
850 163 7 18 0.046717662 
171 690 6 17 0.046609234 
158 690 6 17 0.04649597 
676 187 11 20 0.04642959 
762 417 17 27 0.046317056 
836 304 6 18 0.046301965 
859 565 11 14 0.046214014 
209 690 7 16 0.046103373 
184 690 6 17 0.046102908 
667 672 10 25 0.04602186 
642 309 10 34 0.04602076 
197 703 6 17 0.045961566 
296 435 11 17 0.04595074 
117 725 9 23 0.045949504 
823 706 7 12 0.045922987 
274 703 6 16 0.045852527 
209 703 7 17 0.04582533 
196 690 7 16 0.04579816 
732 704 9 15 0.0457881 
606 689 7 17 0.04578106 
654 364 10 25 0.04576053 
641 614 11 38 0.04559166 
691 422 13 18 0.045567088 
248 703 6 17 0.04552697 
835 692 8 13 0.045502204 
845 266 8 23 0.045454077 
620 199 8 20 0.045450423 
655 620 9 33 0.04542873 
752 161 10 24 0.045362685 
325 702 6 17 0.045351095 
644 688 8 19 0.04529365 
690 69 173 233 0.045246646 
658 703 7 16 0.045214027 
235 703 7 17 0.045212884 
923 571 12 16 0.045130823 
384 163 9 41 0.04511449 
1015 581 11 24 0.045113556 
962 316 11 18 0.045061722 
261 317 7 19 0.045048937 
793 672 12 26 0.04503509 
917 152 7 16 0.045020062 
261 703 6 17 0.04494747 
106 690 7 16 0.044927225 
361 300 8 27 0.04490683 
66 603 9 33 0.04484351 
694 686 9 20 0.044817008 
948 304 13 19 0.044704817 
222 703 7 17 0.04463146 
29 206 7 18 0.04460972 
68 715 8 18 0.04456423 
81 664 8 19 0.04450429 
80 690 8 16 0.044486213 
338 702 6 17 0.04442898 
19 691 7 18 0.044324227 
744 271 9 12 0.044291113 
104 556 12 25 0.044260774 
926 239 8 20 0.04408575 
767 671 13 27 0.044028524 
754 173 9 25 0.043989364 
308 130 11 37 0.0439779 
721 293 8 17 0.043967817 
902 315 8 23 0.043893453 
752 145 11 24 0.043878786 
960 269 8 13 0.04379284 
755 184 9 25 0.043780494 
986 155 8 11 0.043752424 
703 457 12 24 0.043710202 
287 703 6 15 0.04368789 
961 253 10 17 0.043683115 
425 123 9 24 0.04346005 
965 106 5 9 0.04335508 
154 572 11 21 0.043286722 
335 151 10 37 0.043269753 
848 693 8 12 0.043246564 
660 146 6 9 0.043162428 
682 434 9 16 0.043156292 
692 455 12 26 0.043153733 
952 142 6 12 0.043151554 
272 316 8 19 0.043147497 
939 411 6 11 0.04311859 
640 195 12 28 0.043075938 
871 564 11 14 0.043054067 
629 297 9 31 0.04305037 
67 691 8 15 0.043047555 
222 604 8 34 0.043042537 
681 687 9 19 0.043038193 
809 178 7 19 0.043007392 
987 371 13 17 0.042972922 
833 677 10 17 0.042936973 
497 294 17 19 0.04286711 
997 371 14 17 0.042773593 
450 232 8 34 0.042771112 
962 127 6 11 0.042715978 
732 207 10 26 0.0426765 
678 162 10 22 0.042672362 
63 472 16 47 0.042634606 
888 426 5 12 0.04260123 
145 716 6 15 0.042504612 
449 416 11 26 0.042427737 
849 291 7 20 0.042380057 
923 278 8 16 0.042356562 
732 294 10 18 0.042338923 
719 687 9 19 0.04230119 
851 348 6 11 0.04226082 
246 604 9 37 0.04223544 
809 690 9 15 0.042212367 
1002 623 10 16 0.04217358 
979 397 12 19 0.042058535 
350 689 7 17 0.042018052 
823 175 7 21 0.042016212 
249 594 7 27 0.04198473 
766 408 12 20 0.041958787 
132 690 7 17 0.041952614 
119 690 7 17 0.041928742 
836 359 5 15 0.041902795 
411 355 8 17 0.041876573 
806 674 12 23 0.041825756 
845 665 10 17 0.041811414 
991 284 7 10 0.04175534 
36 722 12 24 0.041746657 
492 259 10 28 0.041698825 
861 706 8 11 0.04150827 
37 648 10 24 0.041495483 
145 690 7 17 0.041491933 
385 269 10 37 0.04138655 
1016 167 9 14 0.0413797 
1003 295 10 16 0.041329913 
722 301 8 19 0.041296136 
504 242 8 18 0.041290447 
707 686 9 20 0.04128813 
632 381 8 20 0.041281726 
926 229 7 16 0.04126657 
630 219 9 31 0.041226927 
79 580 8 29 0.041194238 
1017 115 7 16 0.041166987 
334 131 12 33 0.041154373 
912 277 9 17 0.04114228 
312 702 7 16 0.04112102 
826 330 6 19 0.041030746 
258 619 9 35 0.04091743 
21 191 4 16 0.040895924 
820 662 11 23 0.040888723 
808 110 10 18 0.040877957 
600 241 9 20 0.04085684 
207 628 9 36 0.04085468 
979 147 5 10 0.040852353 
890 411 4 11 0.040802777 
158 716 6 15 0.040743317 
703 432 11 19 0.040671207 
1004 90 5 12 0.040619448 
680 455 11 24 0.040577628 
936 164 9 19 0.040561378 
779 181 15 31 0.040510796 
694 260 9 28 0.040503114 
16 179 6 16 0.04045192 
144 518 10 25 0.040442936 
848 304 7 18 0.040400937 
658 160 8 18 0.04037982 
736 176 7 20 0.04025126 
1017 127 7 17 0.04024377 
631 189 7 18 0.040232975 
362 666 7 18 0.04018164 
705 635 9 24 0.040175986 
631 363 9 25 0.040169448 
371 268 10 37 0.040129527 
923 314 10 22 0.039989874 
464 146 8 25 0.03998063 
971 324 13 25 0.039931506 
452 286 7 28 0.039918724 
668 434 9 16 0.039747342 
54 571 9 23 0.03974382 
209 299 8 27 0.03972649 
299 702 6 16 0.039699893 
880 209 14 25 0.039676722 
963 305 8 14 0.039674826 
631 235 9 28 0.03956568 
299 315 8 19 0.03949685 
744 207 10 28 0.039495107 
821 186 7 22 0.03949151 
80 676 9 17 0.039470118 
827 291 6 19 0.03945199 
412 123 9 22 0.03942366 
966 183 7 12 0.03938844 
811 705 7 13 0.039362177 
718 452 13 24 0.03928791 
37 586 12 22 0.039235633 
130 726 9 21 0.0392186 
644 258 9 32 0.039163746 
730 670 12 28 0.03912697 
116 613 12 42 0.039054144 
676 173 11 24 0.039007265 
35 660 12 26 0.03900122 
983 650 15 30 0.038997732 
966 156 6 9 0.038883638 
695 608 8 26 0.038875107 
668 444 10 21 0.03886872 
397 534 11 23 0.03885043 
1012 190 11 15 0.03884006 
1012 543 12 29 0.038731333 
1006 574 7 14 0.03871965 
629 649 9 29 0.03870111 
14 274 12 19 0.038639743 
437 243 9 37 0.0385817 
850 358 6 15 0.03855311 
835 317 6 18 0.038489968 
889 434 5 12 0.03848683 
364 689 6 17 0.038477473 
860 166 7 17 0.03847337 
49 538 13 35 0.038438585 
81 649 7 22 0.038426634 
745 705 9 15 0.03841099 
731 687 10 19 0.038404267 
220 332 7 17 0.038373567 
502 600 8 20 0.038344603 
1017 143 7 14 0.038337886 
171 501 10 31 0.038316 
750 300 12 24 0.038296208 
645 703 7 16 0.03826846 
845 678 12 16 0.03820977 
1016 259 8 13 0.038134996 
223 442 7 31 0.038122125 
694 162 9 19 0.03812093 
271 622 9 32 0.038117547 
385 122 11 24 0.038096726 
275 440 5 11 0.038083058 
68 634 8 24 0.03804722 
640 442 13 27 0.038039327 
1017 103 6 14 0.038017362 
849 369 5 19 0.03800251 
68 582 7 24 0.03800025 
140 580 14 30 0.037934117 
976 296 7 12 0.03792514 
465 210 7 25 0.03790637 
822 140 6 14 0.037828524 
781 671 12 27 0.037763294 
258 250 8 24 0.037736084 
733 279 12 17 0.037711166 
205 344 9 16 0.03770516 
423 271 9 33 0.037651673 
820 198 8 24 0.037628297 
358 178 10 41 0.037604928 
1003 114 6 12 0.037581187 
834 334 6 15 0.037543554 
436 365 12 23 0.037539378 
351 702 6 17 0.037506275 
827 318 5 18 0.037484325 
170 716 7 16 0.03748303 
396 123 10 23 0.03748273 
851 156 5 14 0.037480198 
975 315 12 21 0.037477314 
236 457 6 23 0.037443146 
860 693 8 12 0.037441786 
451 260 8 31 0.03743914 
681 257 9 34 0.037390217 
922 564 13 14 0.037380144 
707 229 6 19 0.03735725 
910 650 10 17 0.037336692 
976 225 8 19 0.037305083 
0 286 69 103 0.037281338 
913 360 6 13 0.037275176 
5 177 6 18 0.037206907 
835 654 8 19 0.037160683 
821 152 6 16 0.037154038 
501 635 10 26 0.037148457 
412 205 9 39 0.037105348 
53 585 9 23 0.037105188 
796 689 9 16 0.037063975 
111 558 13 24 0.037059035 
837 348 4 11 0.03703921 
616 261 9 26 0.036924288 
684 315 7 25 0.03688922 
997 200 13 19 0.03684596 
939 422 7 13 0.036812846 
948 254 10 18 0.036789976 
477 666 7 18 0.036762074 
908 446 12 21 0.036708523 
959 644 12 23 0.036631744 
423 316 9 24 0.036624014 
949 419 10 17 0.036618732 
221 631 9 33 0.036602393 
507 301 16 18 0.03657164 
66 724 11 24 0.036564503 
375 676 7 18 0.036563434 
26 659 14 28 0.03655604 
870 181 11 16 0.036482982 
977 578 9 13 0.036480725 
235 446 6 23 0.03643422 
728 478 13 36 0.036330927 
978 216 8 18 0.03626599 
999 707 11 36 0.036262825 
797 705 8 14 0.036242504 
206 602 9 36 0.036191177 
926 359 6 13 0.036127254 
808 137 9 18 0.036066376 
438 317 9 22 0.036043845 
423 242 10 39 0.03601468 
25 723 12 24 0.036007505 
874 706 8 12 0.03595743 
143 726 9 21 0.035886575 
935 229 10 18 0.035845492 
283 122 9 28 0.0358163 
652 440 13 27 0.035796493 
437 301 9 26 0.035791654 
985 214 11 21 0.035758674 
423 299 9 29 0.035717804 
594 690 6 16 0.035680734 
758 259 8 13 0.0356774 
286 598 7 22 0.03567383 
807 101 10 17 0.035594657 
998 214 12 20 0.035570152 
616 337 10 31 0.035553765 
678 151 8 16 0.035532195 
142 628 10 36 0.03547854 
964 168 6 11 0.035466135 
50 724 12 24 0.035405178 
967 399 7 13 0.035384964 
438 355 11 18 0.035364088 
156 726 9 21 0.035356995 
771 400 7 13 0.035344854 
759 396 9 15 0.03534448 
758 704 9 16 0.03533156 
497 249 11 27 0.03532052 
744 685 10 20 0.03531083 
265 449 4 12 0.0353101 
260 647 8 26 0.03529567 
567 676 7 19 0.03529441 
723 438 17 29 0.035274543 
732 623 8 18 0.035261787 
848 254 7 18 0.03518058 
991 273 7 10 0.03517634 
984 324 16 23 0.035133082 
1012 217 12 18 0.03511165 
717 163 9 19 0.03509854 
273 648 7 24 0.035073183 
915 231 7 14 0.035065603 
439 193 8 36 0.03504425 
949 593 10 12 0.03503156 
491 634 8 27 0.034987256 
169 628 10 36 0.03497637 
580 676 7 18 0.034939658 
475 622 9 25 0.03491084 
978 168 6 11 0.03487698 
153 519 9 22 0.034846906 
548 465 13 36 0.03480046 
1013 595 13 23 0.034778938 
632 703 7 16 0.034778204 
694 317 7 24 0.034694903 
849 717 7 12 0.034626298 
346 178 10 41 0.0346117 
62 449 15 44 0.03460024 
849 564 7 12 0.03456441 
1002 649 11 20 0.034511775 
1001 640 10 16 0.03448662 
183 716 7 16 0.03447565 
746 259 7 12 0.034467194 
177 503 9 27 0.034416832 
477 577 7 12 0.034398347 
415 690 6 16 0.034398314 
938 614 13 16 0.034358017 
696 634 9 24 0.034259293 
1010 425 16 24 0.034251325 
593 675 7 19 0.03419409 
972 595 11 18 0.03410946 
39 574 11 21 0.034101248 
155 628 10 36 0.034068696 
781 621 9 20 0.033959996 
988 169 9 12 0.033956517 
837 369 5 20 0.033862177 
51 615 10 28 0.033844188 
861 346 6 12 0.033831656 
668 368 9 18 0.03382554 
857 678 11 16 0.03379125 
827 305 5 17 0.033790406 
206 331 10 18 0.0337701 
812 165 6 15 0.03375636 
530 690 6 16 0.03368379 
168 726 10 21 0.03368112 
865 569 17 26 0.03367289 
630 444 10 23 0.033672336 
50 594 11 32 0.033662423 
912 438 6 10 0.03363768 
784 354 8 21 0.033626914 
720 625 7 16 0.03360834 
542 690 6 16 0.033603154 
1000 170 9 12 0.033581983 
986 202 12 17 0.033565227 
365 318 6 18 0.03354924 
696 155 6 12 0.03354304 
837 718 7 11 0.03354174 
452 301 7 24 0.03352828 
66 544 8 24 0.03346523 
402 690 6 16 0.03341444 
53 635 9 21 0.033407506 
757 685 10 20 0.033402845 
721 99 8 18 0.033391032 
463 158 8 27 0.03330164 
967 146 4 9 0.03326693 
51 677 11 18 0.03323695 
402 345 7 15 0.03321639 
810 152 7 16 0.03317669 
822 211 8 23 0.033147976 
771 704 8 15 0.033127848 
913 369 6 12 0.03310583 
82 537 6 16 0.0330885 
376 690 6 17 0.033082828 
643 649 9 31 0.03308148 
732 311 9 23 0.033069193 
681 234 8 32 0.033012137 
979 307 10 16 0.03300881 
984 352 15 24 0.032967534 
758 379 8 18 0.032905567 
364 702 6 16 0.03283847 
476 146 8 25 0.03283432 
962 657 10 23 0.032832593 
836 383 6 23 0.032826405 
799 111 7 16 0.032816414 
618 212 8 22 0.03281161 
859 291 7 17 0.032802373 
247 644 8 31 0.032794956 
593 663 8 21 0.032791875 
384 241 10 41 0.03279116 
1008 323 19 24 0.032736294 
656 188 12 23 0.032731235 
850 383 5 20 0.03272369 
616 249 9 24 0.032717425 
886 705 8 13 0.032696996 
437 330 12 22 0.032638878 
449 330 10 19 0.032636214 
666 382 9 20 0.032619074 
1017 90 6 15 0.032600984 
946 352 11 20 0.032507546 
604 337 9 26 0.032487612 
885 651 12 16 0.032464344 
938 253 8 17 0.03245383 
572 260 11 31 0.032428272 
452 319 7 19 0.03241382 
93 570 9 25 0.032402016 
954 96 4 10 0.032380857 
964 589 12 16 0.032349437 
769 687 10 18 0.03230348 
979 386 10 16 0.032285642 
466 199 6 24 0.032275055 
568 689 6 17 0.03226582 
831 236 11 26 0.03226571 
5 268 9 15 0.032245446 
784 705 8 14 0.032228425 
262 333 6 13 0.032143153 
977 286 7 10 0.03213192 
628 260 10 30 0.03210277 
377 702 6 17 0.032093246 
679 632 11 28 0.03205983 
49 516 12 32 0.032058764 
963 325 11 21 0.032049086 
437 164 10 39 0.031993195 
377 334 5 14 0.03198745 
1002 66 6 11 0.03195691 
582 703 6 16 0.031931356 
582 690 5 16 0.031915944 
882 562 10 14 0.031842247 
322 633 8 26 0.031837214 
721 212 8 21 0.031829704 
679 214 11 36 0.03181763 
913 640 7 11 0.03179223 
208 316 8 20 0.031772014 
863 357 6 15 0.03174795 
311 624 9 23 0.031738862 
654 645 10 33 0.03172598 
389 691 6 16 0.03171684 
1002 585 8 16 0.03169347 
16 400 24 31 0.03161859 
859 137 8 20 0.031612247 
941 296 7 12 0.031572357 
980 106 4 10 0.031561885 
196 716 6 16 0.031549986 
951 166 8 14 0.031532343 
446 132 10 29 0.031528562 
602 262 9 24 0.031528562 
753 277 11 20 0.03152281 
273 334 6 12 0.031490564 
941 269 7 13 0.03148584 
530 536 15 19 0.031448796 
283 461 7 16 0.03144615 
964 420 9 18 0.031433824 
796 302 6 21 0.03139554 
682 130 6 11 0.031389177 
181 726 10 21 0.03137956 
933 236 12 24 0.031345837 
669 633 9 28 0.03133867 
758 408 12 18 0.03133658 
1002 79 5 12 0.03132818 
464 172 7 25 0.03131593 
926 306 8 14 0.03131473 
952 190 8 15 0.031304 
397 241 11 41 0.03129267 
1003 51 6 13 0.031291965 
924 616 9 13 0.03126797 
38 676 11 20 0.031261683 
414 581 9 22 0.031189393 
862 334 6 14 0.031175716 
620 703 7 16 0.031168371 
604 146 8 29 0.031137321 
992 106 5 10 0.031093165 
451 408 8 18 0.031067722 
857 667 9 15 0.031061176 
438 271 8 32 0.031045143 
1003 128 7 14 0.03104235 
695 188 7 17 0.031028302 
809 127 8 15 0.03096241 
925 371 6 11 0.030960612 
899 435 6 12 0.030956242 
74 425 13 32 0.03091018 
879 414 4 10 0.03089896 
932 246 151 200 0.030896472 
437 342 13 21 0.030894807 
744 625 8 19 0.030862989 
8 413 44 57 0.030854104 
466 186 6 23 0.030852977 
669 312 7 27 0.030787919 
641 177 9 19 0.030782085 
130 629 10 35 0.03076506 
652 217 12 39 0.030735172 
595 703 6 16 0.030730393 
835 175 7 19 0.030686352 
736 332 7 19 0.030677913 
909 335 10 25 0.030664703 
736 163 9 19 0.030644909 
924 156 11 24 0.030603252 
477 200 7 21 0.030601585 
803 489 15 41 0.030593477 
742 306 12 27 0.030591156 
960 599 13 16 0.030573394 
336 633 8 23 0.030556954 
375 667 6 17 0.03051474 
668 356 8 20 0.030507877 
915 629 7 11 0.030487321 
20 213 6 18 0.030470116 
959 427 14 23 0.030461382 
989 578 6 12 0.030452859 
918 531 64 71 0.030443348 
1015 477 8 13 0.030436112 
975 658 10 23 0.030432554 
424 344 9 17 0.030416803 
822 165 6 17 0.030408366 
453 691 6 15 0.030361934 
834 211 9 23 0.03031242 
64 428 14 29 0.030303562 
260 238 7 23 0.03029871 
424 356 8 16 0.030274075 
607 703 7 16 0.030265871 
707 174 8 19 0.030180248 
1010 337 18 24 0.030160755 
872 167 8 16 0.030148437 
38 35 9 19 0.030135417 
696 128 6 13 0.030127674 
708 387 6 11 0.030119002 
90 504 11 27 0.030101687 
246 333 7 14 0.030098535 
259 349 13 28 0.030096315 
978 627 9 16 0.030092675 
494 242 7 18 0.030086998 
937 216 7 14 0.03006456 
923 296 8 13 0.030031294 
413 676 8 17 0.03002902 
919 325 11 22 0.030027546 
103 488 11 29 0.03002395 
27 -2 11 17 0.029995676 
346 124 12 24 0.029989302 
477 212 7 21 0.029956106 
389 702 6 17 0.029945131 
411 162 10 41 0.029856216 
569 702 6 17 0.029845286 
707 155 7 14 0.02984519 
37 262 10 19 0.029834138 
417 576 6 14 0.029793968 
938 305 10 16 0.029788718 
403 702 6 17 0.029788118 
948 368 9 16 0.029755605 
940 281 8 13 0.029733367 
351 316 6 19 0.029724343 
862 717 7 12 0.02970837 
466 579 6 11 0.029691983 
1001 259 8 12 0.029675167 
798 354 7 21 0.02963948 
722 190 6 16 0.029633487 
953 155 6 11 0.029618066 
694 175 8 19 0.029611755 
952 181 7 13 0.02960376 
696 385 7 13 0.029588865 
783 688 9 17 0.029562002 
874 135 7 22 0.029541586 
976 614 9 15 0.029518984 
984 339 14 25 0.02950781 
555 690 6 16 0.029505612 
649 143 5 12 0.029474912 
979 92 5 10 0.029460996 
491 666 7 17 0.029457273 
620 162 6 22 0.029421648 
637 590 13 39 0.029382322 
285 316 7 18 0.029373726 
720 110 8 19 0.029334707 
52 649 9 21 0.029326791 
274 123 7 26 0.029322369 
834 253 8 22 0.02931945 
72 474 16 44 0.029310877 
824 718 6 11 0.02930523 
73 446 16 47 0.029268304 
617 313 9 29 0.029247811 
718 480 13 32 0.02921327 
232 629 10 36 0.029211555 
349 632 10 24 0.029181316 
465 237 6 24 0.02917776 
920 206 5 12 0.029170876 
1014 711 10 28 0.029141732 
204 354 11 21 0.029127656 
809 207 9 26 0.029111264 
440 690 7 16 0.029087052 
719 636 9 21 0.029075136 
425 368 10 20 0.029064277 
845 238 10 25 0.02902618 
441 702 6 17 0.029022632 
722 203 6 17 0.029016063 
82 548 6 16 0.029013444 
130 600 14 34 0.02900652 
680 284 8 29 0.028968956 
621 176 7 20 0.028960437 
449 367 10 21 0.02895135 
411 367 9 21 0.02892131 
209 715 6 17 0.028894283 
827 343 5 15 0.02888894 
540 474 11 35 0.028882995 
919 132 4 10 0.028878035 
755 314 9 19 0.028869668 
28 9 10 19 0.028866613 
1003 37 6 15 0.028820667 
742 631 12 33 0.028812252 
754 365 10 24 0.02881036 
720 469 11 24 0.028801648 
949 410 7 14 0.028790157 
757 331 8 18 0.02877433 
52 36 9 18 0.028762972 
91 487 12 32 0.028748995 
421 439 13 27 0.028741919 
709 610 9 23 0.02873931 
220 343 7 15 0.028727042 
220 426 8 33 0.028705044 
719 176 8 18 0.028701235 
603 276 9 24 0.028691621 
1014 204 10 15 0.028658006 
427 689 7 17 0.028649645 
965 219 7 13 0.028634828 
731 609 9 21 0.028608618 
835 395 6 20 0.028603725 
745 354 8 24 0.028582813 
895 660 13 19 0.028578777 
938 355 9 15 0.028577875 
720 257 9 15 0.028507821 
478 584 10 19 0.028426312 
543 703 6 16 0.028422823 
727 452 12 27 0.028393894 
988 144 6 11 0.028387062 
5 168 5 15 0.02838581 
850 337 6 12 0.028373525 
38 232 8 16 0.028372617 
708 397 7 13 0.02836623 
508 328 18 18 0.028355882 
67 678 8 16 0.028332442 
247 249 8 23 0.028315164 
962 242 9 16 0.028241824 
848 572 12 23 0.028236164 
979 646 12 22 0.028199967 
695 371 8 15 0.028196424 
131 582 12 26 0.028185308 
194 726 9 21 0.028180966 
728 409 11 16 0.028180594 
324 622 8 22 0.028160956 
965 202 8 14 0.028142152 
682 300 7 25 0.028131094 
186 390 18 23 0.028108422 
14 624 12 18 0.02809275 
415 702 6 17 0.028088843 
652 588 13 41 0.02807898 
709 214 6 19 0.02807051 
859 152 7 17 0.028068513 
1015 516 11 25 0.028035976 
908 661 12 20 0.028023181 
976 338 11 24 0.02800741 
860 305 7 16 0.028003905 
449 122 9 24 0.02798871 
264 438 5 12 0.027979651 
784 281 7 19 0.027928464 
618 226 7 20 0.027927889 
696 342 6 20 0.027899789 
991 90 6 11 0.027879134 
1005 561 8 17 0.027873274 
850 202 8 19 0.027860047 
799 179 8 18 0.027832415 
476 607 9 20 0.02782429 
425 676 8 18 0.027800044 
248 385 5 14 0.027786002 
898 410 6 13 0.027781432 
478 188 6 21 0.027775688 
52 664 9 19 0.027768236 
619 472 7 19 0.027762836 
21 310 21 27 0.027760385 
917 218 5 12 0.0277599 
528 466 7 24 0.027748797 
452 398 6 15 0.027739324 
743 343 8 19 0.027734866 
485 585 10 19 0.027731923 
874 695 8 11 0.02772507 
1014 668 11 26 0.027721172 
388 333 7 16 0.027713995 
207 414 10 30 0.027694907 
696 143 6 11 0.02769234 
978 203 7 15 0.027650854 
1004 141 6 12 0.027633367 
235 431 7 23 0.027629368 
965 228 8 16 0.027603313 
454 702 5 17 0.027591335 
463 250 7 23 0.02757082 
531 702 5 16 0.027564287 
619 150 6 21 0.02755998 
476 442 10 26 0.027514143 
222 715 6 17 0.027504778 
552 666 7 17 0.027501494 
924 436 8 14 0.027491778 
858 266 9 20 0.02748983 
979 117 6 9 0.02745135 
724 420 17 24 0.027442329 
824 235 9 26 0.027434416 
401 676 7 17 0.027433446 
423 329 9 21 0.027407348 
779 118 175 249 0.027383994 
860 122 8 24 0.027363492 
297 121 10 28 0.02733273 
947 341 11 18 0.02732316 
521 333 20 19 0.02731824 
669 455 10 20 0.027309803 
556 703 6 16 0.027302552 
865 396 5 16 0.027283758 
402 331 7 20 0.027267223 
338 649 7 19 0.027241617 
21 205 4 16 0.027186427 
155 505 9 25 0.02718079 
862 655 6 13 0.027176196 
27 674 11 22 0.027150912 
52 343 12 18 0.02711289 
904 280 6 14 0.027108373 
259 224 8 23 0.027090836 
720 154 7 14 0.02707076 
517 691 6 15 0.027067533 
654 405 11 24 0.027055167 
920 444 13 23 0.027048659 
286 715 6 16 0.027034901 
509 317 14 17 0.027034389 
835 188 6 19 0.027020568 
864 180 8 14 0.027012484 
813 318 5 18 0.027007999 
924 342 8 18 0.027007999 
235 715 6 16 0.026971096 
927 426 5 10 0.026965514 
466 691 6 15 0.026964094 
979 369 9 17 0.026907733 
873 357 7 16 0.026904762 
37 21 9 19 0.026878985 
248 262 7 25 0.02686978 
796 314 7 21 0.026869463 
40 638 9 17 0.026861042 
928 605 8 11 0.026853513 
388 677 7 16 0.026849857 
14 11 8 20 0.026839286 
194 524 10 18 0.026800545 
657 176 10 20 0.026789313 
94 557 10 23 0.026785262 
398 164 9 39 0.026782217 
646 164 6 16 0.026761966 
966 409 8 14 0.026729526 
68 649 7 20 0.026726494 
1003 156 7 12 0.026688652 
498 279 13 20 0.026677059 
617 287 9 24 0.026670536 
813 331 6 20 0.02666543 
633 153 6 17 0.02665649 
28 586 11 22 0.02665053 
402 357 7 14 0.026642378 
274 715 6 16 0.026602821 
925 627 9 13 0.026597088 
105 507 11 23 0.026572973 
875 717 7 13 0.026543174 
448 343 10 20 0.026539758 
428 703 6 16 0.026510432 
322 314 7 21 0.026506757 
14 717 14 35 0.0265064 
566 382 8 19 0.02650554 
746 335 6 15 0.026475519 
898 704 10 16 0.026469314 
1002 687 8 22 0.026433019 
920 195 5 11 0.02640688 
130 517 11 25 0.026384251 
234 331 7 16 0.026373481 
1017 51 7 16 0.026367925 
834 632 9 23 0.026365377 
964 387 7 13 0.026277686 
464 122 8 24 0.026240718 
247 715 7 17 0.026213946 
478 691 7 16 0.02621145 
799 443 16 24 0.026206637 
218 416 9 28 0.026204124 
17 240 11 24 0.02620255 
618 615 10 32 0.026200853 
709 718 6 12 0.026170148 
300 609 7 23 0.026150908 
977 353 11 22 0.026147518 
836 201 7 20 0.026143769 
873 150 8 19 0.026121967 
887 717 8 14 0.026106875 
554 677 7 17 0.026096232 
665 199 13 35 0.02607467 
819 492 10 30 0.026066817 
858 219 12 29 0.02602532 
878 400 4 15 0.026014736 
168 598 12 38 0.026005622 
438 416 10 24 0.026005458 
864 382 6 20 0.025977956 
732 259 9 13 0.025973134 
672 133 5 10 0.02596115 
669 342 7 22 0.025959935 
449 355 10 18 0.025932256 
518 703 6 15 0.025924765 
771 620 8 19 0.025917042 
398 190 9 41 0.0259081 
876 653 9 13 0.025891582 
67 391 26 27 0.025864068 
976 413 14 25 0.02585548 
764 439 20 30 0.025853595 
34 314 16 23 0.025852147 
464 262 7 25 0.025847044 
847 209 10 24 0.02583719 
928 92 4 12 0.025836816 
478 224 7 21 0.025826283 
989 599 8 15 0.025803229 
786 141 6 14 0.025792688 
721 718 6 12 0.025775872 
785 152 7 16 0.025768382 
768 267 8 17 0.025766108 
822 223 9 25 0.025761947 
785 366 7 18 0.025749085 
339 315 7 20 0.025746442 
68 664 8 18 0.025737599 
553 366 10 24 0.025723187 
833 222 10 28 0.025703609 
926 590 8 11 0.025680793 
950 217 7 13 0.025678093 
142 533 10 19 0.025675109 
798 100 7 15 0.025668586 
897 426 7 14 0.025665604 
939 370 7 12 0.025657592 
939 595 8 10 0.025647854 
27 575 10 20 0.025617486 
847 636 7 18 0.025599282 
618 301 8 25 0.025592394 
210 457 7 27 0.025534123 
566 370 7 19 0.025501728 
619 447 7 17 0.025491433 
768 208 10 27 0.025477018 
260 715 7 16 0.02547338 
848 655 8 16 0.025466427 
620 460 6 17 0.025454668 
936 433 12 17 0.02545407 
965 94 5 10 0.025432283 
15 22 9 22 0.025407854 
705 341 7 23 0.02536722 
879 427 4 8 0.025352381 
191 382 15 19 0.025347581 
703 424 10 15 0.02531979 
1013 437 14 25 0.025312606 
782 168 8 15 0.025293402 
938 344 8 15 0.025284654 
274 505 10 27 0.025281008 
706 372 7 15 0.025277056 
1018 78 6 15 0.02527457 
207 726 9 22 0.025274536 
2 278 10 17 0.025260916 
848 318 7 16 0.025242668 
950 398 7 13 0.025231212 
845 222 11 29 0.025229217 
541 676 8 17 0.025221 
850 143 6 14 0.025203403 
80 557 8 24 0.025192082 
114 368 15 16 0.025190713 
979 25 6 13 0.025184974 
15 -2 9 18 0.025184168 
235 483 8 19 0.025167558 
40 556 13 25 0.025160016 
464 666 7 18 0.025146442 
34 327 18 27 0.025145752 
783 342 8 21 0.025144815 
77 498 12 34 0.025137607 
314 612 7 18 0.025132237 
793 205 11 28 0.025129065 
5 189 5 17 0.025118597 
422 164 10 39 0.025114708 
633 87 4 15 0.025064433 
24 626 11 18 0.025046691 
438 676 8 18 0.025036134 
976 239 7 16 0.025018837 
773 291 7 18 0.024956413 
992 116 5 10 0.024955472 
150 400 18 29 0.024902316 
4 689 7 20 0.02488131 
758 344 7 18 0.024878232 
298 715 7 16 0.024865463 
864 369 5 18 0.024863366 
489 624 8 24 0.024850002 
988 618 8 14 0.024797656 
811 718 7 11 0.024795974 
807 650 11 26 0.024785843 
258 121 9 31 0.024778174 
452 381 7 16 0.024721062 
732 633 11 28 0.024718635 
915 618 8 12 0.024708766 
67 531 9 25 0.02469824 
670 716 6 14 0.0246956 
323 614 7 15 0.02465665 
683 717 6 13 0.024651973 
324 714 7 17 0.024651082 
928 178 7 17 0.024617748 
931 570 16 17 0.024594322 
704 327 8 25 0.02458842 
541 665 8 18 0.024586765 
312 715 6 16 0.024584519 
464 439 11 26 0.024578733 
19 678 7 18 0.024561426 
918 143 5 10 0.024559181 
889 138 6 18 0.024540467 
590 257 11 28 0.024535457 
650 154 5 13 0.02451239 
848 556 7 12 0.024501538 
449 603 9 15 0.024497757 
734 718 6 12 0.024496928 
38 518 13 26 0.024478527 
222 242 7 16 0.024477948 
655 418 10 21 0.024463724 
946 227 12 20 0.02445495 
976 256 7 12 0.024449112 
861 318 7 17 0.024435762 
127 369 13 15 0.024411617 
866 414 4 10 0.02440812 
10 528 17 30 0.024402514 
707 316 7 22 0.024391253 
950 202 9 14 0.024381787 
115 490 11 29 0.024370402 
824 91 5 11 0.02436835 
366 334 5 12 0.024365759 
502 621 9 27 0.024359252 
967 38 5 14 0.024347896 
929 470 21 26 0.0243072 
951 383 7 13 0.02430469 
780 634 11 27 0.024300914 
835 407 6 16 0.024299165 
917 104 5 12 0.02428589 
939 401 5 11 0.024277464 
804 431 13 21 0.024273183 
477 677 7 17 0.024262298 
616 589 11 36 0.024258474 
478 567 6 10 0.024251146 
899 716 9 16 0.02423819 
581 666 6 17 0.024234973 
997 354 14 20 0.024230026 
720 612 7 20 0.024227506 
424 576 7 13 0.02422488 
825 253 7 23 0.024219891 
891 401 4 13 0.024188798 
628 468 11 28 0.024177786 
3 700 9 24 0.024171745 
654 201 13 34 0.024137273 
722 140 7 15 0.024137145 
800 136 7 17 0.024133483 
568 667 6 15 0.02409716 
696 718 6 12 0.0240878 
542 457 7 20 0.024084052 
836 618 9 27 0.024045859 
490 578 6 12 0.024038576 
669 422 8 16 0.024038257 
979 77 6 12 0.024030505 
603 620 9 28 0.024028284 
79 519 9 24 0.024022967 
930 559 19 20 0.024016159 
27 20 9 21 0.024007803 
412 440 9 25 0.024001244 
451 677 8 16 0.023992747 
143 487 10 31 0.02398618 
848 175 7 18 0.023981357 
591 145 10 30 0.023962809 
682 423 10 16 0.023958445 
204 382 10 19 0.023910364 
936 311 15 25 0.023884999 
4 153 5 14 0.02387938 
605 354 8 21 0.023878524 
310 445 9 12 0.023872592 
759 623 8 19 0.023842877 
462 417 14 25 0.023817485 
915 90 4 14 0.023805315 
1018 64 7 16 0.023789618 
783 316 7 21 0.023786096 
771 317 8 17 0.023760201 
769 383 7 15 0.023757674 
979 272 6 10 0.023746518 
873 369 6 18 0.023727389 
337 715 6 16 0.023695996 
52 23 9 16 0.023614574 
34 -3 13 18 0.023583539 
464 676 8 17 0.023582818 
770 329 8 19 0.023582082 
946 428 14 22 0.023575926 
845 504 12 27 0.023571094 
103 428 14 32 0.02356944 
1011 352 15 21 0.023565581 
247 407 8 18 0.02353343 
710 189 6 16 0.02352982 
885 662 11 17 0.023503423 
410 451 11 32 0.023502711 
849 395 5 17 0.023462445 
37 278 11 16 0.023461593 
511 236 14 24 0.023435283 
154 356 13 19 0.023415836 
111 391 22 23 0.023401532 
719 432 16 21 0.023396293 
478 647 6 21 0.023380497 
463 288 8 23 0.023380063 
434 443 12 23 0.023367839 
645 630 9 33 0.023359085 
424 192 9 40 0.02335051 
560 439 13 21 0.023342462 
438 378 8 19 0.023341 
1007 489 5 12 0.02333698 
505 703 6 15 0.023333268 
723 311 8 22 0.023312222 
941 94 4 11 0.023311235 
605 232 6 13 0.02329826 
233 276 8 27 0.023287281 
877 644 6 8 0.02328404 
323 123 9 26 0.023282034 
728 397 10 15 0.023274522 
710 112 6 19 0.023270369 
620 385 6 16 0.02325781 
861 206 13 26 0.02325207 
794 650 11 27 0.023238871 
632 99 6 19 0.023223286 
979 52 5 12 0.023211883 
491 692 6 14 0.023206053 
889 448 4 12 0.023205506 
138 599 15 36 0.023203226 
988 711 10 29 0.023201343 
464 634 9 28 0.023195961 
467 702 5 17 0.02318817 
577 161 9 22 0.02318682 
192 532 11 23 0.023179688 
605 450 6 13 0.023176374 
631 434 8 20 0.02317566 
-31 653 281 376 0.023168126 
770 343 8 19 0.023134362 
874 667 8 14 0.023118611 
447 609 10 19 0.023108916 
743 468 10 27 0.023102935 
477 160 7 23 0.023091312 
859 281 7 17 0.02309104 
643 421 9 20 0.023078872 
646 87 5 15 0.02303654 
710 203 5 16 0.023017643 
528 677 8 16 0.023000764 
986 379 37 44 0.022964872 
1003 598 9 17 0.022955775 
861 556 7 10 0.022952616 
502 666 8 17 0.022946507 
899 630 10 12 0.022936376 
112 382 20 18 0.022918576 
14 610 10 18 0.022917204 
195 344 10 15 0.022896208 
285 623 9 30 0.02288341 
606 174 7 21 0.022862745 
963 371 8 15 0.022857174 
968 78 5 11 0.022852756 
310 196 8 32 0.022848167 
222 249 8 23 0.022842588 
979 39 5 13 0.02283213 
771 369 7 16 0.022829968 
37 504 14 26 0.022812786 
221 384 6 14 0.022811564 
48 736 16 27 0.0228021 
177 383 18 19 0.022796897 
747 718 6 12 0.022793597 
247 418 7 20 0.022749687 
989 77 6 12 0.022696424 
400 444 8 20 0.022696398 
800 166 6 14 0.022693135 
137 391 20 24 0.022663241 
554 378 10 24 0.022654431 
217 356 7 18 0.022647135 
350 648 7 20 0.022646628 
563 454 11 22 0.022624508 
155 532 9 20 0.022623703 
298 601 6 19 0.022617258 
480 702 5 17 0.022612637 
720 243 7 16 0.02260345 
219 727 10 21 0.022593735 
964 294 84 104 0.022579933 
798 342 7 22 0.02253891 
691 411 13 18 0.022536138 
413 667 7 16 0.022532001 
1014 2 7 13 0.022528742 
621 87 4 15 0.022521384 
945 238 13 23 0.022497071 
311 646 8 24 0.022491362 
695 357 7 16 0.022453226 
798 718 7 12 0.022429038 
979 67 5 10 0.02242496 
35 8 11 19 0.02241943 
299 624 8 26 0.022404326 
418 565 5 12 0.022398863 
117 342 12 17 0.022385973 
413 431 10 22 0.02238068 
492 703 6 16 0.022373842 
334 624 8 20 0.022372127 
989 257 9 13 0.022370022 
808 636 9 22 0.022336679 
1017 38 6 16 0.022308445 
901 450 6 13 0.022306347 
964 342 8 17 0.022303533 
563 469 11 26 0.022299167 
4 215 7 19 0.022280006 
972 710 13 31 0.022277242 
1001 672 9 20 0.022268957 
504 692 7 14 0.022256333 
550 483 13 38 0.022251967 
681 383 9 16 0.022215445 
166 357 12 17 0.02220573 
300 577 5 15 0.022174502 
491 148 7 22 0.022165133 
997 338 17 22 0.02216482 
115 507 12 26 0.022132704 
668 590 12 38 0.022115404 
561 485 13 36 0.0220924 
604 579 12 32 0.02208215 
902 89 4 15 0.02204824 
846 621 7 21 0.02204687 
564 356 8 18 0.022041863 
774 175 10 20 0.022034883 
783 328 8 23 0.022013158 
449 443 10 22 0.02200391 
400 454 7 22 0.021964872 
425 666 8 17 0.02195803 
772 303 8 18 0.021948894 
131 489 10 30 0.02190508 
960 667 12 27 0.021898061 
591 108 8 28 0.021874012 
914 428 5 11 0.021866469 
154 589 13 37 0.021827865 
658 716 6 14 0.021826709 
849 127 7 16 0.021821788 
184 523 8 19 0.021759188 
755 632 10 29 0.021757487 
887 149 7 18 0.0217574 
963 356 8 17 0.021751685 
757 239 9 19 0.021748144 
795 636 9 22 0.021738298 
865 428 3 8 0.021730475 
270 347 8 16 0.021728972 
1016 686 9 24 0.021721309 
590 304 9 19 0.021720393 
52 451 14 34 0.021694005 
242 480 9 24 0.02168654 
759 718 7 12 0.02168649 
141 370 13 15 0.02165499 
925 635 11 17 0.021650242 
375 123 10 22 0.021647677 
591 290 8 21 0.021638036 
531 338 19 20 0.021636145 
205 522 11 19 0.021631163 
528 459 6 18 0.021599347 
174 399 20 26 0.021591568 
862 639 7 14 0.021591462 
785 718 7 12 0.021514159 
873 680 9 14 0.021512277 
53 50 8 15 0.021485038 
439 396 7 18 0.021459619 
875 384 5 18 0.021448929 
220 405 8 23 0.021421472 
1016 243 9 17 0.021412913 
979 131 5 10 0.021391984 
202 531 12 25 0.021386525 
13 585 12 23 0.021367712 
721 225 6 19 0.021363433 
926 382 6 11 0.021346483 
350 715 6 16 0.021331446 
685 78 4 12 0.021316335 
462 331 8 17 0.021293264 
803 468 14 26 0.021265972 
797 620 9 21 0.021253122 
285 647 9 26 0.02124406 
824 424 5 12 0.021235894 
781 646 12 31 0.021230392 
769 648 10 28 0.021227997 
904 357 7 13 0.0212206 
986 239 10 18 0.021192446 
618 365 8 22 0.02119206 
593 234 6 12 0.021183016 
211 497 7 16 0.02116934 
835 503 11 30 0.021138467 
3 -2 8 18 0.021086534 
550 240 11 19 0.021066759 
488 593 10 24 0.021055572 
967 66 5 11 0.021054082 
967 26 5 14 0.021051565 
53 488 13 33 0.021032916 
847 589 10 27 0.021028992 
808 237 8 24 0.021009088 
515 469 7 24 0.020981623 
704 355 8 19 0.020976102 
34 401 20 26 0.020972552 
695 394 9 14 0.020956345 
532 511 6 18 0.02095343 
988 66 6 11 0.0209527 
890 643 8 10 0.020946015 
807 607 9 28 0.020944135 
918 120 4 9 0.020940688 
6 771 73 80 0.020933826 
770 256 7 15 0.020920744 
436 427 11 22 0.020906087 
533 263 16 21 0.020904351 
627 628 11 36 0.020875694 
206 367 9 17 0.020872563 
990 130 7 11 0.02086229 
1012 371 14 17 0.020862017 
116 356 14 20 0.020859012 
755 354 9 22 0.020857375 
438 666 7 17 0.020850884 
591 276 9 24 0.020848937 
400 666 8 18 0.020825835 
91 429 12 28 0.020822354 
772 718 7 12 0.020806147 
589 314 10 23 0.020794535 
901 160 81 133 0.02078005 
770 240 8 19 0.020776406 
288 448 7 13 0.020760914 
296 425 10 12 0.020736512 
858 252 9 20 0.020721424 
772 355 8 18 0.020708106 
465 586 8 14 0.020697039 
900 243 10 22 0.020690357 
858 237 10 26 0.020689035 
619 482 7 20 0.02068201 
502 354 8 21 0.020681601 
414 421 7 16 0.020618852 
725 93 5 11 0.020611493 
142 563 11 16 0.020603446 
550 455 12 24 0.02060246 
4 10 8 21 0.020601207 
248 432 6 18 0.020598114 
813 305 5 16 0.02058824 
772 165 8 17 0.020549713 
983 405 41 68 0.020533761 
602 301 8 24 0.020530572 
127 357 12 18 0.020529602 
232 727 10 21 0.020476416 
13 286 15 24 0.020454984 
901 102 5 15 0.020453483 
868 215 14 29 0.02044805 
712 290 8 20 0.020414134 
89 448 14 40 0.020408789 
515 677 8 16 0.020400466 
27 33 10 21 0.020371113 
1002 26 6 13 0.020369563 
886 695 8 12 0.020361561 
720 126 7 15 0.020360667 
88 400 15 24 0.02033383 
539 168 9 14 0.020328399 
873 347 6 12 0.020326028 
501 364 8 26 0.020324264 
797 280 6 19 0.02031681 
90 413 13 28 0.020282637 
401 370 8 16 0.020265173 
607 189 7 19 0.020254606 
743 239 10 19 0.020248663 
233 494 10 19 0.020235041 
422 583 9 18 0.020232456 
591 329 9 20 0.020230867 
522 552 17 21 0.02021622 
934 444 13 20 0.020193653 
771 635 10 24 0.020187596 
229 249 8 23 0.020182362 
265 458 5 14 0.02017669 
563 345 8 15 0.020156605 
909 703 11 19 0.02014536 
900 336 10 24 0.020137541 
41 606 12 27 0.02012566 
847 535 9 21 0.020119052 
602 313 10 26 0.020118497 
63 356 10 15 0.020047532 
923 646 12 23 0.020027805 
672 77 4 13 0.019969877 
491 678 7 15 0.019961873 
873 538 8 15 0.019915191 
89 736 14 25 0.01989691 
155 344 11 15 0.019878173 
511 282 12 15 0.019844374 
129 573 12 21 0.019819526 
452 667 7 16 0.019817634 
835 548 11 22 0.019817213 
63 736 14 26 0.0198158 
854 175 90 129 0.019802634 
492 229 6 18 0.01979669 
811 340 7 21 0.019793741 
478 176 6 20 0.019777155 
620 99 6 19 0.01975989 
259 112 8 20 0.019753687 
811 51 5 13 0.019742286 
940 77 5 13 0.019737912 
849 191 7 17 0.019702667 
553 357 10 18 0.01970152 
620 434 6 18 0.019696407 
997 422 17 27 0.01969374 
490 608 7 20 0.019676777 
197 480 7 25 0.019674089 
771 281 7 16 0.019672416 
537 557 13 16 0.019624889 
954 65 5 12 0.019624498 
907 676 13 20 0.019611472 
291 435 7 15 0.019598478 
783 203 11 31 0.019592678 
392 580 15 27 0.019590579 
358 633 12 25 0.01957822 
238 383 5 15 0.019565485 
425 418 11 22 0.019562036 
911 603 10 14 0.019551614 
786 50 5 14 0.019494371 
998 241 10 16 0.019474369 
48 394 25 24 0.019469732 
914 573 10 14 0.01946423 
220 511 9 15 0.019446926 
893 308 5 13 0.01944074 
940 383 6 12 0.019436818 
901 115 5 15 0.019435849 
15 33 10 25 0.01941864 
967 52 5 13 0.019413192 
248 345 7 14 0.019409535 
809 221 9 27 0.019395392 
30 192 5 15 0.019390564 
809 423 9 17 0.019363042 
244 120 12 34 0.019333294 
359 125 11 21 0.019324644 
275 493 9 24 0.019299556 
1015 13 7 14 0.019285047 
821 635 11 23 0.019284092 
915 158 8 20 0.019272182 
491 355 6 18 0.019272111 
910 713 10 21 0.019265981 
799 128 6 13 0.019262921 
210 513 7 13 0.019253314 
698 77 4 12 0.019247932 
676 454 44 98 0.01923608 
245 241 8 19 0.019232938 
694 288 8 23 0.019223839 
898 612 11 16 0.0192104 
774 50 5 14 0.01919998 
903 110 164 236 0.019189011 
785 266 7 19 0.019173402 
659 87 5 15 0.019151788 
114 738 14 23 0.019134834 
644 404 11 23 0.019131152 
102 737 14 24 0.019119618 
309 327 9 19 0.019117614 
195 355 12 19 0.019110113 
36 736 14 25 0.019078873 
904 370 6 12 0.019073673 
93 521 8 19 0.019071637 
694 303 7 22 0.019037217 
743 486 11 38 0.019033255 
245 727 9 20 0.019028539 
94 540 6 12 0.019027647 
363 715 6 16 0.019014986 
1015 457 11 19 0.018997844 
633 78 5 12 0.018990656 
849 52 6 12 0.01896455 
1011 385 14 16 0.018956168 
76 735 14 27 0.018954335 
459 548 11 18 0.018953497 
770 195 10 26 0.018950349 
235 418 6 20 0.018934503 
797 329 7 22 0.018911563 
899 459 8 18 0.01888287 
928 77 5 13 0.01888129 
389 346 6 13 0.018842913 
425 114 8 17 0.018753404 
620 717 6 13 0.0187498 
244 458 8 20 0.01872798 
916 565 9 11 0.018693164 
646 78 5 12 0.018684937 
523 282 13 14 0.018672979 
811 92 6 12 0.018666767 
78 372 11 13 0.01865835 
800 50 5 14 0.01865253 
682 370 8 16 0.018637937 
785 383 7 15 0.01863339 
659 77 5 13 0.018613202 
207 404 10 21 0.01859934 
788 447 22 30 0.018585986 
944 471 19 22 0.018577987 
529 169 9 14 0.018576281 
284 114 9 17 0.018567292 
606 201 7 19 0.018556511 
697 116 6 15 0.018550307 
236 406 7 19 0.018549126 
165 412 18 31 0.018504046 
903 130 5 12 0.018498067 
640 466 12 31 0.018485256 
771 456 42 91 0.018473329 
629 581 11 26 0.018443946 
528 664 8 19 0.018432409 
38 48 9 17 0.018431753 
13 572 11 22 0.018426916 
248 354 8 21 0.01841593 
1017 740 8 19 0.01840252 
903 153 6 13 0.01839082 
799 153 7 16 0.018385148 
491 136 7 23 0.018367961 
898 574 11 14 0.018350368 
17 168 5 13 0.018323358 
12 557 13 25 0.018300692 
833 529 12 32 0.018291531 
796 264 7 21 0.018290412 
464 302 7 21 0.01824605 
608 717 5 14 0.018243521 
389 667 7 16 0.018241972 
427 395 9 19 0.018238248 
813 293 5 17 0.018233012 
747 40 6 13 0.018232632 
855 506 11 23 0.018209333 
308 113 10 19 0.018191567 
504 346 8 16 0.018174212 
827 360 5 14 0.018166289 
760 40 5 13 0.018157884 
421 450 15 36 0.018151555 
645 717 6 13 0.018139895 
396 559 10 19 0.018135812 
101 401 16 23 0.018129384 
836 142 6 13 0.01811279 
773 39 5 14 0.018107744 
49 427 17 29 0.01810697 
667 410 9 17 0.01810546 
479 241 6 18 0.018100442 
296 113 10 19 0.01808644 
721 409 8 13 0.01808057 
837 52 6 13 0.018078472 
987 666 11 27 0.018065797 
837 561 9 17 0.018061008 
708 142 7 13 0.018060414 
811 39 5 15 0.018048387 
859 539 8 15 0.018021638 
835 574 9 19 0.018011361 
414 550 6 14 0.017999366 
462 409 9 16 0.017996218 
632 717 6 13 0.017996158 
24 111 12 19 0.017992865 
635 139 5 17 0.017982671 
632 392 7 17 0.017970668 
152 384 15 17 0.017965537 
684 343 6 18 0.017944155 
221 495 9 17 0.017943762 
204 546 10 20 0.017942516 
247 448 6 17 0.017935872 
606 387 6 14 0.017924586 
898 693 10 15 0.01792343 
710 304 7 19 0.017914433 
593 342 8 19 0.017895617 
953 78 5 12 0.017888697 
505 330 10 15 0.017870938 
503 677 8 16 0.017866822 
32 416 21 28 0.017841877 
555 98 6 21 0.017835528 
528 448 6 15 0.017832495 
125 383 19 18 0.017810987 
73 385 18 16 0.017767705 
630 423 7 20 0.017758045 
875 556 8 11 0.0177442 
262 420 7 16 0.017742839 
810 358 6 17 0.017740056 
18 153 6 13 0.01773651 
312 576 5 13 0.017732803 
413 115 8 16 0.017696925 
799 39 5 14 0.017692996 
48 384 19 19 0.017681917 
818 510 12 33 0.01768178 
1005 498 7 16 0.017677214 
786 39 5 14 0.017659843 
298 647 8 24 0.017652104 
539 378 10 24 0.017647225 
709 126 7 15 0.017630616 
768 -153 289 179 0.017614271 
793 220 11 29 0.017613566 
49 414 17 23 0.017574217 
154 369 12 15 0.017544143 
323 165 9 38 0.017531885 
903 143 5 11 0.017528852 
976 686 8 22 0.017521292 
113 413 15 29 0.017505333 
65 371 13 14 0.01749534 
4 255 10 18 0.017480493 
779 444 19 24 0.017479526 
249 399 5 11 0.017478693 
258 727 9 20 0.017468851 
127 739 14 22 0.017421447 
4 678 6 19 0.01740932 
532 278 17 18 0.017403759 
399 115 8 16 0.017392306 
823 131 6 12 0.017390242 
890 344 6 15 0.017385323 
25 595 11 24 0.017384443 
681 467 11 25 0.017371984 
217 520 9 17 0.017367547 
744 455 10 22 0.017356543 
988 686 9 24 0.017354755 
959 709 14 32 0.01734985 
105 540 9 14 0.01731414 
377 347 5 12 0.017313574 
62 412 18 29 0.017313436 
833 583 10 23 0.017299855 
821 470 8 20 0.017283905 
271 727 9 19 0.017274871 
621 79 4 11 0.017247608 
438 114 9 17 0.017196974 
593 99 6 21 0.017183358 
462 344 9 17 0.017176773 
350 562 7 16 0.01716163 
1001 738 9 21 0.017156 
376 715 6 16 0.017144378 
219 277 8 30 0.017142193 
885 166 7 15 0.017141582 
796 238 9 23 0.01711801 
607 461 6 12 0.017116632 
541 446 8 17 0.017102629 
891 296 5 14 0.017089851 
619 136 6 23 0.017076809 
326 444 8 11 0.01707324 
453 590 7 10 0.01707271 
16 478 23 30 0.017051809 
18 664 9 21 0.01705075 
603 549 11 18 0.017050583 
3 33 9 23 0.017001655 
1001 505 9 23 0.016995853 
514 560 13 21 0.01699513 
947 573 13 15 0.01698551 
821 100 6 14 0.016975742 
896 678 13 18 0.016963618 
849 558 42 70 0.016939782 
902 165 6 15 0.016921155 
198 513 7 14 0.01691554 
461 356 9 18 0.01690937 
737 150 8 17 0.016894262 
567 98 6 21 0.016883558 
940 64 4 12 0.016877845 
567 394 8 20 0.016873937 
465 564 7 13 0.016864477 
641 577 12 30 0.016859615 
10 -46 15 27 0.016855791 
438 577 7 12 0.016853161 
880 571 14 19 0.016845593 
566 150 9 19 0.016792864 
922 713 12 24 0.016789 
12 107 16 26 0.01676487 
542 99 6 19 0.016762488 
885 681 11 14 0.016752234 
646 99 5 18 0.01675217 
719 729 10 18 0.01670348 
284 727 9 19 0.016680002 
942 646 17 36 0.016667478 
595 716 5 15 0.01666094 
193 369 11 15 0.016660541 
552 334 10 13 0.01665484 
529 491 8 27 0.016651051 
784 255 8 18 0.016649561 
153 739 14 21 0.016648842 
606 368 7 18 0.016646171 
260 408 9 18 0.016639726 
477 305 7 16 0.016632408 
51 336 11 16 0.016629042 
401 433 6 18 0.016625687 
988 52 6 12 0.016616443 
462 382 6 16 0.016610602 
141 739 13 21 0.016598936 
889 88 5 16 0.016597873 
553 107 8 26 0.016592821 
412 594 9 20 0.01658274 
671 53 5 11 0.016540693 
982 420 20 30 0.01653148 
142 408 15 34 0.016529294 
933 589 40 45 0.016523201 
140 551 12 16 0.01652186 
874 264 8 21 0.016499724 
165 344 11 16 0.016489778 
684 87 5 15 0.016482692 
771 152 8 18 0.016472232 
181 357 12 17 0.016453322 
566 163 9 18 0.016432686 
798 93 5 11 0.016411444 
936 638 17 31 0.016407657 
707 729 9 17 0.016402988 
534 236 18 25 0.016394867 
912 589 9 12 0.016382366 
898 217 8 16 0.016374953 
273 421 6 15 0.016374884 
732 729 10 18 0.016356662 
409 532 12 25 0.016350985 
593 175 7 21 0.01634617 
473 415 17 26 0.016336711 
874 112 7 22 0.016332742 
658 53 5 11 0.016323375 
813 280 5 18 0.01630517 
168 384 15 17 0.016304145 
852 426 4 9 0.016302278 
851 413 4 11 0.016301377 
451 546 13 19 0.016288353 
874 306 7 15 0.016283158 
837 63 5 12 0.016282685 
932 458 16 21 0.016280783 
620 395 5 14 0.016270263 
534 522 12 19 0.016265918 
182 345 9 14 0.016254311 
836 729 8 14 0.016245455 
439 407 8 20 0.016244791 
530 99 6 18 0.01624011 
552 341 10 16 0.016232163 
389 715 6 16 0.016231993 
165 739 14 21 0.016230067 
29 180 6 14 0.016200539 
712 98 6 20 0.016197773 
582 716 5 15 0.016187571 
897 600 11 15 0.016175782 
872 331 7 16 0.01616965 
24 558 12 25 0.01616422 
863 88 5 15 0.016154874 
37 750 14 21 0.016140956 
889 126 6 17 0.016071273 
611 564 17 33 0.016043203 
646 53 4 11 0.016028952 
863 77 5 13 0.016028073 
757 428 16 24 0.016027756 
836 155 6 13 0.01600259 
684 53 5 11 0.016002003 
132 536 9 15 0.015998725 
273 114 8 17 0.015993852 
577 573 10 21 0.015983725 
681 729 9 18 0.01598074 
463 319 7 18 0.015941748 
827 411 4 13 0.015927916 
179 739 13 21 0.015923567 
921 550 16 20 0.015872287 
492 276 10 20 0.015870417 
658 41 5 12 0.01586895 
523 321 14 13 0.015868057 
465 611 8 17 0.015861118 
593 190 7 19 0.015847323 
289 423 7 14 0.015833648 
685 65 4 11 0.015821287 
874 277 7 19 0.015815986 
905 683 39 85 0.015807662 
681 394 10 15 0.015802765 
848 729 9 14 0.015802737 
606 216 6 16 0.015800599 
516 110 7 21 0.015796186 
958 440 16 24 0.015794238 
1017 25 6 16 0.015790205 
785 400 6 13 0.015780576 
822 729 9 15 0.01577637 
908 692 11 17 0.015774239 
672 65 4 11 0.015772639 
892 318 6 16 0.015767474 
915 77 4 13 0.015762834 
125 398 19 27 0.015734585 
1 291 10 19 0.01572774 
577 329 8 18 0.015725188 
524 294 13 13 0.015697284 
503 586 8 17 0.015673386 
190 412 13 31 0.01565178 
933 710 14 30 0.015644033 
645 41 6 12 0.015636563 
634 127 5 17 0.01563346 
4 205 6 17 0.015627788 
884 554 9 13 0.015624334 
863 101 6 17 0.015624318 
297 727 8 19 0.015620096 
1002 545 8 22 0.015619244 
128 562 11 15 0.015614195 
279 492 10 26 0.015595511 
782 220 11 27 0.015585658 
522 305 15 14 0.015576546 
594 653 7 19 0.015575274 
886 264 8 18 0.015561622 
460 369 8 19 0.0155238 
25 736 12 24 0.015520886 
721 399 8 14 0.015519967 
286 333 6 13 0.015514898 
2 139 8 19 0.015505941 
823 460 7 16 0.015502673 
20 529 15 28 0.0154999 
890 112 5 18 0.015495346 
521 261 18 23 0.015489527 
962 788 55 105 0.015486765 
402 715 6 16 0.0154864015 
952 488 102 129 0.0154819535 
875 292 6 16 0.015477295 
850 63 5 13 0.015467061 
704 482 13 27 0.015464854 
479 294 7 16 0.015448918 
620 411 5 16 0.015428891 
694 729 9 18 0.015404577 
569 715 5 16 0.015400024 
577 495 9 22 0.015390856 
165 392 20 24 0.015386292 
479 264 7 21 0.015377272 
529 110 7 21 0.01537468 
878 435 5 11 0.015369282 
310 727 9 19 0.0153642455 
632 41 6 12 0.015363985 
917 468 50 63 0.01535867 
113 551 12 16 0.015357668 
921 658 13 23 0.015355554 
518 99 5 18 0.015353414 
617 743 9 17 0.015342944 
3 239 9 21 0.015336123 
670 41 6 12 0.015316951 
465 623 9 22 0.015314017 
916 180 7 14 0.015294976 
929 413 5 11 0.015293912 
733 241 9 17 0.015287436 
606 99 6 20 0.015281335 
619 423 5 17 0.01527739 
875 87 5 17 0.01527128 
744 729 11 18 0.015267493 
882 179 10 16 0.0152622685 
924 615 38 54 0.015248636 
648 131 4 13 0.015230416 
181 371 12 14 0.015223202 
322 727 9 20 0.015215992 
101 446 15 39 0.015215906 
796 729 10 17 0.015210947 
354 333 5 14 0.015201795 
192 740 13 20 0.015196241 
280 516 11 24 0.015183773 
219 396 8 16 0.015181048 
809 729 10 16 0.015174861 
824 40 5 14 0.01516476 
593 357 7 17 0.015163492 
412 606 9 21 0.015160936 
395 605 12 24 0.015156018 
824 51 6 13 0.015144818 
604 743 9 16 0.015113173 
249 229 6 15 0.015099098 
988 38 6 14 0.015089697 
463 400 6 14 0.015069571 
195 332 10 16 0.015062424 
826 386 5 15 0.015058561 
796 253 8 21 0.015057813 
298 329 8 17 0.015056185 
633 53 5 11 0.015048778 
387 559 12 19 0.015048559 
619 41 6 12 0.015027926 
734 41 6 12 0.015003427 
783 729 10 18 0.014995015 
650 454 46 101 0.014992488 
914 381 5 14 0.014975757 
476 316 9 20 0.014974814 
834 597 9 24 0.014974189 
796 365 8 21 0.014966125 
761 51 5 12 0.014954705 
896 586 11 15 0.014952535 
503 151 7 18 0.014946861 
541 108 8 24 0.014941569 
708 469 29 68 0.014941443 
824 79 5 12 0.014938502 
889 100 6 17 0.014936053 
491 367 7 20 0.014931276 
167 370 13 15 0.014930948 
669 729 8 18 0.014901338 
757 729 11 18 0.014892213 
915 553 10 15 0.014891023 
66 38 8 16 0.0148730995 
247 367 7 18 0.014865625 
972 440 15 24 0.0148595525 
1002 14 7 12 0.01484875 
493 302 11 16 0.014841544 
945 457 16 21 0.014840939 
476 411 12 16 0.014830737 
106 521 9 18 0.01482208 
601 555 15 27 0.014797692 
14 -11 10 16 0.0147966305 
633 65 5 10 0.014779797 
514 666 8 17 0.014777792 
851 78 5 12 0.014777047 
51 11 10 15 0.014776686 
629 744 10 16 0.014774048 
-25 151 119 223 0.014770869 
837 40 5 14 0.014759438 
733 93 5 10 0.014747045 
517 607 8 21 0.014740162 
388 547 11 21 0.014730746 
451 113 8 18 0.014723024 
517 638 8 21 0.014719407 
530 252 16 20 0.014715598 
271 410 7 16 0.014711311 
887 358 6 13 0.014704374 
232 505 10 20 0.014694566 
705 409 9 15 0.014691557 
672 86 5 16 0.014684835 
770 729 10 18 0.014674681 
552 263 12 21 0.014663931 
860 729 10 15 0.014654158 
504 206 91 112 0.014650529 
697 53 5 11 0.014637044 
683 41 6 11 0.014635553 
607 397 5 11 0.014634663 
539 365 11 25 0.01462757 
561 316 12 17 0.0146246 
360 647 9 21 0.014615422 
889 328 7 19 0.014609979 
946 442 14 22 0.014605715 
985 334 39 53 0.014600789 
455 580 7 11 0.014597113 
335 727 9 20 0.014595042 
556 716 5 15 0.014595028 
415 715 6 16 0.014588186 
106 370 13 14 0.014587514 
661 134 4 10 0.014584826 
872 318 7 17 0.014570523 
743 610 9 20 0.014556618 
139 435 14 37 0.014542358 
537 505 10 23 0.014494206 
900 566 9 12 0.014490379 
335 613 7 14 0.01448472 
61 385 20 18 0.01448133 
353 383 5 11 0.014473057 
231 259 8 26 0.014467827 
696 41 6 11 0.014463458 
943 667 15 29 0.014456029 
440 40 6 14 0.014452905 
489 212 7 22 0.014439016 
205 740 13 20 0.01441519 
607 476 6 13 0.0144136315 
873 728 10 16 0.014409689 
427 40 6 14 0.014409269 
1005 477 7 13 0.014404659 
874 99 6 19 0.014398114 
608 87 4 16 0.014389698 
554 392 10 24 0.014384303 
480 253 6 18 0.0143793095 
748 52 5 11 0.014372255 
464 112 8 20 0.014360432 
10 -123 20 30 0.014344876 
594 389 5 11 0.014340481 
1 308 11 16 0.014303618 
646 65 5 10 0.014297946 
698 65 4 10 0.014297287 
51 368 12 16 0.014291376 
365 359 5 12 0.014291094 
552 166 9 15 0.014285506 
578 132 10 28 0.014271829 
503 137 7 21 0.0142694535 
440 587 6 13 0.014240956 
453 40 5 14 0.01423874 
427 549 7 14 0.014236545 
575 288 10 22 0.014233147 
142 360 11 15 0.0142292 
632 409 7 18 0.014225667 
809 251 8 23 0.014207604 
181 477 9 34 0.014188898 
236 343 6 16 0.01418229 
475 123 8 24 0.014175911 
33 477 17 29 0.014172194 
945 708 15 33 0.014164361 
791 433 19 23 0.01415308 
592 201 8 19 0.0141378855 
885 727 10 18 0.014130443 
237 356 6 17 0.014125753 
562 331 9 15 0.01412086 
321 113 10 18 0.014087779 
15 307 39 54 0.014084987 
783 408 8 14 0.014078486 
884 594 12 21 0.014074515 
594 397 5 11 0.014066272 
491 348 6 13 0.014043139 
823 434 7 14 0.014035634 
857 605 11 28 0.014034182 
929 402 4 10 0.014023313 
683 358 7 16 0.014002387 
335 114 10 17 0.013990701 
505 231 8 17 0.013965019 
909 517 14 29 0.013956845 
881 582 14 22 0.013955855 
1017 756 7 16 0.013955193 
260 578 6 17 0.013945157 
578 344 8 17 0.013942939 
555 253 10 16 0.013939106 
531 87 5 15 0.013928068 
656 729 9 18 0.013927051 
25 121 13 25 0.013923661 
514 368 9 21 0.013919392 
821 114 7 14 0.013915441 
902 77 5 14 0.013900374 
502 469 8 30 0.013884263 
810 25 6 15 0.013884087 
594 634 8 21 0.013875414 
565 133 10 26 0.013867925 
653 467 11 26 0.013867782 
619 109 7 24 0.013852076 
18 228 7 18 0.013843284 
297 534 10 19 0.013820494 
116 539 9 13 0.013814853 
811 79 6 12 0.013798804 
736 352 9 24 0.013780852 
899 401 5 13 0.013780684 
859 624 8 18 0.013777548 
580 243 8 16 0.013776623 
906 465 15 31 0.013775606 
710 78 4 11 0.013775423 
1000 516 9 24 0.013770812 
683 117 6 14 0.013767062 
390 358 6 12 0.013760453 
783 240 8 19 0.013739039 
565 107 8 27 0.013724715 
3 225 7 21 0.0137153575 
953 53 5 12 0.013706629 
10 506 18 24 0.013700118 
490 163 7 19 0.013699603 
780 436 14 17 0.013692003 
511 266 13 19 0.013675141 
592 744 8 15 0.013674138 
800 79 5 12 0.013673127 
659 65 5 11 0.013671867 
365 350 4 10 0.013647236 
447 619 11 22 0.013642769 
888 254 9 19 0.013642468 
426 567 6 11 0.01363659 
606 41 6 11 0.0136354305 
428 715 5 16 0.013611159 
348 727 9 20 0.01360545 
332 438 10 14 0.013602467 
582 87 5 16 0.01358831 
943 558 19 20 0.013583422 
518 87 5 15 0.0135826925 
247 550 6 14 0.01358176 
632 111 6 20 0.013578094 
533 292 19 16 0.013577264 
633 454 34 81 0.013575251 
605 108 7 27 0.0135631 
514 598 10 21 0.013545446 
536 353 14 20 0.013534938 
561 306 12 15 0.013529794 
842 499 108 111 0.013529463 
217 740 13 20 0.013526757 
220 371 6 14 0.013516958 
441 715 5 16 0.013509069 
414 40 6 14 0.013508592 
22 505 16 24 0.0135083115 
128 423 15 33 0.013501007 
671 469 9 21 0.013487722 
300 563 6 16 0.013478456 
541 394 8 19 0.01347261 
956 471 18 23 0.013454635 
27 -11 11 15 0.013450213 
811 264 7 21 0.013424819 
281 741 13 19 0.013411575 
2 718 11 32 0.013395767 
512 338 18 21 0.01339212 
606 486 6 14 0.013389587 
642 743 10 17 0.013385101 
621 65 4 10 0.013380147 
824 25 5 15 0.01337875 
897 725 11 22 0.013376201 
722 338 8 25 0.013370507 
502 548 9 15 0.013351673 
466 40 5 13 0.013338019 
863 64 5 12 0.013330742 
734 112 8 16 0.013320072 
595 462 6 12 0.013318241 
989 564 8 15 0.013317891 
92 371 12 13 0.013310981 
1003 471 36 58 0.01331006 
579 176 7 19 0.013303725 
938 149 92 123 0.013294639 
987 24 7 14 0.013265353 
348 613 8 13 0.013265353 
849 115 6 17 0.0132491905 
579 744 8 15 0.013245027 
29 168 6 12 0.013241936 
708 41 6 11 0.01323993 
1002 757 8 14 0.013212547 
884 537 9 16 0.013208904 
733 101 7 13 0.013200144 
490 565 7 12 0.013193748 
260 565 6 14 0.013181659 
230 740 13 20 0.013171399 
294 741 13 19 0.01315722 
595 88 5 15 0.013155139 
822 618 11 28 0.013154854 
269 741 13 19 0.013142356 
517 179 10 16 0.013142022 
336 561 8 18 0.013134022 
153 435 14 37 0.013119554 
589 579 10 25 0.0131194675 
477 277 8 19 0.013111026 
681 410 12 18 0.01309704 
871 742 12 17 0.0130944885 
197 455 8 31 0.013088463 
238 370 5 16 0.013080667 
4 597 9 20 0.013077345 
553 652 7 16 0.013076925 
256 741 13 19 0.013076015 
185 534 9 18 0.013075487 
454 715 5 16 0.0130751645 
67 53 7 13 0.013071142 
899 226 9 19 0.013068978 
243 741 13 19 0.013066295 
947 459 51 79 0.013034997 
811 64 5 12 0.012984239 
478 384 6 16 0.012980023 
346 114 12 17 0.012972116 
113 459 15 39 0.012971767 
361 727 9 20 0.0129660405 
910 534 13 25 0.0129643325 
426 408 8 18 0.012960622 
398 467 9 28 0.012958916 
742 113 12 15 0.012953866 
623 569 17 28 0.012947753 
859 743 12 16 0.012946302 
846 743 12 16 0.012942336 
528 527 11 15 0.012941197 
401 40 6 14 0.012936441 
261 384 6 14 0.012934949 
986 473 11 19 0.012934262 
11 315 21 24 0.012927445 
836 425 4 11 0.012908911 
524 367 12 25 0.012908827 
923 178 31 56 0.012901695 
220 535 7 17 0.0129004195 
482 419 15 18 0.0128950775 
721 41 6 12 0.012887117 
620 54 5 10 0.012886923 
928 264 78 105 0.012879488 
593 41 6 11 0.012876627 
569 88 5 15 0.012848939 
333 741 12 18 0.012840783 
529 396 7 18 0.01283236 
54 64 7 13 0.012825246 
689 481 16 31 0.012811778 
130 552 10 14 0.012808287 
781 424 10 15 0.012794916 
833 743 12 16 0.012789558 
928 299 36 54 0.012787569 
389 40 5 14 0.012776715 
346 741 11 18 0.012743041 
543 437 6 13 0.012742598 
91 385 14 15 0.012737547 
872 520 10 21 0.012736072 
787 129 5 13 0.012733986 
515 137 7 20 0.012724403 
654 743 11 17 0.012722481 
488 188 8 21 0.012708103 
298 496 9 20 0.012703293 
567 424 9 14 0.012697147 
544 716 5 15 0.012693567 
581 98 6 20 0.012683136 
432 453 14 30 0.012668886 
351 375 5 13 0.012663298 
581 386 5 13 0.012657386 
492 332 6 14 0.012654448 
307 741 13 18 0.012654341 
580 472 7 16 0.012653375 
581 107 8 27 0.012632988 
1014 -97 11 31 0.0126261385 
836 25 6 16 0.012625574 
837 483 9 20 0.012609179 
566 744 8 15 0.012609173 
827 371 5 16 0.012604114 
43 193 8 14 0.012594256 
413 396 8 18 0.012588825 
194 544 10 19 0.012587058 
711 89 4 15 0.0125815775 
1006 499 32 72 0.012574537 
376 40 6 14 0.012551964 
298 460 7 14 0.012549712 
581 41 6 11 0.012546816 
927 64 5 13 0.012534885 
3 585 9 22 0.012514313 
320 741 12 18 0.012511402 
248 564 5 14 0.012510648 
618 122 7 24 0.012510414 
579 371 6 15 0.01248753 
798 25 6 14 0.012480582 
820 743 12 16 0.012478667 
554 152 8 17 0.012465381 
956 456 17 22 0.012458034 
791 465 18 30 0.012449765 
478 40 6 13 0.01244398 
851 90 5 14 0.012431668 
40 213 10 19 0.012427279 
667 743 11 17 0.012425459 
517 167 8 15 0.012419562 
871 237 10 24 0.012418521 
335 444 8 13 0.012417025 
998 437 15 25 0.012397504 
651 192 24 68 0.012393949 
452 102 7 15 0.0123897465 
324 577 7 13 0.012373502 
27 751 10 21 0.012368125 
551 229 10 18 0.012365527 
27 46 10 20 0.012340086 
234 521 8 17 0.0123365605 
735 53 5 10 0.012334892 
582 233 6 12 0.012324348 
618 494 9 21 0.012322106 
873 253 8 21 0.012319171 
679 743 12 17 0.012310761 
27 610 10 18 0.012299031 
286 349 5 11 0.012296298 
359 741 11 18 0.012278485 
274 400 6 11 0.012276483 
888 280 6 16 0.012271165 
304 507 15 23 0.01226908 
935 672 13 26 0.012244967 
980 296 34 42 0.012239362 
10 490 21 25 0.012237218 
286 358 7 12 0.012236191 
594 474 6 13 0.0122297155 
372 742 11 17 0.012210928 
568 41 6 11 0.012197351 
16 224 27 52 0.012197052 
717 743 13 17 0.012191353 
477 552 8 12 0.012191182 
285 531 9 20 0.012181336 
487 200 8 22 0.01217871 
612 547 13 18 0.012156706 
824 64 6 12 0.0121562835 
608 65 4 10 0.012147297 
476 343 8 18 0.012146164 
243 505 10 22 0.012144664 
29 152 7 15 0.012130246 
709 53 5 11 0.012124071 
608 79 4 11 0.012121752 
921 677 13 20 0.012121586 
593 219 6 14 0.012101988 
374 727 8 20 0.012088142 
884 740 12 20 0.012084196 
553 134 9 23 0.012081038 
16 137 9 19 0.012078653 
710 65 4 10 0.01206455 
576 318 10 17 0.012048284 
16 651 10 19 0.012047432 
692 743 12 17 0.012044619 
823 448 7 15 0.01203349 
518 233 22 31 0.012029592 
837 471 9 16 0.012001436 
579 355 7 17 0.011999297 
543 88 5 15 0.011995817 
42 204 8 14 0.01199403 
677 574 16 43 0.011988438 
730 742 13 18 0.011988246 
474 536 9 17 0.011984937 
747 26 6 13 0.011977024 
705 743 12 17 0.011955272 
355 348 4 12 0.011950261 
836 130 6 12 0.011941931 
50 318 13 16 0.011892947 
531 716 5 15 0.011887032 
906 300 30 57 0.011871673 
518 716 6 15 0.011866594 
362 373 5 14 0.011860557 
579 652 7 18 0.011839116 
886 242 9 20 0.011831282 
658 99 6 18 0.011809776 
490 457 7 25 0.011808518 
43 433 29 63 0.011803856 
41 62 7 14 0.011802422 
310 350 7 12 0.011788381 
427 52 6 12 0.011780119 
650 569 14 30 0.0117723495 
643 729 8 18 0.011770697 
971 471 16 23 0.011767004 
385 742 10 17 0.011738105 
822 597 7 24 0.011721554 
983 171 34 40 0.011716629 
607 54 5 10 0.011712511 
889 371 5 13 0.011703991 
298 506 11 23 0.011703187 
275 390 5 11 0.011692723 
984 195 36 56 0.01168311 
504 559 10 19 0.011680294 
311 561 8 16 0.011676072 
972 455 16 23 0.011669491 
759 26 6 13 0.011660059 
440 52 6 12 0.011649393 
568 583 9 19 0.01164718 
296 471 7 16 0.011641023 
985 438 16 26 0.011639987 
349 546 9 20 0.0116276005 
415 53 5 11 0.011625699 
806 743 14 17 0.011621547 
555 41 6 11 0.011597072 
607 437 5 13 0.011576948 
965 575 10 15 0.011572071 
234 233 5 11 0.011561767 
401 425 6 12 0.011560798 
893 453 35 73 0.011558303 
467 715 5 16 0.011555753 
229 116 15 41 0.011542971 
501 537 11 17 0.011534041 
288 591 5 16 0.011533747 
516 152 7 17 0.011513151 
311 460 7 11 0.011501197 
986 487 10 17 0.011497101 
479 88 5 14 0.011497067 
450 635 10 25 0.011492018 
491 40 6 13 0.011483267 
65 22 9 16 0.011482249 
0 402 84 102 0.0114709325 
630 729 8 18 0.011468165 
93 346 8 13 0.011462497 
960 684 12 26 0.011455274 
126 343 11 16 0.011439087 
374 115 10 16 0.011435149 
922 691 11 20 0.011431023 
589 535 10 13 0.011428559 
595 66 4 9 0.011416838 
844 482 13 23 0.011412721 
554 744 7 15 0.0114094345 
517 41 6 12 0.011407853 
465 101 6 15 0.011391894 
453 53 5 11 0.01139149 
504 40 6 13 0.011391002 
33 122 17 26 0.011385107 
196 319 7 16 0.011378636 
722 53 5 10 0.011375677 
843 471 12 19 0.011372287 
925 678 39 79 0.011365642 
38 383 13 18 0.011350556 
618 729 8 17 0.011347647 
336 605 8 11 0.0113377385 
579 508 9 19 0.011337643 
567 575 9 17 0.011332716 
576 482 10 23 0.011330547 
745 370 10 26 0.011313508 
154 550 11 17 0.01130662 
490 177 7 19 0.011294089 
288 577 5 16 0.0112937 
650 477 16 38 0.011286717 
423 597 9 18 0.011273236 
475 331 8 19 0.011252018 
936 244 33 56 0.011250893 
697 86 5 16 0.011242286 
900 178 7 15 0.011240978 
890 78 4 13 0.0112379575 
288 388 5 11 0.011237638 
570 408 7 15 0.011234111 
666 187 25 62 0.011231823 
836 92 5 12 0.011226169 
556 88 5 15 0.011225847 
595 79 4 11 0.011224264 
246 538 8 15 0.011217995 
895 738 15 23 0.011202903 
441 610 9 18 0.011200146 
59 344 11 16 0.01119454 
582 79 4 11 0.0111872265 
465 599 9 16 0.011181721 
529 41 6 12 0.011181041 
414 410 7 15 0.011174311 
519 539 11 15 0.011167548 
306 498 12 17 0.011160767 
724 80 5 10 0.011151816 
373 650 8 18 0.01115051 
506 87 4 15 0.011144676 
743 742 13 18 0.011139496 
387 572 14 22 0.011136892 
4 611 9 17 0.011117043 
423 535 12 22 0.011116965 
793 742 14 18 0.01111122 
364 563 7 15 0.011103028 
50 0 12 13 0.01109475 
258 211 8 25 0.0110901985 
908 722 13 26 0.011083654 
3 666 7 19 0.011082785 
170 534 9 19 0.011078761 
542 41 6 12 0.011067777 
387 728 8 18 0.011040492 
594 54 5 10 0.010986135 
536 321 15 14 0.0109748095 
506 716 5 15 0.010970281 
899 552 9 13 0.010963088 
827 399 4 14 0.010953614 
113 586 23 60 0.010951766 
534 304 18 15 0.010946524 
605 728 8 18 0.01093949 
127 461 14 39 0.0109379105 
321 122 21 69 0.010916782 
759 610 10 21 0.010913001 
398 743 10 16 0.010909142 
836 460 7 14 0.010905573 
870 609 11 20 0.0108947605 
1000 2 9 11 0.010883467 
772 26 6 13 0.010875308 
208 562 8 18 0.010865824 
263 469 7 20 0.010860873 
527 650 8 17 0.0108584 
308 532 15 23 0.010851022 
476 479 9 35 0.010842832 
596 451 6 11 0.010839994 
885 420 101 106 0.010836492 
696 27 6 12 0.010821843 
570 66 4 10 0.010810043 
889 631 8 10 0.010805342 
504 110 7 21 0.010790094 
996 357 41 51 0.010772041 
582 66 5 10 0.010766635 
975 744 48 97 0.010753773 
402 53 5 11 0.010753576 
720 384 8 17 0.0107510295 
363 40 6 15 0.010750532 
453 25 5 14 0.010747748 
541 408 7 17 0.010746451 
502 574 9 18 0.010738774 
646 113 5 17 0.01073427 
491 319 10 15 0.010729487 
755 742 14 18 0.010724322 
492 87 5 15 0.010713602 
747 395 8 15 0.010711428 
876 78 4 13 0.010711236 
658 26 6 13 0.010700333 
638 557 16 25 0.010684111 
849 103 6 16 0.010684085 
329 528 18 31 0.010678049 
887 611 10 17 0.010671816 
512 580 11 21 0.0106666 
785 25 6 14 0.010655209 
322 328 7 18 0.010653777 
781 742 13 18 0.010649135 
683 27 6 12 0.010634937 
480 715 5 16 0.010630472 
440 89 6 13 0.010628858 
836 78 5 12 0.010628536 
521 570 14 20 0.010620075 
504 177 9 19 0.01061954 
768 742 14 18 0.010616038 
493 716 5 15 0.01061399 
531 79 4 11 0.010613909 
260 400 7 12 0.01061032 
619 27 6 12 0.010607567 
542 576 9 14 0.010606657 
836 102 5 14 0.0105968425 
632 27 6 12 0.010595499 
518 459 6 17 0.010586618 
538 181 10 14 0.010579079 
237 398 5 13 0.010574939 
5 -131 79 62 0.010569422 
645 27 6 12 0.010566929 
466 88 5 14 0.010535774 
440 25 5 14 0.010534413 
107 392 31 58 0.01053229 
566 652 7 16 0.010528917 
530 27 5 12 0.010509986 
440 102 7 14 0.010506402 
793 485 17 43 0.010506328 
623 557 17 24 0.010501561 
670 27 6 12 0.010495963 
958 434 44 60 0.010495576 
414 436 31 85 0.0104902685 
401 381 7 15 0.010485544 
504 27 6 12 0.010477744 
517 27 5 12 0.0104756495 
1015 -9 8 14 0.010475623 
175 418 17 36 0.010470558 
528 437 6 14 0.010455319 
552 319 13 15 0.010446155 
490 550 9 16 0.010444795 
93 359 9 13 0.0104285795 
985 497 13 25 0.010421666 
555 27 6 12 0.010416033 
390 372 6 13 0.010410466 
477 112 7 21 0.010400733 
579 306 8 14 0.010385771 
80 360 9 12 0.010380199 
488 445 9 23 0.010363397 
555 432 13 21 0.010356646 
412 743 9 15 0.010354359 
541 155 7 15 0.0103488 
4 -122 11 28 0.010341008 
708 27 7 12 0.010338696 
556 66 5 9 0.010335808 
683 100 6 17 0.010330747 
542 27 6 12 0.010327201 
841 169 30 59 0.010319947 
478 26 6 13 0.010319549 
918 531 20 32 0.010309225 
491 26 6 13 0.010299587 
518 66 5 10 0.010294557 
336 130 21 67 0.010294557 
297 485 7 17 0.010292658 
125 594 26 65 0.010284292 
945 685 14 27 0.0102841705 
399 635 10 24 0.010283534 
466 26 5 13 0.010270687 
466 53 5 11 0.010261204 
551 214 11 21 0.010258517 
568 27 6 12 0.010247432 
959 -134 56 66 0.010245206 
518 79 4 11 0.010244636 
837 115 6 14 0.010242365 
526 180 12 15 0.010232392 
898 204 8 14 0.010221899 
1002 627 34 47 0.010219265 
555 586 8 16 0.01019666 
504 188 9 20 0.010195562 
400 728 8 18 0.0101873465 
513 352 11 20 0.010185327 
528 154 8 15 0.01018526 
2 -13 9 18 0.010182396 
594 371 6 15 0.010180012 
505 66 5 10 0.010173354 
581 27 6 12 0.010162412 
594 27 5 12 0.01013884 
527 135 8 21 0.01013415 
563 290 13 21 0.010118288 
297 590 6 16 0.010117729 
451 562 10 15 0.010113195 
262 481 7 20 0.010104141 
592 728 8 18 0.01010366 
886 686 37 66 0.010093889 
591 530 6 10 0.010091059 
245 521 8 17 0.0100878095 
921 136 29 53 0.010073953 
906 547 40 52 0.01006996 
888 461 5 13 0.0100588435 
607 27 6 12 0.010054448 
443 603 7 14 0.010053859 
970 348 34 57 0.01004128 
120 404 30 67 0.010033974 
427 103 6 14 0.010033794 
629 203 22 59 0.010029726 
697 99 5 18 0.0100231245 
248 101 7 17 0.010022451 
541 745 7 13 0.010018853 
978 14 7 13 0.010014431 
772 139 7 16 0.010013249 
531 67 4 9 0.010009846 
921 477 20 31 0.010001732 
581 54 5 10 0.010001415 
