2_Demonstration_Demonstrators_2_162
3679
585 343 35 56 0.9952251 
656 350 38 61 0.9947501 
499 384 32 75 0.9742371 
238 331 80 85 0.9649423 
525 320 12 22 0.84020025 
369 359 15 26 0.81045735 
631 347 21 37 0.7682037 
565 439 28 59 0.6802884 
809 312 10 18 0.53251755 
470 340 12 20 0.47094885 
488 286 9 20 0.4543345 
191 314 17 39 0.4529982 
549 295 10 21 0.44950324 
951 102 20 29 0.4378966 
741 48 11 23 0.33668324 
327 373 14 24 0.32839304 
959 348 9 16 0.3279269 
532 321 12 23 0.32380807 
385 315 10 14 0.27325463 
199 310 21 38 0.23708172 
472 360 11 21 0.23687904 
925 353 7 15 0.23210496 
430 291 14 28 0.2293178 
416 426 83 94 0.2268613 
955 352 7 14 0.2253471 
573 321 13 23 0.21801102 
1004 335 8 16 0.21521066 
624 362 19 34 0.21506262 
535 311 11 23 0.20325856 
981 343 6 12 0.20252661 
449 288 10 21 0.19912359 
345 365 12 18 0.19716825 
322 435 41 37 0.19477126 
757 385 11 21 0.18687962 
937 356 7 12 0.18372461 
982 78 14 25 0.18318915 
815 310 10 23 0.17389588 
649 589 46 79 0.16829564 
395 316 9 14 0.16829088 
524 330 15 26 0.16725592 
334 367 10 16 0.16604747 
301 111 6 11 0.16512854 
534 332 13 27 0.15987258 
299 427 91 69 0.15752167 
499 337 10 19 0.15729995 
361 358 15 25 0.15456536 
986 343 7 12 0.14967312 
434 367 14 33 0.1481512 
995 29 11 22 0.14701249 
568 324 9 17 0.14445108 
383 324 12 16 0.14317681 
488 279 8 15 0.14219289 
544 288 9 17 0.14218229 
583 428 37 70 0.14177044 
181 273 8 14 0.14153731 
502 372 13 33 0.14038882 
1004 308 4 9 0.13918929 
782 379 7 14 0.13775346 
770 388 10 17 0.13451779 
422 440 17 35 0.13373594 
378 317 8 12 0.13274881 
1005 394 5 11 0.13258731 
435 331 13 28 0.12963383 
528 280 7 12 0.12649463 
952 45 8 18 0.12579046 
327 109 6 12 0.123642296 
966 307 5 10 0.12253168 
527 299 10 18 0.121583834 
1009 333 10 20 0.121228226 
528 286 8 15 0.12113618 
386 306 7 11 0.12098981 
444 358 15 34 0.1209345 
375 355 19 33 0.12019415 
992 314 5 10 0.118550174 
644 327 10 17 0.11840068 
759 343 7 14 0.118063346 
467 347 10 19 0.11806261 
395 325 11 16 0.117759004 
550 278 9 16 0.117644995 
951 361 7 16 0.11680954 
196 272 10 16 0.11654045 
775 382 7 12 0.11525429 
937 171 9 16 0.11501154 
938 363 8 14 0.114757635 
500 289 8 17 0.11473209 
421 618 97 70 0.11404461 
1002 313 6 12 0.11234474 
496 347 12 25 0.111676134 
491 352 9 16 0.11104985 
520 324 10 18 0.10900141 
779 386 10 18 0.10823405 
447 336 12 22 0.10804109 
927 304 5 13 0.10680345 
348 355 10 15 0.10675444 
18 483 5 13 0.10606562 
992 309 4 9 0.105143666 
377 327 9 13 0.104951404 
170 276 9 15 0.10482386 
628 328 11 17 0.104819715 
695 165 5 11 0.10459926 
545 280 7 12 0.104280934 
980 307 5 9 0.103008516 
767 167 13 24 0.10257411 
70 215 8 16 0.10218444 
729 374 14 27 0.10198948 
392 398 14 30 0.100467764 
966 314 6 11 0.099530846 
205 264 9 17 0.09934748 
1013 393 8 14 0.09897881 
863 313 6 18 0.098234475 
619 127 6 11 0.09818669 
925 313 6 13 0.09786344 
56 611 7 12 0.09769926 
474 331 8 15 0.09583414 
956 347 6 10 0.09561224 
980 349 7 14 0.09536436 
552 307 10 20 0.095153786 
553 338 10 19 0.09439955 
975 242 6 10 0.094133355 
300 103 6 10 0.09375645 
492 341 9 16 0.093448184 
918 352 7 14 0.09317581 
960 46 8 19 0.0925295 
18 470 4 14 0.092344575 
16 219 7 20 0.09030093 
2 209 7 23 0.08997857 
278 113 5 10 0.08970025 
733 668 8 32 0.08951148 
561 337 11 20 0.08915914 
1013 402 10 17 0.089108594 
741 375 11 23 0.08905135 
873 312 6 19 0.088756636 
117 203 10 30 0.08843983 
1016 305 6 11 0.088196635 
619 135 7 11 0.088062406 
938 162 9 18 0.08771536 
393 335 14 23 0.08769461 
651 327 11 20 0.087693684 
980 315 5 10 0.08758247 
644 343 31 49 0.08750572 
165 282 12 23 0.0873193 
466 360 11 23 0.087268576 
810 341 7 15 0.08702673 
446 325 11 21 0.08682877 
927 251 6 13 0.086785525 
549 359 16 30 0.08671862 
55 657 9 15 0.08645146 
1004 224 8 15 0.08609302 
743 240 7 13 0.08609122 
559 383 13 29 0.086007185 
285 112 6 10 0.08600423 
558 436 82 93 0.08535982 
548 224 10 20 0.08518025 
78 220 7 15 0.08511625 
443 438 20 37 0.08479825 
938 186 7 13 0.08474163 
785 370 6 12 0.084731355 
737 241 5 12 0.08471455 
923 344 7 13 0.08438139 
706 301 7 15 0.08423255 
823 366 6 13 0.083991975 
1013 163 9 16 0.08392252 
1012 171 10 18 0.08382867 
360 340 10 17 0.083362624 
696 244 6 9 0.08335675 
499 362 13 27 0.0829369 
1002 213 7 14 0.08275882 
18 454 5 14 0.08268009 
918 290 5 13 0.0826161 
127 347 12 23 0.08244621 
434 345 14 30 0.08219031 
309 113 6 11 0.08178961 
673 139 5 9 0.08141154 
681 139 6 10 0.08139795 
926 458 5 13 0.08120751 
16 429 5 13 0.081116125 
378 306 6 10 0.080795474 
655 338 13 25 0.08076931 
626 339 14 27 0.08066695 
460 296 9 20 0.0801888 
925 264 6 12 0.080134585 
338 111 6 11 0.080051914 
1016 316 6 11 0.07959425 
928 363 7 13 0.0795324 
945 158 12 22 0.07953224 
61 658 11 17 0.079390004 
502 332 8 12 0.07901467 
686 164 5 10 0.07888599 
68 673 9 16 0.07778396 
549 347 13 24 0.077754855 
423 360 16 30 0.077636674 
287 103 5 9 0.0775186 
588 315 9 16 0.0773519 
926 466 5 15 0.07671297 
977 248 6 12 0.07652335 
68 283 8 24 0.07642114 
655 86 6 12 0.07638407 
532 150 5 11 0.07629296 
918 277 5 13 0.07628082 
875 452 7 20 0.076226406 
327 103 5 9 0.07571976 
960 361 9 17 0.07500781 
211 247 7 16 0.074968606 
506 140 5 11 0.07493369 
775 326 6 14 0.074816205 
372 339 12 18 0.074762344 
348 113 6 10 0.074430585 
314 139 5 9 0.07425533 
811 351 7 15 0.07420971 
941 289 5 12 0.07414358 
384 336 14 21 0.07413833 
862 323 7 18 0.073971786 
926 292 5 12 0.07378253 
451 278 7 14 0.0737325 
388 174 6 11 0.073516086 
863 302 6 16 0.07351115 
555 326 9 16 0.07343813 
487 307 9 19 0.07306235 
560 298 11 21 0.07288897 
517 138 5 12 0.07277816 
918 418 5 13 0.072525196 
377 163 5 11 0.07245871 
18 444 5 14 0.072444476 
630 318 6 10 0.07238983 
766 398 12 23 0.072173625 
802 315 8 13 0.07212321 
123 240 14 27 0.072062016 
472 368 13 27 0.07205493 
462 290 8 16 0.07191123 
979 333 4 9 0.07170765 
709 243 5 9 0.07167551 
937 303 6 13 0.07143484 
66 608 7 13 0.07139604 
516 337 10 18 0.07131891 
322 382 13 22 0.07130686 
707 48 7 11 0.07121651 
300 123 6 11 0.07104138 
977 228 6 10 0.0708484 
925 242 6 12 0.07083897 
784 195 9 18 0.07061677 
952 17 6 15 0.07032972 
23 129 17 27 0.070326075 
758 241 7 14 0.07030174 
456 364 67 89 0.07025403 
507 149 5 12 0.07015517 
617 329 11 16 0.0699516 
918 266 5 12 0.06993738 
847 111 7 13 0.06981963 
874 323 6 19 0.06976619 
784 187 7 14 0.069731675 
547 384 16 30 0.06973109 
812 365 6 14 0.06957205 
1003 712 6 13 0.06956516 
646 321 6 10 0.06953321 
940 18 6 14 0.06952144 
286 187 5 12 0.06943058 
160 284 8 20 0.068996534 
876 464 6 19 0.06898268 
685 152 6 10 0.06884195 
449 306 11 25 0.068837486 
349 343 10 14 0.06873346 
773 343 6 12 0.0685854 
642 522 79 125 0.06854648 
25 211 12 21 0.068532854 
964 249 6 11 0.06830078 
492 140 5 10 0.06813403 
784 351 7 13 0.06813004 
65 159 10 22 0.0681172 
967 333 4 9 0.06802351 
875 300 6 18 0.06797261 
19 491 4 15 0.067928754 
362 329 9 12 0.0679032 
921 416 7 15 0.06772103 
41 212 9 18 0.06769876 
213 558 5 17 0.06767339 
774 350 6 13 0.06756721 
1016 292 6 11 0.067454614 
78 270 8 27 0.067393444 
130 340 11 19 0.067362174 
838 23 6 12 0.06720028 
886 452 6 20 0.0671578 
398 306 7 12 0.06704465 
1003 702 5 12 0.06689219 
1002 466 6 21 0.0667813 
756 394 14 26 0.06639494 
926 187 6 11 0.06601113 
760 44 8 17 0.065967724 
711 191 6 11 0.06581287 
838 112 6 12 0.06573233 
953 316 5 11 0.065651216 
848 273 8 20 0.06564802 
53 213 10 17 0.06550544 
926 447 5 12 0.06546595 
695 172 6 11 0.06545617 
621 316 7 11 0.06534838 
746 683 6 24 0.06530353 
560 360 14 28 0.06523835 
532 140 5 11 0.0651874 
1000 62 7 13 0.06518129 
567 316 8 15 0.06517414 
466 330 9 15 0.06495582 
313 352 73 82 0.06484986 
733 366 10 17 0.06479045 
722 242 5 10 0.064538985 
234 530 6 20 0.064358 
940 345 5 11 0.06435629 
741 366 10 18 0.06429357 
734 249 6 12 0.064194344 
161 279 6 13 0.06398753 
683 48 7 12 0.06394717 
289 163 4 12 0.06376314 
888 274 5 17 0.06370282 
838 122 5 12 0.06367999 
68 184 7 19 0.06358478 
887 466 5 18 0.06344411 
713 373 13 26 0.06341858 
114 339 10 18 0.06328548 
926 178 6 11 0.06323069 
79 300 7 22 0.063107185 
875 436 7 24 0.063020006 
938 253 5 10 0.06267433 
927 404 6 13 0.0625713 
277 148 4 11 0.062490918 
888 312 5 18 0.062478207 
1005 174 6 12 0.062385798 
767 44 8 16 0.062240776 
782 318 7 14 0.062152065 
77 284 8 26 0.061961945 
325 674 6 15 0.061936524 
1005 386 5 8 0.061902717 
295 276 7 16 0.061807264 
863 453 7 19 0.06180584 
848 119 6 14 0.061765708 
798 377 6 13 0.06170598 
608 439 21 42 0.061690275 
779 173 9 17 0.061486498 
43 614 5 9 0.061440647 
1005 402 6 13 0.06140487 
655 318 7 12 0.060997654 
929 482 4 14 0.06078335 
1016 281 6 10 0.060755733 
429 277 7 14 0.06071882 
411 333 76 80 0.06066927 
1016 384 6 12 0.06047602 
875 479 6 19 0.06038336 
697 491 7 20 0.060368557 
951 35 6 14 0.06024031 
863 465 7 19 0.06020919 
490 361 10 19 0.060199942 
705 312 9 17 0.060193703 
16 423 5 11 0.060157284 
119 186 8 20 0.060119055 
818 304 8 16 0.059950687 
1002 479 6 23 0.05982175 
967 243 5 10 0.05969943 
939 457 6 14 0.059594713 
178 284 11 22 0.05957367 
545 269 5 11 0.05953463 
322 684 8 18 0.059504498 
313 123 6 11 0.059431363 
939 481 5 14 0.05941202 
837 133 7 16 0.05936896 
718 190 7 13 0.05930887 
998 67 9 17 0.059294045 
703 327 11 18 0.059143562 
696 249 6 11 0.05911572 
887 478 6 20 0.058995143 
487 539 9 30 0.0589324 
736 47 9 17 0.058896773 
858 352 8 18 0.058794998 
349 123 5 10 0.058649313 
124 190 14 34 0.05850946 
530 390 21 39 0.058398757 
954 249 5 12 0.058322884 
536 413 67 79 0.05809779 
775 318 6 13 0.058051623 
323 302 8 17 0.058025166 
918 303 5 13 0.057993174 
998 40 10 17 0.057988938 
704 56 11 17 0.057750277 
377 177 5 9 0.05770935 
992 567 21 33 0.057565108 
612 402 16 43 0.057563625 
78 607 7 13 0.057500876 
618 150 7 13 0.057482466 
980 71 10 17 0.057460625 
992 333 4 9 0.057332203 
824 173 6 16 0.05732668 
980 296 4 8 0.05731994 
852 352 6 16 0.057263307 
324 277 6 13 0.05725486 
885 21 7 17 0.05723986 
885 438 7 22 0.05723265 
519 316 9 17 0.05720945 
850 287 6 17 0.057181153 
919 457 4 14 0.05705246 
785 56 8 18 0.056946278 
14 231 7 23 0.056916326 
492 331 6 12 0.05685194 
693 153 6 11 0.05680601 
350 305 6 12 0.056742273 
452 238 7 15 0.056681845 
888 299 6 17 0.05667498 
745 707 7 22 0.05664027 
500 562 10 37 0.056635488 
517 151 5 10 0.056634925 
633 256 5 9 0.056604486 
1013 476 10 30 0.056556024 
365 319 6 9 0.056501497 
939 468 6 15 0.056474105 
658 141 5 8 0.05644938 
235 543 7 18 0.056343216 
704 490 9 23 0.05613727 
890 506 5 18 0.056088556 
553 202 7 12 0.05608841 
66 468 6 16 0.056057993 
799 370 5 12 0.05605658 
670 128 6 11 0.056019902 
53 284 9 25 0.0560108 
918 466 5 15 0.055889085 
388 166 6 10 0.055852976 
723 250 6 11 0.055809945 
926 278 5 12 0.0557674 
857 209 9 21 0.055667322 
719 665 8 31 0.055633128 
213 240 6 15 0.055621333 
517 300 8 16 0.055557933 
744 671 7 23 0.055552896 
990 216 5 10 0.055493645 
287 150 5 10 0.05546195 
562 348 13 24 0.055457067 
767 435 13 28 0.055427074 
974 161 9 15 0.055339187 
783 344 7 11 0.055305555 
783 450 10 24 0.055269677 
56 650 7 13 0.05526869 
952 243 5 10 0.055257656 
337 302 7 14 0.05520254 
767 409 13 25 0.055156067 
708 250 6 10 0.05504903 
940 444 5 14 0.05504833 
299 140 5 9 0.05500861 
23 104 16 26 0.05499842 
976 363 7 16 0.054900713 
426 303 12 28 0.054821108 
485 442 15 37 0.05481492 
1004 134 6 16 0.054811116 
69 298 8 22 0.05477289 
324 123 6 12 0.05476694 
368 372 19 37 0.054748993 
722 47 7 10 0.054746088 
942 280 5 11 0.054724447 
875 338 6 17 0.054698404 
926 226 5 11 0.054689 
936 562 41 59 0.05466508 
336 104 6 8 0.054630917 
3 -141 344 136 0.05460351 
877 288 5 17 0.054569677 
657 73 6 12 0.054569647 
91 434 10 29 0.054517712 
308 300 11 20 0.054394986 
1015 131 8 22 0.05439139 
967 105 15 25 0.054391135 
835 33 7 14 0.054367535 
1014 185 9 16 0.054355256 
588 302 9 17 0.054354597 
875 353 6 16 0.054291513 
386 293 7 13 0.054281477 
780 323 8 17 0.054252308 
340 121 5 12 0.0542505 
339 190 4 10 0.054233838 
689 326 14 20 0.054228388 
474 380 15 31 0.054188706 
658 152 5 9 0.054167204 
936 506 7 17 0.054138727 
920 179 4 11 0.054121677 
668 69 8 15 0.05411959 
672 152 5 9 0.054084096 
314 264 5 13 0.05395559 
771 177 11 22 0.05394215 
1009 415 15 23 0.053841002 
588 326 13 20 0.053828612 
1017 711 8 17 0.053814266 
479 296 8 19 0.053811252 
238 443 21 45 0.05376841 
961 88 10 14 0.053766992 
24 153 15 27 0.05366431 
351 316 6 12 0.053637777 
328 176 4 10 0.05360758 
941 316 5 11 0.053548455 
351 330 8 13 0.053530067 
848 264 7 17 0.053353768 
861 287 6 18 0.053328726 
796 95 7 19 0.053328026 
93 271 7 26 0.05332396 
633 262 6 12 0.05329075 
907 753 11 12 0.05324848 
297 163 6 11 0.053244326 
517 290 7 14 0.053225044 
382 384 16 28 0.053049497 
299 675 6 13 0.05293242 
955 307 4 9 0.052904833 
476 312 8 18 0.052899934 
212 544 5 18 0.052889295 
760 368 7 14 0.052763954 
410 327 9 17 0.052729465 
798 392 7 14 0.052689746 
782 438 10 22 0.052665465 
991 62 7 12 0.052624576 
904 301 4 15 0.052600104 
378 152 5 9 0.052593634 
847 44 7 18 0.052586243 
325 138 5 11 0.052584026 
954 331 5 10 0.052577037 
780 398 10 19 0.052551318 
279 103 5 10 0.052545894 
887 325 6 17 0.052545268 
461 312 10 20 0.05247106 
79 166 8 22 0.052406274 
861 339 6 16 0.052405782 
80 440 7 18 0.052404623 
940 265 5 10 0.052388947 
699 544 16 42 0.052361675 
1011 447 13 28 0.052338313 
658 111 6 11 0.05231772 
836 95 7 14 0.052278515 
707 165 6 11 0.05227335 
940 330 5 11 0.05226987 
503 312 7 17 0.05225617 
633 563 7 25 0.052214194 
224 531 5 18 0.052150954 
120 689 6 10 0.05211528 
875 425 7 23 0.05204807 
824 374 7 17 0.052047968 
700 336 14 24 0.05197393 
432 426 17 32 0.051970784 
874 362 7 19 0.051962785 
821 352 7 15 0.051956665 
275 141 4 10 0.0519413 
1007 431 18 31 0.051935565 
887 288 6 17 0.051925085 
863 478 7 19 0.051921 
288 177 4 11 0.05187076 
745 248 7 13 0.051831417 
219 248 6 15 0.051818028 
668 62 7 12 0.05180392 
288 140 5 9 0.051797953 
128 182 11 23 0.05179221 
350 139 5 11 0.05171541 
11 290 11 38 0.05164675 
744 274 7 15 0.0515754 
1005 293 4 8 0.05154347 
845 132 8 18 0.05149867 
917 253 5 12 0.051448524 
997 735 11 24 0.051413186 
221 560 5 15 0.05138554 
806 286 11 22 0.051383417 
366 178 5 10 0.051365905 
849 200 7 15 0.05133706 
36 155 12 25 0.05131709 
786 66 8 20 0.051250666 
313 150 5 10 0.05121234 
918 315 5 14 0.05108293 
1003 351 7 13 0.051066723 
194 284 12 22 0.05102703 
820 413 8 19 0.050968308 
173 270 7 11 0.050966784 
276 123 6 11 0.050966553 
847 34 6 14 0.05095155 
68 457 5 13 0.05092547 
338 177 5 9 0.05090491 
119 234 11 26 0.05089628 
569 115 5 10 0.05089071 
908 765 12 12 0.050840955 
809 529 7 14 0.050828923 
744 36 8 14 0.050823193 
1006 283 4 9 0.050784618 
391 414 16 38 0.05073824 
532 163 5 11 0.05071723 
426 322 12 25 0.05069266 
973 92 13 20 0.050669145 
1009 223 12 19 0.05062362 
774 370 5 12 0.05055645 
994 80 11 20 0.050537392 
55 618 7 13 0.050460666 
55 185 8 17 0.050435726 
321 311 9 19 0.050414823 
295 285 8 17 0.050391372 
684 175 6 10 0.050387777 
518 191 5 10 0.050312944 
822 341 6 15 0.05024719 
801 342 6 13 0.05024439 
835 376 7 18 0.0502055 
747 150 5 11 0.050188743 
317 426 23 30 0.050168447 
938 494 6 14 0.050108153 
80 683 6 14 0.05009177 
82 463 7 22 0.050063387 
428 228 5 12 0.050029233 
360 348 84 80 0.05002873 
56 727 5 11 0.049854703 
108 337 9 19 0.049838144 
979 219 6 9 0.049820334 
618 255 5 9 0.049806744 
312 675 7 14 0.04977604 
33 430 5 11 0.04974303 
620 115 5 9 0.0497269 
706 503 8 25 0.049618017 
494 342 64 80 0.049616512 
285 124 6 11 0.049508475 
552 352 65 79 0.04949223 
81 452 7 19 0.04947791 
20 624 5 10 0.049400218 
891 519 4 16 0.049386054 
875 490 6 19 0.049357455 
5 445 6 15 0.049314626 
81 260 7 23 0.049293637 
336 358 9 12 0.04928629 
861 438 7 22 0.049228925 
706 463 8 25 0.049125634 
602 327 12 18 0.049093258 
68 636 6 12 0.0490797 
709 176 6 11 0.049033813 
16 107 11 21 0.04903161 
167 332 17 31 0.04892561 
328 165 4 10 0.04891088 
659 100 6 10 0.048847552 
799 37 11 24 0.048825707 
76 674 8 15 0.048800662 
735 37 7 12 0.04879128 
223 545 5 16 0.048750423 
590 289 7 15 0.048732318 
697 481 7 19 0.048708215 
80 184 7 18 0.04870031 
17 94 9 19 0.04866934 
619 161 7 11 0.048647832 
503 201 5 11 0.0486075 
366 306 5 9 0.048582673 
705 448 9 28 0.048568875 
1001 12 6 11 0.048541084 
237 263 6 13 0.048495576 
5 454 5 15 0.04848665 
721 463 7 24 0.048468705 
488 236 7 15 0.048444316 
54 492 5 16 0.048437595 
247 263 6 14 0.048411645 
326 369 9 14 0.04839024 
794 197 9 17 0.04834501 
267 286 11 18 0.048330512 
697 301 8 14 0.048326563 
439 87 6 9 0.048306435 
117 349 10 20 0.048306208 
234 516 7 21 0.04825555 
237 557 5 16 0.04825244 
977 46 7 13 0.048228282 
138 337 11 22 0.04821118 
860 273 7 20 0.04820922 
68 199 8 19 0.048156034 
1015 147 9 19 0.04810747 
926 328 5 13 0.04805964 
267 274 10 20 0.04802854 
947 186 9 15 0.04795549 
1004 164 6 13 0.047955483 
365 456 86 88 0.04791038 
211 532 5 18 0.047901746 
191 299 15 28 0.04784174 
488 374 12 25 0.047824822 
934 401 8 15 0.047819953 
917 425 5 17 0.04781645 
1003 234 8 15 0.04778513 
103 335 1021 691 0.04777072 
918 344 6 13 0.047758054 
474 407 18 35 0.047756247 
391 346 17 27 0.047726404 
351 290 5 12 0.047703154 
153 167 12 22 0.047699463 
351 101 5 8 0.047677685 
936 197 10 16 0.04763782 
928 494 5 14 0.047577154 
179 325 18 35 0.047571167 
79 633 7 14 0.04754726 
288 198 4 13 0.047488805 
997 94 11 21 0.047443584 
709 40 5 9 0.047387615 
335 313 8 14 0.04738698 
885 425 7 22 0.047328647 
438 276 8 15 0.047305062 
616 262 7 13 0.047298104 
849 467 7 17 0.04722512 
647 140 5 9 0.047218494 
721 478 7 22 0.047215402 
378 295 5 10 0.047187716 
337 291 6 13 0.047126725 
668 316 8 15 0.047110792 
482 288 7 16 0.047035787 
965 35 6 12 0.047017332 
631 126 6 11 0.046996765 
378 263 5 14 0.04696123 
408 335 12 21 0.04695059 
219 241 6 13 0.04691825 
6 429 6 13 0.0468886 
694 316 9 15 0.046869215 
671 165 5 9 0.046833996 
963 71 8 13 0.046817213 
917 366 5 12 0.046781655 
441 98 6 10 0.046739124 
206 597 7 17 0.046693407 
373 668 9 21 0.046580132 
260 287 9 16 0.046568647 
1003 149 6 14 0.0465673 
989 160 7 15 0.04655394 
708 292 6 13 0.046529047 
58 459 4 11 0.046513215 
430 214 5 11 0.04645974 
879 548 4 11 0.046410613 
202 284 12 23 0.046391085 
1014 353 7 13 0.046387717 
917 445 5 13 0.04637555 
610 263 6 12 0.046374265 
5 491 5 17 0.046280883 
539 613 10 32 0.046249818 
687 245 4 8 0.04621303 
952 289 5 11 0.046157848 
600 397 79 90 0.046136368 
888 491 5 20 0.046108454 
210 214 7 14 0.046097927 
719 448 9 27 0.046050612 
942 33 5 13 0.046048835 
240 387 89 97 0.0460314 
408 464 13 27 0.04593456 
684 253 6 9 0.045926534 
507 360 15 32 0.04581127 
543 126 6 10 0.04579319 
877 534 5 13 0.045755304 
44 535 5 13 0.045748204 
492 150 5 10 0.04570188 
553 214 6 12 0.045692258 
54 158 10 22 0.045667406 
809 490 9 21 0.04562969 
218 313 43 69 0.045615155 
809 388 9 19 0.04559893 
733 477 7 23 0.0455944 
1003 202 6 12 0.045589536 
352 279 5 11 0.045535594 
511 347 12 25 0.045507442 
311 684 9 18 0.045482 
528 217 6 11 0.045448676 
723 39 5 9 0.04544386 
1016 94 10 22 0.04542148 
92 166 9 22 0.045416377 
312 103 5 9 0.045386974 
388 263 6 16 0.04538645 
660 63 5 11 0.045370676 
211 567 6 18 0.04534235 
799 287 7 17 0.045313884 
111 239 80 107 0.04530248 
902 468 5 17 0.045193132 
528 223 6 12 0.045180894 
488 560 10 37 0.045035504 
236 275 7 15 0.04501478 
783 162 7 14 0.045013893 
760 151 6 10 0.044968095 
992 467 5 21 0.044966195 
733 256 125 255 0.044910327 
631 577 8 29 0.044907667 
42 420 6 10 0.044892497 
365 136 5 10 0.044889394 
220 224 6 14 0.044879127 
606 319 7 11 0.044872172 
428 266 6 13 0.044857636 
927 19 6 12 0.044835184 
483 279 6 12 0.044819113 
794 206 12 24 0.044803925 
50 297 10 25 0.04480255 
614 337 14 23 0.044801682 
521 279 5 11 0.0447997 
994 294 4 8 0.04475926 
793 66 8 21 0.044728853 
324 288 7 15 0.044711698 
848 453 7 18 0.04470445 
517 125 5 12 0.044694185 
439 267 7 13 0.044574443 
919 227 4 11 0.044560146 
313 276 6 14 0.04455822 
647 86 6 11 0.04454417 
581 126 5 9 0.044521358 
810 519 7 15 0.044500798 
799 351 6 13 0.044445366 
453 433 21 37 0.04439011 
326 190 5 10 0.044369403 
694 501 10 27 0.044310383 
113 360 12 23 0.044308838 
657 306 7 13 0.044271708 
1000 422 12 24 0.04427003 
989 226 6 11 0.04420671 
300 150 5 9 0.044197563 
325 266 5 12 0.044127673 
412 445 14 30 0.04412132 
836 426 7 19 0.044112846 
494 127 4 9 0.04410968 
268 257 9 23 0.0440948 
365 128 5 9 0.044006202 
872 374 9 22 0.044000752 
700 64 14 21 0.043992735 
732 462 8 25 0.043988295 
727 390 15 31 0.04396317 
518 164 5 10 0.043957774 
780 412 10 21 0.043927822 
423 375 16 34 0.0438634 
245 289 9 16 0.043847367 
473 431 16 35 0.043834373 
92 298 7 22 0.043821897 
923 427 6 16 0.043778677 
962 161 9 14 0.04377662 
674 603 18 40 0.043681577 
860 201 7 15 0.04365909 
345 445 29 29 0.043538425 
65 650 8 13 0.043510504 
0 183 8 22 0.043495685 
952 281 5 10 0.043485686 
70 443 5 14 0.043475065 
120 700 6 12 0.043472547 
237 582 6 19 0.043465856 
243 299 13 20 0.043433446 
989 364 7 13 0.043417033 
991 23 8 13 0.04335097 
527 610 11 34 0.043342143 
878 21 6 16 0.043317687 
1004 368 5 11 0.043309435 
673 245 4 7 0.043291677 
991 488 6 23 0.043278944 
631 550 8 27 0.043242637 
951 230 5 9 0.04323163 
461 368 13 28 0.043194816 
734 263 7 17 0.043189246 
598 448 19 40 0.043186344 
546 402 17 39 0.04318547 
235 660 6 17 0.043145683 
950 151 8 15 0.043144666 
593 177 6 9 0.043141715 
877 504 5 19 0.04314014 
967 295 5 8 0.043138217 
742 66 11 20 0.043109264 
17 202 6 15 0.043097988 
179 397 11 31 0.043080408 
744 264 7 16 0.04298027 
859 361 8 20 0.042958308 
33 494 4 14 0.042951223 
144 699 6 14 0.042949203 
40 431 6 11 0.042932294 
928 508 5 14 0.04292236 
974 172 8 15 0.04290811 
416 204 5 10 0.042896476 
109 689 5 10 0.042883452 
803 33 11 20 0.04287535 
70 427 6 15 0.042857878 
58 674 8 12 0.042811114 
964 19 6 15 0.042678986 
935 394 7 14 0.042655867 
314 255 5 12 0.04260338 
296 300 11 19 0.04259808 
378 140 5 8 0.042560823 
338 267 5 11 0.04253023 
719 491 8 21 0.042529102 
43 620 6 11 0.04246683 
5 611 5 12 0.042440973 
415 214 5 12 0.042436402 
781 425 11 22 0.042434223 
34 616 4 8 0.042426877 
695 465 8 22 0.042424772 
343 381 15 27 0.04241997 
733 490 8 21 0.042401984 
428 236 5 17 0.042357933 
992 42 7 15 0.0423155 
311 289 7 15 0.04231284 
198 556 5 20 0.04230411 
888 353 6 15 0.042300746 
812 547 6 14 0.042299945 
178 296 13 27 0.042285904 
368 165 4 10 0.042285394 
6 469 5 14 0.042252924 
259 675 8 14 0.042250168 
902 480 5 18 0.04223518 
570 126 5 9 0.04222354 
247 275 8 15 0.04221903 
2 224 9 34 0.042189427 
611 347 19 31 0.042164527 
40 686 7 11 0.04214928 
41 184 8 18 0.04214873 
793 52 10 23 0.0421334 
105 284 8 25 0.04212653 
859 424 9 22 0.042120103 
731 447 9 29 0.042078886 
805 274 11 23 0.042032227 
825 120 5 13 0.042031802 
71 602 6 11 0.04201193 
297 686 9 15 0.042003665 
338 276 6 13 0.041978225 
683 128 5 11 0.041937154 
248 675 6 14 0.041918326 
17 247 6 20 0.041860715 
312 201 5 11 0.04185362 
773 153 6 10 0.0418344 
481 152 4 9 0.041827817 
851 342 5 13 0.041824352 
888 534 5 13 0.04181468 
41 679 7 9 0.04179553 
868 763 18 17 0.041789353 
950 373 8 16 0.041782547 
800 402 7 14 0.04172174 
45 482 5 13 0.04171214 
414 167 5 8 0.041688614 
45 495 4 15 0.041648008 
901 19 7 16 0.041620202 
580 303 8 15 0.041619506 
1001 449 8 24 0.04161536 
745 648 9 32 0.041569818 
476 550 9 31 0.041563418 
581 116 5 9 0.041562036 
261 277 8 17 0.041557178 
967 230 5 9 0.041543793 
130 172 9 17 0.04154117 
16 82 10 19 0.041532163 
532 101 5 9 0.041513823 
245 530 7 21 0.041475173 
810 375 7 16 0.04146845 
992 204 5 10 0.041433625 
326 150 5 10 0.04143323 
850 301 6 15 0.041432384 
651 461 13 27 0.041424178 
847 490 8 20 0.041419003 
850 207 9 19 0.041405473 
659 165 6 9 0.04140475 
643 255 5 10 0.041400596 
926 217 5 10 0.041375056 
313 228 5 12 0.041360475 
535 357 16 29 0.0413553 
286 288 8 15 0.041348074 
1014 602 11 26 0.04133787 
543 101 4 9 0.041311428 
941 242 5 10 0.04131108 
887 549 5 11 0.041285045 
324 661 6 14 0.04127163 
606 275 6 14 0.041221507 
632 139 6 9 0.041218475 
978 60 7 12 0.041211154 
92 257 7 23 0.041192144 
34 142 14 24 0.041146908 
646 201 5 11 0.04114276 
139 181 12 22 0.041120935 
135 689 6 11 0.04111614 
834 43 9 21 0.04111204 
68 417 7 15 0.04110535 
41 201 8 15 0.04107549 
553 268 6 13 0.04107512 
637 377 16 33 0.041053172 
669 176 6 11 0.04098191 
863 490 7 18 0.040974174 
181 464 8 22 0.040958192 
756 444 12 33 0.0409569 
848 440 7 19 0.04095621 
683 263 6 13 0.040938634 
751 343 6 13 0.040893026 
992 453 5 21 0.04088914 
874 413 8 21 0.04087511 
144 262 8 15 0.04085956 
695 48 6 11 0.040847994 
902 455 5 17 0.040832214 
756 408 13 27 0.040829886 
106 699 7 14 0.040829726 
846 99 7 14 0.040829018 
353 266 4 11 0.040816884 
307 312 13 22 0.04079262 
408 349 15 27 0.040781032 
835 263 8 16 0.040777117 
246 254 6 12 0.04076699 
937 374 9 16 0.04073572 
610 255 5 10 0.040706772 
758 55 7 17 0.040635157 
694 448 9 26 0.040615346 
57 469 4 13 0.040596623 
298 263 6 16 0.040576015 
743 433 12 30 0.040564884 
262 260 8 18 0.040543746 
761 290 6 14 0.040527884 
669 186 6 10 0.04050942 
847 479 8 18 0.040506035 
57 715 5 10 0.040493656 
628 650 12 27 0.040493574 
890 175 5 13 0.04048809 
297 662 7 14 0.040465914 
56 275 7 21 0.04046265 
824 184 7 16 0.04045923 
143 170 11 19 0.04044839 
681 491 9 21 0.040445052 
717 601 11 32 0.040427584 
918 509 4 13 0.040426843 
246 542 7 20 0.040399924 
144 286 9 19 0.040344518 
480 64 5 9 0.040333163 
784 552 8 25 0.0403251 
263 569 7 22 0.040322907 
562 289 9 19 0.04030025 
518 49 5 10 0.040281516 
278 186 5 13 0.04024385 
141 248 10 18 0.040242743 
836 366 6 14 0.04021561 
11 273 11 33 0.040202197 
976 152 7 11 0.040165085 
518 175 5 11 0.04015722 
183 479 6 19 0.040085368 
850 364 7 15 0.040078994 
735 273 7 16 0.040062606 
134 699 6 12 0.040046994 
835 172 7 18 0.04003634 
836 414 7 18 0.040024936 
220 264 7 15 0.039990827 
679 326 14 20 0.039972924 
285 676 7 13 0.039969813 
220 568 6 18 0.039949138 
631 308 6 11 0.039918777 
1012 212 10 19 0.039918177 
673 48 5 11 0.039910886 
661 244 4 8 0.03990374 
378 279 5 12 0.039888754 
509 163 4 11 0.039876968 
209 582 6 18 0.03984601 
366 295 5 10 0.039813466 
553 615 9 28 0.039809622 
191 313 37 68 0.03979618 
937 98 8 16 0.039783202 
744 461 9 26 0.03977923 
1001 534 8 13 0.039773382 
1015 465 9 24 0.039743185 
238 254 5 12 0.039738495 
646 76 5 10 0.039719712 
918 240 4 12 0.03969186 
500 535 11 32 0.03965688 
5 482 5 14 0.03961389 
365 266 4 12 0.039607752 
301 202 5 10 0.03960745 
1015 70 9 17 0.039588876 
810 147 7 14 0.039585687 
378 254 5 13 0.039565805 
979 265 5 12 0.03956301 
927 199 6 12 0.0395178 
849 426 7 19 0.03949573 
888 340 5 15 0.039483707 
505 191 5 11 0.039481502 
44 521 5 17 0.03947724 
717 301 9 16 0.03946532 
272 676 7 13 0.039441023 
978 504 7 19 0.039423823 
17 130 11 23 0.03941897 
263 253 7 13 0.039396532 
9 323 13 48 0.039391816 
313 91 5 9 0.03938484 
939 154 7 13 0.03937513 
338 166 5 11 0.03932589 
734 137 7 13 0.039325368 
798 275 7 18 0.039316237 
633 151 5 11 0.039299928 
236 569 7 18 0.039297465 
680 464 8 23 0.039272487 
648 151 5 10 0.039252292 
464 563 8 30 0.039209448 
836 353 6 14 0.039205346 
236 674 6 15 0.03918535 
314 240 5 11 0.03918065 
999 105 9 21 0.03917194 
632 99 5 10 0.039158717 
858 411 8 22 0.039090462 
920 188 4 10 0.039081644 
486 385 13 29 0.039066166 
320 338 10 20 0.039056093 
993 430 6 17 0.03904146 
220 580 7 19 0.03903858 
767 456 12 34 0.03903677 
1014 198 9 18 0.039002363 
55 482 5 14 0.038989767 
833 252 9 15 0.03897575 
466 177 5 9 0.038962565 
466 190 5 10 0.03891951 
310 211 6 14 0.038898755 
166 194 12 23 0.03885106 
391 141 4 8 0.03884569 
220 273 8 15 0.03882998 
826 43 8 19 0.038824633 
607 138 5 9 0.03881589 
821 386 8 20 0.0388131 
20 615 4 10 0.03879737 
680 273 7 16 0.038794875 
747 288 7 15 0.038791392 
804 207 12 24 0.038790513 
66 477 7 18 0.038764607 
494 202 5 11 0.0387531 
737 148 6 12 0.03875223 
984 103 12 22 0.038734484 
558 403 18 38 0.03864665 
299 253 6 13 0.038635723 
452 267 6 12 0.038626175 
735 689 8 28 0.038616505 
27 442 7 14 0.038613424 
636 362 82 94 0.038609833 
542 152 5 10 0.038507957 
946 545 13 17 0.03850035 
339 198 6 13 0.038472913 
595 244 5 9 0.03847016 
209 517 5 18 0.03844935 
621 101 5 9 0.03844664 
992 438 6 19 0.038444743 
903 314 5 15 0.038444255 
821 426 8 20 0.038419377 
920 774 14 15 0.038418725 
851 316 5 14 0.038417596 
479 164 5 10 0.03841587 
79 623 7 14 0.038409874 
792 228 14 28 0.03840476 
917 482 4 15 0.038402874 
699 368 17 29 0.038402382 
763 333 4 10 0.038389232 
289 276 7 17 0.03838736 
821 404 7 17 0.038386256 
388 278 6 13 0.038365375 
17 187 6 16 0.03835749 
494 191 5 10 0.038353477 
14 15 10 23 0.038335156 
109 330 7 14 0.038328756 
744 476 9 23 0.03831448 
590 186 7 12 0.038252212 
543 139 5 11 0.03821075 
348 144 7 16 0.038210716 
756 71 8 17 0.038208727 
595 166 5 8 0.038200542 
57 739 6 11 0.03818878 
640 574 12 35 0.038177237 
430 127 5 9 0.03817211 
234 288 8 17 0.038170267 
746 161 7 12 0.03814628 
605 165 6 9 0.038135733 
771 55 8 16 0.038132165 
836 88 6 12 0.03809638 
1016 368 6 13 0.038092893 
69 682 8 13 0.03808812 
28 200 9 17 0.038082458 
746 724 6 16 0.038046855 
28 184 9 19 0.038040206 
232 421 12 28 0.03800827 
108 212 7 18 0.038005814 
720 652 9 26 0.038003583 
670 111 6 11 0.038003143 
761 170 10 19 0.03798498 
1003 123 7 17 0.037961364 
873 386 8 22 0.03795887 
234 505 7 18 0.037952084 
478 177 5 9 0.037929423 
7 421 5 12 0.03792018 
363 88 7 9 0.03786549 
735 708 7 21 0.037850536 
555 191 5 10 0.037821062 
1016 21 9 17 0.037802536 
681 478 8 20 0.037798338 
1005 188 5 11 0.037757535 
454 86 6 9 0.037728146 
388 253 6 14 0.037715875 
466 216 5 10 0.03770978 
718 504 8 22 0.037702236 
42 222 8 15 0.037682097 
1004 725 6 15 0.03764368 
668 305 7 15 0.037640706 
79 428 7 17 0.037624173 
1017 722 8 19 0.03759041 
133 329 9 16 0.037590034 
796 190 7 12 0.037588008 
723 263 6 15 0.037584983 
731 651 8 30 0.03758435 
519 113 4 10 0.037563663 
888 364 6 15 0.037555184 
180 308 17 33 0.037551157 
608 114 5 9 0.037549026 
681 317 9 14 0.037517365 
31 470 5 13 0.037507135 
804 232 12 25 0.037464652 
850 414 7 18 0.037461143 
255 299 14 20 0.03743959 
211 224 7 15 0.037429143 
531 270 5 10 0.0374251 
802 307 6 11 0.037421983 
917 327 5 13 0.03741681 
642 263 6 11 0.037412688 
730 591 10 29 0.03739029 
594 278 6 13 0.037360366 
289 91 4 10 0.037357442 
919 216 4 10 0.037356216 
550 433 13 33 0.03733157 
915 60 6 16 0.037329562 
733 287 7 16 0.037325308 
620 173 7 13 0.037315454 
352 178 4 9 0.037305057 
191 431 11 31 0.037277497 
341 138 5 12 0.03726118 
266 299 14 20 0.03724061 
42 285 10 26 0.037213657 
902 509 4 15 0.0371802 
0 106 9 23 0.037175827 
1017 82 8 18 0.037119854 
757 262 7 17 0.037112042 
861 187 7 16 0.037111048 
107 271 6 23 0.037106637 
837 438 7 21 0.037097078 
788 266 6 14 0.03709488 
658 47 5 12 0.037087012 
872 158 8 19 0.037085913 
481 139 4 9 0.03707089 
298 189 5 11 0.037038114 
780 203 12 24 0.03702333 
848 376 7 19 0.03701767 
208 507 6 17 0.037007995 
233 648 6 15 0.0369873 
812 137 6 13 0.036985487 
198 543 6 20 0.036971502 
851 326 5 15 0.036965407 
849 185 7 17 0.036954552 
54 515 7 24 0.036919594 
108 186 7 18 0.036914762 
511 561 10 33 0.036872998 
168 464 9 24 0.036864463 
491 61 6 10 0.03685678 
664 460 77 137 0.036836192 
359 698 9 17 0.03683527 
746 138 6 13 0.03682338 
39 167 10 22 0.03679984 
183 492 6 20 0.0367993 
142 688 7 13 0.036786664 
696 189 6 10 0.036765736 
665 461 11 26 0.036761735 
16 169 8 18 0.036733493 
595 252 6 11 0.036724426 
435 413 13 27 0.036707703 
773 304 6 14 0.036699444 
301 210 6 14 0.036694642 
750 738 5 15 0.03669351 
749 353 6 13 0.03667757 
279 162 4 12 0.03667086 
810 402 8 16 0.03666113 
36 535 4 11 0.03664197 
632 200 6 11 0.036637835 
801 528 6 17 0.036618397 
351 201 6 11 0.036618378 
660 177 6 9 0.036599178 
324 698 7 15 0.03658107 
695 262 6 14 0.036574937 
900 441 6 17 0.036572393 
104 171 8 18 0.036569316 
506 126 4 10 0.03654644 
849 401 7 19 0.036508128 
980 280 5 9 0.036507923 
645 129 5 9 0.036497403 
57 638 6 12 0.03649197 
745 490 8 21 0.036491934 
56 688 7 10 0.03649037 
859 374 9 22 0.03648509 
138 358 12 26 0.03648505 
335 553 7 20 0.03647079 
314 191 5 10 0.036466338 
31 482 5 13 0.036455695 
352 191 4 9 0.036449127 
414 177 6 8 0.03644592 
610 129 4 8 0.03642787 
389 151 5 9 0.03641689 
661 128 5 9 0.03640703 
55 201 8 15 0.0364062 
1014 29 10 19 0.036400124 
747 183 8 19 0.03639836 
716 514 9 27 0.036372736 
191 409 10 28 0.036365103 
103 434 10 30 0.036329977 
403 140 5 8 0.03631529 
286 660 7 15 0.03631233 
102 709 10 20 0.036311466 
718 314 8 16 0.036288854 
574 329 17 28 0.036283985 
260 661 6 16 0.036273483 
300 240 5 11 0.036272727 
733 503 8 21 0.036213167 
320 325 10 20 0.036194947 
669 84 7 13 0.03614939 
674 37 5 11 0.036131192 
673 253 6 9 0.03612269 
632 114 6 10 0.036083378 
990 151 6 13 0.036075566 
397 444 12 30 0.03607308 
384 426 15 38 0.036006667 
754 421 14 29 0.035981752 
797 83 7 18 0.035968952 
407 395 14 29 0.035946634 
836 160 6 16 0.0359358 
946 198 10 16 0.035915345 
181 527 8 25 0.03588532 
943 46 7 14 0.035858113 
598 416 22 42 0.035854757 
742 394 13 28 0.035831917 
480 203 5 10 0.03581494 
430 204 4 10 0.035805453 
967 280 4 10 0.03578388 
792 439 9 19 0.035773203 
621 309 7 12 0.03575158 
543 113 6 10 0.035749592 
661 252 5 10 0.03574923 
729 773 12 19 0.03572621 
120 174 7 14 0.03572061 
808 265 8 20 0.0357204 
584 176 5 10 0.03569606 
391 131 4 7 0.035688322 
640 547 10 32 0.035685737 
678 448 10 27 0.035673015 
672 274 7 15 0.035655156 
79 649 7 12 0.0356447 
993 282 4 9 0.035635695 
965 151 6 12 0.03562351 
246 568 8 21 0.03561375 
282 322 42 66 0.035598744 
940 430 6 14 0.03558059 
978 493 6 19 0.035567027 
364 278 5 12 0.035558827 
596 114 5 9 0.0355544 
900 376 7 17 0.035546094 
325 199 6 12 0.035535302 
715 351 10 22 0.035515126 
798 555 7 18 0.03551395 
302 334 18 31 0.035502642 
837 142 7 18 0.035493817 
698 292 6 13 0.03548559 
569 469 143 204 0.03548437 
907 739 10 14 0.03545876 
812 412 9 19 0.035451926 
240 424 15 29 0.03544877 
490 268 5 11 0.035411723 
452 100 6 9 0.035392527 
925 12 6 11 0.03537843 
127 531 12 33 0.03528678 
265 137 4 12 0.03527689 
846 69 8 17 0.03526106 
297 174 5 13 0.035216693 
23 92 16 22 0.035168737 
92 184 8 18 0.035117514 
1018 701 7 15 0.03511249 
79 199 8 18 0.035108954 
757 694 7 21 0.035093162 
621 189 6 11 0.035063606 
243 580 8 21 0.035049643 
882 764 16 13 0.0350467 
503 279 6 13 0.03503638 
286 19 6 11 0.035035174 
413 316 7 14 0.035031892 
94 634 6 14 0.03502892 
917 520 5 14 0.035026457 
573 408 17 34 0.03499065 
847 22 5 12 0.03498725 
582 153 5 8 0.03496888 
78 602 6 10 0.034952316 
301 90 5 10 0.034930974 
159 267 6 11 0.0348886 
938 415 6 14 0.034876786 
412 427 10 23 0.03487363 
1001 546 9 15 0.034864306 
759 277 6 14 0.034847893 
262 545 7 18 0.03484541 
510 582 13 41 0.034826446 
827 36 6 13 0.03481952 
220 216 7 12 0.0348182 
926 376 8 15 0.03481403 
432 391 15 33 0.03477535 
16 143 11 22 0.034765147 
810 591 7 23 0.034737065 
351 165 5 11 0.034710925 
744 228 8 14 0.03469921 
89 336 9 26 0.034694295 
925 33 7 16 0.034684412 
607 101 5 9 0.034653343 
795 414 9 18 0.03464808 
441 201 5 10 0.034647554 
278 177 4 12 0.034644075 
845 81 8 15 0.034596235 
758 686 6 18 0.034591343 
629 188 7 11 0.034583133 
722 232 5 9 0.03455479 
247 557 6 18 0.03455369 
952 8 7 16 0.034551397 
159 294 8 21 0.034549855 
49 364 14 43 0.034541257 
224 518 5 18 0.03452335 
984 604 11 25 0.03448791 
877 275 6 17 0.03447418 
902 492 5 18 0.034446634 
707 723 343 183 0.034444567 
771 289 7 16 0.034428246 
335 343 8 14 0.034427118 
68 260 7 23 0.034422092 
519 201 5 11 0.034416452 
683 323 68 102 0.03441293 
197 504 7 20 0.034405977 
284 541 9 25 0.034375127 
813 555 6 15 0.034349825 
352 255 5 11 0.03434922 
836 341 6 14 0.034323584 
568 165 5 9 0.03428957 
584 87 5 10 0.034276873 
582 461 20 41 0.034254782 
44 443 5 12 0.034252957 
900 175 5 13 0.03422058 
878 520 4 15 0.034220196 
826 560 5 11 0.03420425 
123 217 15 31 0.03419353 
198 530 5 21 0.034175064 
18 156 9 21 0.03416716 
632 244 5 10 0.034122873 
303 384 16 23 0.034109972 
1003 688 5 16 0.034106575 
873 399 8 22 0.034098234 
232 634 7 16 0.034085713 
632 89 5 9 0.034059722 
533 175 5 11 0.034059126 
696 139 5 12 0.034056593 
263 556 7 19 0.034044117 
963 373 8 17 0.034032658 
622 384 19 43 0.034004934 
975 136 8 15 0.03398528 
89 457 11 30 0.033978894 
349 89 6 9 0.03395618 
847 503 7 19 0.033953633 
388 183 7 14 0.033927016 
373 680 10 23 0.033924013 
875 172 6 15 0.033900447 
90 213 8 17 0.03389879 
130 255 11 22 0.03388304 
14 28 10 21 0.033882976 
375 185 7 12 0.03381793 
824 164 6 13 0.03380918 
820 438 9 22 0.033788975 
248 661 6 16 0.03378096 
392 369 17 30 0.0337557 
621 245 5 8 0.033743426 
595 152 5 9 0.033722583 
913 67 7 19 0.03370866 
28 456 6 13 0.0336986 
282 301 12 17 0.033688337 
605 287 6 15 0.033687048 
504 739 6 14 0.03366661 
271 569 8 20 0.033664044 
808 248 9 20 0.033661388 
140 372 11 26 0.033659805 
107 348 9 21 0.03365794 
746 503 8 21 0.033627152 
140 326 9 18 0.03362378 
82 334 9 28 0.033594906 
41 310 9 22 0.03358812 
55 416 7 13 0.0335813 
837 403 7 17 0.03356631 
917 494 5 15 0.033562306 
595 265 5 11 0.033556074 
792 453 9 20 0.033550136 
990 254 6 11 0.03354069 
835 385 8 21 0.033484697 
978 36 7 11 0.03347684 
922 768 9 10 0.033470176 
150 255 81 87 0.033459354 
451 563 9 29 0.033452034 
762 34 6 15 0.033444222 
836 314 6 16 0.03341955 
900 427 6 18 0.033398528 
827 23 6 11 0.03339774 
781 625 13 36 0.0333846 
328 93 4 7 0.03337515 
106 362 10 22 0.033374578 
366 186 5 12 0.033368986 
820 519 7 15 0.033355743 
263 241 5 11 0.033350836 
716 339 10 20 0.033345092 
706 524 11 34 0.03332929 
325 228 5 12 0.033256635 
232 300 12 19 0.03325609 
273 661 7 15 0.03322647 
940 228 5 10 0.03322005 
697 58 8 13 0.033219818 
987 531 9 16 0.033219136 
903 291 4 14 0.033173483 
567 214 6 12 0.03316541 
607 152 6 10 0.033158444 
767 548 11 34 0.03315712 
938 548 10 14 0.03313987 
415 140 5 8 0.033131987 
858 399 9 23 0.033120975 
731 576 10 27 0.0331018 
532 112 5 11 0.033100016 
167 394 13 36 0.033086456 
849 251 7 16 0.033078637 
926 549 7 12 0.03307852 
399 464 12 26 0.033069126 
929 395 6 13 0.033067513 
321 354 10 16 0.03306369 
930 166 6 12 0.03304196 
45 543 6 17 0.03303907 
401 86 6 9 0.033037137 
211 324 20 37 0.033033155 
314 661 6 14 0.03299173 
990 264 5 11 0.032983925 
799 544 6 17 0.032972954 
901 754 9 10 0.032956395 
647 165 5 9 0.032937955 
768 239 7 14 0.032934826 
41 566 6 18 0.032919563 
513 612 11 32 0.03291458 
66 398 10 21 0.03289565 
446 414 13 24 0.032893594 
886 413 8 21 0.032893565 
532 127 5 10 0.032886866 
479 72 5 10 0.032886717 
757 487 9 26 0.032863256 
950 430 6 14 0.032851223 
404 131 4 7 0.032844953 
801 325 7 14 0.032830343 
799 123 6 14 0.03280606 
757 183 9 19 0.032785296 
441 112 5 10 0.032773398 
220 490 8 19 0.032769665 
168 185 10 19 0.032769226 
456 77 5 7 0.032760143 
80 233 7 17 0.032735705 
299 227 6 13 0.032720376 
359 379 14 29 0.03271952 
167 308 97 108 0.032715995 
665 326 13 23 0.03271417 
775 687 6 15 0.03270792 
901 519 5 15 0.0326899 
666 476 11 24 0.032681167 
431 447 21 41 0.032677498 
720 175 6 12 0.032663442 
494 420 74 95 0.032655325 
619 200 6 10 0.032649443 
467 166 5 9 0.032637585 
849 520 5 15 0.032632474 
1000 616 9 26 0.032630708 
952 467 6 17 0.03262582 
234 185 7 17 0.032607146 
403 176 5 9 0.03260692 
865 535 4 12 0.03260633 
1014 545 11 17 0.03258876 
922 69 7 17 0.0325451 
863 504 6 18 0.032544635 
952 442 5 15 0.03254431 
937 211 7 13 0.032539077 
775 698 6 17 0.032516282 
620 434 17 35 0.03245472 
273 543 7 21 0.032452915 
217 301 13 22 0.032444376 
764 318 5 12 0.032427784 
756 192 11 24 0.03242474 
707 666 8 28 0.03240405 
976 183 7 14 0.032386303 
440 215 5 10 0.032382652 
127 369 13 29 0.032379635 
568 540 8 20 0.03237929 
898 765 13 11 0.032364964 
813 122 6 13 0.03236459 
966 218 5 9 0.032346666 
573 529 12 28 0.032341063 
857 232 9 22 0.032319225 
416 226 5 13 0.0323186 
70 234 7 16 0.03231339 
744 193 10 24 0.032301385 
619 580 8 24 0.032290068 
889 264 4 15 0.032274753 
220 288 10 19 0.03226907 
1 69 8 22 0.03226736 
665 432 12 33 0.03225941 
918 411 4 10 0.03225668 
716 394 13 27 0.032240797 
222 504 6 18 0.032234248 
523 359 14 27 0.032217447 
864 550 4 10 0.03220486 
70 622 6 13 0.032189958 
881 124 149 235 0.032185815 
417 130 4 7 0.032166805 
848 173 8 19 0.032153435 
858 111 9 14 0.032151144 
43 555 7 20 0.03214886 
823 135 6 14 0.03214606 
886 712 7 15 0.032137506 
907 772 16 15 0.03209716 
621 414 16 37 0.032093834 
952 480 6 16 0.032087326 
116 331 8 13 0.032087106 
669 100 6 12 0.03207824 
733 721 7 21 0.03201532 
928 561 8 13 0.03201158 
988 501 8 22 0.032001637 
673 264 5 12 0.031991206 
78 319 9 27 0.031981118 
14 262 7 23 0.031974103 
44 659 8 13 0.03196722 
849 387 7 20 0.031964477 
361 100 7 10 0.03196132 
861 262 6 18 0.031922795 
438 128 6 8 0.03190015 
518 740 5 12 0.031895403 
376 130 5 8 0.031886138 
921 60 7 15 0.031877987 
849 235 9 18 0.031874362 
977 519 9 18 0.031855505 
887 560 5 10 0.03184931 
410 566 9 29 0.031813655 
822 531 6 14 0.031801336 
615 443 73 107 0.031797744 
408 368 17 32 0.03178292 
221 478 9 20 0.031774383 
134 713 6 12 0.031771343 
990 174 6 13 0.031762946 
286 648 7 15 0.031760886 
964 174 8 13 0.031760152 
80 477 9 21 0.031745784 
376 203 6 11 0.03174431 
490 229 5 10 0.031736974 
466 139 5 9 0.031728044 
947 571 30 24 0.031705722 
556 154 5 8 0.031682782 
902 367 5 14 0.03167611 
45 470 4 13 0.03166142 
836 326 7 16 0.031659592 
233 416 9 17 0.031653497 
260 647 7 17 0.031650096 
938 11 6 13 0.03163886 
33 422 5 11 0.03163127 
248 242 5 10 0.031627033 
858 120 9 15 0.03162433 
45 602 5 10 0.031623583 
1 95 8 21 0.031619977 
57 603 5 10 0.03161939 
335 687 7 13 0.031616673 
850 535 5 12 0.031571344 
313 163 5 10 0.031534478 
547 216 5 11 0.031517938 
334 328 8 16 0.031507913 
146 275 7 15 0.031486657 
940 140 6 12 0.03147208 
732 515 9 23 0.031465497 
188 333 17 36 0.031452008 
92 199 8 17 0.031443715 
166 307 14 30 0.031443357 
226 321 18 30 0.031437773 
617 551 8 24 0.031433683 
570 155 4 8 0.031432465 
767 624 13 36 0.03139315 
445 396 14 27 0.0313919 
792 425 9 20 0.031385012 
32 621 5 11 0.0313824 
1014 43 10 18 0.031373605 
489 249 6 14 0.031369284 
646 210 5 13 0.031364657 
696 275 6 14 0.0313641 
953 266 5 10 0.031364042 
621 88 4 9 0.031357363 
960 133 10 16 0.031344548 
197 211 9 17 0.031344455 
744 784 10 23 0.031330522 
683 57 7 12 0.031275705 
557 100 5 10 0.031273518 
952 136 8 14 0.031267546 
775 674 6 15 0.031260997 
986 740 20 37 0.031258754 
568 174 6 11 0.031231385 
274 647 6 15 0.031214574 
684 186 6 11 0.03121384 
443 178 5 9 0.031209478 
456 66 5 8 0.031185873 
966 265 5 11 0.031160913 
505 90 4 8 0.031157568 
538 639 11 27 0.031149806 
720 289 7 14 0.03114809 
504 216 5 10 0.031121608 
1009 587 13 28 0.031115944 
771 264 7 16 0.031094339 
768 248 8 15 0.031074649 
453 178 5 9 0.031063002 
244 514 8 22 0.031051746 
771 138 7 14 0.031028043 
608 244 4 9 0.031021453 
14 400 8 21 0.031017536 
941 107 8 17 0.03099748 
83 247 6 17 0.030990513 
736 231 6 11 0.030974355 
582 165 6 9 0.030966202 
993 383 5 9 0.030957596 
964 184 7 13 0.03093393 
492 738 6 15 0.030925417 
158 322 11 23 0.03089713 
32 548 5 13 0.030886998 
594 141 5 9 0.030883474 
552 641 9 24 0.030881954 
53 503 7 24 0.030879475 
325 454 31 30 0.03085989 
169 492 9 23 0.030853597 
508 176 4 11 0.030838566 
557 127 5 9 0.030837871 
45 457 5 12 0.030832212 
529 61 5 10 0.030829571 
181 183 10 21 0.03082426 
616 272 8 17 0.030824075 
455 204 4 9 0.030820172 
975 375 8 16 0.030807624 
951 493 6 15 0.030794224 
901 415 6 17 0.030774109 
146 712 5 13 0.03077294 
180 445 10 31 0.030771216 
938 70 7 15 0.030763907 
741 77 13 25 0.030753197 
712 462 81 157 0.030744927 
439 566 8 25 0.030733196 
826 88 6 12 0.030720118 
422 410 14 28 0.030712474 
325 254 5 11 0.030711778 
697 39 6 9 0.03070092 
401 277 6 13 0.030700063 
648 188 5 10 0.030699156 
845 143 8 18 0.03068499 
681 500 10 25 0.03068085 
915 376 6 15 0.030674111 
972 603 14 26 0.030656284 
938 518 7 14 0.03062443 
234 201 7 13 0.030620014 
415 152 5 8 0.030599978 
520 270 5 10 0.030596826 
92 311 7 20 0.030595738 
721 166 5 11 0.03059387 
298 649 6 14 0.030555371 
55 751 8 13 0.030548679 
735 357 7 13 0.03052214 
796 267 6 15 0.030517824 
836 186 7 16 0.030469732 
547 445 31 66 0.030469118 
646 177 5 9 0.030465582 
417 251 5 15 0.03045858 
864 520 5 15 0.030450964 
606 305 7 14 0.030449128 
861 172 8 18 0.030433523 
786 47 7 15 0.03043119 
234 226 7 13 0.030424519 
655 288 7 15 0.030405039 
1002 499 7 23 0.030400297 
154 182 11 21 0.03038172 
31 557 6 18 0.030380802 
681 84 7 14 0.030379979 
528 235 7 17 0.030375069 
544 37 4 9 0.030374935 
466 64 5 9 0.03037214 
107 198 7 18 0.030368304 
583 99 5 11 0.030353958 
464 278 6 13 0.030347211 
196 482 7 15 0.0303448 
902 354 5 14 0.030343546 
153 221 11 21 0.03034267 
505 112 5 11 0.030333323 
453 229 5 10 0.030283295 
651 487 13 26 0.03027932 
562 683 13 23 0.030268315 
417 238 5 15 0.030261876 
759 138 6 13 0.030243741 
520 217 5 10 0.030238952 
467 126 4 8 0.03023849 
81 323 81 111 0.03021643 
748 174 7 14 0.030182188 
526 639 10 26 0.030159581 
179 415 12 36 0.03015891 
753 637 12 35 0.03014854 
464 86 6 10 0.030145688 
336 546 6 16 0.030131752 
461 412 14 25 0.0301261 
925 520 5 13 0.030113427 
793 464 9 21 0.03010737 
335 675 6 13 0.030104613 
783 305 7 14 0.030088926 
19 504 4 16 0.030087242 
180 500 9 27 0.030084431 
658 187 5 10 0.03007289 
544 189 6 11 0.030066509 
656 277 6 14 0.03004508 
158 336 12 24 0.030032292 
797 575 8 28 0.030013599 
486 526 10 25 0.029995373 
404 167 5 8 0.02999393 
978 203 6 11 0.029977463 
165 168 11 21 0.029959377 
990 138 6 13 0.029925698 
705 652 10 26 0.029919304 
730 423 11 26 0.029905545 
295 448 55 81 0.029902741 
128 395 12 31 0.029892663 
416 301 7 15 0.029874707 
57 446 4 11 0.029859995 
811 162 6 14 0.029859541 
530 190 5 10 0.029837653 
719 19 8 15 0.029836481 
247 215 6 12 0.029832616 
810 83 7 17 0.029825212 
401 251 5 15 0.029824598 
311 698 8 15 0.029804097 
327 555 6 17 0.029787837 
762 164 7 12 0.029784873 
542 250 8 15 0.029780423 
177 371 13 26 0.029776918 
519 99 5 10 0.029766645 
272 226 6 14 0.029763322 
551 243 9 20 0.029758371 
889 186 5 13 0.029754031 
826 115 5 11 0.029749367 
285 686 8 14 0.029746136 
715 549 10 29 0.029744118 
118 254 9 23 0.029741472 
418 264 5 14 0.02974125 
197 225 8 16 0.029735785 
924 46 6 13 0.029732171 
361 687 8 15 0.029720904 
951 417 6 12 0.029711736 
16 41 8 19 0.029711423 
594 99 5 11 0.029708628 
936 560 14 16 0.029707542 
606 675 7 13 0.029692935 
42 584 6 13 0.029690929 
556 165 5 10 0.029685771 
139 193 12 26 0.029682029 
998 556 12 19 0.029665414 
771 278 7 17 0.029661486 
618 565 8 23 0.02964626 
465 74 5 9 0.029642068 
417 292 6 14 0.029628186 
951 536 7 12 0.02957882 
615 538 9 25 0.029566804 
787 673 6 13 0.029564496 
544 164 5 10 0.029550646 
16 70 9 17 0.029549712 
166 206 11 23 0.029542781 
826 95 6 13 0.029536795 
219 634 9 17 0.029521208 
11 382 11 33 0.029496575 
466 203 5 10 0.029468121 
217 608 9 18 0.029467752 
1002 520 7 17 0.029463695 
719 56 9 15 0.029461088 
721 273 8 17 0.029453354 
365 151 5 10 0.029413417 
990 241 5 10 0.029395062 
37 320 11 27 0.029359942 
986 624 10 35 0.029356629 
585 185 6 13 0.029349755 
701 639 13 28 0.02934972 
456 214 5 10 0.029342135 
556 139 5 10 0.029335005 
234 216 7 11 0.02933407 
752 76 12 24 0.02931943 
441 80 5 6 0.029274115 
142 237 10 19 0.029269356 
605 174 7 10 0.029253893 
732 766 8 13 0.02923942 
581 291 7 15 0.029227218 
530 204 5 9 0.029221898 
644 60 5 12 0.029200109 
781 216 11 25 0.029191753 
583 76 5 9 0.029184507 
408 355 33 57 0.029169284 
194 466 8 20 0.02916513 
276 199 5 13 0.029163312 
819 491 9 19 0.029161725 
300 32 6 13 0.02915492 
837 68 8 16 0.029140174 
709 151 6 11 0.029131971 
758 226 8 16 0.029130299 
323 714 8 12 0.02912993 
838 451 7 19 0.02912095 
492 52 5 8 0.02911092 
785 154 6 11 0.029095605 
851 549 4 10 0.02909098 
604 621 8 20 0.02908128 
987 519 9 19 0.029078975 
216 619 10 17 0.029065516 
130 162 9 15 0.029016621 
834 238 8 17 0.029015984 
718 327 8 16 0.02901349 
107 259 7 20 0.029000057 
889 376 6 17 0.028988978 
992 189 5 11 0.028984569 
184 554 6 24 0.028980607 
822 250 9 16 0.028979301 
683 39 5 9 0.028978918 
654 512 11 26 0.028974298 
384 384 28 55 0.028970683 
313 648 6 15 0.028956566 
799 150 6 12 0.028942801 
952 71 7 14 0.028913694 
762 303 6 13 0.028899051 
273 212 6 14 0.028891917 
247 171 7 19 0.02888848 
400 292 6 14 0.028881356 
247 228 6 12 0.028880844 
517 753 5 13 0.028880741 
4 44 6 18 0.028867418 
726 611 13 35 0.028860198 
734 22 6 13 0.028816238 
483 267 5 11 0.028815331 
502 583 11 35 0.028796107 
862 146 8 17 0.02876926 
874 711 9 17 0.028763494 
768 33 8 16 0.02876282 
716 575 10 27 0.028760355 
325 240 5 11 0.028756106 
400 592 8 25 0.028744701 
247 648 7 16 0.028742187 
302 358 17 25 0.0287248 
801 136 6 13 0.028724646 
503 99 6 10 0.028723337 
860 250 7 18 0.028715082 
364 203 5 11 0.028713236 
316 394 18 33 0.028712649 
425 565 8 27 0.028697604 
235 303 52 67 0.028693346 
235 686 6 17 0.028689228 
647 99 5 10 0.028652404 
710 264 5 12 0.028621992 
364 728 6 12 0.028618947 
518 60 5 9 0.028606521 
888 699 6 17 0.028576154 
143 315 8 18 0.028570456 
78 348 14 43 0.028550485 
491 163 5 11 0.02852484 
584 142 4 8 0.028523413 
296 390 37 62 0.028513223 
966 579 20 20 0.028512318 
1002 0 6 10 0.028508287 
702 82 13 20 0.028501574 
754 614 12 32 0.028496869 
426 250 6 16 0.028495956 
156 251 8 15 0.028488329 
819 450 9 22 0.028485874 
672 20 5 13 0.028485699 
644 408 74 116 0.028482217 
462 399 12 25 0.028478283 
595 129 4 8 0.02847826 
403 151 5 9 0.02846936 
192 181 11 22 0.02844824 
529 716 348 290 0.02843814 
139 394 14 34 0.028425641 
1015 60 8 16 0.028404625 
886 756 9 8 0.028398558 
712 232 4 8 0.028383479 
492 74 5 8 0.028377336 
505 752 6 14 0.028376274 
898 28 8 20 0.028348662 
41 234 8 17 0.028318876 
745 514 9 24 0.028315952 
218 594 9 20 0.028299414 
807 198 9 18 0.028274065 
92 249 6 16 0.028258545 
118 421 11 32 0.02824373 
337 702 6 11 0.028235927 
364 255 5 11 0.028234545 
293 310 15 24 0.028228547 
927 94 8 20 0.028227158 
647 277 5 13 0.02822125 
569 169 168 200 0.028220817 
16 686 7 11 0.02820381 
731 300 8 15 0.028201126 
505 61 5 9 0.02819726 
812 111 6 15 0.0281938 
503 722 7 20 0.028193733 
200 333 20 40 0.02818578 
664 500 12 25 0.02818282 
760 724 5 15 0.028178804 
940 60 7 13 0.028168153 
526 588 11 35 0.028167635 
52 401 9 19 0.028138263 
340 90 6 8 0.028136084 
839 200 6 14 0.02811681 
20 600 4 11 0.028053517 
569 140 5 9 0.02804151 
537 468 15 36 0.02803911 
195 251 9 16 0.02803877 
768 499 10 27 0.028021738 
847 159 7 18 0.028017363 
90 411 11 27 0.028010625 
949 212 8 12 0.028004095 
744 410 11 25 0.027997928 
208 202 7 14 0.02799039 
197 493 6 17 0.027979728 
79 417 7 17 0.027975293 
78 662 7 13 0.02795048 
388 100 6 9 0.027943976 
646 112 6 11 0.027910976 
196 236 9 17 0.027906697 
759 672 6 18 0.02790162 
861 135 8 16 0.027896695 
205 434 10 26 0.027871069 
524 240 150 173 0.02784752 
337 714 7 12 0.027841313 
336 662 7 14 0.027841289 
654 562 10 32 0.027833428 
690 403 76 132 0.027821431 
94 624 6 12 0.027813513 
836 302 6 15 0.027810728 
495 443 15 38 0.027807621 
122 712 5 12 0.027800571 
235 171 7 19 0.02777965 
234 489 9 21 0.02777439 
1017 9 7 15 0.027750997 
732 307 72 129 0.027749827 
41 275 9 21 0.027733093 
711 93 15 26 0.02772614 
682 305 7 14 0.027714828 
199 567 6 20 0.027676918 
558 114 5 10 0.027666356 
671 287 6 15 0.02763876 
645 307 7 12 0.027633958 
639 487 13 27 0.027622167 
591 87 6 10 0.027606448 
608 202 5 10 0.027606318 
544 174 5 12 0.027601846 
305 410 15 31 0.027599784 
770 18 8 17 0.027577186 
244 590 9 22 0.027570847 
17 636 7 12 0.027562581 
43 504 6 19 0.027560502 
341 147 5 13 0.027535876 
952 456 5 17 0.027512213 
478 191 5 10 0.02748648 
415 188 5 10 0.027479712 
259 531 8 20 0.027473507 
314 178 5 10 0.027458636 
259 686 8 15 0.027456325 
142 161 11 16 0.027454913 
16 56 8 16 0.027441157 
154 237 10 17 0.027420988 
835 490 8 19 0.027418852 
107 314 7 16 0.027408218 
769 525 10 27 0.027379043 
918 202 4 10 0.027355282 
717 423 10 26 0.027329855 
555 173 6 11 0.0273258 
428 166 5 8 0.027321706 
271 241 6 12 0.027306054 
222 645 7 15 0.027295511 
274 19 6 12 0.027280955 
988 121 7 16 0.02727859 
770 220 10 20 0.02727683 
504 52 5 8 0.027268989 
950 391 7 14 0.027242957 
466 227 5 10 0.027218511 
204 410 11 24 0.027214143 
794 245 9 21 0.027210942 
305 396 15 27 0.02720389 
-42 648 309 380 0.027201805 
486 418 14 32 0.027176809 
198 515 6 21 0.02716457 
476 574 9 30 0.027159983 
376 113 6 10 0.027149806 
86 351 14 38 0.027141843 
418 471 99 119 0.027136741 
326 610 8 14 0.02712658 
785 80 8 20 0.027111776 
432 88 5 8 0.027096178 
108 221 7 21 0.027094852 
718 538 9 26 0.027090717 
400 264 5 15 0.027079936 
248 200 6 14 0.027078776 
480 127 4 8 0.027076973 
827 597 4 15 0.02703632 
827 570 5 12 0.027033517 
178 195 11 21 0.02701058 
677 528 35 81 0.026985977 
811 95 6 16 0.026984522 
536 445 15 33 0.026968803 
261 591 9 22 0.026965242 
716 408 12 27 0.026964039 
521 224 5 12 0.0269418 
287 12 5 8 0.026938265 
822 262 8 18 0.026936691 
519 90 4 9 0.026913581 
606 209 6 13 0.026893942 
155 359 12 24 0.026869655 
324 212 6 14 0.026867885 
902 740 8 11 0.026865877 
184 540 7 24 0.026858462 
743 603 11 28 0.026858212 
388 113 6 9 0.02683775 
872 147 9 18 0.026825782 
786 121 7 16 0.026819512 
748 751 5 13 0.026807185 
82 700 6 12 0.026791722 
592 355 76 73 0.026784612 
55 702 6 11 0.026764015 
519 39 5 9 0.026754258 
505 75 5 9 0.02674733 
134 726 6 13 0.026730357 
716 622 12 30 0.026716053 
234 471 11 27 0.026713077 
287 262 7 17 0.026702872 
812 67 7 19 0.026701953 
743 537 11 29 0.026698506 
438 552 8 26 0.026676144 
916 48 5 14 0.026652033 
23 81 15 20 0.02664494 
902 276 4 14 0.026629817 
482 229 5 10 0.026628852 
431 335 29 54 0.026612123 
995 396 5 10 0.026608713 
682 287 7 16 0.026607905 
155 194 12 24 0.02659334 
328 546 6 16 0.026575396 
743 590 10 27 0.026521776 
754 206 11 24 0.02651435 
786 275 7 17 0.0265098 
323 649 7 16 0.026488096 
237 242 5 11 0.026484827 
167 372 13 27 0.02646913 
609 88 4 9 0.026466267 
875 188 5 13 0.026454547 
917 534 5 13 0.026435807 
31 687 7 10 0.026412403 
819 290 8 18 0.026396623 
759 710 6 19 0.026390081 
592 677 8 12 0.026357098 
456 127 4 7 0.026326343 
632 161 6 10 0.026306542 
377 100 6 10 0.026304837 
839 535 5 12 0.02629992 
478 751 7 15 0.026286112 
153 396 14 33 0.02627938 
365 674 6 13 0.0262744 
884 39 9 25 0.026264582 
57 764 6 13 0.026251493 
361 111 7 11 0.026243888 
465 352 29 52 0.026230238 
836 274 8 17 0.026228178 
441 191 5 9 0.0262165 
633 210 6 13 0.026198357 
731 526 9 26 0.026198097 
964 202 6 11 0.02619747 
338 240 5 11 0.026187848 
951 405 7 12 0.026184317 
288 240 6 11 0.02616275 
184 32 6 12 0.02615373 
581 213 5 12 0.02614329 
297 542 8 24 0.026116434 
332 359 30 44 0.026112525 
68 245 7 20 0.026101 
824 66 8 18 0.026079578 
976 392 6 13 0.026074816 
429 140 4 8 0.026072828 
926 570 11 17 0.026064366 
235 590 8 21 0.026059857 
166 354 14 28 0.026059333 
618 670 7 15 0.026054071 
327 394 19 29 0.026049502 
494 113 5 10 0.026043497 
480 216 5 10 0.02602827 
177 354 15 29 0.026027171 
50 317 12 31 0.026019676 
43 651 7 12 0.026017766 
1011 569 12 22 0.026012963 
492 751 5 14 0.026011474 
664 513 11 25 0.02600847 
206 449 9 24 0.025992138 
117 286 8 20 0.025991853 
259 630 8 19 0.02598767 
349 728 6 11 0.025973018 
824 549 5 12 0.02596856 
731 736 7 18 0.025966153 
462 239 6 14 0.025962953 
484 238 5 13 0.0259422 
288 253 6 14 0.025935823 
247 686 8 16 0.02593151 
746 20 7 16 0.025925945 
454 154 4 8 0.025896097 
632 274 7 14 0.025886483 
467 153 4 8 0.025860243 
465 265 6 13 0.025860135 
116 393 12 33 0.025841318 
169 252 8 14 0.025835995 
42 399 10 22 0.02582423 
278 88 4 13 0.025800116 
850 218 10 22 0.025781954 
287 227 6 13 0.025775751 
811 604 8 25 0.025764534 
838 519 6 15 0.025762878 
43 637 6 12 0.025762312 
35 504 4 16 0.025755618 
405 202 4 11 0.02575112 
631 176 6 11 0.02574825 
646 228 5 11 0.02574013 
543 88 5 10 0.025737185 
591 566 9 21 0.02573486 
338 228 5 12 0.025730215 
387 202 6 11 0.0257292 
783 474 10 27 0.025725698 
389 243 5 11 0.025721945 
822 238 8 17 0.025719915 
194 385 11 25 0.025701443 
3 58 6 18 0.025684934 
1016 533 9 16 0.025668828 
82 487 10 27 0.025663469 
773 194 10 21 0.025656983 
532 89 5 10 0.025651183 
822 148 7 14 0.025630938 
335 567 8 19 0.025626533 
5 622 5 11 0.02561423 
339 254 5 11 0.025611022 
730 559 12 31 0.02560375 
900 389 7 18 0.025603373 
430 115 4 8 0.025586605 
441 228 5 10 0.025584383 
345 555 10 22 0.025569301 
210 494 6 15 0.025528502 
62 366 13 37 0.025513232 
993 713 6 14 0.025488034 
210 481 8 16 0.025476664 
289 406 20 34 0.025457976 
431 80 4 6 0.025456002 
350 700 8 14 0.025449568 
348 567 10 21 0.025444543 
365 212 6 12 0.025440875 
846 56 8 17 0.025438337 
952 506 6 15 0.025432238 
629 525 10 25 0.025430417 
862 158 9 20 0.025419535 
427 178 5 8 0.02541146 
785 290 8 16 0.025403652 
375 62 6 9 0.025384061 
532 481 94 125 0.025381738 
251 434 18 38 0.025343584 
1016 732 9 19 0.025339754 
220 454 10 23 0.025337422 
271 555 8 22 0.025333505 
819 502 8 19 0.025329774 
453 167 4 8 0.025297182 
657 200 5 11 0.025295971 
901 533 5 13 0.025289752 
646 244 5 9 0.025277115 
966 402 7 15 0.025235774 
653 435 12 31 0.025232283 
168 238 9 17 0.025222605 
167 222 10 19 0.02521977 
370 392 17 35 0.025217205 
516 643 8 21 0.02520384 
903 327 5 14 0.025202956 
897 695 10 24 0.025199018 
505 227 5 11 0.02519843 
172 22 6 10 0.02518446 
57 430 6 13 0.025167914 
478 87 5 10 0.025158888 
441 239 6 14 0.025125219 
425 552 9 25 0.025117995 
286 210 5 14 0.025112089 
402 188 5 10 0.025106777 
494 217 4 9 0.025106542 
11 350 11 42 0.025086848 
621 654 9 23 0.025075493 
517 722 7 17 0.025067322 
595 200 5 11 0.0250659 
496 101 4 8 0.025060473 
199 580 7 20 0.02505415 
263 147 5 15 0.02505294 
639 461 15 29 0.025052812 
312 633 6 17 0.025049064 
539 691 11 27 0.025044305 
417 278 6 13 0.0250438 
709 277 6 13 0.025030373 
155 372 11 25 0.025028616 
654 535 11 31 0.02502384 
66 315 11 31 0.02499361 
557 685 9 19 0.024988057 
500 701 11 33 0.024983259 
696 69 9 15 0.024977816 
533 411 18 38 0.024968948 
965 492 6 18 0.024951277 
350 675 7 12 0.024948377 
442 155 4 7 0.02492509 
50 549 11 26 0.02491924 
723 136 7 13 0.0249187 
51 532 9 23 0.02491792 
730 408 11 26 0.024915991 
901 404 6 16 0.024913842 
565 634 8 19 0.024910586 
94 649 6 13 0.02490934 
697 202 5 9 0.024903657 
965 506 7 16 0.024903383 
425 540 9 22 0.024902076 
89 489 10 25 0.024891397 
244 500 10 22 0.024890244 
495 675 15 32 0.024885647 
641 523 10 28 0.024883904 
742 625 14 39 0.02485498 
379 354 33 56 0.024812426 
248 186 6 16 0.024811199 
867 524 166 127 0.024795838 
95 689 6 10 0.024789669 
102 408 11 31 0.02476928 
876 755 8 9 0.024753232 
166 444 12 33 0.024746703 
810 173 7 16 0.024740936 
800 518 7 17 0.024733884 
979 431 5 15 0.024728905 
922 80 9 21 0.02471037 
76 396 11 24 0.024703162 
91 221 8 18 0.024691701 
411 554 9 22 0.024689734 
618 617 9 23 0.024682704 
755 511 11 28 0.024681712 
377 89 5 8 0.0246743 
43 702 7 11 0.024643464 
0 130 10 26 0.024636338 
917 549 5 12 0.02460965 
734 196 8 17 0.024607548 
271 628 9 20 0.024594447 
877 29 7 17 0.024583701 
566 223 7 16 0.024574105 
367 449 16 25 0.024569133 
106 622 7 12 0.024562644 
1016 -2 7 14 0.024552848 
930 151 5 11 0.024550216 
413 446 37 68 0.02453953 
425 286 26 54 0.024538532 
482 676 17 30 0.02452982 
900 712 7 16 0.02451652 
482 250 5 13 0.024510534 
746 301 7 14 0.024499431 
708 603 9 25 0.024496477 
646 288 7 14 0.024496058 
391 88 5 8 0.024490554 
409 588 11 34 0.024471924 
265 127 4 10 0.02445078 
227 380 47 77 0.024446256 
799 672 9 16 0.024438888 
838 468 6 16 0.024415258 
915 19 6 13 0.024412105 
1015 619 9 25 0.024370326 
721 214 6 11 0.024368864 
332 618 15 21 0.024359193 
246 630 8 19 0.024349771 
994 420 6 13 0.024342816 
364 662 9 15 0.024328785 
515 659 8 18 0.024317166 
567 554 8 20 0.024314903 
294 274 157 160 0.024280397 
296 700 9 15 0.024249336 
478 739 7 16 0.024243508 
971 591 16 22 0.02424302 
28 584 6 15 0.02423502 
567 203 5 11 0.024232775 
92 325 8 20 0.02420778 
565 277 7 16 0.024201686 
737 161 6 12 0.024192015 
262 228 6 13 0.024191912 
272 687 8 13 0.024177296 
504 267 6 12 0.024168106 
836 503 7 18 0.024144053 
0 155 9 25 0.024138859 
46 727 5 11 0.024127612 
733 316 7 14 0.02410272 
180 208 11 21 0.024102597 
704 628 11 25 0.02410059 
771 208 11 22 0.024099996 
660 231 4 10 0.02409058 
722 148 6 12 0.024079554 
586 423 18 37 0.02407865 
124 400 34 73 0.024074432 
900 44 6 20 0.024072332 
582 264 6 13 0.024068357 
902 266 4 12 0.024064615 
732 753 7 13 0.024055554 
796 160 8 15 0.02405453 
518 310 78 86 0.024046166 
51 342 11 33 0.024045024 
809 24 6 12 0.024031702 
565 644 10 19 0.024021996 
836 209 8 17 0.024000831 
361 711 8 14 0.02398832 
400 570 8 21 0.023988279 
493 178 4 10 0.023965387 
45 715 5 10 0.023957016 
836 289 6 16 0.023952419 
578 645 10 18 0.0239442 
94 676 6 12 0.02389031 
556 89 5 9 0.023881124 
941 120 7 14 0.023841549 
35 522 5 14 0.0238235 
429 155 4 8 0.023812754 
118 315 7 15 0.02380905 
802 668 14 22 0.023774872 
879 560 4 10 0.023773676 
915 10 6 11 0.02377108 
696 84 10 16 0.023757981 
158 714 5 13 0.02375048 
495 89 5 8 0.023746934 
219 436 11 25 0.02371847 
596 211 5 12 0.023717366 
383 459 14 27 0.023707245 
345 542 9 20 0.02370474 
430 190 5 9 0.023700183 
79 423 86 154 0.02367989 
338 727 6 11 0.023676947 
785 686 7 17 0.023646994 
326 413 21 32 0.023645319 
299 22 5 8 0.023644732 
270 605 10 22 0.023644164 
993 700 5 13 0.023640279 
201 598 6 15 0.023639502 
1003 266 7 13 0.02363908 
298 631 8 18 0.02354532 
966 467 5 19 0.02354489 
363 227 6 11 0.023530299 
181 169 10 20 0.023517653 
412 542 9 20 0.023514206 
953 521 6 13 0.02351097 
116 296 9 21 0.023497751 
28 234 9 19 0.023494434 
805 660 12 17 0.023491079 
326 620 9 18 0.023480408 
564 233 8 19 0.023474067 
546 204 5 10 0.023461942 
56 234 7 16 0.023451073 
46 740 5 10 0.023439383 
998 600 12 29 0.023430392 
833 55 9 19 0.02343035 
620 210 6 12 0.023423336 
220 184 9 18 0.02340771 
195 198 9 18 0.023405828 
129 421 13 33 0.023405487 
978 530 9 16 0.023392018 
761 19 7 17 0.023378264 
337 212 6 13 0.023371067 
821 466 7 18 0.023320634 
529 49 5 9 0.023320427 
222 466 9 21 0.023313282 
569 188 6 11 0.023295889 
888 388 7 19 0.023294903 
140 221 13 24 0.023290532 
108 235 7 18 0.023287883 
914 392 6 14 0.023281598 
301 56 6 20 0.023279728 
937 85 8 16 0.023239207 
926 536 5 12 0.023220718 
685 624 16 30 0.023215516 
208 467 8 19 0.023190638 
549 466 17 38 0.02317999 
872 198 7 17 0.023164408 
436 537 10 28 0.023156933 
322 726 8 13 0.023142153 
391 426 29 59 0.023141593 
1018 687 6 18 0.023116644 
518 75 5 9 0.023114637 
770 69 10 18 0.023106085 
513 515 11 21 0.023091178 
378 243 5 9 0.023062067 
733 188 7 16 0.023054 
567 265 6 15 0.023044586 
395 372 33 62 0.023039894 
349 663 9 14 0.023035027 
430 99 5 9 0.023023842 
450 349 26 49 0.0230127 
823 197 7 17 0.023012046 
54 259 8 21 0.02300058 
640 437 12 27 0.022991957 
40 259 9 22 0.02298872 
158 700 6 14 0.022983482 
350 713 7 13 0.022970587 
659 264 5 12 0.022965698 
605 567 8 20 0.022965118 
704 422 11 27 0.02294598 
365 74 8 11 0.022934446 
224 676 5 13 0.022931503 
987 573 13 19 0.02290849 
489 586 10 30 0.022876866 
493 38 5 9 0.022875724 
20 292 82 139 0.022874253 
329 473 86 94 0.02287421 
703 585 12 31 0.022869518 
809 188 8 14 0.022861969 
541 656 8 21 0.022861348 
683 110 7 13 0.022857498 
403 240 4 13 0.022812808 
746 206 9 22 0.022810437 
40 244 9 21 0.02279659 
927 137 5 12 0.022778329 
128 330 92 118 0.022777531 
584 252 5 13 0.022769213 
1014 760 10 19 0.022760207 
696 232 5 9 0.022749953 
888 401 7 20 0.022742799 
58 222 82 137 0.02274161 
88 379 14 33 0.022734808 
929 78 92 125 0.022729745 
622 454 17 34 0.022666322 
221 424 10 23 0.022665914 
636 402 16 39 0.022652626 
405 215 4 11 0.022648897 
353 212 5 13 0.022620205 
530 530 9 20 0.0226011 
306 432 20 31 0.02259473 
118 527 9 26 0.022580897 
689 603 13 30 0.02255397 
454 115 4 8 0.022548698 
894 773 17 14 0.022537984 
1013 557 12 19 0.022523727 
1001 248 9 17 0.022505714 
916 165 5 12 0.022505391 
825 54 8 20 0.022502258 
617 600 11 30 0.022487666 
284 629 9 19 0.02248766 
819 274 9 19 0.022487374 
717 70 45 75 0.022448167 
455 191 5 9 0.02244685 
260 603 10 24 0.022422213 
652 586 13 36 0.022387924 
786 250 7 16 0.022364918 
694 119 8 16 0.022359299 
348 529 8 18 0.022337457 
273 531 8 23 0.022332227 
285 529 7 23 0.022306256 
877 263 5 17 0.022303315 
710 214 5 11 0.022278944 
232 621 9 17 0.022276495 
581 227 5 12 0.022263547 
372 695 9 22 0.02225899 
605 633 8 17 0.022257315 
273 12 6 8 0.022250114 
520 238 6 13 0.022244653 
887 159 7 17 0.022235861 
632 227 6 12 0.022233497 
799 24 7 13 0.022220036 
965 478 6 18 0.022220002 
628 633 13 25 0.022199221 
608 592 98 124 0.022190941 
90 476 9 24 0.022184053 
909 727 9 16 0.022165518 
679 72 8 14 0.02214123 
260 171 6 17 0.022134509 
351 690 7 12 0.022118611 
995 405 5 11 0.022112697 
836 480 8 17 0.022110237 
311 622 7 15 0.022107316 
901 67 9 23 0.022034982 
708 136 7 14 0.02203188 
455 140 4 7 0.022030285 
203 383 13 28 0.022024397 
786 137 6 13 0.022020571 
354 393 18 33 0.022005508 
225 659 6 16 0.021977592 
207 183 9 20 0.02196469 
376 210 6 14 0.021940354 
512 534 11 33 0.021938702 
529 517 9 19 0.0219213 
963 533 9 13 0.021914048 
28 245 8 21 0.021896325 
361 572 7 16 0.021888418 
787 95 7 18 0.021872599 
692 539 15 38 0.02187231 
54 244 8 21 0.021868316 
537 532 9 17 0.021803392 
686 201 5 11 0.021797515 
469 36 4 10 0.021773346 
523 386 16 33 0.021760045 
18 519 5 17 0.02174268 
965 413 7 16 0.021719534 
250 469 20 35 0.021705477 
118 273 7 17 0.021703886 
94 237 6 15 0.021679176 
626 595 14 40 0.021669587 
484 357 27 51 0.02166505 
158 687 7 14 0.021662485 
261 199 6 14 0.021655384 
670 198 5 12 0.02165528 
282 565 12 25 0.021650234 
410 390 33 61 0.021634957 
245 431 42 65 0.021622993 
443 167 4 9 0.021621596 
901 727 8 13 0.021621425 
221 203 7 12 0.021607183 
838 549 5 11 0.021586698 
145 727 6 13 0.021583071 
529 723 7 16 0.02157425 
443 34 5 11 0.021570386 
108 677 6 11 0.021536836 
966 429 5 15 0.021530155 
323 630 9 20 0.021525202 
399 485 11 26 0.021518532 
902 342 5 13 0.021514762 
613 465 15 34 0.021504045 
118 161 8 16 0.021503389 
888 252 5 15 0.021498395 
441 140 5 8 0.021486366 
579 635 8 17 0.021486105 
527 657 9 19 0.02148607 
122 725 6 13 0.021483053 
568 101 5 10 0.021481719 
836 562 4 10 0.02147208 
365 323 147 146 0.02146702 
120 679 6 10 0.021446764 
16 725 9 17 0.02144568 
27 295 10 28 0.0214331 
259 616 10 23 0.021430481 
658 37 5 14 0.021419715 
351 227 6 12 0.021413747 
326 568 7 18 0.021407068 
576 550 11 26 0.021404127 
190 355 14 29 0.021399671 
833 221 9 20 0.02139833 
407 482 13 29 0.021386694 
798 662 8 15 0.02138378 
556 37 4 9 0.02137559 
828 581 5 15 0.021364048 
275 310 20 25 0.021361783 
30 600 5 11 0.02133483 
68 491 7 19 0.021327633 
168 329 34 66 0.021320289 
466 99 6 10 0.021310056 
325 598 7 14 0.021305664 
401 98 5 10 0.021301365 
268 421 40 68 0.021282008 
350 738 6 12 0.021257902 
4 30 7 20 0.021255119 
860 770 15 18 0.02125209 
913 710 8 18 0.021235516 
797 174 8 15 0.021221565 
464 539 9 27 0.021214485 
684 232 5 9 0.021192195 
973 402 8 16 0.021190824 
530 38 5 9 0.021156037 
222 413 10 19 0.021149982 
14 736 11 17 0.021139003 
825 608 6 20 0.021137452 
29 310 9 26 0.02112929 
543 49 5 9 0.021102495 
756 545 13 37 0.02110033 
901 189 5 11 0.021095958 
524 470 14 32 0.021049354 
352 241 5 10 0.021026174 
609 191 5 9 0.021020932 
109 247 7 18 0.021010878 
565 676 10 16 0.020983784 
482 38 5 9 0.020980135 
264 456 48 73 0.020973189 
540 543 9 18 0.020970983 
876 250 6 18 0.020955272 
392 282 88 95 0.020927435 
772 657 9 24 0.020922469 
960 8 7 16 0.020881815 
178 680 14 27 0.020881608 
749 332 6 12 0.02087712 
425 528 10 21 0.020856883 
41 378 14 37 0.020856148 
785 527 8 23 0.020854112 
529 250 6 14 0.020808358 
601 398 16 34 0.02080736 
562 400 32 62 0.020805053 
606 581 7 19 0.020804806 
965 391 7 14 0.020799028 
916 32 7 16 0.020795982 
954 88 7 13 0.02079503 
734 212 7 14 0.020788647 
288 431 22 39 0.020772835 
528 753 5 12 0.020763958 
875 9 6 13 0.020761035 
29 567 7 18 0.020752313 
747 317 6 13 0.020744009 
224 687 6 16 0.020740356 
567 565 8 20 0.020738726 
797 477 8 22 0.02071151 
785 661 8 18 0.020702621 
583 200 6 12 0.020702515 
666 592 14 36 0.020687131 
244 616 11 22 0.02068302 
849 777 9 13 0.02066298 
544 281 27 49 0.02065017 
486 700 12 34 0.020643767 
903 58 7 20 0.02062789 
964 -128 51 71 0.020626705 
394 514 12 27 0.020614633 
692 655 10 21 0.020603389 
784 497 9 27 0.020588845 
978 480 6 18 0.020583011 
364 242 5 10 0.020562567 
809 580 6 20 0.020552894 
98 701 5 11 0.020534128 
564 616 8 26 0.020528575 
198 608 7 14 0.020497732 
1016 269 8 13 0.020485392 
787 33 7 14 0.02047501 
455 454 20 35 0.02047136 
348 642 13 17 0.020467049 
980 24 6 10 0.020459475 
382 678 12 29 0.020455483 
53 565 8 19 0.020442698 
1013 747 10 21 0.020425262 
468 24 4 9 0.020424452 
672 232 5 9 0.020420281 
685 85 40 66 0.020419817 
811 483 7 16 0.020400442 
247 465 37 73 0.020374281 
852 563 4 8 0.020344693 
784 232 10 21 0.020339562 
543 673 7 17 0.020323388 
65 342 11 33 0.020323332 
986 589 13 23 0.020322569 
757 738 6 15 0.02032215 
555 676 7 14 0.020308962 
311 555 8 20 0.020291334 
900 283 161 242 0.020288073 
583 239 6 13 0.020281924 
979 440 5 18 0.020260954 
4 275 8 25 0.020257464 
528 702 10 30 0.020247024 
21 586 5 13 0.020239009 
100 378 14 34 0.020222273 
808 52 9 22 0.020218993 
932 567 25 28 0.020216545 
183 252 9 14 0.020215902 
24 69 13 17 0.020212403 
208 346 41 80 0.020200325 
633 287 92 89 0.020199196 
620 226 5 12 0.020188544 
964 520 8 15 0.0201576 
343 631 20 21 0.02015295 
514 328 30 48 0.020123428 
183 237 9 17 0.020117497 
988 544 11 16 0.02010571 
811 467 8 19 0.020099653 
384 690 12 31 0.020089462 
472 453 16 34 0.020082539 
337 529 6 18 0.020066312 
17 713 7 14 0.02006146 
837 9 7 12 0.020050855 
775 711 5 15 0.020042552 
405 226 4 12 0.0200271 
618 289 7 14 0.020010957 
263 472 19 28 0.019986622 
208 620 9 16 0.019985704 
243 601 11 25 0.01998511 
5 399 6 21 0.019984728 
647 204 180 228 0.019982953 
858 67 9 20 0.019970607 
553 547 7 14 0.019969916 
684 22 5 12 0.019939724 
513 701 11 32 0.019937932 
512 668 11 24 0.019935668 
811 452 9 22 0.019932887 
822 481 7 16 0.019919598 
325 582 7 16 0.01991852 
502 616 9 24 0.01990917 
269 591 11 21 0.019888537 
901 162 6 15 0.019886332 
746 767 6 11 0.019874906 
812 570 6 15 0.019871464 
618 633 9 19 0.019868243 
66 750 6 14 0.019865263 
4 293 9 33 0.019834364 
796 682 12 27 0.019832026 
68 727 5 11 0.019827798 
14 679 9 10 0.019823555 
881 771 17 15 0.019818202 
260 159 5 18 0.019812422 
735 342 7 15 0.019791994 
262 213 5 13 0.0197655 
310 58 7 16 0.019759476 
3 504 5 19 0.019735597 
860 96 9 16 0.019729087 
132 313 8 18 0.01972065 
248 157 7 21 0.019717809 
959 545 13 17 0.019714233 
606 226 6 12 0.019683724 
104 634 6 13 0.01966846 
289 72 5 15 0.01966247 
771 80 9 18 0.019661777 
20 547 5 16 0.01964101 
695 24 6 11 0.019625468 
261 186 6 15 0.019601405 
531 74 5 10 0.01959997 
402 76 5 8 0.019594498 
67 739 5 12 0.019586358 
863 561 4 9 0.019582309 
975 415 7 16 0.01956785 
68 702 5 11 0.019558536 
497 465 15 37 0.019553328 
29 636 6 12 0.019547377 
422 589 12 29 0.019535193 
822 209 8 20 0.019529454 
812 -145 232 153 0.01950916 
300 307 34 62 0.019486938 
67 765 5 13 0.019465955 
134 738 6 12 0.019445732 
594 228 5 11 0.01942588 
526 678 11 29 0.01941751 
861 34 6 14 0.019410657 
18 704 6 10 0.01939619 
940 537 6 12 0.01938981 
375 728 6 12 0.019389216 
166 412 15 40 0.019385958 
538 498 11 26 0.019371146 
431 373 32 58 0.019358976 
40 763 8 12 0.019347774 
515 504 9 19 0.019337835 
582 279 6 13 0.019321408 
502 238 6 13 0.01931038 
578 565 9 21 0.019284317 
527 501 10 23 0.019276526 
491 721 7 22 0.01927628 
733 174 7 15 0.019275924 
440 251 6 14 0.019237498 
901 9 7 13 0.019220402 
120 739 7 12 0.019217914 
644 48 6 14 0.019215839 
552 658 8 19 0.019183714 
499 515 11 24 0.01917515 
603 603 11 26 0.019165095 
430 463 46 85 0.019162344 
402 64 5 8 0.019146116 
618 377 15 31 0.019144123 
578 676 9 15 0.01913247 
468 117 5 8 0.019127676 
103 458 11 28 0.019124469 
812 438 9 21 0.019115001 
756 784 10 22 0.019113708 
440 21 6 12 0.019110804 
415 76 5 8 0.019099666 
170 524 9 28 0.019099455 
876 701 6 15 0.01905651 
182 224 8 18 0.019012285 
43 753 7 12 0.018986886 
734 68 10 18 0.018966755 
184 24 6 9 0.018965596 
633 293 6 12 0.018962404 
783 513 9 24 0.018950706 
588 537 11 28 0.018939072 
302 71 6 15 0.018933674 
911 79 8 23 0.018917283 
474 524 11 26 0.018899126 
56 587 7 12 0.01889434 
262 10 5 8 0.018882142 
510 582 203 226 0.018875713 
159 726 6 13 0.018861167 
337 739 7 12 0.018845482 
382 513 15 31 0.018840816 
240 308 19 27 0.018839385 
530 740 5 11 0.01883764 
811 423 9 20 0.018812526 
834 776 10 15 0.018767001 
311 714 7 13 0.018764807 
54 772 10 22 0.018764053 
733 364 27 49 0.018732507 
449 536 11 30 0.01873043 
256 497 13 25 0.01872825 
221 170 8 21 0.018719114 
692 584 13 32 0.018704843 
257 512 10 24 0.01869181 
33 681 6 8 0.018691689 
864 22 5 13 0.018687136 
377 226 6 13 0.018675637 
422 320 29 50 0.018668212 
933 774 12 17 0.018648451 
829 55 151 211 0.018645322 
991 725 7 17 0.018644325 
133 285 9 20 0.018644216 
5 17 7 21 0.018644154 
242 414 12 21 0.018625254 
480 25 5 9 0.018616103 
362 397 34 63 0.018601466 
746 412 78 150 0.01855748 
373 73 8 10 0.018527562 
916 574 6 13 0.018522121 
4 -132 63 100 0.018505476 
19 534 5 17 0.018497499 
5 275 28 87 0.018485371 
979 467 5 20 0.018485038 
502 250 6 14 0.018472204 
364 737 6 12 0.018463036 
282 589 13 23 0.018454988 
231 603 11 21 0.018443653 
785 21 6 15 0.018441709 
821 204 150 236 0.01843568 
916 561 7 11 0.018433504 
566 249 7 17 0.018428562 
349 515 8 19 0.018410977 
130 296 10 21 0.01838988 
587 645 10 19 0.018378995 
723 106 184 281 0.018365683 
709 426 26 67 0.01836483 
589 553 10 24 0.018338773 
77 351 34 77 0.018321965 
41 354 12 35 0.01832077 
734 327 7 15 0.018298768 
927 724 8 16 0.018295875 
405 5 16 25 0.018286504 
904 252 4 13 0.018277518 
479 116 4 9 0.018274212 
524 445 15 33 0.018241562 
724 423 27 68 0.018231817 
551 748 8 17 0.018212961 
821 220 9 20 0.018208027 
497 486 12 26 0.018181043 
416 87 5 9 0.01817791 
655 404 30 70 0.01816089 
734 79 12 21 0.018154336 
588 523 12 28 0.018150259 
510 468 14 32 0.018114896 
875 42 8 21 0.018107673 
631 616 45 63 0.01809859 
488 333 27 50 0.01809068 
769 119 9 18 0.018086335 
311 543 7 20 0.018055964 
452 22 5 11 0.018033223 
484 469 15 36 0.0180195 
681 100 7 13 0.017986728 
152 328 32 58 0.017980516 
665 537 12 27 0.017963678 
635 639 19 36 0.01794372 
288 56 5 21 0.017940944 
67 715 6 11 0.017939962 
605 553 9 22 0.017928768 
599 483 14 27 0.017925367 
128 752 9 13 0.017914208 
718 69 11 17 0.017908957 
215 426 35 69 0.017908791 
889 686 6 21 0.017894786 
94 613 6 10 0.017879777 
992 13 6 10 0.017862871 
544 726 6 15 0.017858235 
979 712 5 15 0.017848872 
228 337 19 38 0.017833717 
721 366 78 146 0.017819364 
628 486 13 27 0.017814798 
6 688 6 10 0.017800286 
368 473 15 24 0.017786277 
502 629 10 21 0.017782556 
544 26 5 9 0.01777398 
396 498 11 26 0.017751036 
922 755 9 11 0.017749904 
486 412 31 72 0.017722314 
1017 772 8 21 0.017674217 
413 530 9 19 0.017666377 
720 7 8 15 0.017645711 
504 40 5 8 0.017616004 
722 693 7 24 0.017607134 
797 273 82 139 0.01760627 
146 385 31 69 0.017584527 
375 54 6 8 0.017572863 
379 325 31 45 0.0175661 
4 320 8 33 0.01755807 
462 248 7 16 0.017545735 
604 539 10 23 0.017545242 
441 465 25 42 0.017538035 
546 750 6 14 0.017525528 
139 419 17 38 0.017511627 
296 713 8 14 0.017508902 
889 572 4 11 0.017504932 
591 578 10 22 0.017501421 
657 212 5 12 0.017462928 
349 424 24 30 0.017462745 
286 30 6 15 0.017458247 
822 614 10 31 0.017453881 
575 478 15 30 0.0174506 
696 212 6 11 0.017449483 
118 751 10 15 0.017434444 
663 341 15 24 0.017419651 
544 62 5 9 0.01740839 
483 513 12 24 0.01738648 
859 45 7 18 0.01738309 
103 160 9 18 0.01735942 
790 626 14 33 0.017340608 
528 454 33 70 0.017339844 
603 683 10 20 0.017334508 
310 566 10 23 0.017322686 
991 790 32 108 0.017320827 
900 561 5 11 0.017310394 
901 548 5 11 0.017309988 
297 530 7 21 0.017305106 
783 696 8 20 0.017285299 
722 720 7 22 0.01728397 
717 83 11 19 0.017282706 
30 739 7 11 0.017268427 
413 64 6 9 0.017258784 
354 470 16 25 0.01723315 
117 621 7 12 0.017228546 
293 563 13 29 0.017217843 
696 96 10 15 0.017214617 
353 327 30 47 0.017206937 
336 74 9 10 0.017193565 
803 297 25 48 0.01717563 
310 72 6 13 0.017170673 
220 399 11 23 0.017168887 
369 417 18 35 0.017165251 
169 280 30 54 0.01714728 
374 555 166 143 0.017146114 
899 574 5 12 0.017135976 
396 319 35 53 0.017135235 
479 100 5 9 0.01712493 
793 645 11 24 0.017117515 
490 605 9 22 0.01710942 
768 94 11 20 0.01709614 
774 727 5 12 0.017091716 
357 501 12 24 0.017078137 
871 717 12 26 0.01706543 
311 608 8 16 0.017040445 
286 0 6 7 0.017028116 
528 537 10 27 0.017004572 
402 114 6 10 0.016986584 
589 635 9 17 0.01698519 
546 738 6 14 0.016973212 
284 515 9 24 0.016972974 
615 683 9 19 0.016970826 
436 309 29 52 0.016969347 
750 87 15 30 0.016958356 
335 581 8 17 0.016956402 
604 643 10 22 0.016934637 
731 123 10 16 0.016915422 
966 697 6 21 0.016912248 
634 77 5 9 0.016908476 
701 389 16 34 0.016883416 
577 659 11 19 0.016868139 
477 721 8 23 0.01685874 
992 688 5 16 0.016853238 
527 671 9 20 0.016845152 
28 752 10 13 0.016835747 
370 486 13 25 0.016833255 
453 35 5 11 0.016821753 
302 45 5 18 0.016821492 
388 75 6 8 0.016820852 
29 276 9 21 0.016816802 
846 11 7 11 0.016805002 
966 441 5 17 0.016803544 
703 359 27 53 0.01679974 
736 435 28 69 0.016769474 
117 504 9 21 0.016740136 
563 479 15 30 0.016732262 
264 436 16 31 0.016721064 
837 598 4 12 0.016701087 
722 735 7 18 0.016682647 
395 536 10 26 0.016677702 
925 707 9 22 0.016645579 
145 753 7 12 0.016643267 
24 319 125 236 0.01659615 
632 548 30 79 0.01659506 
187 269 32 55 0.016578618 
707 112 11 23 0.01656895 
293 591 12 22 0.016562998 
667 574 12 35 0.01654614 
653 416 15 35 0.016541436 
435 521 13 30 0.016537482 
335 645 10 17 0.016520813 
310 4 187 178 0.01651818 
152 403 89 130 0.01649629 
523 286 27 47 0.01648891 
261 309 22 27 0.016480807 
483 496 15 28 0.016473722 
537 519 9 18 0.016461173 
136 519 16 34 0.016444536 
686 360 18 30 0.016439322 
389 63 6 8 0.016431104 
979 455 5 19 0.016420089 
1012 -89 12 31 0.016410597 
556 537 6 12 0.01638973 
145 739 6 11 0.016384287 
997 768 11 21 0.016379092 
870 208 8 20 0.016342795 
517 22 5 9 0.01632588 
962 640 9 28 0.01632346 
426 514 11 22 0.016310962 
242 483 15 27 0.01630839 
193 171 10 20 0.016305186 
887 10 6 12 0.016292693 
949 751 11 16 0.016251886 
989 558 11 16 0.016224923 
191 392 36 74 0.016215289 
755 393 29 52 0.016200341 
570 89 4 9 0.01615467 
643 667 11 19 0.0161256 
337 750 8 14 0.016108837 
117 355 30 67 0.016100835 
29 261 9 21 0.016099421 
218 365 14 34 0.016094219 
911 696 10 24 0.01608482 
718 455 29 71 0.016080623 
390 54 5 7 0.016067775 
16 649 7 12 0.016055945 
4 263 6 21 0.016050009 
278 541 37 76 0.016033314 
347 76 7 9 0.016027162 
115 445 14 30 0.016020171 
108 664 5 11 0.01600301 
614 513 12 25 0.016002689 
872 54 9 20 0.015997471 
597 339 20 31 0.01598902 
297 614 10 22 0.015972367 
565 659 10 19 0.015967773 
755 588 11 30 0.01594894 
925 125 6 14 0.01594374 
976 544 11 16 0.015940942 
25 327 11 35 0.015934601 
104 479 9 20 0.015909616 
108 411 34 73 0.015893454 
679 575 12 32 0.015892081 
448 290 28 55 0.015855856 
744 116 11 22 0.015851343 
15 -6 11 17 0.0158478 
365 63 6 9 0.015845764 
603 523 11 26 0.01583502 
481 52 5 8 0.015816603 
937 767 8 10 0.015797263 
294 602 12 22 0.015787851 
618 76 6 10 0.015786842 
312 47 6 14 0.015769664 
979 699 5 16 0.015764233 
281 610 13 27 0.015737562 
280 286 37 60 0.01573239 
374 710 7 17 0.015731815 
589 660 9 18 0.015725954 
860 81 8 17 0.015718354 
694 442 26 67 0.015703179 
110 519 6 16 0.015700025 
322 737 9 14 0.015674112 
311 529 7 20 0.015671289 
691 420 13 30 0.015670767 
606 662 8 18 0.015660957 
348 751 7 13 0.015660502 
252 268 35 55 0.015657987 
154 460 12 27 0.015648188 
152 287 30 61 0.015644398 
937 721 10 21 0.015614672 
519 252 5 13 0.01559097 
233 404 11 17 0.015586947 
118 493 8 20 0.015579383 
1016 519 8 20 0.015535691 
781 572 10 34 0.015527959 
479 10 5 8 0.015518509 
292 323 18 28 0.015514175 
313 35 5 12 0.015497573 
975 639 9 30 0.01549376 
798 500 9 23 0.015491093 
543 76 5 9 0.01548542 
719 382 33 66 0.01548454 
592 77 5 9 0.015475843 
555 26 5 8 0.015422772 
793 602 9 28 0.015415711 
493 26 4 9 0.015399922 
924 737 9 15 0.015385916 
373 501 11 24 0.015374825 
692 485 28 68 0.015373027 
862 711 8 17 0.0153513225 
177 385 30 68 0.015348851 
409 661 17 30 0.015321397 
262 17 7 15 0.015271961 
440 9 6 10 0.015269745 
327 73 8 11 0.015259423 
462 739 10 18 0.0152568575 
65 502 9 27 0.015253822 
196 46 6 12 0.015202685 
719 351 29 52 0.015189863 
351 457 41 70 0.015184328 
529 767 5 11 0.015182103 
752 426 25 62 0.015162467 
514 488 10 22 0.015162267 
180 695 11 22 0.015145309 
914 585 6 14 0.015144975 
623 389 32 72 0.015140012 
384 500 13 28 0.015123539 
508 281 28 52 0.015111712 
13 748 14 19 0.015108498 
342 413 18 27 0.015101154 
107 493 7 18 0.015097792 
422 470 14 29 0.015093723 
437 588 11 31 0.015093524 
439 588 45 77 0.015091874 
388 211 7 14 0.015062906 
462 588 11 29 0.015059359 
134 273 8 17 0.015057338 
576 383 12 30 0.015056249 
737 401 30 61 0.015051371 
350 580 10 20 0.015049667 
554 336 26 47 0.015040822 
309 581 10 20 0.015017238 
28 399 10 24 0.015011702 
26 366 12 37 0.014989693 
506 24 5 9 0.014988361 
327 530 6 19 0.0149870515 
620 71 177 218 0.014980781 
916 779 19 22 0.014969485 
966 199 95 137 0.014968866 
50 147 13 20 0.014961414 
654 319 32 52 0.014961331 
133 362 33 67 0.014958653 
7 677 8 12 0.0149578955 
37 773 14 22 0.014939857 
145 762 7 16 0.014916254 
872 70 8 17 0.014878914 
718 116 10 19 0.014877906 
311 595 8 16 0.014877124 
328 56 19 19 0.014872863 
946 722 13 24 0.014853996 
554 552 8 18 0.014847034 
155 475 11 23 0.014839245 
276 28 6 16 0.01483319 
686 325 31 52 0.0148307225 
1014 497 9 28 0.014829287 
526 560 10 31 0.01479483 
742 557 13 34 0.01479059 
380 655 13 24 0.014738057 
452 10 5 9 0.014705837 
474 604 12 25 0.014702369 
337 310 33 54 0.0147022875 
562 472 39 77 0.014701403 
53 329 27 72 0.0146956565 
456 53 5 8 0.014691447 
398 615 14 30 0.014674628 
31 118 18 24 0.014667721 
402 52 6 8 0.014644265 
745 502 35 81 0.014643791 
359 582 9 17 0.014628668 
835 -3 8 10 0.014605591 
15 666 9 11 0.014600007 
181 580 7 20 0.014590824 
1014 249 10 17 0.014590097 
733 480 31 70 0.014567238 
399 553 8 21 0.014541558 
711 24 6 12 0.014516066 
552 737 8 17 0.014456628 
467 52 4 9 0.014453394 
531 26 5 9 0.01445226 
517 765 6 11 0.0144316 
956 561 17 17 0.014418313 
56 496 45 93 0.014415724 
836 573 4 10 0.014402675 
860 56 7 17 0.014386102 
694 107 10 17 0.014381654 
151 442 16 35 0.014358597 
387 227 6 13 0.014347829 
31 703 6 10 0.014339092 
652 390 14 36 0.014335688 
20 558 5 15 0.014324537 
884 723 10 17 0.01431977 
207 170 10 21 0.014290006 
488 617 12 23 0.014278255 
357 484 14 27 0.01427686 
125 329 30 57 0.014275573 
535 325 27 45 0.014271177 
771 301 32 56 0.014267562 
809 616 11 29 0.014266402 
802 693 15 29 0.014236754 
499 501 11 22 0.014231674 
37 343 29 72 0.014229815 
116 224 27 52 0.014229335 
209 686 7 17 0.01419314 
927 107 7 17 0.014177884 
279 421 18 34 0.014153898 
2 -86 33 82 0.014146968 
249 147 6 20 0.014125347 
780 430 33 66 0.014122388 
5 318 33 106 0.014113945 
961 750 12 19 0.01410566 
171 538 8 27 0.014103956 
804 773 14 19 0.014086219 
966 455 5 20 0.014064712 
609 454 38 74 0.014055769 
82 738 6 12 0.014054691 
103 367 30 71 0.014044645 
349 765 7 13 0.014035352 
235 158 7 20 0.014012986 
335 514 9 22 0.014003456 
494 532 24 70 0.01399382 
635 594 18 42 0.013978563 
676 419 14 31 0.013963732 
285 700 9 14 0.013944461 
367 440 36 62 0.013934073 
192 685 9 19 0.013915545 
590 620 10 23 0.013899013 
197 56 6 17 0.013896883 
759 749 6 15 0.013882593 
478 763 8 14 0.013853307 
998 815 13 48 0.013818038 
850 765 8 11 0.013811054 
732 524 34 87 0.01380208 
640 429 31 61 0.013785636 
172 715 6 13 0.013781002 
680 541 12 28 0.0137358485 
120 452 45 82 0.013710237 
747 376 28 45 0.013698449 
964 710 7 18 0.013684154 
357 644 13 15 0.013674304 
83 715 5 10 0.013673269 
745 777 7 13 0.0136458445 
716 581 31 73 0.013643224 
973 561 13 14 0.013626801 
458 279 80 98 0.013626064 
554 516 9 19 0.013615903 
269 582 36 73 0.013609488 
678 404 30 72 0.013607029 
563 496 13 28 0.013560287 
816 583 214 213 0.013554994 
451 525 92 104 0.013551653 
470 495 178 210 0.013535396 
297 515 8 21 0.013534949 
4 650 6 11 0.013510422 
468 446 35 73 0.013491815 
756 115 11 21 0.0134802 
764 371 31 49 0.013478709 
6 600 5 14 0.013477149 
106 615 7 11 0.013467046 
195 36 6 10 0.013458624 
569 38 4 8 0.013453067 
418 115 5 9 0.013438113 
29 727 6 11 0.013432476 
25 -4 12 14 0.013423316 
658 524 36 79 0.013397625 
84 766 5 12 0.013396669 
158 364 32 65 0.013374929 
265 266 90 98 0.0133694885 
574 301 29 50 0.013368526 
587 494 15 33 0.013364075 
444 68 5 7 0.013359673 
756 568 12 34 0.013345977 
948 708 10 24 0.01333768 
271 511 11 28 0.013332805 
1000 642 8 27 0.013315822 
204 354 15 32 0.013301873 
723 753 6 13 0.01328711 
94 662 6 12 0.013273587 
862 10 6 11 0.013261738 
29 716 6 9 0.013258084 
773 752 5 14 0.01325234 
479 533 23 72 0.013220395 
553 495 12 29 0.013210162 
556 64 4 7 0.013201587 
472 700 14 34 0.013201125 
575 682 12 20 0.013198572 
276 452 21 38 0.013190271 
3 6 8 20 0.013176288 
23 187 84 134 0.01317304 
177 492 198 197 0.013132402 
154 489 11 24 0.013127181 
449 633 29 25 0.013114567 
412 514 10 23 0.013112148 
748 464 30 68 0.01310392 
763 449 28 68 0.013092757 
686 214 5 11 0.013090268 
937 708 9 21 0.013077177 
418 101 4 9 0.013076593 
171 554 7 26 0.0130639225 
375 515 12 26 0.013059718 
6 665 6 10 0.013038322 
181 599 6 13 0.013035695 
265 114 4 11 0.0130248675 
183 713 8 16 0.013015374 
347 501 11 24 0.012999441 
951 762 9 14 0.012998865 
886 52 8 22 0.012992119 
158 752 7 14 0.012981197 
713 625 25 70 0.012979247 
171 697 8 19 0.012965711 
119 479 10 21 0.0129648205 
277 71 5 17 0.012930743 
194 350 156 183 0.012900633 
680 348 33 56 0.0128961345 
262 554 32 67 0.012875779 
614 497 13 27 0.0128733665 
961 772 11 18 0.012871052 
169 682 11 24 0.012866073 
998 410 36 49 0.012857936 
5 637 5 11 0.012852249 
235 272 32 54 0.012825717 
25 54 13 18 0.012823146 
364 766 6 12 0.012814144 
410 -5 9 10 0.012804947 
456 527 26 76 0.012775452 
338 467 23 28 0.012769241 
228 474 28 68 0.0127644865 
556 76 5 9 0.012762444 
331 497 13 26 0.012747012 
387 197 143 197 0.012745669 
128 490 13 25 0.012736036 
374 737 7 16 0.012699454 
394 677 14 30 0.012697583 
495 569 29 76 0.012691876 
556 710 7 17 0.012666887 
723 766 7 12 0.01266619 
286 375 161 131 0.012657667 
587 315 34 47 0.012656527 
-4 217 81 163 0.0126468 
108 332 30 52 0.012644188 
117 550 10 29 0.012640902 
90 392 31 76 0.012628814 
127 761 11 18 0.012619779 
687 615 30 65 0.012598917 
589 586 13 31 0.012591907 
824 10 7 11 0.012587532 
554 727 6 14 0.012580517 
438 276 25 49 0.012576218 
129 548 12 34 0.012570203 
795 258 29 60 0.01252121 
93 599 8 12 0.012514525 
430 525 28 71 0.012476544 
361 41 7 9 0.012463467 
950 642 8 28 0.012450081 
405 -6 8 11 0.0124089755 
196 23 5 9 0.01239222 
312 726 8 13 0.012389069 
695 -3 7 10 0.012371947 
338 619 24 23 0.012369237 
354 634 20 19 0.012359873 
62 527 12 26 0.012348331 
299 13 5 7 0.012347563 
577 578 9 25 0.01234236 
333 596 10 18 0.012335822 
25 40 13 20 0.012313917 
159 268 28 47 0.012261962 
62 295 28 69 0.012252005 
268 498 13 24 0.012248934 
27 761 12 14 0.012245473 
1012 -69 12 42 0.012230141 
938 734 10 18 0.01222971 
429 673 45 83 0.012229047 
977 736 11 23 0.0122242095 
875 238 6 17 0.012215288 
837 585 4 11 0.01220319 
847 722 10 18 0.0121811945 
845 750 11 15 0.012181079 
343 484 16 26 0.012171587 
556 49 4 8 0.012163386 
670 214 5 12 0.012162521 
264 100 4 13 0.012160688 
575 495 14 31 0.012158996 
32 650 7 12 0.012134498 
509 441 17 36 0.012130348 
387 463 34 66 0.012128377 
91 340 33 63 0.012120409 
288 380 24 28 0.012069143 
130 478 11 23 0.012059369 
31 662 8 11 0.012045923 
210 676 6 14 0.0120290695 
106 652 5 11 0.012025318 
864 756 7 9 0.012024775 
667 443 28 61 0.012010446 
696 541 33 75 0.012003731 
821 774 11 17 0.011987331 
793 773 14 21 0.0119870035 
461 606 13 25 0.011951376 
284 713 9 15 0.011943625 
690 60 95 133 0.011942303 
421 675 14 28 0.011925783 
427 33 7 12 0.01191216 
689 379 32 70 0.011903194 
486 280 24 48 0.01190029 
890 -31 164 211 0.011885551 
790 319 30 55 0.011859127 
627 760 15 22 0.011851429 
407 617 16 28 0.011813016 
447 587 12 31 0.01179833 
596 368 21 40 0.011783684 
41 295 30 70 0.011780379 
902 201 5 13 0.011778965 
638 262 34 63 0.011774081 
158 761 7 17 0.011771163 
410 497 12 27 0.011769897 
622 318 28 45 0.011755088 
436 722 12 24 0.011743776 
311 23 5 9 0.011742942 
116 485 31 77 0.01172434 
797 362 31 60 0.011721621 
303 460 24 31 0.011715956 
951 697 7 23 0.011700562 
109 507 7 16 0.011689369 
1015 -38 9 28 0.011685413 
65 396 32 69 0.011666672 
963 624 10 29 0.011642729 
566 514 11 23 0.0116279675 
365 751 6 13 0.0116222305 
78 314 29 68 0.011607638 
403 292 33 56 0.011594837 
886 742 9 11 0.011575781 
66 773 7 21 0.011574658 
788 460 31 69 0.011573838 
198 13 5 8 0.011572574 
168 415 28 73 0.011570772 
205 645 8 15 0.011566684 
804 392 31 62 0.011566661 
885 126 31 68 0.011564726 
719 -2 8 11 0.011549065 
281 500 12 24 0.011520953 
475 572 35 76 0.01151325 
900 583 5 13 0.011504896 
-3 805 85 86 0.011503833 
715 492 31 71 0.011501686 
789 212 28 58 0.011499279 
506 765 6 12 0.011487794 
961 725 9 18 0.011482196 
725 613 29 75 0.011479056 
502 647 10 16 0.011474924 
947 585 31 77 0.011463192 
315 468 25 31 0.011458233 
104 258 32 69 0.011434255 
732 89 14 25 0.011428942 
154 522 13 29 0.011424251 
22 7 15 19 0.011417527 
20 571 5 15 0.011409032 
540 588 9 32 0.011407595 
444 744 16 27 0.01139974 
49 373 34 68 0.011398893 
4 341 8 34 0.011373777 
653 492 33 64 0.011353618 
83 752 6 13 0.01133082 
278 485 16 28 0.011321166 
647 36 5 14 0.011314703 
241 413 162 184 0.011303007 
140 478 12 23 0.011302105 
976 563 34 56 0.011299927 
570 77 4 8 0.011278317 
248 501 28 67 0.011265096 
641 750 12 18 0.011250257 
322 747 11 18 0.011249206 
744 72 39 71 0.01122809 
197 69 6 21 0.011220877 
773 739 5 12 0.011192544 
205 636 9 15 0.011184063 
781 356 31 58 0.011180814 
569 25 4 8 0.011177978 
89 377 163 237 0.0111674005 
135 203 33 60 0.011163157 
68 589 8 13 0.011157243 
980 687 5 19 0.0111354515 
289 455 22 35 0.0111343805 
756 151 31 49 0.011115329 
412 49 7 10 0.0111139715 
948 344 28 47 0.011097763 
269 136 181 215 0.011095848 
79 588 8 13 0.011084981 
500 663 9 16 0.011078611 
972 124 88 129 0.011063883 
752 109 35 66 0.011054381 
171 726 7 14 0.011053609 
435 738 14 23 0.011053547 
376 559 34 67 0.011048315 
642 524 32 78 0.011044429 
507 598 28 69 0.011027645 
857 363 28 64 0.011026871 
619 526 27 71 0.011019893 
192 634 10 14 0.011011291 
370 647 12 15 0.011011198 
182 725 9 17 0.011007808 
862 719 10 21 0.010998908 
309 351 33 49 0.010998229 
325 292 32 59 0.010974003 
127 445 16 31 0.010957841 
678 338 15 25 0.010957216 
524 425 16 36 0.010941655 
91 274 28 66 0.010941492 
731 103 12 22 0.010939649 
959 736 12 19 0.0109367035 
185 436 29 66 0.010932588 
23 16 15 23 0.010931805 
876 401 25 64 0.010921581 
336 498 34 73 0.010910461 
426 502 11 21 0.010909426 
588 775 12 15 0.010908963 
459 702 15 31 0.010907774 
591 683 10 17 0.010900461 
471 281 25 49 0.010891195 
988 655 7 25 0.010880454 
927 176 36 57 0.010872946 
428 50 5 9 0.0108602075 
1016 641 8 28 0.010859788 
258 613 32 68 0.010845098 
83 727 5 12 0.010843553 
660 20 4 14 0.0108199995 
105 739 7 12 0.010816102 
675 493 33 68 0.010779136 
608 75 5 10 0.010775353 
446 519 15 32 0.010765771 
637 761 17 21 0.010750273 
156 537 11 28 0.01074606 
965 685 7 24 0.010744044 
804 325 29 60 0.010741094 
209 23 6 8 0.010738809 
275 0 5 7 0.010727479 
445 541 26 75 0.010719945 
97 712 7 14 0.010717715 
417 655 19 24 0.010717139 
3 -6 7 16 0.010713824 
979 725 6 16 0.010702731 
409 705 11 27 0.010678242 
192 624 9 14 0.0106642265 
342 548 35 68 0.01065873 
129 288 32 62 0.010639233 
408 688 13 31 0.010622029 
194 699 8 17 0.010621128 
586 396 15 31 0.010617986 
962 762 11 15 0.010600043 
766 421 27 54 0.010586779 
901 137 31 64 0.010583089 
991 -102 23 34 0.010578047 
138 442 17 33 0.010572384 
525 521 39 73 0.010572374 
607 562 31 76 0.010558317 
806 759 12 18 0.010545611 
87 433 33 72 0.010543115 
430 66 4 8 0.010529726 
745 183 30 60 0.010525466 
310 509 92 122 0.010523797 
395 702 12 32 0.010515444 
352 504 39 74 0.010515434 
830 744 16 24 0.010493359 
702 279 32 57 0.010492852 
578 618 9 25 0.010479088 
769 528 27 71 0.010472682 
1017 -16 7 16 0.010468533 
376 492 33 71 0.010463397 
159 739 6 12 0.010462657 
471 618 16 22 0.010437352 
108 529 9 22 0.010418673 
919 381 34 56 0.01041309 
570 63 4 9 0.010412175 
467 10 5 9 0.010409631 
802 428 32 69 0.010409572 
207 48 7 12 0.01040501 
396 571 30 69 0.010382003 
850 711 8 16 0.010381757 
310 514 9 21 0.01037032 
566 575 9 27 0.010366287 
964 669 7 29 0.01035152 
737 593 33 75 0.010339456 
817 709 12 20 0.010336417 
376 764 5 14 0.010333305 
375 747 7 19 0.010329816 
588 785 16 19 0.010317955 
936 399 32 67 0.010316764 
244 722 358 301 0.010312509 
648 634 47 69 0.010280419 
4 404 30 62 0.01027584 
91 514 9 22 0.010271951 
933 539 38 49 0.010262851 
263 87 5 15 0.010261849 
782 393 33 57 0.010227863 
232 588 34 66 0.010226184 
870 82 10 18 0.010212987 
631 498 30 69 0.010212583 
425 488 13 25 0.010200169 
554 763 6 13 0.010199302 
448 608 13 24 0.010196125 
296 512 32 77 0.010191055 
851 575 3 8 0.010178685 
569 50 4 8 0.010169846 
45 256 26 61 0.010168689 
473 509 14 27 0.010166702 
704 97 38 68 0.01015489 
428 20 7 14 0.010135051 
569 515 32 70 0.01013377 
690 297 29 51 0.010131148 
154 201 33 62 0.010129992 
546 766 5 11 0.010129068 
349 41 6 8 0.01009588 
567 738 9 17 0.010094708 
510 524 26 68 0.010094051 
808 648 10 18 0.010086933 
1002 345 35 60 0.010086696 
125 178 31 57 0.010075923 
876 329 30 63 0.010066538 
63 566 11 21 0.010057557 
158 676 6 14 0.010047254 
389 608 8 17 0.010042134 
361 559 7 15 0.010041934 
872 221 7 20 0.010039697 
41 214 31 69 0.010038275 
939 753 8 12 0.010038181 
256 699 11 16 0.010036399 
25 -22 12 18 0.010035338 
62 254 24 62 0.010007447 
706 -3 7 10 0.010005779 
