2_Demonstration_Demonstrators_2_100
1411
401 117 274 361 0.99990284 
683 315 149 198 0.964018 
918 342 39 79 0.6757444 
963 295 25 55 0.21712361 
281 -5 213 214 0.17678206 
837 359 35 67 0.10194838 
854 287 127 174 0.092600115 
425 667 174 171 0.09241697 
776 328 132 182 0.09162089 
760 93 18 53 0.082903616 
579 275 161 220 0.082327485 
384 700 18 51 0.08082902 
426 730 240 332 0.071082674 
954 313 23 53 0.06976358 
110 262 26 74 0.069183476 
940 696 12 69 0.068010256 
909 321 31 57 0.06729993 
910 362 121 210 0.06367894 
948 341 25 58 0.06246874 
938 652 12 55 0.05987008 
932 49 21 63 0.059701715 
12 786 19 57 0.05828237 
51 695 20 62 0.057755116 
783 171 237 345 0.056854263 
554 741 164 208 0.05482928 
953 716 12 62 0.05400543 
796 293 34 73 0.052034557 
928 303 23 49 0.051543105 
991 320 19 54 0.050293278 
967 323 30 67 0.049968027 
156 62 79 187 0.049405046 
766 82 12 32 0.049318943 
954 659 12 51 0.04832923 
390 692 12 29 0.047170885 
988 382 23 63 0.047095936 
282 276 22 56 0.046862952 
721 286 74 137 0.04642124 
972 152 14 57 0.045825854 
1025 160 9 39 0.045780994 
1005 121 8 35 0.045709815 
331 698 7 17 0.04561035 
806 594 19 60 0.04520629 
1007 460 20 73 0.044564813 
971 380 25 63 0.044035107 
1005 141 8 36 0.043978594 
952 638 13 46 0.04382379 
918 659 11 45 0.04375955 
854 819 11 49 0.043578412 
949 238 22 57 0.043402243 
75 680 14 48 0.043116387 
1003 160 9 41 0.04299696 
315 807 6 15 0.042061802 
887 633 15 57 0.041690134 
790 577 13 46 0.04162544 
788 94 15 50 0.041546132 
745 226 135 190 0.041415382 
1024 196 11 44 0.04110997 
16 775 11 34 0.040530387 
191 294 22 52 0.04046583 
806 90 17 58 0.04041178 
441 1423 7 28 0.040243745 
443 1441 6 28 0.039470892 
869 612 21 68 0.03938806 
80 1549 9 28 0.039274145 
770 575 13 43 0.039104585 
101 1504 8 31 0.038894404 
740 148 22 64 0.03856508 
390 764 18 40 0.038411193 
906 273 30 65 0.038155552 
254 758 6 17 0.03813733 
1002 97 10 40 0.038021434 
101 1542 10 39 0.037889104 
939 1442 8 31 0.0378759 
83 1508 6 23 0.037848078 
292 32 62 137 0.03773727 
915 697 12 58 0.03768537 
859 362 28 58 0.037650917 
526 1381 6 21 0.037332997 
957 679 11 54 0.03727741 
253 627 9 25 0.036916025 
753 97 16 43 0.036653645 
928 256 22 51 0.036648735 
83 1531 7 24 0.036578394 
417 1399 8 32 0.036564395 
878 107 138 220 0.036411215 
686 389 77 178 0.036363397 
965 255 25 69 0.036264025 
1 1319 7 29 0.036185008 
1022 -121 349 655 0.036154233 
508 624 184 195 0.036146894 
79 1567 9 27 0.03612867 
1002 200 10 43 0.036060795 
978 115 11 42 0.035936985 
49 259 27 68 0.03570402 
950 54 14 46 0.035458088 
701 98 15 41 0.035419837 
754 213 27 59 0.03541256 
919 636 12 44 0.03521734 
562 855 149 220 0.03498171 
316 698 6 16 0.0348859 
461 1428 6 21 0.03467137 
426 66 91 199 0.034652073 
-27 803 14 56 0.034481287 
164 583 13 37 0.034282394 
330 711 8 21 0.03424244 
330 9 76 171 0.03415879 
391 751 12 31 0.0339857 
116 1027 11 34 0.033884455 
792 611 17 56 0.03377209 
951 372 23 55 0.03371343 
898 678 10 44 0.03340719 
862 522 24 70 0.033326715 
980 93 11 44 0.03319823 
1027 123 7 34 0.033079084 
378 882 7 26 0.033059996 
71 719 16 52 0.032769952 
1020 281 14 43 0.03276922 
929 222 28 52 0.03273465 
1048 140 8 34 0.032622296 
1 1339 6 26 0.032500684 
996 414 22 71 0.032403316 
882 259 33 60 0.03237303 
755 84 10 27 0.032295723 
73 652 16 50 0.032245312 
928 613 18 54 0.0321922 
989 16 21 70 0.032189306 
297 280 19 53 0.03205759 
13 256 14 52 0.03202135 
839 876 8 31 0.031949997 
4 646 31 80 0.031814728 
949 4 22 45 0.03167319 
999 68 12 50 0.03166676 
564 1636 6 23 0.031539377 
421 1419 8 35 0.031477794 
768 597 14 43 0.031470288 
520 1230 247 378 0.031422734 
887 295 30 66 0.031421985 
812 76 12 40 0.031390887 
921 1414 9 39 0.031298123 
1024 220 10 40 0.031216495 
79 1588 11 35 0.031115644 
15 595 13 42 0.031064404 
381 713 8 25 0.030959785 
744 572 15 47 0.030805731 
1047 159 9 36 0.030703489 
972 193 16 55 0.030689213 
685 95 17 45 0.030578736 
726 148 19 59 0.03035788 
951 88 16 60 0.030348783 
830 66 16 56 0.030340016 
791 81 11 31 0.030086813 
460 1444 6 22 0.029899029 
686 77 15 38 0.029781789 
480 1429 7 20 0.029755782 
315 814 7 18 0.029711591 
837 853 9 34 0.029672638 
984 702 9 45 0.029618902 
81 1490 7 22 0.029559929 
899 1365 8 24 0.02938901 
-425 1235 439 623 0.029294362 
876 845 12 54 0.029240761 
822 593 22 63 0.029216804 
-27 1223 11 52 0.029157668 
101 1485 8 30 0.02908756 
583 1384 7 23 0.029057335 
306 217 16 53 0.028868403 
129 272 21 63 0.028851075 
398 1395 8 33 0.028839359 
976 20 20 62 0.028751746 
998 560 17 74 0.028655605 
395 -18 178 157 0.02865482 
768 274 56 119 0.028587779 
1010 423 18 63 0.028537715 
554 987 283 431 0.028509041 
2 773 8 30 0.028482629 
1000 223 11 39 0.028441723 
1014 552 16 65 0.028428592 
984 767 9 44 0.02841492 
91 1592 19 63 0.028292332 
334 1591 26 55 0.028270572 
1002 704 10 45 0.028151356 
614 440 19 64 0.028119598 
177 582 13 36 0.027976243 
953 619 14 42 0.027919443 
701 79 14 36 0.027794186 
438 691 13 32 0.027746957 
873 645 16 70 0.027695112 
723 572 17 51 0.027634738 
1026 101 8 35 0.027492689 
1045 178 10 37 0.027489297 
901 1380 8 28 0.027421275 
355 698 7 16 0.027339693 
392 226 14 49 0.02733892 
386 780 24 59 0.027293578 
727 115 14 38 0.027256938 
81 1470 6 20 0.027175354 
0 627 8 30 0.027061157 
1016 363 16 48 0.027032852 
1 748 10 37 0.026990222 
1048 123 8 32 0.026900407 
296 699 6 16 0.026837729 
295 808 5 14 0.026804643 
354 714 6 17 0.026789824 
13 750 12 37 0.026728107 
1023 242 11 42 0.026717082 
255 612 7 17 0.02670854 
662 489 16 55 0.02666259 
372 449 12 45 0.02661606 
60 662 12 37 0.026611952 
828 379 55 137 0.02658397 
764 166 20 67 0.02656199 
1044 200 10 37 0.02655963 
310 1276 9 32 0.026534656 
288 1251 13 36 0.026496053 
380 730 8 24 0.026476894 
422 1443 7 31 0.026452776 
1016 302 15 41 0.02640127 
1 1248 8 44 0.026321933 
593 617 17 47 0.026278688 
766 653 17 56 0.0262119 
856 850 10 40 0.026208589 
160 674 17 62 0.026192298 
985 749 9 38 0.026188297 
952 141 21 73 0.026183192 
950 196 22 54 0.026160331 
912 4 20 27 0.026120929 
35 263 17 50 0.026030721 
583 1636 7 25 0.02599897 
94 670 17 56 0.025985086 
930 5 26 46 0.025908407 
446 684 20 50 0.02587042 
725 24 18 43 0.025805164 
-1 1226 9 49 0.025761116 
782 324 62 123 0.025702175 
393 446 12 50 0.02563645 
130 -2 297 330 0.025611177 
2 1362 6 24 0.025516344 
663 270 21 72 0.025509445 
526 1362 5 19 0.025452418 
848 49 17 51 0.0254433 
65 1535 6 19 0.025398215 
289 604 9 19 0.025382562 
12 625 14 39 0.025376664 
0 1295 7 31 0.025362303 
905 241 32 59 0.025311198 
326 276 22 61 0.025165737 
-1 603 9 35 0.025145613 
799 122 27 81 0.025016628 
763 122 21 66 0.024974717 
242 108 22 63 0.024920497 
177 1475 17 44 0.024891794 
14 1317 8 33 0.024887128 
0 897 9 33 0.024787715 
338 292 24 64 0.024750926 
639 487 17 64 0.024702648 
-28 844 14 56 0.024607914 
-27 766 13 50 0.024554659 
-25 1249 10 50 0.02451376 
314 739 6 16 0.02448515 
31 572 17 53 0.024471032 
318 713 6 18 0.024426619 
872 261 21 49 0.024404531 
501 1427 7 21 0.02440417 
572 1388 5 20 0.024188122 
382 252 23 75 0.02418064 
779 309 29 64 0.024064828 
858 876 7 33 0.024060093 
621 650 135 216 0.024057526 
63 272 27 70 0.024034664 
810 652 17 62 0.023973145 
800 418 22 61 0.023899835 
845 610 24 71 0.023893677 
246 534 12 30 0.02381593 
393 1377 8 29 0.023782298 
67 1511 6 20 0.02376695 
584 1398 8 28 0.023756491 
-27 717 14 54 0.023707224 
916 1399 10 39 0.023664018 
905 213 131 197 0.023661014 
289 598 7 15 0.023585277 
58 249 224 330 0.023483371 
999 242 13 42 0.023443716 
66 1468 6 19 0.023438778 
508 61 179 217 0.023432424 
394 675 8 20 0.023395173 
437 702 17 50 0.023389753 
811 54 149 230 0.023365378 
915 1382 8 29 0.023309123 
247 805 7 17 0.023284234 
13 247 126 193 0.023266844 
314 681 6 14 0.023195677 
674 231 21 64 0.023144558 
254 643 8 25 0.023135753 
336 1261 7 21 0.023025788 
353 1350 12 42 0.023023734 
332 681 6 14 0.023017397 
546 1384 6 22 0.023017077 
39 773 10 33 0.023010118 
309 1260 9 28 0.023001635 
893 597 17 48 0.022986017 
15 284 14 43 0.022984168 
280 1478 20 39 0.022978699 
880 872 9 40 0.022929728 
-27 891 12 46 0.02280148 
703 550 18 55 0.022795519 
-22 1025 8 35 0.022716334 
891 339 27 54 0.022671094 
789 654 15 54 0.02266083 
32 785 14 48 0.022644177 
175 257 25 51 0.022629784 
601 1071 12 53 0.02260542 
344 1417 19 50 0.022602707 
931 582 19 42 0.022546113 
380 695 7 19 0.022460336 
662 954 13 42 0.022438876 
376 899 9 31 0.022434536 
689 278 65 124 0.02243118 
1000 751 9 39 0.022416776 
67 1489 6 20 0.022382336 
53 731 19 56 0.022375507 
122 1502 10 30 0.022371229 
330 984 11 24 0.022302045 
785 124 23 75 0.022300439 
441 1466 7 26 0.022275835 
233 817 7 18 0.022275016 
116 126 20 76 0.022272687 
67 1554 6 21 0.022265047 
406 764 16 44 0.0222353 
367 1391 12 42 0.022055035 
662 80 14 36 0.02202417 
263 309 20 38 0.02200665 
758 297 33 67 0.02199816 
771 62 11 30 0.021986766 
298 626 234 327 0.021918457 
416 688 13 31 0.021829046 
0 262 9 42 0.02179793 
973 569 18 58 0.021730868 
224 535 14 30 0.021711119 
334 806 5 15 0.021697238 
161 1459 19 48 0.021656131 
872 820 13 55 0.02161959 
0 1064 8 34 0.021606753 
953 26 17 43 0.021572674 
316 756 5 17 0.021547575 
1018 585 15 69 0.021537896 
76 1616 13 50 0.021504235 
261 628 11 27 0.02145886 
-1 579 9 40 0.021397116 
1025 76 9 39 0.02135602 
162 1220 115 121 0.02135417 
838 826 11 43 0.02133709 
702 135 16 42 0.02132521 
1014 325 15 43 0.021311874 
381 756 7 21 0.021279212 
746 199 21 47 0.021255689 
242 1034 14 48 0.021247517 
885 420 22 63 0.021161662 
1035 282 15 43 0.021154173 
673 282 24 72 0.021136649 
870 296 22 56 0.021128817 
-1 240 9 43 0.021116832 
297 739 7 16 0.021112233 
348 469 14 47 0.021053895 
918 602 14 36 0.021049567 
180 618 12 39 0.021039682 
914 64 24 64 0.021009974 
33 623 15 40 0.02098372 
38 715 18 58 0.020975191 
996 263 16 47 0.020933628 
12 306 19 51 0.02090223 
413 846 13 41 0.020866152 
666 93 142 238 0.020782333 
294 712 7 17 0.020769127 
66 1576 7 19 0.02071851 
937 1425 7 26 0.02071437 
331 819 6 16 0.020710172 
440 1401 8 29 0.020703467 
889 10 22 39 0.020697568 
94 557 14 34 0.02069546 
698 651 17 54 0.020673707 
-1 792 10 36 0.020555323 
135 1254 337 393 0.02055061 
-283 -37 301 459 0.020526484 
99 721 14 44 0.020515881 
13 1246 11 47 0.020514902 
899 698 10 47 0.020507123 
980 658 11 57 0.020475717 
277 819 6 16 0.020470362 
803 261 24 49 0.02045707 
277 806 5 15 0.02044248 
547 1639 6 19 0.020439362 
376 605 7 25 0.020435276 
-22 1045 8 36 0.020431377 
35 556 14 42 0.020425415 
374 1371 10 36 0.020397298 
614 475 21 82 0.020380503 
120 703 13 41 0.020370632 
10 888 16 54 0.020356787 
275 319 28 53 0.020353608 
381 677 7 18 0.020342372 
1 874 8 35 0.020330342 
432 659 58 144 0.020287173 
248 1062 11 44 0.020273218 
0 1046 7 27 0.020208584 
660 240 45 132 0.02020537 
329 244 15 45 0.020162854 
677 136 16 45 0.020152558 
459 1469 6 21 0.02015078 
560 1648 11 33 0.020119198 
190 840 6 22 0.020090418 
0 1081 8 39 0.020078937 
750 59 11 31 0.020023553 
29 669 22 65 0.02000437 
188 4 30 53 0.01999126 
410 708 14 36 0.01997711 
1042 221 11 37 0.019959185 
378 854 7 26 0.0199558 
356 735 6 19 0.019922912 
-25 681 15 47 0.01991185 
998 786 11 44 0.019906329 
332 1517 15 39 0.01987008 
99 302 17 48 0.019867852 
303 467 20 57 0.019793697 
664 135 17 53 0.019792212 
363 1434 18 52 0.019774398 
191 860 6 22 0.019770969 
2 1384 6 23 0.019754343 
437 675 12 30 0.019726042 
274 599 7 14 0.019720515 
348 1037 11 39 0.019700572 
588 1069 7 29 0.019651825 
271 608 8 18 0.01964951 
237 282 20 41 0.019642308 
701 175 16 43 0.019621009 
-23 1002 9 39 0.01961652 
746 640 15 43 0.01960457 
14 1292 9 36 0.019594427 
482 1446 7 21 0.019590754 
911 27 23 46 0.019577255 
927 94 25 85 0.019558122 
100 1467 9 29 0.019523744 
822 281 23 53 0.019518057 
251 740 6 17 0.019516144 
263 177 17 55 0.019486316 
375 1358 8 28 0.019473843 
65 1593 8 23 0.01947372 
956 595 15 40 0.019442225 
502 1451 6 18 0.019426743 
117 656 16 47 0.0194003 
347 263 18 48 0.019397693 
886 547 20 55 0.019315785 
29 640 19 49 0.019300884 
121 1528 11 34 0.01929941 
848 27 17 44 0.019293621 
13 1337 9 33 0.019276366 
392 164 16 65 0.019255463 
845 82 23 69 0.019249216 
815 850 10 35 0.01924063 
643 76 14 42 0.01923954 
599 1043 9 34 0.019237984 
814 59 10 31 0.01922996 
729 84 11 27 0.019227762 
270 1032 10 43 0.019221306 
272 893 7 12 0.01916904 
418 1383 7 23 0.01915442 
662 96 16 41 0.01915346 
268 762 6 15 0.019106396 
332 732 7 20 0.019096784 
357 820 6 17 0.019095046 
327 400 18 61 0.0190572 
807 556 17 46 0.019043084 
599 608 12 28 0.018991092 
238 0 23 30 0.018972907 
2 940 9 34 0.018962435 
871 49 18 48 0.018960074 
452 1622 15 37 0.01895606 
915 1363 9 26 0.018933421 
823 347 28 55 0.018896 
420 1464 8 29 0.018895375 
390 872 12 37 0.0188847 
754 255 32 61 0.018880017 
267 289 17 36 0.018877508 
782 284 28 53 0.018863093 
59 1624 10 36 0.018861672 
415 674 13 28 0.018825658 
664 759 142 228 0.018802954 
904 67 51 144 0.018782584 
144 701 13 41 0.018776486 
100 1068 8 23 0.018767314 
111 307 21 57 0.018763334 
698 297 25 61 0.018741071 
-26 938 10 41 0.018740758 
339 1239 6 25 0.018697618 
827 392 29 64 0.018677624 
42 1632 7 28 0.018661296 
95 637 16 48 0.018656667 
120 1065 14 33 0.018641941 
37 1647 11 35 0.018638227 
9 933 16 50 0.018630907 
370 1208 11 48 0.018626051 
748 619 14 38 0.018620107 
544 1361 6 22 0.018613502 
190 885 6 19 0.018608335 
160 806 13 43 0.018598529 
704 55 14 37 0.018589677 
547 1406 6 21 0.018581122 
243 174 15 52 0.018554816 
406 798 17 49 0.018531017 
325 467 17 56 0.018490681 
15 1044 11 31 0.018472007 
566 1571 9 24 0.01847171 
571 1402 5 22 0.018471032 
662 1644 15 44 0.018460821 
13 1628 10 32 0.018446406 
413 823 13 37 0.0184463 
779 423 29 76 0.018413138 
124 1008 9 27 0.018392246 
355 803 7 18 0.018386135 
744 29 15 38 0.018382901 
809 825 13 48 0.018323805 
99 746 13 38 0.01831115 
260 442 19 59 0.018283792 
277 167 24 72 0.018275186 
161 920 11 30 0.018257637 
870 11 19 37 0.018256107 
841 899 7 27 0.018205265 
142 583 12 30 0.018203102 
683 528 16 52 0.0181988 
-22 1296 8 34 0.018191352 
118 1543 12 41 0.018191056 
-1 559 9 38 0.018180335 
183 668 10 34 0.018164542 
252 775 7 17 0.018163946 
-24 981 10 40 0.018145269 
0 287 9 37 0.018144324 
124 565 10 26 0.018139182 
294 816 6 18 0.018091181 
679 650 22 63 0.018090138 
232 676 6 19 0.018047867 
859 899 7 29 0.0180437 
39 1577 8 20 0.018039066 
-16 22 160 213 0.018010203 
238 307 24 42 0.018008484 
790 61 11 30 0.017994933 
13 556 14 46 0.017992679 
121 728 11 34 0.017944122 
850 284 18 44 0.017937794 
7 64 58 186 0.017924359 
957 758 11 64 0.017921371 
0 916 9 35 0.017896347 
355 1186 9 43 0.017851071 
315 1091 7 24 0.017833147 
440 1485 7 27 0.017816218 
944 1460 7 33 0.017814606 
803 384 23 49 0.017799072 
703 28 18 41 0.017793562 
0 827 9 37 0.017769232 
300 319 19 49 0.01772289 
186 70 37 57 0.017716305 
17 477 12 40 0.017691735 
616 1448 20 47 0.017685985 
121 1483 12 36 0.017678674 
722 639 16 46 0.017664997 
881 899 7 33 0.017625365 
788 531 15 45 0.017615542 
651 958 10 36 0.01761041 
0 723 9 40 0.017609205 
842 179 30 69 0.01758629 
64 1609 9 30 0.01757434 
331 993 13 40 0.01755261 
114 2 24 29 0.01755039 
235 806 6 16 0.017523834 
825 105 24 66 0.017499348 
1038 1638 18 49 0.017485015 
502 1467 7 20 0.017483328 
867 417 25 66 0.01748204 
64 1450 7 20 0.01742809 
730 53 13 37 0.017423868 
252 714 6 17 0.017420204 
409 441 15 57 0.017397601 
662 173 18 57 0.01739303 
680 178 15 46 0.01734637 
525 1405 7 21 0.017340854 
817 316 28 58 0.017334152 
142 569 9 23 0.017332487 
817 873 8 32 0.017325057 
787 14 16 35 0.01719185 
13 206 15 59 0.017175598 
1020 1645 13 40 0.017146572 
829 28 17 42 0.017138705 
926 498 29 74 0.017124198 
133 1 21 29 0.017123403 
120 520 11 32 0.017109653 
331 313 16 51 0.017093385 
1182 171 230 685 0.017069174 
391 1643 16 45 0.01706652 
243 73 19 47 0.017061608 
644 1632 11 38 0.017021796 
853 509 20 55 0.017006604 
746 674 15 55 0.016999574 
57 558 13 34 0.016987858 
258 1 22 28 0.016973993 
294 1270 11 33 0.016959175 
196 310 151 206 0.016952213 
332 1540 15 39 0.016947724 
580 1649 12 35 0.016926914 
781 183 23 63 0.016923638 
343 1545 16 32 0.01691459 
452 1642 16 39 0.016912447 
41 1536 8 21 0.016858581 
394 649 9 26 0.016841028 
213 673 6 22 0.016836055 
196 269 18 40 0.016835218 
265 645 8 23 0.01682277 
356 680 6 16 0.016822107 
302 503 18 56 0.016820546 
0 1102 7 44 0.016788054 
329 1013 13 40 0.016782705 
74 554 16 38 0.016777465 
283 440 19 61 0.016770167 
1000 1648 12 35 0.016756343 
959 1468 6 25 0.016746769 
248 814 7 18 0.01672712 
302 1516 16 44 0.01671004 
929 546 23 58 0.016686926 
0 541 9 35 0.016682656 
67 601 46 133 0.016680645 
189 818 6 23 0.016665759 
345 419 17 55 0.016649513 
162 899 10 29 0.01662826 
456 1567 14 33 0.016622538 
167 829 10 35 0.016614698 
407 1643 16 44 0.01661198 
393 1236 11 40 0.016606169 
652 942 168 210 0.016593814 
823 240 22 48 0.0165731 
888 50 20 50 0.016565368 
961 967 8 27 0.01656227 
391 1460 15 48 0.016544523 
0 645 9 32 0.016525265 
825 626 23 69 0.016521877 
371 176 13 46 0.016514827 
231 697 6 19 0.01650528 
997 519 19 74 0.016499221 
627 -6 169 192 0.016497722 
766 529 15 47 0.016478658 
1039 242 13 41 0.016445737 
221 432 16 44 0.016439484 
852 5 14 24 0.016435651 
8 156 22 81 0.01639504 
209 627 8 24 0.016393373 
585 1362 7 20 0.01638726 
128 348 83 183 0.016372517 
397 433 262 304 0.016371919 
380 199 48 153 0.016350094 
296 681 6 14 0.016348839 
575 29 24 52 0.016346551 
661 527 17 53 0.016344465 
704 410 149 261 0.016330168 
640 53 16 42 0.01631918 
432 845 15 47 0.016304897 
367 1232 13 51 0.016297119 
0 1027 7 27 0.016288918 
747 372 61 142 0.016288515 
503 1383 5 20 0.016279904 
288 511 14 45 0.01627986 
827 433 24 64 0.016268857 
56 1644 12 40 0.016246978 
299 358 20 53 0.016242353 
252 700 6 18 0.01624088 
258 88 24 63 0.016228346 
40 1590 9 24 0.016207319 
354 518 11 33 0.016205883 
960 1489 7 25 0.016183706 
1048 103 8 30 0.016179439 
974 609 16 55 0.0161744 
138 988 16 44 0.016163347 
301 196 17 53 0.016157331 
329 1033 13 44 0.016152766 
328 1057 11 34 0.016138261 
370 492 12 41 0.016135627 
79 1450 8 21 0.016129868 
550 821 77 192 0.01612932 
351 230 10 34 0.016114287 
999 899 9 31 0.016102888 
392 847 11 36 0.016102294 
53 69 150 243 0.016100677 
180 683 11 38 0.016090134 
4 -28 79 159 0.016087236 
393 626 10 30 0.016075151 
314 780 5 16 0.016065672 
395 1442 12 39 0.0160409 
37 1554 9 23 0.016031526 
133 317 20 52 0.01602584 
648 973 10 39 0.016021747 
1029 792 8 33 0.01598692 
657 712 25 77 0.015960552 
139 663 14 43 0.01595254 
1 852 8 33 0.015947752 
98 257 21 57 0.015945131 
892 379 21 50 0.015939558 
299 758 6 16 0.01591408 
804 218 21 47 0.01590401 
390 820 14 39 0.015870662 
271 701 6 16 0.015865793 
160 286 18 43 0.015847072 
-20 1322 7 29 0.015841184 
969 418 53 144 0.015831908 
92 110 23 63 0.015825892 
381 653 8 22 0.015824534 
589 1046 6 24 0.015821686 
56 763 14 42 0.015813595 
44 1465 7 22 0.015796276 
266 1063 10 40 0.01578908 
602 1133 9 26 0.015788725 
122 543 10 30 0.015783636 
0 520 7 34 0.015773498 
315 1111 7 21 0.015763529 
771 15 15 34 0.015748244 
831 12 15 35 0.015724344 
448 451 22 79 0.015723962 
30 300 24 57 0.015702168 
544 1652 9 25 0.015691021 
133 243 20 51 0.015688797 
163 611 12 45 0.015687045 
14 1062 11 35 0.015686324 
951 553 19 46 0.015674874 
331 1112 6 22 0.015660562 
838 407 31 71 0.015632214 
617 48 20 50 0.015610304 
140 1478 16 37 0.015604236 
1040 697 15 58 0.015600178 
703 206 13 36 0.01558972 
358 838 7 19 0.015586317 
183 642 11 36 0.015581431 
43 1512 7 20 0.015576165 
326 356 18 60 0.015573781 
483 1467 7 21 0.01556591 
1025 702 10 47 0.015515771 
703 223 15 41 0.015509653 
372 522 10 29 0.015508444 
1043 962 9 38 0.015491796 
1030 838 7 29 0.015490566 
346 999 12 38 0.015488233 
39 268 48 118 0.015482606 
120 1028 282 370 0.015480483 
408 1618 15 44 0.015480122 
335 780 6 17 0.015478856 
136 1016 17 44 0.015416169 
15 1023 13 35 0.01541391 
104 1048 8 24 0.015367462 
284 209 17 58 0.015366222 
356 863 6 18 0.015364837 
259 23 24 57 0.015349564 
999 484 21 73 0.015348017 
206 602 9 27 0.015293509 
570 1365 6 17 0.015292549 
744 234 28 55 0.015275108 
932 1332 515 515 0.01526606 
346 1367 18 53 0.015262827 
159 727 15 42 0.015242751 
526 1346 6 17 0.015239689 
688 55 13 37 0.015230022 
42 1268 11 37 0.0152266985 
110 1031 7 24 0.015204992 
543 1344 6 19 0.015203891 
40 1254 10 34 0.015203772 
637 681 19 59 0.015203548 
636 109 21 54 0.015199637 
351 493 13 41 0.015151719 
211 649 8 26 0.015147764 
623 607 13 28 0.015096695 
355 780 7 19 0.015090088 
70 792 63 151 0.015083599 
580 1592 10 23 0.0150753185 
288 247 13 43 0.0150748305 
-25 646 13 39 0.01507391 
12 514 13 44 0.015066654 
89 576 21 48 0.015058747 
600 1101 11 39 0.015055662 
375 251 13 38 0.015044248 
244 451 15 45 0.015043866 
436 1623 16 40 0.015016166 
118 91 18 55 0.0150125325 
682 14 17 37 0.015010532 
231 716 6 17 0.014972888 
397 1415 10 39 0.014965872 
590 32 22 45 0.014962779 
729 202 15 38 0.014950413 
11 972 15 49 0.014946799 
636 441 18 58 0.014942271 
95 1634 18 58 0.014936095 
636 525 20 55 0.014902724 
359 1209 8 37 0.01489986 
976 3 17 30 0.014881297 
792 850 11 35 0.014880562 
294 28 35 68 0.014878116 
633 990 6 21 0.014860278 
341 1518 19 40 0.014855965 
636 154 22 57 0.014829963 
624 1634 11 34 0.014811367 
984 856 8 33 0.0148067605 
746 527 17 50 0.014792048 
665 215 18 61 0.014777006 
587 1112 9 26 0.014770351 
316 837 6 20 0.0147534 
160 939 11 28 0.014748542 
150 1530 35 72 0.014746491 
546 356 266 424 0.014724746 
452 1581 21 50 0.014722561 
259 522 15 38 0.014694912 
163 1498 15 35 0.0146816615 
827 669 19 70 0.01467471 
919 1433 11 43 0.014674076 
1030 859 7 30 0.014673636 
913 548 20 53 0.014670092 
790 825 14 45 0.01465546 
171 1522 25 56 0.014633851 
265 214 14 49 0.014605682 
216 715 6 20 0.014603465 
220 1 22 28 0.014597174 
55 576 15 41 0.014593669 
115 1075 17 46 0.0145885 
638 1228 15 46 0.014579181 
59 626 13 32 0.014575467 
100 766 14 43 0.014564555 
388 890 15 45 0.014562105 
999 879 9 32 0.0145532405 
3 958 9 33 0.014526225 
603 1637 9 26 0.014523249 
281 30 28 61 0.014494505 
50 216 19 56 0.014483923 
1153 1029 313 640 0.014435466 
357 1235 8 33 0.014432095 
0 310 10 38 0.01439377 
379 773 9 24 0.014390321 
525 1425 7 22 0.014387588 
864 215 25 51 0.014385777 
30 206 18 63 0.01432329 
1 1404 6 24 0.014323209 
272 678 6 16 0.014320006 
823 210 24 51 0.014283934 
665 15 15 35 0.014277008 
732 57 139 225 0.0142745515 
1028 770 8 35 0.01426669 
848 562 22 59 0.0142458575 
848 326 22 47 0.014241298 
333 838 6 19 0.014240896 
784 244 22 46 0.014234419 
1028 751 8 36 0.014233033 
251 676 7 17 0.014216898 
473 1629 15 33 0.014204548 
115 634 16 46 0.014200469 
610 129 27 60 0.014181683 
377 230 10 34 0.014179377 
985 806 9 43 0.014178657 
599 456 20 72 0.014168022 
297 893 5 11 0.014167051 
790 876 11 31 0.014151295 
164 567 11 28 0.014139401 
285 1440 18 35 0.014137393 
471 620 15 44 0.014126876 
371 271 23 71 0.014119791 
827 551 19 50 0.014108028 
872 740 11 51 0.014070426 
314 1062 8 29 0.014042261 
98 521 14 36 0.014018052 
581 1419 10 32 0.014017103 
177 2 24 31 0.014015614 
752 1426 10 23 0.013990359 
683 1223 69 97 0.01398936 
908 202 27 46 0.013980352 
166 638 12 40 0.013977093 
332 1504 13 31 0.013976473 
600 1024 8 30 0.013967395 
489 479 24 60 0.013967381 
213 820 6 16 0.013964008 
534 4 18 24 0.013962884 
475 1646 18 36 0.013947085 
455 1549 10 26 0.013936643 
130 124 29 87 0.0139140915 
635 1456 20 45 0.013891996 
622 684 16 49 0.01387771 
63 313 29 68 0.013870301 
168 883 8 24 0.013859151 
268 268 15 39 0.013848871 
859 168 31 67 0.013848472 
14 1359 9 30 0.013843793 
549 1426 6 21 0.013792232 
1022 51 12 43 0.013791525 
613 88 25 61 0.013788672 
205 586 9 24 0.013767853 
1030 816 8 30 0.013767354 
229 833 9 22 0.0137591995 
68 246 22 51 0.013757671 
818 87 63 154 0.013756287 
392 1623 14 40 0.01375185 
3 1426 6 23 0.013742748 
222 285 18 37 0.013742644 
867 486 18 54 0.013740241 
602 1382 9 23 0.013740188 
75 758 17 50 0.013739187 
283 1 20 26 0.013732805 
392 489 13 46 0.013727167 
642 565 225 384 0.0137237 
724 676 15 46 0.013707562 
343 377 19 64 0.01369096 
702 263 19 51 0.01368133 
976 1647 12 36 0.013679116 
1033 498 21 62 0.013671758 
167 856 9 30 0.013670197 
269 780 6 15 0.01366657 
1040 741 15 55 0.013659366 
114 1614 18 57 0.013644424 
451 866 15 46 0.0136338025 
92 1069 7 21 0.013626847 
733 317 36 66 0.013567649 
965 874 8 36 0.013543356 
1044 1023 10 34 0.013539249 
740 278 31 58 0.013534924 
288 1086 9 29 0.013515863 
981 875 9 34 0.013515807 
416 1501 12 43 0.013510906 
214 755 7 21 0.013495216 
257 343 25 46 0.0134948045 
610 1328 78 122 0.013471863 
-19 1346 7 25 0.013469347 
734 1410 7 21 0.013446498 
976 1629 9 34 0.013443538 
490 1644 20 42 0.013429607 
292 996 10 33 0.013417571 
144 1528 13 36 0.013411393 
903 438 27 66 0.013407936 
255 599 7 14 0.013391426 
460 1489 6 21 0.013389265 
851 644 21 75 0.013384156 
270 741 7 16 0.013370778 
431 825 14 43 0.013365273 
14 845 15 46 0.0133615965 
272 715 7 16 0.013334235 
253 892 6 12 0.013322761 
232 653 7 20 0.0133189 
2 982 9 31 0.013317101 
413 408 13 49 0.013293838 
949 503 24 63 0.013292762 
1040 556 14 54 0.013278784 
1044 1002 10 36 0.013271265 
726 227 17 37 0.013265234 
36 1026 13 30 0.013256067 
998 811 10 38 0.013254116 
-28 1181 13 58 0.013233037 
1267 1015 62 207 0.013222778 
1001 1275 9 27 0.013216067 
1001 662 11 53 0.013208396 
622 656 16 50 0.013207575 
330 1295 9 31 0.01317539 
789 901 11 29 0.0131736 
1000 1257 9 30 0.013168108 
941 230 41 106 0.013158272 
15 1080 10 35 0.013155846 
877 221 63 106 0.013152416 
157 782 14 49 0.013145041 
237 1541 23 58 0.013143631 
286 1511 16 43 0.013129047 
997 3 15 28 0.013128595 
233 632 7 18 0.013124976 
638 711 23 75 0.013119604 
703 626 14 36 0.013113074 
410 1591 16 32 0.013104425 
28 473 17 43 0.01310318 
620 621 14 40 0.013101447 
985 831 9 37 0.013089054 
871 780 14 60 0.013080754 
698 338 33 60 0.01307479 
396 611 8 25 0.013072747 
699 691 16 54 0.013030824 
336 891 5 13 0.013028227 
115 220 20 50 0.013024395 
-2 192 11 48 0.013021544 
332 757 6 18 0.0130203795 
137 1060 15 36 0.0130097335 
119 582 14 34 0.013003399 
-6 1184 11 54 0.012994179 
1040 656 14 63 0.012990754 
524 1453 6 19 0.012986195 
55 1272 10 31 0.012985511 
1043 940 9 37 0.012984887 
861 91 69 140 0.012976809 
0 1002 8 29 0.0129681965 
353 890 6 16 0.012945114 
331 1569 14 30 0.012940722 
811 15 13 30 0.012937926 
722 1044 17 50 0.01293174 
-23 1061 9 44 0.012930955 
-24 624 12 38 0.01292675 
330 1092 8 25 0.0129235145 
219 303 20 43 0.012915263 
50 801 19 54 0.012911573 
542 1532 8 20 0.012902692 
330 1314 12 36 0.012884897 
173 301 31 68 0.012881986 
41 1446 9 23 0.0128799975 
157 316 24 52 0.012870536 
142 1504 12 28 0.012853155 
903 1346 7 22 0.012847204 
812 32 14 35 0.012833054 
984 980 9 28 0.012820805 
663 54 14 36 0.012804171 
9 713 16 52 0.012803954 
406 145 20 72 0.012802108 
714 1442 7 22 0.012798565 
218 1474 18 52 0.01278 
245 1521 13 46 0.012768406 
211 890 6 15 0.012760881 
395 1078 12 45 0.012754516 
373 589 7 23 0.0127501935 
73 575 22 49 0.012749449 
2 1449 6 21 0.012736934 
350 200 12 41 0.012715546 
473 479 19 62 0.012712752 
351 1060 11 34 0.012711537 
678 929 20 54 0.0126919 
477 1571 10 24 0.012687144 
699 740 20 54 0.012678032 
430 458 17 62 0.012673711 
306 421 19 57 0.012672782 
730 1429 8 23 0.012670896 
680 685 22 68 0.012667842 
578 16 19 33 0.012651249 
907 451 56 138 0.012646639 
392 1361 9 25 0.012639759 
260 138 25 68 0.012636629 
850 239 18 44 0.012622912 
144 597 12 38 0.012615739 
630 1006 6 24 0.01260966 
605 1360 8 21 0.012606632 
143 963 10 25 0.012590918 
451 575 15 44 0.0125537375 
311 1242 8 27 0.012546126 
623 1130 9 30 0.012519022 
1029 880 8 30 0.012489483 
239 21 24 55 0.012476329 
607 1152 8 24 0.012474981 
333 657 7 18 0.012471029 
216 695 6 20 0.012455242 
962 1510 7 27 0.012418754 
215 731 7 22 0.012387295 
569 1425 7 24 0.012377809 
264 36 48 120 0.012361498 
723 526 18 55 0.012349994 
1037 325 15 41 0.01233329 
-1 158 10 48 0.012326895 
323 843 291 376 0.012324614 
380 627 8 26 0.012314334 
332 1279 7 22 0.012287024 
643 1124 16 43 0.012283043 
355 756 7 19 0.012278485 
-300 -33 77 168 0.012274524 
715 1429 8 23 0.012261779 
885 368 58 131 0.0122527545 
369 12 81 165 0.0122498125 
567 1347 7 17 0.012249599 
374 939 12 33 0.012215195 
764 690 16 60 0.012206706 
159 261 19 45 0.012205188 
74 519 18 42 0.012200247 
523 1533 8 19 0.012194598 
932 354 54 117 0.012191733 
524 1512 7 18 0.012176134 
886 196 24 48 0.012174367 
308 1568 12 29 0.012162602 
1029 902 8 30 0.012145968 
211 781 6 16 0.012141569 
982 968 8 23 0.012134863 
43 1488 7 21 0.01213348 
608 1011 6 24 0.012132039 
955 1643 14 42 0.012115957 
-27 1146 11 47 0.012112568 
102 1082 9 30 0.012094522 
522 1568 10 24 0.012091189 
298 1495 17 40 0.012082262 
786 391 51 144 0.012076525 
325 392 48 136 0.012076163 
375 573 6 17 0.012074728 
473 1589 12 29 0.01207268 
513 544 16 31 0.012070741 
345 1446 21 52 0.012055063 
419 1486 10 34 0.012049011 
190 798 7 23 0.012041612 
299 96 176 285 0.012039264 
585 1083 9 35 0.012039037 
1034 342 15 50 0.012036619 
663 334 20 56 0.012030758 
110 1133 27 52 0.012024095 
731 1441 8 22 0.012023245 
306 1538 15 41 0.01201636 
142 544 11 29 0.012012523 
343 1569 17 31 0.01201079 
211 71 27 52 0.012008856 
196 1476 18 47 0.012006124 
413 646 15 35 0.011998508 
283 1237 14 31 0.0119971 
41 1609 8 29 0.01199485 
790 692 14 55 0.011991529 
373 917 13 35 0.01199072 
220 382 17 45 0.011982899 
661 637 21 48 0.011967333 
586 1132 9 23 0.011963742 
700 820 21 54 0.011960456 
666 6 11 25 0.01195401 
709 1044 15 42 0.011952074 
378 552 7 19 0.011933663 
901 1398 8 33 0.011928768 
135 25 21 46 0.011925412 
-5 5 15 27 0.011916279 
547 1466 6 23 0.011910935 
1043 831 10 43 0.011905685 
191 239 20 48 0.011898439 
119 601 14 37 0.011882819 
132 340 26 57 0.011879674 
888 222 24 43 0.011866359 
439 1382 9 24 0.0118583115 
111 846 22 59 0.011844261 
75 625 16 40 0.011838727 
543 1511 7 20 0.0118218465 
973 1100 19 37 0.011815625 
590 1029 6 24 0.011807472 
-2 699 11 41 0.011799596 
127 1137 25 51 0.011791275 
1042 594 13 56 0.011764476 
325 510 15 46 0.011758362 
576 1573 11 24 0.011749295 
602 660 59 155 0.011737972 
525 1491 6 20 0.011728927 
135 115 139 242 0.011727755 
513 581 20 42 0.0117273955 
42 1290 10 35 0.01172503 
19 1512 6 19 0.011723069 
212 806 6 15 0.0117200585 
683 339 21 52 0.0117127765 
765 875 13 35 0.011711507 
337 1214 8 31 0.011707323 
722 260 23 50 0.0117063755 
525 1467 6 21 0.011702684 
36 1044 11 25 0.011690354 
957 1623 12 40 0.011686948 
701 591 19 49 0.011667512 
658 626 18 33 0.011665473 
1332 61 18 74 0.011663379 
891 845 15 60 0.0116569325 
159 2 19 26 0.011655174 
119 502 10 33 0.011652027 
1054 1603 27 41 0.01164285 
716 304 30 53 0.011641797 
93 141 24 74 0.011626914 
213 839 6 18 0.011614943 
4 0 32 55 0.011610761 
882 1368 8 21 0.011608459 
412 1230 13 43 0.011603048 
504 1363 6 17 0.01160056 
54 1256 11 31 0.011593657 
438 1506 8 27 0.011592592 
528 21 26 55 0.011590542 
597 17 17 29 0.011563675 
983 893 8 34 0.011560993 
139 66 18 54 0.011560591 
1021 1625 11 35 0.011551657 
1005 1630 8 30 0.011549458 
1019 27 18 46 0.011538238 
720 733 20 62 0.011527226 
366 403 16 51 0.011527176 
942 943 8 33 0.011515203 
288 1034 10 37 0.011504093 
853 788 12 51 0.011499684 
418 740 55 133 0.011499137 
39 1315 10 31 0.011483765 
822 162 28 76 0.011480983 
56 664 38 114 0.011479214 
597 652 19 51 0.011473805 
541 225 107 192 0.011468845 
1043 875 9 39 0.011464457 
412 487 14 51 0.011456537 
389 129 19 62 0.011452801 
259 491 18 46 0.0114471875 
377 834 8 24 0.011441097 
123 750 11 30 0.011439451 
944 966 8 25 0.011424607 
1043 919 10 39 0.011416257 
729 306 258 472 0.011413016 
310 533 11 36 0.011412178 
809 688 16 65 0.011411403 
142 635 14 42 0.011410252 
14 1647 11 37 0.011397914 
501 1404 7 21 0.011394461 
99 1445 10 30 0.011392221 
623 22 12 25 0.011387748 
319 1309 57 145 0.011380106 
823 503 49 118 0.011380032 
738 1228 24 52 0.01137751 
549 1449 7 21 0.011361313 
96 473 17 42 0.011360702 
600 1651 11 32 0.011346198 
892 178 62 105 0.0113391485 
1002 1368 9 18 0.011337787 
851 479 18 58 0.011327059 
713 1470 7 20 0.011322297 
232 758 6 18 0.011316374 
185 711 9 30 0.011312127 
288 967 8 17 0.011309157 
766 1181 16 43 0.011296582 
855 762 13 53 0.011275469 
645 624 16 35 0.011263306 
879 33 56 124 0.011251466 
600 1597 11 24 0.011242366 
890 1119 92 158 0.011238562 
879 33 280 445 0.011236833 
916 1345 9 23 0.011234589 
564 1616 7 22 0.011230056 
312 893 5 12 0.0112256715 
18 1489 6 19 0.011224596 
970 1604 12 38 0.011216428 
1 139 10 41 0.0112066865 
766 892 14 37 0.011202017 
567 1590 7 21 0.011168402 
638 652 19 54 0.01116 
376 1042 10 36 0.011145585 
0 103 9 33 0.011138793 
521 1558 8 17 0.011118622 
1041 784 14 51 0.011106877 
411 624 15 38 0.01110418 
1259 913 72 203 0.011100956 
680 485 19 55 0.011096842 
313 1041 9 30 0.011090773 
586 781 283 339 0.0110881915 
227 1063 13 42 0.011059465 
153 749 17 45 0.011050722 
1193 -10 167 155 0.01104547 
418 1362 9 19 0.0110285245 
959 1597 15 46 0.011024177 
268 997 13 40 0.011014791 
223 408 15 40 0.011006489 
1311 453 47 194 0.010998722 
618 206 64 161 0.010991711 
620 719 18 58 0.010991426 
306 0 19 27 0.01098769 
156 955 19 40 0.010982199 
603 588 10 23 0.010980613 
392 405 14 49 0.010974867 
545 1486 7 24 0.010955913 
242 380 18 48 0.010955014 
-50 779 17 62 0.010945321 
666 989 16 48 0.010934084 
168 336 32 62 0.010928804 
842 558 44 118 0.010927975 
519 1652 12 31 0.010922528 
921 1323 9 23 0.010919712 
273 968 9 19 0.010917604 
442 780 56 141 0.010916916 
72 214 20 54 0.010904327 
298 782 6 15 0.010885603 
841 395 142 243 0.010883904 
-1 1125 7 42 0.010867434 
32 454 14 38 0.010865834 
356 1252 8 32 0.010841206 
95 338 19 49 0.01083431 
646 996 10 39 0.010830805 
619 1075 12 45 0.010816989 
752 1410 8 21 0.010804016 
350 375 46 132 0.010802646 
1046 1045 8 30 0.010799554 
365 1622 16 42 0.010794806 
625 1596 12 26 0.01078245 
727 7 13 26 0.010778493 
267 243 13 42 0.010759242 
354 1114 7 24 0.01075903 
207 538 13 29 0.010757675 
253 102 47 124 0.010755385 
16 1103 9 35 0.010719793 
1056 154 18 42 0.010719258 
214 1373 75 115 0.01069739 
247 503 13 33 0.010691967 
100 1423 11 28 0.010680287 
1060 553 17 59 0.010679138 
646 18 13 29 0.010671443 
354 1086 9 29 0.010668177 
744 757 15 58 0.010658976 
684 576 18 44 0.0106500685 
624 1361 13 25 0.010649144 
311 1018 9 29 0.010640778 
466 747 98 150 0.010638699 
36 463 62 147 0.010631826 
233 612 8 18 0.010629729 
290 1065 8 31 0.010627023 
642 36 14 33 0.010622771 
143 521 11 31 0.0106175 
721 830 17 47 0.0106117455 
1057 1640 21 46 0.01061094 
1002 1237 10 31 0.010607457 
712 232 62 124 0.010596878 
649 1039 23 68 0.010581851 
408 883 19 52 0.010576405 
19 1447 6 20 0.010573173 
814 902 8 25 0.010565134 
1043 896 9 39 0.010521815 
961 856 10 40 0.010517329 
961 1034 9 16 0.010510047 
290 983 10 26 0.010509006 
1030 945 7 28 0.01050722 
334 901 6 16 0.010503072 
354 547 9 25 0.010498524 
-24 1107 11 47 0.010492799 
83 1303 7 23 0.010480068 
483 1489 6 21 0.010474462 
680 629 16 32 0.01047244 
323 1634 22 54 0.010467565 
82 1279 8 24 0.010450345 
188 758 8 22 0.010445654 
321 8 25 41 0.010440651 
-23 1084 10 44 0.010439252 
1275 1122 57 197 0.010438543 
745 1184 15 44 0.010437934 
479 1403 7 23 0.010429185 
461 1401 8 25 0.010424096 
432 394 47 160 0.01042298 
978 1091 13 25 0.01041659 
305 1442 14 31 0.0104142 
579 4 16 26 0.010413993 
1325 1376 21 78 0.010409031 
659 1416 22 44 0.010397127 
396 522 10 31 0.010395522 
18 1470 6 18 0.010389412 
88 1056 8 22 0.010389186 
383 661 46 97 0.010387178 
360 568 7 22 0.01037546 
118 768 12 38 0.0103746075 
913 218 50 98 0.010373657 
978 1048 14 26 0.010372669 
843 127 28 70 0.010369292 
912 99 25 80 0.010369146 
410 673 1439 1821 0.010362845 
118 829 16 47 0.0103587285 
337 865 6 17 0.010354172 
-1 76 9 38 0.010337662 
514 4 20 24 0.010335301 
-358 -67 195 715 0.01033412 
836 926 8 21 0.01033333 
962 1446 6 22 0.010327666 
778 384 30 65 0.010322213 
415 521 12 36 0.010310874 
-5 1623 9 40 0.010310819 
98 496 15 37 0.010306004 
1046 81 10 31 0.010305902 
887 508 20 53 0.010304268 
623 522 20 56 0.010303499 
598 1396 12 32 0.010292478 
208 865 7 17 0.010292205 
467 60 93 158 0.010291662 
402 393 43 141 0.010290316 
355 656 7 20 0.010290267 
244 348 21 39 0.010289428 
295 835 6 19 0.010284175 
357 1135 6 22 0.0102796415 
9 126 20 65 0.0102647105 
510 485 27 49 0.0102504315 
1029 925 8 29 0.010243318 
658 444 21 55 0.010234232 
242 211 16 55 0.010233048 
1035 423 19 55 0.010230944 
141 806 13 44 0.010221995 
672 730 26 69 0.01021697 
766 827 16 44 0.010215629 
112 355 22 59 0.010196092 
667 447 49 139 0.010193763 
874 697 11 50 0.0101937335 
262 379 20 52 0.010190973 
558 4 15 23 0.010185924 
1035 465 19 58 0.010179128 
248 834 7 20 0.010168476 
928 167 26 63 0.010167238 
789 920 13 30 0.010163851 
691 802 23 55 0.0101587195 
911 19 46 103 0.010141593 
742 862 19 54 0.010139931 
181 565 10 25 0.010136424 
913 1042 11 24 0.010129911 
602 1348 9 23 0.01012524 
289 1287 15 41 0.010121016 
562 1548 13 32 0.010110119 
1041 1605 18 38 0.010109661 
246 1485 10 29 0.010107543 
199 426 22 50 0.010103555 
330 540 11 31 0.0101015605 
668 1436 15 38 0.010101033 
367 1642 17 44 0.010099884 
660 1228 20 46 0.010099879 
705 1019 15 38 0.010093555 
195 333 24 53 0.01009082 
232 734 6 19 0.010082003 
497 538 17 37 0.010081651 
894 822 15 58 0.010079087 
496 -33 167 168 0.010071919 
220 118 20 42 0.010061531 
-24 290 10 42 0.010043831 
911 499 24 68 0.010043112 
721 1016 16 46 0.010040039 
543 1553 8 20 0.01003847 
964 893 8 34 0.010035115 
644 609 13 28 0.010033738 
980 1031 11 20 0.010018185 
356 1154 8 27 0.010016038 
272 905 7 13 0.010003479 
