2_Demonstration_Political_Rally_2_286
2785
812 657 75 117 0.99947757 
436 713 80 121 0.99728715 
114 332 237 264 0.73017585 
618 970 19 45 0.16847068 
545 991 17 45 0.1537302 
486 1015 11 33 0.14743395 
352 517 15 32 0.11664809 
300 312 13 33 0.10399522 
354 931 11 25 0.09310478 
315 952 19 60 0.0874667 
841 89 6 19 0.08610241 
280 312 13 32 0.0844011 
301 302 10 24 0.07859914 
88 467 7 25 0.07701465 
707 766 25 40 0.07681933 
479 1025 15 40 0.07564303 
283 300 10 25 0.075626984 
701 605 7 27 0.07541478 
350 938 12 31 0.074494086 
628 657 8 32 0.073757626 
1017 780 10 37 0.070098534 
738 200 7 22 0.06842694 
386 958 15 39 0.06817282 
626 692 9 29 0.06774075 
700 642 7 27 0.06762184 
428 1048 15 33 0.06714086 
355 478 12 28 0.06676857 
622 1049 14 36 0.066756465 
682 639 7 30 0.06606198 
428 948 11 31 0.06596914 
666 638 7 30 0.0649584 
700 621 7 28 0.06491526 
628 676 7 29 0.064913124 
491 1024 15 43 0.06467584 
127 305 9 18 0.064444475 
737 209 7 24 0.063952126 
316 318 12 29 0.06387787 
52 314 10 28 0.06333516 
837 99 9 29 0.062855296 
883 666 20 46 0.061882712 
644 657 8 31 0.061767284 
492 998 12 37 0.061364774 
776 161 7 21 0.0603108 
545 1026 15 42 0.060061097 
971 624 6 25 0.059436698 
753 1090 8 29 0.058640968 
394 656 8 31 0.058456305 
644 1101 10 26 0.05677753 
742 -40 214 236 0.05625057 
645 637 7 32 0.055982646 
1010 785 6 23 0.05570318 
142 308 8 17 0.055562675 
370 926 9 24 0.05554696 
711 588 9 29 0.055448662 
805 219 9 23 0.055073142 
948 644 8 24 0.05494799 
887 642 16 33 0.054829326 
473 1045 15 40 0.05457723 
65 302 10 27 0.054137018 
682 657 7 29 0.05400598 
755 73 7 15 0.054000203 
132 343 16 53 0.052820735 
139 319 11 26 0.052613977 
622 710 10 30 0.052416738 
971 641 6 25 0.05239655 
793 642 8 26 0.05208685 
717 623 7 27 0.05178042 
685 225 5 13 0.051604148 
680 620 8 31 0.05147225 
1033 651 13 49 0.051462617 
425 1143 9 30 0.05113338 
1033 683 13 54 0.051130686 
665 657 7 31 0.051124003 
218 270 7 18 0.051114388 
714 602 8 30 0.051001094 
984 625 7 26 0.05077243 
272 316 9 24 0.050771166 
249 288 8 23 0.050722796 
393 762 10 40 0.050692376 
231 319 10 27 0.05067624 
766 1090 9 29 0.05066934 
627 637 7 32 0.050643314 
392 633 9 38 0.050494127 
741 157 6 21 0.049953725 
358 503 8 19 0.049894515 
718 643 7 24 0.049860235 
928 890 9 32 0.04980749 
280 507 19 42 0.049696106 
799 635 13 40 0.04947633 
666 694 7 27 0.049405232 
643 674 8 30 0.049226668 
287 287 7 19 0.048989967 
611 714 8 24 0.048899792 
846 121 7 23 0.048846636 
89 448 7 23 0.048836935 
92 423 7 27 0.04857358 
611 659 7 27 0.0485416 
809 176 6 19 0.048355028 
272 302 8 22 0.048352566 
607 641 206 291 0.048341382 
391 794 9 38 0.048287816 
971 660 6 25 0.048248727 
162 322 9 20 0.048222598 
273 1219 5 24 0.048149984 
811 516 6 24 0.048111536 
510 934 21 44 0.047976743 
666 622 7 28 0.047531817 
884 753 18 49 0.047235038 
1024 712 8 30 0.04722207 
625 732 9 25 0.047212567 
13 982 11 38 0.04712528 
857 126 8 22 0.046978995 
827 178 7 20 0.04688168 
704 590 6 26 0.046461552 
535 858 10 24 0.046387393 
641 693 8 28 0.046280883 
699 658 7 26 0.046164837 
717 736 116 127 0.046152852 
940 1142 17 28 0.045829773 
970 608 6 23 0.045772195 
734 663 7 22 0.045746017 
950 626 7 23 0.045671556 
665 675 7 29 0.045575146 
397 745 9 35 0.04552924 
297 327 15 38 0.045367096 
466 1036 10 25 0.045355577 
809 166 6 18 0.045225907 
735 1045 13 37 0.045058347 
104 979 12 45 0.044963658 
350 1158 318 412 0.044712532 
489 987 7 23 0.04470451 
1006 1398 6 18 0.044674948 
468 1052 11 28 0.04461248 
343 941 9 29 0.044152845 
407 739 13 48 0.04407782 
353 1043 16 49 0.044001527 
791 107 6 19 0.04395112 
1023 692 8 31 0.043950092 
734 300 6 25 0.04390355 
362 918 8 18 0.04381445 
-289 1061 350 560 0.043808 
643 618 8 32 0.0436991 
611 639 7 28 0.04366766 
972 677 6 25 0.043654893 
678 693 8 28 0.043548573 
125 317 12 28 0.04341221 
1050 631 15 50 0.043272298 
1023 677 8 30 0.04327116 
303 289 8 18 0.04323642 
612 697 8 23 0.043199323 
627 618 8 33 0.043166794 
121 360 17 50 0.043119613 
538 642 7 26 0.043095667 
680 677 7 27 0.04292884 
666 608 6 25 0.042855613 
808 146 6 18 0.042837445 
627 751 9 22 0.04258239 
947 853 9 31 0.042581845 
933 606 8 24 0.042471938 
951 607 7 24 0.042396586 
106 556 11 22 0.04216814 
988 1367 5 13 0.042019248 
294 507 16 45 0.041945238 
91 985 7 29 0.04193627 
842 80 6 15 0.04188515 
792 657 10 29 0.04184081 
1009 774 6 20 0.041779794 
546 293 12 31 0.041676242 
831 92 6 16 0.04162194 
198 286 8 20 0.04152924 
914 606 9 24 0.041421775 
392 815 8 36 0.041415945 
552 592 7 23 0.041355982 
786 738 16 40 0.041351173 
801 627 9 27 0.041322548 
1005 681 6 24 0.04130368 
1033 718 13 50 0.041272912 
664 712 8 28 0.04126231 
207 419 16 32 0.041243 
748 198 7 24 0.041203912 
33 306 7 19 0.04111642 
253 505 26 49 0.041082017 
378 518 8 22 0.041081656 
101 419 10 32 0.041065805 
374 650 10 40 0.04101667 
612 679 7 25 0.04099931 
947 659 8 25 0.040838655 
703 790 29 51 0.040802788 
789 147 6 17 0.04079676 
428 931 9 26 0.040744033 
69 389 8 26 0.040695794 
718 237 6 16 0.040610794 
442 1038 13 25 0.040606007 
216 285 8 19 0.040544935 
894 926 11 37 0.04052244 
840 979 9 38 0.040495172 
268 871 9 31 0.04042122 
393 835 8 31 0.040415827 
466 629 8 19 0.040287104 
830 102 7 24 0.04024212 
734 646 7 21 0.04021983 
1005 1077 5 16 0.040208753 
427 1159 7 32 0.04013243 
784 163 8 21 0.04008217 
628 768 8 22 0.03998657 
539 653 8 30 0.039961237 
1009 803 6 23 0.03995739 
535 1046 13 35 0.039884858 
104 467 7 24 0.039868727 
743 1047 12 34 0.03986061 
611 1183 7 23 0.03981404 
245 316 9 27 0.03972206 
1006 1062 5 17 0.0396853 
986 641 6 25 0.0396752 
769 748 13 29 0.039664492 
947 841 8 24 0.039622284 
73 1019 6 23 0.03951405 
986 677 7 28 0.039453264 
376 838 7 27 0.039429728 
974 131 5 14 0.03941072 
642 731 9 27 0.03938721 
1005 695 6 23 0.03934942 
1006 1004 5 19 0.03934652 
373 584 12 32 0.039286103 
776 173 6 22 0.039107382 
720 245 6 20 0.039093085 
749 161 6 20 0.039003953 
969 773 7 19 0.03899817 
929 1138 15 29 0.038966946 
357 1021 8 26 0.0389361 
613 996 11 30 0.038869135 
116 552 13 26 0.03886307 
331 956 15 46 0.038851254 
858 110 7 20 0.038794275 
56 287 8 22 0.038789622 
700 1065 9 29 0.038773645 
986 661 6 25 0.038746763 
282 328 13 37 0.038678754 
802 1090 20 58 0.038671028 
464 640 10 26 0.038667656 
910 459 11 36 0.038665727 
318 302 10 24 0.038631715 
837 920 14 41 0.038599376 
16 198 6 18 0.038597107 
620 949 15 32 0.038527727 
767 1105 9 30 0.038514033 
1024 730 7 28 0.038482 
618 998 18 48 0.038467783 
737 63 5 14 0.03842829 
720 661 7 23 0.038410485 
788 175 7 20 0.03840407 
1025 663 7 28 0.03837184 
593 661 7 24 0.0383676 
57 1017 7 24 0.03834555 
252 269 6 18 0.038338743 
376 532 10 25 0.038276967 
395 733 8 26 0.038272433 
881 145 6 16 0.03825893 
56 392 6 22 0.038232923 
464 1021 9 23 0.038095612 
273 1198 6 25 0.03806479 
754 86 8 20 0.037932683 
1007 1024 5 17 0.037931044 
37 271 5 17 0.037928797 
852 867 13 37 0.03789377 
671 804 108 161 0.037861086 
1005 1112 7 19 0.037737615 
356 426 9 22 0.037721038 
-45 -90 305 526 0.037628494 
180 270 6 18 0.037603103 
949 770 9 22 0.037600596 
901 671 16 41 0.037557796 
822 1037 8 24 0.03755274 
495 984 9 28 0.03751751 
1048 664 18 59 0.03751039 
707 1408 18 38 0.037474222 
538 982 13 33 0.037466012 
197 301 9 24 0.03745206 
378 506 7 17 0.03743997 
80 343 18 50 0.037399735 
929 1130 13 21 0.037345964 
975 138 5 20 0.03721215 
407 957 14 40 0.037177797 
338 339 10 23 0.037168965 
38 1038 6 23 0.037145395 
642 711 9 29 0.03714509 
969 788 8 20 0.03708841 
810 501 6 23 0.037077684 
369 478 11 25 0.03700172 
970 698 7 23 0.036968146 
19 1164 7 21 0.036966022 
237 289 6 18 0.0369291 
116 977 14 47 0.03687087 
374 354 8 19 0.036868088 
15 1396 8 22 0.03685395 
641 751 9 23 0.03685072 
972 1367 5 13 0.036833152 
751 176 6 20 0.036828775 
611 731 8 23 0.036819115 
752 149 6 16 0.03675066 
98 1122 356 485 0.03671262 
103 480 8 24 0.03671102 
376 946 9 25 0.036611177 
106 307 8 18 0.036597114 
91 966 6 25 0.036557492 
55 373 7 25 0.036473177 
516 1058 10 26 0.03641026 
700 235 6 16 0.03637256 
699 779 15 31 0.036360122 
970 718 6 20 0.036357276 
630 606 7 27 0.036354307 
318 331 14 33 0.036218476 
899 911 9 24 0.036084156 
56 272 6 17 0.03604245 
1004 665 6 23 0.03602135 
361 324 7 18 0.036004763 
733 677 8 23 0.035966177 
540 689 8 31 0.035919413 
339 353 12 33 0.035866234 
374 856 8 25 0.035727106 
636 993 16 41 0.03565718 
1036 620 10 36 0.0356551 
438 957 13 35 0.03558604 
538 1005 15 42 0.03558599 
216 300 9 25 0.035580453 
733 626 7 22 0.035480574 
834 452 12 32 0.03547812 
35 320 7 20 0.035427116 
500 1050 11 30 0.035419367 
990 1351 4 14 0.03538593 
215 319 10 29 0.035353296 
685 233 5 16 0.035348784 
829 121 7 21 0.03527078 
550 692 8 28 0.03524866 
791 92 6 16 0.03522607 
715 576 7 22 0.035145022 
251 253 6 17 0.03513368 
101 562 14 32 0.03509508 
1005 627 6 24 0.035066135 
465 1140 8 29 0.035058796 
77 1039 5 21 0.03504896 
569 1052 11 30 0.035037912 
313 521 19 50 0.034999453 
634 977 14 34 0.034983624 
452 1145 6 23 0.03495418 
68 371 10 33 0.034943655 
891 628 12 25 0.034873683 
825 169 6 17 0.034825627 
1003 1411 9 26 0.034753367 
541 670 8 33 0.034721434 
555 475 9 29 0.034715895 
1021 813 8 39 0.03463608 
735 290 5 21 0.034628928 
987 1381 6 19 0.034616623 
842 867 11 33 0.03460716 
104 443 8 27 0.034606308 
360 415 8 18 0.034576003 
1037 830 10 46 0.03451275 
642 768 8 24 0.034491498 
700 224 5 14 0.03442274 
969 735 6 20 0.03439442 
162 310 7 17 0.03433223 
158 332 11 31 0.034298625 
791 123 6 20 0.034221128 
774 148 6 17 0.034151975 
743 765 18 31 0.034137856 
236 299 8 24 0.034118947 
174 322 9 19 0.034049176 
780 1360 16 29 0.034034822 
946 872 9 33 0.034032196 
751 1067 9 30 0.03401943 
234 251 7 19 0.034000915 
733 714 10 24 0.033988506 
566 1008 14 42 0.033904865 
882 129 6 16 0.033904187 
896 607 9 24 0.033843223 
986 1395 7 19 0.03375528 
349 991 14 42 0.033753633 
948 753 9 21 0.033724762 
377 770 8 33 0.033693314 
1012 379 5 19 0.03368377 
338 269 8 19 0.03364349 
612 503 6 17 0.033550274 
76 1058 5 20 0.03352449 
67 287 8 23 0.03348138 
733 235 6 18 0.033463478 
1022 752 7 26 0.033394914 
1005 1366 6 15 0.03337472 
1022 834 7 32 0.033331294 
983 140 6 19 0.03330689 
412 915 8 23 0.033303384 
667 590 7 22 0.03323125 
448 575 6 22 0.033137135 
251 1127 7 31 0.033127356 
985 717 7 21 0.033059638 
233 270 6 17 0.033020545 
394 717 7 25 0.032992616 
33 1000 7 29 0.032982882 
374 346 7 16 0.032972816 
432 576 7 19 0.032936905 
511 905 23 41 0.032871984 
844 305 5 19 0.03282129 
19 1313 5 18 0.032800842 
17 1257 5 18 0.03279745 
53 337 7 21 0.032785807 
1006 1041 5 18 0.032759827 
613 980 11 28 0.03274291 
453 1181 5 24 0.032725345 
737 356 7 27 0.032718483 
556 1071 10 26 0.03267506 
70 58 8 16 0.032674972 
141 976 12 44 0.032618392 
88 498 8 23 0.032598026 
57 1002 6 22 0.032543663 
794 630 6 20 0.032542992 
180 309 7 18 0.03249908 
393 854 9 29 0.032488734 
1003 1131 8 19 0.032479968 
384 981 18 49 0.032474536 
746 209 8 26 0.032404665 
663 729 9 27 0.032263823 
703 574 6 23 0.032243315 
34 290 7 19 0.032241795 
831 430 7 21 0.03223313 
682 166 6 16 0.0322287 
934 625 8 23 0.032220073 
612 752 8 22 0.032213975 
754 645 7 21 0.032188486 
932 856 9 29 0.032172147 
754 65 6 12 0.032124043 
721 220 5 16 0.032073643 
75 450 5 19 0.032021374 
521 1328 6 18 0.032009628 
7 198 5 16 0.031985555 
86 385 12 36 0.031949833 
433 588 7 22 0.031907156 
19 1271 5 21 0.031856306 
354 444 11 30 0.03182164 
283 418 16 35 0.031777117 
19 301 7 23 0.03177696 
626 488 6 16 0.031716753 
559 451 6 18 0.031716593 
737 1065 8 29 0.03170369 
414 1038 9 24 0.031688564 
398 678 7 26 0.031642534 
127 292 7 16 0.031634845 
53 356 7 23 0.031622536 
249 872 10 31 0.031618033 
542 606 6 19 0.031568587 
969 1180 7 27 0.03153794 
285 1012 8 33 0.03152592 
830 447 7 23 0.03150814 
338 994 10 35 0.03149999 
986 696 7 24 0.031482335 
18 290 7 20 0.031450488 
740 177 6 19 0.031414326 
387 1 19 27 0.031405553 
729 1410 15 33 0.03137698 
35 1015 8 27 0.031320702 
629 788 8 20 0.03127851 
1023 624 7 28 0.03126941 
275 1234 5 24 0.031241516 
1049 713 18 61 0.031199358 
751 1293 9 20 0.031190846 
951 127 5 16 0.031189699 
610 1010 11 33 0.031167183 
198 320 9 24 0.031136394 
711 755 17 31 0.031121818 
612 485 6 17 0.030917047 
84 333 12 32 0.030909246 
251 1110 6 29 0.03090476 
1006 1097 6 16 0.030900354 
105 962 9 36 0.030864589 
409 1018 12 30 0.030862624 
535 708 10 33 0.030862559 
322 179 7 16 0.030855548 
592 718 7 20 0.030844271 
837 225 11 26 0.030836597 
411 1143 10 30 0.030780457 
734 701 7 20 0.030733656 
934 592 7 23 0.03068726 
952 592 7 23 0.030592743 
753 660 7 23 0.030521672 
229 756 13 47 0.030463299 
341 524 14 35 0.030454976 
896 462 10 29 0.030436497 
568 1072 10 27 0.030399356 
805 608 7 21 0.030378858 
268 331 11 31 0.030371534 
950 735 8 21 0.030363817 
810 484 6 20 0.030306043 
754 1107 8 25 0.03022043 
757 320 7 24 0.030213233 
931 1397 6 18 0.0302078 
75 484 6 18 0.030203734 
17 213 6 20 0.030188657 
643 788 8 21 0.030183684 
986 789 7 18 0.030165024 
107 500 7 25 0.03014238 
769 91 6 16 0.03010396 
411 337 7 20 0.03004071 
539 873 10 23 0.030019062 
592 1076 9 21 0.02997808 
4 271 5 19 0.029977342 
897 1184 7 21 0.029974883 
352 956 13 38 0.02993023 
734 609 7 22 0.02989589 
677 712 8 28 0.029881343 
748 1305 10 22 0.029878743 
412 811 11 46 0.029876605 
91 1016 6 25 0.029862441 
733 251 6 19 0.029824238 
574 545 6 15 0.029798366 
377 818 8 29 0.029737463 
105 320 10 22 0.029711591 
827 145 6 19 0.029689875 
1007 821 6 24 0.029688912 
122 331 15 41 0.029675191 
452 1162 5 23 0.029621676 
118 540 11 21 0.029619284 
484 589 8 23 0.029562587 
269 1177 7 33 0.029532634 
-227 -164 207 668 0.029514326 
624 501 7 20 0.029496118 
593 680 7 23 0.029469492 
87 320 9 22 0.029465415 
374 1015 11 33 0.029460294 
590 770 8 21 0.029448962 
647 224 5 13 0.029438576 
1006 718 6 20 0.029436871 
756 304 6 23 0.029379418 
145 292 6 16 0.029352453 
361 900 7 19 0.029307619 
549 872 11 27 0.029306427 
915 592 8 23 0.029297067 
1006 1381 6 16 0.029239457 
1024 639 7 28 0.02923847 
451 347 6 15 0.02923836 
272 287 6 19 0.029231653 
182 286 7 19 0.029207336 
987 1182 7 23 0.029203746 
989 1200 6 21 0.029170295 
828 194 7 20 0.029168878 
373 468 10 23 0.029155947 
578 206 5 13 0.029132873 
574 769 8 22 0.029126981 
21 484 7 18 0.02911773 
563 995 13 35 0.029084954 
245 329 11 33 0.02908382 
362 344 7 16 0.029035697 
80 553 18 30 0.028989114 
807 196 8 22 0.028970856 
719 679 7 22 0.02896716 
698 678 8 24 0.028946957 
611 769 8 21 0.02893003 
916 901 6 19 0.02888971 
323 289 8 20 0.028879577 
34 985 7 24 0.02887139 
594 644 6 24 0.028849201 
428 911 9 26 0.028832901 
293 417 15 34 0.028824987 
848 139 6 20 0.028822163 
5 1036 6 24 0.028811693 
481 643 9 23 0.028798059 
540 207 5 11 0.02879552 
881 1166 6 19 0.028793693 
548 962 14 32 0.028771723 
390 604 10 33 0.028769853 
484 628 7 18 0.028728187 
682 783 11 25 0.028720943 
1023 854 6 31 0.028719505 
391 1121 12 34 0.02868232 
123 461 10 28 0.028671958 
446 588 8 24 0.028649446 
845 326 6 21 0.028640326 
67 632 13 42 0.02863366 
708 1065 10 32 0.028631756 
592 1165 7 24 0.028595442 
295 358 22 54 0.02858448 
340 386 9 31 0.028577333 
1006 1347 5 16 0.028556358 
412 1070 11 28 0.0285051 
411 930 9 24 0.02849599 
911 625 10 23 0.028468959 
811 539 5 20 0.028440302 
971 1196 6 24 0.028438654 
1088 769 16 58 0.028434057 
612 624 7 26 0.028414503 
416 1094 19 45 0.02841318 
122 496 10 29 0.028401013 
10 588 234 303 0.028377047 
951 787 8 21 0.028375633 
172 332 12 30 0.028327476 
422 1120 12 33 0.028305737 
341 410 9 24 0.028277123 
645 804 8 22 0.028260566 
447 1018 13 25 0.028228816 
557 463 8 26 0.028226728 
590 787 8 21 0.028178126 
894 1129 7 18 0.028156718 
968 753 7 19 0.028103763 
932 677 9 25 0.02809188 
769 321 9 28 0.028073065 
791 1094 9 23 0.028069116 
751 715 9 23 0.028052133 
769 645 7 23 0.028046552 
373 6 12 18 0.028001362 
872 643 19 31 0.027929455 
378 797 8 33 0.027921831 
843 358 7 22 0.027901126 
195 412 18 31 0.027859174 
947 823 7 23 0.027819846 
1034 763 12 43 0.027815912 
74 1004 5 22 0.027782064 
372 572 11 27 0.027777718 
415 1055 9 22 0.027769348 
737 72 6 14 0.027766021 
853 937 14 46 0.0277579 
896 1149 6 18 0.027753677 
15 1408 12 34 0.027703188 
768 1124 8 27 0.027697224 
808 124 5 19 0.027689809 
373 896 10 23 0.02766864 
56 1111 6 17 0.027662475 
680 771 11 26 0.027641663 
431 161 6 21 0.027593482 
431 698 10 22 0.027588181 
39 1061 5 17 0.02756544 
17 971 8 28 0.027507022 
607 466 9 20 0.027428862 
735 318 7 26 0.027422711 
931 697 9 24 0.027403725 
341 1019 8 22 0.027399663 
450 179 5 18 0.027392568 
585 1011 14 41 0.027387386 
529 941 15 35 0.027365388 
735 338 7 27 0.027338594 
1004 640 6 24 0.027313545 
391 874 10 30 0.027295522 
1023 950 6 24 0.02728908 
374 615 12 44 0.027283467 
344 463 9 25 0.027275123 
285 873 9 28 0.027273353 
490 -25 230 310 0.02718527 
348 537 18 40 0.027168822 
17 1147 6 21 0.02715759 
588 1052 13 33 0.027156966 
912 910 7 24 0.027123028 
359 304 7 22 0.027109813 
549 859 10 24 0.027045615 
590 752 8 21 0.027024532 
374 546 12 30 0.027023567 
951 1399 6 17 0.026996316 
664 165 6 17 0.026970062 
1088 664 14 54 0.026961422 
314 360 17 49 0.026953906 
1192 675 17 73 0.026937056 
214 758 11 41 0.026933784 
539 631 6 18 0.026921846 
408 625 8 25 0.02690988 
592 733 8 21 0.026903063 
388 1008 15 42 0.0268763 
144 778 9 34 0.026845204 
840 956 10 37 0.026815608 
200 274 6 15 0.026790347 
51 658 10 33 0.02678444 
725 63 5 12 0.026784416 
1011 395 4 16 0.026767803 
412 715 9 28 0.026747402 
906 644 11 24 0.026734581 
766 75 7 15 0.026734037 
19 1290 5 20 0.02671924 
245 351 13 34 0.026675548 
3 1015 6 26 0.026652256 
812 466 5 18 0.02663548 
553 713 8 25 0.026615398 
407 995 13 33 0.026585834 
860 91 6 16 0.026585044 
343 477 11 29 0.026546353 
19 417 6 16 0.026546098 
1067 647 15 51 0.026542176 
581 899 28 50 0.026534645 
903 763 15 39 0.026527178 
735 591 7 21 0.026524553 
55 1040 6 21 0.02647511 
557 577 6 20 0.02647106 
856 888 11 32 0.026469031 
429 1175 8 34 0.026463881 
108 542 10 20 0.026460523 
391 930 10 23 0.026449477 
360 857 7 24 0.02644868 
592 699 7 21 0.026445918 
748 1412 12 31 0.026398445 
1035 794 11 46 0.02638835 
375 876 8 25 0.026377348 
926 905 11 41 0.02633557 
87 303 9 23 0.026331298 
534 729 9 32 0.026316155 
606 1109 11 30 0.026310118 
846 1101 22 38 0.026300086 
897 571 7 25 0.026283892 
102 383 14 39 0.026267849 
266 1130 8 34 0.026265658 
20 471 6 17 0.026259774 
985 735 6 21 0.026250413 
117 563 15 32 0.026226087 
768 1410 13 31 0.026208226 
739 1088 7 26 0.02619422 
709 1398 13 27 0.026181258 
651 1003 27 55 0.026176918 
451 629 7 19 0.026128748 
523 1343 6 20 0.026126148 
409 1121 11 32 0.026095329 
432 686 7 18 0.026086852 
1066 680 16 56 0.026084164 
768 659 8 25 0.026069412 
339 325 8 20 0.026067045 
33 501 7 21 0.026057309 
31 1091 8 21 0.026050486 
897 591 7 23 0.026036516 
937 645 7 21 0.026027279 
498 569 8 24 0.026025532 
535 964 13 30 0.026024597 
1003 916 6 18 0.025978582 
876 629 13 22 0.025921471 
485 611 7 19 0.02589023 
1008 758 6 17 0.025887158 
969 804 8 22 0.025875408 
881 1149 6 19 0.025831092 
789 1104 11 33 0.025830228 
409 641 8 26 0.025820138 
589 447 11 23 0.025789918 
286 1218 7 26 0.025785597 
544 594 6 20 0.025777712 
595 1201 7 23 0.025756298 
821 514 7 27 0.025734818 
54 219 6 14 0.025734168 
390 1082 11 32 0.025722843 
932 717 8 23 0.025701808 
894 146 7 16 0.02568352 
17 1005 10 35 0.025671525 
411 891 9 28 0.02565513 
85 282 10 26 0.02560834 
324 254 7 18 0.02558611 
684 1312 5 16 0.025585625 
496 551 9 24 0.025584906 
951 718 7 20 0.02556541 
72 989 7 22 0.025565283 
103 938 10 36 0.025557818 
450 553 7 22 0.025544932 
899 903 7 18 0.025533412 
284 1235 7 26 0.025533179 
832 1099 21 45 0.025528653 
429 1390 7 30 0.025516044 
497 936 18 42 0.02551448 
99 346 17 46 0.025495814 
896 1167 7 19 0.0254749 
548 676 9 28 0.025452396 
486 573 6 23 0.025436556 
377 417 6 15 0.025407935 
641 1069 11 30 0.025406567 
75 268 6 18 0.025361646 
744 1343 15 31 0.02533582 
450 609 7 21 0.025317492 
7 214 5 18 0.025316708 
505 1064 10 32 0.025313672 
1 969 7 28 0.025306124 
38 1258 5 15 0.025299339 
656 1106 10 23 0.02529426 
412 683 7 20 0.025278505 
565 1088 15 37 0.025275437 
1038 602 9 35 0.025263509 
808 96 5 12 0.025253797 
430 413 7 16 0.025234168 
1023 968 6 23 0.025230391 
593 1185 7 21 0.025210643 
285 235 7 17 0.025201606 
789 1253 8 23 0.025178945 
588 839 11 27 0.025148254 
360 399 6 16 0.025147464 
325 269 7 18 0.025144888 
423 969 15 41 0.025141235 
1049 752 19 60 0.025111826 
1192 911 16 70 0.025099507 
344 445 10 27 0.025034044 
468 214 7 21 0.024993028 
412 873 9 29 0.024980789 
70 334 9 25 0.024955483 
267 887 10 31 0.02494645 
732 735 9 22 0.02494426 
949 675 8 25 0.02492079 
340 286 8 21 0.024920333 
844 278 6 13 0.024866968 
270 273 6 16 0.024864353 
524 920 16 36 0.024847638 
463 1123 10 29 0.024825122 
229 509 16 41 0.024811355 
701 1411 12 28 0.024792966 
910 852 12 33 0.024788719 
606 1201 8 24 0.024781574 
481 680 12 25 0.024777995 
485 965 9 26 0.024765076 
754 233 6 19 0.024741987 
18 274 6 17 0.024740506 
449 162 5 20 0.02473304 
413 701 8 21 0.024707146 
1102 493 169 341 0.02468873 
612 1053 11 30 0.024685556 
883 112 5 14 0.024675451 
468 1164 6 24 0.02467016 
248 1090 7 27 0.024661751 
1193 766 16 71 0.024655066 
988 774 6 17 0.024653398 
371 1036 10 29 0.024624785 
318 402 12 35 0.024623955 
1192 605 17 70 0.02461915 
791 676 12 33 0.024616316 
323 168 6 15 0.024614004 
380 960 10 31 0.024605468 
878 608 10 23 0.02460471 
734 1236 9 25 0.024596293 
438 844 21 46 0.024587892 
31 1396 8 24 0.02458433 
1088 715 15 58 0.024578294 
893 290 7 14 0.024577431 
883 290 7 14 0.024563996 
1040 946 8 29 0.024553575 
755 627 6 21 0.024548156 
522 1394 6 21 0.024543721 
627 1090 9 25 0.024534896 
220 254 5 18 0.024498707 
497 955 13 37 0.024489552 
93 948 6 26 0.024483498 
738 151 6 16 0.024479572 
514 789 15 46 0.024473961 
988 805 7 21 0.024462184 
684 201 6 18 0.024446158 
505 103 8 22 0.02444349 
77 467 5 19 0.02438954 
576 662 7 21 0.024389528 
753 700 8 21 0.024388667 
885 788 21 46 0.02438506 
934 840 8 25 0.024370927 
909 443 10 33 0.024365027 
1025 575 6 21 0.024339225 
625 468 8 18 0.024338907 
340 303 9 22 0.02433775 
41 232 5 18 0.02433774 
52 776 246 402 0.02432984 
448 642 9 24 0.024314577 
971 1398 6 17 0.024277769 
396 701 6 23 0.024266336 
1025 558 6 22 0.024225347 
264 351 13 34 0.0242245 
1019 1052 348 493 0.024224296 
161 288 7 18 0.024196407 
792 80 5 13 0.024190947 
950 806 7 20 0.024160743 
271 253 6 17 0.02415891 
355 6 11 18 0.024109924 
895 1115 8 19 0.024100354 
104 927 10 26 0.024090298 
32 1078 7 19 0.024088604 
570 840 11 28 0.0240852 
857 911 10 28 0.02408442 
840 1013 9 35 0.024071308 
592 1090 9 25 0.024062365 
876 878 10 24 0.024059566 
773 124 7 21 0.024055414 
454 199 5 16 0.024033334 
53 232 6 17 0.024020933 
410 769 14 53 0.024013983 
1066 715 17 58 0.02400876 
180 252 6 19 0.02400501 
984 610 7 21 0.02399549 
46 701 17 49 0.023992315 
345 428 9 23 0.023968454 
1193 839 16 70 0.023952788 
28 1407 13 37 0.023927007 
875 755 17 47 0.023901502 
629 805 8 20 0.023878604 
303 873 9 27 0.02387184 
392 917 9 22 0.023862004 
840 182 6 17 0.023857929 
1003 931 7 25 0.023855839 
1040 930 7 26 0.023838306 
466 413 7 21 0.023836823 
503 284 8 22 0.023832781 
448 522 6 16 0.023825955 
101 333 14 33 0.023818558 
574 785 8 24 0.0237831 
678 591 7 25 0.023740996 
935 125 5 17 0.0237349 
891 349 17 40 0.023686988 
881 323 6 20 0.023684522 
459 310 214 266 0.023679933 
785 1346 10 18 0.023668787 
721 202 6 16 0.023666175 
557 1162 9 27 0.023643615 
359 876 8 24 0.02362546 
665 225 5 13 0.023619289 
968 1163 7 21 0.02359681 
19 1241 5 16 0.023596251 
824 217 8 21 0.023577176 
505 94 7 18 0.023574565 
558 417 6 18 0.023525855 
772 107 6 18 0.023488954 
1068 772 15 53 0.023488816 
917 1115 8 19 0.023482371 
1038 585 9 32 0.023475751 
790 1266 12 33 0.023474947 
754 610 6 19 0.023474919 
835 427 9 24 0.023447383 
609 1160 9 30 0.02344057 
747 1327 10 22 0.023434378 
951 699 7 21 0.023421306 
773 196 7 20 0.023418441 
450 148 5 17 0.023404332 
38 254 6 17 0.023395233 
854 974 11 38 0.023387477 
892 338 12 25 0.023368666 
235 1109 5 25 0.023346996 
559 434 6 17 0.023341844 
768 1075 9 25 0.023328932 
321 197 8 22 0.02332261 
808 109 5 17 0.023317048 
375 1123 11 33 0.023312626 
881 555 6 24 0.02330083 
736 575 7 19 0.023300562 
1103 732 16 62 0.023294363 
535 1066 9 26 0.023290306 
844 285 5 16 0.023280265 
777 1376 18 41 0.023257324 
991 1220 4 19 0.023241429 
432 176 5 20 0.023237813 
33 338 7 20 0.023232004 
770 335 10 33 0.02322536 
123 478 10 28 0.02322141 
518 712 12 33 0.023219015 
444 281 8 32 0.023210704 
734 264 6 21 0.023148518 
463 661 10 24 0.02313268 
22 322 7 19 0.023109645 
375 1106 9 29 0.023097567 
734 1249 10 30 0.023072986 
881 572 7 23 0.02306893 
530 817 12 36 0.023044676 
917 877 8 24 0.023021435 
57 611 6 20 0.022993509 
1007 840 6 21 0.022988586 
249 853 11 34 0.022973089 
896 1097 9 22 0.022970274 
29 515 11 23 0.022951785 
483 661 9 23 0.02294436 
432 298 8 29 0.022913912 
38 1274 5 17 0.022896774 
593 1215 6 20 0.022891944 
754 591 7 20 0.022885794 
854 628 14 23 0.022883134 
252 1077 6 21 0.022881512 
723 263 5 21 0.022862555 
211 492 11 35 0.022854673 
470 224 8 25 0.022853097 
81 633 14 40 0.02284367 
1006 1145 6 19 0.022843326 
426 886 12 33 0.022841945 
702 1400 8 21 0.02283631 
1104 680 15 58 0.022824608 
352 566 16 37 0.022811642 
531 896 12 27 0.022797113 
829 305 5 19 0.022797026 
752 680 8 22 0.022793798 
92 166 6 14 0.02279313 
640 1049 14 32 0.022779638 
54 1181 7 21 0.022763928 
158 762 9 34 0.022758648 
68 353 10 31 0.022751119 
719 699 7 21 0.022748224 
166 126 4 15 0.022741405 
341 254 6 19 0.022726249 
526 795 13 38 0.022717377 
21 1078 6 18 0.022714369 
53 413 6 19 0.022706222 
1192 964 16 68 0.022698032 
413 851 10 32 0.02267059 
91 1347 6 15 0.022669792 
604 432 10 20 0.022665888 
497 540 8 16 0.022661187 
1006 949 5 21 0.022656163 
986 755 7 17 0.022647949 
752 735 10 24 0.02263478 
32 445 8 22 0.022634389 
316 492 15 37 0.022629628 
228 344 13 36 0.022626478 
666 500 7 20 0.022625888 
411 1079 16 42 0.02262498 
451 1127 8 24 0.022613594 
704 773 54 115 0.022609403 
192 346 13 35 0.022601774 
18 948 9 31 0.02259017 
17 1180 7 23 0.022587769 
467 611 7 21 0.022580335 
712 1056 10 28 0.022556935 
-2 903 9 43 0.022553122 
697 796 16 35 0.022546025 
544 289 8 22 0.022542043 
645 823 8 21 0.02253244 
620 928 14 30 0.022523135 
1052 845 13 52 0.022514079 
463 682 11 23 0.022504846 
755 336 7 28 0.022497727 
288 1176 8 33 0.02249567 
550 315 10 27 0.0224744 
860 521 8 22 0.022468563 
848 800 22 39 0.022468036 
132 374 19 51 0.02245752 
609 517 8 20 0.022451267 
590 205 5 15 0.022441337 
610 787 8 21 0.022432312 
561 547 5 13 0.02242989 
248 888 10 30 0.022400293 
288 1144 7 33 0.02239974 
951 1413 8 21 0.022380471 
575 679 8 22 0.022374626 
470 1181 5 21 0.02237097 
768 715 10 24 0.022363786 
275 1292 6 20 0.02235838 
725 74 5 12 0.022339001 
1007 988 6 21 0.022331452 
776 791 21 53 0.02232465 
105 1006 10 39 0.022318678 
235 1126 7 28 0.022310536 
880 590 8 23 0.02230393 
531 838 11 31 0.022277199 
645 597 6 20 0.022269256 
893 128 6 17 0.022269143 
245 754 15 52 0.022256216 
120 963 12 36 0.022243615 
897 167 6 15 0.022241127 
575 447 8 19 0.022239791 
276 1248 6 28 0.022238163 
1104 767 15 63 0.022237219 
432 430 6 17 0.022186335 
1007 971 5 18 0.022164825 
74 411 6 21 0.022158219 
40 220 5 14 0.022145268 
645 842 7 20 0.022136593 
1 728 8 34 0.02212901 
879 912 10 28 0.022116775 
787 1330 9 19 0.022114528 
592 825 8 20 0.02211376 
796 611 5 17 0.022113135 
444 1002 14 31 0.022098416 
72 71 7 17 0.022088638 
644 858 8 22 0.022069668 
33 485 6 19 0.022069288 
573 553 6 17 0.022049362 
1025 593 5 20 0.022023533 
664 1312 5 15 0.022016976 
863 325 5 21 0.022010246 
374 16 12 25 0.022000447 
575 754 7 20 0.021995893 
682 802 10 26 0.021987842 
468 574 6 23 0.021981666 
323 874 8 25 0.021978186 
432 402 6 14 0.021971678 
1088 802 16 61 0.021966089 
569 980 12 32 0.021965178 
55 1332 6 14 0.021939116 
0 780 9 36 0.021937788 
842 630 11 22 0.02193594 
575 437 7 17 0.021930424 
391 507 7 19 0.021928223 
505 251 6 18 0.021925772 
342 501 9 22 0.021897795 
609 1074 9 24 0.021894196 
5 1165 5 21 0.021863038 
589 436 9 17 0.021853963 
1006 862 6 21 0.02182195 
521 1162 8 26 0.02181269 
1005 1185 6 21 0.021798767 
930 459 9 33 0.021793662 
1007 737 6 19 0.021775661 
67 604 9 29 0.021772914 
521 125 6 17 0.021737969 
548 658 8 27 0.02172821 
814 1091 19 45 0.021701736 
551 947 11 29 0.021689491 
1052 599 13 40 0.021669855 
719 715 9 24 0.021667935 
477 1142 9 29 0.021662325 
499 1140 11 31 0.021658858 
895 961 9 26 0.021645436 
538 215 6 15 0.021618389 
355 637 12 40 0.021613095 
878 895 10 25 0.021600116 
784 349 12 36 0.021595517 
703 558 5 20 0.02158702 
660 4 10 16 0.021586038 
75 1345 6 16 0.02158247 
288 1197 6 27 0.02157504 
439 978 14 34 0.021559607 
472 1075 16 48 0.021548178 
833 82 5 14 0.02154321 
629 593 7 20 0.02154057 
602 449 11 22 0.021520473 
516 1038 10 26 0.02149181 
1042 893 7 28 0.021488946 
679 574 7 24 0.021484738 
841 196 6 18 0.021484626 
881 305 8 17 0.021473102 
-1 713 8 35 0.02147277 
452 1199 6 25 0.021471336 
678 733 9 25 0.021443248 
845 166 7 18 0.021437382 
614 221 4 13 0.021436242 
2 983 7 29 0.021421373 
791 1235 6 21 0.021420293 
1040 870 8 34 0.021411479 
614 967 11 27 0.02141102 
768 1308 8 18 0.0214012 
360 355 7 20 0.021399558 
389 589 10 26 0.021375695 
1007 613 6 18 0.021357512 
36 1143 7 23 0.021344384 
450 355 7 19 0.021333966 
149 173 1416 2423 0.021330869 
842 411 7 22 0.021322906 
516 1142 11 31 0.021308621 
555 768 9 25 0.021288479 
397 342 6 17 0.021284157 
513 300 10 27 0.021282047 
468 588 7 24 0.021278666 
454 111 5 15 0.021277333 
572 1165 9 27 0.021269219 
1004 1199 7 22 0.021266911 
729 756 13 26 0.021251291 
845 340 6 23 0.02125121 
663 768 9 25 0.021251008 
485 399 6 16 0.021248668 
578 297 9 26 0.021245403 
283 1249 8 28 0.021244854 
1055 927 9 34 0.02123886 
611 1030 11 34 0.02119846 
484 1184 6 19 0.02119833 
429 869 11 32 0.021196889 
504 76 6 16 0.021187857 
469 1203 5 18 0.021169363 
949 892 8 28 0.0211677 
608 825 7 19 0.021167623 
441 1062 13 32 0.021162473 
897 556 7 25 0.021161752 
1087 630 14 52 0.021156108 
305 212 7 19 0.021152543 
548 644 8 24 0.021110328 
881 167 7 15 0.02110689 
679 146 8 19 0.021101806 
768 698 9 23 0.021092482 
643 1291 7 19 0.021090733 
736 371 7 27 0.021062963 
391 1139 12 37 0.021057554 
859 338 7 25 0.021055857 
754 577 7 18 0.021031639 
824 1328 9 17 0.021029994 
770 268 7 19 0.021026516 
936 660 8 22 0.021022351 
701 201 6 18 0.020999402 
55 1315 5 15 0.02097018 
108 288 7 20 0.02096724 
951 573 7 26 0.020966956 
773 1330 7 18 0.020964691 
90 1058 6 22 0.02095463 
736 1291 8 21 0.020954128 
1042 913 7 25 0.020932766 
376 325 7 18 0.020916026 
733 1397 11 24 0.020899959 
360 840 7 26 0.020899765 
717 559 6 20 0.020897262 
75 431 5 20 0.02089394 
321 213 7 20 0.020874204 
193 757 12 41 0.020864198 
717 738 10 24 0.020842167 
413 416 6 15 0.020839373 
92 146 5 16 0.020835865 
377 677 7 31 0.020815361 
118 1005 14 46 0.02081328 
879 78 7 16 0.020805923 
165 270 6 19 0.020801825 
185 147 4 15 0.020800875 
447 685 10 20 0.020794127 
6 1146 6 21 0.020768369 
343 233 6 21 0.02075648 
1023 934 6 22 0.020733444 
683 1328 6 17 0.020729039 
807 250 8 18 0.02072679 
306 1018 7 24 0.020724121 
32 429 7 22 0.020711398 
1214 609 14 59 0.020710107 
446 664 9 23 0.020705562 
716 1233 8 30 0.02068876 
750 755 12 23 0.020685619 
87 269 7 20 0.020682195 
931 752 9 23 0.020655036 
880 180 8 17 0.020648427 
1105 647 14 55 0.020647444 
604 838 10 25 0.020645536 
1005 1224 5 16 0.020637391 
247 499 18 36 0.020629443 
971 593 6 21 0.020615106 
521 1185 6 21 0.02060968 
55 1166 6 19 0.020608373 
231 498 11 29 0.020606821 
789 1077 8 22 0.020606058 
119 521 10 24 0.020598445 
577 214 6 15 0.020594604 
632 222 4 13 0.020593494 
177 424 15 27 0.020591142 
764 782 18 40 0.020586584 
856 353 11 35 0.02057191 
15 922 12 37 0.0205657 
1024 609 6 23 0.020561112 
155 975 10 47 0.0205584 
682 180 7 18 0.020536479 
607 1092 9 24 0.020517817 
483 944 11 32 0.020502435 
451 127 5 16 0.020497512 
55 1095 6 19 0.02049671 
591 806 8 21 0.02049487 
208 344 14 36 0.020470982 
38 415 6 17 0.02046141 
824 227 10 24 0.020458682 
667 574 6 22 0.020456094 
443 926 11 30 0.020448683 
842 373 8 26 0.020446954 
161 750 7 27 0.020436466 
1055 944 10 36 0.020429574 
72 500 7 19 0.0204294 
771 259 6 15 0.020411193 
768 679 9 24 0.020386158 
840 888 12 32 0.020361552 
287 251 6 18 0.020344306 
56 1274 6 17 0.020337818 
1021 987 6 21 0.02033335 
541 270 7 19 0.020321101 
451 534 6 20 0.02029751 
807 595 5 16 0.020297013 
535 1161 9 28 0.020290095 
852 834 15 35 0.020277975 
320 893 11 30 0.02026903 
575 316 9 26 0.020229563 
496 708 231 325 0.020227443 
735 1026 7 18 0.020204205 
373 990 13 41 0.020194577 
20 1065 5 15 0.020179177 
390 890 11 28 0.020166 
662 786 9 23 0.0201515 
120 433 14 40 0.02013512 
699 696 7 23 0.02013009 
931 734 9 23 0.020128362 
108 520 9 25 0.020126704 
237 1091 7 26 0.020119581 
1055 889 10 39 0.020098329 
523 856 9 23 0.020095764 
839 1034 8 28 0.020078821 
756 253 6 17 0.02005332 
53 643 8 24 0.02004348 
253 1140 7 34 0.020041438 
771 64 5 12 0.020040177 
432 147 6 18 0.020038705 
702 246 6 20 0.020028431 
820 495 8 29 0.020025125 
812 450 5 17 0.020003546 
861 166 6 15 0.019993652 
489 552 7 22 0.019991545 
989 1040 6 19 0.01995402 
275 1276 5 20 0.01995278 
516 981 11 29 0.019937232 
428 711 13 32 0.019924484 
845 520 7 21 0.019916214 
611 233 6 19 0.019911561 
896 111 5 15 0.019905992 
757 284 6 22 0.019888123 
890 1413 11 26 0.019878767 
990 -49 264 312 0.019874483 
467 400 6 14 0.019871874 
878 466 9 22 0.019870695 
532 475 10 30 0.019864785 
288 275 6 15 0.01985316 
780 1409 13 32 0.01980857 
664 558 6 19 0.019801034 
17 398 5 18 0.019795826 
857 448 8 21 0.019792942 
502 611 7 19 0.019752292 
917 1398 6 16 0.019742703 
1214 680 14 61 0.019742517 
951 143 6 19 0.019740459 
265 962 11 41 0.019730726 
1024 1006 6 19 0.019723896 
902 791 18 42 0.01971889 
76 1331 5 14 0.019710723 
483 213 8 20 0.019684311 
516 998 11 30 0.019677304 
772 612 6 17 0.019672496 
1214 642 14 62 0.019669563 
929 1414 8 23 0.019635295 
844 537 6 20 0.01961106 
301 1055 10 27 0.019598821 
1041 964 8 30 0.019571446 
610 808 7 19 0.019564 
896 879 8 23 0.019557627 
154 347 13 36 0.019556284 
896 181 8 18 0.019549709 
808 559 6 18 0.019549534 
769 1294 7 17 0.019545287 
287 1133 7 26 0.019538729 
539 548 5 11 0.019536609 
518 1313 6 19 0.019510789 
7 1062 5 19 0.019504735 
90 1329 6 17 0.019498322 
285 890 9 29 0.019482246 
433 505 6 15 0.01948061 
502 1164 8 24 0.019475179 
770 281 7 23 0.019471018 
933 819 10 27 0.019469231 
21 253 5 17 0.019468978 
967 858 6 23 0.019454686 
1214 771 14 60 0.019436322 
676 4 9 17 0.019431999 
587 977 13 31 0.01942911 
463 1006 10 24 0.019421441 
1006 1332 5 14 0.019419149 
286 1027 9 34 0.019395065 
841 843 10 26 0.019379146 
825 539 6 21 0.019355685 
454 215 5 19 0.019351695 
54 1062 6 18 0.019349637 
19 1038 7 22 0.019338295 
78 539 18 29 0.01931868 
790 1308 8 20 0.01931821 
500 590 8 21 0.019314678 
392 1098 13 37 0.019311134 
55 627 7 21 0.01929435 
35 1128 8 26 0.019275878 
752 125 7 20 0.019260993 
515 318 10 26 0.0192584 
14 818 11 39 0.019221086 
591 216 6 16 0.019200528 
140 958 13 38 0.019195843 
679 124 9 23 0.019190798 
870 792 20 43 0.019173607 
590 460 11 26 0.019158898 
702 1344 7 20 0.019152077 
968 841 6 21 0.019147854 
411 664 7 23 0.019108953 
1214 806 14 60 0.019100942 
552 839 12 28 0.019096863 
1214 734 14 61 0.019069212 
539 247 7 20 0.0190639 
861 77 7 18 0.019058272 
662 751 9 23 0.019039195 
218 233 6 19 0.019017663 
389 534 8 21 0.018990628 
17 733 8 25 0.01898799 
770 629 7 19 0.018976757 
524 1363 5 19 0.01896003 
117 395 18 45 0.018955877 
897 188 9 23 0.018947255 
75 219 6 15 0.018946368 
510 1328 5 17 0.018946018 
515 107 8 20 0.01893981 
22 1329 5 16 0.018931476 
931 426 8 26 0.018928856 
1025 540 5 21 0.018914696 
721 165 6 15 0.018912196 
919 1127 8 18 0.018900298 
828 277 5 13 0.01889305 
556 753 8 22 0.018888934 
430 664 8 22 0.018872641 
595 887 25 49 0.018826874 
48 670 15 49 0.018822735 
35 1166 6 19 0.01879539 
1069 808 15 52 0.018791704 
392 469 7 17 0.018789435 
838 247 10 23 0.018782742 
18 1202 6 21 0.018776637 
413 576 7 18 0.018776303 
235 234 6 18 0.018768322 
306 273 6 16 0.018767152 
965 1414 9 20 0.018751523 
108 270 6 17 0.018746553 
303 1124 9 32 0.01872977 
438 822 54 108 0.018722009 
538 318 10 26 0.018717252 
467 1235 6 22 0.018712103 
1065 617 15 44 0.018711105 
39 714 8 26 0.018682469 
511 1313 5 17 0.018668052 
820 871 13 32 0.018657545 
21 499 8 21 0.01865258 
37 359 7 20 0.018642496 
90 1039 6 23 0.01863934 
897 446 10 25 0.01862862 
20 234 5 19 0.018614521 
70 965 7 28 0.018612357 
804 358 10 27 0.0186118 
752 356 8 26 0.01860621 
268 993 11 41 0.018581698 
470 200 6 16 0.018581444 
647 229 7 19 0.01857704 
971 1380 6 18 0.018566284 
772 1346 7 18 0.018565176 
321 234 6 20 0.018562663 
969 823 7 21 0.018545141 
753 772 48 103 0.018544922 
54 253 7 18 0.018538695 
174 349 12 32 0.018533604 
162 107 5 16 0.018510027 
442 1390 11 38 0.018497651 
929 386 11 35 0.018472183 
177 761 11 36 0.018470498 
570 463 10 27 0.018469768 
669 487 6 18 0.018464787 
219 390 56 108 0.018458925 
322 1018 8 23 0.018428218 
823 1021 8 27 0.018423412 
225 421 17 35 0.018419873 
38 1182 6 20 0.018416498 
5 1182 6 22 0.018402806 
581 929 20 46 0.01840026 
413 556 7 19 0.018392585 
446 245 7 26 0.0183913 
1005 1167 6 19 0.018387849 
139 1008 13 46 0.018383982 
842 635 97 150 0.018382557 
310 1077 16 48 0.018355882 
877 353 11 33 0.018350333 
771 305 7 25 0.018347269 
56 1077 7 21 0.01834629 
18 720 8 22 0.018321985 
124 1328 9 22 0.018304443 
1023 1024 6 18 0.018301843 
572 892 15 32 0.01830137 
376 428 8 17 0.018300865 
398 400 5 14 0.018296912 
55 502 6 18 0.018295204 
356 38 9 20 0.018292364 
596 915 22 44 0.018291933 
560 556 5 15 0.018286837 
871 830 16 36 0.018279493 
379 403 5 13 0.018260876 
830 417 7 19 0.018260697 
10 834 11 36 0.018252527 
792 195 7 20 0.018236555 
392 483 8 19 0.018232316 
22 1091 7 20 0.018221058 
881 341 8 22 0.018211225 
390 517 8 20 0.018207107 
520 343 8 19 0.018206518 
55 429 6 19 0.018196933 
735 1341 14 31 0.01818249 
521 697 8 26 0.018180503 
269 1026 10 37 0.018177753 
35 1377 7 21 0.01816608 
278 536 21 44 0.018163249 
749 101 8 24 0.018155007 
1049 803 17 59 0.01815241 
490 539 7 15 0.018149491 
471 184 5 16 0.018147444 
1010 410 4 17 0.018145038 
486 203 7 14 0.018135102 
53 1128 7 23 0.018107798 
450 842 27 53 0.018095782 
664 520 6 17 0.018084925 
986 1413 8 22 0.018083856 
35 681 8 24 0.018066745 
880 1129 8 19 0.018052453 
889 726 14 40 0.018050728 
844 387 9 28 0.01803504 
432 558 6 18 0.018031957 
1 945 7 33 0.018026615 
429 847 13 38 0.01801849 
37 664 6 19 0.018012665 
414 1156 9 32 0.018012641 
413 401 6 13 0.017998395 
39 400 6 17 0.017997338 
808 436 5 17 0.017994922 
1010 360 5 19 0.017971728 
429 1407 10 35 0.017962374 
538 232 7 19 0.017961618 
606 942 12 31 0.017958486 
479 -11 157 137 0.01795774 
519 879 9 21 0.017954132 
535 1343 7 20 0.017941551 
584 960 14 34 0.017938552 
58 486 5 16 0.0179081 
445 299 9 28 0.017905131 
737 88 7 21 0.017895125 
231 907 11 32 0.017894326 
483 74 7 17 0.01789235 
514 1018 11 28 0.017874025 
519 273 7 18 0.017872242 
595 481 7 20 0.017870704 
1143 701 13 54 0.01784776 
1023 897 6 21 0.017833648 
608 72 7 21 0.017813072 
626 1183 6 24 0.017809575 
465 967 9 23 0.017809018 
698 167 6 15 0.017800715 
317 1115 15 49 0.017795304 
426 1019 13 27 0.017790293 
20 429 7 19 0.017766738 
569 939 16 37 0.017761955 
1007 879 6 19 0.017761737 
858 611 10 20 0.01774987 
831 284 5 16 0.017747302 
88 1409 9 30 0.017718574 
37 1331 5 14 0.017718373 
433 345 6 17 0.01771471 
87 1390 8 28 0.017711371 
987 1167 5 17 0.017708449 
1192 1016 17 71 0.017697249 
395 1058 7 21 0.01769616 
575 698 8 21 0.017695913 
773 213 7 21 0.017684322 
502 627 8 18 0.017681075 
720 183 6 15 0.017679095 
700 1235 7 27 0.017676178 
340 180 6 16 0.017670251 
247 176 8 18 0.017665453 
576 735 7 20 0.017661117 
682 71 6 18 0.01764221 
212 508 12 39 0.017637068 
647 488 6 15 0.01763606 
503 1187 6 18 0.01762708 
587 829 111 160 0.017614163 
935 573 7 26 0.01760796 
308 181 6 14 0.017604603 
498 1116 14 41 0.01759691 
21 341 7 18 0.017590782 
790 273 6 15 0.017590012 
0 824 9 32 0.017589025 
196 734 9 28 0.01758413 
556 733 7 23 0.017568676 
880 538 6 22 0.017568024 
806 82 6 12 0.017552348 
557 206 5 12 0.0175521 
469 1270 6 22 0.01755187 
736 1306 8 20 0.01754198 
603 1131 13 43 0.017527752 
463 1077 16 44 0.017527604 
621 893 14 31 0.017526265 
479 227 8 23 0.017503176 
878 924 12 37 0.01750266 
662 146 7 20 0.01748893 
861 287 6 15 0.017483752 
412 430 6 16 0.017478446 
288 217 7 17 0.01747301 
755 557 6 18 0.017471028 
897 1198 7 20 0.017464122 
629 824 7 19 0.017458819 
794 736 22 47 0.01744769 
882 94 6 13 0.017447501 
926 1117 11 20 0.017447108 
450 1234 7 29 0.017445754 
432 607 7 22 0.017443255 
555 1090 12 31 0.017410299 
628 1200 7 23 0.017408535 
441 882 17 39 0.017392714 
306 254 6 17 0.017391726 
572 826 9 21 0.01738322 
639 945 12 30 0.017381463 
719 802 25 52 0.017380727 
463 1101 13 37 0.017373784 
701 1362 8 20 0.017372718 
906 747 12 32 0.017368581 
1023 877 6 25 0.01735641 
118 579 15 36 0.017355908 
640 1010 18 39 0.017355828 
450 326 6 19 0.017348954 
569 872 13 29 0.01734065 
892 1397 7 17 0.017337393 
1214 572 15 59 0.017337246 
88 1313 7 18 0.017336188 
647 471 6 16 0.017324772 
481 1165 7 24 0.017321508 
699 182 6 17 0.017311383 
86 1092 8 25 0.01729888 
989 166 6 15 0.017297665 
694 878 16 36 0.017295703 
515 1077 12 39 0.017280957 
661 804 8 22 0.017280884 
445 265 8 31 0.01726689 
573 415 7 19 0.017265901 
874 854 11 29 0.017262546 
711 1083 10 34 0.017251726 
20 363 5 17 0.017244928 
555 495 8 25 0.01723759 
56 986 6 22 0.017233342 
932 806 9 23 0.017231194 
989 1024 5 16 0.017230032 
467 243 8 25 0.017226415 
295 433 16 35 0.017194735 
54 1346 6 16 0.017189737 
230 888 11 31 0.017187458 
36 375 6 20 0.017173117 
157 959 10 39 0.017141068 
268 1413 10 24 0.017140545 
306 200 6 17 0.017115453 
541 556 6 16 0.017112764 
358 20 9 19 0.017111452 
684 245 7 21 0.017107444 
538 415 6 20 0.017103601 
366 1048 14 39 0.017094249 
573 1206 7 18 0.017091198 
628 860 8 21 0.017080562 
252 215 8 20 0.017069677 
572 476 9 27 0.017066717 
358 375 8 22 0.01706475 
716 1293 8 21 0.017064646 
680 106 8 21 0.01706383 
1039 553 7 29 0.017039837 
15 782 12 35 0.01703939 
435 520 6 15 0.017014315 
1023 521 5 20 0.017012928 
853 1010 11 39 0.0170124 
879 1224 6 15 0.017012233 
554 271 7 19 0.01700996 
681 753 8 24 0.016997647 
551 338 11 25 0.016994199 
21 1221 5 18 0.016974073 
943 1136 12 18 0.016974056 
20 449 7 20 0.016965719 
305 1036 8 24 0.01695892 
882 278 7 14 0.016942712 
483 410 8 21 0.016938392 
532 749 10 31 0.016935851 
824 473 9 32 0.016935024 
466 348 6 14 0.01693259 
699 715 8 25 0.016920323 
861 276 6 13 0.016917197 
248 910 9 28 0.016895022 
682 91 6 18 0.016890643 
931 767 10 25 0.016886337 
536 430 8 21 0.016882671 
53 1195 8 27 0.016869983 
303 950 98 178 0.016867686 
397 418 6 14 0.016864864 
153 421 18 37 0.016848877 
444 1108 11 27 0.016848492 
1006 900 5 17 0.016844628 
105 1411 9 28 0.016843205 
241 350 139 180 0.016839558 
468 1219 5 19 0.0168324 
1124 735 13 56 0.016821736 
377 753 8 29 0.016818937 
1023 1043 5 18 0.016814364 
95 932 6 21 0.01681185 
617 1155 364 423 0.016809754 
915 572 7 26 0.016809698 
645 1117 13 37 0.016804552 
410 610 7 22 0.016787859 
716 1249 9 29 0.016783303 
179 733 9 28 0.016772376 
56 471 5 16 0.016767228 
385 596 184 240 0.016762339 
462 815 116 173 0.016753996 
523 1224 5 17 0.016744822 
821 1053 11 29 0.016724916 
70 557 15 24 0.016716236 
93 1362 6 17 0.016704876 
556 1139 10 32 0.016688842 
1215 844 12 57 0.01668321 
1143 665 13 54 0.016681012 
810 1042 7 20 0.016674701 
410 325 7 23 0.016670965 
522 400 6 16 0.01666668 
535 1395 7 21 0.016661383 
989 1058 6 18 0.016653987 
503 273 7 20 0.016642144 
15 45 10 32 0.016637009 
586 290 8 19 0.016632784 
11 868 16 47 0.01662165 
471 69 6 20 0.016614541 
192 368 14 33 0.016563559 
1025 918 5 17 0.016561944 
537 340 9 23 0.01656084 
308 234 6 18 0.016553106 
37 1293 5 17 0.016550235 
502 1082 11 33 0.016550135 
593 628 7 22 0.016547196 
799 368 12 37 0.016540628 
37 1346 5 16 0.01653517 
69 584 10 28 0.016528301 
316 461 16 34 0.016525082 
200 234 7 23 0.016524155 
1041 984 8 27 0.01652376 
303 890 11 31 0.016522232 
861 209 8 21 0.016518028 
758 269 6 19 0.016511535 
805 1079 10 27 0.016505769 
12 856 12 33 0.01650504 
15 1128 7 24 0.01650388 
877 477 11 29 0.016489668 
623 1106 11 29 0.016466685 
445 696 14 27 0.016462345 
794 542 5 17 0.016460115 
502 346 7 16 0.0164589 
838 464 13 40 0.016455755 
591 394 11 23 0.016449448 
966 1149 8 17 0.01644048 
821 908 13 35 0.016430844 
200 251 6 20 0.016406117 
376 448 10 23 0.016398432 
427 997 12 29 0.016395742 
626 572 8 19 0.016387831 
201 146 5 14 0.016374901 
700 756 10 25 0.016371965 
277 479 17 37 0.016356079 
523 360 7 18 0.016352786 
82 578 13 34 0.016296841 
603 405 12 27 0.016282571 
341 896 8 23 0.016279005 
109 1345 6 16 0.01627553 
988 899 6 17 0.016271818 
2 1392 7 24 0.016264014 
624 876 11 24 0.016254092 
468 110 5 15 0.016237348 
661 858 9 24 0.01623015 
228 868 13 34 0.016228164 
134 703 151 195 0.01622159 
336 544 15 36 0.016218241 
857 408 10 27 0.016215563 
200 168 5 14 0.016200978 
226 457 133 186 0.01619225 
341 876 8 24 0.01618978 
389 552 10 23 0.016188262 
400 1 21 27 0.016187046 
126 274 6 16 0.016177755 
1124 665 13 53 0.016171819 
862 534 7 23 0.016170636 
430 643 8 23 0.016162885 
550 890 12 29 0.016160838 
37 1312 5 17 0.016153064 
19 702 8 22 0.016140653 
137 569 15 28 0.01613101 
659 1125 11 27 0.01612945 
575 649 7 19 0.016125908 
34 470 6 17 0.016123503 
1214 916 13 55 0.016121304 
861 181 7 16 0.016117197 
5 1240 5 18 0.016111542 
1142 790 13 54 0.016104486 
251 234 7 19 0.016102193 
747 1024 10 21 0.016101794 
343 218 5 16 0.016098546 
699 1081 12 34 0.01609348 
934 143 6 18 0.016089395 
-20 723 13 52 0.016055666 
611 1397 7 24 0.01604848 
223 790 18 52 0.016043866 
249 1413 9 25 0.01603977 
989 822 7 22 0.016028328 
219 217 5 17 0.016027043 
513 730 15 35 0.016016329 
392 1037 9 26 0.016015286 
950 111 5 13 0.016013663 
685 875 40 87 0.016009802 
660 821 9 23 0.016006496 
577 232 7 18 0.016005326 
375 28 12 29 0.015996134 
794 503 5 18 0.015991956 
702 1309 6 18 0.01599107 
477 427 237 343 0.015978722 
506 232 6 18 0.015967293 
676 15 10 21 0.015962454 
792 717 11 28 0.015960552 
4 257 5 17 0.015959166 
824 855 12 28 0.015956644 
302 1160 11 36 0.015955236 
662 1061 14 36 0.015939994 
317 438 16 36 0.015931027 
522 1205 6 17 0.015929129 
396 359 6 17 0.0159214 
788 1222 7 22 0.015915247 
521 1236 6 20 0.015913842 
208 794 16 47 0.015897674 
171 435 18 36 0.015892603 
283 946 12 33 0.01588704 
465 556 6 19 0.015886402 
659 124 9 22 0.015873225 
411 1387 10 32 0.015861057 
88 1077 7 24 0.015846074 
55 1258 6 17 0.015843682 
56 1294 6 16 0.015837377 
281 364 18 41 0.015833616 
629 842 8 20 0.01583206 
431 628 7 20 0.015831625 
559 519 7 19 0.015830258 
35 969 6 23 0.015823694 
470 1253 6 24 0.015817167 
1213 970 13 52 0.015816847 
576 717 7 21 0.01580737 
592 233 6 20 0.015799457 
1017 1412 9 27 0.015790816 
875 1095 11 25 0.015787864 
595 543 6 16 0.01577235 
392 574 9 22 0.015769886 
665 180 6 19 0.015765356 
771 595 6 15 0.015759325 
535 1329 7 20 0.015751245 
607 540 7 18 0.015749827 
682 1346 7 20 0.015747964 
293 532 22 50 0.015746458 
374 1140 14 39 0.015736984 
667 469 6 18 0.01572479 
465 285 9 24 0.015724234 
501 401 6 17 0.015708411 
660 839 10 24 0.015700325 
11 893 18 51 0.015700223 
912 168 7 15 0.01569615 
608 1409 11 31 0.015695058 
665 1327 6 16 0.01567914 
1143 737 12 53 0.015672695 
642 894 9 22 0.01566379 
235 164 7 15 0.01565518 
913 1098 8 20 0.015648643 
771 232 8 21 0.015645208 
38 1197 7 23 0.015644252 
801 -56 297 417 0.015639933 
881 977 9 28 0.015634518 
1215 880 12 55 0.015604882 
73 1078 7 22 0.015600356 
788 1122 11 32 0.015588658 
267 947 9 31 0.015585015 
519 835 10 31 0.015584035 
902 362 17 46 0.015583932 
751 371 9 28 0.015582324 
1124 700 13 55 0.015579689 
5 1126 6 24 0.015566035 
504 299 11 26 0.015559533 
881 1185 6 17 0.015533187 
16 770 10 28 0.015532708 
624 515 9 22 0.015528363 
878 452 8 19 0.015528348 
648 506 6 17 0.015527124 
233 482 9 28 0.015504441 
379 700 7 25 0.015497113 
1103 801 17 65 0.015492377 
88 252 7 18 0.015492248 
88 178 7 19 0.015483711 
280 962 15 44 0.015469559 
0 801 9 33 0.015463734 
344 1037 7 21 0.0154630095 
465 359 7 17 0.015462703 
1124 770 13 58 0.015437318 
319 908 12 33 0.01542771 
573 806 8 22 0.015425305 
950 1379 7 18 0.015420571 
432 323 6 21 0.015401352 
855 1075 12 30 0.015394703 
666 1348 6 17 0.015392778 
343 918 8 20 0.015379401 
151 364 15 39 0.015375329 
233 215 6 18 0.015372832 
35 1111 6 19 0.01536916 
551 911 12 29 0.015360645 
267 1114 7 27 0.015358044 
1006 1256 6 16 0.015357767 
573 1181 9 26 0.015351945 
75 1315 6 15 0.015348989 
302 948 13 37 0.015335273 
605 858 11 27 0.01532377 
820 1077 12 31 0.015320447 
552 928 12 28 0.015309603 
914 1415 8 22 0.015302495 
999 183 10 16 0.015300269 
1191 462 17 68 0.01529766 
0 1411 7 26 0.015294731 
107 147 6 16 0.015292217 
503 1398 6 23 0.015286733 
125 782 10 31 0.015276658 
734 1269 9 24 0.015270061 
648 165 5 17 0.015249768 
502 643 8 22 0.015244827 
774 842 22 44 0.015238544 
532 1411 11 28 0.015228108 
303 1144 9 34 0.015228093 
680 501 7 19 0.015212104 
139 939 13 33 0.015211989 
535 1361 8 20 0.015209284 
614 206 5 14 0.015187181 
838 3 17 20 0.015185198 
736 1328 10 21 0.0151825305 
236 177 7 18 0.015169889 
354 1101 12 31 0.015164731 
499 52 8 21 0.015150366 
465 945 9 27 0.0151478555 
573 607 7 20 0.015147699 
84 601 12 35 0.015144483 
661 927 11 28 0.015125926 
700 1329 6 17 0.015124306 
521 142 6 18 0.0151203275 
499 528 7 14 0.015119612 
591 246 6 22 0.015118454 
804 1413 11 28 0.01511675 
501 319 11 24 0.015113656 
895 1220 7 16 0.0151076885 
35 1364 6 19 0.015097998 
1214 538 14 55 0.015084979 
880 959 10 33 0.015078088 
318 929 14 34 0.015076763 
682 560 6 20 0.015067291 
808 575 6 17 0.015063413 
89 1376 8 25 0.0150434915 
664 234 6 16 0.01504227 
737 559 6 19 0.015040523 
478 693 15 31 0.015032529 
252 1400 6 18 0.015030257 
1212 1040 14 54 0.015029608 
489 1203 5 17 0.015029114 
680 817 11 29 0.015026692 
794 520 6 19 0.015025331 
571 592 7 21 0.015013027 
543 577 6 17 0.015009545 
74 256 6 16 0.015006697 
838 -23 186 130 0.015004996 
713 1343 9 23 0.01499 
524 414 6 17 0.014984849 
214 734 9 29 0.014982435 
262 476 19 38 0.014982041 
721 501 6 19 0.014973282 
699 737 9 23 0.01496382 
1213 1006 13 52 0.0149635095 
1191 1068 18 75 0.0149182575 
1192 550 17 68 0.014913599 
701 540 6 19 0.014907317 
266 391 12 27 0.014895233 
551 626 7 22 0.014895031 
583 853 15 33 0.014886141 
893 851 14 32 0.014885527 
303 984 12 40 0.014884464 
1214 413 13 55 0.014884016 
501 213 6 16 0.014862247 
467 125 5 17 0.014858798 
775 1236 6 20 0.014849741 
180 941 10 30 0.01484942 
968 877 7 23 0.014847398 
241 515 25 51 0.014842913 
451 1217 7 28 0.014826751 
565 1112 15 40 0.014825569 
595 556 6 17 0.014810525 
593 363 8 18 0.014808 
3 183 5 15 0.014807514 
1177 605 17 69 0.014806511 
663 912 10 27 0.014782651 
108 1391 7 27 0.014781213 
990 1079 6 15 0.014778936 
988 1007 6 18 0.01477634 
465 988 9 23 0.014773313 
1178 677 16 68 0.014772814 
377 1085 9 29 0.014766888 
17 661 6 22 0.014763571 
461 754 103 125 0.01476016 
794 486 5 17 0.014759453 
818 -15 57 100 0.014754032 
483 90 6 17 0.0147379665 
643 6 9 15 0.014735161 
575 523 6 17 0.014731729 
719 1270 7 23 0.014730718 
554 783 10 28 0.014725292 
1057 604 119 214 0.014715348 
644 876 8 21 0.014710164 
791 282 6 22 0.014704761 
556 361 9 20 0.014698757 
896 1072 10 30 0.014687318 
895 323 9 20 0.014683165 
192 393 16 31 0.014676185 
239 420 21 38 0.014663819 
11 21 15 44 0.01465886 
432 127 6 19 0.014657277 
156 794 13 39 0.014655016 
539 400 6 18 0.014653097 
889 830 17 37 0.014640791 
531 764 12 36 0.014639505 
69 520 11 21 0.014626993 
430 1194 7 39 0.014622951 
1212 1076 14 54 0.014622132 
913 921 10 36 0.014614201 
426 1378 9 28 0.014600069 
666 203 5 17 0.014599471 
553 823 10 26 0.014595301 
142 798 10 32 0.0145907635 
485 54 8 19 0.014576687 
912 1072 9 28 0.014575571 
522 523 7 17 0.014573365 
718 539 6 20 0.014572859 
844 612 8 19 0.014572674 
852 641 20 30 0.014568526 
515 290 8 21 0.014557822 
398 323 7 22 0.014557322 
92 216 7 16 0.014550684 
891 304 9 18 0.014539693 
672 1066 12 32 0.014530794 
537 361 7 18 0.0145234605 
449 382 6 14 0.014514891 
523 555 6 16 0.014510466 
590 269 7 19 0.014508488 
589 1135 11 35 0.014506374 
251 403 61 116 0.014495813 
829 322 5 23 0.014494302 
73 1363 7 18 0.014480603 
1008 595 5 17 0.014480494 
810 275 5 13 0.014479539 
641 930 11 28 0.014479473 
467 145 6 17 0.014475051 
56 449 6 19 0.014472616 
1019 1396 6 20 0.014465686 
165 253 6 17 0.014461139 
659 107 8 20 0.0144595215 
175 369 13 30 0.014449122 
1101 -14 143 141 0.014441458 
990 913 6 18 0.014437745 
375 379 7 17 0.014436057 
735 21 7 18 0.014429721 
464 540 5 16 0.014422453 
880 192 8 19 0.0144139165 
701 1291 7 20 0.014411585 
162 862 12 21 0.014409054 
147 751 7 29 0.014408159 
148 107 5 15 0.014406318 
680 1112 7 18 0.014396639 
806 1329 8 19 0.014390726 
48 903 12 35 0.014387658 
640 910 11 26 0.014377436 
342 166 5 16 0.014372729 
507 123 6 17 0.014372721 
210 452 13 36 0.014362524 
476 1116 13 39 0.014351661 
894 488 11 32 0.014337131 
409 1411 10 31 0.014326657 
93 1219 7 19 0.01431652 
575 1217 7 19 0.014311285 
950 166 6 17 0.0143074915 
412 590 7 20 0.014302705 
1143 629 13 53 0.0142975785 
677 1088 11 25 0.014293887 
521 250 7 18 0.014293472 
465 4 10 17 0.01428689 
613 610 7 22 0.014283505 
396 431 6 16 0.014282189 
919 1146 9 21 0.014279028 
33 948 8 27 0.014273613 
520 577 6 16 0.0142719215 
133 431 19 44 0.014236947 
50 1412 9 29 0.014222579 
124 1342 8 20 0.0142212035 
828 361 7 20 0.014208375 
950 909 8 29 0.014195823 
770 1389 13 29 0.01419346 
946 407 9 26 0.014190618 
664 541 6 17 0.014175832 
989 1096 7 16 0.014171061 
679 894 14 36 0.0141580505 
19 376 6 19 0.014157405 
807 1343 8 17 0.014154336 
92 129 6 15 0.01415407 
802 885 13 34 0.014141806 
844 593 8 20 0.014141242 
573 338 10 24 0.014138962 
918 126 5 16 0.014130915 
909 426 10 29 0.01411232 
1068 843 15 54 0.014110634 
340 199 6 17 0.014106762 
434 360 6 16 0.01409581 
505 1203 5 18 0.014086841 
487 361 6 15 0.014079034 
1214 377 14 55 0.014073786 
1214 468 13 52 0.014072369 
755 539 6 19 0.014063205 
146 273 6 17 0.014061658 
664 67 7 25 0.014051276 
1168 549 40 159 0.014045226 
701 1275 7 20 0.014043634 
287 1270 6 22 0.01404302 
516 93 9 21 0.014028232 
138 584 13 30 0.014020756 
982 132 6 15 0.014018264 
86 518 11 25 0.014011187 
76 1093 7 22 0.014009647 
136 553 14 25 0.0139966365 
429 195 6 21 0.013988728 
749 1252 9 26 0.013977093 
832 8 23 37 0.013967743 
735 1112 7 19 0.013965569 
281 1414 10 25 0.013960759 
825 251 8 19 0.013945372 
469 383 6 15 0.0139405625 
828 390 7 24 0.01393634 
486 246 7 22 0.013926279 
1009 344 5 20 0.013919875 
624 450 9 20 0.013909316 
648 519 6 18 0.013901326 
68 538 17 26 0.01387728 
985 593 7 19 0.0138682 
663 896 9 24 0.013868056 
269 910 9 28 0.013866518 
523 1382 7 19 0.013865129 
434 382 5 15 0.013857717 
68 1411 10 29 0.01384603 
55 1147 6 21 0.013844548 
679 934 16 41 0.013842906 
608 -66 248 321 0.01383269 
37 699 8 27 0.013830512 
914 964 9 23 0.01381406 
301 478 16 35 0.013798804 
318 1057 10 22 0.013791356 
664 1294 6 18 0.013755279 
67 668 16 46 0.013755086 
720 518 6 19 0.013753959 
72 1185 7 20 0.013745061 
627 1397 7 19 0.013736377 
1023 1060 5 18 0.013733755 
252 1159 8 34 0.0137324175 
754 229 200 352 0.013732101 
1142 825 14 56 0.013728491 
990 1114 7 18 0.013727064 
950 555 7 28 0.01371974 
520 1293 7 20 0.0137175135 
663 49 8 28 0.013707349 
912 488 10 31 0.013707252 
610 560 7 16 0.013704759 
356 -21 185 138 0.013693715 
797 832 16 37 0.013691771 
219 200 6 17 0.013682667 
577 247 8 21 0.013664404 
517 1411 10 30 0.013660202 
38 204 5 13 0.013656103 
18 679 7 23 0.013645669 
704 934 27 46 0.0136427125 
199 200 5 17 0.013639427 
1213 342 14 57 0.013632897 
684 522 5 16 0.013625493 
1191 357 17 69 0.013621776 
199 716 8 23 0.013618953 
559 375 8 21 0.013617998 
991 361 6 18 0.013612714 
793 216 7 20 0.013606223 
788 60 7 16 0.013605617 
1023 1079 6 16 0.0135978935 
796 1276 15 34 0.013594504 
1191 410 17 68 0.01359196 
509 1345 5 18 0.013590911 
986 1151 7 15 0.013589711 
883 1201 6 17 0.013583593 
338 1099 12 36 0.0135806855 
231 1412 9 28 0.013579908 
581 871 20 37 0.013562162 
989 954 6 19 0.013553886 
124 803 10 31 0.013549173 
861 591 8 23 0.013548332 
611 1217 6 19 0.013543936 
524 546 6 12 0.013533779 
824 997 9 34 0.013530697 
469 858 27 55 0.013528942 
232 454 12 34 0.013517967 
612 569 8 21 0.013510899 
855 1051 11 36 0.013509355 
496 873 13 28 0.013507525 
862 573 7 22 0.013502747 
412 361 7 16 0.013484911 
756 1130 6 20 0.0134841185 
73 1200 7 23 0.0134832375 
163 732 7 26 0.013482856 
863 557 6 21 0.01347299 
414 538 6 16 0.013469828 
858 233 8 20 0.01346483 
452 401 5 14 0.013460613 
878 520 7 22 0.013459878 
681 55 6 19 0.013450535 
597 503 6 17 0.013448782 
596 522 6 17 0.013441527 
576 185 6 17 0.013432545 
948 482 8 21 0.0134300245 
1009 521 5 17 0.013416762 
231 924 10 33 0.013411765 
74 1294 6 16 0.013406769 
771 1358 12 26 0.013397665 
940 301 15 21 0.01339544 
37 1240 6 19 0.0133842835 
697 856 13 32 0.013379921 
94 75 6 14 0.01337814 
838 1054 11 30 0.013368865 
591 408 11 23 0.013366615 
53 1363 7 19 0.013365532 
487 348 6 14 0.013360779 
679 34 7 20 0.013360107 
668 1041 20 45 0.013359139 
262 458 17 36 0.013351102 
525 613 6 15 0.013350437 
303 1095 10 40 0.013343869 
1191 1118 18 76 0.013339744 
574 363 8 18 0.013338854 
122 939 12 31 0.013327548 
170 866 16 33 0.013327381 
197 698 8 25 0.013315404 
413 1174 9 35 0.013285753 
482 187 6 14 0.013284621 
417 484 8 20 0.013280752 
397 384 5 14 0.0132791335 
665 996 24 46 0.013278761 
733 120 8 22 0.013271528 
285 389 14 32 0.01326229 
541 145 5 16 0.013249776 
36 443 295 328 0.013241793 
285 1393 9 22 0.013228635 
841 1077 10 26 0.013219015 
431 283 8 29 0.013213561 
896 538 6 24 0.013209389 
844 574 6 19 0.013204045 
277 454 17 35 0.013200355 
501 206 5 12 0.013199386 
218 181 6 14 0.0131853195 
486 109 6 16 0.013183198 
526 207 5 11 0.013181611 
320 1038 8 20 0.013176377 
663 880 8 21 0.013168938 
949 427 7 23 0.013167884 
199 497 9 29 0.013167822 
472 89 6 17 0.013166446 
497 678 10 26 0.013154445 
844 558 6 19 0.013142801 
495 851 14 32 0.013137866 
425 486 9 19 0.013135344 
1210 1110 16 58 0.013131211 
602 874 17 35 0.01312762 
142 807 131 184 0.013118888 
863 1184 7 18 0.013096904 
358 92 7 16 0.013091939 
678 1398 7 19 0.013091001 
177 394 13 25 0.01308802 
525 645 6 19 0.013081272 
771 1272 8 19 0.013078501 
333 1122 14 40 0.0130753005 
273 235 6 17 0.013073763 
931 497 7 24 0.013068547 
523 595 6 17 0.013058672 
592 374 10 19 0.013056854 
822 631 9 25 0.013050132 
265 423 16 32 0.013048353 
873 1073 11 33 0.013033383 
1214 503 14 53 0.013022916 
360 74 6 19 0.013019932 
450 232 6 21 0.013017231 
496 697 11 28 0.013010574 
570 916 19 41 0.013009936 
749 1394 10 24 0.013006393 
661 14 9 23 0.013005069 
124 760 11 36 0.012995751 
863 307 6 17 0.012995379 
829 375 7 22 0.012990522 
76 179 7 19 0.012989404 
506 1366 6 18 0.012985638 
718 1022 8 20 0.012984753 
646 250 7 19 0.012974819 
514 1115 14 39 0.0129633015 
934 167 7 16 0.012962965 
657 966 14 31 0.012962002 
6 1078 5 18 0.012934042 
681 880 11 27 0.012933852 
353 768 178 290 0.01292506 
236 1142 6 29 0.012916192 
611 242 7 23 0.012908238 
541 189 5 14 0.01288642 
574 629 7 19 0.012881423 
649 541 6 17 0.012878828 
855 460 11 29 0.012877197 
660 91 8 20 0.012875209 
755 858 24 46 0.012873681 
73 1277 6 16 0.01286623 
17 555 9 20 0.012846859 
523 846 112 182 0.012841726 
720 149 7 15 0.012839249 
136 455 14 34 0.012838898 
500 661 8 22 0.012837387 
806 342 9 27 0.012835012 
448 428 7 19 0.012828532 
17 184 6 16 0.012811744 
664 1182 7 27 0.012810595 
933 1380 6 18 0.012808161 
259 928 38 141 0.012805828 
255 1221 7 25 0.0127917705 
880 1397 6 17 0.012781726 
630 206 5 14 0.012776792 
343 858 7 24 0.012766097 
18 748 9 28 0.012759512 
861 256 7 19 0.012754768 
660 1414 9 21 0.012752571 
572 572 7 20 0.012750493 
749 1235 8 24 0.012744169 
1018 376 7 24 0.012737368 
189 939 13 35 0.012733924 
1124 805 14 59 0.012733255 
537 128 6 15 0.012729551 
4 413 6 18 0.012728628 
647 204 5 16 0.012726465 
19 520 9 21 0.012715894 
4 397 5 18 0.01271423 
558 395 6 19 0.012707431 
533 1088 10 28 0.012701548 
680 857 11 28 0.012698844 
647 1311 6 14 0.012697805 
147 126 5 14 0.012692305 
462 919 14 34 0.012689665 
575 499 7 22 0.012681364 
4 658 6 25 0.012674118 
715 1307 7 19 0.01265741 
270 1050 9 30 0.012657302 
806 1055 9 22 0.0126483375 
485 382 6 16 0.012645701 
417 164 6 18 0.012645688 
303 1412 10 29 0.01263911 
874 1112 11 23 0.012636884 
986 1240 5 19 0.012632632 
839 1329 8 16 0.012617022 
658 940 14 33 0.012604696 
737 540 6 19 0.012589512 
157 868 16 34 0.012580459 
53 1217 8 22 0.012549547 
141 605 12 28 0.012547283 
464 328 8 17 0.012539369 
524 657 7 23 0.012539275 
930 786 10 23 0.012532522 
658 984 16 31 0.012531178 
806 1310 9 20 0.012529749 
301 1393 9 26 0.012527361 
662 30 8 25 0.012522826 
703 77 5 13 0.012522236 
969 165 6 17 0.012515492 
698 127 8 21 0.0125126755 
108 93 6 14 0.012509176 
823 1342 11 20 0.012502463 
468 54 7 21 0.012498224 
0 678 8 29 0.012497837 
796 597 5 13 0.012449155 
812 7 28 38 0.012446388 
1004 1314 6 15 0.012443828 
460 694 17 33 0.012440882 
534 447 9 25 0.012440225 
750 1272 9 21 0.012439428 
1177 767 16 67 0.012419901 
828 340 7 23 0.012412114 
1040 1002 9 25 0.012395676 
355 288 8 21 0.012382886 
16 1112 7 20 0.012359164 
741 942 24 40 0.012358664 
199 180 5 16 0.01235811 
862 198 6 17 0.012341454 
733 104 9 24 0.012340726 
5 233 5 19 0.012329886 
1157 700 15 58 0.01232516 
1011 504 4 16 0.012318092 
771 579 6 16 0.012317349 
877 496 9 25 0.012306361 
592 1104 11 30 0.012303215 
1182 643 35 154 0.01229236 
911 1038 9 25 0.012291879 
283 909 12 33 0.012286132 
268 1073 7 23 0.01228261 
683 540 6 18 0.012280115 
987 971 6 19 0.012275311 
856 474 12 32 0.012272298 
799 1253 11 28 0.012270229 
934 556 6 28 0.0122691095 
1007 1240 5 16 0.012266208 
201 94 6 13 0.0122635625 
93 62 7 12 0.012259525 
858 425 10 25 0.012248901 
463 442 9 27 0.012244152 
360 380 218 337 0.012240941 
821 610 8 21 0.012230532 
1020 1099 6 15 0.0122260405 
1020 358 6 23 0.012218431 
662 1400 6 17 0.01221736 
558 1204 8 21 0.012216191 
575 269 8 21 0.012207328 
34 729 11 31 0.012191841 
110 109 5 14 0.012190022 
268 1400 7 19 0.012188965 
121 324 35 87 0.012188024 
525 631 6 15 0.012178543 
208 368 14 32 0.012178136 
990 840 6 21 0.01217493 
107 1054 8 27 0.012173616 
895 979 8 25 0.01216969 
256 535 25 49 0.012166583 
72 1132 5 17 0.012159411 
20 1346 5 17 0.012154399 
990 932 6 21 0.012142325 
500 360 7 17 0.012139311 
775 1222 7 21 0.012139036 
466 1290 7 19 0.012128166 
1210 1144 16 61 0.012120866 
677 487 7 18 0.012113669 
631 231 6 18 0.0121064065 
105 1072 9 25 0.012105984 
532 458 9 30 0.012098483 
490 528 6 13 0.012094961 
175 955 11 43 0.012094368 
109 1330 6 18 0.012093571 
1184 751 35 160 0.012091155 
803 1232 8 23 0.0120888315 
946 463 9 25 0.012076583 
430 445 8 22 0.012070246 
183 129 4 13 0.01206915 
625 431 8 19 0.012067524 
851 -15 61 101 0.012061937 
36 1218 7 21 0.012050004 
896 96 6 12 0.012042292 
378 733 7 25 0.012025761 
1040 536 8 26 0.012021671 
642 1202 7 25 0.012006921 
161 235 6 17 0.012005664 
392 449 7 17 0.012003341 
822 840 13 29 0.011993816 
535 1144 9 29 0.011993352 
877 1414 9 23 0.011984727 
76 230 7 18 0.011969948 
554 804 9 25 0.011965742 
433 70 7 19 0.011960647 
553 249 8 20 0.0119603155 
557 216 6 15 0.01195925 
91 1293 6 17 0.011927974 
57 963 8 27 0.011925491 
256 472 44 87 0.01192252 
464 509 7 14 0.011914763 
944 390 10 30 0.011913034 
1213 306 14 61 0.011912227 
-188 -36 70 175 0.011910341 
1178 843 15 62 0.011907462 
179 415 13 21 0.011904383 
719 373 8 25 0.011890358 
452 70 6 17 0.011888689 
380 715 7 24 0.011877928 
145 94 5 13 0.011874559 
92 92 6 15 0.011874201 
152 389 15 33 0.011871762 
718 1221 7 23 0.011867735 
767 363 12 38 0.011861653 
948 446 8 24 0.011860311 
718 356 7 27 0.01185802 
270 1092 7 21 0.011853416 
7 1255 5 19 0.011852369 
709 844 19 47 0.01185077 
449 1270 7 26 0.011842039 
619 1117 13 35 0.01183828 
509 1294 5 16 0.01183548 
165 96 5 12 0.011826382 
937 111 5 13 0.01182139 
717 1041 9 19 0.011817998 
71 1112 7 17 0.011799858 
841 816 14 28 0.011797735 
853 2 14 20 0.011795638 
55 207 6 14 0.011775433 
863 1167 7 19 0.011774879 
535 1379 9 22 0.011755587 
854 20 17 35 0.011754047 
573 394 9 21 0.011738304 
917 294 6 11 0.011735362 
611 591 8 20 0.011730673 
284 1293 6 20 0.011724715 
1177 730 16 67 0.011722794 
1069 884 14 47 0.011719334 
103 602 11 32 0.011710137 
522 1253 6 22 0.011702155 
701 92 6 16 0.011699998 
912 1054 10 30 0.011694519 
645 1400 6 17 0.011692937 
484 145 6 16 0.011689297 
122 817 12 38 0.011684983 
481 423 8 22 0.011677261 
1215 43 15 45 0.011676996 
299 928 14 37 0.011675422 
152 405 49 120 0.011672748 
268 414 12 22 0.011662181 
691 929 23 49 0.011650568 
173 453 16 38 0.011648069 
538 376 6 19 0.011643724 
791 1045 7 18 0.011640496 
288 1108 8 27 0.011639278 
992 399 5 15 0.011637726 
160 848 12 22 0.011635049 
513 760 18 42 0.011634732 
720 124 7 19 0.011634173 
488 37 7 18 0.011631827 
914 556 6 27 0.011628158 
873 1047 12 37 0.011627698 
736 41 7 15 0.0115995435 
268 932 10 29 0.011598423 
701 1253 7 23 0.011593952 
158 942 10 30 0.011593373 
917 112 5 13 0.0115930615 
680 836 11 30 0.011589941 
76 91 6 15 0.011582329 
292 919 43 117 0.011578979 
1019 1112 7 18 0.011578694 
539 521 7 19 0.011573348 
707 872 20 42 0.011559065 
679 1416 9 22 0.011539675 
609 91 6 19 0.01152445 
298 477 40 94 0.011516213 
990 1133 6 15 0.011509571 
798 796 16 38 0.011502856 
807 1392 9 25 0.011494158 
172 794 14 39 0.011493273 
130 386 53 98 0.01149212 
253 948 9 29 0.011483397 
522 478 9 27 0.011478354 
249 478 15 34 0.011472662 
254 1203 6 25 0.011472258 
53 1238 7 22 0.011472133 
213 714 9 28 0.011461329 
970 573 7 24 0.011461236 
522 675 8 27 0.011458233 
1180 934 14 59 0.011456277 
415 179 6 19 0.01145591 
661 247 8 21 0.011445202 
908 730 11 31 0.011444609 
720 1108 6 23 0.011443088 
574 376 8 19 0.011439344 
524 375 6 19 0.011435753 
1179 879 14 61 0.011434089 
467 164 6 18 0.011432218 
453 93 4 15 0.011431775 
558 188 5 14 0.011425915 
734 5 8 17 0.01142074 
779 865 17 35 0.011419453 
843 494 8 27 0.011419174 
481 1272 8 21 0.01141301 
1157 772 14 57 0.011410918 
499 409 7 20 0.011402472 
1157 626 16 59 0.011401826 
616 978 34 86 0.0114017725 
894 276 8 16 0.011390647 
74 201 7 19 0.011390099 
742 793 21 40 0.01138383 
746 876 21 50 0.011379236 
570 1136 11 35 0.0113652665 
592 610 7 19 0.011362931 
1168 457 40 162 0.011344523 
26 535 12 23 0.011333518 
681 1365 7 18 0.011326365 
916 145 6 17 0.011324742 
695 1036 13 28 0.01132107 
965 1136 7 15 0.0113122715 
1210 1180 16 60 0.011310102 
467 37 8 20 0.011297412 
466 266 9 27 0.011295483 
806 55 10 18 0.011291087 
607 46 9 31 0.011287058 
444 1084 11 28 0.011280349 
1144 597 13 49 0.011275346 
722 88 6 17 0.01126088 
1083 759 32 115 0.011254394 
931 372 10 29 0.0112517 
592 594 7 18 0.011248368 
128 108 5 14 0.011227244 
300 457 15 31 0.011224983 
92 202 7 17 0.011221681 
1178 803 15 66 0.011210364 
229 583 12 36 0.011205629 
200 218 5 19 0.011204637 
191 867 16 33 0.011198468 
683 1200 7 28 0.0111984145 
289 199 6 15 0.011185382 
451 413 6 16 0.011179981 
627 563 6 15 0.011168232 
16 534 10 23 0.011165084 
647 451 7 18 0.011162305 
482 1396 8 28 0.011161673 
18 1380 7 20 0.011155596 
647 180 6 18 0.011151057 
108 253 6 16 0.011149575 
91 111 6 14 0.011140137 
638 877 111 183 0.011136797 
52 1378 7 23 0.0111355055 
967 484 8 20 0.011134402 
106 1359 8 23 0.011132587 
95 1235 7 21 0.011119679 
199 478 10 31 0.011118976 
415 447 7 17 0.011113794 
121 1308 11 26 0.011092971 
200 107 6 16 0.011089142 
107 1031 9 33 0.011075493 
859 497 9 24 0.011067296 
192 925 13 33 0.011056024 
770 1147 8 22 0.011051681 
1153 597 37 135 0.011045001 
140 1409 16 31 0.011041778 
913 515 8 25 0.011039806 
991 382 5 16 0.0110378275 
205 392 16 32 0.011030126 
523 234 6 17 0.011029209 
246 389 14 31 0.011021868 
969 897 7 20 0.011018502 
837 1213 12 26 0.011002852 
426 471 9 19 0.011000765 
824 558 6 19 0.0109914215 
895 1046 12 39 0.010973261 
415 523 6 15 0.010962585 
468 17 9 20 0.01095554 
262 755 16 53 0.010954348 
207 423 48 123 0.010954307 
136 537 14 26 0.010949037 
146 836 52 109 0.010945084 
1021 502 6 20 0.010937839 
971 1217 7 25 0.010934728 
536 493 9 26 0.010921467 
553 1114 14 39 0.010918665 
598 71 7 22 0.010918644 
945 184 9 14 0.010912812 
19 69 8 23 0.010905815 
244 452 17 39 0.010894741 
6 472 5 14 0.010888821 
715 1000 11 24 0.010887021 
623 4 12 17 0.010882154 
721 486 6 19 0.010879557 
754 521 6 17 0.0108747035 
914 1164 7 18 0.010869028 
224 830 17 43 0.010859379 
449 508 6 14 0.010857074 
915 980 9 24 0.010848551 
177 929 11 27 0.010842924 
249 932 9 27 0.010841824 
-22 755 15 55 0.010837105 
643 1414 10 21 0.0108339675 
697 147 8 18 0.010831264 
465 303 9 23 0.010829936 
907 711 12 31 0.01082726 
864 1365 8 17 0.010816949 
486 126 5 15 0.010810928 
1173 846 35 155 0.010807299 
518 74 8 20 0.010802977 
184 166 5 16 0.01080207 
233 197 8 22 0.0108001605 
792 1059 7 20 0.01078705 
390 -10 58 126 0.010786871 
1125 631 12 51 0.010782752 
709 1375 14 27 0.010781178 
1040 1021 8 24 0.010774007 
190 427 19 38 0.01077016 
58 948 7 29 0.010768083 
701 519 6 18 0.010762602 
522 161 5 17 0.010762081 
411 1191 11 44 0.01075591 
108 376 43 107 0.01075279 
522 460 9 25 0.010749417 
105 1270 8 22 0.0107385665 
942 194 15 22 0.010718858 
700 1377 10 23 0.010717398 
73 1392 7 25 0.010707165 
798 575 106 154 0.010701831 
119 1382 16 39 0.01069177 
104 1251 9 22 0.010690233 
73 1167 5 18 0.010688619 
448 1248 8 32 0.0106882 
120 1355 15 36 0.010682545 
711 1357 13 28 0.010680761 
1053 981 11 36 0.0106775155 
1157 736 15 57 0.010673033 
700 1220 6 24 0.010670769 
853 380 13 39 0.010669209 
27 824 15 47 0.010666421 
1020 394 6 19 0.01065616 
647 577 6 17 0.010654914 
623 1413 9 25 0.010654179 
1175 1033 35 152 0.010644052 
201 129 5 13 0.010642927 
245 834 14 40 0.010641953 
302 906 12 33 0.010637826 
771 731 42 101 0.010630922 
124 723 12 41 0.0106277 
611 1258 5 16 0.010625028 
212 691 11 34 0.010617961 
722 940 27 42 0.010616434 
645 1349 5 14 0.010611937 
31 920 12 35 0.010606876 
252 1060 8 20 0.010605715 
597 92 6 18 0.010605185 
1158 809 13 55 0.010603635 
911 1184 7 20 0.010584221 
249 165 7 14 0.010582564 
806 411 7 20 0.010579339 
0 852 9 30 0.0105793085 
434 875 43 103 0.01057433 
355 1124 11 30 0.010571051 
596 49 10 29 0.0105675515 
895 515 8 25 0.010565183 
433 535 5 18 0.010563479 
1157 663 15 59 0.01056062 
248 198 8 22 0.010559085 
677 1128 9 22 0.010558258 
718 4 8 16 0.010553536 
807 306 6 24 0.010549266 
841 1203 10 22 0.010542175 
526 432 6 18 0.010539554 
558 1180 9 27 0.010537439 
626 93 7 19 0.010531775 
811 285 4 17 0.01052924 
211 887 13 29 0.010521428 
823 961 10 37 0.010520788 
715 1329 7 17 0.010503295 
797 0 26 27 0.010497497 
299 332 38 91 0.010494625 
507 144 5 16 0.010473029 
771 17 11 20 0.010467931 
305 1250 10 33 0.010463166 
947 1175 11 32 0.010459363 
631 1011 42 88 0.0104569895 
89 230 8 20 0.01045486 
795 559 5 16 0.010451955 
481 5 10 16 0.010445541 
774 1256 7 20 0.010442405 
613 265 7 22 0.010440533 
429 1229 9 40 0.0104347905 
768 1055 8 23 0.010429223 
933 518 7 25 0.010414299 
1052 726 32 106 0.010405732 
1042 1039 7 22 0.01040552 
121 1407 15 34 0.010402834 
990 412 6 17 0.0103839515 
553 231 8 20 0.010373247 
446 3 11 18 0.010370535 
593 1321 9 27 0.010370217 
990 863 5 18 0.010365387 
54 1395 7 22 0.010364439 
430 49 10 24 0.010356288 
1180 969 14 59 0.010356048 
354 617 12 39 0.010350695 
607 377 9 17 0.010338617 
2 489 5 14 0.010337602 
682 1295 6 18 0.0103360275 
629 164 6 19 0.010335535 
230 367 13 32 0.010334568 
107 127 6 17 0.010333729 
484 324 9 20 0.01029826 
106 787 12 29 0.010296709 
29 555 10 21 0.010294567 
790 255 6 16 0.010273454 
588 1393 12 33 0.010267851 
4 1111 5 21 0.010261021 
172 565 15 34 0.010250256 
788 302 8 31 0.010243186 
721 747 45 76 0.010241862 
482 924 13 28 0.010240789 
30 893 17 49 0.010224783 
675 962 16 34 0.010214699 
538 1221 7 18 0.010207104 
837 1344 10 20 0.010202914 
211 107 10 16 0.010195543 
463 1342 9 24 0.010194388 
123 604 11 28 0.010194356 
822 593 7 19 0.010189054 
484 1290 7 18 0.010186822 
794 230 8 21 0.010186 
93 915 9 21 0.010185221 
613 161 6 20 0.010179541 
879 1013 10 32 0.010175947 
499 1412 10 29 0.010166961 
990 1333 5 14 0.0101355575 
68 911 9 25 0.010132798 
129 93 6 14 0.010126568 
1176 548 19 71 0.010125531 
824 575 5 19 0.010115709 
820 938 13 40 0.01011189 
819 815 16 33 0.010108373 
507 1221 5 17 0.010107895 
649 143 7 20 0.010097699 
0 41 10 38 0.010093845 
7 370 510 955 0.010087191 
384 20 20 45 0.01008644 
218 169 5 12 0.010057 
1169 353 40 160 0.010051956 
647 559 6 16 0.010029635 
913 940 9 31 0.010019812 
625 410 10 22 0.010015434 
