2_Demonstration_Demonstration_Or_Protest_2_173
3226
850 286 44 76 0.99922 
112 244 35 57 0.9991812 
172 314 40 58 0.9991417 
872 208 35 55 0.9982102 
364 293 32 58 0.9980476 
54 355 42 49 0.9980338 
586 233 33 53 0.9979868 
356 226 22 39 0.9979576 
743 159 15 29 0.99786925 
675 273 40 68 0.9977927 
176 223 16 28 0.9971105 
830 163 20 33 0.996621 
510 209 32 68 0.9952893 
576 184 15 28 0.9949293 
322 205 13 27 0.99098855 
211 236 15 27 0.9805722 
777 186 26 46 0.9781081 
756 208 14 33 0.9779709 
359 189 15 23 0.97760326 
276 273 29 47 0.967656 
101 212 15 27 0.96652126 
639 168 14 27 0.9578742 
437 188 11 22 0.9578036 
675 153 14 26 0.94912386 
656 206 28 46 0.94866776 
473 188 12 22 0.946914 
0 300 18 45 0.9401581 
255 251 23 43 0.93932205 
460 228 26 44 0.93908817 
53 260 15 30 0.93002284 
947 194 20 32 0.9252503 
187 275 22 32 0.9222771 
550 164 12 22 0.91116196 
520 185 15 26 0.8966387 
16 240 11 19 0.879795 
895 174 16 27 0.86820686 
220 202 9 16 0.8623735 
710 125 9 19 0.81383806 
394 187 11 21 0.81124747 
496 159 11 19 0.7583655 
331 180 10 18 0.7338373 
373 175 11 15 0.72872555 
254 223 14 21 0.7171367 
230 205 10 18 0.7149233 
517 154 8 16 0.6982469 
285 197 10 18 0.68954957 
139 212 11 19 0.6876636 
398 179 11 18 0.68587154 
717 151 11 22 0.67336637 
385 199 12 22 0.65882534 
5 215 10 19 0.6574242 
700 174 12 27 0.64270806 
634 248 16 35 0.6032293 
365 194 16 25 0.6020591 
119 201 8 14 0.57002 
435 152 9 13 0.5688704 
932 254 17 23 0.5548699 
603 148 11 24 0.54383063 
172 192 7 12 0.5436886 
295 197 12 21 0.5325547 
563 154 9 16 0.51499116 
134 213 9 16 0.5132378 
209 195 7 12 0.51277107 
645 267 22 39 0.5073594 
111 215 13 21 0.5036272 
170 202 9 15 0.5025575 
3 242 11 19 0.4933466 
10 216 10 18 0.49091038 
56 213 8 15 0.48749402 
93 214 10 18 0.4834274 
964 120 10 18 0.48194245 
438 174 10 16 0.479125 
303 198 12 24 0.45855626 
421 191 10 19 0.4469129 
669 150 13 23 0.4398457 
44 204 7 12 0.42292067 
157 194 7 12 0.41893575 
449 210 16 28 0.41341028 
54 207 7 12 0.40448332 
18 204 6 11 0.40212294 
843 196 16 28 0.40114355 
155 201 9 15 0.39417243 
140 223 13 21 0.38999104 
153 223 12 20 0.38656884 
695 137 8 16 0.38113794 
104 203 9 14 0.37359986 
180 192 7 12 0.3717917 
1001 172 12 20 0.37047794 
883 148 11 17 0.3649302 
212 200 7 14 0.36205062 
477 162 8 15 0.35726565 
38 85 12 24 0.35446155 
71 194 8 12 0.35285226 
845 219 16 30 0.35133508 
31 216 7 13 0.35035333 
415 191 9 18 0.34873015 
249 183 6 11 0.34803516 
909 136 9 16 0.34540686 
261 182 6 12 0.34125876 
39 216 8 14 0.3389108 
65 215 8 15 0.3367461 
247 189 8 13 0.33248734 
168 216 12 18 0.32912487 
220 196 7 11 0.324335 
75 192 10 15 0.32391596 
81 213 9 16 0.32074535 
559 159 13 23 0.31609184 
263 260 31 49 0.31320032 
348 178 8 12 0.30996096 
520 161 12 21 0.30899224 
462 155 7 14 0.30713394 
105 195 8 13 0.3042637 
493 157 8 16 0.3033736 
130 194 7 11 0.3030517 
135 207 7 12 0.301089 
178 202 10 16 0.29747054 
78 203 8 15 0.29719523 
242 205 9 16 0.28818405 
243 213 10 18 0.28647158 
234 191 7 11 0.2859485 
326 185 10 17 0.28256357 
458 201 13 23 0.27793032 
198 192 6 11 0.27698886 
426 313 13 28 0.27452168 
713 132 12 22 0.26597723 
615 126 9 17 0.26580608 
260 98 8 14 0.26514027 
94 205 7 13 0.2581847 
121 196 7 12 0.25661013 
29 209 6 10 0.25648746 
549 182 14 25 0.25544515 
70 202 7 14 0.25467697 
235 184 6 10 0.25445 
186 182 6 11 0.25287545 
386 180 9 14 0.24717167 
25 264 11 20 0.24392943 
855 196 16 29 0.23974386 
923 559 9 27 0.23728164 
522 153 9 17 0.23641644 
426 169 7 13 0.23453268 
629 161 12 24 0.23304547 
447 199 13 24 0.23237659 
607 416 19 28 0.22910409 
944 261 17 24 0.22622289 
403 168 6 12 0.2185294 
410 178 8 15 0.21665111 
578 138 10 18 0.21370113 
246 224 13 22 0.20590132 
455 153 6 12 0.20080014 
743 125 10 17 0.2007816 
692 180 13 27 0.19822888 
903 182 14 26 0.19612005 
414 168 7 12 0.19583178 
658 149 8 17 0.19558373 
385 168 8 12 0.1954852 
485 185 11 21 0.19506668 
13 249 11 18 0.19451663 
195 183 6 10 0.19245262 
334 445 11 21 0.19240232 
44 198 6 10 0.19108225 
295 211 11 21 0.19090933 
646 178 18 33 0.19089529 
7 132 8 20 0.18821582 
14 228 8 16 0.18821464 
916 107 5 9 0.1871366 
22 248 13 23 0.18223634 
92 182 7 11 0.18174288 
649 162 12 24 0.17925094 
70 151 7 14 0.17810939 
708 215 11 25 0.17778765 
235 167 6 10 0.17663702 
406 236 14 30 0.17638856 
973 298 17 35 0.1724249 
438 210 12 24 0.17164588 
578 147 10 20 0.17147721 
89 261 15 28 0.17047338 
446 174 10 17 0.16982874 
60 252 13 24 0.16920486 
1013 124 10 19 0.1685939 
282 213 11 20 0.16729593 
725 417 16 24 0.16564082 
627 152 10 21 0.16356714 
268 101 9 14 0.16344184 
739 17 11 24 0.16320588 
939 103 6 10 0.16247176 
107 167 6 10 0.16207054 
820 150 12 18 0.16129893 
567 185 14 23 0.16092154 
258 188 7 14 0.16087866 
205 259 15 25 0.16038173 
55 196 6 10 0.1578467 
108 61 7 13 0.15670311 
349 172 7 11 0.15659773 
95 192 7 13 0.15617888 
432 153 6 12 0.15580761 
418 207 14 27 0.15573178 
577 60 8 17 0.15538082 
173 186 5 9 0.15524444 
970 122 10 18 0.15518558 
455 144 6 12 0.15489279 
516 177 12 20 0.15478742 
608 127 7 15 0.15440731 
106 75 7 15 0.1543343 
114 59 9 15 0.15423428 
18 198 5 10 0.15383123 
878 107 5 10 0.15346955 
1010 131 16 33 0.15260702 
466 188 10 20 0.15111217 
224 185 6 9 0.15091881 
544 167 10 17 0.15067844 
210 185 6 9 0.15060274 
148 195 6 10 0.14985025 
411 208 12 26 0.1496665 
371 207 15 25 0.14780405 
467 163 7 13 0.14779265 
599 212 18 28 0.14665283 
926 106 5 9 0.14659797 
451 167 7 13 0.14626688 
311 178 7 15 0.146262 
769 123 10 21 0.14564274 
656 105 7 13 0.14529823 
27 230 8 15 0.14498968 
388 87 7 14 0.14287567 
903 107 4 8 0.14215724 
462 142 8 13 0.14191037 
915 113 6 11 0.14163385 
233 227 11 20 0.14151971 
17 723 7 27 0.14130999 
40 225 8 16 0.13882968 
52 166 10 19 0.13869324 
26 271 15 28 0.13865565 
475 181 10 17 0.13808763 
287 114 7 14 0.13808541 
158 185 6 9 0.13800949 
307 208 12 24 0.13751237 
614 149 11 25 0.13743874 
360 180 10 13 0.13567507 
1012 222 14 29 0.13507956 
606 140 8 17 0.13328782 
11 129 8 19 0.13274443 
557 156 8 13 0.13244916 
808 139 9 17 0.13210738 
888 107 5 9 0.13158698 
1008 162 13 23 0.13156526 
36 272 14 26 0.13133368 
115 129 8 15 0.13073736 
222 209 11 20 0.13017488 
656 111 8 15 0.12886526 
974 190 10 18 0.12810242 
394 208 13 25 0.12783815 
679 188 13 23 0.12751283 
296 112 8 14 0.12699407 
136 111 7 14 0.12625903 
232 237 11 21 0.1251443 
614 135 9 19 0.12381941 
140 111 8 15 0.123550184 
33 337 20 34 0.12276999 
270 180 7 13 0.12236088 
691 164 10 19 0.12179395 
190 236 13 21 0.1211773 
388 104 6 13 0.12064569 
560 273 12 27 0.11971401 
301 107 5 10 0.11882856 
323 143 6 11 0.11860266 
697 131 7 13 0.117940046 
107 181 6 11 0.11691355 
923 113 7 12 0.11676535 
71 145 6 12 0.116685964 
406 222 14 27 0.11641267 
374 60 9 15 0.11595253 
799 137 8 16 0.115915954 
389 112 6 14 0.115635514 
398 103 7 14 0.114313245 
350 189 9 16 0.11430398 
577 54 7 11 0.11402202 
261 140 7 13 0.11347605 
668 143 9 16 0.11312829 
710 116 7 14 0.11209486 
955 263 14 22 0.11208628 
54 177 9 15 0.11146127 
797 97 9 20 0.111237764 
389 78 7 14 0.111145675 
338 171 6 11 0.11090721 
31 197 6 10 0.110041335 
44 153 6 14 0.109872244 
784 97 8 19 0.10857257 
188 172 5 9 0.10826986 
318 262 13 28 0.108249046 
213 256 15 27 0.107348256 
247 171 5 10 0.10719478 
887 174 14 23 0.107185744 
83 182 7 12 0.106980436 
794 150 9 18 0.10696431 
227 168 5 10 0.10647857 
438 147 6 12 0.10610589 
16 262 12 21 0.105474114 
553 261 11 25 0.104918435 
640 403 14 23 0.10484936 
24 347 18 38 0.10484792 
703 199 11 23 0.10472377 
77 152 8 14 0.10457034 
400 224 12 23 0.10451754 
109 160 5 9 0.10413737 
110 130 7 13 0.10362959 
110 437 22 34 0.10316304 
79 143 7 12 0.10315613 
589 149 9 19 0.10296526 
148 184 5 9 0.1028825 
120 158 6 10 0.102732554 
939 97 5 8 0.10212535 
274 192 7 13 0.10107173 
887 164 11 19 0.10058406 
310 107 5 10 0.10031509 
588 139 8 16 0.09999044 
134 185 5 9 0.09983601 
1015 117 8 16 0.099667 
376 158 5 10 0.09934172 
755 111 10 18 0.098978475 
774 11 7 15 0.09878727 
896 152 10 17 0.098218866 
269 167 7 14 0.097526595 
7 208 6 11 0.09665043 
108 53 8 13 0.09647757 
928 96 5 7 0.09629348 
878 112 6 11 0.09533372 
254 237 16 24 0.09527069 
227 158 5 10 0.095063165 
828 470 11 23 0.09453006 
735 127 8 15 0.093989775 
310 112 7 12 0.093961656 
170 106 7 12 0.09389965 
562 173 12 22 0.09389678 
41 81 8 13 0.093484744 
31 466 27 31 0.093474604 
197 204 7 13 0.09346913 
68 166 8 14 0.09318012 
453 99 6 13 0.09311161 
404 159 6 11 0.09294028 
439 250 11 26 0.09175221 
690 196 12 25 0.09146774 
715 171 13 25 0.09134733 
716 115 8 17 0.09120583 
918 95 4 8 0.09116847 
645 152 9 18 0.0909942 
336 153 6 11 0.09094512 
265 170 5 11 0.090671584 
47 85 12 24 0.09064057 
95 169 6 10 0.09047754 
489 178 9 18 0.090442985 
397 111 8 16 0.09028389 
234 160 5 10 0.09015739 
340 121 5 10 0.09005364 
704 161 11 23 0.08986127 
30 165 6 13 0.08974957 
821 12 8 11 0.08956085 
998 116 9 15 0.08911622 
399 610 8 16 0.0889888 
925 553 7 16 0.08876223 
876 151 8 15 0.08856388 
554 54 6 11 0.08834865 
493 101 7 15 0.08815818 
71 184 5 11 0.0880964 
571 52 5 11 0.087773874 
580 132 6 13 0.08772753 
926 212 11 24 0.0876803 
110 138 7 14 0.08767937 
135 169 5 9 0.0876682 
414 159 6 10 0.0875385 
926 199 11 21 0.08721784 
315 141 7 12 0.087191 
277 442 15 27 0.08707245 
375 56 7 9 0.08707214 
758 2 8 13 0.08693704 
472 211 14 24 0.08662153 
999 182 13 23 0.08633374 
500 100 8 19 0.086222306 
389 158 6 11 0.085764825 
375 140 6 12 0.085644916 
132 223 13 19 0.08535206 
1013 273 13 26 0.085274704 
904 140 7 13 0.08525666 
756 124 11 22 0.08483071 
63 243 10 19 0.08478246 
272 92 7 11 0.084732674 
591 86 8 18 0.08471411 
193 215 9 17 0.08471342 
348 126 6 11 0.08456242 
902 114 6 10 0.08435321 
809 103 7 15 0.084206104 
349 120 5 11 0.08413907 
206 89 6 13 0.08399768 
350 52 6 12 0.08383378 
890 457 7 18 0.08372121 
365 171 6 12 0.08361716 
847 116 6 12 0.08346499 
910 147 10 19 0.08337853 
45 164 7 16 0.08333806 
30 179 7 13 0.08314299 
870 449 8 14 0.08289651 
42 632 8 21 0.08270249 
966 101 7 11 0.08241354 
538 189 11 20 0.08236917 
271 217 9 17 0.08217558 
657 259 22 37 0.08211225 
261 130 6 12 0.08193937 
555 62 6 13 0.08183596 
839 117 6 11 0.08163399 
902 97 4 8 0.08107501 
819 142 11 18 0.081029445 
498 172 11 22 0.080647215 
120 167 5 10 0.08051609 
887 113 6 11 0.08038831 
53 153 8 14 0.080190346 
991 116 8 12 0.079797775 
200 65 6 12 0.07977433 
865 450 7 12 0.0793161 
877 375 21 42 0.07929084 
921 135 9 18 0.07873674 
1009 184 14 23 0.07867867 
628 239 14 28 0.07865586 
989 128 8 15 0.078454874 
388 140 5 12 0.07844108 
120 185 6 9 0.07831304 
644 101 6 13 0.07820322 
115 136 9 16 0.07812108 
921 571 11 39 0.077846624 
152 232 13 26 0.077457026 
987 188 11 18 0.07743127 
735 162 11 21 0.07740072 
55 227 7 16 0.07735794 
985 290 13 26 0.07733825 
314 295 18 34 0.07732573 
740 135 11 20 0.077184565 
1013 47 9 17 0.077090636 
409 443 9 17 0.077090606 
95 223 11 19 0.076662235 
545 50 5 12 0.07626624 
272 113 8 14 0.07616804 
568 144 7 12 0.07563187 
7 196 5 10 0.07562618 
990 138 8 14 0.075465806 
1014 39 8 16 0.075300515 
582 192 16 29 0.07526175 
680 140 10 17 0.07521119 
387 52 7 10 0.075205445 
326 151 6 13 0.07503298 
426 704 11 19 0.07498518 
66 226 8 17 0.074905336 
648 404 15 26 0.07484803 
207 214 10 19 0.07475227 
198 27 180 302 0.07455824 
747 117 7 14 0.074552156 
488 214 11 22 0.074463576 
928 254 11 19 0.07441275 
731 174 11 20 0.07435458 
1002 125 9 17 0.07401857 
608 436 17 28 0.073900044 
30 348 30 51 0.073860876 
388 131 5 12 0.073637664 
995 284 14 33 0.073463604 
11 272 17 29 0.07340349 
299 181 7 14 0.07330516 
958 177 13 20 0.07302577 
925 129 7 15 0.073012896 
542 39 6 13 0.07274374 
294 222 11 21 0.072717816 
266 225 11 19 0.07199097 
846 126 7 13 0.07198185 
757 102 9 17 0.07162868 
797 66 5 11 0.07162788 
82 168 7 12 0.07129875 
865 107 5 9 0.071263365 
850 60 7 14 0.071152076 
283 124 9 16 0.07114852 
478 141 7 12 0.07113109 
377 132 5 10 0.071004964 
937 198 12 22 0.07077969 
241 236 15 24 0.07061735 
377 113 6 12 0.07059003 
259 204 8 14 0.070482396 
170 230 15 25 0.070432276 
134 158 6 10 0.070431426 
113 73 10 19 0.07033047 
397 88 7 15 0.070294015 
378 106 6 13 0.070234075 
329 308 17 36 0.06950606 
326 172 6 11 0.0694714 
312 170 7 12 0.06910681 
760 8 8 16 0.068895385 
195 173 5 9 0.06875973 
207 229 13 22 0.06839814 
798 75 6 14 0.06809069 
501 90 7 13 0.068026945 
629 141 8 15 0.067974485 
31 80 6 11 0.067859106 
484 200 12 22 0.0677409 
432 148 5 10 0.067731485 
227 281 16 33 0.067608885 
70 53 7 11 0.06745383 
766 386 17 38 0.06744981 
642 438 12 23 0.06739021 
160 172 5 9 0.06715388 
1004 50 6 12 0.067148596 
741 407 13 26 0.067115024 
336 146 6 11 0.06695109 
206 77 6 13 0.0669125 
848 40 7 10 0.06679415 
464 179 9 16 0.06672795 
543 63 6 13 0.06647769 
18 533 6 19 0.06645651 
646 142 8 15 0.06638279 
709 150 9 19 0.066362955 
952 104 6 10 0.06629623 
590 77 7 14 0.0662177 
895 456 8 22 0.06614834 
366 143 6 10 0.06610505 
513 102 10 20 0.06581066 
146 171 5 9 0.0657696 
940 114 6 12 0.06555518 
420 234 14 29 0.06550686 
434 233 15 29 0.06547123 
272 126 7 14 0.065444894 
205 100 7 15 0.065306306 
908 249 14 25 0.06527227 
260 114 8 14 0.06526883 
991 177 9 16 0.065159164 
620 120 6 12 0.06504206 
142 124 7 15 0.06498179 
974 103 7 12 0.06472498 
56 143 7 13 0.064700395 
36 299 18 32 0.06460371 
934 190 12 20 0.064508714 
564 288 12 26 0.06448931 
12 497 9 24 0.064418845 
55 243 9 16 0.064378485 
812 111 6 14 0.06398051 
397 77 8 15 0.06390168 
85 462 18 30 0.06388536 
1005 43 6 11 0.0637158 
967 97 5 9 0.06364562 
493 275 18 30 0.06361356 
69 61 7 13 0.06345364 
340 443 12 23 0.06305932 
798 39 6 10 0.0630571 
902 692 8 13 0.06289012 
784 26 7 12 0.06264253 
493 80 5 11 0.06259681 
631 128 7 13 0.06249486 
785 110 8 18 0.06241034 
275 590 8 14 0.062365215 
351 61 6 14 0.06230877 
710 77 6 15 0.062248446 
439 573 9 22 0.062185608 
746 -2 10 14 0.062100068 
624 416 14 23 0.06205778 
692 150 9 18 0.06198023 
775 22 6 14 0.061901897 
1001 106 6 12 0.061898164 
693 210 10 24 0.06177686 
518 145 6 12 0.061775453 
366 132 5 9 0.061584663 
556 73 6 15 0.061459567 
270 448 15 31 0.061384987 
192 504 11 26 0.061253905 
44 179 7 13 0.06114402 
646 116 6 12 0.061070323 
494 92 5 11 0.061069466 
902 702 8 15 0.060675573 
217 285 15 29 0.060670868 
159 144 5 11 0.060610265 
204 65 7 14 0.0604678 
718 426 17 25 0.06038695 
33 87 9 17 0.0603547 
706 231 12 28 0.060291838 
94 129 6 12 0.060260978 
776 388 15 33 0.06025224 
974 179 10 17 0.06024101 
999 223 12 24 0.06023172 
855 206 27 50 0.060188867 
275 202 7 14 0.060025603 
456 133 5 11 0.059899732 
986 198 11 23 0.059799172 
5 503 8 21 0.05964341 
539 27 7 15 0.05946688 
937 152 8 18 0.059458796 
43 334 32 48 0.05931596 
712 232 13 30 0.059243254 
781 14 8 13 0.05878125 
3 701 7 23 0.058636226 
705 15 6 11 0.05830959 
800 30 5 9 0.05805697 
954 117 6 12 0.05791949 
591 162 10 20 0.057786632 
464 134 5 10 0.057755083 
231 252 11 20 0.057740267 
962 165 9 18 0.05761914 
1003 138 10 19 0.057566084 
905 196 15 27 0.057502642 
858 59 7 14 0.05730049 
527 2 7 12 0.057253912 
864 682 19 26 0.057148915 
699 118 6 12 0.056865644 
811 29 5 9 0.056810234 
1003 3 6 9 0.05680713 
497 187 12 20 0.05674327 
484 282 20 36 0.05673624 
194 496 9 21 0.05670009 
550 225 11 27 0.056650486 
142 619 9 27 0.056646403 
436 469 9 15 0.056593318 
631 407 11 18 0.056569602 
771 4 7 11 0.056271434 
1014 59 9 18 0.05623383 
838 126 6 13 0.056221463 
887 691 10 15 0.056209553 
174 172 4 8 0.056115977 
847 457 7 14 0.056067 
756 188 13 25 0.056039773 
603 168 12 24 0.05600195 
835 1 8 10 0.055966277 
956 273 15 26 0.055847537 
628 182 15 27 0.05582619 
53 77 7 13 0.055757567 
44 145 7 13 0.055614557 
106 82 9 19 0.05554816 
238 442 16 26 0.055383366 
1010 311 15 30 0.055311006 
821 4 8 10 0.05530462 
616 173 11 22 0.055233564 
616 189 12 21 0.055113804 
308 554 9 21 0.05501622 
823 164 14 22 0.05500806 
594 129 7 14 0.054978576 
581 70 7 17 0.0549415 
597 42 5 9 0.05492448 
637 102 5 12 0.054858074 
589 322 13 32 0.054786988 
977 135 9 18 0.05469874 
892 98 4 8 0.054618623 
212 173 4 9 0.054563574 
383 62 9 14 0.05453509 
707 86 8 17 0.054534785 
160 113 6 13 0.054493506 
644 127 7 13 0.05448518 
135 127 6 13 0.054448444 
197 114 6 14 0.054361213 
848 451 6 11 0.05432937 
288 107 6 10 0.05426121 
813 148 9 18 0.054251403 
379 654 7 18 0.054204617 
263 155 6 12 0.05418477 
666 111 8 15 0.054152444 
324 132 6 10 0.05414486 
651 247 16 33 0.05414398 
834 459 9 15 0.054049257 
921 149 9 19 0.053796172 
202 90 5 12 0.05377487 
887 131 6 11 0.053772848 
528 11 6 14 0.053752024 
54 673 7 18 0.05372659 
263 63 6 12 0.053618465 
172 91 6 11 0.053615972 
577 161 10 19 0.053585675 
23 473 21 31 0.053533684 
584 175 13 24 0.053515967 
287 140 7 14 0.053508427 
656 130 7 12 0.053480584 
888 42 5 9 0.053429767 
479 106 5 11 0.053392462 
863 115 5 10 0.05321596 
904 131 6 12 0.053006995 
569 61 7 15 0.052967634 
756 136 11 19 0.05294958 
103 535 9 21 0.052893665 
182 78 6 11 0.052878417 
258 537 6 15 0.05285225 
566 118 6 12 0.052826237 
594 99 7 17 0.0527591 
719 105 6 16 0.052706666 
902 54 5 8 0.052604977 
610 220 17 29 0.052601602 
533 28 6 14 0.052558303 
32 156 6 13 0.052509163 
954 97 4 8 0.052446626 
785 75 7 15 0.052413423 
660 238 20 39 0.05236818 
394 617 13 29 0.05223839 
564 235 13 29 0.052213673 
873 165 10 17 0.052210156 
605 41 5 10 0.05210775 
543 157 7 13 0.052106176 
649 430 12 23 0.052049752 
787 64 6 12 0.05182836 
431 306 12 24 0.05177025 
206 111 7 16 0.05167516 
119 120 6 10 0.05161626 
465 104 6 11 0.051505238 
146 158 5 9 0.051442567 
365 155 6 11 0.051387522 
718 75 7 18 0.051380057 
928 84 4 8 0.051235393 
632 120 6 11 0.051223792 
852 54 6 12 0.051213115 
375 74 7 15 0.051126353 
296 153 8 14 0.05112422 
919 288 75 94 0.050927877 
645 188 55 92 0.050908048 
247 65 6 12 0.050896693 
950 393 136 217 0.050859645 
363 56 5 10 0.05085842 
549 284 15 31 0.050650172 
851 108 4 10 0.05062515 
48 286 16 27 0.050617345 
824 116 6 12 0.050617117 
602 200 13 22 0.050554644 
1000 279 11 22 0.050466288 
749 167 15 27 0.050457675 
600 408 18 27 0.050450448 
708 435 8 15 0.050439965 
253 441 14 27 0.05043253 
502 107 9 21 0.050322883 
996 197 12 22 0.05031479 
310 224 9 19 0.050254904 
421 219 13 28 0.050023496 
83 132 6 10 0.04995452 
79 226 9 16 0.04992472 
542 14 6 12 0.049871553 
271 156 6 14 0.049861837 
160 156 5 10 0.049714282 
269 141 8 13 0.04943417 
184 115 6 13 0.049396645 
195 249 12 19 0.04917987 
1013 245 14 29 0.049154162 
528 143 6 13 0.049102027 
611 199 13 25 0.049058773 
951 165 8 17 0.04897455 
59 286 16 27 0.048970006 
971 207 15 27 0.04872773 
292 430 13 25 0.048614196 
974 150 10 18 0.048551593 
673 230 18 36 0.048549917 
558 146 6 11 0.04852099 
571 45 5 8 0.04850419 
478 113 6 13 0.048499808 
440 117 6 12 0.048435137 
296 142 7 13 0.04840846 
825 480 8 17 0.048317365 
1015 203 11 20 0.048284404 
131 684 8 30 0.048170157 
542 3 6 11 0.048055954 
962 132 11 20 0.048044477 
263 55 6 10 0.047963917 
78 241 10 20 0.047914002 
223 450 23 32 0.047784146 
1014 3 7 11 0.047772277 
705 23 7 13 0.04775162 
712 107 5 13 0.047736246 
730 150 11 19 0.047729596 
888 481 8 23 0.04757924 
811 76 6 12 0.04755162 
973 163 10 18 0.04754945 
879 145 6 12 0.047525648 
307 237 10 20 0.04750458 
936 467 8 26 0.047497876 
287 185 7 12 0.04743029 
792 161 12 21 0.04740384 
889 54 5 9 0.047403343 
175 79 5 11 0.047381498 
987 212 11 23 0.04737007 
860 153 9 15 0.047349993 
306 305 17 37 0.04734636 
190 581 13 29 0.047310583 
70 131 7 12 0.047297265 
814 14 6 9 0.04729239 
644 95 5 11 0.047288477 
735 138 9 17 0.047223367 
798 51 6 12 0.04719594 
948 151 9 18 0.04717964 
579 87 8 18 0.04716927 
796 110 8 17 0.047147322 
895 480 9 26 0.04699025 
306 278 13 24 0.046939835 
185 519 11 25 0.04689741 
15 118 6 14 0.046887305 
131 143 6 12 0.046827693 
285 91 5 11 0.04681466 
377 89 5 13 0.046775904 
401 55 7 10 0.046616834 
78 51 7 11 0.046597965 
95 119 6 10 0.04652225 
570 131 5 12 0.04648761 
411 54 7 10 0.0464763 
200 102 6 13 0.04646154 
606 51 6 11 0.04645102 
598 319 14 37 0.046409998 
548 402 12 34 0.046393458 
781 124 9 19 0.046298344 
350 92 6 13 0.046297535 
990 54 6 10 0.04628306 
989 224 12 25 0.046254423 
340 106 5 9 0.046125006 
266 239 14 24 0.046104856 
977 42 6 12 0.04608792 
834 336 12 27 0.0460731 
8 348 19 36 0.045986515 
248 160 5 9 0.04592981 
491 130 7 13 0.045844868 
846 141 9 15 0.04577946 
144 91 6 12 0.045776106 
462 482 10 21 0.045771614 
201 77 5 12 0.04574818 
349 43 6 11 0.04567244 
424 74 7 15 0.045620106 
772 101 8 15 0.04556514 
119 448 22 33 0.045562446 
350 74 6 16 0.04556013 
566 27 6 10 0.045485754 
98 76 6 12 0.04546094 
401 61 7 13 0.045453507 
595 115 6 14 0.0454422 
464 475 7 16 0.045406185 
341 92 5 11 0.04539703 
807 88 7 17 0.04537234 
916 56 4 8 0.04522269 
556 16 5 11 0.045212567 
1004 60 6 14 0.045208648 
569 101 6 16 0.045177273 
65 705 6 17 0.045173995 
554 85 6 17 0.045113787 
819 335 10 26 0.045068733 
14 150 7 18 0.045026504 
20 79 5 12 0.044987354 
780 376 13 29 0.044969317 
863 762 6 23 0.044969123 
109 119 6 10 0.04493322 
695 442 10 18 0.04484078 
967 25 6 12 0.04481942 
568 464 5 12 0.044739835 
238 117 6 13 0.04472584 
705 441 10 22 0.044720594 
218 572 9 19 0.044686634 
365 88 5 14 0.044678103 
280 432 16 26 0.044658527 
595 51 5 12 0.044652827 
415 74 7 16 0.04461351 
936 137 8 17 0.044612534 
124 490 12 23 0.044585437 
608 30 5 9 0.044552457 
39 240 10 18 0.044547573 
1018 103 7 15 0.044488944 
590 64 7 13 0.0444654 
326 118 6 10 0.04441995 
607 120 5 12 0.04440225 
54 607 8 21 0.044381857 
144 608 8 24 0.044317853 
955 125 7 13 0.04430717 
571 298 13 28 0.04424313 
449 376 10 26 0.04423188 
861 127 6 13 0.04415435 
238 127 5 13 0.044122875 
298 165 7 14 0.044087227 
247 128 7 12 0.04408588 
542 141 7 14 0.043950178 
153 591 12 31 0.043900624 
962 149 10 19 0.04387725 
16 430 8 25 0.043856017 
398 125 7 15 0.043791443 
492 112 7 15 0.043727078 
210 450 24 33 0.043722887 
77 261 14 27 0.043611873 
1003 12 6 12 0.043598812 
249 76 7 12 0.043549415 
590 349 11 30 0.043519504 
18 546 6 17 0.043496307 
94 141 6 11 0.04346644 
877 304 73 93 0.043435585 
823 127 7 14 0.04339204 
824 332 8 17 0.04337095 
295 124 9 17 0.043360475 
66 607 10 24 0.043305654 
685 134 6 12 0.043293316 
698 16 6 9 0.043288767 
908 691 9 16 0.04327516 
627 440 12 21 0.04323551 
812 68 5 10 0.043206252 
922 673 10 18 0.043193936 
230 262 12 23 0.04317387 
400 604 6 12 0.043155823 
809 130 7 14 0.043124914 
422 274 11 24 0.04308833 
755 376 15 31 0.043081872 
106 101 7 14 0.043079883 
379 624 6 18 0.04296937 
398 242 15 30 0.042933594 
494 292 17 32 0.042828802 
351 105 5 11 0.04280676 
402 557 9 29 0.04274791 
16 622 7 19 0.04265947 
958 257 75 101 0.04265602 
886 700 10 17 0.042644065 
276 81 5 10 0.04260243 
489 141 8 14 0.042594448 
452 77 6 10 0.042593855 
932 567 9 28 0.042589337 
443 103 4 12 0.04258267 
1015 11 8 15 0.042554054 
868 188 14 27 0.04254678 
980 51 6 12 0.042528484 
226 143 5 12 0.04250218 
877 98 4 8 0.042456564 
966 14 7 13 0.042451862 
840 67 5 10 0.042447522 
18 637 6 17 0.042361423 
302 526 4 11 0.04226433 
19 89 6 13 0.042261157 
748 104 7 14 0.042254113 
134 534 9 21 0.04225221 
757 365 12 25 0.042237144 
786 3 6 11 0.04223342 
183 66 6 11 0.042228404 
975 281 10 19 0.04221724 
970 264 11 22 0.04221325 
132 632 7 26 0.042204186 
314 153 7 12 0.04218521 
296 239 10 20 0.04217706 
939 128 6 13 0.042165827 
910 456 9 23 0.04214752 
429 472 8 14 0.04213758 
29 564 5 13 0.042089466 
820 362 11 31 0.041945536 
20 184 5 10 0.04194442 
859 142 8 14 0.04191674 
485 237 12 25 0.04189694 
315 132 5 12 0.041881185 
744 321 12 30 0.041832145 
247 116 7 13 0.041724246 
614 363 79 95 0.041714817 
689 364 11 26 0.041709356 
114 84 10 20 0.04165206 
856 164 11 19 0.04157917 
917 84 4 8 0.04157124 
401 589 7 15 0.041567013 
133 51 6 12 0.04153125 
6 4 5 10 0.041472167 
422 260 12 24 0.041462157 
963 298 16 33 0.041453518 
502 81 6 12 0.041451536 
937 455 8 24 0.041444413 
158 127 6 13 0.04143124 
810 164 10 19 0.041429956 
366 486 6 14 0.041382883 
940 82 4 9 0.041354556 
891 338 19 37 0.04135369 
96 160 6 9 0.04128891 
320 252 12 24 0.041248012 
142 642 9 33 0.041222848 
837 497 10 19 0.04119257 
768 284 13 33 0.041131653 
350 158 5 9 0.04109257 
454 118 5 11 0.04104081 
935 425 10 31 0.040903 
19 483 9 21 0.040861588 
697 24 6 12 0.04082672 
28 360 81 79 0.04070621 
824 40 6 10 0.04064184 
465 94 5 9 0.040634062 
58 690 5 15 0.04062718 
51 623 8 21 0.04057295 
842 498 10 22 0.040565696 
56 67 6 10 0.04054452 
840 73 6 14 0.04053022 
411 61 8 14 0.040516272 
447 247 14 28 0.040512417 
346 199 13 21 0.040468685 
303 516 4 12 0.040468615 
706 250 12 23 0.040415596 
966 689 6 13 0.040353473 
269 434 14 23 0.040349085 
901 713 8 15 0.04032868 
17 649 6 18 0.040323872 
638 379 13 26 0.040316906 
823 24 7 12 0.040310428 
270 63 6 12 0.040309988 
467 116 5 11 0.040177725 
146 442 18 29 0.04014606 
351 143 6 11 0.040093653 
902 434 7 14 0.040019263 
481 79 5 10 0.040017176 
950 177 12 20 0.039994817 
823 714 6 24 0.03998791 
580 45 5 8 0.039855856 
39 253 11 19 0.039821308 
160 106 5 11 0.039766494 
992 60 5 13 0.039731987 
285 164 8 16 0.039680444 
837 448 8 15 0.03967694 
280 403 15 29 0.039610006 
925 243 10 20 0.03951376 
222 127 7 15 0.03950804 
222 114 6 15 0.039446197 
16 703 5 19 0.039432485 
444 43 161 252 0.039427474 
769 -145 266 132 0.039416622 
774 88 8 18 0.03940062 
940 67 4 9 0.03936024 
448 324 12 29 0.03935154 
924 456 8 22 0.039341044 
260 77 6 12 0.039331816 
487 224 11 25 0.039306134 
861 387 10 28 0.039255664 
970 250 12 23 0.039237406 
715 249 11 24 0.039234273 
3 637 6 17 0.039229438 
684 19 5 8 0.03921911 
387 621 9 23 0.039211623 
16 447 8 20 0.039211594 
823 106 5 12 0.039199177 
91 240 12 20 0.039184757 
3 622 7 20 0.03911027 
775 35 6 13 0.03906634 
489 12 7 15 0.039060354 
591 57 139 221 0.038995866 
783 311 12 29 0.038989 
888 465 8 22 0.038979277 
992 108 6 11 0.038962644 
0 358 14 28 0.03895427 
937 162 9 18 0.03893852 
479 133 5 11 0.038875677 
121 101 7 14 0.038768668 
39 609 7 18 0.03876863 
1003 28 5 12 0.038766924 
1 262 12 22 0.038758833 
1006 693 5 13 0.03865387 
244 612 9 17 0.03865271 
787 37 6 11 0.03862621 
252 295 17 34 0.03855167 
330 289 15 30 0.03848423 
452 67 6 12 0.038459137 
55 111 8 15 0.03844591 
937 595 8 28 0.038399644 
17 459 11 23 0.03837314 
387 45 7 9 0.038346604 
832 205 19 34 0.038345043 
894 193 18 32 0.038344413 
6 14 6 11 0.038295005 
1014 691 8 16 0.038254578 
438 376 9 25 0.038246483 
359 518 12 30 0.038243175 
238 63 6 13 0.038181968 
3 651 6 18 0.03817808 
785 137 8 17 0.0381754 
326 446 10 18 0.038157556 
808 232 13 31 0.038157057 
423 289 11 24 0.0381333 
523 99 10 21 0.03811222 
517 91 7 14 0.038085286 
757 252 11 25 0.0380512 
252 93 5 11 0.038027618 
952 138 7 16 0.03800431 
222 102 6 13 0.03799589 
252 102 6 11 0.03794586 
812 338 9 23 0.03792602 
401 143 6 11 0.037869446 
43 69 6 10 0.037839416 
502 501 7 13 0.037819352 
89 280 15 32 0.037818834 
943 372 15 37 0.03780786 
879 721 14 24 0.03780658 
509 283 13 28 0.037797313 
371 484 7 15 0.037792545 
95 15 6 9 0.037785374 
67 113 7 14 0.037774835 
521 1 6 13 0.037732456 
288 153 7 14 0.037725355 
196 126 6 14 0.0377252 
903 68 4 9 0.037676472 
364 62 6 12 0.037657585 
715 202 10 20 0.03756639 
876 67 6 10 0.037524007 
556 26 6 12 0.037520222 
503 130 7 13 0.03751284 
440 131 5 11 0.037508592 
811 40 5 9 0.037479915 
876 56 5 8 0.037440516 
366 119 5 10 0.037436794 
655 94 6 11 0.0374334 
466 463 6 12 0.037404314 
811 53 5 10 0.037390545 
182 89 6 12 0.037389968 
578 99 7 17 0.037374943 
751 374 83 94 0.03734478 
244 248 13 25 0.03731762 
922 664 11 18 0.037312895 
313 525 4 11 0.03730151 
135 92 7 13 0.037289646 
475 459 8 15 0.037276834 
1017 91 7 15 0.037244063 
126 593 12 23 0.0372406 
924 0 7 11 0.03717928 
639 190 16 31 0.03716236 
78 63 7 11 0.037109364 
830 359 13 34 0.03710229 
441 42 6 11 0.03709273 
834 142 9 15 0.037085965 
991 167 8 14 0.037006855 
888 450 7 13 0.036990575 
1013 297 13 27 0.03698303 
574 310 13 30 0.03696219 
1017 75 8 17 0.036934637 
669 132 7 12 0.036930554 
628 265 17 37 0.036913406 
734 118 7 13 0.036866073 
197 158 5 10 0.036823034 
218 584 9 18 0.036817234 
515 127 8 16 0.03679464 
13 607 9 24 0.036788322 
849 748 8 24 0.036781 
222 89 6 14 0.036775414 
682 66 6 12 0.036749072 
925 466 8 24 0.036734305 
974 690 6 13 0.036720615 
1004 369 24 35 0.036676522 
212 299 17 30 0.03665569 
428 105 6 13 0.036623176 
898 448 7 17 0.03662292 
294 453 11 26 0.036611117 
185 124 6 14 0.03659801 
148 143 5 11 0.0365927 
537 273 12 24 0.036560424 
664 175 12 23 0.036549218 
416 87 6 15 0.036521796 
569 87 7 18 0.036437873 
139 531 11 25 0.036437273 
917 570 7 22 0.03643496 
1016 26 8 16 0.036433302 
914 68 5 9 0.036369417 
41 106 10 20 0.036363102 
905 163 13 22 0.036331646 
238 51 6 14 0.036258597 
679 168 13 26 0.0362235 
779 286 11 28 0.03614877 
668 106 6 12 0.036136396 
101 452 17 30 0.03612096 
184 752 6 14 0.036112238 
719 87 7 17 0.0360931 
436 278 9 20 0.036080092 
400 540 10 25 0.03604888 
107 524 6 17 0.036035318 
930 265 20 33 0.03599432 
452 367 8 22 0.03599374 
66 102 7 15 0.035961844 
293 373 11 28 0.03595812 
934 178 12 19 0.035951298 
96 50 6 11 0.03592736 
693 222 12 25 0.035923924 
658 521 9 17 0.0359186 
19 106 6 13 0.035893366 
265 317 17 36 0.035873502 
737 424 17 30 0.03584471 
67 620 10 24 0.03584349 
333 460 11 26 0.035836123 
517 -10 7 11 0.035824634 
909 430 8 20 0.03581777 
240 621 12 22 0.035799515 
976 96 6 10 0.03579772 
681 365 10 22 0.03579403 
96 88 6 13 0.035789113 
935 582 8 27 0.03577255 
531 473 6 14 0.035764467 
186 160 5 10 0.035744466 
3 662 6 23 0.035737693 
948 605 9 25 0.035736002 
822 459 9 16 0.03570588 
132 645 7 29 0.035670742 
664 188 14 23 0.035614036 
48 462 16 22 0.03556898 
19 3 5 9 0.03556376 
434 333 12 29 0.035550725 
172 158 5 10 0.035479005 
936 549 7 19 0.03540533 
549 380 10 24 0.03537841 
410 388 9 30 0.035315607 
1005 704 4 13 0.035291784 
559 463 5 13 0.03527878 
144 39 6 11 0.03527038 
991 3 7 9 0.035270374 
97 68 6 9 0.035241667 
437 292 9 19 0.035238538 
171 126 6 13 0.03522552 
905 12 5 12 0.03521572 
595 409 10 19 0.035202194 
437 388 9 29 0.03519775 
252 538 6 13 0.035173614 
312 517 4 12 0.035134804 
206 538 10 20 0.03510456 
209 127 7 14 0.03506525 
490 66 5 13 0.035013832 
815 233 14 30 0.035010587 
847 470 8 18 0.03492661 
140 685 9 28 0.034871206 
909 442 10 24 0.034854352 
971 345 18 40 0.034837265 
20 472 10 22 0.034781467 
215 348 14 30 0.03475536 
1002 94 6 11 0.034734067 
814 5 6 9 0.034723558 
33 606 7 20 0.034703698 
219 598 8 22 0.03469484 
6 27 5 11 0.03469179 
991 150 8 15 0.034674946 
144 593 10 25 0.03466529 
137 449 19 31 0.034650072 
342 64 5 12 0.034632456 
968 41 6 13 0.03461187 
530 464 6 12 0.03460372 
429 114 6 13 0.034584943 
106 43 6 9 0.03456483 
553 44 5 10 0.03454874 
238 38 6 15 0.034536596 
747 -7 8 10 0.034532864 
928 541 5 15 0.034517612 
95 43 6 9 0.034507412 
211 157 5 10 0.034500577 
57 572 8 17 0.034483824 
4 674 6 23 0.034479313 
712 426 8 13 0.03443577 
986 233 12 29 0.034430046 
787 54 5 10 0.034323968 
326 437 8 15 0.034272287 
785 151 10 18 0.034263495 
341 77 5 13 0.034239065 
976 28 6 12 0.034235626 
117 508 8 19 0.03422973 
181 105 6 12 0.03422929 
925 272 14 28 0.034227453 
753 398 17 36 0.034220856 
133 62 7 14 0.034217864 
671 52 6 11 0.034056257 
909 419 10 22 0.034054566 
471 286 19 36 0.03403701 
489 52 5 13 0.03403537 
817 197 14 27 0.034027066 
1002 269 9 20 0.03400851 
174 67 5 10 0.033990845 
914 2 5 10 0.03398034 
479 352 10 29 0.033967435 
692 236 12 26 0.03393273 
44 306 21 36 0.033927474 
51 636 7 18 0.033920083 
848 32 5 8 0.033869784 
910 11 6 13 0.03384477 
929 69 5 8 0.033790354 
-39 661 302 361 0.033775143 
481 67 5 11 0.033686746 
877 130 6 12 0.033665944 
57 14 5 10 0.033656828 
655 705 6 11 0.0336146 
197 142 6 14 0.033607822 
144 674 7 27 0.033603787 
595 417 12 21 0.03359271 
425 388 9 30 0.03355757 
544 72 6 15 0.03353092 
407 558 12 30 0.033528626 
-10 17 168 243 0.03352828 
558 130 5 12 0.0335147 
296 467 9 24 0.033411477 
204 463 17 29 0.033367675 
399 401 10 29 0.033332508 
21 167 6 13 0.033297047 
5 120 6 14 0.033293065 
833 298 12 28 0.03323854 
96 101 6 14 0.03322177 
54 652 6 16 0.0331564 
608 65 5 11 0.03315445 
845 74 7 14 0.033145923 
903 44 4 10 0.03306523 
363 75 6 15 0.033026014 
235 145 5 10 0.033023324 
618 16 5 10 0.0330164 
959 286 16 30 0.032992758 
747 91 7 15 0.03298299 
231 435 15 24 0.032967404 
159 91 6 11 0.0329614 
582 118 5 11 0.032915905 
836 14 7 11 0.03291047 
23 457 21 31 0.032884095 
364 105 6 12 0.032852944 
207 567 10 22 0.032848448 
370 494 10 21 0.032810524 
710 455 7 20 0.03280036 
887 68 6 9 0.03278088 
302 95 4 9 0.032771036 
164 246 15 29 0.03271374 
839 108 5 10 0.032686193 
791 362 12 33 0.032583985 
752 271 15 35 0.03257421 
912 480 8 24 0.03255448 
658 50 5 12 0.03251133 
431 711 14 19 0.03239547 
742 506 13 30 0.032389194 
824 703 6 19 0.032373894 
60 702 5 15 0.03236459 
737 0 8 13 0.032363307 
143 51 6 12 0.032360297 
743 250 12 25 0.032359768 
170 143 5 12 0.032359675 
956 386 17 35 0.032337494 
952 707 6 10 0.03232327 
637 96 4 10 0.032305144 
25 303 15 26 0.03229772 
320 237 9 20 0.032274395 
279 461 12 30 0.032256767 
809 350 10 29 0.03222323 
247 54 6 10 0.032197326 
796 3 7 10 0.032143567 
14 413 10 30 0.03213519 
165 591 14 35 0.03212187 
944 241 16 26 0.032113675 
708 37 6 13 0.03209763 
941 56 5 9 0.032053806 
972 222 13 26 0.032024283 
332 219 12 25 0.032024126 
32 97 9 19 0.03201365 
799 16 5 10 0.032012615 
286 365 11 25 0.032000203 
565 309 13 28 0.03195428 
577 361 12 32 0.031898152 
846 739 8 23 0.031862408 
1003 -5 6 7 0.031850047 
102 590 10 29 0.031831764 
153 248 14 28 0.031779826 
520 10 6 15 0.031774282 
303 549 7 18 0.03176305 
480 93 5 9 0.031758614 
893 372 17 41 0.031755425 
258 545 7 16 0.031701777 
950 13 7 13 0.031693812 
840 28 5 10 0.031683 
651 198 16 28 0.03167326 
93 589 10 34 0.031646367 
907 702 10 18 0.031623483 
555 4 6 10 0.0316149 
280 588 8 16 0.031534445 
538 381 11 25 0.031485666 
210 141 6 13 0.03148546 
905 5 5 9 0.031484738 
503 490 5 10 0.031467658 
948 559 9 20 0.031423923 
143 63 7 13 0.03141336 
972 425 14 37 0.0313841 
209 596 9 25 0.031381413 
945 425 12 32 0.031376544 
566 17 6 11 0.031364664 
27 324 15 31 0.031352848 
80 16 6 9 0.031283077 
209 583 9 22 0.031228617 
696 40 5 11 0.031195767 
502 0 6 12 0.031194543 
878 76 6 11 0.031170255 
603 89 6 14 0.031147646 
845 245 13 26 0.031142678 
269 364 12 30 0.031106422 
120 42 6 10 0.031104118 
46 648 6 17 0.031100623 
508 326 13 30 0.031098858 
338 513 5 15 0.03107362 
475 447 10 19 0.031071011 
364 494 9 22 0.031065175 
81 571 7 19 0.031060847 
774 74 8 19 0.031025212 
758 21 8 18 0.031016102 
15 663 6 20 0.031010464 
237 614 7 14 0.031007476 
309 455 10 24 0.03100501 
917 553 4 12 0.03096554 
698 6 6 10 0.030952726 
430 466 7 12 0.030920332 
227 314 14 27 0.03091582 
251 142 5 11 0.030913116 
567 471 6 15 0.030901644 
415 113 6 14 0.030892244 
613 335 12 31 0.030851258 
682 76 6 13 0.030810727 
317 313 18 39 0.0308011 
425 66 7 12 0.030783845 
1015 703 6 16 0.0307609 
903 81 5 9 0.030752286 
915 678 8 13 0.030748175 
599 348 14 31 0.030740144 
743 285 13 29 0.030728962 
15 676 6 20 0.030710459 
782 349 12 34 0.03070661 
744 389 12 28 0.030695703 
630 495 8 17 0.030667644 
550 427 8 27 0.030654313 
933 209 13 25 0.030595666 
383 385 12 36 0.030575873 
-12 -151 360 166 0.030551178 
927 57 4 8 0.030523332 
121 686 7 24 0.030420754 
290 414 14 27 0.03037132 
191 402 12 28 0.030368283 
452 351 8 24 0.03026287 
28 572 8 18 0.030262535 
715 451 10 24 0.030247908 
281 238 12 23 0.030226208 
565 73 7 16 0.030222373 
57 27 6 11 0.030218164 
71 324 19 30 0.030202953 
753 150 11 21 0.030195566 
343 54 4 10 0.030149302 
659 269 31 58 0.030120417 
71 16 5 8 0.030109443 
929 219 64 97 0.030105028 
20 29 5 9 0.03009392 
195 751 7 19 0.030089771 
146 81 5 11 0.030089157 
180 266 14 24 0.030043216 
143 389 12 25 0.03004132 
950 718 6 12 0.030035034 
835 315 11 23 0.030029783 
31 68 6 10 0.030010039 
732 238 10 24 0.030001672 
958 592 12 28 0.029950324 
322 407 10 23 0.02994458 
958 238 15 28 0.029941676 
503 142 8 13 0.02993117 
452 473 7 13 0.029905036 
670 304 72 101 0.029900314 
77 285 14 27 0.029895708 
721 411 11 18 0.029841904 
30 3 6 9 0.029825212 
525 88 9 17 0.029771581 
389 613 7 16 0.029747037 
119 428 21 31 0.029732252 
792 -12 175 235 0.029726077 
923 440 10 27 0.02969196 
751 334 13 31 0.029691227 
83 120 5 11 0.029680783 
397 370 13 38 0.029680127 
658 513 8 14 0.029679481 
174 566 15 27 0.029673282 
793 392 11 24 0.0296519 
604 103 6 13 0.029644692 
546 502 5 12 0.029593237 
1014 677 9 19 0.029591564 
492 2 6 12 0.02952166 
187 497 8 17 0.029520048 
410 256 14 30 0.029512495 
4 76 6 17 0.029508905 
19 16 5 9 0.029508453 
620 4 5 10 0.029504392 
6 148 8 19 0.02948443 
766 363 13 29 0.029473336 
913 44 5 10 0.029457482 
221 77 7 13 0.029380748 
442 75 5 12 0.029379657 
143 525 7 18 0.029371504 
921 413 13 28 0.029298695 
912 718 7 12 0.029251173 
994 434 18 42 0.029251145 
683 52 6 11 0.029242372 
873 764 6 20 0.029236957 
146 721 6 13 0.029174209 
887 78 6 10 0.029121224 
963 427 12 31 0.02910596 
350 509 8 20 0.029077541 
421 327 16 36 0.029042419 
918 564 5 15 0.029039498 
58 564 5 12 0.029018145 
731 289 11 25 0.029017264 
1011 418 14 25 0.029004727 
411 305 12 22 0.028971227 
134 524 7 18 0.028948952 
460 337 11 29 0.02893016 
975 14 7 12 0.028929802 
644 65 5 13 0.028911524 
924 479 9 28 0.028909823 
442 69 5 10 0.028905233 
758 90 7 16 0.028901063 
986 263 12 25 0.028897984 
425 89 6 13 0.028894467 
934 662 12 21 0.02888551 
837 90 6 12 0.028877787 
416 104 6 14 0.02887559 
37 445 14 25 0.02886711 
20 42 4 8 0.02886495 
949 548 9 21 0.028830146 
873 466 10 22 0.028827514 
94 448 9 18 0.028807765 
438 559 9 22 0.028799446 
512 195 18 27 0.028729936 
543 485 6 15 0.028711434 
55 584 9 20 0.028704913 
595 33 5 8 0.028678752 
992 44 5 10 0.028675789 
882 712 12 21 0.0286736 
551 338 9 23 0.028642287 
351 498 7 18 0.028641935 
129 507 8 19 0.028637817 
72 547 5 14 0.028620863 
128 340 11 23 0.02859974 
93 3 7 9 0.028569542 
656 78 6 13 0.028540734 
831 155 13 20 0.028514389 
133 41 6 10 0.028477978 
659 19 4 8 0.028471993 
951 25 7 15 0.028464938 
981 425 19 40 0.02845443 
721 24 7 14 0.028425047 
84 325 16 29 0.028419731 
205 508 9 20 0.02838056 
819 444 14 21 0.028356459 
82 42 6 10 0.028338658 
658 26 6 10 0.028330214 
22 562 4 14 0.028327595 
30 142 7 13 0.028317854 
542 301 9 22 0.028279873 
614 351 12 27 0.02826107 
838 590 15 33 0.028256474 
803 257 14 33 0.028251775 
96 547 7 16 0.028219907 
518 475 6 12 0.028210018 
705 5 7 11 0.028205102 
634 399 9 15 0.028194232 
149 374 14 31 0.028184414 
293 252 12 23 0.028183246 
990 12 7 13 0.028153034 
865 97 5 8 0.028141454 
544 85 6 17 0.028131718 
330 327 16 39 0.028124169 
311 94 5 10 0.028116388 
301 558 7 16 0.028093087 
1003 77 6 12 0.028084472 
325 108 6 10 0.028056534 
994 310 17 31 0.028052378 
64 572 9 18 0.028049285 
342 383 16 40 0.028030943 
808 376 9 26 0.028020076 
746 353 9 23 0.027968992 
552 510 6 14 0.027966965 
9 287 16 30 0.027939878 
4 610 8 24 0.02791862 
927 164 64 100 0.027911846 
619 27 5 10 0.027868066 
934 367 16 41 0.027843945 
285 0 195 310 0.02784276 
757 33 9 19 0.027837127 
192 534 10 22 0.027812164 
916 580 7 24 0.027804399 
578 394 9 22 0.027801247 
131 729 9 15 0.027755095 
669 354 9 25 0.027718497 
489 261 14 26 0.027710827 
765 260 12 28 0.027707616 
131 719 8 16 0.027683455 
258 374 11 30 0.027626107 
83 77 6 11 0.027615381 
947 616 12 31 0.027565897 
923 177 11 19 0.027551223 
860 483 7 19 0.027515035 
860 752 7 20 0.027481023 
540 313 9 20 0.027471678 
848 483 8 18 0.027463501 
311 572 9 21 0.027450332 
708 470 7 19 0.027428733 
249 42 5 10 0.027415633 
78 587 11 34 0.027391601 
795 261 11 29 0.02738773 
825 417 18 27 0.027376082 
772 499 7 14 0.027373036 
435 349 10 28 0.027325101 
922 163 10 18 0.02731917 
654 718 6 13 0.027302317 
628 215 11 23 0.027289253 
68 564 6 14 0.027274719 
645 694 7 12 0.027272744 
555 101 6 16 0.027271632 
391 604 5 12 0.027260644 
17 65 5 12 0.02721983 
793 340 10 25 0.02721575 
445 94 4 11 0.02719718 
640 356 9 26 0.027173152 
588 212 17 27 0.027166536 
793 324 10 23 0.02714633 
836 729 6 20 0.027145924 
95 28 6 9 0.027131977 
686 704 7 13 0.027131405 
87 489 14 27 0.02712455 
67 76 7 12 0.027113859 
109 461 21 34 0.027109312 
334 237 11 20 0.027107438 
482 43 4 9 0.02707978 
204 400 13 33 0.027079616 
42 39 6 10 0.027061796 
109 510 7 17 0.027058028 
309 332 84 101 0.027054168 
685 24 5 10 0.027022375 
482 52 5 10 0.026991175 
823 67 5 9 0.026972948 
821 505 8 18 0.026948186 
901 423 8 17 0.026944488 
695 51 6 12 0.026934627 
185 142 6 13 0.02690752 
540 286 11 25 0.026897835 
858 421 9 19 0.026895015 
872 480 8 21 0.026893085 
808 484 7 15 0.026883833 
705 365 9 24 0.02688248 
247 574 8 19 0.026863966 
746 368 10 21 0.026859703 
664 522 9 18 0.026858697 
81 548 7 15 0.026780916 
462 326 10 25 0.026780594 
203 493 10 23 0.026746914 
359 505 10 27 0.026735172 
923 652 10 17 0.026701795 
64 594 11 26 0.026696518 
919 295 14 34 0.026667088 
655 694 7 12 0.026661953 
869 695 16 25 0.026660748 
783 164 11 19 0.02664933 
807 197 12 26 0.02662682 
872 175 11 20 0.026609529 
859 402 9 23 0.026608009 
672 20 4 7 0.026592446 
731 262 11 25 0.026587447 
57 132 6 12 0.026549183 
995 386 19 31 0.026543668 
885 503 9 29 0.02651723 
410 321 15 29 0.026505018 
12 743 12 40 0.026501857 
59 310 20 32 0.026481431 
609 15 6 11 0.02647536 
878 43 5 8 0.02645493 
144 365 11 24 0.026451861 
711 69 5 11 0.02644413 
73 300 16 27 0.026436687 
128 325 12 23 0.026430419 
425 481 9 17 0.026426673 
489 42 5 12 0.026424317 
220 610 7 17 0.026395677 
871 393 13 32 0.026390605 
133 78 7 13 0.02637933 
144 743 7 17 0.026362807 
71 34 180 263 0.02635476 
70 43 5 8 0.026338033 
603 190 11 20 0.026329853 
646 78 5 13 0.02632301 
540 327 9 20 0.026301377 
312 539 6 16 0.026293717 
358 208 16 24 0.026282506 
751 296 15 31 0.026272863 
324 466 8 22 0.026267262 
968 726 6 14 0.026263172 
337 487 6 16 0.02625009 
971 389 14 30 0.026233494 
841 39 5 9 0.026225412 
28 429 9 27 0.026164804 
517 77 7 14 0.026154831 
242 372 13 33 0.026144495 
980 64 5 11 0.026134962 
777 404 17 40 0.026117105 
550 310 11 24 0.026106533 
236 91 6 11 0.026086902 
5 64 6 14 0.026079997 
991 78 6 12 0.026078906 
628 454 11 22 0.026078586 
159 82 5 10 0.026028639 
554 446 6 17 0.026027048 
386 416 9 26 0.02602434 
405 438 7 15 0.025991341 
416 147 5 10 0.02597859 
951 52 6 12 0.025954435 
978 318 18 36 0.025945164 
396 342 13 38 0.025907563 
845 153 10 17 0.025905458 
237 105 5 11 0.025886105 
824 53 6 10 0.025884937 
551 325 10 24 0.025884014 
671 66 6 12 0.025872832 
499 199 15 24 0.025858024 
684 6 5 8 0.025849938 
97 536 8 20 0.025845686 
646 717 6 14 0.025824962 
824 90 6 13 0.025817478 
932 221 12 26 0.025810122 
250 513 5 16 0.025802176 
6 42 5 9 0.025799818 
246 605 8 14 0.025780613 
428 555 9 24 0.025778266 
819 273 11 29 0.025765263 
533 49 6 13 0.025711384 
729 224 10 24 0.025711263 
646 705 5 12 0.025684977 
44 53 6 10 0.02568312 
18 54 4 9 0.025681205 
238 285 70 91 0.025679378 
415 498 6 17 0.02567593 
208 527 7 14 0.02567468 
332 398 14 32 0.025674524 
292 348 14 34 0.02564892 
29 446 11 21 0.025626186 
43 129 6 13 0.025619915 
17 691 5 18 0.025606977 
948 457 7 20 0.02555171 
918 385 16 33 0.025546812 
645 27 5 9 0.025528403 
817 407 17 30 0.025510477 
923 596 11 36 0.025500562 
552 366 9 23 0.025499158 
121 14 6 10 0.025489537 
735 29 10 25 0.025444826 
938 724 8 14 0.025403699 
565 336 11 27 0.025377844 
329 360 16 35 0.02537624 
159 721 6 12 0.02534993 
42 15 6 9 0.025336098 
968 706 5 11 0.025325084 
502 505 9 20 0.02529155 
650 379 13 28 0.025277002 
542 475 5 13 0.025275592 
647 19 4 8 0.025273535 
84 4 5 8 0.025267988 
417 485 6 14 0.025262672 
58 39 6 10 0.025254482 
964 680 7 14 0.0252414 
518 464 6 12 0.025236582 
3 185 6 12 0.02522667 
409 273 14 27 0.025215443 
407 359 12 35 0.025213027 
499 338 15 28 0.02520874 
906 270 15 29 0.025201345 
577 335 12 29 0.025181055 
532 485 5 14 0.02516894 
968 49 6 13 0.025165772 
373 476 7 14 0.025127733 
953 82 5 9 0.025117416 
89 506 10 21 0.02511586 
834 274 13 29 0.025086137 
490 24 6 15 0.025070231 
107 29 5 9 0.025069213 
618 53 5 11 0.0250447 
934 398 12 28 0.02503973 
856 657 16 27 0.025021596 
12 303 71 79 0.025006471 
862 439 8 12 0.024969175 
379 615 5 14 0.024967298 
496 326 36 73 0.02496586 
720 66 6 16 0.024964856 
564 418 8 22 0.024957096 
906 368 17 41 0.024951769 
396 259 13 28 0.02494374 
834 234 12 24 0.024940936 
164 417 11 24 0.024935894 
564 349 12 29 0.024920924 
611 239 16 26 0.024919597 
8 397 83 87 0.024894115 
960 413 13 31 0.02488327 
791 301 11 26 0.02487949 
213 326 15 30 0.024876617 
225 8 6 15 0.024846423 
462 365 9 23 0.02484271 
527 73 8 16 0.024819572 
460 374 11 30 0.024794959 
975 450 10 28 0.024790147 
424 361 11 30 0.024787843 
57 5 5 9 0.02477883 
719 310 11 26 0.024778346 
989 499 47 68 0.024724387 
366 359 17 37 0.024724191 
309 433 9 19 0.024716632 
945 212 17 33 0.024716126 
453 52 5 10 0.024700195 
582 484 7 16 0.02468895 
132 28 5 10 0.02468095 
188 296 22 33 0.024675786 
377 45 6 9 0.024649536 
0 327 14 39 0.02464513 
117 479 14 26 0.024636872 
182 416 10 24 0.024634505 
57 470 17 22 0.024619356 
194 483 10 22 0.024616165 
951 38 7 15 0.024612097 
835 716 6 19 0.02458533 
935 535 8 19 0.024569208 
114 421 17 26 0.024543973 
447 415 14 30 0.024523936 
734 104 7 15 0.0245222 
631 707 4 12 0.024498707 
46 226 1371 866 0.024491955 
639 453 11 23 0.024483835 
968 721 5 10 0.024472764 
237 76 6 12 0.024469089 
971 366 16 38 0.024454854 
21 379 19 36 0.024448356 
142 729 8 14 0.024428545 
31 29 5 9 0.024427617 
348 716 9 15 0.02441872 
240 349 15 31 0.024388451 
734 42 8 23 0.024362765 
214 422 86 87 0.024353644 
983 400 17 32 0.024338357 
5 -6 4 8 0.024309745 
116 520 7 19 0.024309224 
860 471 8 18 0.024302786 
991 91 6 12 0.024290754 
207 54 6 13 0.024281673 
121 28 5 10 0.02426143 
819 389 12 30 0.024257548 
229 383 13 36 0.024250919 
352 489 5 14 0.024222992 
225 345 16 35 0.024202835 
384 219 12 23 0.024169615 
698 108 5 11 0.024159672 
327 516 4 11 0.024142804 
30 40 6 9 0.024141958 
320 372 12 29 0.024124075 
95 524 6 16 0.024119675 
450 304 9 20 0.024118215 
4 88 6 16 0.024094881 
503 477 6 12 0.024077548 
730 185 11 22 0.02405645 
156 417 11 25 0.024053428 
592 472 8 18 0.024048561 
280 250 14 26 0.024047567 
854 172 14 24 0.024047153 
345 312 12 28 0.024030583 
952 585 8 21 0.024025625 
341 43 5 9 0.024021508 
563 210 13 27 0.02401785 
299 41 5 8 0.024012836 
385 653 7 18 0.023998879 
588 374 10 27 0.023976425 
683 378 9 23 0.023963518 
808 174 12 22 0.023956604 
873 440 7 12 0.02394092 
530 -7 5 9 0.02392104 
838 734 7 31 0.023888497 
746 475 7 16 0.023877623 
636 19 4 8 0.02387518 
532 63 6 14 0.0238694 
636 65 5 12 0.02386264 
1004 349 25 36 0.023859994 
500 276 174 204 0.023859577 
352 522 8 20 0.023844372 
425 522 8 21 0.023838969 
873 506 10 26 0.02382103 
196 447 10 22 0.023817183 
19 -6 5 8 0.023806892 
416 476 6 12 0.023802176 
77 619 11 28 0.023800548 
271 56 5 9 0.023797609 
768 340 11 25 0.023777496 
42 28 6 9 0.02377247 
345 346 14 33 0.02375284 
82 563 6 15 0.023748003 
967 458 6 19 0.023726169 
542 99 7 17 0.023719339 
541 342 8 20 0.023701904 
368 519 12 29 0.023682946 
517 140 70 110 0.023681073 
231 8 7 15 0.023677541 
474 473 8 15 0.023677185 
888 523 9 24 0.023670137 
1000 247 11 27 0.023607366 
811 685 6 22 0.023602238 
284 81 5 10 0.023596872 
566 431 8 20 0.02357925 
638 288 19 38 0.023570074 
732 59 8 21 0.023567535 
232 1 7 11 0.023557613 
691 250 13 25 0.023549546 
453 466 6 11 0.023546793 
155 402 10 26 0.023543376 
889 32 5 8 0.02352692 
44 691 5 14 0.023526851 
524 281 13 28 0.023519274 
401 510 8 20 0.023504747 
307 377 12 26 0.023504013 
975 679 6 14 0.023488391 
196 2 6 9 0.023474684 
505 -9 6 11 0.023463862 
632 471 8 18 0.02345808 
866 660 17 25 0.023443863 
486 424 14 30 0.023421085 
29 584 8 18 0.023390844 
197 469 11 22 0.023381272 
166 404 10 23 0.023377847 
750 422 17 31 0.023360228 
952 692 7 12 0.023353145 
966 80 5 10 0.023352526 
81 91 6 13 0.023328254 
718 471 7 17 0.023325088 
490 460 7 15 0.023307225 
32 703 7 17 0.023301758 
965 2 7 11 0.023286356 
936 620 9 24 0.02326329 
310 447 9 17 0.023262039 
155 618 11 28 0.023253746 
671 76 7 13 0.02323541 
268 385 12 33 0.023235207 
25 725 8 24 0.023201518 
527 129 7 16 0.023197422 
619 65 4 11 0.023188028 
370 383 14 39 0.023144942 
401 500 6 14 0.023141036 
103 477 13 26 0.023135137 
225 1 6 11 0.023132563 
400 520 12 28 0.023132384 
239 458 17 32 0.023129443 
33 483 21 31 0.023128629 
7 53 4 10 0.023099866 
616 399 11 20 0.023098946 
379 637 6 18 0.023094416 
242 282 16 36 0.023087071 
949 494 11 29 0.023079408 
467 81 5 10 0.023077706 
282 346 14 33 0.023072317 
214 364 16 41 0.02307159 
189 210 68 103 0.023065882 
852 634 49 74 0.02305808 
503 22 7 17 0.023008468 
72 539 5 15 0.022974452 
823 76 6 12 0.022968668 
782 525 7 18 0.02295954 
427 53 6 10 0.022954507 
81 27 6 10 0.022954239 
846 262 13 27 0.022953264 
951 472 6 19 0.022945205 
606 78 6 12 0.022943921 
776 63 6 14 0.022941526 
282 598 8 15 0.022927357 
235 588 6 15 0.022908794 
1016 -7 6 10 0.022878328 
347 224 14 25 0.022874478 
900 536 7 20 0.022870919 
862 44 5 9 0.02284955 
487 444 11 21 0.022848304 
542 463 5 12 0.022843275 
809 678 7 17 0.022824045 
260 528 6 13 0.022822473 
698 89 7 14 0.022809591 
822 289 11 26 0.022757852 
161 37 6 11 0.022724004 
217 399 13 36 0.022711482 
251 548 6 14 0.022678953 
371 413 12 31 0.022673309 
605 449 12 25 0.022655444 
675 371 84 102 0.0226549 
30 112 8 15 0.022645157 
401 420 8 22 0.022641616 
355 312 74 93 0.022629464 
939 12 7 12 0.022610573 
567 379 8 21 0.022605147 
632 357 8 23 0.022602782 
128 364 13 24 0.022586334 
252 529 5 12 0.022585517 
79 100 8 15 0.022579322 
794 286 10 25 0.022569017 
658 39 5 12 0.022555824 
69 635 8 20 0.022548636 
476 398 12 33 0.022524374 
926 725 7 13 0.022504099 
949 572 8 20 0.022472888 
1013 662 9 18 0.022467146 
410 521 11 26 0.02245764 
670 27 6 9 0.022453185 
234 573 7 17 0.022439353 
772 491 6 12 0.022428133 
64 581 9 23 0.022418357 
619 42 4 10 0.022416402 
1009 398 18 30 0.022397213 
722 35 6 16 0.022390584 
257 352 12 26 0.022336446 
672 490 5 11 0.02233322 
621 704 5 14 0.022324327 
710 487 5 14 0.022304218 
756 -8 8 10 0.022296218 
661 137 64 103 0.022286216 
326 482 5 19 0.022268115 
695 65 6 12 0.022250023 
578 417 9 21 0.022247672 
683 91 6 12 0.022220165 
57 54 6 9 0.022209495 
849 93 6 11 0.022198454 
414 45 5 9 0.022192148 
742 38 10 27 0.02218853 
411 458 9 16 0.022173129 
977 707 5 11 0.022159478 
612 303 15 41 0.02212611 
78 491 12 24 0.022114443 
12 370 19 31 0.022091817 
640 337 10 28 0.022091419 
874 494 8 21 0.022067102 
46 675 6 17 0.022058941 
929 721 6 10 0.022055872 
550 350 11 26 0.022053212 
559 117 5 13 0.022051023 
812 497 6 15 0.022046233 
792 245 13 31 0.022027848 
628 336 10 29 0.022018882 
684 43 5 10 0.022002295 
567 450 6 14 0.021992873 
945 280 17 32 0.021965306 
248 497 7 21 0.021956295 
604 399 10 18 0.021949284 
247 562 7 16 0.02193887 
401 45 6 9 0.021936353 
510 313 13 28 0.021919351 
212 607 6 23 0.021905916 
30 129 6 14 0.021892566 
67 727 6 17 0.021891063 
408 332 14 33 0.02186579 
243 327 12 26 0.021851346 
656 334 11 32 0.02184292 
995 432 35 91 0.021840665 
633 381 10 20 0.021840643 
832 389 10 28 0.021837525 
67 90 8 15 0.021818044 
934 349 14 34 0.021818003 
895 302 13 28 0.021817757 
502 11 7 17 0.021816602 
478 375 11 28 0.021785095 
244 307 14 31 0.021784099 
846 436 9 15 0.021773605 
248 587 8 16 0.021768332 
801 483 7 15 0.02176005 
274 418 10 19 0.02174526 
372 431 9 22 0.021731902 
732 89 7 17 0.021727562 
846 0 7 11 0.021716822 
906 296 14 33 0.02171676 
25 412 12 33 0.021716405 
656 352 9 27 0.021698382 
977 4 6 10 0.021695316 
717 322 11 28 0.02169418 
216 431 19 31 0.021680158 
512 299 12 26 0.021678438 
358 443 11 21 0.021665594 
992 28 6 12 0.021658393 
621 106 5 10 0.021651838 
359 456 11 21 0.021639414 
286 576 7 16 0.021624649 
161 30 5 10 0.021619868 
633 2 5 10 0.021617724 
709 51 5 13 0.021580417 
261 13 5 9 0.02157318 
314 502 5 15 0.021561513 
438 479 8 18 0.021559287 
861 493 8 19 0.021548005 
898 726 8 15 0.021530662 
564 402 11 27 0.021530574 
198 729 6 15 0.021511607 
257 262 70 76 0.021495124 
94 561 7 15 0.021487264 
57 551 6 13 0.021475151 
997 418 16 29 0.021461572 
861 545 7 24 0.021431882 
117 535 8 19 0.021431446 
302 537 6 13 0.021417165 
845 420 11 19 0.021414805 
198 57 6 11 0.021406783 
711 413 8 14 0.021370124 
275 43 4 7 0.021369755 
179 428 11 24 0.02134778 
669 41 6 10 0.02134707 
653 306 14 31 0.021337932 
697 489 5 12 0.021329664 
808 391 11 26 0.021327464 
503 66 6 13 0.02130746 
80 538 6 16 0.02130221 
145 511 7 15 0.021299986 
776 49 6 13 0.021295719 
141 494 10 20 0.021220686 
81 446 8 18 0.021218786 
343 412 15 32 0.021196151 
408 290 13 25 0.021193797 
449 291 9 18 0.0211904 
608 4 6 10 0.021176616 
31 650 6 16 0.021161469 
697 79 6 12 0.021153912 
820 675 8 21 0.021149946 
720 367 7 20 0.021146866 
935 635 11 25 0.02114565 
21 573 6 17 0.021137087 
947 394 15 33 0.021106072 
578 431 10 22 0.021080388 
98 343 14 26 0.021073438 
100 387 12 25 0.021063939 
968 67 4 10 0.021039017 
657 680 8 14 0.021034656 
10 449 76 89 0.021033859 
29 53 6 10 0.021012722 
440 48 7 13 0.021000532 
734 396 9 21 0.020987712 
257 480 9 25 0.020977765 
142 351 12 26 0.020947548 
229 223 63 96 0.020940857 
1013 650 10 20 0.020930596 
319 344 16 36 0.020928161 
979 79 5 11 0.020921217 
303 328 18 39 0.020884614 
401 717 7 13 0.02088151 
116 327 12 22 0.020866044 
60 711 6 19 0.02086567 
646 53 5 12 0.020865161 
847 409 9 18 0.020857386 
255 462 12 26 0.020851908 
305 251 13 23 0.02084818 
862 76 6 12 0.020848082 
941 40 6 12 0.020838866 
654 368 10 25 0.02083103 
105 432 16 25 0.020830803 
960 662 10 19 0.020827243 
300 482 6 19 0.020823935 
108 2 7 9 0.020815672 
287 14 6 8 0.020799149 
338 497 6 17 0.020792855 
636 387 31 53 0.020762494 
389 433 7 18 0.020742936 
441 14 6 9 0.02073749 
52 386 76 91 0.020734306 
-165 -278 716 878 0.020734148 
475 427 12 26 0.020709878 
900 683 8 12 0.020709366 
400 726 7 17 0.020692522 
66 693 6 14 0.020691857 
567 2 6 11 0.020691073 
845 377 11 28 0.020676667 
139 481 13 24 0.020676529 
863 519 8 24 0.020672573 
313 482 5 20 0.02065343 
464 65 6 12 0.020638432 
28 714 8 21 0.020633714 
335 714 12 16 0.020632215 
165 441 11 24 0.020632064 
381 358 14 36 0.020627419 
31 15 6 9 0.020616092 
685 491 4 10 0.020590138 
459 412 13 32 0.020589141 
412 510 8 21 0.020584961 
615 366 12 27 0.020555995 
423 418 11 25 0.020553263 
292 527 4 12 0.020533511 
32 688 7 18 0.020532742 
805 284 11 27 0.020528132 
152 464 14 26 0.020521736 
722 15 6 13 0.020506289 
575 204 16 29 0.020501232 
862 532 8 24 0.020499015 
948 662 11 21 0.02049505 
955 137 70 106 0.020490056 
1002 143 30 54 0.020476123 
431 130 5 12 0.020467289 
24 531 8 22 0.02046327 
223 50 6 16 0.0204579 
958 485 16 42 0.020454798 
450 276 10 21 0.020445703 
235 26 6 14 0.020407477 
582 32 5 9 0.02040716 
720 680 6 11 0.020395963 
914 541 5 14 0.020391889 
800 476 7 14 0.02038438 
466 449 8 15 0.02036781 
665 432 12 19 0.020354787 
93 434 10 18 0.020347513 
733 355 7 20 0.020329162 
309 403 12 26 0.020314507 
823 688 7 21 0.020307004 
716 263 12 25 0.020305159 
999 611 11 26 0.020303804 
637 224 14 27 0.020299016 
451 44 5 9 0.020291992 
219 538 7 15 0.020272937 
736 -8 7 10 0.020232096 
309 468 8 23 0.020224953 
903 27 5 12 0.020224031 
663 415 13 22 0.020198314 
78 479 13 22 0.020193728 
582 3 6 11 0.020193402 
63 491 13 23 0.020191059 
218 636 11 25 0.020186171 
581 15 6 10 0.020175397 
0 274 16 27 0.020160852 
332 252 11 22 0.020149715 
895 272 15 29 0.02014659 
979 722 4 10 0.020126343 
42 702 6 15 0.020091657 
873 533 7 23 0.0200782 
58 730 5 14 0.020077677 
627 291 14 36 0.020070747 
121 421 83 97 0.02004369 
203 -150 367 127 0.020035628 
117 342 11 22 0.020025996 
427 694 11 19 0.020018691 
113 363 13 27 0.02000555 
496 308 17 35 0.019988421 
640 469 8 20 0.019984992 
926 506 8 21 0.019968614 
173 754 6 12 0.019944664 
986 376 14 28 0.019923393 
247 2 6 10 0.019922338 
956 213 16 33 0.019904232 
61 197 74 97 0.019896472 
2 103 7 15 0.019882554 
743 237 11 24 0.01987309 
441 214 149 198 0.019857787 
288 41 4 8 0.019847985 
748 503 7 16 0.019836875 
329 260 12 28 0.019825414 
721 47 7 18 0.019821832 
696 428 7 12 0.019819843 
477 326 10 23 0.01979305 
28 739 7 21 0.019781666 
684 746 4 9 0.019781258 
890 535 8 21 0.019778104 
364 475 7 14 0.019770054 
157 675 9 23 0.019768115 
878 32 5 8 0.01975635 
363 714 7 15 0.01972623 
825 322 8 15 0.019709228 
237 605 6 14 0.019704929 
215 555 12 25 0.019699467 
907 212 13 25 0.019695213 
257 610 7 15 0.019678079 
926 521 7 19 0.019675937 
635 78 5 13 0.019668924 
558 473 5 13 0.019668588 
1006 680 5 13 0.019635625 
139 322 15 28 0.019625753 
193 428 10 27 0.01962549 
428 573 10 23 0.01962339 
402 457 8 16 0.019614596 
690 393 10 22 0.019611685 
157 524 7 17 0.01957791 
885 736 11 18 0.019568456 
273 548 8 16 0.019548986 
326 526 5 11 0.019543704 
961 544 10 23 0.019541327 
390 487 6 12 0.019539239 
928 205 139 181 0.019520666 
440 31 5 10 0.01952054 
826 302 9 21 0.019509219 
862 31 5 9 0.019491544 
343 210 15 24 0.019474683 
169 574 13 29 0.01946978 
760 473 8 16 0.019448861 
259 715 10 17 0.019443108 
517 24 7 15 0.019439762 
728 308 14 30 0.019434048 
782 261 11 27 0.019433996 
425 530 11 24 0.019417185 
423 446 10 16 0.019397197 
286 6 6 8 0.019393299 
862 777 7 24 0.019388342 
645 38 6 12 0.0193845 
964 470 8 21 0.01935797 
547 510 6 13 0.019348044 
593 440 10 22 0.019325383 
262 44 4 8 0.019298645 
357 385 14 36 0.019294953 
17 586 7 19 0.019293655 
330 275 12 26 0.019236749 
121 594 10 25 0.01921357 
260 603 6 12 0.01920923 
873 420 8 19 0.019195525 
493 476 5 12 0.019195221 
128 550 16 39 0.019184995 
424 434 9 17 0.019177277 
746 74 8 19 0.019171407 
959 617 13 31 0.019159194 
603 470 9 20 0.019156456 
909 398 14 30 0.019125951 
745 210 75 125 0.019099489 
274 536 7 15 0.019086406 
874 779 6 21 0.019003816 
276 32 4 7 0.018971786 
259 336 12 26 0.018971218 
766 440 14 27 0.018965976 
414 715 8 13 0.01896021 
848 391 9 25 0.018951546 
100 327 13 25 0.018945267 
169 559 14 25 0.018941654 
118 4 7 8 0.018932493 
939 707 6 10 0.018929962 
979 280 28 51 0.018920299 
287 32 5 7 0.01891824 
474 306 13 30 0.018912965 
298 573 7 17 0.018885814 
456 482 7 17 0.018877042 
982 360 16 33 0.01886851 
836 662 11 20 0.018866967 
937 502 10 26 0.018864963 
358 358 16 35 0.018849622 
117 728 11 18 0.018846812 
321 390 10 24 0.018844366 
348 469 8 18 0.018840965 
527 303 10 19 0.01883973 
517 488 5 11 0.018836945 
222 65 6 14 0.018836366 
413 129 6 12 0.01883609 
713 273 66 109 0.018834084 
539 369 11 22 0.01882728 
84 525 6 15 0.018821592 
263 512 5 16 0.018801467 
840 55 5 9 0.018776268 
309 626 7 13 0.018756837 
733 368 7 20 0.018748825 
887 437 7 13 0.018736579 
257 423 9 19 0.018735014 
105 494 10 20 0.018724207 
943 352 13 30 0.018720642 
730 74 8 19 0.018710589 
166 457 12 22 0.018710282 
912 25 6 14 0.018695325 
43 4 5 9 0.018695083 
1012 610 14 29 0.018688373 
896 504 10 27 0.018662786 
594 3 7 10 0.018657135 
952 66 5 10 0.018654376 
786 510 5 14 0.018652046 
383 248 13 26 0.018634211 
950 673 11 21 0.018633876 
62 463 12 17 0.01862768 
410 419 10 26 0.018626133 
306 635 11 21 0.01861572 
375 14 7 10 0.018608456 
932 295 15 35 0.01860734 
671 6 5 8 0.018581705 
997 336 18 32 0.018579733 
896 398 13 30 0.01856252 
847 139 68 91 0.018560274 
656 529 10 19 0.018549835 
722 399 8 18 0.018546972 
812 507 7 18 0.01852414 
670 562 7 18 0.018523507 
288 565 7 13 0.018511591 
757 45 8 19 0.018506749 
344 697 12 20 0.01850041 
591 485 7 16 0.01848106 
791 345 77 97 0.01847983 
209 10 6 12 0.018478656 
554 486 6 16 0.018458331 
493 -7 5 10 0.018435199 
657 564 6 16 0.018410616 
568 484 7 17 0.018401995 
299 32 5 7 0.01838436 
595 15 6 10 0.018371195 
685 445 9 17 0.018361187 
83 507 7 19 0.018319022 
171 524 8 19 0.01830603 
70 27 6 10 0.01830017 
658 66 5 12 0.018294528 
167 37 7 11 0.018285468 
412 587 8 17 0.018283024 
488 341 10 24 0.01827803 
180 443 10 23 0.018275712 
674 733 4 9 0.018246084 
860 743 8 17 0.01824027 
176 243 14 25 0.018231211 
1008 445 18 45 0.018222306 
245 474 11 29 0.018220836 
144 2 7 10 0.018216386 
745 56 8 23 0.018204149 
504 37 5 15 0.018195366 
273 563 8 16 0.018191423 
768 151 10 20 0.018189637 
640 278 33 69 0.018186944 
569 387 85 101 0.01815702 
685 720 5 9 0.018150238 
146 31 5 9 0.018149514 
799 523 7 17 0.018146725 
47 486 19 27 0.018128669 
371 701 11 21 0.018122531 
646 3 6 9 0.018109402 
667 445 10 17 0.018103778 
5 762 76 81 0.018076874 
720 380 8 20 0.018071381 
401 476 7 13 0.018058319 
868 706 23 34 0.01805614 
391 499 5 14 0.018021306 
860 508 9 22 0.018004201 
204 552 14 30 0.01799872 
388 724 8 20 0.017990414 
765 420 16 32 0.01798572 
859 674 15 24 0.017965954 
846 15 6 11 0.01796434 
672 722 4 8 0.017952956 
502 462 7 13 0.017938813 
526 315 11 21 0.017933084 
67 505 10 21 0.01791783 
947 510 11 30 0.017913342 
758 72 8 21 0.017913073 
206 430 13 29 0.01790275 
181 588 13 34 0.017882105 
386 714 8 18 0.017863307 
997 359 21 33 0.01786282 
51 447 11 20 0.017861165 
756 227 14 31 0.017859994 
553 502 5 13 0.017845396 
637 27 5 10 0.017842703 
630 288 76 86 0.017800588 
632 715 5 15 0.017776968 
925 642 8 17 0.017747842 
873 590 46 100 0.017738774 
691 221 64 93 0.017734746 
172 719 5 12 0.01769976 
789 412 16 32 0.017698374 
157 702 8 19 0.017690798 
908 37 154 228 0.01767632 
371 444 10 20 0.017645879 
541 131 7 15 0.017638812 
593 398 8 18 0.017637499 
762 488 6 13 0.017620793 
700 133 68 101 0.01761768 
174 748 5 10 0.017587436 
913 506 8 23 0.017581824 
723 1 6 12 0.01757929 
6 521 6 17 0.01757908 
990 729 6 11 0.01757453 
36 412 13 35 0.017572701 
504 51 6 14 0.017558407 
166 389 12 28 0.017543303 
357 414 13 30 0.017538931 
324 536 6 16 0.017537521 
526 701 8 19 0.01753057 
900 547 7 18 0.017527325 
119 545 8 19 0.017517056 
683 116 7 13 0.017512193 
749 211 11 26 0.017507333 
465 314 9 22 0.017505892 
295 660 11 19 0.017492168 
518 62 7 16 0.017491315 
365 655 5 16 0.017489808 
711 691 8 15 0.01748535 
523 354 15 28 0.017450945 
275 526 7 15 0.01744868 
890 547 7 20 0.017445868 
745 455 10 21 0.017436152 
636 56 4 10 0.017435795 
389 475 6 14 0.017424522 
445 170 66 98 0.017416254 
613 267 17 35 0.017407658 
437 417 11 24 0.0173921 
892 16 4 9 0.017357485 
773 -8 6 10 0.01735167 
260 561 7 15 0.017323328 
887 760 9 24 0.017293774 
192 567 13 25 0.01728883 
950 725 6 13 0.01728355 
172 3 6 10 0.017282609 
991 721 5 10 0.017279565 
874 546 7 20 0.01727882 
829 573 13 24 0.017272644 
260 496 7 23 0.01726134 
120 718 7 17 0.017260937 
543 694 6 14 0.01724163 
844 360 14 32 0.017235685 
926 12 6 11 0.01723546 
578 462 7 15 0.017220248 
846 659 11 23 0.017216196 
479 28 5 11 0.017215908 
976 665 8 17 0.017187508 
221 625 8 20 0.017183246 
798 498 7 16 0.017175002 
703 348 11 27 0.017171672 
603 486 8 15 0.017159563 
960 573 9 21 0.017156435 
756 455 12 22 0.01715026 
799 679 6 17 0.017143622 
1012 630 14 27 0.017143052 
665 378 11 23 0.017140241 
183 56 6 10 0.01712599 
951 481 8 23 0.01712159 
927 42 5 11 0.017113462 
32 663 7 18 0.017088138 
980 296 73 119 0.017073134 
927 27 5 13 0.017072277 
233 632 10 23 0.017045125 
441 4 6 11 0.017037282 
710 705 6 12 0.017034488 
745 197 12 26 0.017030327 
657 4 6 9 0.017024085 
44 743 6 15 0.016995758 
843 575 10 21 0.016989697 
67 652 7 17 0.016988542 
362 728 6 16 0.016965957 
518 701 7 17 0.016945325 
275 579 8 15 0.016934017 
43 275 72 88 0.016931383 
671 94 6 11 0.016911544 
1005 664 6 14 0.01691137 
943 319 17 38 0.016910156 
47 665 6 16 0.01689716 
873 520 8 24 0.016889542 
692 408 8 15 0.016874302 
729 448 13 26 0.01685761 
718 352 9 23 0.01684808 
326 376 87 110 0.016835723 
563 168 66 95 0.01683241 
325 91 6 12 0.016827723 
158 511 6 14 0.016825957 
237 512 6 16 0.016814733 
5 719 8 30 0.016812725 
933 324 15 33 0.016808461 
290 268 17 29 0.01680519 
408 542 11 25 0.016780823 
936 263 32 57 0.016775686 
94 570 8 20 0.016773865 
735 475 7 15 0.016770057 
974 727 7 13 0.01676193 
222 527 6 13 0.016758315 
807 476 9 14 0.016751291 
428 726 8 16 0.01675067 
391 589 6 16 0.016739404 
312 603 7 14 0.0167261 
268 397 85 96 0.016718533 
248 11 6 12 0.016718188 
214 316 67 85 0.016716724 
603 376 12 27 0.016710306 
900 196 56 87 0.016689781 
769 326 11 23 0.016688906 
733 381 8 21 0.016685432 
654 226 18 37 0.016684828 
737 394 27 51 0.01668432 
811 456 11 18 0.016677313 
886 420 9 20 0.01664948 
311 12 7 10 0.016642675 
961 314 18 39 0.016640522 
275 512 6 17 0.01663545 
946 296 16 37 0.016602114 
297 14 7 9 0.016579736 
397 646 11 21 0.016578192 
769 308 12 28 0.016557083 
130 16 6 9 0.016555855 
898 525 8 21 0.016548552 
234 561 7 16 0.016541118 
616 468 9 19 0.016530983 
913 525 7 17 0.016507655 
671 707 6 10 0.016496528 
685 694 8 13 0.016495176 
459 240 66 99 0.016476655 
140 417 13 25 0.016458469 
948 527 11 28 0.016456448 
313 81 5 10 0.016452607 
759 510 6 16 0.016449612 
69 5 6 9 0.016438028 
951 2 6 11 0.016437542 
685 680 9 11 0.016436562 
660 502 5 11 0.01643203 
962 557 9 22 0.016412282 
579 472 7 16 0.016399639 
24 500 12 31 0.016371274 
758 58 8 21 0.016360328 
857 246 14 26 0.016337661 
905 322 16 33 0.016336773 
974 608 11 27 0.016335586 
683 425 8 12 0.016333831 
273 718 8 12 0.016316617 
833 684 10 25 0.016315844 
106 16 6 9 0.016314212 
786 501 6 13 0.01630443 
895 323 15 31 0.016288238 
199 721 6 10 0.016286274 
527 345 10 21 0.016284907 
257 401 11 26 0.016280508 
835 605 11 23 0.016275538 
974 596 10 24 0.016274974 
78 634 10 24 0.016272629 
809 321 8 15 0.016261717 
46 564 5 11 0.016261237 
181 652 12 26 0.016255608 
223 23 6 16 0.016255356 
370 506 10 24 0.016249068 
242 632 12 22 0.016244648 
696 455 8 19 0.016238887 
732 336 10 26 0.016218385 
330 725 18 27 0.01620341 
770 455 10 22 0.016191026 
603 169 70 92 0.016185604 
464 54 6 9 0.016163826 
396 277 14 25 0.016162947 
172 512 7 15 0.016159369 
685 437 8 13 0.016150616 
371 459 10 18 0.016136905 
1000 295 32 61 0.01613222 
488 326 12 25 0.016130479 
937 2 7 11 0.016098863 
260 578 6 14 0.016092112 
273 401 11 26 0.01609122 
311 3 8 10 0.016063064 
138 563 14 30 0.01605498 
446 571 11 20 0.016051907 
707 395 9 20 0.016034842 
183 759 8 27 0.016031029 
711 680 6 10 0.016022936 
322 560 9 20 0.016018411 
810 667 6 13 0.016010582 
375 198 23 39 0.01598375 
52 446 80 92 0.015977554 
429 42 6 10 0.015969543 
340 32 6 8 0.01596623 
961 347 17 36 0.015958738 
401 16 6 10 0.015931744 
311 586 9 20 0.015930431 
28 551 6 15 0.015914502 
683 407 8 16 0.015914056 
381 660 12 21 0.015912874 
102 233 17 28 0.01589511 
105 559 8 20 0.01589508 
107 685 9 24 0.01588368 
450 13 6 10 0.015878804 
928 706 6 12 0.015878456 
579 600 7 13 0.015867194 
156 660 10 24 0.015847897 
915 727 7 13 0.015846886 
862 15 6 11 0.015845273 
350 31 5 9 0.015826885 
103 418 12 25 0.015814709 
262 30 4 9 0.01581065 
809 519 8 21 0.015796855 
388 547 8 22 0.015793156 
415 728 6 14 0.015786612 
69 744 6 15 0.01578407 
775 520 8 21 0.015780013 
940 26 6 14 0.015776815 
258 623 10 19 0.015776651 
336 524 6 13 0.015755666 
402 487 5 12 0.015750896 
821 666 8 16 0.015750382 
821 574 14 21 0.015737088 
539 353 10 23 0.015727386 
259 5 7 8 0.01572498 
121 660 7 26 0.015723754 
692 707 7 11 0.01570592 
923 688 9 16 0.015696282 
275 15 6 8 0.015687296 
311 617 7 11 0.01568173 
877 344 36 64 0.01566912 
685 498 6 12 0.015645083 
639 319 11 32 0.015637806 
619 78 5 11 0.015636954 
601 299 13 32 0.015615346 
541 -7 7 9 0.015614473 
771 472 7 16 0.015592068 
917 353 20 45 0.015570814 
439 600 8 15 0.015554758 
129 378 12 22 0.015546889 
926 618 8 23 0.015543793 
683 478 6 11 0.015543627 
747 485 7 15 0.015535988 
205 751 10 23 0.015535937 
606 498 8 17 0.01552963 
4 165 6 15 0.015521425 
32 676 7 19 0.015520754 
285 478 8 25 0.015510527 
636 40 4 10 0.015507471 
873 735 11 19 0.015503247 
835 703 7 19 0.0154981045 
428 3 6 10 0.015458567 
243 398 13 33 0.015451979 
683 105 6 12 0.01544619 
347 214 58 93 0.015444277 
991 -121 21 24 0.015431325 
90 417 11 24 0.015418753 
165 258 61 80 0.015400501 
437 726 9 14 0.015398236 
808 405 13 25 0.015357798 
857 231 14 27 0.015344796 
986 115 69 98 0.015343873 
731 199 10 21 0.015324441 
3 -25 6 14 0.015316707 
56 744 5 13 0.015314089 
302 501 5 15 0.015311329 
781 394 35 61 0.015308713 
131 739 10 20 0.015286675 
715 420 29 49 0.015281773 
4 378 27 80 0.015271366 
885 679 11 16 0.015263665 
921 324 14 33 0.015263557 
743 182 12 23 0.015241376 
683 393 9 20 0.015239589 
81 460 13 22 0.015236104 
903 345 20 44 0.015226612 
974 546 9 20 0.015218812 
589 302 12 29 0.01521602 
359 688 10 19 0.015197982 
156 533 8 21 0.015182325 
668 545 9 21 0.015176422 
262 590 6 13 0.015162104 
34 80 26 46 0.015147949 
537 400 12 31 0.015135533 
180 459 10 19 0.015129891 
130 392 11 21 0.015114707 
157 12 6 10 0.015112145 
657 648 10 23 0.015106049 
554 692 7 18 0.015105531 
592 458 9 18 0.015099841 
379 603 5 15 0.015099538 
996 225 29 59 0.015098828 
200 297 18 30 0.015083774 
171 733 7 11 0.01505934 
811 702 5 21 0.015050359 
29 -5 6 7 0.015042121 
798 507 8 19 0.015036639 
671 478 5 11 0.015034415 
121 632 6 28 0.015004174 
652 455 10 19 0.014999305 
654 728 7 14 0.014998057 
214 473 15 29 0.014991741 
740 309 149 178 0.014987895 
156 337 12 26 0.014982969 
501 446 9 19 0.014969738 
646 -6 5 8 0.014966336 
326 501 5 15 0.014923641 
160 66 5 11 0.014917726 
640 484 8 19 0.014909256 
186 487 8 17 0.014908906 
834 639 11 18 0.014904138 
804 403 38 59 0.014891876 
66 664 6 16 0.014878844 
122 213 26 39 0.014876061 
105 569 9 25 0.014861018 
620 92 5 11 0.0148562305 
869 259 61 87 0.014791007 
718 689 8 17 0.014769732 
664 392 13 25 0.014767812 
1002 595 10 22 0.014764258 
433 692 13 20 0.01475806 
698 474 7 16 0.0147498315 
1006 261 29 54 0.014748363 
114 405 13 26 0.01471821 
133 3 6 9 0.014715023 
617 380 12 24 0.014705438 
362 679 8 15 0.014703123 
799 531 7 21 0.0146959415 
32 635 7 19 0.014686104 
459 204 25 44 0.014666108 
844 637 15 27 0.014661188 
173 55 6 11 0.014654108 
959 649 11 24 0.014625474 
450 3 7 10 0.014607471 
208 4 6 9 0.014598341 
82 743 6 16 0.014593449 
158 730 8 13 0.014591708 
466 299 12 24 0.014587932 
128 407 11 21 0.014573153 
959 511 13 30 0.014566678 
784 -7 8 9 0.014566199 
987 609 13 29 0.014533538 
970 472 16 39 0.014515014 
35 497 16 31 0.01449603 
658 -19 182 281 0.014483011 
265 661 13 22 0.014477991 
782 456 10 18 0.014435433 
230 283 154 163 0.014423945 
566 577 9 15 0.014420435 
579 445 8 18 0.014418564 
339 681 7 11 0.014415542 
526 694 8 14 0.014410076 
249 29 4 11 0.014406901 
808 444 13 22 0.014396666 
795 443 12 21 0.014387915 
13 237 25 41 0.014382519 
32 624 7 17 0.014368235 
633 -7 5 9 0.014292707 
703 209 22 45 0.014283357 
782 443 12 22 0.01427525 
256 649 13 21 0.014274679 
1003 653 7 15 0.0142727345 
272 636 8 16 0.014254251 
429 16 5 9 0.014253171 
671 682 7 10 0.014250941 
661 488 5 13 0.014250271 
656 661 10 22 0.0142149 
953 249 31 53 0.014192172 
930 338 31 64 0.014184202 
230 416 14 31 0.014177843 
389 446 8 17 0.014173366 
101 311 13 26 0.014168277 
56 752 6 15 0.014140191 
65 446 10 20 0.014140119 
323 716 9 12 0.014139041 
293 316 17 39 0.014135387 
543 443 7 19 0.014124319 
482 293 31 66 0.0141221415 
835 512 11 30 0.014114377 
797 666 7 12 0.014096115 
95 687 8 20 0.01407464 
874 752 8 17 0.014074593 
69 525 7 17 0.0140641425 
449 561 10 19 0.014052763 
806 530 9 23 0.01404539 
182 2 7 10 0.014038994 
218 491 10 22 0.014036533 
154 175 69 108 0.014030844 
775 509 6 14 0.0140253445 
81 703 6 15 0.014023933 
180 541 14 27 0.01401315 
1 376 13 25 0.014012359 
715 277 13 26 0.014004127 
363 29 6 9 0.014000487 
900 560 7 18 0.013995728 
655 638 9 19 0.013940823 
716 345 78 101 0.013937062 
325 79 5 12 0.013932855 
979 762 32 90 0.013932763 
362 16 7 9 0.013928846 
877 16 5 10 0.013925932 
807 303 9 20 0.013919509 
195 541 12 26 0.013885256 
891 4 5 10 0.013883103 
362 701 9 17 0.013881222 
257 634 11 19 0.0138740055 
845 673 11 19 0.013859255 
63 253 24 45 0.013856947 
115 311 13 26 0.013842997 
461 272 13 25 0.013835969 
303 627 6 13 0.013825928 
564 314 88 103 0.013822457 
172 12 5 10 0.013820532 
518 711 7 25 0.013794883 
154 353 11 25 0.013780879 
658 474 6 14 0.013775307 
528 326 9 22 0.013771486 
433 547 10 23 0.013740292 
290 516 5 14 0.013732812 
44 576 5 13 0.013705132 
426 512 7 18 0.013703232 
401 320 26 67 0.013698804 
178 388 14 28 0.013689749 
519 521 6 17 0.013681575 
170 535 8 19 0.013665638 
39 750 10 21 0.013665034 
159 53 6 11 0.0136631 
288 704 19 18 0.013661062 
885 751 9 20 0.013660033 
157 499 7 16 0.013656997 
322 545 7 18 0.013647165 
868 539 37 74 0.013635758 
619 695 4 13 0.01362211 
796 456 11 20 0.013618377 
337 557 9 21 0.013617005 
466 43 5 9 0.013596353 
480 3 5 10 0.013570433 
223 36 5 17 0.013545147 
762 500 6 14 0.013534319 
325 14 6 9 0.013527401 
634 693 5 12 0.013527357 
484 401 15 32 0.013510295 
153 482 11 21 0.0135012735 
244 647 11 19 0.013494221 
590 495 9 19 0.0134887425 
274 609 8 16 0.013487983 
671 693 6 11 0.013445987 
426 599 9 17 0.013440199 
413 17 6 9 0.013439024 
82 690 6 16 0.013436748 
623 272 29 64 0.013433246 
569 497 6 16 0.013427105 
517 502 5 11 0.013425173 
731 179 65 98 0.013408163 
959 179 26 44 0.013405269 
235 496 7 19 0.013400274 
158 3 6 10 0.013374263 
917 668 7 13 0.013368959 
834 581 12 24 0.013364614 
21 132 91 146 0.013334843 
168 30 6 10 0.013318166 
528 514 5 13 0.013317421 
842 512 12 30 0.013305221 
979 229 30 60 0.013300181 
78 749 10 23 0.01328591 
6 735 8 29 0.013278972 
72 119 89 133 0.013277661 
961 528 12 26 0.013267033 
846 214 55 86 0.013266096 
118 578 12 28 0.013262938 
146 13 6 10 0.013253742 
40 716 7 16 0.013246903 
710 497 6 14 0.013246648 
465 1 6 10 0.013241986 
183 732 7 12 0.013236941 
323 708 9 12 0.013226481 
1010 593 15 26 0.01321797 
495 490 4 10 0.013213505 
521 373 18 32 0.013193929 
539 113 9 19 0.01319327 
170 547 10 22 0.013182653 
153 273 13 28 0.01318184 
1003 717 5 12 0.013166465 
537 213 12 26 0.013164242 
46 552 5 13 0.013145237 
786 475 7 13 0.013141391 
255 661 15 23 0.013139925 
794 428 13 26 0.013115566 
542 427 9 28 0.013114616 
157 747 6 11 0.013113653 
345 726 12 22 0.013101984 
683 735 4 8 0.013090324 
916 261 29 59 0.013085753 
103 64 28 53 0.013084325 
809 215 27 53 0.013051319 
957 111 26 41 0.013039795 
671 500 5 11 0.012985951 
674 744 4 11 0.012983321 
195 13 6 11 0.012978264 
386 14 7 10 0.012961318 
384 703 10 18 0.012961165 
184 13 6 10 0.012957586 
215 646 16 30 0.012943286 
155 547 9 22 0.01293968 
171 500 7 15 0.01292992 
658 -6 5 8 0.012924051 
107 717 7 17 0.012920753 
387 461 8 15 0.012916709 
129 387 152 174 0.012914516 
415 268 81 112 0.01291161 
124 243 19 29 0.012891812 
623 434 154 220 0.012886571 
783 248 78 117 0.012877319 
118 739 11 20 0.012873014 
92 614 11 35 0.012867211 
73 341 18 29 0.012859014 
806 415 19 32 0.01281003 
212 625 6 18 0.012786029 
299 589 7 15 0.012776569 
337 16 6 9 0.01277485 
98 369 74 92 0.012748213 
349 683 8 13 0.012738063 
857 595 11 27 0.012719283 
47 151 26 49 0.01271832 
437 448 9 16 0.012701952 
388 4 6 9 0.01269888 
482 15 4 11 0.01269851 
781 248 11 26 0.012682844 
960 222 28 52 0.012680038 
860 574 7 20 0.012671039 
579 590 7 13 0.012662904 
861 1 6 11 0.012655789 
401 4 5 9 0.012635547 
666 514 7 14 0.012615026 
786 489 6 12 0.012613602 
336 666 8 15 0.012606714 
113 389 13 26 0.0125911 
320 569 10 24 0.01258265 
275 6 6 7 0.012573553 
375 29 7 10 0.012544944 
336 532 8 21 0.012543326 
365 665 7 17 0.0125399595 
875 558 7 18 0.012530769 
237 527 5 13 0.0125228325 
656 546 8 17 0.012513878 
928 290 32 65 0.012510483 
407 632 13 25 0.012497342 
580 496 7 18 0.012491047 
271 478 9 26 0.0124799535 
374 269 61 87 0.01246976 
853 638 19 30 0.012468456 
251 184 76 119 0.0124536 
224 -7 6 8 0.012449964 
881 332 18 37 0.0124373315 
329 439 25 50 0.0124372495 
168 288 14 27 0.01243199 
43 731 7 15 0.012428192 
450 446 9 17 0.0124222115 
311 31 6 8 0.012409875 
436 610 10 17 0.012403827 
847 559 9 21 0.012397854 
77 430 10 22 0.012382781 
243 419 12 25 0.01236855 
4 488 8 19 0.012340831 
620 396 29 47 0.012339889 
413 602 7 14 0.012330211 
95 677 7 18 0.0123244515 
976 434 36 79 0.012292742 
271 650 10 18 0.012291051 
154 632 11 27 0.012287724 
118 554 11 30 0.012276056 
531 503 4 10 0.012271802 
528 443 10 20 0.012270976 
210 37 6 15 0.0122689465 
679 644 14 13 0.012265145 
81 678 7 15 0.012264844 
660 229 61 87 0.012245162 
516 511 6 15 0.012229387 
362 44 7 10 0.012229197 
3 595 10 27 0.012223679 
185 721 6 10 0.012220261 
313 67 5 10 0.012183673 
3 732 31 92 0.012170194 
271 727 10 14 0.012169747 
555 -9 7 10 0.012147096 
692 694 7 11 0.012142061 
222 513 6 16 0.012138283 
284 298 77 82 0.012125201 
425 495 8 18 0.01211929 
66 229 26 45 0.0120970225 
338 703 10 16 0.012095621 
416 706 9 15 0.0120955305 
335 372 32 70 0.012092008 
49 499 14 28 0.012074199 
448 232 18 31 0.012072829 
578 576 8 17 0.012070758 
518 36 7 15 0.012066222 
723 -9 6 11 0.012045402 
56 537 7 17 0.012041923 
958 469 38 75 0.012034387 
839 160 26 44 0.012031104 
289 687 18 25 0.012016089 
3 -41 7 18 0.012015829 
683 457 8 17 0.0120124435 
164 370 78 92 0.012006554 
153 649 33 71 0.011983865 
822 516 9 24 0.011968781 
414 333 27 66 0.011963229 
836 628 9 17 0.01194623 
992 709 5 10 0.011931993 
42 588 7 16 0.011926935 
974 570 11 24 0.011925967 
973 628 12 31 0.011917526 
299 55 6 8 0.01188842 
452 600 8 14 0.011880815 
716 291 13 26 0.011879616 
170 762 8 21 0.01187664 
719 487 6 14 0.011853864 
167 472 88 98 0.011845924 
155 571 11 23 0.011807799 
754 402 31 58 0.011805246 
988 664 8 15 0.011794005 
517 50 6 14 0.011792003 
83 266 70 84 0.011789798 
865 647 20 25 0.011783077 
1015 714 7 19 0.01176564 
344 541 12 27 0.011761859 
338 547 8 19 0.011758699 
538 244 12 31 0.011745065 
953 130 28 49 0.011735416 
973 516 13 26 0.011723046 
668 458 8 15 0.011716723 
993 201 25 45 0.011713024 
389 508 7 19 0.011669625 
345 290 13 25 0.011663533 
498 424 15 29 0.011652352 
68 750 7 19 0.011622822 
693 284 27 38 0.011605853 
34 384 17 30 0.011576693 
970 499 14 33 0.011562998 
886 777 8 23 0.011539121 
938 689 8 15 0.011529335 
844 623 14 27 0.011528579 
53 522 10 21 0.011528502 
408 646 12 23 0.011527358 
972 178 73 115 0.011525672 
768 163 12 21 0.01152244 
352 666 7 15 0.011511871 
137 298 18 31 0.011503198 
684 -7 5 9 0.011502715 
345 263 13 26 0.01148841 
994 535 38 75 0.01148015 
556 167 22 40 0.011471128 
91 741 8 19 0.011465284 
301 603 6 12 0.011461376 
51 427 11 30 0.011454603 
388 157 76 107 0.011449427 
273 496 7 23 0.011446238 
898 266 28 57 0.01144243 
230 472 14 27 0.011427875 
82 664 7 17 0.011413123 
350 18 6 8 0.011410036 
893 293 27 62 0.011402433 
680 650 17 18 0.011399729 
683 207 26 52 0.01137956 
171 705 7 15 0.011376706 
415 2 6 11 0.011371006 
989 648 9 22 0.0113654155 
631 355 28 61 0.011354145 
181 472 10 20 0.011326926 
65 677 6 16 0.011325094 
287 498 6 19 0.011320221 
709 718 5 10 0.011319687 
989 738 7 19 0.011318738 
835 228 29 54 0.011310762 
897 762 9 25 0.011307366 
792 175 14 25 0.011303124 
999 380 36 56 0.011296358 
695 498 6 12 0.011276106 
361 360 29 73 0.011263561 
246 440 27 57 0.011263111 
5 574 7 19 0.011253492 
312 42 5 7 0.01123576 
99 365 14 24 0.011221331 
640 497 7 16 0.011211178 
974 584 10 23 0.011196905 
290 537 5 11 0.011185856 
944 221 30 51 0.011169375 
287 551 7 14 0.011166754 
997 407 34 60 0.011163568 
897 737 10 19 0.011148502 
194 759 9 28 0.0111382045 
988 596 11 26 0.01113791 
39 517 10 25 0.011125428 
402 29 6 9 0.011106175 
850 -116 218 233 0.011095838 
1001 634 9 21 0.011087187 
665 335 13 30 0.011079702 
787 668 6 11 0.011077666 
451 546 13 21 0.011068871 
430 31 5 9 0.011057076 
158 754 6 13 0.011049195 
433 162 26 44 0.011041263 
736 486 6 14 0.011040586 
797 -7 7 9 0.011035605 
830 257 29 58 0.011012528 
235 204 24 41 0.011010659 
287 660 9 17 0.011009583 
860 696 13 21 0.010986503 
963 361 77 134 0.010972361 
411 608 9 19 0.010966505 
992 -5 5 7 0.01096363 
390 574 6 20 0.010962689 
873 32 117 136 0.010960798 
643 661 10 22 0.0109515535 
432 210 24 43 0.010942228 
400 380 28 69 0.0108990725 
322 3 6 9 0.010867668 
997 780 13 46 0.010867434 
975 556 10 23 0.010848219 
42 -5 7 8 0.010837907 
696 -8 6 9 0.010828501 
898 134 25 44 0.010819918 
327 31 5 7 0.010807457 
233 -6 7 7 0.010800017 
498 377 37 65 0.0107958 
195 652 8 17 0.010793739 
82 733 5 14 0.010781738 
441 368 27 63 0.0107748555 
997 455 17 48 0.010767261 
647 724 6 17 0.010757259 
204 354 17 37 0.010740045 
427 738 7 16 0.01073579 
723 271 28 59 0.010725263 
287 713 22 18 0.010720315 
857 263 15 27 0.010713945 
527 520 7 16 0.010702161 
359 539 12 24 0.0106888255 
32 244 25 44 0.010679627 
693 679 9 11 0.010661299 
765 233 14 29 0.010657468 
582 346 26 57 0.010643976 
671 -7 5 9 0.010642274 
761 349 28 57 0.010640225 
327 43 5 8 0.010632528 
916 189 24 42 0.010631294 
581 629 6 14 0.0106253475 
302 634 8 19 0.010616493 
554 521 6 17 0.010599853 
4 585 7 21 0.010597363 
211 25 5 14 0.010584611 
974 531 10 20 0.010575457 
794 251 27 62 0.010574848 
967 735 7 21 0.010537386 
988 630 11 28 0.010533081 
197 380 30 63 0.010506938 
974 647 10 24 0.0105066905 
388 364 26 69 0.010501566 
629 304 29 73 0.010457701 
877 1 5 11 0.010446594 
205 729 9 16 0.010438385 
284 613 7 15 0.010437322 
137 431 17 26 0.010433559 
6 548 6 17 0.01042914 
395 302 15 27 0.010422858 
1006 -121 17 23 0.010422227 
347 248 10 23 0.010410049 
169 485 9 18 0.0103858095 
399 705 9 15 0.010384657 
639 212 14 26 0.0103650745 
567 524 6 15 0.0103650745 
524 709 10 30 0.010350182 
272 622 10 19 0.010350094 
643 681 8 14 0.010344074 
913 591 10 32 0.010329582 
737 260 27 57 0.010328122 
212 640 6 15 0.010315615 
474 486 7 14 0.010304157 
738 304 27 59 0.010284952 
375 4 7 9 0.010284936 
110 731 7 14 0.010282394 
376 724 8 20 0.010276335 
427 678 9 20 0.010270633 
698 719 5 10 0.010261844 
473 175 22 41 0.010259789 
708 148 23 42 0.0102542965 
479 -7 5 9 0.010225971 
598 331 30 63 0.010205924 
847 687 11 20 0.010204102 
207 400 34 64 0.010198035 
1008 561 20 37 0.0101946965 
313 56 4 9 0.010179767 
587 533 12 22 0.010179042 
636 425 29 48 0.010174718 
94 701 8 19 0.010169629 
93 734 7 14 0.010159352 
915 -6 5 9 0.010143842 
10 245 64 94 0.010126338 
549 151 23 40 0.010122779 
632 402 98 112 0.010096786 
906 151 26 43 0.010089048 
269 227 25 45 0.010088306 
314 312 164 199 0.010082017 
721 402 93 112 0.010079404 
42 536 8 18 0.010058626 
680 532 9 18 0.010045197 
888 557 8 21 0.010041848 
371 672 14 23 0.010040962 
848 -6 6 8 0.010037045 
899 239 27 49 0.010030067 
87 342 16 26 0.010028027 
3 471 8 21 0.010027131 
106 699 8 23 0.010025917 
910 763 10 26 0.010025073 
646 561 7 17 0.010016095 
4 216 26 46 0.010012938 
644 648 9 21 0.010002412 
