2_Demonstration_Political_Rally_2_329
3227
125 226 48 66 0.99978656 
739 386 111 127 0.9996537 
132 176 25 34 0.9987866 
933 276 56 81 0.99864286 
479 304 93 99 0.99844885 
836 182 23 33 0.99842525 
141 340 58 76 0.9982703 
307 301 76 91 0.99773324 
805 205 35 51 0.99696404 
271 199 35 44 0.9965347 
648 233 38 50 0.99628204 
618 208 22 37 0.9959181 
875 331 52 81 0.99362814 
772 176 22 37 0.99261284 
927 211 29 39 0.9920425 
695 328 36 47 0.9905032 
199 194 34 46 0.99034625 
879 163 26 32 0.9875378 
856 224 19 31 0.98522586 
465 241 35 41 0.983102 
331 184 21 31 0.9691329 
305 183 18 30 0.9585023 
844 128 12 18 0.9415614 
2 192 29 47 0.92270344 
62 169 13 23 0.8894013 
976 222 25 35 0.86872387 
746 127 8 15 0.8649392 
947 143 11 16 0.8460087 
367 185 16 27 0.83439934 
1012 150 10 16 0.82884175 
867 139 11 15 0.819707 
999 176 12 19 0.801199 
28 147 12 16 0.8005856 
804 137 10 16 0.7772714 
782 117 9 14 0.77520347 
956 191 23 30 0.76341033 
768 130 9 15 0.7201276 
188 160 16 29 0.70718396 
702 201 12 16 0.7032174 
672 200 15 20 0.6915024 
28 116 7 11 0.6641311 
965 150 9 15 0.6608449 
730 273 14 24 0.6579492 
66 137 10 14 0.654888 
73 152 13 18 0.64198256 
605 124 8 13 0.6404766 
13 129 7 14 0.634475 
68 131 9 12 0.62898934 
990 242 34 48 0.62573385 
614 154 9 16 0.6240273 
7 117 7 14 0.6054951 
7 126 8 15 0.60381633 
43 127 8 12 0.568069 
81 116 7 10 0.56794447 
53 137 10 13 0.56116533 
428 186 16 30 0.5580299 
53 131 8 12 0.5439607 
557 119 5 9 0.5437917 
43 116 7 10 0.5358504 
483 135 11 17 0.5307699 
35 148 11 17 0.5239295 
554 142 7 11 0.52305776 
111 162 15 25 0.5215291 
568 120 5 9 0.5067183 
999 138 9 13 0.5060238 
901 141 10 14 0.5000629 
93 120 7 10 0.49529696 
780 229 17 31 0.49323955 
555 130 6 10 0.48841867 
77 130 9 12 0.4722616 
533 119 6 9 0.46700254 
743 226 17 35 0.4642912 
906 142 10 14 0.46299732 
133 106 7 10 0.45583272 
44 107 6 9 0.45367727 
228 234 23 34 0.45173225 
505 149 8 15 0.44612148 
896 111 11 18 0.4430897 
569 151 8 12 0.43818584 
781 124 10 16 0.4340257 
55 107 6 9 0.42486966 
973 142 9 14 0.41719455 
541 121 6 8 0.41663313 
916 175 14 23 0.4158065 
569 128 6 10 0.41093305 
581 129 6 9 0.41011748 
589 252 16 25 0.40963554 
8 422 17 32 0.402224 
116 129 8 11 0.3969188 
109 129 7 10 0.39498514 
67 119 7 9 0.39408833 
783 138 9 15 0.38891804 
17 118 5 10 0.38519242 
217 38 11 18 0.38165432 
37 142 11 15 0.3787616 
972 238 33 55 0.37497523 
93 126 7 11 0.37095383 
1012 114 10 14 0.3541172 
721 194 7 13 0.3500383 
530 143 6 11 0.3473906 
31 107 6 9 0.34568444 
515 120 6 9 0.34402332 
780 150 11 18 0.34362683 
542 128 6 10 0.33887342 
41 96 5 8 0.33868146 
531 129 6 9 0.33822313 
908 148 10 17 0.33739918 
133 115 7 11 0.32755157 
938 140 9 14 0.32574308 
859 131 9 13 0.3226748 
847 76 10 15 0.3188716 
794 172 14 23 0.31688687 
580 122 6 8 0.31172 
30 128 7 10 0.3079369 
57 117 6 10 0.3076969 
506 120 6 9 0.30354708 
242 198 17 27 0.30223143 
513 145 8 11 0.30020073 
569 146 6 10 0.2995677 
558 109 5 8 0.2994404 
744 215 11 22 0.29483658 
114 155 9 15 0.29369512 
542 153 8 12 0.29348108 
14 138 8 14 0.29342818 
594 128 6 11 0.293357 
596 237 15 21 0.29075718 
91 150 10 15 0.28830594 
76 137 10 14 0.2866249 
133 82 5 9 0.28476492 
742 152 11 20 0.28336737 
738 336 20 33 0.28330928 
536 201 13 21 0.28323835 
743 136 10 16 0.28065732 
567 107 5 9 0.27333832 
977 130 8 12 0.2709083 
103 173 14 21 0.26974633 
578 144 7 11 0.26952183 
68 205 31 47 0.26822063 
573 150 10 14 0.26769546 
134 93 5 8 0.26576623 
108 121 6 9 0.26469246 
717 200 10 16 0.26379246 
389 47 11 20 0.26156375 
569 93 5 9 0.258731 
511 150 8 14 0.25665766 
667 194 13 18 0.25372776 
989 131 8 11 0.2515369 
533 109 4 8 0.25011906 
81 110 6 8 0.24941057 
100 184 16 28 0.24829808 
663 317 19 37 0.2476749 
543 146 6 10 0.24732293 
140 104 8 14 0.2438511 
505 127 6 10 0.24034496 
762 129 7 14 0.24023756 
596 121 5 10 0.24009591 
1010 177 12 19 0.23582958 
132 128 7 11 0.23579718 
805 172 14 22 0.23548841 
516 128 7 10 0.23196383 
34 95 5 8 0.231877 
362 161 11 21 0.23055728 
803 146 13 20 0.2303794 
542 109 5 8 0.23037633 
841 234 19 30 0.22876489 
139 113 9 14 0.22344837 
60 205 22 39 0.22151947 
801 134 7 12 0.22126815 
927 144 7 11 0.21866561 
123 105 5 8 0.21858792 
518 107 5 8 0.21801287 
141 139 9 16 0.21681738 
106 107 6 9 0.21596035 
895 78 10 15 0.21577774 
21 108 4 9 0.2151968 
71 109 5 8 0.21496272 
551 152 8 12 0.2145928 
696 196 8 12 0.21276581 
438 143 8 13 0.21208176 
298 40 7 11 0.2114332 
453 181 7 12 0.21103701 
700 211 16 23 0.20964606 
921 166 11 17 0.20925125 
383 153 9 18 0.2086935 
309 155 8 15 0.20864236 
322 35 9 16 0.20795844 
269 96 9 16 0.2071029 
5 88 5 13 0.20697066 
796 151 11 17 0.20600204 
522 249 18 27 0.20383689 
119 121 6 8 0.2033182 
787 180 18 31 0.20252582 
908 127 9 14 0.20188743 
866 147 15 22 0.20007639 
753 160 12 20 0.19925056 
517 204 9 16 0.19902241 
155 502 25 36 0.19616205 
734 164 7 14 0.19590046 
573 238 14 17 0.1953801 
693 215 13 20 0.1939596 
324 88 9 16 0.19287878 
1011 186 14 22 0.1927573 
121 95 5 8 0.19255881 
469 154 7 11 0.19220348 
361 178 13 20 0.19200298 
697 201 10 14 0.18968704 
734 155 7 14 0.18920222 
565 237 12 17 0.1890169 
551 237 13 19 0.18857472 
527 243 13 19 0.18832798 
912 79 8 12 0.18657175 
493 77 6 11 0.18450138 
1013 199 14 21 0.18210496 
43 205 21 36 0.18143286 
474 154 8 13 0.178597 
922 150 9 13 0.17738539 
817 173 14 21 0.1771715 
365 201 20 34 0.17553025 
633 352 20 34 0.17507285 
568 169 6 10 0.17445992 
6 108 5 10 0.17412335 
612 124 10 15 0.17345275 
580 170 7 11 0.17084116 
4 81 5 13 0.16908829 
740 129 5 14 0.16907118 
664 206 20 26 0.16831721 
439 151 7 13 0.16816913 
91 144 9 12 0.16779423 
941 514 26 29 0.16741137 
466 142 6 10 0.16644764 
609 259 19 32 0.166379 
850 185 16 25 0.16633895 
654 204 14 18 0.1656025 
596 256 20 33 0.16458094 
121 68 4 8 0.16300675 
991 139 8 12 0.16251516 
298 48 8 15 0.16201775 
902 127 8 13 0.16079982 
504 107 6 8 0.16076152 
547 247 16 28 0.15999979 
122 83 5 7 0.15998 
493 555 54 53 0.1587122 
142 128 7 12 0.15831351 
592 177 8 12 0.15818742 
846 84 10 16 0.15796222 
96 219 21 34 0.15739553 
580 178 8 11 0.15736678 
515 57 6 9 0.15486261 
415 144 8 13 0.15459225 
540 196 7 12 0.15357062 
542 165 7 13 0.15301822 
390 41 7 12 0.15151003 
594 106 6 9 0.15066138 
424 180 14 24 0.15057968 
559 96 5 7 0.15033972 
594 171 7 10 0.15016812 
504 92 5 9 0.14879262 
529 153 6 10 0.1473965 
772 147 11 19 0.14693834 
898 148 14 19 0.14692949 
749 281 82 101 0.14505804 
369 161 14 24 0.1443752 
588 194 9 16 0.14397994 
532 182 6 9 0.14280416 
190 36 11 17 0.14229748 
58 98 4 7 0.14225192 
946 177 13 17 0.14177312 
1000 169 9 14 0.14136615 
934 164 11 16 0.14072873 
7 137 8 15 0.14054854 
989 120 7 9 0.14043519 
423 79 8 13 0.1403809 
582 94 5 9 0.13951232 
729 193 8 14 0.13947828 
318 194 18 28 0.13905795 
375 153 10 19 0.13825154 
434 181 11 17 0.13758494 
593 140 7 12 0.13709112 
234 87 10 16 0.13707198 
97 109 5 8 0.13706174 
396 86 12 21 0.1368535 
833 63 8 12 0.13667123 
583 106 5 8 0.13660786 
375 183 19 31 0.13616054 
679 365 15 23 0.13520117 
540 181 6 10 0.13501875 
872 9 10 16 0.13490194 
134 71 4 7 0.13487439 
593 95 5 8 0.13454464 
144 94 5 9 0.13442963 
21 95 4 9 0.13398534 
92 166 10 14 0.13364956 
535 242 13 19 0.13351783 
396 60 10 18 0.13317277 
432 360 16 28 0.13315724 
937 79 7 10 0.13310657 
849 68 7 10 0.13272257 
507 55 5 9 0.13224038 
601 174 10 17 0.13155058 
554 167 7 11 0.1312602 
905 115 11 17 0.13056396 
405 210 20 34 0.12908545 
117 139 8 12 0.12817302 
491 121 6 9 0.12796904 
421 151 9 15 0.12780274 
606 165 9 15 0.12725228 
575 277 14 24 0.12713678 
286 162 10 17 0.12607905 
609 154 9 15 0.1260599 
517 196 7 10 0.12598224 
544 96 4 8 0.12597546 
973 164 10 16 0.124217056 
861 162 11 17 0.12415835 
140 149 12 19 0.12335758 
492 69 6 10 0.12334911 
441 168 6 12 0.12289785 
531 98 4 7 0.122811355 
107 141 8 11 0.122322865 
903 495 23 34 0.12212959 
1013 106 8 14 0.12194968 
494 92 5 9 0.12140922 
910 185 17 22 0.120712936 
749 324 15 31 0.12031002 
993 216 16 22 0.120156705 
57 166 11 18 0.119495094 
381 246 18 41 0.119293146 
17 2 6 11 0.11897982 
582 195 7 12 0.11896098 
488 155 8 12 0.118727975 
641 165 8 14 0.118027635 
708 170 5 10 0.11798531 
21 82 4 9 0.11763911 
714 212 12 19 0.117072515 
269 39 8 13 0.11697408 
605 140 8 13 0.116068795 
450 188 9 16 0.11601098 
111 60 4 6 0.11572295 
668 326 84 89 0.11572283 
398 183 14 26 0.1153813 
658 192 10 15 0.11446602 
120 60 4 7 0.11427226 
1006 151 8 14 0.11381427 
86 184 19 28 0.11373543 
34 85 4 7 0.113660164 
423 85 9 17 0.113452196 
761 136 9 15 0.112540364 
1014 163 9 16 0.11246838 
408 179 12 20 0.11226335 
608 105 6 9 0.11218867 
109 96 5 7 0.1110919 
367 283 24 42 0.11064241 
525 204 10 18 0.110378385 
205 97 11 19 0.110043354 
174 210 20 34 0.109980576 
657 140 6 11 0.109682664 
519 97 5 7 0.10959842 
697 141 5 11 0.109097324 
560 251 13 22 0.108998545 
1005 116 7 11 0.10858886 
581 202 8 14 0.10853783 
834 94 7 12 0.10823917 
132 140 8 13 0.10811786 
634 210 16 29 0.10807454 
19 151 8 14 0.10758609 
966 213 26 34 0.10726703 
733 180 6 11 0.107190214 
465 134 6 10 0.10632934 
947 9 9 13 0.10628335 
516 63 6 10 0.10608127 
946 485 13 18 0.10608031 
927 81 7 10 0.10540948 
723 55 5 9 0.10488485 
165 200 15 24 0.10488226 
684 167 6 10 0.10470096 
712 55 5 9 0.104622856 
594 234 11 16 0.10439641 
963 161 10 16 0.104200944 
242 90 10 14 0.103938244 
697 57 4 8 0.103862815 
776 119 7 12 0.10358208 
748 122 6 11 0.103382826 
696 64 5 10 0.103345506 
870 172 17 22 0.10331438 
707 183 6 9 0.10330943 
5 0 6 12 0.102936946 
571 85 4 8 0.10274028 
655 179 9 14 0.10251694 
398 74 9 17 0.1022649 
503 83 5 9 0.10211061 
1015 129 8 13 0.10185728 
264 37 7 13 0.10154633 
723 185 6 9 0.10150496 
531 168 6 10 0.10133099 
776 351 19 32 0.10093789 
1008 582 16 25 0.100896135 
854 76 10 16 0.10071038 
111 68 4 7 0.10070576 
98 96 4 8 0.10050814 
203 163 13 23 0.100399904 
16 11 6 15 0.100198 
950 68 6 9 0.10019056 
949 5 7 10 0.10018507 
287 157 7 12 0.099984705 
37 160 12 19 0.09982963 
442 78 6 12 0.09977937 
650 210 18 25 0.09968231 
666 180 9 13 0.099348225 
83 3 6 12 0.09879033 
424 166 9 16 0.09859704 
568 178 6 10 0.09837633 
72 173 14 22 0.098169014 
0 477 12 39 0.09806164 
646 132 6 10 0.09791182 
696 133 4 10 0.09786719 
736 265 15 28 0.09768584 
695 25 7 11 0.09733085 
541 55 6 9 0.096831955 
582 85 4 8 0.096766 
425 144 7 13 0.09649402 
479 191 6 10 0.0964771 
504 44 5 9 0.09645782 
837 28 6 13 0.09639572 
538 227 12 19 0.095893 
613 170 12 22 0.09566434 
694 16 7 12 0.095387 
727 156 5 11 0.09533075 
615 144 9 14 0.09530452 
736 40 5 11 0.09525157 
494 56 5 8 0.09465367 
847 1 7 10 0.0945265 
711 42 5 10 0.094300315 
466 185 6 9 0.0935419 
556 180 6 9 0.09331464 
643 175 11 19 0.09290209 
939 150 9 14 0.09290001 
633 164 8 14 0.09286538 
725 167 6 11 0.0927955 
994 336 19 34 0.09264233 
91 175 14 20 0.092606835 
504 66 6 9 0.09235264 
647 68 4 9 0.09191497 
1001 23 6 14 0.09189835 
310 39 8 12 0.09162545 
947 165 12 15 0.09141647 
107 154 8 13 0.091173194 
477 89 6 10 0.09088204 
656 78 6 12 0.090596005 
252 189 15 22 0.09055198 
491 192 5 9 0.09024002 
821 140 8 13 0.09018228 
708 27 6 10 0.089981206 
517 166 7 12 0.08970711 
311 247 23 37 0.08925872 
542 44 5 8 0.08906627 
937 134 7 11 0.08885179 
465 191 7 11 0.08856089 
616 104 7 10 0.08853961 
17 22 6 19 0.08831014 
97 67 4 8 0.08810864 
557 44 5 9 0.08809703 
832 56 8 12 0.08793616 
323 96 9 19 0.08788939 
875 5 7 10 0.08768502 
531 195 6 11 0.087639764 
669 141 6 10 0.08745464 
70 99 4 7 0.087068684 
437 87 7 16 0.08687049 
981 120 6 9 0.08666969 
11 164 12 18 0.08648778 
190 44 13 22 0.08620267 
454 141 6 11 0.086140126 
960 180 11 15 0.08613753 
911 165 11 17 0.08604172 
568 197 5 10 0.08577101 
748 10 7 14 0.08572123 
804 381 77 112 0.085385084 
759 122 6 10 0.08532244 
479 186 5 8 0.08502638 
608 97 5 8 0.08498163 
235 96 9 16 0.08488004 
837 2 6 9 0.08484776 
479 81 5 10 0.08475963 
728 201 10 16 0.084677376 
96 60 4 6 0.0845544 
647 139 6 11 0.08426988 
564 0 9 13 0.08408067 
494 106 6 8 0.084008865 
517 185 5 8 0.08398553 
801 318 87 93 0.08390571 
554 205 8 13 0.083868295 
647 76 5 12 0.0837085 
559 86 4 7 0.08333187 
912 86 8 12 0.08323656 
961 263 70 98 0.08309513 
861 176 10 17 0.08302799 
543 84 4 7 0.08288933 
888 86 9 14 0.08247415 
684 159 5 9 0.08207153 
533 57 4 8 0.08203469 
299 156 7 13 0.08196497 
186 37 8 14 0.08186958 
322 154 9 16 0.08157511 
942 70 5 9 0.081382506 
697 183 6 10 0.08097374 
506 26 6 10 0.08087248 
54 153 9 13 0.080399334 
738 139 6 13 0.08022113 
699 170 5 9 0.08015794 
331 87 10 18 0.080030255 
857 65 8 11 0.07976636 
243 97 9 16 0.07953036 
506 184 5 8 0.079313576 
748 3 7 12 0.07924135 
822 129 6 13 0.07923735 
594 154 7 11 0.0792016 
989 153 8 13 0.078992054 
713 248 16 30 0.07878538 
658 169 6 11 0.07877046 
927 86 7 12 0.07863654 
734 54 5 10 0.07844474 
333 152 8 16 0.07796439 
110 83 5 7 0.077909626 
585 275 15 24 0.07732703 
135 59 4 7 0.07732061 
785 108 6 10 0.0772074 
494 43 5 9 0.07713098 
3 164 11 21 0.07693817 
744 207 10 17 0.076710105 
218 164 11 20 0.07664402 
891 112 9 15 0.07621239 
452 173 6 8 0.07586433 
601 188 11 20 0.07586428 
324 33 7 9 0.07577215 
1006 107 6 10 0.07550258 
230 46 10 17 0.0753913 
26 159 13 20 0.07515594 
295 165 10 16 0.07503571 
177 88 11 19 0.074820355 
935 87 8 12 0.07478991 
657 135 5 9 0.0747836 
697 106 4 11 0.074557975 
263 97 9 16 0.07455537 
531 68 5 8 0.07454834 
20 55 4 13 0.07452402 
400 142 7 12 0.074359015 
491 185 5 9 0.07400459 
782 162 13 21 0.07385482 
217 482 12 25 0.07374953 
21 70 4 11 0.07347672 
433 0 11 15 0.07346488 
442 70 5 9 0.07338804 
594 85 4 8 0.07329184 
535 259 17 27 0.07323411 
744 40 6 11 0.07320858 
736 281 17 32 0.07316346 
506 164 6 13 0.07310017 
722 16 6 10 0.07287169 
468 165 7 12 0.07277974 
698 157 5 10 0.07261288 
417 78 7 13 0.072586976 
110 184 16 26 0.072568946 
548 273 15 24 0.072496235 
298 58 9 16 0.07246998 
387 142 8 13 0.07239749 
846 150 11 17 0.072304934 
330 202 16 28 0.07226445 
416 218 17 36 0.07215145 
42 86 4 8 0.072057836 
743 175 10 16 0.07195335 
421 204 15 30 0.07194698 
724 66 5 9 0.07182186 
122 572 15 19 0.07178075 
1002 18 6 11 0.071575716 
837 136 10 15 0.071574815 
964 1 8 12 0.07157018 
942 494 17 22 0.07155555 
700 247 15 32 0.07146863 
697 79 5 10 0.07145304 
565 204 7 12 0.07145263 
32 345 20 37 0.07133717 
506 193 5 9 0.071247585 
134 42 5 9 0.07082351 
339 229 22 39 0.07080709 
412 165 10 17 0.07072213 
629 175 11 20 0.07070973 
541 66 5 9 0.07067232 
528 231 11 16 0.07061495 
60 177 17 33 0.070508264 
723 45 5 8 0.070475616 
708 17 6 10 0.07027341 
482 123 5 8 0.070114836 
19 36 5 19 0.06999816 
830 62 6 13 0.06970764 
669 170 6 10 0.069606796 
696 42 5 10 0.06915651 
516 44 6 8 0.06913174 
836 13 7 12 0.06909695 
348 88 9 18 0.06902447 
426 1 10 13 0.06897611 
98 82 4 8 0.06896322 
907 194 18 28 0.068930656 
144 84 5 8 0.06891825 
361 91 8 17 0.068909526 
745 28 6 11 0.06864628 
35 230 20 29 0.06850355 
212 38 9 15 0.068484545 
20 417 14 29 0.068460636 
533 44 5 8 0.06822588 
698 90 4 11 0.06820003 
973 176 10 15 0.06818034 
932 510 21 23 0.06817408 
926 3 6 9 0.06810712 
966 79 5 10 0.068010256 
571 390 18 32 0.06789159 
725 80 5 9 0.06780459 
73 185 18 27 0.067700386 
395 39 8 15 0.06765901 
604 -1 8 12 0.06763799 
476 164 7 12 0.0675859 
919 527 18 26 0.06743217 
262 32 6 10 0.06730873 
556 52 6 9 0.0670126 
847 102 7 12 0.066960625 
456 134 6 11 0.066769026 
975 1 8 12 0.06673112 
723 27 6 10 0.06653738 
232 39 8 14 0.066532336 
134 31 4 8 0.06635369 
657 157 6 10 0.066319376 
-1 172 61 74 0.06626358 
687 27 5 10 0.06623252 
533 82 4 7 0.066216916 
317 181 14 19 0.06621139 
290 39 6 11 0.06614284 
829 55 5 12 0.0660057 
561 262 13 21 0.065960735 
617 51 6 13 0.065959804 
246 38 8 11 0.06593858 
470 89 5 11 0.065899126 
-57 632 335 291 0.065808065 
616 235 13 22 0.06574933 
789 365 18 28 0.06570174 
643 28 6 12 0.06555738 
857 54 8 12 0.065551 
478 54 5 9 0.06550704 
551 215 10 17 0.06545105 
556 0 8 12 0.06518269 
580 252 13 19 0.065153785 
375 143 7 12 0.06512571 
779 258 16 33 0.06511492 
617 0 8 12 0.065084666 
449 78 6 12 0.06489653 
733 81 4 9 0.06478854 
512 16 7 12 0.06475313 
913 71 6 8 0.06475308 
300 34 5 8 0.06474288 
736 29 5 10 0.06473921 
425 95 8 19 0.06462638 
949 77 7 10 0.06456414 
837 37 6 12 0.0645597 
1007 335 19 34 0.064393006 
1002 66 6 13 0.06421725 
228 163 11 18 0.06421166 
694 2 8 11 0.06414319 
282 88 7 13 0.06407104 
476 204 8 13 0.06401781 
204 108 11 21 0.06394261 
563 288 15 25 0.063923806 
655 88 6 13 0.0637894 
489 204 8 13 0.06376168 
671 136 4 8 0.06340428 
621 260 16 30 0.063382305 
92 4 6 11 0.06312432 
754 2 9 15 0.06310459 
697 117 4 11 0.06305978 
647 350 16 27 0.06303996 
121 585 19 25 0.062948994 
230 155 8 14 0.06293215 
412 85 9 17 0.06289505 
859 119 8 11 0.06283235 
630 0 8 12 0.06274096 
306 48 9 16 0.062732525 
652 334 16 30 0.0626403 
567 44 5 9 0.06252087 
863 4 6 9 0.062391847 
4 12 6 16 0.0623501 
828 94 6 12 0.062322248 
427 7 10 17 0.062305592 
1015 24 7 15 0.062251333 
330 96 11 23 0.062201396 
977 68 5 10 0.062090863 
1004 77 6 13 0.062042013 
632 156 7 12 0.062012017 
1013 212 14 21 0.061921004 
881 10 10 17 0.061774217 
347 76 8 14 0.0615195 
323 45 9 17 0.06150901 
878 441 19 26 0.061382163 
606 26 6 12 0.06136718 
852 56 7 11 0.061104503 
683 182 7 11 0.060923763 
514 26 7 10 0.060881138 
506 18 7 10 0.0606725 
643 158 6 11 0.06061474 
313 82 6 9 0.060543664 
478 502 102 95 0.060489215 
556 197 6 10 0.06035014 
438 133 7 11 0.060303852 
706 3 7 11 0.060189985 
423 414 15 30 0.060140338 
644 39 6 11 0.060088724 
196 1 6 12 0.060065083 
408 195 17 31 0.060046416 
730 540 90 88 0.060013596 
209 47 12 20 0.05995758 
518 83 5 8 0.05991896 
4 67 4 12 0.059893344 
733 67 5 9 0.05986221 
709 92 5 9 0.059805036 
435 96 8 18 0.059796114 
657 69 5 10 0.059761148 
671 156 5 10 0.059672996 
83 99 4 7 0.05949518 
376 203 20 33 0.05940267 
687 134 4 9 0.059393577 
575 343 18 43 0.059364848 
900 70 7 9 0.059242316 
888 131 7 12 0.059155162 
937 176 11 17 0.059099298 
446 242 73 77 0.059098072 
734 15 6 10 0.059030708 
430 426 14 29 0.058998063 
563 277 15 22 0.058927417 
855 85 10 15 0.0588843 
121 43 5 8 0.05886008 
518 268 21 33 0.058756575 
848 12 7 12 0.05872768 
122 32 4 7 0.05867505 
514 229 11 16 0.05864015 
300 144 6 12 0.058569215 
249 30 6 11 0.058418553 
514 0 8 13 0.058359172 
356 219 19 34 0.058276385 
968 131 7 11 0.058243494 
377 265 21 48 0.0582273 
708 159 5 9 0.058208782 
513 253 17 23 0.058186278 
970 426 16 32 0.05814853 
722 5 7 10 0.05805436 
942 10 7 13 0.057895217 
595 26 5 12 0.057840798 
135 18 4 9 0.057815697 
183 171 14 26 0.05779855 
503 0 8 12 0.057759345 
943 5 6 10 0.057424173 
687 41 5 11 0.057401385 
990 109 6 10 0.057280324 
952 24 7 12 0.057224452 
478 43 5 9 0.05721618 
284 79 7 13 0.056990232 
287 144 7 11 0.05698165 
262 491 22 35 0.05697918 
869 134 8 12 0.05662815 
847 27 7 13 0.05659297 
1017 93 6 13 0.056586713 
863 241 19 36 0.056550317 
563 216 11 17 0.056517765 
182 111 9 19 0.056469444 
2 209 76 95 0.056372378 
515 243 13 20 0.056308743 
343 419 13 17 0.05622506 
172 89 9 15 0.0561494 
450 88 7 14 0.056107078 
726 146 5 10 0.056065194 
4 153 8 15 0.055974267 
618 97 5 9 0.055963375 
619 44 5 10 0.05594612 
482 69 5 9 0.05592227 
577 266 12 19 0.05588043 
645 56 5 9 0.055744756 
313 33 6 8 0.055652786 
966 68 5 9 0.055549853 
1004 584 10 18 0.05545694 
268 45 9 17 0.055361878 
829 348 17 36 0.055285964 
743 318 15 27 0.05526638 
398 166 10 19 0.05507984 
908 104 8 13 0.05506868 
776 109 5 10 0.055057134 
687 17 5 10 0.05500569 
85 224 21 36 0.054994047 
685 143 5 9 0.05491858 
967 207 70 86 0.054898363 
398 131 7 12 0.05488138 
23 338 16 28 0.054806102 
157 102 7 12 0.054761976 
531 29 5 9 0.054700743 
248 393 81 94 0.05468375 
883 2 8 11 0.05466717 
642 190 11 17 0.054638907 
274 156 6 12 0.054612078 
839 77 7 11 0.054587748 
735 5 6 9 0.054564286 
410 97 9 20 0.0542971 
348 67 8 14 0.054292228 
273 32 6 9 0.053973854 
427 69 6 10 0.05396619 
214 55 13 21 0.05390577 
433 261 15 28 0.053874895 
632 119 6 10 0.05387301 
890 105 7 12 0.053870115 
711 66 5 9 0.05385015 
310 145 7 11 0.05382879 
436 250 14 25 0.053823423 
365 144 6 11 0.05379683 
543 29 5 9 0.053714532 
244 47 10 16 0.053663246 
195 113 9 18 0.053596195 
399 153 8 14 0.05345359 
475 -2 11 13 0.053387493 
109 33 4 7 0.053174675 
282 102 7 13 0.053117327 
988 163 11 17 0.053099677 
714 224 13 23 0.053086832 
594 42 5 11 0.05306737 
325 82 7 10 0.053012695 
723 337 23 31 0.0529507 
879 249 15 26 0.05292859 
700 286 19 31 0.052920055 
956 485 13 19 0.052902043 
94 14 4 10 0.052894946 
712 312 66 84 0.052894566 
733 91 5 11 0.052681725 
489 0 9 12 0.05262585 
335 166 9 16 0.052589487 
1002 2 6 11 0.05254847 
451 156 6 11 0.052531503 
240 227 18 28 0.052443538 
480 105 6 10 0.052424543 
46 232 18 29 0.052405756 
691 236 15 27 0.052250996 
619 25 6 13 0.052008078 
541 665 302 253 0.052002847 
408 319 18 39 0.05198181 
875 40 6 11 0.051967587 
135 413 18 26 0.051966693 
348 167 9 16 0.05194394 
579 2 8 12 0.05194386 
445 196 13 23 0.051927358 
269 574 11 20 0.051900074 
245 163 10 16 0.051714465 
609 283 20 35 0.051707447 
159 94 5 10 0.051653985 
940 27 6 11 0.05160965 
234 82 8 12 0.05159047 
892 236 15 27 0.05153147 
577 216 11 17 0.05142784 
152 449 16 42 0.05138099 
725 90 4 10 0.05130142 
762 67 4 11 0.051099565 
708 104 5 11 0.05105649 
915 503 20 26 0.051049594 
63 364 13 21 0.05095809 
927 70 6 8 0.050906345 
551 421 14 31 0.050882228 
874 24 7 13 0.050845854 
331 37 8 16 0.050843555 
220 31 7 11 0.050823335 
887 141 9 13 0.050810073 
413 66 7 12 0.050801672 
618 14 7 13 0.05079022 
581 26 6 12 0.050744582 
248 153 8 15 0.05072598 
688 55 4 9 0.05068916 
688 66 4 10 0.050574627 
442 361 14 28 0.05047709 
633 27 6 12 0.05046093 
849 41 6 11 0.050395302 
470 43 5 11 0.05038313 
19 -8 5 9 0.050377168 
993 25 6 12 0.050336424 
710 80 5 9 0.05019583 
610 42 4 11 0.050167363 
170 97 11 19 0.050098807 
153 138 8 17 0.050042443 
949 190 16 21 0.04999386 
848 120 8 12 0.04991286 
389 94 12 23 0.049895804 
97 44 4 8 0.049881864 
966 89 6 11 0.049831104 
272 110 7 15 0.049807176 
84 12 5 11 0.049666263 
728 250 13 28 0.049593784 
319 166 10 16 0.049522407 
222 88 10 15 0.04931577 
684 4 6 9 0.049187668 
441 49 177 225 0.049143262 
558 412 15 33 0.0490716 
155 128 7 13 0.048974935 
372 92 8 15 0.048967462 
882 154 17 19 0.04896553 
470 82 5 10 0.048904225 
289 34 5 8 0.0488959 
1006 93 5 11 0.048882894 
489 164 8 12 0.048874468 
718 273 19 28 0.048808187 
338 79 6 12 0.0487898 
876 -6 6 8 0.048782893 
975 77 6 11 0.04870334 
747 53 5 11 0.048693486 
374 29 7 13 0.04866287 
962 24 7 13 0.048565876 
173 83 6 10 0.048561767 
392 32 5 10 0.048541393 
335 64 7 13 0.048512153 
622 285 18 36 0.04850397 
461 218 13 17 0.048418257 
606 16 6 12 0.048399366 
110 44 4 7 0.04838959 
588 214 11 21 0.04837372 
156 114 7 13 0.04835848 
887 39 7 11 0.048345704 
186 32 6 10 0.048321106 
578 14 8 12 0.048311476 
207 157 9 15 0.04830262 
631 144 6 11 0.048267264 
401 457 171 168 0.048263807 
794 118 8 12 0.048147656 
490 494 8 24 0.048077334 
183 47 11 18 0.04784249 
629 12 7 14 0.047842074 
208 79 7 11 0.04776993 
178 200 14 24 0.047765102 
447 464 12 34 0.047669046 
878 272 17 31 0.04766143 
906 274 19 31 0.04762912 
634 41 5 10 0.047616925 
915 1 6 10 0.047600817 
470 52 5 11 0.04749752 
414 132 6 12 0.047454465 
320 431 15 18 0.047410592 
538 272 16 26 0.047351673 
907 488 89 105 0.047333643 
135 4 5 9 0.04723437 
839 -4 4 6 0.047189936 
735 215 10 17 0.04715126 
195 58 10 18 0.047050674 
243 60 11 16 0.047046237 
938 105 6 10 0.046970803 
883 589 173 251 0.046959102 
9 306 16 38 0.04686605 
863 12 8 13 0.046823665 
412 51 7 14 0.046821967 
962 600 9 13 0.04678609 
798 105 6 11 0.04671465 
1016 16 7 14 0.046687033 
206 59 11 18 0.04667998 
708 117 4 11 0.04664389 
998 199 14 21 0.046630938 
260 45 9 17 0.046612673 
333 110 9 18 0.04652171 
961 11 8 13 0.046394136 
626 190 13 20 0.04637556 
335 143 7 12 0.046370085 
861 41 7 12 0.046352834 
500 218 10 17 0.046343792 
193 32 7 12 0.04630314 
31 70 4 9 0.04630123 
463 203 9 14 0.046252087 
762 54 5 11 0.04622745 
643 0 7 11 0.046215206 
848 -5 6 7 0.04620169 
429 201 18 30 0.046173837 
414 1 9 11 0.04615782 
2 22 7 23 0.04615187 
556 30 5 10 0.046060417 
819 151 10 17 0.045873567 
472 217 15 21 0.045859892 
928 381 16 38 0.04583446 
543 2 6 11 0.045808654 
411 111 9 18 0.04579519 
799 52 5 14 0.045789856 
298 130 6 11 0.04575639 
176 481 12 21 0.045749713 
672 4 6 9 0.045722216 
529 0 7 13 0.045677822 
245 81 9 13 0.045673348 
789 287 22 33 0.045642264 
582 42 5 10 0.045567907 
671 14 6 11 0.045566384 
145 57 5 8 0.04551252 
568 52 6 10 0.04547958 
804 369 16 24 0.045414433 
672 80 4 10 0.04534114 
329 431 15 17 0.045320943 
426 355 13 22 0.045305327 
566 11 8 15 0.045287933 
325 65 7 13 0.045275994 
887 55 7 10 0.04525857 
568 28 6 11 0.045251105 
145 69 5 9 0.045193326 
56 546 19 25 0.045183692 
864 269 20 37 0.045153957 
48 353 15 25 0.04510943 
394 104 13 25 0.045051236 
938 117 6 10 0.04503804 
1004 37 5 13 0.045028567 
98 32 4 8 0.044978876 
620 345 75 87 0.044947144 
377 304 18 38 0.044922724 
347 430 11 16 0.04470863 
954 526 18 24 0.044597656 
485 217 13 19 0.044504657 
173 41 5 11 0.044394873 
168 484 12 22 0.044392526 
314 88 6 12 0.044333648 
772 525 21 39 0.04428527 
223 157 8 12 0.044229984 
435 476 12 36 0.04421589 
869 432 37 64 0.04419404 
929 134 6 11 0.04416529 
27 11 7 13 0.044121932 
827 100 7 13 0.044108033 
257 153 9 16 0.0441064 
82 -6 5 7 0.04410397 
608 83 5 9 0.044057786 
219 102 8 14 0.04405637 
1017 78 6 16 0.043985657 
194 142 9 17 0.04398371 
299 78 6 12 0.043953896 
794 249 72 89 0.04394966 
322 110 8 17 0.043916535 
293 298 16 31 0.043863676 
731 235 13 28 0.043842312 
375 36 7 14 0.043835454 
549 284 18 30 0.043813404 
458 477 11 34 0.043765657 
515 507 10 24 0.04376406 
981 109 5 9 0.043752506 
335 420 13 15 0.0436717 
708 144 4 10 0.043654952 
687 91 5 10 0.043654904 
197 -6 5 8 0.043622475 
896 275 18 30 0.04361142 
5 -8 5 10 0.04360221 
111 592 20 23 0.04354353 
939 38 6 11 0.043541398 
452 69 5 10 0.04353267 
1003 -8 5 10 0.043432444 
390 131 7 13 0.043402053 
27 2 7 11 0.043386634 
965 56 5 10 0.04337102 
419 257 19 37 0.043365207 
886 26 7 13 0.043362103 
239 336 17 38 0.04333841 
633 107 5 9 0.0433326 
927 13 7 12 0.04330588 
890 70 6 9 0.043293826 
611 51 5 13 0.043271203 
746 342 21 37 0.0432596 
178 229 19 34 0.0432487 
505 204 8 13 0.043145996 
845 164 11 16 0.04311247 
637 421 20 33 0.043108147 
260 83 7 10 0.043044157 
179 189 12 21 0.043032542 
977 12 7 11 0.043028984 
211 565 7 19 0.04301175 
860 103 7 12 0.042956505 
493 30 5 9 0.04293957 
762 42 5 10 0.042922232 
542 16 6 11 0.042914834 
240 388 15 31 0.042840123 
180 82 7 11 0.04281354 
533 286 19 31 0.042806573 
455 25 6 12 0.04280045 
336 127 7 13 0.042755686 
985 337 18 33 0.04275395 
948 477 10 16 0.042752173 
432 224 15 27 0.042743195 
743 191 9 16 0.0427337 
212 32 6 10 0.04268098 
671 53 5 11 0.04265169 
308 61 8 15 0.04262558 
951 90 7 11 0.04249816 
288 131 6 11 0.04244909 
663 347 17 30 0.04234163 
633 129 6 12 0.042166926 
428 132 6 11 0.042150456 
934 203 64 75 0.042147394 
269 326 13 25 0.042137165 
36 326 16 27 0.042099938 
595 17 5 11 0.04204786 
687 79 4 10 0.041963045 
914 -7 6 9 0.041958172 
449 213 12 20 0.041801296 
189 184 18 28 0.041787528 
647 90 6 12 0.04170982 
115 456 8 24 0.04168425 
390 74 8 15 0.04168017 
618 65 4 12 0.04166082 
659 55 4 10 0.041652445 
365 4 5 11 0.041612834 
89 547 10 21 0.041532688 
1017 37 7 18 0.041389167 
917 270 22 33 0.041334905 
754 286 16 30 0.041274764 
376 3 5 11 0.041234758 
376 133 6 11 0.041225012 
863 -5 6 6 0.041086294 
152 433 12 26 0.04101686 
713 284 19 31 0.04100666 
556 68 5 9 0.04092046 
927 -7 5 9 0.04091092 
-2 -215 375 137 0.04087626 
13 366 10 24 0.040828757 
957 497 14 20 0.040826518 
325 144 7 11 0.04080697 
934 499 16 19 0.040782873 
594 51 5 13 0.04077845 
821 119 7 14 0.040702485 
466 0 8 11 0.040671404 
628 341 19 29 0.040519312 
198 78 6 12 0.04050016 
273 162 9 16 0.040498897 
673 68 4 10 0.04045557 
767 258 17 34 0.040402565 
530 16 6 12 0.0403681 
361 64 8 16 0.040200856 
45 344 84 114 0.04019539 
500 490 10 28 0.040176656 
641 329 13 26 0.04013019 
286 114 6 13 0.04011975 
573 293 15 28 0.040075943 
198 100 8 17 0.040073212 
594 69 5 11 0.040063813 
799 64 5 14 0.04000183 
645 122 5 9 0.04000066 
758 25 6 13 0.03988257 
483 265 72 82 0.039861925 
788 52 5 13 0.039831616 
466 26 5 12 0.03982846 
172 51 6 13 0.03981292 
580 68 5 10 0.03978703 
334 50 8 16 0.03977409 
991 67 6 11 0.039717514 
798 295 21 36 0.039686505 
565 -8 8 9 0.039670475 
369 193 72 90 0.03961737 
827 39 5 13 0.039577115 
424 113 8 15 0.03952013 
364 37 6 14 0.039511535 
886 -7 6 9 0.03950039 
603 286 14 23 0.03942101 
658 2 6 10 0.039352525 
365 228 20 39 0.03932417 
738 121 5 10 0.039319217 
122 20 5 8 0.039287843 
15 351 11 25 0.03921524 
497 440 12 30 0.039207056 
439 116 6 13 0.039168943 
207 493 13 23 0.039130613 
14 502 167 171 0.039066765 
595 1 7 11 0.039063286 
917 196 19 28 0.038992275 
872 584 12 19 0.038930908 
51 299 14 29 0.038905296 
554 14 7 12 0.038875088 
997 455 15 22 0.03884159 
116 445 7 19 0.038833886 
692 270 14 31 0.038747955 
905 427 16 30 0.03870977 
274 83 7 11 0.03869971 
61 296 14 32 0.038629763 
953 38 6 11 0.03855122 
964 40 6 11 0.038537074 
15 569 12 29 0.03852071 
940 58 5 9 0.038494267 
33 55 4 12 0.038491633 
39 300 15 28 0.038453627 
296 530 9 27 0.038444337 
170 470 10 22 0.038429525 
480 30 4 9 0.03836639 
421 390 16 33 0.03834 
94 -8 6 8 0.038332738 
978 28 6 10 0.038302384 
366 28 6 12 0.038289625 
736 104 5 11 0.038261056 
635 54 5 10 0.038260296 
657 16 6 11 0.03820532 
187 -7 5 8 0.038195655 
87 362 18 33 0.03819388 
333 224 16 28 0.03818512 
1010 456 14 23 0.038176786 
990 2 6 11 0.038168263 
146 43 4 9 0.0381154 
571 69 5 9 0.03810453 
819 366 15 28 0.038080297 
644 15 6 11 0.038074005 
901 57 6 9 0.038030855 
791 261 15 28 0.03802259 
176 282 17 34 0.037972942 
748 210 16 30 0.037866723 
709 132 4 11 0.037839755 
514 492 10 28 0.037828047 
603 201 12 20 0.037821393 
453 101 6 12 0.037804548 
13 378 9 28 0.037790585 
754 263 15 30 0.037773747 
50 416 12 25 0.03771383 
750 68 4 9 0.037706356 
183 122 8 19 0.03769518 
130 152 12 17 0.037691966 
184 142 8 17 0.03767452 
987 473 12 20 0.03764182 
204 122 10 19 0.037605383 
927 25 6 12 0.037602223 
272 64 8 14 0.037584133 
108 19 5 8 0.037553307 
409 349 15 27 0.0375207 
233 60 9 16 0.03749544 
185 153 9 17 0.037442476 
671 41 5 12 0.037429348 
147 2 4 11 0.03736503 
246 109 8 18 0.037360415 
437 342 13 23 0.037337847 
387 234 83 98 0.037331928 
219 565 8 18 0.037312053 
408 365 14 25 0.037280925 
991 17 6 10 0.037266526 
375 15 5 11 0.037221674 
15 335 11 26 0.03721493 
870 573 12 19 0.037171002 
46 340 16 25 0.03716968 
222 111 8 16 0.037154168 
178 473 9 18 0.037111133 
991 176 11 17 0.03705392 
399 30 6 11 0.036948834 
61 226 18 32 0.03693608 
583 390 15 26 0.036931794 
835 152 10 16 0.03689955 
476 480 9 25 0.03687882 
262 577 8 14 0.03686328 
978 40 6 12 0.036815118 
299 181 10 16 0.036740415 
463 16 6 11 0.03669033 
882 587 8 17 0.036678057 
953 59 5 8 0.03667126 
112 503 12 32 0.036659326 
674 290 70 78 0.03661095 
657 26 6 12 0.036604702 
977 534 10 18 0.03659379 
978 589 6 11 0.036585927 
919 248 17 28 0.036579832 
325 130 6 11 0.03654319 
283 317 11 24 0.036499064 
13 499 11 36 0.03649013 
581 53 6 12 0.03648086 
884 574 8 16 0.03644387 
788 65 5 12 0.036423385 
468 120 5 9 0.03641734 
827 80 5 11 0.036357515 
414 175 26 47 0.036350198 
208 142 7 14 0.036334995 
828 492 17 28 0.036330964 
249 143 6 12 0.03632993 
97 371 17 32 0.03631703 
940 -6 6 8 0.036312535 
244 576 10 18 0.036311816 
285 302 11 25 0.03630691 
975 91 6 11 0.036268324 
513 459 12 34 0.03625781 
862 27 6 12 0.03624725 
245 329 11 23 0.036238793 
232 109 9 17 0.036207058 
173 492 17 28 0.036185075 
623 555 23 36 0.036157787 
135 -8 4 9 0.03612176 
298 118 6 10 0.036119584 
453 118 6 11 0.036060806 
992 76 6 12 0.03605222 
672 27 5 10 0.03605043 
829 3 5 10 0.0360413 
148 -9 4 10 0.03602876 
990 580 7 11 0.03602066 
146 30 4 10 0.035974253 
571 239 71 94 0.03596984 
528 -9 7 9 0.03596916 
854 249 20 40 0.035851095 
757 492 42 70 0.035850175 
611 67 4 11 0.03583065 
322 533 9 25 0.035780683 
121 -9 5 10 0.035774402 
223 143 7 13 0.035742585 
107 -9 6 9 0.035732247 
187 282 18 35 0.035705958 
749 237 18 36 0.035697367 
29 25 6 16 0.035665546 
977 603 7 11 0.03565795 
247 126 7 15 0.03565766 
361 48 8 16 0.035638977 
366 13 5 12 0.035633888 
358 470 11 20 0.035619847 
274 129 6 12 0.035619058 
950 599 9 15 0.035599295 
183 61 8 15 0.035585284 
349 564 9 18 0.03556886 
267 585 14 20 0.0355536 
927 57 6 9 0.03552662 
197 91 7 14 0.03549906 
222 79 8 12 0.035470564 
813 93 5 12 0.035468318 
468 67 5 10 0.035452694 
310 531 9 27 0.035422936 
875 54 7 10 0.035401627 
837 346 21 41 0.035384215 
170 111 8 17 0.035365302 
285 339 13 26 0.035313036 
441 55 6 12 0.035289906 
11 390 12 34 0.035165258 
555 -8 7 9 0.03513764 
417 308 17 41 0.035111617 
255 182 12 17 0.035011943 
926 38 6 12 0.03501167 
171 66 6 12 0.03500955 
351 262 73 104 0.034933984 
995 308 18 36 0.034929432 
516 -8 7 9 0.034901377 
23 530 14 29 0.034870207 
628 245 63 81 0.03486468 
659 41 5 11 0.034841824 
448 228 14 21 0.034817263 
121 3 5 9 0.034808677 
159 68 5 10 0.034804523 
340 664 333 257 0.034794196 
1 559 9 24 0.03477689 
39 405 86 116 0.034702215 
51 184 15 27 0.034685228 
233 142 7 13 0.034611903 
757 174 13 20 0.034579802 
572 375 16 30 0.03457907 
900 39 6 11 0.034571517 
445 439 14 29 0.03454793 
811 104 7 13 0.034482367 
972 522 12 19 0.034456436 
503 522 8 25 0.034448717 
614 390 81 103 0.034411207 
1017 1 7 14 0.034404114 
73 364 15 27 0.034398243 
800 278 16 26 0.03437893 
878 417 19 25 0.03436803 
371 574 10 18 0.0343573 
391 307 18 37 0.034324028 
887 629 9 16 0.034298744 
422 491 11 31 0.034296423 
261 111 7 15 0.034282275 
365 131 6 12 0.034280796 
290 49 6 12 0.0342787 
259 62 8 16 0.034264956 
336 564 8 19 0.034259878 
225 479 17 30 0.034258425 
642 203 11 19 0.034255505 
170 126 8 15 0.03424691 
740 300 16 26 0.034227446 
247 565 7 15 0.034222167 
161 54 5 10 0.03418026 
801 184 19 28 0.034143563 
748 109 5 11 0.03413993 
772 66 5 11 0.034126807 
605 -7 7 9 0.03412492 
449 501 12 36 0.034111436 
159 84 6 8 0.03408811 
978 55 6 11 0.034087148 
89 431 10 24 0.03406753 
30 40 6 14 0.034063075 
437 23 8 15 0.034054436 
165 456 10 26 0.034047924 
632 294 79 87 0.034025878 
12 480 12 33 0.034014065 
913 57 6 9 0.034011364 
145 17 5 10 0.033990767 
915 511 39 51 0.033955507 
260 128 6 13 0.03395477 
885 292 83 82 0.033931207 
196 12 6 13 0.033890665 
726 291 20 35 0.0338905 
687 120 4 10 0.033878706 
798 95 6 11 0.033867184 
670 90 5 11 0.033810407 
361 113 7 15 0.033787824 
598 267 71 91 0.03375495 
246 182 10 16 0.033741664 
435 452 13 28 0.0337016 
349 127 6 13 0.033693768 
451 0 8 11 0.03364329 
724 133 5 11 0.033635963 
563 401 15 29 0.033632115 
161 -9 4 10 0.033623446 
513 518 11 29 0.0336091 
915 13 7 12 0.03356062 
110 445 7 20 0.03354177 
837 119 9 13 0.033527475 
871 558 11 22 0.033523414 
962 613 10 14 0.0335103 
880 455 17 33 0.033475123 
586 528 15 34 0.033466402 
314 113 7 13 0.03346225 
210 485 10 18 0.033404592 
1009 357 18 32 0.033403423 
855 195 15 24 0.03340065 
822 350 15 30 0.033393286 
429 400 15 34 0.03337908 
871 432 16 21 0.033357162 
875 104 7 11 0.033355173 
1003 56 5 12 0.033305332 
808 492 45 67 0.033266637 
228 439 17 33 0.033260126 
747 -6 6 8 0.033256195 
77 428 12 27 0.03322353 
349 113 7 15 0.033223208 
22 266 20 42 0.03317739 
695 -7 7 8 0.033140067 
479 495 7 23 0.03313085 
996 468 15 24 0.03312567 
467 104 5 10 0.033053394 
72 3 4 12 0.033053074 
310 546 9 25 0.03302457 
221 474 9 20 0.033017956 
62 249 14 27 0.033010323 
723 103 5 11 0.03300288 
733 226 11 22 0.032966655 
312 132 6 11 0.03296261 
773 54 4 11 0.032942254 
438 -7 7 8 0.032865237 
256 162 11 18 0.032853104 
82 -22 6 9 0.032828335 
174 -8 4 9 0.032817 
613 341 15 23 0.032767896 
957 560 12 19 0.03276528 
939 485 13 18 0.03272746 
270 566 9 18 0.032636974 
503 508 7 22 0.032625634 
476 465 9 26 0.032572687 
360 77 8 14 0.032572616 
855 544 14 25 0.032560214 
980 577 6 12 0.032505296 
423 517 9 25 0.032468874 
646 106 5 9 0.032456703 
444 263 15 24 0.03244811 
1003 598 9 15 0.03243484 
378 51 7 13 0.032343883 
884 237 13 23 0.032341454 
520 458 15 38 0.032338 
324 548 8 23 0.032311566 
117 434 7 18 0.032308593 
342 409 14 18 0.032304022 
126 321 19 36 0.03230295 
376 64 7 14 0.032302164 
690 297 20 33 0.032259423 
23 144 66 92 0.03224396 
36 172 15 22 0.032228947 
351 156 7 13 0.03222134 
76 412 12 29 0.03219377 
637 68 4 10 0.03216709 
361 564 9 18 0.032140832 
-1 211 18 39 0.03210646 
768 221 20 35 0.032076035 
314 104 6 12 0.03205615 
966 122 6 9 0.03204031 
108 3 5 10 0.032035425 
136 306 23 35 0.03200015 
8 282 20 39 0.031968586 
446 285 16 32 0.031898737 
1006 306 22 37 0.031866968 
778 515 90 103 0.0318413 
29 -9 6 9 0.03183874 
761 78 5 12 0.0318223 
306 416 47 76 0.031808816 
454 15 7 12 0.031807598 
728 315 18 26 0.031802032 
828 28 5 14 0.03176363 
877 68 6 9 0.031760704 
574 325 16 37 0.03172636 
161 42 5 10 0.031725097 
489 -8 8 9 0.031711698 
996 440 18 28 0.03166202 
384 331 71 101 0.031647827 
625 362 19 40 0.031600345 
444 319 16 36 0.031573646 
871 545 10 21 0.03155937 
214 232 24 36 0.031552996 
928 105 6 10 0.031528648 
426 54 7 11 0.03151834 
283 174 13 20 0.031493414 
899 26 6 12 0.031474672 
421 289 90 101 0.031414367 
532 271 76 94 0.03139293 
277 502 15 22 0.031391647 
427 24 7 14 0.031332795 
707 -7 7 8 0.031330567 
503 -7 7 8 0.031302027 
516 461 91 109 0.031291045 
804 532 16 25 0.0312852 
88 341 15 28 0.0312789 
111 472 13 37 0.031271476 
251 390 15 28 0.031206395 
924 615 10 15 0.031192118 
92 573 46 52 0.031191349 
400 591 8 12 0.031184671 
748 302 34 59 0.031178813 
72 -7 4 7 0.031173922 
500 463 11 29 0.031171924 
227 314 13 28 0.03117102 
766 357 22 34 0.031156488 
348 51 7 14 0.031150876 
901 2 7 10 0.03113888 
466 291 24 41 0.03112922 
300 90 6 11 0.031112965 
1018 65 6 16 0.031103872 
237 1 6 12 0.031103352 
197 563 8 21 0.0310868 
16 530 10 27 0.031034408 
110 434 7 19 0.0310235 
870 417 15 22 0.031021154 
476 -7 8 8 0.031020906 
276 144 6 10 0.030997507 
287 66 6 12 0.030996436 
374 75 8 15 0.030984692 
518 142 146 191 0.0309774 
1010 480 17 29 0.030894186 
970 511 12 18 0.03088433 
393 286 15 31 0.030862343 
96 335 18 37 0.03086209 
359 574 13 21 0.030858679 
226 282 16 36 0.030832151 
16 546 10 24 0.030741148 
899 13 8 12 0.030739108 
217 573 12 24 0.03068576 
200 281 16 35 0.03068508 
157 293 84 98 0.030656977 
960 588 9 15 0.030614085 
903 -8 5 9 0.030607266 
869 533 10 22 0.030602327 
210 476 7 14 0.030583153 
80 537 10 18 0.03056744 
223 -7 6 8 0.03055231 
884 561 8 17 0.03055222 
57 86 5 9 0.030546086 
491 440 10 29 0.030534875 
188 2 5 12 0.030491987 
828 13 5 12 0.030487321 
763 284 38 63 0.030481204 
1004 263 24 37 0.030417558 
321 425 13 14 0.03041185 
346 573 13 23 0.030378658 
22 438 16 29 0.030342843 
628 328 13 24 0.030301394 
440 38 6 14 0.030293541 
333 573 13 23 0.030268637 
631 -8 7 9 0.030254534 
109 456 8 24 0.030234043 
18 215 26 33 0.030233817 
324 563 9 20 0.030226858 
259 143 6 11 0.03022651 
762 109 5 10 0.030174667 
118 460 88 97 0.03017364 
580 -9 6 9 0.030173589 
328 440 18 25 0.030144848 
645 615 6 12 0.030143334 
460 505 10 28 0.030134594 
426 -6 7 7 0.030117882 
653 313 19 32 0.030115193 
877 79 7 11 0.030074434 
262 568 6 12 0.030069832 
845 388 76 105 0.030057432 
515 221 74 95 0.030050205 
381 365 14 27 0.03002723 
547 593 15 27 0.030025283 
992 589 7 11 0.030020867 
230 328 13 25 0.03001216 
63 413 13 28 0.029998165 
345 444 13 20 0.029983735 
965 -7 6 9 0.029963234 
466 595 21 30 0.029955924 
244 318 11 22 0.029954435 
991 603 7 12 0.029933263 
173 33 5 9 0.029910285 
1011 375 15 29 0.029903136 
665 530 11 26 0.029884333 
918 292 35 53 0.029869722 
195 461 7 15 0.029853832 
256 326 13 25 0.029826432 
618 189 11 19 0.029822737 
690 208 29 44 0.029796112 
657 104 5 11 0.029784484 
80 549 11 17 0.029783515 
1013 564 12 19 0.02974295 
856 444 12 17 0.029739978 
398 575 8 16 0.029725533 
453 54 5 12 0.029721566 
627 586 11 15 0.029721277 
298 543 9 26 0.029713454 
736 -6 5 7 0.029713344 
221 125 8 16 0.029698832 
487 464 10 29 0.029671265 
722 -7 6 8 0.029650994 
375 115 8 14 0.02963307 
897 636 12 21 0.029605782 
384 228 30 63 0.029582186 
479 286 22 32 0.029573042 
492 17 7 10 0.02955816 
420 339 13 28 0.029539667 
954 314 87 109 0.029519683 
24 173 15 21 0.029503854 
750 222 67 85 0.029485384 
71 -21 4 8 0.029473739 
858 557 12 23 0.029470664 
982 430 16 28 0.029464202 
543 -8 6 8 0.029391108 
207 573 12 23 0.0293897 
263 0 5 12 0.02936241 
169 191 10 20 0.029355867 
208 3 7 11 0.029347334 
658 -8 6 8 0.029298924 
984 533 13 24 0.029285286 
990 39 6 12 0.02926857 
688 105 4 11 0.029260274 
209 14 6 12 0.029245917 
252 338 15 31 0.029236957 
950 614 10 14 0.029228115 
912 615 10 15 0.029218063 
812 122 7 11 0.029212378 
763 280 20 39 0.029161533 
386 603 9 12 0.029038345 
909 626 14 21 0.029013712 
140 434 32 75 0.029003235 
958 389 15 26 0.028995005 
629 598 9 15 0.028991163 
618 -8 6 9 0.02898855 
195 474 7 15 0.0289875 
122 380 79 106 0.028978964 
299 105 6 11 0.02897486 
579 644 9 11 0.028974416 
777 281 21 36 0.02895024 
423 374 17 32 0.02892596 
952 -6 6 8 0.02891886 
770 211 14 27 0.028878724 
858 520 13 26 0.028878637 
321 515 10 27 0.02887786 
523 534 16 27 0.02883969 
978 564 8 13 0.028832106 
453 40 6 13 0.028825788 
477 523 7 20 0.028813843 
672 300 19 32 0.028805114 
64 372 14 30 0.028798135 
666 362 17 28 0.028759362 
806 353 16 27 0.028741626 
513 440 12 30 0.028663551 
555 411 10 21 0.028585693 
226 463 16 29 0.028552385 
350 38 7 14 0.028512143 
828 369 18 35 0.028484894 
195 575 11 22 0.028478617 
988 564 8 13 0.028437225 
416 12 7 13 0.028427498 
848 443 11 18 0.02842581 
27 256 78 100 0.02842331 
970 495 14 21 0.028401637 
238 273 82 110 0.028294114 
959 475 10 16 0.028267097 
419 165 77 103 0.028263737 
750 80 5 11 0.028260428 
914 39 6 11 0.028233519 
926 605 7 12 0.028231982 
161 1 4 11 0.0282314 
790 244 14 28 0.028228635 
492 522 7 21 0.028226838 
405 233 21 52 0.02822102 
833 245 17 30 0.028207613 
604 214 15 24 0.028196936 
644 -8 6 8 0.02816921 
962 427 15 32 0.02816887 
572 410 15 31 0.028149823 
887 638 9 17 0.028135195 
333 30 7 12 0.028080227 
952 119 5 10 0.02807832 
894 264 15 26 0.028055266 
773 42 5 11 0.028046997 
975 613 9 14 0.02803905 
425 432 13 31 0.028013244 
560 346 16 30 0.027981024 
279 260 19 35 0.027954277 
998 419 12 25 0.027945524 
619 82 5 10 0.027923144 
458 453 12 28 0.027887398 
406 279 17 34 0.027864205 
913 607 6 12 0.027846258 
633 95 5 10 0.027838036 
100 587 21 22 0.027813746 
34 259 16 31 0.027802963 
984 203 15 22 0.027664434 
387 591 8 13 0.027659234 
813 79 5 13 0.027656285 
22 309 18 35 0.027649598 
235 565 8 17 0.027639197 
427 39 6 12 0.027631897 
326 255 20 36 0.027623834 
350 143 7 12 0.0276133 
195 497 10 18 0.02758495 
607 477 45 88 0.027581843 
465 -8 8 9 0.027580269 
810 -5 201 255 0.027570775 
879 466 43 70 0.027552523 
957 545 14 20 0.027551576 
450 -8 8 8 0.027523998 
589 515 12 26 0.027516423 
971 405 12 24 0.027512645 
895 226 14 23 0.02751003 
479 509 7 20 0.02741651 
951 104 5 11 0.027352912 
990 55 6 11 0.027345754 
289 256 20 37 0.02729693 
381 333 14 32 0.027222533 
313 426 8 11 0.027211307 
309 518 10 25 0.027210942 
536 258 34 50 0.027201438 
539 596 12 23 0.027176643 
976 -7 6 10 0.027162401 
919 290 18 28 0.02716035 
919 484 14 23 0.027159378 
232 575 12 21 0.02715613 
174 310 20 33 0.02715591 
517 563 25 27 0.027119996 
788 40 5 13 0.027099723 
891 428 20 29 0.02708047 
88 443 10 27 0.027062746 
829 584 15 22 0.027017536 
812 52 5 13 0.02701196 
996 515 15 33 0.02700495 
635 566 14 25 0.026989922 
352 3 6 11 0.0269825 
4 53 5 17 0.02694319 
907 236 16 28 0.026910564 
370 590 11 15 0.026909458 
671 -7 5 7 0.02686902 
613 327 13 25 0.026858905 
341 210 16 27 0.026834667 
251 429 43 82 0.026827812 
414 26 7 12 0.026825683 
1010 227 16 23 0.02680924 
949 135 7 10 0.026803836 
218 313 14 27 0.026784735 
401 17 5 10 0.026765272 
2 402 12 30 0.026748136 
460 287 17 33 0.026663778 
935 532 43 69 0.02666321 
893 449 16 30 0.026659744 
842 494 15 26 0.026652006 
62 269 15 30 0.02664511 
128 165 14 19 0.026643751 
1 434 14 27 0.026640864 
764 333 19 37 0.026624948 
927 118 7 10 0.026606664 
764 310 18 31 0.02660032 
685 -6 6 7 0.026597695 
403 1 7 10 0.0265957 
647 373 16 30 0.026577242 
286 430 42 74 0.026535174 
19 -22 5 12 0.026529146 
2 551 7 19 0.026525894 
586 323 14 30 0.026517635 
193 445 8 17 0.026516074 
786 214 31 52 0.026514102 
1002 564 9 16 0.026507895 
247 0 7 13 0.026504252 
917 368 20 38 0.026430711 
563 365 137 202 0.026428433 
240 283 14 34 0.026417965 
249 243 19 33 0.026416222 
906 299 23 36 0.026403531 
578 259 29 44 0.026337776 
812 65 5 13 0.026319629 
48 553 21 31 0.026247626 
974 457 10 18 0.026242832 
587 379 13 24 0.02622458 
991 -8 5 9 0.026180724 
214 501 15 28 0.026169736 
205 503 14 25 0.026136834 
818 185 19 24 0.026118308 
103 472 13 40 0.026094234 
834 465 10 24 0.026085628 
920 626 16 20 0.026081994 
146 497 10 19 0.026073089 
331 514 13 29 0.026053207 
908 637 15 21 0.026009262 
388 109 10 20 0.02598106 
435 503 12 33 0.025971588 
446 241 15 24 0.0259668 
834 166 11 16 0.025960915 
119 566 12 15 0.025939321 
1008 443 15 25 0.025933318 
337 551 7 20 0.025921684 
675 334 17 29 0.025920346 
498 227 12 19 0.025902689 
173 2 4 11 0.025895787 
267 271 15 32 0.025876896 
49 532 17 27 0.025873512 
89 415 10 25 0.025869075 
693 244 68 87 0.025863461 
180 560 11 26 0.025855558 
236 -7 5 8 0.025855077 
267 417 13 26 0.02585061 
787 96 5 11 0.025783895 
253 362 13 26 0.025781317 
198 335 20 34 0.025770672 
374 564 8 16 0.025726859 
371 602 12 13 0.025721768 
896 214 14 23 0.02568751 
989 188 11 18 0.025677746 
487 626 12 19 0.025633747 
37 581 15 31 0.025621574 
477 13 7 12 0.025605427 
1018 -10 6 13 0.025529636 
464 190 87 101 0.025528684 
371 375 13 28 0.025478762 
233 126 8 16 0.025477031 
107 -23 6 10 0.025450064 
186 14 6 13 0.025435999 
459 582 18 28 0.025425205 
259 500 13 26 0.025398735 
102 496 13 43 0.025389604 
914 25 7 12 0.025346804 
535 564 15 19 0.025339337 
568 643 8 12 0.025326844 
33 285 18 31 0.025318408 
5 429 73 111 0.025314057 
978 546 9 18 0.025307706 
171 154 8 16 0.02529744 
779 308 18 32 0.025297347 
866 311 22 33 0.025296584 
186 311 20 32 0.02528558 
51 258 14 28 0.025255641 
357 430 11 18 0.025241828 
33 427 16 27 0.025236994 
917 389 19 42 0.025217958 
200 313 17 29 0.025181342 
821 585 10 17 0.025124114 
870 596 12 20 0.025117101 
23 555 15 33 0.025104005 
846 466 11 23 0.025086043 
210 -7 5 7 0.025085323 
857 507 12 25 0.02506836 
897 418 38 76 0.025052015 
800 314 21 38 0.025045507 
851 332 42 66 0.025029862 
280 375 16 33 0.025002474 
510 282 21 32 0.025000226 
799 78 5 13 0.024970515 
643 315 12 25 0.024925875 
180 574 11 24 0.024919888 
219 300 13 26 0.024918752 
231 387 15 29 0.024914501 
259 518 9 24 0.024907354 
401 -8 7 8 0.024874194 
833 484 10 21 0.024865026 
1018 53 6 16 0.024863893 
166 286 16 32 0.024851676 
91 560 12 20 0.024847116 
477 533 9 22 0.024833273 
887 615 8 16 0.024817843 
837 215 73 87 0.024794644 
397 349 15 29 0.02478222 
94 -23 6 10 0.024691833 
507 404 79 107 0.024691321 
723 119 5 11 0.024666984 
588 230 30 42 0.024656536 
73 245 16 31 0.024651902 
988 611 9 16 0.024651656 
151 514 19 37 0.024649313 
23 243 19 30 0.02463809 
215 414 14 29 0.02463509 
268 379 13 24 0.02462667 
235 30 7 11 0.024615677 
712 398 45 88 0.024569213 
914 590 6 12 0.024567407 
643 602 7 13 0.024559593 
900 615 9 15 0.024534699 
594 -8 6 9 0.024529004 
587 296 14 26 0.024509238 
860 570 12 20 0.024501802 
269 302 11 25 0.024481773 
87 244 16 31 0.024449874 
907 209 16 26 0.02444184 
962 457 9 19 0.02443866 
877 92 7 11 0.024437122 
255 287 12 27 0.02443263 
522 495 12 27 0.024427919 
229 178 13 19 0.02441219 
747 92 5 12 0.024408184 
881 422 92 99 0.024404 
987 458 13 19 0.024389392 
187 239 19 36 0.024385093 
678 513 12 35 0.024385003 
926 590 7 14 0.024370588 
39 404 11 25 0.024303831 
873 118 8 11 0.02427141 
36 544 18 31 0.024253383 
69 551 100 83 0.024245817 
657 121 5 9 0.024244217 
414 514 6 17 0.024244023 
656 603 7 13 0.024237934 
646 405 18 34 0.024236374 
365 -8 5 9 0.024234546 
354 235 34 63 0.024226734 
114 531 12 27 0.024216678 
945 388 15 28 0.024204535 
858 435 11 16 0.024199063 
173 15 5 12 0.024187075 
205 600 14 16 0.02416505 
883 548 9 18 0.024149738 
335 534 9 24 0.024115713 
10 448 16 34 0.024066778 
168 435 9 20 0.024053728 
112 387 16 29 0.024033222 
279 574 12 23 0.024004886 
130 444 9 22 0.02400009 
790 334 15 33 0.023995996 
283 520 10 21 0.023984227 
234 12 7 14 0.023976032 
574 310 14 30 0.023958959 
928 259 23 34 0.023910973 
451 -23 8 9 0.02388972 
205 528 12 26 0.02388362 
884 534 9 20 0.023879802 
840 246 22 43 0.023859505 
89 398 11 30 0.023858694 
37 529 14 27 0.023844533 
986 493 13 24 0.023842417 
258 302 9 22 0.023834346 
410 412 15 33 0.023820167 
958 570 10 20 0.023802776 
410 387 14 31 0.023790576 
390 18 5 10 0.023785887 
938 615 10 14 0.023783311 
204 399 12 30 0.023777716 
603 342 12 21 0.023756 
24 227 35 56 0.02374276 
113 338 16 31 0.023715733 
38 419 11 22 0.023695115 
105 550 10 19 0.023690818 
249 -8 5 9 0.023681901 
974 484 12 19 0.023681477 
247 13 7 14 0.023679305 
207 442 10 20 0.023658855 
880 299 17 28 0.02365092 
690 509 14 42 0.023644786 
52 274 12 24 0.023638364 
702 512 14 39 0.023628483 
438 -23 8 10 0.02362684 
636 79 5 11 0.023602877 
819 357 40 70 0.023595612 
255 475 17 36 0.023584973 
263 -7 5 9 0.023583962 
6 631 63 88 0.023580864 
413 468 8 26 0.0235619 
355 417 14 23 0.023558412 
770 366 38 57 0.023557184 
474 414 12 27 0.023556305 
322 572 13 24 0.023517674 
614 352 19 30 0.023506662 
592 644 9 11 0.023499167 
999 402 12 27 0.023490114 
182 590 11 19 0.023479573 
675 381 19 35 0.02347935 
206 415 12 26 0.023459282 
661 220 59 81 0.023453342 
170 142 8 15 0.023433685 
548 560 12 21 0.023366945 
221 16 7 12 0.023365065 
600 415 15 27 0.023349347 
230 346 17 34 0.023334963 
387 576 8 15 0.023330074 
425 -22 8 9 0.023320839 
846 483 11 23 0.023311442 
193 528 11 26 0.023305234 
840 323 19 36 0.023293309 
414 41 7 13 0.023254648 
592 458 8 17 0.023254534 
194 588 13 21 0.023248084 
260 14 7 14 0.023245271 
606 200 67 85 0.023244537 
874 641 8 13 0.023226192 
86 84 3 9 0.023209598 
792 318 16 34 0.02318555 
727 355 18 33 0.023166634 
892 498 39 72 0.023136562 
75 268 71 88 0.02310197 
640 586 9 15 0.023077678 
772 79 5 12 0.023064794 
464 -23 8 9 0.023036823 
655 586 9 17 0.022976283 
333 347 74 107 0.022975726 
216 402 12 25 0.022973185 
43 2 6 11 0.022964008 
618 645 8 10 0.022963941 
399 603 9 13 0.022955488 
904 447 17 30 0.022946475 
970 390 13 25 0.022937797 
858 416 14 24 0.022924438 
181 446 9 19 0.022909218 
205 587 14 22 0.022908485 
918 351 81 107 0.022863187 
213 375 17 33 0.022848496 
129 478 10 26 0.022846825 
414 -6 6 7 0.022836057 
195 486 8 15 0.022833055 
639 301 13 24 0.022828288 
950 569 12 21 0.022827672 
985 404 12 25 0.022825938 
377 -8 5 9 0.022821056 
760 665 8 16 0.022764886 
207 460 9 16 0.022752315 
865 291 21 36 0.022738865 
654 531 11 23 0.022729473 
180 260 13 32 0.022723584 
223 1 7 12 0.022717355 
461 415 11 25 0.022706782 
118 552 10 18 0.022700246 
469 262 23 37 0.02268491 
215 587 15 21 0.022668032 
500 276 15 24 0.02265952 
936 189 13 18 0.022655344 
129 456 9 24 0.022655105 
310 562 8 21 0.022649921 
901 606 7 12 0.022642726 
77 558 14 22 0.02264044 
548 570 14 26 0.02263112 
938 475 10 15 0.022628125 
941 603 7 12 0.022626285 
853 309 20 34 0.022615626 
425 466 10 29 0.022605577 
357 589 15 17 0.022605507 
748 468 85 125 0.022599963 
854 277 20 38 0.02258629 
636 380 19 39 0.02257187 
773 94 5 12 0.022570716 
205 338 74 94 0.022560026 
421 528 13 32 0.022555888 
495 287 20 29 0.022546545 
43 -8 6 8 0.02250907 
949 458 10 20 0.02250297 
602 324 12 27 0.02246139 
632 612 7 14 0.02243846 
615 585 13 15 0.022432288 
109 362 18 30 0.022427088 
992 95 6 10 0.022424646 
50 167 67 85 0.022407895 
446 400 14 32 0.022394275 
9 336 31 71 0.022377478 
268 366 13 24 0.022370115 
9 172 17 29 0.02236089 
511 535 14 25 0.022338942 
86 462 15 36 0.022326171 
305 265 21 37 0.02232477 
460 431 11 23 0.022313006 
43 69 5 10 0.022309748 
461 354 14 26 0.022306196 
885 601 8 15 0.022286585 
692 660 306 212 0.022280484 
73 269 16 34 0.022268757 
279 588 14 20 0.022260994 
416 521 5 17 0.02225263 
51 373 14 29 0.022223389 
606 645 8 10 0.02218382 
57 566 19 28 0.022162704 
124 549 13 23 0.022161525 
382 389 15 28 0.022157144 
501 -24 8 11 0.022155078 
476 -23 8 10 0.022105573 
874 630 8 15 0.022090528 
0 465 22 75 0.02205061 
26 354 16 33 0.022039527 
243 588 12 16 0.02200756 
165 430 89 107 0.021985723 
286 548 7 20 0.021985698 
606 586 10 16 0.021976093 
589 414 13 25 0.021950593 
976 474 11 17 0.02193408 
44 56 5 11 0.021922195 
744 261 29 53 0.021908548 
194 544 10 27 0.021891274 
823 595 10 21 0.021879721 
45 580 19 32 0.021877227 
70 85 4 9 0.021861723 
153 154 9 16 0.021860907 
181 460 8 18 0.02185866 
489 -23 8 10 0.021840839 
351 29 6 12 0.021825932 
988 508 11 21 0.021821417 
914 579 7 12 0.02181659 
326 -9 5 10 0.021812884 
919 636 17 21 0.021804359 
308 493 11 23 0.021759035 
833 515 103 106 0.021748707 
595 529 17 34 0.02174705 
89 339 86 90 0.021737222 
528 -24 7 11 0.02173126 
432 277 18 36 0.021708611 
941 438 97 106 0.021708108 
420 280 16 34 0.021688737 
787 78 5 13 0.021676226 
395 374 17 31 0.021673327 
33 448 18 38 0.021667155 
103 531 11 28 0.021629825 
950 585 10 18 0.02161225 
968 374 17 31 0.021599757 
101 272 15 31 0.021596706 
213 335 17 33 0.02158925 
79 442 12 27 0.021560507 
482 608 16 23 0.02154981 
160 32 5 10 0.021539459 
556 642 8 13 0.021496851 
178 541 13 30 0.021474496 
957 626 15 18 0.021470506 
356 403 14 25 0.021455934 
593 445 8 18 0.021433244 
260 589 10 15 0.02143318 
917 436 15 31 0.021428963 
675 287 16 28 0.021428483 
52 466 96 109 0.021424405 
902 591 6 12 0.021397186 
857 493 12 25 0.021384334 
370 147 29 48 0.021375751 
254 260 15 29 0.021368288 
357 458 11 18 0.021365967 
792 366 37 58 0.021345155 
864 214 16 26 0.021337409 
786 -249 270 271 0.021306405 
358 601 14 14 0.021303942 
827 569 17 26 0.02130354 
630 390 36 66 0.021302717 
270 178 11 19 0.021265065 
616 598 10 15 0.021261457 
66 349 35 65 0.021258196 
515 429 12 22 0.021253837 
283 565 9 20 0.021241998 
170 166 8 17 0.021186275 
152 198 16 23 0.021161687 
550 276 35 53 0.021156115 
576 425 11 26 0.021153167 
618 633 8 11 0.02113688 
522 424 17 27 0.02110322 
515 -24 7 11 0.021068722 
863 365 47 68 0.021065747 
606 221 29 45 0.021064656 
99 311 16 32 0.021054417 
15 595 11 32 0.02104948 
19 189 18 32 0.021045709 
77 384 12 31 0.02104543 
271 551 8 19 0.02103974 
960 404 13 23 0.021034706 
50 224 34 63 0.021023111 
106 418 9 20 0.021007372 
814 514 21 34 0.020999886 
722 592 7 12 0.02099596 
459 529 12 26 0.020991093 
631 644 9 10 0.0209512 
72 293 17 37 0.02094385 
521 438 16 32 0.020943683 
831 326 17 33 0.020943472 
748 655 7 12 0.02093748 
10 260 18 31 0.020904765 
457 321 16 34 0.020869812 
389 1 6 11 0.020855784 
0 452 12 26 0.020838745 
611 301 18 35 0.020836852 
563 598 12 19 0.020835334 
474 441 11 27 0.020834925 
-167 196 1130 959 0.020832356 
130 516 12 27 0.020829927 
602 354 13 24 0.020828677 
671 121 5 10 0.020812068 
429 348 30 55 0.02077726 
269 515 10 23 0.020776823 
443 545 15 28 0.02075725 
965 105 6 10 0.02075523 
997 541 13 27 0.020749928 
550 481 45 65 0.020749241 
59 324 17 29 0.020696256 
870 509 11 20 0.02068158 
399 -23 8 9 0.020672506 
221 551 8 20 0.02066515 
346 453 14 23 0.020660935 
554 -24 7 11 0.020648235 
294 507 11 20 0.020633362 
760 656 7 11 0.020631276 
130 492 10 26 0.020626431 
884 520 12 24 0.020619962 
997 490 15 31 0.020594137 
308 504 13 26 0.020577453 
412 357 76 107 0.020577012 
530 235 31 42 0.020573273 
50 608 14 22 0.020562524 
762 92 5 12 0.020558106 
613 386 15 28 0.020524865 
201 256 18 37 0.020518271 
812 538 21 31 0.020512087 
267 353 12 24 0.020507785 
939 525 91 122 0.020484278 
632 633 7 11 0.020478826 
875 -23 6 11 0.020422295 
704 223 28 49 0.020420149 
799 40 5 14 0.020416416 
396 402 13 29 0.02041394 
564 612 11 16 0.020403028 
136 642 335 293 0.020394534 
560 452 13 31 0.020362701 
70 14 5 12 0.020354742 
960 399 33 63 0.020352386 
88 380 15 33 0.020315876 
343 588 17 19 0.020305729 
217 601 14 16 0.020301212 
26 390 11 29 0.020300055 
818 557 43 62 0.020297136 
2 380 9 28 0.020243188 
192 389 78 100 0.020241693 
117 404 13 24 0.020234875 
897 531 12 24 0.020208163 
121 -23 5 11 0.020207478 
602 377 14 27 0.020206317 
685 369 19 35 0.020205112 
946 626 16 17 0.020179162 
226 201 16 23 0.020162085 
1001 609 9 19 0.020159192 
228 415 14 27 0.020148925 
27 373 12 30 0.020136831 
746 665 9 18 0.020135099 
1008 499 19 35 0.020129427 
256 417 12 24 0.020106805 
580 -24 7 11 0.020099876 
477 552 10 18 0.020097353 
350 551 7 20 0.020093512 
494 250 17 24 0.020077467 
238 250 20 36 0.020074395 
29 -21 6 9 0.02005271 
646 435 22 36 0.02005184 
596 518 15 26 0.020043854 
793 521 14 24 0.019995151 
61 342 16 23 0.019972777 
899 575 7 14 0.019950029 
61 625 16 23 0.019948058 
208 547 9 24 0.019947521 
293 493 13 22 0.019935625 
566 -24 7 11 0.019895855 
301 -7 4 8 0.019894937 
348 50 147 222 0.019874299 
739 370 18 35 0.019863559 
913 562 9 15 0.019852808 
3 33 7 24 0.019848894 
463 -35 9 9 0.01982763 
160 15 5 11 0.019826686 
488 416 11 26 0.019822884 
359 445 9 17 0.019810487 
722 520 48 84 0.019807328 
841 584 16 23 0.019784562 
2 299 12 29 0.019765897 
323 412 12 14 0.019694421 
600 442 11 22 0.019672211 
114 310 16 33 0.019670807 
669 604 7 13 0.019663988 
856 452 16 26 0.019656602 
434 306 17 41 0.019655004 
828 -5 5 7 0.01964811 
287 532 7 23 0.01964459 
533 531 15 27 0.019606333 
282 602 13 16 0.019605042 
560 327 17 33 0.019604998 
560 435 13 32 0.019602252 
551 326 37 70 0.019599114 
723 358 75 94 0.01958829 
23 461 18 45 0.019585446 
415 485 7 23 0.019582815 
1013 547 12 22 0.0195773 
563 572 12 24 0.019575473 
332 604 55 66 0.019562108 
578 613 9 14 0.019558946 
984 389 14 28 0.01955564 
897 563 8 15 0.019553265 
458 373 17 34 0.01954231 
77 451 33 86 0.019542035 
85 29 4 10 0.01949656 
413 547 10 25 0.019489033 
982 358 18 33 0.01948763 
118 419 9 19 0.019478584 
413 -22 7 8 0.019473348 
571 495 19 28 0.019470762 
144 513 16 30 0.01946677 
186 221 19 33 0.019466577 
240 443 16 29 0.019457256 
390 -10 6 10 0.019452512 
272 15 7 13 0.0194522 
534 123 88 119 0.019440204 
1014 417 11 25 0.019438975 
897 546 10 20 0.019434309 
222 -23 6 9 0.019429939 
541 -24 7 11 0.019409575 
673 394 48 85 0.01938245 
87 67 4 10 0.019374784 
87 58 4 10 0.019366179 
870 492 12 25 0.019348985 
716 514 13 35 0.019320209 
353 -8 4 8 0.019318733 
676 403 16 26 0.01931324 
312 16 6 11 0.019283416 
690 484 15 44 0.019275248 
169 232 72 98 0.01927491 
77 344 13 20 0.019270405 
102 399 12 27 0.019229976 
771 665 10 16 0.01921882 
602 158 27 46 0.019212196 
667 559 9 19 0.01921018 
590 471 10 19 0.019180356 
138 576 12 17 0.019176861 
216 268 16 37 0.01916264 
947 638 15 17 0.019156845 
450 -35 9 9 0.01914189 
840 368 19 37 0.019127944 
663 487 15 36 0.019112652 
259 530 9 24 0.01911058 
992 480 37 74 0.019108173 
475 -35 9 9 0.019091533 
299 563 8 21 0.01908614 
946 502 36 52 0.019081498 
325 0 6 13 0.019072315 
105 565 12 15 0.019065393 
657 617 7 12 0.019040328 
340 1 5 13 0.019035077 
612 401 16 27 0.019022016 
524 501 41 68 0.019020002 
143 475 13 33 0.019011216 
548 608 13 20 0.019006351 
58 4 5 11 0.019004961 
949 416 11 23 0.018983532 
1013 401 13 28 0.018980442 
934 627 16 18 0.018963322 
269 601 14 16 0.018948028 
302 425 6 12 0.018943349 
605 634 8 10 0.018921422 
843 555 17 28 0.018913284 
240 501 15 31 0.018909506 
399 565 8 16 0.018904226 
695 191 70 93 0.018899212 
210 -22 6 9 0.018898876 
450 294 35 68 0.01888471 
316 222 17 29 0.018879369 
601 307 15 31 0.018866638 
757 -7 6 9 0.01883748 
452 642 9 13 0.018830117 
173 -22 5 10 0.018810496 
2 326 11 27 0.01879747 
138 167 16 25 0.01879207 
94 165 67 82 0.01878749 
591 428 10 23 0.018782146 
0 510 11 34 0.018773142 
345 601 16 14 0.018750181 
604 654 10 12 0.0187443 
353 13 5 12 0.018742345 
8 228 20 32 0.018738661 
467 341 42 78 0.01873265 
566 379 12 24 0.01872067 
844 298 15 30 0.01869727 
0 172 15 29 0.018669214 
100 246 16 30 0.018661803 
307 573 13 24 0.018648122 
424 -35 9 9 0.01863528 
319 491 13 28 0.018630343 
772 657 8 10 0.018622767 
486 641 12 16 0.018589726 
162 308 21 34 0.01856811 
446 529 15 29 0.018563038 
589 499 11 19 0.018551286 
152 474 15 31 0.018546166 
944 541 18 24 0.018539812 
534 357 69 101 0.018537713 
669 592 6 12 0.01853067 
228 587 15 20 0.01852131 
462 640 12 16 0.01850913 
816 289 15 26 0.018498074 
139 589 12 18 0.018453168 
958 638 14 18 0.018449165 
312 411 8 15 0.018436635 
389 -23 7 9 0.018430484 
582 490 43 72 0.018428147 
303 478 13 25 0.018419066 
499 264 14 20 0.01841213 
103 573 16 18 0.01840451 
617 654 10 12 0.018394262 
685 398 20 33 0.01836696 
579 632 9 12 0.018365031 
747 -23 6 10 0.018345136 
300 1 6 12 0.018344382 
888 -24 6 11 0.018339902 
197 -21 6 8 0.018338842 
281 403 12 26 0.018323926 
862 402 37 51 0.018319663 
169 178 10 17 0.018312177 
167 560 11 23 0.018305967 
858 598 11 17 0.01829379 
643 643 9 11 0.018281316 
24 576 16 37 0.018258287 
894 166 27 39 0.018257678 
945 329 39 56 0.018248804 
987 701 37 119 0.018220218 
194 429 11 21 0.018208079 
572 469 14 26 0.018191619 
34 470 17 43 0.018187776 
48 509 17 36 0.018175537 
332 600 17 16 0.018160168 
501 630 10 15 0.018158857 
862 -21 6 9 0.018157149 
275 -8 5 9 0.018152507 
735 -22 6 10 0.018149078 
314 -9 4 10 0.018141812 
798 335 31 54 0.01812584 
142 453 16 37 0.018123949 
355 273 21 38 0.01810679 
37 387 13 28 0.01809927 
529 193 27 41 0.018093714 
996 372 16 32 0.018083166 
644 633 8 10 0.018076105 
44 -20 5 8 0.018072411 
242 415 13 24 0.0180713 
389 387 36 74 0.018066017 
594 400 37 68 0.018060321 
175 513 16 31 0.018038856 
309 431 13 19 0.018034237 
591 633 9 11 0.018016554 
156 354 30 33 0.017996034 
412 -35 8 9 0.01798609 
870 133 81 92 0.017949592 
272 0 6 12 0.017948097 
215 515 13 27 0.017924882 
1013 606 12 23 0.017912611 
710 591 5 12 0.017910808 
437 -35 9 9 0.017909613 
763 567 19 31 0.017905453 
331 587 17 20 0.017904723 
58 -8 4 8 0.01789458 
169 575 10 20 0.017881947 
-14 -58 158 263 0.017879039 
220 440 13 26 0.01786133 
43 42 6 13 0.017852092 
653 571 11 21 0.017841911 
78 462 14 35 0.017841635 
871 458 16 33 0.017827526 
408 272 35 69 0.0178259 
53 274 33 65 0.017822051 
568 227 33 39 0.017808644 
537 423 17 31 0.017795486 
565 3 187 247 0.017792461 
399 614 9 16 0.017785586 
677 360 40 64 0.017783288 
893 299 20 31 0.017779768 
130 427 12 24 0.017779192 
994 283 20 35 0.017769417 
324 17 6 11 0.017765006 
920 450 14 28 0.017761089 
130 641 11 14 0.017760584 
295 601 15 17 0.017759982 
185 -21 5 9 0.01774455 
307 601 16 16 0.017738253 
193 506 12 22 0.01772528 
949 428 12 27 0.017701693 
89 572 17 24 0.017700488 
41 544 37 59 0.017685002 
868 184 15 22 0.017684437 
592 -24 7 10 0.017675428 
342 255 19 36 0.017667662 
575 456 11 23 0.017650431 
399 -34 9 8 0.01764395 
706 604 7 13 0.0176269 
431 541 18 35 0.017603895 
86 482 16 42 0.017589346 
472 622 15 23 0.017582187 
142 542 11 26 0.017572856 
988 347 34 66 0.017566774 
80 363 34 77 0.017558036 
449 597 12 19 0.017525412 
466 562 50 52 0.017483255 
883 495 14 24 0.017467959 
922 471 12 20 0.017467855 
873 612 9 17 0.01745352 
411 544 42 69 0.017442632 
813 39 5 14 0.017439218 
314 1 5 13 0.017438816 
89 313 13 27 0.017425528 
180 430 11 21 0.017422434 
636 545 13 27 0.017410446 
1011 432 14 24 0.017386382 
985 392 37 75 0.017376283 
294 339 14 25 0.017373921 
753 647 47 81 0.017368339 
170 592 9 15 0.017357502 
43 13 6 13 0.017312177 
593 344 36 60 0.01730981 
896 512 16 29 0.017296173 
298 407 8 20 0.017295346 
858 586 13 18 0.01728577 
606 381 38 62 0.01728441 
554 631 8 14 0.01727589 
567 632 9 12 0.017268604 
933 637 16 19 0.017265012 
335 255 40 64 0.017264722 
942 570 40 59 0.017253375 
730 599 10 14 0.01722463 
229 500 15 31 0.017217923 
134 -23 5 11 0.017205825 
0 739 80 74 0.017198393 
577 441 10 23 0.017185114 
711 316 22 32 0.017182982 
88 284 15 32 0.017174914 
601 457 10 19 0.01717452 
819 573 12 19 0.017172886 
735 138 27 44 0.017164733 
415 534 8 21 0.017163489 
60 483 18 43 0.017162561 
616 611 8 14 0.017151836 
414 631 7 12 0.017150471 
931 539 18 25 0.017144974 
830 312 16 28 0.017138515 
319 600 16 16 0.017124128 
163 537 15 34 0.017031964 
346 398 87 122 0.01702933 
784 657 9 11 0.017021239 
432 594 16 22 0.017001472 
161 -23 4 11 0.016992223 
289 -8 4 9 0.01698421 
591 598 10 16 0.016971717 
76 515 14 29 0.016971176 
223 430 35 60 0.016943116 
248 -23 6 9 0.016934725 
814 310 18 33 0.016934097 
184 38 196 195 0.016913502 
832 486 178 233 0.016910981 
723 601 7 13 0.016908357 
439 643 8 12 0.01689655 
306 239 17 30 0.016895799 
846 280 16 34 0.016893383 
217 531 11 25 0.016888047 
177 395 36 69 0.016884126 
508 539 99 93 0.016877607 
236 551 7 20 0.016876403 
235 -23 7 9 0.016875066 
576 527 14 30 0.016874537 
128 530 12 27 0.01686027 
463 604 13 25 0.016857129 
33 248 38 68 0.016838297 
385 614 12 15 0.01682113 
606 598 9 16 0.01680798 
95 355 36 60 0.016799187 
64 443 13 25 0.016792133 
425 449 11 27 0.016785363 
50 623 16 25 0.01677096 
248 552 6 19 0.016741758 
0 580 11 30 0.016737647 
1 278 13 24 0.016707437 
671 105 5 11 0.016698392 
816 498 21 32 0.016697904 
24 500 13 32 0.016684063 
270 534 8 20 0.016683666 
560 308 17 30 0.016670855 
597 112 30 45 0.016617395 
769 162 13 20 0.016614541 
80 -34 7 10 0.016610742 
501 -35 9 9 0.016598044 
58 -19 4 7 0.016585471 
520 408 41 56 0.016584195 
437 247 34 50 0.016528782 
265 347 75 93 0.016526666 
653 559 10 21 0.016482046 
1 531 10 24 0.016480392 
848 440 37 77 0.016472014 
588 549 16 32 0.01646383 
726 201 26 44 0.016447652 
681 562 8 19 0.016438082 
101 463 29 74 0.016436724 
731 428 61 98 0.016423702 
862 632 8 12 0.01641838 
826 541 21 30 0.016417393 
60 580 17 28 0.016409382 
720 579 6 13 0.016405493 
577 600 10 16 0.016368559 
606 -24 6 10 0.016366052 
897 481 15 26 0.016355604 
924 577 9 16 0.016350087 
339 -10 5 10 0.016347196 
473 640 13 17 0.01634571 
590 654 11 13 0.016326185 
629 654 11 13 0.016322296 
293 386 13 32 0.016316913 
859 477 12 28 0.01628784 
148 -24 4 12 0.01628137 
254 441 17 32 0.016280493 
817 275 15 25 0.01627404 
325 -24 6 10 0.01627059 
488 -35 9 9 0.016267348 
338 15 5 12 0.016263023 
76 482 15 42 0.016262159 
970 347 18 31 0.016248403 
679 487 14 39 0.01624347 
590 613 9 13 0.01624009 
142 627 13 17 0.016227417 
154 165 9 17 0.016219929 
881 191 75 87 0.01621646 
611 555 23 35 0.016205357 
550 548 11 22 0.016204536 
668 576 8 16 0.016203275 
293 450 19 36 0.016199945 
370 401 13 27 0.016186675 
303 451 17 30 0.016184269 
288 17 6 12 0.016176693 
4 -25 5 16 0.01616784 
929 412 16 31 0.01614732 
41 346 35 68 0.016133023 
975 506 38 68 0.016122475 
707 -23 7 10 0.016098667 
753 372 18 33 0.016085137 
710 580 5 12 0.016079435 
306 588 15 20 0.016079336 
677 417 15 26 0.016060185 
589 486 11 17 0.016051937 
905 464 17 29 0.01604126 
66 553 43 59 0.016033411 
144 639 11 15 0.016020823 
295 589 14 19 0.015992751 
442 277 29 64 0.015974624 
953 356 22 32 0.015969945 
142 527 13 26 0.015966844 
231 601 13 16 0.015965557 
678 449 33 91 0.015959188 
5 393 27 56 0.01594273 
48 441 15 28 0.015929913 
35 186 18 28 0.015909914 
69 -33 6 9 0.015904183 
600 552 19 32 0.01589638 
702 486 14 40 0.015876176 
885 508 12 23 0.015864156 
463 189 32 49 0.015851876 
861 643 9 11 0.015848918 
111 205 20 34 0.015819786 
598 508 13 21 0.015819326 
509 506 28 65 0.015817225 
30 467 34 80 0.015809588 
932 438 14 27 0.015806718 
220 -34 8 9 0.01577619 
576 553 13 27 0.015772462 
936 456 10 21 0.015762426 
661 448 18 40 0.015753787 
261 552 7 19 0.01574814 
169 603 11 13 0.015733808 
230 224 77 83 0.015729705 
154 628 14 18 0.015727403 
76 637 14 23 0.015725283 
191 411 13 27 0.015723296 
913 542 12 22 0.01571375 
450 333 40 66 0.015699891 
550 448 14 36 0.015682805 
153 539 13 31 0.015669907 
1 354 10 24 0.01566287 
208 -34 7 9 0.015654834 
88 514 13 33 0.015629588 
528 631 9 14 0.015616797 
563 558 11 23 0.015601453 
260 460 22 41 0.015585732 
179 612 16 18 0.015578096 
514 -36 8 10 0.01556676 
300 17 5 11 0.015565583 
605 571 14 22 0.015550639 
123 602 19 26 0.0155409025 
831 268 16 31 0.015522291 
324 152 28 47 0.015510665 
38 605 14 25 0.015510587 
216 176 15 21 0.015505583 
298 594 65 65 0.015492648 
162 318 40 56 0.015469093 
679 539 11 28 0.01546314 
402 151 29 50 0.015462239 
883 215 13 22 0.015450926 
719 541 10 28 0.015450354 
202 376 16 28 0.015447047 
60 610 15 20 0.015443233 
397 424 13 29 0.01543515 
721 -22 6 10 0.015420006 
998 562 31 53 0.0153962765 
49 483 17 45 0.015395236 
295 326 15 26 0.015393365 
1012 530 13 26 0.0153806005 
402 360 32 59 0.01534682 
140 563 10 20 0.015345803 
300 -23 6 9 0.015324965 
705 539 11 30 0.015297905 
428 565 22 37 0.015289733 
246 -35 8 10 0.015289029 
825 513 22 34 0.015270742 
812 585 8 16 0.015257575 
695 -22 7 9 0.015250169 
541 629 9 16 0.015249123 
76 329 14 24 0.015228872 
296 188 16 25 0.015223361 
536 446 15 37 0.015217242 
948 371 34 57 0.015210269 
574 514 15 26 0.015167273 
527 -36 8 10 0.0151640475 
312 -23 6 9 0.015137267 
553 -35 8 9 0.015137066 
383 413 14 29 0.015124335 
259 604 10 13 0.015110547 
546 312 19 29 0.015091774 
592 587 11 19 0.0150848795 
710 351 24 38 0.0150756305 
244 603 12 13 0.015062567 
388 -34 7 9 0.015058335 
425 237 29 52 0.015044014 
43 28 6 14 0.015019833 
729 349 34 65 0.015009291 
297 575 12 21 0.015003371 
914 386 42 75 0.014997944 
319 588 16 20 0.014997508 
723 412 20 39 0.014989256 
757 673 12 26 0.014977361 
390 187 27 43 0.014969576 
954 383 85 109 0.014957874 
866 197 15 23 0.014957226 
290 267 29 59 0.01495373 
118 641 10 14 0.014947921 
56 67 6 13 0.014944066 
831 288 14 27 0.014936889 
630 419 15 26 0.014936735 
543 642 8 14 0.014934678 
971 624 14 21 0.014930891 
720 561 8 18 0.014924173 
447 462 24 68 0.014921382 
666 406 12 23 0.014898466 
60 509 17 35 0.014877341 
734 654 7 13 0.014845082 
500 641 11 15 0.014843798 
575 572 12 24 0.014837977 
540 -36 8 10 0.014835001 
377 -23 5 9 0.014827755 
48 567 43 64 0.014819419 
1002 -22 5 13 0.014810428 
294 476 15 28 0.014797262 
542 444 37 74 0.014777881 
826 449 37 76 0.01476822 
275 -23 5 9 0.014759258 
933 474 35 49 0.014756555 
364 -23 6 10 0.014752063 
385 81 27 46 0.014750094 
600 499 12 19 0.014748348 
759 187 13 20 0.014740133 
629 405 12 26 0.014724319 
463 626 11 18 0.014718487 
423 260 35 64 0.014691473 
59 461 34 81 0.0146760205 
901 -23 6 11 0.014668664 
618 -24 7 11 0.014654701 
592 -35 7 10 0.014627913 
592 172 28 47 0.014591723 
61 462 17 36 0.014571804 
191 610 18 21 0.014569264 
768 673 14 25 0.014567737 
389 566 6 14 0.014563953 
722 643 7 11 0.014559068 
556 399 32 68 0.014550573 
836 506 38 64 0.014543081 
703 496 35 84 0.014540532 
166 627 16 20 0.014535087 
732 639 37 94 0.014533982 
571 307 32 65 0.014520486 
472 323 18 31 0.014517654 
630 -24 7 11 0.014496739 
419 77 29 54 0.014482944 
979 457 35 56 0.014479989 
352 -23 5 10 0.0144698275 
80 404 29 68 0.014443983 
840 515 20 32 0.0144427195 
566 -35 8 9 0.014440983 
657 -24 7 11 0.014429734 
462 383 32 69 0.014417548 
387 539 38 66 0.014410894 
604 -35 8 9 0.014410637 
262 435 20 39 0.014410611 
816 557 16 26 0.014410232 
934 408 37 70 0.014398764 
37 499 16 39 0.014389427 
370 613 15 16 0.014371247 
223 456 11 23 0.014369716 
491 533 9 24 0.014369344 
13 469 32 77 0.014368586 
573 355 33 62 0.014361072 
639 427 39 80 0.01434338 
493 421 29 64 0.014335906 
844 211 15 25 0.01431212 
104 640 11 16 0.014310196 
167 613 14 16 0.014296959 
845 421 13 22 0.014253486 
999 456 38 62 0.014240374 
426 642 8 12 0.014226687 
76 570 15 24 0.014213418 
460 549 11 22 0.0142020695 
575 401 33 64 0.014193274 
526 609 11 17 0.0141894845 
156 577 10 16 0.014180003 
763 587 20 28 0.014173206 
330 489 15 30 0.014171486 
730 518 13 30 0.014163961 
578 653 11 15 0.014157359 
412 454 8 24 0.014150105 
942 262 23 29 0.0141398925 
623 496 21 46 0.01413968 
922 557 11 20 0.0141127305 
243 480 14 27 0.014111092 
732 592 9 14 0.014105462 
256 26 32 52 0.014094326 
960 646 40 118 0.014087238 
5 577 33 98 0.014083495 
154 613 13 15 0.01407384 
11 245 16 29 0.014059079 
843 417 41 55 0.01405561 
46 461 19 40 0.014027691 
18 -34 5 12 0.014024757 
585 295 36 66 0.014005536 
323 -35 8 9 0.0140047725 
501 418 10 19 0.013996531 
555 392 10 23 0.013992438 
849 168 75 88 0.013990359 
360 374 12 29 0.01398959 
5 430 31 70 0.013984585 
514 425 29 65 0.01398001 
244 434 11 20 0.013978268 
112 278 69 81 0.013965163 
373 351 12 24 0.01396402 
888 146 28 37 0.013950542 
720 616 7 12 0.013947131 
676 221 17 26 0.013928322 
303 208 18 26 0.013918804 
538 550 12 19 0.013871839 
842 65 32 45 0.0138682 
998 616 12 35 0.013858526 
656 632 9 11 0.013847789 
273 -35 7 9 0.013819245 
412 618 7 12 0.013817582 
234 533 10 24 0.013809605 
414 416 32 72 0.013809462 
724 232 27 51 0.013789697 
606 611 8 14 0.013785313 
644 -24 6 11 0.013773377 
418 551 20 37 0.0137697365 
70 238 36 62 0.013767226 
411 439 11 26 0.013750907 
261 -24 6 10 0.013724766 
338 395 38 61 0.013724573 
203 609 18 22 0.013723591 
362 -35 7 9 0.013718971 
894 647 16 27 0.0137177585 
283 420 10 21 0.013714276 
437 213 33 48 0.013705853 
579 -35 7 9 0.013680352 
654 477 12 29 0.013673116 
155 562 11 20 0.013667876 
311 -35 7 9 0.013655609 
55 55 6 12 0.0136356875 
435 103 91 124 0.013631077 
130 395 14 24 0.013623463 
371 441 12 20 0.013617248 
305 459 38 74 0.013604292 
664 387 16 28 0.01360294 
61 595 14 23 0.013587689 
860 612 9 15 0.013575093 
685 424 18 34 0.01356853 
287 -23 5 9 0.013564809 
714 468 43 92 0.013555523 
845 403 14 25 0.013552789 
127 624 15 18 0.013545688 
155 592 10 15 0.013523507 
338 -24 5 10 0.0134823 
636 501 17 35 0.013475468 
669 -23 7 10 0.013474171 
298 -35 7 9 0.013469417 
716 486 14 37 0.013464936 
285 -35 7 9 0.013462335 
611 413 18 34 0.013433424 
124 451 32 71 0.013421359 
234 -34 7 9 0.013417468 
35 311 35 57 0.013413342 
385 634 14 23 0.013403463 
258 432 13 25 0.013395396 
21 425 35 65 0.013375263 
905 646 19 29 0.013372747 
213 33 27 45 0.013366072 
601 470 11 20 0.0133533515 
110 379 33 61 0.013352634 
259 -35 8 9 0.01334088 
399 630 9 14 0.013328634 
363 38 334 418 0.013284521 
916 551 39 71 0.013263088 
185 32 27 43 0.013263011 
849 -21 6 9 0.0132600805 
854 358 19 33 0.013254403 
1001 371 34 66 0.013254056 
129 190 18 28 0.013248455 
751 582 23 28 0.013246429 
413 641 8 13 0.013229581 
782 664 13 17 0.013225509 
410 570 13 24 0.013214598 
675 511 171 176 0.013205748 
169 363 28 30 0.013202959 
191 159 70 84 0.0131479595 
202 415 35 65 0.013146204 
122 323 37 58 0.013138583 
716 433 16 39 0.013086875 
427 634 6 10 0.013083106 
412 604 9 12 0.013080212 
246 532 9 25 0.013065595 
16 548 32 66 0.013063881 
939 587 9 16 0.013047715 
151 285 18 35 0.013032101 
733 663 10 21 0.013013439 
336 -36 7 10 0.01301222 
665 428 14 23 0.013005975 
529 643 8 13 0.013001831 
627 453 15 29 0.012976737 
296 255 67 94 0.01296105 
500 187 27 46 0.012945723 
299 152 28 44 0.012931352 
76 625 15 21 0.01292778 
813 386 19 34 0.012914807 
104 321 34 61 0.01290059 
629 440 13 24 0.012890441 
773 551 20 35 0.012888318 
91 639 12 19 0.01287364 
894 100 26 41 0.012871767 
720 304 31 49 0.012869096 
642 481 11 23 0.012866357 
617 -35 8 9 0.012854718 
677 436 15 33 0.0128498515 
420 482 28 74 0.012846387 
57 639 47 69 0.012840238 
538 406 13 21 0.012839997 
712 396 20 42 0.01283352 
166 78 30 46 0.012815531 
620 520 36 68 0.012803568 
371 427 12 24 0.012783079 
436 485 28 69 0.012776841 
971 366 36 70 0.012773636 
108 592 45 57 0.012768453 
817 199 59 81 0.012765371 
668 243 24 34 0.012746112 
436 610 11 16 0.012738195 
659 357 34 54 0.012730055 
173 596 49 53 0.012727632 
655 642 11 12 0.012727118 
141 608 14 20 0.012706254 
580 186 29 47 0.012705704 
905 387 178 201 0.012694182 
53 373 31 66 0.012687503 
279 321 31 56 0.0126860235 
196 565 32 55 0.012683668 
261 358 148 191 0.0126803145 
280 588 49 56 0.012676434 
793 153 25 40 0.0126693575 
444 572 17 26 0.012650059 
289 1 6 12 0.0126396585 
154 601 11 14 0.012639284 
998 654 14 44 0.012636663 
837 -20 6 9 0.012632583 
625 522 18 40 0.012594606 
452 627 9 16 0.012558442 
362 551 8 20 0.012548761 
635 295 31 59 0.012532836 
375 -34 7 8 0.012525852 
242 249 31 62 0.012520225 
773 29 6 14 0.012509135 
348 463 13 26 0.012493659 
729 175 28 45 0.012490565 
76 590 47 63 0.012466813 
484 397 17 35 0.012444162 
109 553 36 48 0.012429269 
580 529 38 67 0.012426758 
576 585 11 20 0.012406165 
755 201 11 21 0.012399044 
246 596 41 76 0.012387547 
128 138 26 40 0.012385552 
264 255 29 57 0.012372127 
979 150 29 42 0.012371067 
349 -36 7 9 0.012368351 
126 490 34 67 0.012365917 
624 480 16 33 0.012363565 
633 466 42 80 0.012358349 
355 388 15 27 0.012357068 
246 78 30 47 0.012356381 
806 552 15 27 0.012342528 
699 21 172 228 0.012329537 
872 505 37 70 0.012295303 
641 653 12 14 0.012268277 
372 457 11 19 0.0122404 
176 633 20 26 0.012237424 
243 320 31 60 0.012234105 
697 447 38 92 0.012221964 
65 423 34 69 0.01222193 
938 226 22 33 0.012217233 
702 399 18 37 0.012213458 
116 651 12 19 0.012209749 
731 544 12 25 0.012208191 
398 638 11 18 0.0122061195 
127 384 36 54 0.012205518 
933 365 14 30 0.012196046 
93 -34 7 9 0.012184722 
400 551 7 16 0.012150444 
675 269 18 32 0.012141083 
564 510 36 74 0.012128481 
682 -23 7 10 0.012094237 
58 12 5 13 0.0120892525 
604 493 84 127 0.01208562 
191 100 31 57 0.012079381 
615 309 33 57 0.012068609 
818 313 35 60 0.0120671475 
229 85 31 58 0.012048115 
674 338 32 48 0.012047877 
219 593 44 79 0.012030798 
461 228 16 21 0.01202278 
300 435 9 15 0.012018749 
590 572 13 23 0.012001062 
319 486 33 69 0.011970518 
368 631 19 28 0.01196801 
207 242 31 65 0.011962761 
671 616 7 13 0.011942461 
615 150 27 45 0.011935721 
692 538 11 31 0.011934923 
701 368 20 39 0.011926502 
316 447 18 30 0.0119239455 
323 564 33 54 0.011906043 
833 442 13 24 0.011905651 
630 -36 8 10 0.011896567 
747 646 7 8 0.011861015 
199 77 29 46 0.011860321 
356 612 18 17 0.011856182 
669 631 10 12 0.011843435 
399 334 30 53 0.01184107 
509 471 27 66 0.011837498 
30 162 27 41 0.011836483 
439 631 8 12 0.011835853 
770 1 7 13 0.011822715 
858 389 17 30 0.01180192 
473 350 16 28 0.011797706 
822 609 9 19 0.011766078 
254 386 36 72 0.011761493 
473 385 16 34 0.011756451 
668 -36 8 10 0.011735373 
231 385 32 57 0.011732935 
522 550 18 22 0.01172676 
371 370 35 63 0.011724522 
149 410 34 70 0.011699845 
654 501 13 30 0.011695285 
681 577 7 15 0.01168059 
461 564 12 19 0.011680447 
62 149 26 39 0.011677629 
635 134 93 123 0.011669619 
345 517 12 28 0.0116391415 
617 173 28 44 0.011638911 
229 30 33 50 0.011630258 
734 644 6 10 0.011619898 
280 611 18 21 0.011605486 
196 -34 7 9 0.0116030155 
426 446 27 63 0.011597953 
639 530 13 26 0.011597385 
497 455 26 66 0.01159252 
708 563 7 18 0.011591986 
643 -36 7 10 0.011582603 
650 457 17 35 0.011580299 
219 260 30 65 0.011578148 
473 563 16 22 0.011569383 
868 -7 31 49 0.011567229 
137 121 26 49 0.01154382 
216 610 16 21 0.0115361335 
896 198 15 24 0.011525585 
366 78 29 53 0.011496075 
795 656 12 12 0.0114945695 
985 619 14 29 0.011492061 
128 650 13 19 0.0114872465 
735 142 72 94 0.011482596 
655 -36 8 10 0.011481439 
758 -24 7 11 0.011468797 
810 596 9 19 0.011453826 
207 477 30 49 0.011415332 
469 360 99 114 0.01140667 
113 288 14 29 0.011394514 
912 146 80 103 0.011369189 
259 563 31 54 0.0113610355 
369 312 30 64 0.011359621 
958 247 21 33 0.011347544 
158 468 33 53 0.01133706 
38 516 36 56 0.011319442 
529 553 38 63 0.011305703 
434 66 30 53 0.011300976 
10 611 16 44 0.011299123 
484 458 25 65 0.011241826 
295 560 36 60 0.011197147 
810 646 9 9 0.011194994 
726 384 18 35 0.011191374 
309 508 28 69 0.0111874705 
127 89 29 45 0.011179391 
257 310 32 58 0.011176846 
776 588 17 28 0.0111449715 
90 590 21 26 0.011133779 
383 36 24 44 0.011117483 
825 -21 6 9 0.01110418 
532 213 29 41 0.01107974 
939 573 9 17 0.011072505 
446 373 33 69 0.011060951 
614 455 12 24 0.011051253 
318 102 33 58 0.011038379 
691 256 27 55 0.011018585 
258 343 35 59 0.011013243 
794 582 12 21 0.011006059 
57 305 38 63 0.010998722 
1013 -172 12 29 0.010989068 
292 360 17 34 0.01098195 
846 644 10 10 0.010975368 
942 167 29 39 0.010968409 
660 186 29 38 0.010962012 
187 632 21 27 0.010951465 
798 647 7 8 0.010936199 
882 -3 37 58 0.010931825 
515 643 10 13 0.010931196 
198 366 31 62 0.010922193 
73 650 18 26 0.010887123 
524 593 15 22 0.010873533 
92 534 35 61 0.010871376 
869 20 36 54 0.010834617 
184 77 28 48 0.010832847 
195 214 33 54 0.010832317 
566 653 10 15 0.010824507 
331 456 17 36 0.010822981 
275 357 31 59 0.010809247 
962 165 29 41 0.010787584 
271 471 36 58 0.010775099 
663 289 16 27 0.0107702 
589 149 71 105 0.010756319 
732 576 10 18 0.010729275 
942 637 46 69 0.010711236 
86 43 4 11 0.010711206 
53 105 79 112 0.010703124 
216 150 28 45 0.01069724 
200 588 46 54 0.010697046 
589 442 44 73 0.010695009 
600 484 11 18 0.010694545 
695 564 7 17 0.010692694 
896 15 35 58 0.01069007 
25 32 31 64 0.010689672 
817 260 16 27 0.010689174 
677 231 25 54 0.010687822 
338 328 25 31 0.010687252 
202 502 33 73 0.010684066 
483 230 18 24 0.010662909 
776 154 62 80 0.010650913 
795 570 13 23 0.010636034 
227 562 32 54 0.010623287 
845 609 10 16 0.010612242 
553 376 12 24 0.010611132 
2 595 8 26 0.010590602 
561 135 30 44 0.010588033 
87 264 31 62 0.010583344 
267 610 17 22 0.010569202 
514 422 12 16 0.010554741 
285 153 26 45 0.0105477115 
62 649 17 25 0.010546936 
461 270 16 30 0.010544399 
30 -33 5 9 0.010528932 
913 -22 6 11 0.01051096 
854 521 33 64 0.010480917 
348 536 9 24 0.010475055 
260 499 30 73 0.0104683945 
563 542 13 27 0.010428874 
464 142 31 48 0.010427723 
128 301 18 30 0.010415536 
243 611 15 20 0.010409729 
103 651 13 20 0.0104057705 
720 653 9 14 0.010405416 
957 466 39 56 0.010376831 
229 610 16 21 0.010373521 
77 583 16 24 0.01035259 
560 508 19 33 0.010343732 
630 164 26 41 0.010342795 
932 358 32 54 0.0103317695 
884 650 13 20 0.010325189 
856 483 39 66 0.0103157405 
423 597 15 18 0.010315633 
592 563 39 57 0.010304418 
681 -36 8 10 0.010301234 
450 609 11 20 0.010277985 
37 402 32 56 0.010268859 
427 398 31 57 0.010262939 
413 586 11 18 0.010258363 
349 545 277 195 0.010249104 
182 519 29 69 0.010240406 
516 462 179 204 0.010234595 
811 571 9 19 0.010191002 
465 444 25 64 0.010186779 
909 399 17 32 0.010181179 
1002 207 29 43 0.010167316 
0 245 13 26 0.010158605 
803 240 138 148 0.010150241 
278 285 29 57 0.0101482915 
918 647 19 27 0.010144546 
925 169 140 158 0.010138362 
164 517 30 66 0.01013387 
731 558 11 21 0.010083563 
667 641 12 13 0.010075556 
755 556 16 25 0.0100719 
1018 -22 6 16 0.010054931 
446 184 32 46 0.010051989 
823 138 28 41 0.010051467 
191 385 15 29 0.010021174 
552 203 32 49 0.010019405 
423 15 32 62 0.010013987 
286 504 27 69 0.010000022 
