25_Soldier_Patrol_Soldier_Patrol_25_16
1575
268 146 91 97 0.99963105 
907 292 12 34 0.13954276 
60 49 17 32 0.11971939 
318 35 17 37 0.11054 
408 101 19 34 0.0859603 
178 40 15 29 0.08541946 
214 214 15 35 0.080639936 
543 353 17 34 0.07990483 
603 402 203 201 0.0795874 
889 662 5 11 0.075307205 
880 278 12 37 0.075201586 
268 38 12 30 0.074296504 
368 323 19 36 0.0691573 
20 64 19 31 0.06701248 
7 95 94 134 0.06610314 
600 282 192 165 0.06564643 
99 334 14 32 0.06392618 
115 43 11 28 0.06299061 
374 77 13 25 0.0628823 
281 30 12 25 0.062248044 
140 46 14 38 0.061609473 
92 62 12 31 0.06074831 
901 661 5 12 0.058112096 
743 238 15 41 0.057487883 
230 40 13 29 0.056741312 
219 41 11 25 0.05610718 
543 613 5 13 0.05589564 
356 64 14 26 0.055640884 
188 41 13 27 0.055434573 
915 664 4 10 0.054552358 
113 309 11 31 0.053403556 
167 42 13 26 0.053222567 
696 -185 276 109 0.053120747 
292 28 12 27 0.052444883 
352 301 19 25 0.051469654 
902 293 10 33 0.05124167 
105 321 11 28 0.049568146 
152 48 13 33 0.04892383 
349 63 13 26 0.048243616 
130 42 11 27 0.047934785 
379 69 16 26 0.047797695 
704 240 13 44 0.04765354 
861 557 5 21 0.04738283 
520 86 17 35 0.047164142 
888 672 5 14 0.046800375 
870 535 207 350 0.04673889 
328 27 16 33 0.046620358 
885 258 10 26 0.046125278 
378 86 16 34 0.04513743 
898 285 9 27 0.04473836 
279 48 13 33 0.04467544 
239 51 16 36 0.04387788 
190 77 11 30 0.043653697 
939 635 6 14 0.04349387 
411 17 11 22 0.04329209 
454 52 16 32 0.043113198 
435 16 13 30 0.043065306 
864 496 5 17 0.043025807 
897 270 9 25 0.042590488 
294 50 11 26 0.041943073 
406 40 12 22 0.04187579 
315 112 79 114 0.041872326 
873 270 10 31 0.041347113 
900 649 6 14 0.041188676 
522 84 103 103 0.04106323 
999 315 11 37 0.041014276 
873 664 6 11 0.040913105 
649 244 17 35 0.04070839 
103 50 11 31 0.040473394 
783 270 8 25 0.039805274 
579 318 13 31 0.039685156 
403 532 8 14 0.039646376 
422 16 13 26 0.039494872 
902 671 5 13 0.03946191 
924 474 8 27 0.03930131 
50 57 18 31 0.039290495 
887 519 6 19 0.039265584 
571 610 5 15 0.039155062 
544 621 6 17 0.039099228 
935 295 13 31 0.03899257 
116 332 10 26 0.0388898 
-52 607 273 355 0.038879972 
750 292 17 46 0.03847166 
895 259 10 23 0.03832734 
560 320 13 32 0.038207192 
24 43 15 26 0.03799038 
915 672 5 11 0.037958864 
329 47 14 28 0.037828173 
911 274 9 22 0.0377025 
296 65 11 28 0.037693303 
901 490 6 23 0.03740785 
555 427 7 18 0.037318423 
402 544 8 18 0.037302557 
597 37 19 41 0.03705624 
964 666 5 9 0.036995687 
751 249 14 37 0.03680951 
418 65 17 32 0.036768727 
38 52 14 28 0.036523342 
99 62 12 34 0.03646932 
380 323 14 29 0.036346965 
969 291 13 43 0.036334235 
916 650 4 12 0.03620945 
844 -205 205 190 0.036205206 
820 239 13 32 0.03617637 
115 76 12 32 0.03578717 
180 368 7 19 0.035717987 
500 369 10 29 0.035616312 
403 524 7 12 0.03559085 
852 35 6 15 0.03550286 
933 284 12 27 0.035357744 
129 77 10 30 0.03535016 
879 531 6 18 0.035252675 
308 94 15 26 0.0350832 
-2 161 74 122 0.035048176 
92 46 10 20 0.034876477 
629 63 14 31 0.03481402 
900 637 7 14 0.034550093 
830 245 11 27 0.034278445 
846 255 11 30 0.03420849 
115 58 13 34 0.03403236 
964 673 7 12 0.033919677 
128 59 11 31 0.033879846 
472 296 11 30 0.033490878 
555 612 5 14 0.033424046 
205 62 10 29 0.03336239 
883 528 8 23 0.033282008 
335 21 9 17 0.033271976 
941 666 4 9 0.033179104 
940 583 6 18 0.033173177 
357 121 14 47 0.03314583 
257 53 10 24 0.033010997 
900 518 6 17 0.03293854 
399 289 8 18 0.03289944 
458 77 14 29 0.032820523 
398 39 12 24 0.032764543 
954 665 5 9 0.03260564 
888 651 6 12 0.032548938 
965 516 5 21 0.032523464 
768 392 11 40 0.03250076 
512 79 17 30 0.032194607 
259 148 7 16 0.032192662 
913 475 7 24 0.032132443 
416 91 19 35 0.032129567 
270 61 11 27 0.03212443 
836 258 9 25 0.032070264 
181 122 11 38 0.032050826 
552 437 9 27 0.03185065 
464 296 11 29 0.031725217 
373 31 11 21 0.031647835 
553 416 8 22 0.03152904 
252 63 13 30 0.031521507 
514 370 10 27 0.03146529 
566 39 13 28 0.031378966 
372 18 10 19 0.031376168 
1017 594 8 22 0.031296294 
903 683 5 18 0.03121337 
807 386 9 27 0.031046128 
940 648 5 12 0.031035434 
528 662 6 17 0.030942494 
783 397 9 31 0.030861286 
908 540 8 25 0.030773716 
796 398 9 27 0.030723074 
-2 257 66 103 0.03068972 
211 212 9 22 0.030672166 
773 275 7 21 0.030616565 
490 357 11 31 0.030593535 
284 20 9 17 0.030499563 
208 46 8 18 0.030461513 
585 258 12 33 0.030443333 
92 335 13 30 0.03043609 
912 698 6 20 0.030151106 
354 90 84 103 0.030141858 
915 638 5 14 0.030128052 
759 361 9 24 0.030116446 
903 696 5 21 0.030101828 
103 293 12 32 0.030012773 
547 319 19 35 0.02990759 
901 504 6 20 0.029892119 
332 378 15 26 0.029828876 
52 47 16 23 0.029828586 
221 203 6 13 0.029795114 
732 236 10 26 0.029729791 
531 612 5 13 0.029676331 
327 331 17 24 0.029619243 
477 20 8 18 0.029590359 
399 300 8 20 0.029576205 
780 283 10 32 0.029534232 
862 480 4 17 0.029509684 
241 44 10 22 0.029480457 
903 476 6 22 0.02944712 
940 623 6 16 0.029391086 
192 124 10 31 0.02936541 
74 44 13 24 0.029261531 
464 366 7 17 0.029215332 
132 33 8 19 0.029206006 
144 78 10 24 0.02911528 
528 493 7 18 0.029049976 
579 344 12 29 0.029029105 
22 77 52 81 0.028959181 
715 252 12 35 0.028950857 
540 491 9 21 0.028915433 
921 283 11 26 0.028889013 
753 234 11 32 0.028792877 
447 16 11 28 0.028786784 
584 87 17 36 0.028703488 
1017 607 8 22 0.028673247 
1015 634 8 21 0.028655881 
598 45 69 89 0.02863943 
410 532 7 16 0.028591692 
206 79 10 25 0.028581856 
230 105 9 25 0.028548118 
617 68 11 24 0.02845184 
852 23 5 15 0.02844381 
270 79 10 25 0.02842932 
799 358 9 29 0.028414594 
626 284 14 31 0.028357515 
411 300 7 19 0.028341388 
487 299 9 24 0.028330851 
574 33 11 22 0.02832849 
499 42 12 24 0.02832191 
329 65 13 25 0.02827728 
523 344 15 32 0.028191062 
771 373 8 28 0.028131118 
261 158 10 23 0.028106475 
852 479 5 16 0.028076956 
852 44 7 20 0.027993394 
874 258 9 26 0.027991265 
901 532 7 18 0.02797501 
511 45 12 22 0.027972843 
307 65 12 27 0.027948152 
875 505 5 18 0.027844204 
878 476 6 20 0.02776108 
890 506 5 17 0.027758678 
821 41 10 27 0.0277436 
141 361 12 27 0.027740365 
256 90 10 26 0.027482338 
965 606 6 18 0.027424105 
216 102 12 31 0.027364822 
540 269 10 30 0.027331907 
626 271 11 26 0.027317902 
87 292 16 36 0.027311279 
547 385 13 31 0.027301157 
589 299 15 30 0.027257632 
73 298 18 43 0.027243165 
446 280 147 208 0.027230028 
875 584 6 18 0.027132656 
770 362 8 24 0.027075067 
306 80 13 25 0.027036155 
876 -7 5 17 0.026935384 
526 670 7 22 0.026869513 
229 219 11 27 0.026845435 
216 79 10 24 0.026844095 
293 19 11 20 0.02679755 
878 671 6 14 0.026788445 
200 559 5 12 0.026781851 
262 44 9 22 0.026683303 
270 361 9 19 0.02661334 
243 70 14 32 0.026591187 
410 76 16 29 0.0265581 
940 613 5 13 0.026519876 
202 202 82 91 0.02641951 
887 308 8 28 0.02638012 
250 120 6 19 0.026326371 
928 664 4 10 0.02630527 
181 261 9 24 0.026295602 
919 295 11 27 0.026116427 
386 43 10 21 0.026063079 
781 373 9 30 0.026055126 
399 277 6 15 0.026010554 
604 19 9 21 0.026003404 
731 249 14 33 0.025919456 
409 540 8 20 0.0259053 
180 389 10 23 0.025858417 
569 34 9 18 0.025844766 
1005 417 5 16 0.025819654 
466 376 6 16 0.025795251 
803 360 12 28 0.025754109 
314 98 21 35 0.025737688 
257 104 9 27 0.025720356 
860 257 9 28 0.025700286 
551 298 12 24 0.02568602 
513 66 13 25 0.025653087 
1001 450 8 27 0.025489926 
603 270 10 27 0.025438817 
485 346 11 31 0.025402779 
743 263 14 35 0.02533058 
874 560 6 17 0.02522464 
71 135 102 88 0.025209393 
180 64 13 31 0.025169898 
838 21 6 17 0.025164004 
113 344 13 36 0.025129797 
318 78 14 27 0.025124002 
1009 316 12 35 0.025116 
758 386 10 30 0.025108092 
319 59 14 30 0.025075652 
191 512 201 166 0.025034843 
518 672 6 17 0.025028095 
755 266 11 30 0.02488149 
866 664 6 10 0.024862064 
460 41 11 23 0.024844943 
936 557 6 19 0.024820829 
370 315 13 22 0.024818774 
822 272 8 21 0.024801942 
565 360 10 23 0.024721075 
91 316 13 32 0.024710959 
549 268 11 32 0.02469665 
541 55 10 23 0.024682218 
576 376 13 25 0.024652878 
941 674 5 12 0.024630357 
120 35 7 17 0.024613604 
311 49 12 27 0.024495924 
401 249 8 19 0.024470411 
641 46 9 19 0.02442967 
529 570 6 17 0.024289165 
901 540 9 26 0.024255544 
713 282 16 41 0.024242124 
104 75 11 27 0.024238888 
857 44 8 20 0.024168398 
875 495 4 17 0.024154728 
886 595 6 16 0.024151547 
125 90 13 34 0.02413682 
796 258 8 24 0.024103329 
846 669 11 20 0.024092246 
999 347 8 28 0.024076829 
370 303 11 20 0.024030818 
873 568 6 18 0.024026258 
832 43 8 24 0.024014456 
414 438 8 19 0.024012785 
525 368 11 25 0.023894083 
427 452 6 22 0.023846513 
426 438 7 22 0.023831157 
863 -7 6 16 0.02382729 
424 66 177 160 0.023794873 
589 411 15 27 0.02378436 
476 336 9 27 0.023755942 
901 318 8 29 0.023732698 
888 -8 6 17 0.023679024 
398 94 14 26 0.023646746 
425 8 8 17 0.023635374 
580 611 5 12 0.023611657 
511 296 11 28 0.023593312 
552 622 6 15 0.023579448 
41 89 26 31 0.023576785 
608 132 99 77 0.023575818 
941 594 6 18 0.023525143 
422 58 12 20 0.023499308 
426 428 7 18 0.023493245 
192 255 12 31 0.023455579 
218 59 11 31 0.023448471 
1002 443 6 18 0.023390308 
542 629 8 21 0.023390211 
571 48 14 32 0.023382533 
885 368 232 350 0.023364661 
783 362 8 25 0.023356942 
676 282 13 35 0.023283025 
193 657 10 17 0.023267101 
454 367 6 15 0.02326433 
914 685 5 16 0.023186112 
308 315 9 17 0.023182392 
427 285 8 22 0.023118837 
166 63 14 32 0.023093332 
390 278 7 14 0.023078883 
252 149 5 15 0.023068938 
184 88 9 26 0.023064522 
569 375 8 21 0.023042161 
260 140 6 15 0.022991698 
155 74 11 27 0.022975143 
80 33 10 17 0.022888336 
397 313 9 21 0.022856215 
861 672 7 14 0.022845196 
861 248 8 21 0.022763738 
75 62 13 28 0.022761658 
858 425 8 24 0.022739286 
991 332 8 28 0.022722034 
1005 429 5 17 0.022701306 
259 119 7 21 0.022689862 
954 566 7 20 0.022651901 
861 546 5 17 0.022640806 
1014 49 9 14 0.022639794 
518 680 7 25 0.022618387 
541 580 6 22 0.022572888 
936 567 7 18 0.022544857 
252 139 5 14 0.022544632 
773 261 7 22 0.022543315 
945 298 10 29 0.022501186 
207 128 8 25 0.022447463 
514 342 12 30 0.02243232 
771 344 9 26 0.02237416 
234 20 7 16 0.02236569 
395 50 14 28 0.022332145 
291 555 14 24 0.022324827 
552 45 9 21 0.022307204 
591 290 10 20 0.022305565 
400 265 6 15 0.022303179 
411 287 7 19 0.022290986 
400 18 10 20 0.022284035 
875 18 7 19 0.022254288 
951 582 7 19 0.022247287 
325 21 8 17 0.022210509 
824 20 6 17 0.02220859 
854 558 4 19 0.022178838 
1016 621 8 19 0.022160307 
912 533 6 18 0.022143412 
169 35 10 18 0.022140075 
952 609 5 16 0.022118531 
859 463 7 23 0.0221122 
214 232 16 40 0.022083985 
310 32 10 21 0.022058856 
143 333 9 24 0.022046465 
411 313 7 18 0.021973316 
412 523 6 14 0.021921147 
886 678 7 22 0.02185949 
283 82 9 23 0.0218425 
666 284 15 35 0.021836713 
298 94 11 24 0.021718454 
427 300 7 18 0.021700557 
852 464 6 21 0.021685649 
165 123 14 43 0.021658398 
489 517 7 19 0.021656303 
586 423 17 30 0.021625578 
877 439 6 23 0.021572003 
783 301 11 35 0.021519484 
19 31 17 25 0.021457758 
374 43 11 20 0.021441013 
758 349 9 24 0.021386122 
359 290 12 18 0.021376232 
400 553 10 21 0.021345224 
899 609 7 16 0.021310432 
978 674 7 13 0.021287171 
883 250 10 20 0.021287004 
379 342 16 32 0.021260615 
272 91 9 24 0.021222636 
548 489 10 26 0.02120985 
780 333 10 28 0.02118103 
118 89 12 32 0.021164374 
890 335 5 22 0.02112823 
951 594 6 18 0.021106701 
184 336 9 22 0.02106852 
626 375 12 29 0.02106171 
411 468 8 22 0.021053696 
967 529 5 20 0.021035932 
501 296 10 28 0.021028921 
981 491 5 21 0.021024564 
194 326 9 22 0.021003632 
585 371 15 32 0.021002628 
901 -8 6 17 0.020990876 
563 299 10 21 0.020982686 
409 54 13 24 0.02097172 
878 650 6 12 0.020965781 
384 52 14 26 0.020947618 
773 285 8 26 0.020941725 
940 -6 5 16 0.020915685 
464 31 9 20 0.020787876 
275 22 7 15 0.020783616 
598 298 15 30 0.020757845 
861 271 8 26 0.0207568 
183 325 8 22 0.020746587 
954 653 4 9 0.020736959 
360 31 11 22 0.020696513 
499 344 13 34 0.020685215 
413 275 8 18 0.020627638 
357 105 12 27 0.020613067 
182 298 8 21 0.020552415 
214 205 5 11 0.020551803 
663 251 13 35 0.02051795 
426 273 9 21 0.020511912 
953 514 6 25 0.020489786 
522 381 12 35 0.02048966 
701 307 48 86 0.020480001 
811 274 8 21 0.020473521 
1012 242 12 31 0.020434821 
920 577 10 26 0.020414598 
385 32 10 20 0.020372601 
850 6 6 17 0.020358128 
925 699 7 19 0.020353485 
498 382 11 31 0.020336445 
618 271 10 25 0.02028839 
186 659 8 14 0.02028205 
226 253 14 37 0.020273766 
543 694 8 25 0.02021221 
853 495 4 16 0.020198857 
386 220 10 25 0.02011519 
370 89 17 39 0.020110417 
1001 15 10 22 0.020063668 
809 669 8 21 0.020063143 
476 30 9 22 0.020061312 
347 31 10 21 0.020055795 
208 560 7 11 0.020049095 
386 234 9 22 0.020039372 
248 162 7 17 0.02002505 
171 698 6 17 0.02001414 
248 106 8 22 0.020007152 
567 386 10 26 0.019974923 
850 532 4 18 0.019958246 
339 699 6 16 0.019949023 
692 240 15 42 0.019942487 
371 56 12 23 0.019936673 
906 261 12 22 0.01990942 
349 107 12 26 0.019898348 
129 323 9 25 0.019886512 
808 413 8 24 0.019883363 
927 -7 6 17 0.0198521 
262 35 7 16 0.019851862 
965 597 6 17 0.01983543 
183 698 7 18 0.01979793 
851 -7 5 16 0.019784493 
952 673 6 12 0.019764254 
773 443 6 17 0.019758748 
1002 388 6 25 0.019731335 
191 102 11 29 0.019712502 
863 22 6 15 0.01969856 
980 501 6 23 0.019696273 
527 692 9 30 0.019657247 
330 78 13 24 0.019603986 
283 94 10 22 0.019586615 
142 35 9 20 0.01957608 
530 580 6 20 0.019563079 
837 -7 6 16 0.019514956 
512 476 10 22 0.019511355 
1013 462 9 27 0.019509755 
389 265 6 16 0.019498289 
438 453 7 22 0.019472117 
908 314 11 35 0.019453319 
361 88 12 27 0.019395392 
885 463 7 26 0.019388337 
836 36 6 16 0.019381749 
771 234 7 22 0.01936843 
305 439 135 232 0.019357726 
613 53 12 27 0.019339278 
465 20 7 19 0.019334337 
837 5 6 19 0.019325173 
271 107 8 21 0.019313537 
531 621 6 15 0.019304862 
799 247 7 22 0.019291561 
923 308 8 24 0.019276084 
16 544 11 17 0.019264532 
192 313 9 23 0.019206474 
928 675 4 10 0.019201616 
1016 430 7 19 0.019201243 
875 449 7 25 0.019192543 
600 87 15 34 0.019177267 
478 375 7 19 0.019156799 
692 285 10 32 0.019135255 
882 66 11 25 0.01912662 
400 233 8 24 0.019098235 
875 592 7 20 0.01906648 
926 649 5 12 0.01901044 
603 287 10 21 0.01899914 
1004 401 5 19 0.018970037 
554 582 5 19 0.018958028 
541 473 9 23 0.018953271 
385 19 9 18 0.01890615 
426 490 9 24 0.018876515 
926 567 8 21 0.018870907 
757 661 8 12 0.018854996 
520 665 4 13 0.01884552 
914 -7 6 17 0.018842649 
786 249 6 20 0.018839147 
953 7 5 17 0.018824639 
509 321 15 32 0.018795798 
467 415 6 18 0.01877354 
553 694 8 24 0.018767089 
938 59 8 15 0.018764455 
195 160 7 22 0.018762045 
414 260 8 20 0.018730376 
205 241 13 32 0.018725995 
566 61 13 27 0.018720843 
850 521 4 18 0.018719153 
184 253 7 18 0.018709587 
342 242 14 30 0.018697316 
810 257 8 22 0.018688193 
208 143 8 24 0.018651567 
201 571 6 14 0.018641813 
926 638 5 13 0.01863423 
901 464 6 24 0.018631293 
518 142 120 98 0.018626237 
926 532 6 19 0.018619651 
795 271 8 23 0.018603686 
853 505 4 17 0.018555261 
891 493 5 18 0.018554715 
412 8 9 18 0.018536313 
439 8 8 20 0.01853388 
282 363 9 20 0.01853264 
231 55 16 36 0.018507648 
976 578 7 23 0.0185038 
534 334 20 37 0.018501326 
360 276 10 17 0.01850035 
200 550 5 12 0.01847921 
1016 661 7 14 0.018476974 
387 249 8 19 0.018463286 
184 650 8 14 0.018462524 
729 267 12 30 0.018457798 
600 425 13 26 0.018452987 
35 79 20 26 0.018451722 
914 624 5 13 0.018445473 
159 696 6 18 0.018438665 
1014 34 9 17 0.01843352 
210 161 6 17 0.01842872 
438 436 7 25 0.018423274 
466 6 6 18 0.018415922 
46 3 17 25 0.018408483 
772 426 8 23 0.018403906 
395 67 13 24 0.018364467 
471 323 11 27 0.018362273 
362 19 10 17 0.018347923 
976 541 6 20 0.018340457 
757 406 12 37 0.018338885 
329 95 14 22 0.018328935 
859 35 7 17 0.01832414 
521 67 13 26 0.018319976 
453 439 6 22 0.01831445 
980 666 4 9 0.018313404 
1014 345 10 32 0.01825969 
490 21 7 17 0.01825644 
349 44 9 19 0.018241435 
466 391 6 18 0.018240714 
425 503 9 25 0.018240616 
184 312 9 24 0.018231323 
863 519 4 17 0.018229648 
597 312 19 37 0.01821217 
496 49 19 35 0.01820603 
501 545 7 16 0.018205216 
974 172 39 91 0.018197903 
639 286 12 27 0.018180238 
909 577 11 24 0.01816322 
708 301 101 118 0.018149827 
653 309 48 97 0.018136086 
543 681 8 22 0.018116722 
742 385 12 32 0.01809395 
581 302 9 22 0.018069861 
914 502 7 23 0.018051045 
951 17 7 20 0.018041136 
196 697 7 19 0.018031256 
638 56 14 26 0.018020863 
501 34 9 17 0.017933428 
355 321 19 32 0.017914208 
386 316 9 19 0.017911507 
428 312 6 17 0.017906593 
453 299 9 23 0.017899765 
258 6 8 18 0.017898358 
246 406 9 16 0.017860664 
283 87 75 97 0.017836772 
466 336 9 22 0.017831078 
299 311 12 25 0.017822435 
90 33 10 18 0.017821752 
151 119 17 40 0.017820388 
490 508 6 17 0.017819306 
375 125 114 117 0.0178057 
542 596 6 17 0.01780142 
347 21 9 16 0.017792853 
966 543 6 19 0.017752672 
297 547 8 15 0.01773104 
552 631 7 18 0.01772107 
783 424 9 24 0.017717302 
927 60 8 15 0.017709596 
157 378 7 19 0.017706519 
532 597 5 14 0.01769933 
966 286 8 24 0.017696742 
426 467 7 20 0.017679824 
434 491 10 26 0.017668016 
412 427 9 17 0.01764635 
1000 295 11 38 0.01764591 
850 57 8 19 0.017626671 
373 279 8 15 0.017602181 
41 351 11 21 0.017599378 
786 231 8 23 0.01758567 
452 428 6 20 0.017572 
451 45 11 21 0.017568165 
511 98 20 40 0.017556943 
412 326 7 18 0.017555349 
598 401 15 29 0.017518952 
454 354 6 14 0.017477497 
544 431 6 16 0.017474255 
1004 648 6 14 0.017452706 
441 328 6 16 0.017404083 
925 33 9 19 0.017398866 
397 349 12 24 0.017392907 
248 170 8 20 0.017392233 
437 297 8 23 0.017388288 
243 34 9 18 0.017386055 
852 543 4 19 0.017356705 
355 190 13 32 0.017354371 
914 518 6 17 0.017324034 
478 360 10 24 0.017306767 
365 543 47 82 0.017284553 
569 621 6 14 0.017277364 
797 425 8 23 0.017268056 
413 357 7 15 0.017254846 
399 507 9 15 0.017234756 
207 570 8 14 0.017183382 
518 638 5 13 0.017154202 
211 701 5 14 0.017141711 
581 697 6 21 0.01713217 
747 61 8 18 0.01711676 
1003 662 5 12 0.017098911 
549 64 11 26 0.017071316 
145 684 7 18 0.0170624 
545 413 7 22 0.017057626 
835 495 5 17 0.017048864 
676 306 14 31 0.01703912 
835 68 7 21 0.016997911 
326 -14 910 822 0.016985284 
336 306 45 66 0.016983096 
643 247 13 25 0.016971488 
639 382 14 38 0.016969362 
222 191 5 13 0.016966276 
705 284 14 39 0.016940814 
930 557 5 19 0.016935922 
312 698 7 20 0.016898444 
574 94 19 40 0.016883114 
174 252 6 16 0.016856669 
1011 204 13 33 0.016856147 
415 365 9 18 0.01685354 
478 517 7 23 0.016847417 
691 263 12 33 0.01684717 
757 221 8 25 0.016841235 
20 85 22 33 0.016839309 
528 480 8 17 0.016837547 
1005 597 5 16 0.016822375 
1005 637 5 14 0.016817287 
235 134 6 18 0.016817091 
440 341 6 14 0.016812818 
519 491 7 20 0.016808989 
954 -5 5 15 0.016783586 
484 111 17 38 0.01677517 
528 281 9 25 0.01676971 
876 47 231 214 0.016765246 
617 427 10 25 0.016747052 
257 254 13 34 0.016721629 
1016 417 6 17 0.016721535 
321 669 12 21 0.016719483 
631 249 9 22 0.016712805 
875 4 6 20 0.01670277 
246 86 10 28 0.016696561 
959 553 8 25 0.016691824 
168 211 8 20 0.016681425 
938 34 8 17 0.0166704 
208 95 9 20 0.016649824 
549 473 10 26 0.016640764 
823 3 7 20 0.016622739 
834 78 9 24 0.016599203 
372 196 10 22 0.016596975 
927 597 7 17 0.01658571 
782 232 208 309 0.016564613 
586 327 15 35 0.016557237 
965 653 5 9 0.016500583 
344 217 11 27 0.01649601 
387 302 8 18 0.016486017 
132 681 8 23 0.0164856 
222 21 8 16 0.016481364 
40 335 12 22 0.01647784 
359 594 10 16 0.01646912 
176 265 5 16 0.016458979 
438 467 7 19 0.016455252 
434 92 13 26 0.016440693 
532 635 6 16 0.016437719 
25 329 190 304 0.016432693 
863 6 6 17 0.016426714 
372 290 9 15 0.016411413 
259 20 7 16 0.016386252 
220 129 8 25 0.016386239 
1015 402 7 20 0.016348798 
577 83 14 26 0.016335562 
877 543 6 16 0.016298609 
176 367 5 17 0.016294472 
593 633 6 16 0.016294045 
187 419 20 31 0.016289743 
359 45 11 18 0.016284732 
334 235 10 21 0.016263273 
941 6 5 17 0.016221877 
175 434 6 12 0.01621465 
900 60 7 15 0.016213372 
174 377 6 15 0.016208809 
771 248 7 21 0.016195143 
703 389 14 34 0.016190007 
132 15 9 21 0.01616093 
901 450 7 22 0.016159717 
233 95 8 20 0.016141744 
989 308 10 35 0.016124746 
1015 60 8 15 0.01612426 
564 437 9 24 0.01612184 
547 85 16 39 0.016095072 
452 7 7 20 0.01605324 
488 32 10 19 0.016046923 
434 40 12 20 0.016039062 
899 599 6 15 0.016030125 
500 321 13 31 0.01603011 
746 225 8 22 0.016011108 
326 697 7 19 0.01598908 
948 621 6 17 0.015983095 
773 220 7 22 0.01598192 
627 428 9 26 0.015966956 
171 442 8 15 0.015955707 
565 427 7 18 0.015950035 
374 263 8 17 0.015941735 
861 452 7 24 0.01593538 
670 673 6 16 0.015927581 
450 73 15 27 0.015912095 
169 222 8 19 0.015909953 
396 560 14 30 0.01590802 
466 88 17 37 0.015903644 
942 -175 70 65 0.015889859 
965 619 6 17 0.015886042 
415 455 6 19 0.015866106 
455 380 5 12 0.015858246 
437 481 8 20 0.015855359 
875 309 6 25 0.01585116 
13 556 17 19 0.015848603 
783 441 8 21 0.015832026 
570 601 5 13 0.015831046 
1014 386 8 27 0.015827004 
380 462 15 31 0.015812766 
951 529 6 22 0.015800422 
652 266 13 30 0.015790919 
929 610 5 14 0.015790548 
536 78 14 32 0.015788576 
910 551 8 25 0.015755983 
206 327 11 19 0.015753744 
991 665 5 10 0.015724987 
203 340 48 75 0.01571718 
1003 517 6 20 0.015691958 
220 146 8 21 0.01566925 
1006 624 4 13 0.0156647 
908 88 14 35 0.015657483 
539 571 8 19 0.015657226 
682 42 9 18 0.015657062 
213 192 5 12 0.01565145 
389 290 7 15 0.01562847 
745 69 11 20 0.015620535 
1013 18 9 21 0.015616329 
106 34 8 18 0.015612268 
181 20 9 17 0.015601162 
142 92 11 26 0.015601052 
440 314 7 18 0.015585988 
965 258 8 26 0.015573695 
407 485 12 28 0.015573181 
807 465 9 21 0.015571744 
566 269 11 27 0.0155654065 
235 162 7 16 0.015540862 
547 458 11 29 0.015534763 
196 173 7 18 0.015528246 
901 624 6 15 0.015516193 
873 56 13 22 0.015507978 
193 597 7 15 0.015496911 
566 696 8 22 0.015488744 
215 327 17 24 0.015484432 
15 644 12 23 0.015478638 
1003 495 5 15 0.015475006 
157 36 9 17 0.015474693 
453 452 7 22 0.015471316 
468 405 5 17 0.015445111 
386 453 9 17 0.015429361 
941 530 6 21 0.015411436 
36 319 13 28 0.015394066 
234 172 8 18 0.015386335 
640 273 10 23 0.0153854955 
874 247 7 19 0.015373568 
88 90 15 30 0.015367723 
941 516 6 24 0.015366459 
886 451 7 24 0.015351382 
191 398 14 30 0.015346321 
150 102 18 34 0.0153455585 
1003 33 9 17 0.01533971 
512 280 10 29 0.015326556 
210 548 5 11 0.015317246 
182 101 11 30 0.0153121045 
952 637 5 12 0.015295428 
528 47 9 18 0.01527267 
965 35 7 15 0.0152696585 
267 256 12 28 0.015268662 
209 229 13 29 0.015262848 
366 427 20 27 0.0152512 
879 521 5 17 0.015247349 
441 355 6 13 0.015241363 
831 452 8 20 0.015239804 
976 593 6 18 0.015234193 
614 411 11 26 0.015233228 
425 42 11 18 0.01519527 
950 34 7 16 0.015190868 
372 9 10 15 0.015176102 
928 48 8 16 0.015158381 
875 -15 5 15 0.015157455 
925 70 8 16 0.015143183 
172 241 6 15 0.015132916 
210 175 6 14 0.015119647 
436 283 9 25 0.015117617 
1003 507 5 16 0.01511103 
796 21 8 19 0.015071794 
204 265 13 32 0.015066067 
973 256 10 29 0.015055804 
599 371 14 30 0.01505487 
834 479 6 17 0.015050599 
618 247 9 26 0.015050191 
635 48 7 18 0.015035241 
947 288 8 21 0.015024427 
491 533 6 19 0.0150075415 
67 36 10 16 0.014992775 
566 489 6 20 0.0149876075 
657 46 7 17 0.0149661945 
554 684 9 20 0.014952212 
157 219 7 23 0.014951333 
386 445 9 14 0.014947983 
157 686 7 16 0.01493803 
727 442 16 23 0.014926438 
838 413 7 21 0.01490932 
351 702 6 13 0.014909249 
641 34 8 18 0.014882354 
77 331 13 30 0.014869425 
388 173 7 18 0.01486259 
129 351 10 25 0.014854456 
995 192 17 39 0.014850005 
221 160 7 18 0.014844349 
5 96 23 48 0.014829254 
743 283 16 36 0.014809906 
262 444 5 13 0.014808515 
478 7 7 17 0.014799931 
369 127 11 34 0.014764876 
1003 61 8 13 0.01476066 
197 189 6 14 0.014745149 
195 18 8 17 0.014741185 
863 534 4 15 0.014736829 
861 578 7 22 0.014714822 
1002 568 6 19 0.014693337 
833 467 7 19 0.014693199 
531 649 5 14 0.014686173 
890 609 6 16 0.01468289 
372 175 8 18 0.014663695 
888 -15 5 15 0.014661326 
192 390 9 23 0.014644404 
937 50 8 14 0.014640057 
824 -7 6 16 0.014629473 
124 -189 282 114 0.014621963 
961 565 7 24 0.014616975 
816 282 13 32 0.01461633 
389 549 8 14 0.014601077 
618 287 9 20 0.014599334 
487 385 11 28 0.014579331 
25 286 12 28 0.014560778 
593 612 5 12 0.014555538 
373 156 8 24 0.014550588 
12 76 20 32 0.01454341 
142 312 10 25 0.014536563 
1017 674 6 15 0.0145360725 
883 50 9 16 0.014528274 
566 416 7 21 0.014528062 
261 430 7 14 0.014519742 
900 -15 6 15 0.014517981 
272 432 6 12 0.014468454 
465 323 10 24 0.01446409 
928 542 5 17 0.014453489 
966 -5 5 14 0.014441478 
0 64 14 28 0.014434523 
208 104 11 27 0.014424474 
605 6 7 20 0.014395868 
963 17 8 20 0.014390213 
784 219 9 25 0.014385722 
707 376 11 26 0.014380395 
399 180 10 30 0.014376355 
242 190 82 92 0.014352375 
18 42 12 20 0.0143315075 
399 468 10 24 0.014330051 
539 282 82 87 0.014329202 
104 92 13 28 0.01432834 
977 50 10 14 0.014313196 
797 338 8 20 0.014310862 
720 237 9 21 0.014310196 
524 54 12 25 0.01430501 
298 303 10 15 0.014303674 
271 120 8 22 0.014294963 
1003 582 6 18 0.014288434 
157 235 6 20 0.014285902 
502 21 7 16 0.014283902 
359 261 10 19 0.014272212 
335 221 10 22 0.014262842 
152 248 145 245 0.014247967 
211 36 7 15 0.014226191 
821 477 8 21 0.014210524 
625 298 46 84 0.014200162 
235 150 6 16 0.014194703 
900 69 7 17 0.014191699 
200 409 15 28 0.014174485 
499 79 15 27 0.014158342 
797 668 8 21 0.014139533 
360 609 8 15 0.014114681 
998 241 12 35 0.014114489 
537 539 11 13 0.014112161 
594 573 5 14 0.014082881 
580 288 8 19 0.014079532 
186 587 6 14 0.014060653 
357 621 13 20 0.014050213 
884 440 7 20 0.014028754 
847 666 8 11 0.014019385 
679 324 13 25 0.014017717 
262 282 48 82 0.0140149025 
247 20 7 15 0.014009158 
797 234 8 22 0.013999704 
219 605 53 61 0.013989577 
352 77 33 69 0.013988991 
579 428 10 23 0.013984257 
980 651 5 11 0.013983994 
173 293 6 14 0.013982954 
527 298 9 23 0.013976278 
824 467 7 19 0.013971171 
1018 569 8 22 0.013962864 
714 392 13 30 0.013937331 
875 34 9 17 0.013936314 
244 354 10 15 0.013925468 
480 506 6 18 0.013918928 
913 72 7 14 0.013903616 
168 197 9 19 0.0139015615 
292 386 13 29 0.013898099 
1004 49 8 12 0.01387422 
566 662 8 15 0.013859607 
349 292 10 15 0.0138544785 
284 428 9 15 0.013852642 
285 9 8 15 0.013851307 
332 366 13 20 0.013850969 
157 388 7 19 0.01382024 
489 324 10 25 0.013819662 
144 694 8 23 0.013818402 
654 287 12 27 0.013802237 
595 698 5 20 0.013801509 
874 428 6 20 0.013791784 
1003 675 5 11 0.013780842 
886 3 7 21 0.013777692 
197 240 7 16 0.013775592 
373 221 10 22 0.01377536 
514 689 11 35 0.013771045 
896 251 12 19 0.013766533 
142 13 10 22 0.013752794 
369 111 13 34 0.013751423 
198 215 7 16 0.0137509005 
385 196 10 24 0.013740001 
141 288 9 18 0.013731494 
678 249 16 39 0.013696524 
340 377 14 24 0.013693554 
155 93 12 27 0.013690303 
582 602 4 12 0.01368653 
260 179 11 27 0.013686233 
976 18 8 19 0.013657813 
399 167 9 27 0.013654088 
811 21 6 17 0.013648257 
398 81 12 22 0.013633071 
1006 610 5 14 0.013612684 
181 428 13 21 0.013584174 
861 435 7 25 0.013575156 
357 171 12 28 0.013573649 
158 402 7 20 0.013554293 
928 625 4 12 0.013553886 
940 19 7 18 0.013545613 
940 544 5 18 0.013544408 
992 376 6 22 0.013532608 
886 637 7 14 0.013532518 
398 443 9 15 0.013528471 
479 389 8 20 0.013522578 
145 384 9 25 0.013519756 
477 402 9 22 0.013515177 
576 154 35 98 0.013503337 
383 587 17 26 0.013500876 
50 351 10 23 0.0134921195 
886 584 7 18 0.013490667 
352 596 8 15 0.013486783 
260 365 8 14 0.013475653 
373 235 9 20 0.01347351 
373 249 9 18 0.013472604 
965 7 5 17 0.013462753 
517 19 8 17 0.013451965 
1017 555 8 22 0.013448459 
593 623 6 13 0.013440402 
173 329 6 15 0.0134387845 
514 33 9 17 0.013432563 
926 519 5 19 0.013424679 
649 382 13 36 0.0134087615 
622 298 19 43 0.013408618 
1017 441 7 21 0.013408604 
176 142 90 101 0.013406189 
786 668 7 18 0.013404991 
635 33 7 17 0.013393889 
198 225 7 16 0.013370317 
542 35 7 16 0.013352308 
927 685 6 14 0.0133519955 
973 311 12 41 0.01335065 
194 302 7 19 0.013346341 
22 558 15 19 0.013341276 
990 17 9 20 0.013329035 
708 430 9 16 0.0133131305 
966 579 6 19 0.013312934 
706 411 11 24 0.013295659 
273 136 8 20 0.013290236 
519 504 7 16 0.013282334 
325 653 319 327 0.013277785 
388 157 7 22 0.013276406 
852 425 7 22 0.013262327 
986 50 10 14 0.013250823 
134 675 5 14 0.013250675 
771 322 9 24 0.013246535 
9 401 21 36 0.013232981 
206 402 10 20 0.013228528 
336 293 9 13 0.013216552 
591 64 13 27 0.013212437 
295 376 10 21 0.013192903 
669 44 8 17 0.013179793 
772 669 7 17 0.013168467 
10 371 21 37 0.013158531 
246 365 9 14 0.013155064 
1016 478 8 22 0.01315031 
691 309 12 25 0.013140623 
494 408 19 42 0.013140167 
974 59 12 15 0.013138856 
399 9 9 14 0.0131279165 
371 184 9 20 0.013108694 
-1 -205 147 195 0.013106665 
999 700 13 47 0.013097539 
186 241 5 13 0.013092836 
888 429 6 17 0.013083611 
330 348 14 22 0.013074797 
413 508 7 16 0.0130649675 
155 439 9 20 0.013058746 
111 126 17 33 0.013044274 
575 395 14 29 0.013040444 
579 681 8 22 0.013036261 
529 -189 290 115 0.013030108 
518 560 6 13 0.013026485 
6 -128 64 124 0.013025639 
910 450 8 22 0.013013806 
912 612 6 14 0.013011901 
127 131 12 24 0.013004286 
297 9 8 15 0.012997097 
634 20 7 17 0.012988223 
348 94 11 21 0.012970716 
273 146 10 21 0.012969948 
373 466 13 25 0.01296579 
283 532 9 13 0.012945357 
412 343 7 16 0.012923277 
31 252 75 88 0.012919731 
243 254 13 35 0.0129127465 
556 661 7 14 0.012907938 
464 508 7 21 0.012904562 
215 262 16 37 0.01289171 
59 76 17 27 0.012891212 
593 32 11 22 0.012889326 
316 312 41 56 0.012883042 
435 111 14 32 0.012876737 
964 61 11 15 0.012874585 
364 394 20 34 0.012859595 
274 445 4 11 0.012850687 
1001 371 8 29 0.01285064 
521 318 83 115 0.012847373 
221 174 7 16 0.012839308 
405 548 13 28 0.012834856 
348 272 10 19 0.012829238 
109 660 6 15 0.012828591 
529 33 9 17 0.0128234485 
825 453 8 20 0.012819669 
980 639 5 12 0.012818415 
173 339 6 15 0.012806346 
455 340 6 15 0.012805913 
665 261 109 94 0.012761772 
351 712 6 15 0.012748363 
859 57 9 20 0.012741619 
245 231 11 25 0.012730882 
875 49 9 17 0.012709633 
961 71 15 22 0.012695862 
556 36 7 13 0.012688108 
937 701 8 16 0.012651071 
120 672 6 20 0.012608305 
644 21 7 17 0.01260757 
1001 683 7 21 0.012607284 
887 572 6 15 0.01257783 
143 298 9 19 0.012577153 
1017 544 7 20 0.012575105 
1013 294 11 36 0.012553383 
914 33 8 18 0.012552585 
556 597 6 16 0.012551881 
181 152 11 32 0.012547704 
504 536 7 15 0.012534759 
409 176 13 40 0.012531271 
876 636 6 16 0.012530222 
1003 528 6 19 0.012526008 
990 492 5 18 0.012525708 
989 280 9 33 0.012520102 
321 178 79 105 0.012519996 
425 480 7 21 0.012518421 
132 376 9 23 0.012508605 
568 638 6 13 0.012500709 
242 279 12 36 0.012480994 
900 50 8 14 0.012478941 
372 456 11 16 0.012477314 
658 672 5 17 0.012476433 
925 20 7 20 0.012475364 
157 314 8 19 0.01247379 
48 -4 15 17 0.012461725 
465 350 8 18 0.012445621 
108 671 6 22 0.012442304 
986 58 9 14 0.012441689 
542 297 11 23 0.012439376 
232 198 8 18 0.012425998 
453 418 5 17 0.012421827 
178 399 46 63 0.012417994 
16 635 11 19 0.012414673 
157 675 7 13 0.012404516 
101 348 18 42 0.0124028055 
761 666 8 19 0.012402042 
914 62 7 13 0.012397218 
16 58 14 23 0.012393213 
12 283 14 37 0.012383891 
896 334 7 23 0.012382048 
116 288 9 20 0.01237106 
322 664 9 13 0.012370332 
545 148 37 87 0.012368002 
174 277 5 14 0.012361387 
350 607 9 19 0.012358909 
271 379 8 15 0.012340413 
615 32 9 21 0.012328027 
503 522 7 16 0.0123179415 
347 335 14 20 0.012311347 
183 213 7 17 0.012306762 
284 120 10 23 0.012300961 
193 283 10 26 0.012298569 
991 595 6 18 0.012285796 
361 9 9 14 0.012279856 
656 428 60 108 0.01223195 
797 7 7 16 0.0122255 
195 588 7 13 0.01221968 
271 8 7 15 0.012196086 
435 55 13 20 0.012190964 
388 556 9 17 0.012185704 
761 445 6 15 0.012184449 
442 193 169 183 0.012181883 
338 275 9 17 0.012176845 
694 395 9 27 0.012172608 
1011 264 13 41 0.012162663 
370 372 14 22 0.012156695 
745 373 10 24 0.012152148 
876 323 6 22 0.012140604 
924 501 7 26 0.012132725 
280 349 10 26 0.012130897 
38 298 12 25 0.012128372 
355 647 16 18 0.012126697 
734 226 7 19 0.012116321 
118 662 6 14 0.0121033555 
988 674 6 11 0.0121018225 
256 402 10 18 0.012092738 
16 566 23 27 0.012090721 
745 46 7 19 0.012088343 
40 34 12 18 0.012082529 
210 393 7 16 0.012063119 
884 18 8 21 0.0120573575 
272 546 7 10 0.012051537 
977 622 6 15 0.012044879 
992 360 6 24 0.0120427115 
371 545 12 19 0.012037392 
169 93 9 24 0.01203696 
529 17 9 19 0.01200622 
228 231 105 114 0.012003617 
769 449 10 24 0.011982024 
810 4 8 18 0.011978422 
805 352 11 20 0.011951679 
146 674 6 14 0.011943508 
978 479 5 21 0.011912338 
970 113 45 81 0.011905158 
991 389 6 23 0.011889563 
286 379 8 17 0.011888464 
755 69 9 18 0.011881213 
332 313 15 20 0.011873999 
255 278 13 37 0.011843602 
399 455 8 18 0.011827084 
888 541 7 18 0.0118062915 
157 326 7 18 0.011798184 
976 33 9 18 0.011794583 
974 607 6 18 0.011783617 
208 336 13 23 0.011769488 
386 185 9 20 0.011765429 
422 368 7 14 0.01174743 
824 413 7 22 0.01174729 
538 446 12 35 0.011739864 
569 22 7 15 0.011727709 
232 186 8 18 0.011723717 
39 10 17 24 0.011720329 
1002 556 6 18 0.011710877 
163 109 14 33 0.01170509 
278 593 16 20 0.011703413 
170 18 9 17 0.011697937 
998 263 13 42 0.01169711 
353 632 16 20 0.011695886 
834 106 9 29 0.011695716 
219 317 11 20 0.011684097 
182 348 9 20 0.011683381 
675 84 13 36 0.011678828 
85 641 325 342 0.011674838 
384 564 14 26 0.011674041 
282 263 10 18 0.011670888 
1016 530 7 21 0.011669839 
336 253 11 25 0.011663686 
669 661 6 12 0.0116506275 
528 560 6 13 0.011649914 
3 522 7 13 0.011636037 
1004 478 6 19 0.011635664 
617 299 11 26 0.011630489 
370 558 12 18 0.011629738 
258 390 10 16 0.011619552 
53 35 11 17 0.011610761 
228 340 15 19 0.011606833 
399 108 16 34 0.011604983 
910 702 10 35 0.011588964 
396 488 15 28 0.011585092 
464 441 8 22 0.011584677 
1015 518 7 21 0.011571395 
647 673 5 14 0.011567453 
594 685 5 20 0.011552218 
648 85 16 36 0.011551593 
324 280 7 13 0.011548011 
543 646 6 17 0.011517575 
696 414 8 18 0.011507542 
578 21 8 17 0.011501285 
526 326 13 23 0.011494726 
184 201 6 15 0.011483311 
976 681 8 16 0.011482033 
200 511 4 9 0.011473902 
247 180 10 25 0.011470911 
493 542 7 20 0.01145779 
250 459 4 11 0.011455111 
977 516 6 22 0.011452196 
987 580 8 22 0.011451085 
565 683 8 21 0.011450284 
541 314 12 21 0.011426965 
230 352 13 15 0.011413212 
266 231 14 27 0.011409638 
419 120 16 35 0.011407274 
583 621 5 14 0.011406294 
451 156 119 95 0.011403004 
191 665 12 26 0.0113941375 
310 307 8 12 0.011393167 
922 702 11 37 0.0113843875 
821 114 9 35 0.011353678 
306 260 11 17 0.011350436 
836 504 5 22 0.011349894 
184 187 7 15 0.011349541 
18 533 9 17 0.011344438 
1009 141 15 31 0.011338904 
269 271 10 25 0.011332282 
465 427 7 21 0.011305442 
118 16 9 19 0.011296662 
501 474 13 26 0.011293967 
990 504 5 19 0.011292088 
442 368 5 13 0.011291657 
309 21 9 16 0.011275107 
796 437 10 23 0.011265213 
80 76 11 25 0.011251933 
692 46 9 18 0.01123625 
548 106 16 40 0.011220011 
990 480 5 19 0.0112141445 
231 364 11 15 0.011202925 
445 110 15 36 0.011201384 
850 70 7 17 0.011199387 
231 278 14 37 0.011189664 
1000 69 10 19 0.011189036 
197 205 6 13 0.011185233 
67 349 12 24 0.011182708 
433 67 13 24 0.0111713335 
616 19 7 19 0.011171224 
617 158 33 101 0.0111568635 
392 586 19 29 0.011143824 
988 554 7 19 0.01113875 
463 453 9 23 0.011137029 
926 4 7 20 0.011126787 
170 688 7 15 0.011125108 
244 341 10 16 0.01112131 
653 56 12 23 0.011119365 
338 710 7 20 0.011114753 
439 415 6 20 0.011112064 
1 326 75 97 0.011103489 
837 426 7 20 0.011102831 
579 462 9 21 0.011102191 
397 205 12 33 0.011096136 
682 393 10 31 0.011083873 
811 43 9 24 0.011082283 
299 537 7 9 0.011082117 
453 312 8 20 0.011082096 
296 366 9 20 0.011082075 
297 697 9 23 0.011081363 
579 672 7 18 0.011080752 
834 442 7 17 0.01107167 
769 303 11 32 0.011069394 
733 669 9 17 0.011058948 
969 69 16 22 0.011058897 
573 158 116 103 0.011056737 
202 298 42 74 0.01105657 
793 32 11 23 0.011043804 
565 399 8 24 0.011040055 
1003 543 6 17 0.011034518 
701 363 32 72 0.011030729 
520 652 4 13 0.011024428 
652 67 13 27 0.011021271 
391 523 7 11 0.011012204 
602 356 14 29 0.011002794 
775 44 45 104 0.011002446 
794 321 10 22 0.0109997075 
282 259 103 95 0.010994873 
951 701 7 14 0.01099433 
153 367 8 18 0.010991897 
595 20 8 19 0.010989446 
564 37 36 67 0.010988061 
453 466 7 21 0.01098273 
565 668 9 19 0.010975746 
822 68 9 22 0.010972113 
809 56 9 23 0.01097084 
357 246 12 23 0.010953738 
1 48 10 16 0.010950134 
808 456 9 19 0.010946715 
960 66 46 77 0.010944351 
364 712 6 14 0.010943741 
860 292 9 31 0.01093248 
323 8 8 15 0.010927913 
744 669 8 17 0.010924001 
643 656 295 318 0.010906941 
670 35 7 15 0.010899484 
453 326 7 18 0.010898178 
325 293 7 12 0.010894406 
965 639 5 12 0.0108934 
719 283 37 69 0.010883992 
229 312 14 26 0.010879588 
989 742 37 105 0.010878935 
824 427 7 19 0.010878612 
939 683 7 15 0.010874385 
902 442 7 19 0.010872355 
914 48 7 14 0.010871755 
533 431 6 16 0.010870067 
9 -79 18 39 0.0108673815 
888 345 7 26 0.010860392 
132 298 8 20 0.010853428 
451 285 9 24 0.010851463 
332 394 13 25 0.01085003 
732 391 13 33 0.010847706 
637 354 33 87 0.010842182 
344 105 31 86 0.01084094 
487 83 13 23 0.010836957 
568 477 7 21 0.010834125 
324 365 9 16 0.010827311 
347 120 16 46 0.010822047 
997 223 14 34 0.010821929 
774 32 8 19 0.010816459 
568 465 7 20 0.010811265 
962 700 8 14 0.010792802 
209 320 8 15 0.010780091 
295 116 13 28 0.010778845 
228 327 15 22 0.01077815 
888 558 6 16 0.010777865 
234 431 7 13 0.010769292 
323 352 11 17 0.010764511 
286 547 7 12 0.010764451 
141 191 12 32 0.010762659 
212 537 5 10 0.0107574705 
569 585 5 15 0.010751015 
846 279 11 32 0.01073965 
343 168 15 30 0.010727569 
220 246 30 71 0.010726 
221 403 9 17 0.010708175 
53 338 8 19 0.010702843 
759 332 9 25 0.01068952 
247 426 8 15 0.010680781 
4 533 7 13 0.010655159 
641 358 12 26 0.010649592 
167 185 9 20 0.010648883 
384 110 15 35 0.010648812 
427 358 6 12 0.010630917 
616 349 14 26 0.010625844 
696 431 8 15 0.010615978 
393 109 30 85 0.010611031 
157 301 7 16 0.010608062 
358 217 12 25 0.0106035145 
375 609 8 14 0.010597353 
36 -5 16 17 0.010595213 
648 815 20 30 0.010585959 
683 414 8 21 0.010581755 
966 490 5 21 0.01058117 
660 298 20 43 0.010574783 
336 305 11 15 0.010572395 
226 608 20 23 0.010568744 
336 154 35 77 0.010565389 
502 506 7 16 0.010552511 
241 574 14 15 0.010552311 
298 295 9 13 0.010540701 
595 648 4 14 0.010540385 
321 561 12 15 0.010535864 
635 73 19 36 0.01052703 
564 129 17 32 0.010524953 
582 637 6 14 0.01052249 
876 609 6 18 0.010516456 
545 82 175 147 0.0105163995 
716 370 14 29 0.010512606 
253 414 11 18 0.010507498 
65 327 14 31 0.010504969 
678 374 115 120 0.010492527 
250 445 5 11 0.010488785 
661 815 20 30 0.010488408 
627 393 13 32 0.0104856575 
183 170 8 21 0.010483471 
260 343 7 14 0.0104776835 
821 88 10 28 0.010463792 
537 321 18 29 0.0104585895 
262 221 11 25 0.010441818 
159 291 6 14 0.010440376 
674 815 19 30 0.010421938 
55 92 24 30 0.010406636 
617 374 12 26 0.010401157 
564 90 12 29 0.0103821885 
899 81 9 20 0.01036308 
681 71 8 19 0.010360702 
500 678 10 29 0.010359548 
913 -15 5 15 0.010358004 
863 -14 5 14 0.0103535615 
532 -10 87 126 0.010351076 
977 553 7 22 0.01033588 
616 87 12 29 0.010328299 
5 575 31 36 0.010328182 
729 431 13 21 0.010321536 
636 815 19 30 0.010320031 
923 79 10 24 0.010319549 
16 22 11 17 0.010315633 
132 286 9 19 0.010308835 
794 285 8 25 0.010302002 
310 294 8 12 0.010298163 
977 333 8 29 0.01029446 
593 599 6 14 0.010293635 
577 445 12 28 0.01027552 
943 313 14 38 0.010272082 
336 10 8 14 0.010254737 
386 10 8 13 0.01025147 
529 387 82 112 0.010245851 
501 31 32 63 0.010242935 
939 503 6 24 0.010242075 
349 8 9 15 0.010230015 
465 493 7 18 0.010215772 
297 259 12 19 0.010214111 
452 480 6 18 0.010213276 
174 406 5 13 0.01021211 
512 392 12 37 0.01021185 
345 188 14 32 0.010210875 
668 70 9 20 0.010210577 
429 328 6 16 0.010203644 
15 607 13 18 0.01020233 
322 316 11 15 0.010198999 
4 636 8 16 0.010194677 
913 4 7 21 0.010193589 
989 698 9 21 0.010183606 
579 412 12 25 0.0101720495 
963 683 8 15 0.010171212 
937 68 8 17 0.010165608 
542 659 7 17 0.010154257 
691 326 12 22 0.010151257 
305 106 18 39 0.010151003 
680 431 11 17 0.01015084 
206 655 11 18 0.010148142 
555 649 6 14 0.010146313 
184 227 6 15 0.010141731 
726 294 18 35 0.010133765 
627 413 10 25 0.010124484 
3 656 9 22 0.010112955 
377 713 6 14 0.010111294 
362 571 9 15 0.0101068225 
586 106 18 37 0.010106412 
77 93 14 26 0.010098254 
1018 494 7 18 0.010088173 
474 67 10 22 0.010081906 
235 548 6 9 0.010077263 
808 69 10 22 0.010063706 
114 368 14 37 0.01006326 
311 278 8 15 0.010061066 
320 568 15 21 0.010044333 
595 586 5 13 0.010041555 
79 346 14 30 0.01003874 
379 412 17 24 0.010020324 
687 815 19 31 0.010012498 
660 35 6 15 0.010006119 
